ROI net sum

Spectrum                                    Si     P   Ar    Ni    Zn     Ga   Rh
---------------------------------------------------------------------------------
20230531_CVD_3076_60s_10x10ptsdet_1_0_0 129154 42775  261  1422   493 171330 8620
20230531_CVD_3076_60s_10x10ptsdet_1_0_1 129835 42833  280  1386   325 170778 8353
20230531_CVD_3076_60s_10x10ptsdet_1_0_2 128805 42722  281  1336   391 170656 8177
20230531_CVD_3076_60s_10x10ptsdet_1_0_3 129271 42820  268  1351   398 171355 8235
20230531_CVD_3076_60s_10x10ptsdet_1_0_4 129478 42496  322  1441   654 170706 7934
20230531_CVD_3076_60s_10x10ptsdet_1_0_5 129224 42465  270  1427   433 170464 8127
20230531_CVD_3076_60s_10x10ptsdet_1_0_6 130140 42258  279  1462   421 170742 7999
20230531_CVD_3076_60s_10x10ptsdet_1_0_7 129269 42373  280  1486   519 170031 7776
20230531_CVD_3076_60s_10x10ptsdet_1_0_8 130289 42806  267  1357   363 170302 8161
20230531_CVD_3076_60s_10x10ptsdet_1_0_9 130244 41956  266  1383   466 170940 8090
20230531_CVD_3076_60s_10x10ptsdet_1_1_0 130271 42674  244  1371   423 171208 8819
20230531_CVD_3076_60s_10x10ptsdet_1_1_1 129676 42501  278  1392   482 170979 8198
20230531_CVD_3076_60s_10x10ptsdet_1_1_2 130100 42740  267  1309   254 171432 8225
20230531_CVD_3076_60s_10x10ptsdet_1_1_3 129504 42696  278  1413   506 171043 8350
20230531_CVD_3076_60s_10x10ptsdet_1_1_4 130128 42373  235  1353   275 170611 8003
20230531_CVD_3076_60s_10x10ptsdet_1_1_5 130025 42566  246  1334   295 170786 7936
20230531_CVD_3076_60s_10x10ptsdet_1_1_6 129719 42670  266  1312   449 170877 8320
20230531_CVD_3076_60s_10x10ptsdet_1_1_7 130213 42226  258  1382   481 170404 8187
20230531_CVD_3076_60s_10x10ptsdet_1_1_8 130360 42243  278  1299   365 170729 8098
20230531_CVD_3076_60s_10x10ptsdet_1_1_9 130110 42338  255  1374   406 171550 8187
20230531_CVD_3076_60s_10x10ptsdet_1_2_0 129277 42421  244  1335   454 170794 9015
20230531_CVD_3076_60s_10x10ptsdet_1_2_1 129684 42546  312  1291   326 171395 8480
20230531_CVD_3076_60s_10x10ptsdet_1_2_2 130194 42497  243  1355   348 171643 8036
20230531_CVD_3076_60s_10x10ptsdet_1_2_3 130307 42415  261  1322   424 171299 8313
20230531_CVD_3076_60s_10x10ptsdet_1_2_4 129301 42676  307  1397   433 171740 8069
20230531_CVD_3076_60s_10x10ptsdet_1_2_5 130532 42626  275  1353   341 171473 8443
20230531_CVD_3076_60s_10x10ptsdet_1_2_6 129780 42832  280  1272   337 171051 7926
20230531_CVD_3076_60s_10x10ptsdet_1_2_7 130082 42834  290  1446   505 171143 8098
20230531_CVD_3076_60s_10x10ptsdet_1_2_8 130355 42701  277  1344   415 170684 7996
20230531_CVD_3076_60s_10x10ptsdet_1_2_9 130151 42287  257  1349   431 170619 8266
20230531_CVD_3076_60s_10x10ptsdet_1_3_0 129716 42619  251  1422   463 170788 8738
20230531_CVD_3076_60s_10x10ptsdet_1_3_1 129176 42660  278  1391   457 171444 8201
20230531_CVD_3076_60s_10x10ptsdet_1_3_2 129766 42761  258  1257   298 172233 8374
20230531_CVD_3076_60s_10x10ptsdet_1_3_3 130580 42295  257  1387   344 172052 8201
20230531_CVD_3076_60s_10x10ptsdet_1_3_4 129977 42665  247  1236   431 171597 8036
20230531_CVD_3076_60s_10x10ptsdet_1_3_5 129257 42657  302  1415   436 171578 7833
20230531_CVD_3076_60s_10x10ptsdet_1_3_6 130169 42428  233  1371   393 171631 8093
20230531_CVD_3076_60s_10x10ptsdet_1_3_7 130107 42380  285  1292   344 171032 8365
20230531_CVD_3076_60s_10x10ptsdet_1_3_8 130744 42510  262  1440   469 171541 8383
20230531_CVD_3076_60s_10x10ptsdet_1_3_9 130795 42553  242  1462   421 171606 8262
20230531_CVD_3076_60s_10x10ptsdet_1_4_0 129547 42518  260  1368   491 171917 8813
20230531_CVD_3076_60s_10x10ptsdet_1_4_1 129655 42900  275  1460   368 172479 8401
20230531_CVD_3076_60s_10x10ptsdet_1_4_2 129816 42996  258  1341   445 172661 8402
20230531_CVD_3076_60s_10x10ptsdet_1_4_3 130630 42759  295  1296   408 172519 8111
20230531_CVD_3076_60s_10x10ptsdet_1_4_4 130194 42858  258  1373   272 171743 8156
20230531_CVD_3076_60s_10x10ptsdet_1_4_5 129898 42906  304  1362   430 171871 7962
20230531_CVD_3076_60s_10x10ptsdet_1_4_6 130039 42294  245  1448   464 171622 8187
20230531_CVD_3076_60s_10x10ptsdet_1_4_7 130103 42565  267  1343   444 172082 8022
20230531_CVD_3076_60s_10x10ptsdet_1_4_8 129773 42455  253  1294   347 171209 8260
20230531_CVD_3076_60s_10x10ptsdet_1_4_9 129883 42558  246  1411   321 170317 8045
20230531_CVD_3076_60s_10x10ptsdet_1_5_0 129544 42504  333  1368   364 171739 8949
20230531_CVD_3076_60s_10x10ptsdet_1_5_1 129600 42498  295  1390   537 172170 8587
20230531_CVD_3076_60s_10x10ptsdet_1_5_2 130003 42807  265  1565   391 172098 8353
20230531_CVD_3076_60s_10x10ptsdet_1_5_3 129835 42574  255  1335   366 171927 8105
20230531_CVD_3076_60s_10x10ptsdet_1_5_4 130104 42783  270  1303   460 171765 8127
20230531_CVD_3076_60s_10x10ptsdet_1_5_5 130312 42413  254  1370   400 171576 8207
20230531_CVD_3076_60s_10x10ptsdet_1_5_6 129892 42534  269  1313   541 172840 8214
20230531_CVD_3076_60s_10x10ptsdet_1_5_7 130897 42752  299  1418   497 172220 8122
20230531_CVD_3076_60s_10x10ptsdet_1_5_8 130276 42407  249  1455   385 171521 8091
20230531_CVD_3076_60s_10x10ptsdet_1_5_9 128812 42057  253  1352   452 169346 8127
20230531_CVD_3076_60s_10x10ptsdet_1_6_0 129346 42887  288  1434   328 171689 9123
20230531_CVD_3076_60s_10x10ptsdet_1_6_1 129458 42505  288  1310   288 170774 8604
20230531_CVD_3076_60s_10x10ptsdet_1_6_2 129064 42604  271  1414   383 172076 7935
20230531_CVD_3076_60s_10x10ptsdet_1_6_3 129856 42569  224  1299   404 171475 8273
20230531_CVD_3076_60s_10x10ptsdet_1_6_4 130217 42344  279  1354   437 170883 8138
20230531_CVD_3076_60s_10x10ptsdet_1_6_5 129293 42360  280  1335   438 171611 7966
20230531_CVD_3076_60s_10x10ptsdet_1_6_6 129477 42746  284  1441   319 171110 8137
20230531_CVD_3076_60s_10x10ptsdet_1_6_7 129538 42309  236  1429   295 170504 8257
20230531_CVD_3076_60s_10x10ptsdet_1_6_8 130145 42665  335  1316   433 171700 8073
20230531_CVD_3076_60s_10x10ptsdet_1_6_9 129979 42700  268  1344   451 171863 8094
20230531_CVD_3076_60s_10x10ptsdet_1_7_0 129282 42464  280  1416   324 171343 8936
20230531_CVD_3076_60s_10x10ptsdet_1_7_1 129612 42641  276  1216   483 170886 8262
20230531_CVD_3076_60s_10x10ptsdet_1_7_2 128449 42798  262  1354   370 170207 8158
20230531_CVD_3076_60s_10x10ptsdet_1_7_3 129593 42679  245  1347   448 171465 8037
20230531_CVD_3076_60s_10x10ptsdet_1_7_4 129076 42862  276  1395   312 171724 8102
20230531_CVD_3076_60s_10x10ptsdet_1_7_5 129702 42628  253  1334   445 171096 8054
20230531_CVD_3076_60s_10x10ptsdet_1_7_6 129821 43070  288  1344   309 171635 8271
20230531_CVD_3076_60s_10x10ptsdet_1_7_7 130739 42628  251  1264   342 171349 8232
20230531_CVD_3076_60s_10x10ptsdet_1_7_8 130299 43061  266  1330   464 171943 8231
20230531_CVD_3076_60s_10x10ptsdet_1_7_9 130718 42515  259  1404   458 171317 8069
20230531_CVD_3076_60s_10x10ptsdet_1_8_0 129029 42590  265  1436   329 172306 8971
20230531_CVD_3076_60s_10x10ptsdet_1_8_1 129131 42736  272  1530   521 171580 8631
20230531_CVD_3076_60s_10x10ptsdet_1_8_2 129553 42637  298  1325   382 171704 8336
20230531_CVD_3076_60s_10x10ptsdet_1_8_3 129175 42677  279  1359   354 172696 8099
20230531_CVD_3076_60s_10x10ptsdet_1_8_4 129947 42585  271  1358   295 172479 8129
20230531_CVD_3076_60s_10x10ptsdet_1_8_5 129896 42985  279  1482   560 171796 8032
20230531_CVD_3076_60s_10x10ptsdet_1_8_6 130421 42781  284  1422   317 171368 8260
20230531_CVD_3076_60s_10x10ptsdet_1_8_7 129873 42747  273  1318   312 171986 8198
20230531_CVD_3076_60s_10x10ptsdet_1_8_8 129321 42607  269  1329   511 172089 8212
20230531_CVD_3076_60s_10x10ptsdet_1_8_9 130146 42894  299  1303   359 171666 8498
20230531_CVD_3076_60s_10x10ptsdet_1_9_0 129293 42383  329  1314   350 171258 9150
20230531_CVD_3076_60s_10x10ptsdet_1_9_1 128896 42719  287  1372   304 171609 8531
20230531_CVD_3076_60s_10x10ptsdet_1_9_2 128991 42822  276  1346   339 172200 8166
20230531_CVD_3076_60s_10x10ptsdet_1_9_3 129201 42692  241  1357   447 172360 8220
20230531_CVD_3076_60s_10x10ptsdet_1_9_4 129475 42654  262  1335   470 172331 8508
20230531_CVD_3076_60s_10x10ptsdet_1_9_5 129026 42645  274  1402   433 172322 8180
20230531_CVD_3076_60s_10x10ptsdet_1_9_6 129047 42635  248  1292   334 172740 8079
20230531_CVD_3076_60s_10x10ptsdet_1_9_7 129212 42846  285  1367   467 172722 8459
20230531_CVD_3076_60s_10x10ptsdet_1_9_8 129445 42726  291  1440   625 172864 8478
20230531_CVD_3076_60s_10x10ptsdet_1_9_9 129434 42820  259  1381   332 172190 8352
20230531_CVD_3076_60s_10x10ptsdet_2_0_0 136126 42889  262  2604   461 175632 9897
20230531_CVD_3076_60s_10x10ptsdet_2_0_1 136285 42393  232  2468   628 176100 9842
20230531_CVD_3076_60s_10x10ptsdet_2_0_2 134684 42521  285  2414   447 174592 9968
20230531_CVD_3076_60s_10x10ptsdet_2_0_3 135636 42504  282  2571   464 174549 9940
20230531_CVD_3076_60s_10x10ptsdet_2_0_4 135415 42778  241  2543   470 174081 9822
20230531_CVD_3076_60s_10x10ptsdet_2_0_5 135971 42461  234  2492   275 174799 9785
20230531_CVD_3076_60s_10x10ptsdet_2_0_6 136591 42620  259  2463   574 173786 9890
20230531_CVD_3076_60s_10x10ptsdet_2_0_7 135619 42256  243  2570   371 174311 9726
20230531_CVD_3076_60s_10x10ptsdet_2_0_8 136038 42470  287  2427   454 174116 9815
20230531_CVD_3076_60s_10x10ptsdet_2_0_9 136609 42484  253  2459   346 174658 9990
20230531_CVD_3076_60s_10x10ptsdet_2_1_0 135649 42976  267  2417   371 174786 9611
20230531_CVD_3076_60s_10x10ptsdet_2_1_1 136035 42779  279  2412   469 175409 9270
20230531_CVD_3076_60s_10x10ptsdet_2_1_2 136376 42659  263  2593   547 175549 9765
20230531_CVD_3076_60s_10x10ptsdet_2_1_3 136127 43026  244  2452   449 175405 9522
20230531_CVD_3076_60s_10x10ptsdet_2_1_4 136592 42913  281  2557   371 175622 9389
20230531_CVD_3076_60s_10x10ptsdet_2_1_5 136929 42663  242  2530   386 174759 9447
20230531_CVD_3076_60s_10x10ptsdet_2_1_6 135684 42358  272  2415   378 174736 9357
20230531_CVD_3076_60s_10x10ptsdet_2_1_7 137075 42402  260  2570   390 175220 9430
20230531_CVD_3076_60s_10x10ptsdet_2_1_8 136612 42746  305  2543   372 174110 9560
20230531_CVD_3076_60s_10x10ptsdet_2_1_9 135412 42036  231  2468   403 173363 9307
20230531_CVD_3076_60s_10x10ptsdet_2_2_0 135821 42895  279  2587   384 176428 9659
20230531_CVD_3076_60s_10x10ptsdet_2_2_1 135596 42519  288  2381   338 175541 9439
20230531_CVD_3076_60s_10x10ptsdet_2_2_2 136228 42981  286  2473   302 176244 9177
20230531_CVD_3076_60s_10x10ptsdet_2_2_3 136614 42877  230  2544   424 175836 9285
20230531_CVD_3076_60s_10x10ptsdet_2_2_4 136074 42653  247  2405   554 175765 9121
20230531_CVD_3076_60s_10x10ptsdet_2_2_5 136092 42470  305  2627   550 175876 9331
20230531_CVD_3076_60s_10x10ptsdet_2_2_6 135917 42992  309  2471   281 175363 9061
20230531_CVD_3076_60s_10x10ptsdet_2_2_7 136665 42903  284  2526   345 176130 9042
20230531_CVD_3076_60s_10x10ptsdet_2_2_8 136495 42670  292  2560   442 175030 9184
20230531_CVD_3076_60s_10x10ptsdet_2_2_9 136691 42537  289  2367   377 174012 9106
20230531_CVD_3076_60s_10x10ptsdet_2_3_0 135524 43095  282  2491   488 175232 9272
20230531_CVD_3076_60s_10x10ptsdet_2_3_1 136449 42680  257  2360   321 176019 9231
20230531_CVD_3076_60s_10x10ptsdet_2_3_2 136235 42827  310  2477   487 175640 9422
20230531_CVD_3076_60s_10x10ptsdet_2_3_3 135769 42750  254  2444   370 176126 9423
20230531_CVD_3076_60s_10x10ptsdet_2_3_4 136549 42919  270  2451   423 176064 9110
20230531_CVD_3076_60s_10x10ptsdet_2_3_5 136693 43115  270  2490   488 176202 9272
20230531_CVD_3076_60s_10x10ptsdet_2_3_6 137063 42806  286  2432   368 175481 9073
20230531_CVD_3076_60s_10x10ptsdet_2_3_7 137105 42945  258  2475   376 175762 9214
20230531_CVD_3076_60s_10x10ptsdet_2_3_8 137476 42679  317  2526   431 175657 9504
20230531_CVD_3076_60s_10x10ptsdet_2_3_9 137496 42389  255  2548   369 175436 9421
20230531_CVD_3076_60s_10x10ptsdet_2_4_0 136238 42816  312  2525   402 176087 9551
20230531_CVD_3076_60s_10x10ptsdet_2_4_1 136033 43172  274  2596   611 176526 9529
20230531_CVD_3076_60s_10x10ptsdet_2_4_2 136376 42906  305  2533   484 176589 8904
20230531_CVD_3076_60s_10x10ptsdet_2_4_3 136860 42883  291  2378   376 175904 9418
20230531_CVD_3076_60s_10x10ptsdet_2_4_4 135827 42370  262  2605   390 176257 9086
20230531_CVD_3076_60s_10x10ptsdet_2_4_5 136479 42870  269  2464   433 175725 9157
20230531_CVD_3076_60s_10x10ptsdet_2_4_6 136527 42760  244  2595   524 175545 9271
20230531_CVD_3076_60s_10x10ptsdet_2_4_7 137778 42636  228  2510   414 175952 9148
20230531_CVD_3076_60s_10x10ptsdet_2_4_8 137073 42729  281  2578   339 175583 9413
20230531_CVD_3076_60s_10x10ptsdet_2_4_9 137204 42517  273  2489   470 174806 9254
20230531_CVD_3076_60s_10x10ptsdet_2_5_0 135702 43011  241  2604   428 176460 9705
20230531_CVD_3076_60s_10x10ptsdet_2_5_1 136912 42607  267  2425   409 176369 9504
20230531_CVD_3076_60s_10x10ptsdet_2_5_2 135974 42695  263  2487   397 176573 9085
20230531_CVD_3076_60s_10x10ptsdet_2_5_3 135952 43072  289  2431   278 175386 9072
20230531_CVD_3076_60s_10x10ptsdet_2_5_4 136257 42822  263  2511   408 175722 9378
20230531_CVD_3076_60s_10x10ptsdet_2_5_5 136292 42942  272  2513   377 175235 9143
20230531_CVD_3076_60s_10x10ptsdet_2_5_6 137133 43285  253  2528   418 175920 9126
20230531_CVD_3076_60s_10x10ptsdet_2_5_7 136883 43095  230  2517   393 175683 9184
20230531_CVD_3076_60s_10x10ptsdet_2_5_8 136054 42278  272  2473   424 174478 9221
20230531_CVD_3076_60s_10x10ptsdet_2_5_9 136425 42521  277  2481   410 175483 9355
20230531_CVD_3076_60s_10x10ptsdet_2_6_0 135431 42758  271  2579   358 175895 9473
20230531_CVD_3076_60s_10x10ptsdet_2_6_1 135623 43029  259  2575   382 175962 9169
20230531_CVD_3076_60s_10x10ptsdet_2_6_2 135935 43105  319  2562   414 175206 9382
20230531_CVD_3076_60s_10x10ptsdet_2_6_3 135353 42735  303  2406   343 176650 9004
20230531_CVD_3076_60s_10x10ptsdet_2_6_4 136167 42920  305  2506   431 175578 9127
20230531_CVD_3076_60s_10x10ptsdet_2_6_5 135437 42672  237  2356   354 175050 9292
20230531_CVD_3076_60s_10x10ptsdet_2_6_6 135636 42052  251  2571   485 175289 9001
20230531_CVD_3076_60s_10x10ptsdet_2_6_7 136569 42979  325  2526   454 174778 9104
20230531_CVD_3076_60s_10x10ptsdet_2_6_8 136385 42948  263  2320   423 175274 9239
20230531_CVD_3076_60s_10x10ptsdet_2_6_9 136484 43018  273  2444   361 175866 9024
20230531_CVD_3076_60s_10x10ptsdet_2_7_0 135468 43155  294  2639   570 175482 9873
20230531_CVD_3076_60s_10x10ptsdet_2_7_1 135495 42732  327  2646   577 174032 8906
20230531_CVD_3076_60s_10x10ptsdet_2_7_2 136296 42746  269  2451   458 175413 9161
20230531_CVD_3076_60s_10x10ptsdet_2_7_3 136526 42859  273  2472   348 176811 9119
20230531_CVD_3076_60s_10x10ptsdet_2_7_4 136233 43363  283  2534   371 176041 8858
20230531_CVD_3076_60s_10x10ptsdet_2_7_5 135880 43177  291  2571   296 175205 9297
20230531_CVD_3076_60s_10x10ptsdet_2_7_6 136484 43003  241  2526   411 174857 9124
20230531_CVD_3076_60s_10x10ptsdet_2_7_7 136208 43015  323  2613   398 175013 9107
20230531_CVD_3076_60s_10x10ptsdet_2_7_8 136276 43194  258  2562   337 175554 9135
20230531_CVD_3076_60s_10x10ptsdet_2_7_9 136164 42632  323  2546   484 175495 9237
20230531_CVD_3076_60s_10x10ptsdet_2_8_0 135858 43080  300  2699   365 175451 9645
20230531_CVD_3076_60s_10x10ptsdet_2_8_1 136326 42737  251  2518   348 176781 9379
20230531_CVD_3076_60s_10x10ptsdet_2_8_2 134634 43030  308  2651   347 176232 9195
20230531_CVD_3076_60s_10x10ptsdet_2_8_3 135629 43058  247  2558   627 176333 9125
20230531_CVD_3076_60s_10x10ptsdet_2_8_4 135793 42843  255  2444   309 175871 9127
20230531_CVD_3076_60s_10x10ptsdet_2_8_5 135777 43001  232  2452   406 176110 9083
20230531_CVD_3076_60s_10x10ptsdet_2_8_6 136397 42892  285  2438   484 175160 9312
20230531_CVD_3076_60s_10x10ptsdet_2_8_7 135683 42945  269  2637   398 176497 9215
20230531_CVD_3076_60s_10x10ptsdet_2_8_8 136092 42828  244  2524   477 175630 9063
20230531_CVD_3076_60s_10x10ptsdet_2_8_9 136449 43243  241  2561   314 175238 9099
20230531_CVD_3076_60s_10x10ptsdet_2_9_0 135541 43070  262  2565   451 175573 9742
20230531_CVD_3076_60s_10x10ptsdet_2_9_1 135173 43177  275  2496   220 175175 9111
20230531_CVD_3076_60s_10x10ptsdet_2_9_2 135544 42738  265  2591   373 176047 9087
20230531_CVD_3076_60s_10x10ptsdet_2_9_3 134798 42630  271  2569   503 176527 9216
20230531_CVD_3076_60s_10x10ptsdet_2_9_4 134965 43190  306  2452   342 176648 9210
20230531_CVD_3076_60s_10x10ptsdet_2_9_5 135733 43022  296  2564   386 177073 9341
20230531_CVD_3076_60s_10x10ptsdet_2_9_6 135899 42915  248  2510   409 176552 9244
20230531_CVD_3076_60s_10x10ptsdet_2_9_7 135634 43093  291  2444   446 176370 9276
20230531_CVD_3076_60s_10x10ptsdet_2_9_8 135391 43124  255  2445   450 177162 9115
20230531_CVD_3076_60s_10x10ptsdet_2_9_9 136698 43357  299  2364   391 175805 9387


Mean value:                             132954 42715  272  1938   410 173531 8797
Std. Abw.:                                3243   262   23   575    77   2170  597
Std. Abw. rel. [%]:                       2.44  0.61 8.53 29.67 18.89   1.25 6.78
Conf. interval:                            229    19    2    41     5    153   42
