0
0
0
0
0
0
0
0
0
0
0
0
0
0
0
0
0
0
0
0
0
0
0
0
0
0
0
0
0
0
0
0
0
0
0
0
0
0
0
0
0
0
0
0
0
0
0
0
0
0
0
0
0
0
0
0
0
0
0
0
0
1
0
1
0
0
3
0
2
2
1
1
2
4
2
1
2
4
4
1
5
7
7
37
96
361
865
2255
4738
9493
17309
27521
41125
54331
66315
73085
73258
66486
54699
41471
28120
17476
9972
5028
2325
959
378
118
44
18
3
3
2
4
2
3
0
0
0
1
0
1
0
1
1
1
0
0
0
0
0
1
50
69
58
71
60
48
59
43
67
39
46
46
47
51
41
50
41
52
48
53
50
34
45
40
44
50
44
44
43
31
32
45
49
44
46
47
52
34
36
37
44
43
41
42
58
41
47
31
39
44
47
32
38
37
43
41
43
45
57
56
58
50
51
47
53
52
62
50
72
55
67
88
83
102
94
111
99
91
100
93
98
76
66
59
65
52
56
57
47
37
48
39
39
42
38
62
58
44
51
54
53
54
78
79
71
74
84
72
99
98
100
118
129
135
124
139
155
165
158
169
221
242
264
344
465
523
870
1365
2199
3514
5411
8033
11550
15704
20567
24678
28820
31852
33234
32656
30598
27228
22948
18369
14097
10416
7401
5343
3865
2728
2054
1402
1119
815
589
411
336
277
265
247
307
359
417
504
542
572
553
498
443
399
329
276
206
164
132
95
62
74
58
40
44
39
14
22
23
18
16
14
17
12
8
6
9
9
6
13
12
13
6
6
8
6
9
9
8
6
11
8
2
10
10
10
9
8
15
8
10
9
7
10
5
10
13
12
8
14
14
14
14
16
23
20
23
28
34
28
28
28
32
30
26
26
27
19
26
15
17
29
19
19
21
24
19
23
16
25
19
19
20
17
18
23
18
22
19
20
13
8
11
5
9
8
9
7
6
9
6
5
8
5
7
8
6
3
5
8
5
6
9
8
2
5
7
4
6
6
8
5
6
8
4
11
9
15
5
19
19
11
17
30
28
25
29
31
23
28
18
28
14
19
17
13
16
5
11
8
12
8
10
8
11
7
12
15
10
12
13
10
11
13
9
9
6
6
11
7
5
5
12
7
2
7
6
7
7
10
5
6
5
5
7
6
5
11
6
5
10
7
4
6
4
5
6
2
7
8
7
12
11
7
8
4
5
7
8
4
8
3
3
4
6
4
5
3
7
6
3
6
1
2
6
7
6
7
4
7
4
4
5
6
4
10
10
4
3
6
6
6
8
3
11
7
8
6
11
7
9
5
8
9
6
7
6
7
8
6
3
7
15
6
7
9
7
6
6
5
6
10
10
6
6
9
7
11
5
7
4
12
12
9
6
4
2
15
8
6
10
4
8
8
11
4
2
6
13
10
7
13
7
8
6
8
10
10
11
15
10
10
10
14
8
10
10
4
11
7
15
14
12
7
7
5
14
17
8
17
16
9
15
9
11
4
13
13
10
5
12
15
5
11
14
18
11
12
16
11
21
13
14
17
10
11
14
17
16
8
11
19
18
11
10
15
23
7
9
13
28
13
15
10
11
18
13
14
10
10
13
20
10
15
29
14
27
20
31
24
13
24
15
13
25
17
16
21
19
15
23
18
16
13
26
9
21
22
25
16
22
22
33
19
27
22
29
30
19
23
21
24
21
29
21
27
36
17
24
31
28
20
30
32
28
16
19
22
19
29
22
26
31
20
23
22
27
33
37
35
27
27
20
34
30
34
29
23
32
29
31
19
33
40
33
42
38
33
30
35
30
37
38
43
44
41
35
40
36
38
47
41
55
31
36
33
42
51
49
52
47
45
51
49
41
56
51
56
53
59
53
48
60
60
60
50
72
59
49
66
63
64
77
70
67
67
62
76
73
69
66
65
73
63
63
79
88
78
76
66
93
97
82
90
106
88
83
82
120
93
76
97
87
98
67
70
82
85
74
99
68
72
75
80
83
63
74
75
67
72
71
76
75
66
72
71
66
75
68
60
72
72
66
74
77
73
60
78
73
65
75
68
75
80
73
63
83
64
61
61
88
65
76
83
74
67
66
72
70
57
80
75
72
77
69
64
92
82
68
66
66
73
69
73
66
84
73
80
74
51
73
80
82
65
67
82
78
62
64
63
66
60
76
54
66
72
83
59
56
64
76
69
83
68
66
81
77
67
67
68
67
65
57
84
80
84
82
75
65
82
80
75
82
58
72
57
81
76
70
92
73
85
79
79
80
84
93
80
74
79
84
89
82
86
83
107
86
81
100
91
97
104
105
101
119
135
174
174
254
272
294
372
439
532
609
654
757
830
896
964
1035
1042
994
1025
1009
1018
941
856
838
713
629
585
494
418
380
296
250
224
167
148
148
135
105
114
122
89
95
79
103
100
91
96
111
85
109
90
85
97
91
84
114
101
96
114
101
102
102
101
89
91
117
100
104
113
108
116
114
103
93
109
124
100
108
109
88
112
110
108
110
91
114
102
116
106
93
126
108
115
105
115
129
108
121
107
111
129
123
120
116
130
131
136
154
170
154
172
190
191
187
228
223
276
233
234
245
237
262
237
223
217
243
247
212
174
158
172
190
151
169
149
135
154
146
155
118
130
145
132
152
149
131
147
170
153
147
157
151
141
152
169
171
153
140
154
163
172
150
183
140
167
167
168
149
169
177
189
185
209
201
204
186
192
186
217
219
201
222
209
194
181
197
226
237
228
238
222
226
220
216
233
236
245
223
232
246
239
239
234
213
217
244
213
232
227
213
243
239
236
230
257
229
247
234
253
224
233
274
234
256
235
226
242
258
241
271
234
256
243
242
245
241
236
231
271
248
265
242
267
255
271
229
259
256
236
249
245
254
230
252
268
228
243
225
252
227
218
235
245
248
216
214
219
233
227
226
196
228
202
235
209
223
203
215
182
219
188
212
220
204
215
220
190
203
198
199
216
197
201
185
205
190
194
180
190
201
178
183
190
166
221
188
225
206
204
181
204
190
189
186
194
174
198
205
187
182
212
170
191
173
194
204
183
176
192
215
173
205
217
194
164
222
229
201
199
213
208
217
219
213
218
192
222
194
186
182
212
222
209
218
209
230
199
215
210
196
180
200
203
167
201
213
199
211
200
216
201
207
242
204
213
233
233
217
212
225
210
216
216
222
226
206
219
222
222
239
247
231
220
236
245
227
220
226
197
256
230
203
219
231
234
224
228
204
226
221
238
223
203
216
220
235
242
219
213
206
224
236
218
215
251
220
232
213
238
253
227
231
251
217
217
235
196
232
233
231
242
215
254
253
231
212
256
261
228
207
215
201
242
225
225
234
243
227
223
214
234
220
251
254
236
238
237
226
241
216
228
234
236
240
230
226
248
236
256
250
263
223
242
264
244
234
245
251
242
230
240
248
243
240
249
273
277
280
239
248
265
262
274
263
232
252
260
250
230
227
291
250
244
271
258
241
268
242
282
274
272
273
271
308
234
264
245
271
283
249
284
244
251
274
292
264
275
252
254
275
267
282
250
280
295
282
295
287
272
274
295
256
264
263
280
251
277
287
266
271
281
282
267
293
288
287
259
295
273
292
268
272
332
299
303
299
273
286
313
293
278
280
294
272
289
285
287
309
278
275
288
316
264
258
301
283
312
305
278
323
277
268
312
309
268
281
279
296
267
278
275
282
264
272
280
265
271
272
291
267
264
274
313
263
307
265
286
266
283
285
278
256
243
268
289
267
267
272
266
258
244
253
258
252
272
236
243
269
263
259
271
265
240
242
281
245
264
263
241
254
252
269
252
239
247
245
296
237
244
239
234
239
252
281
261
246
254
250
258
241
245
234
228
272
236
258
291
250
233
239
230
253
231
246
254
260
253
260
258
236
232
248
274
253
291
268
225
249
249
224
248
244
241
232
262
261
253
235
241
236
238
246
253
244
257
250
250
256
242
240
245
236
238
254
234
219
234
259
239
268
240
252
239
227
272
256
224
250
247
235
232
295
222
251
234
214
274
220
230
244
257
238
236
225
235
236
218
221
231
278
246
248
263
224
232
256
252
274
245
249
217
238
232
225
235
232
268
229
235
241
262
244
232
239
240
233
226
237
226
225
252
241
240
214
234
241
250
234
259
246
266
243
214
242
250
221
242
251
248
233
250
247
266
239
242
258
233
249
232
245
228
250
257
229
254
243
260
257
218
223
245
246
261
227
233
262
250
238
236
264
263
257
256
256
257
253
257
239
246
255
251
272
247
262
266
276
259
279
271
288
272
257
266
287
280
284
274
276
289
255
258
299
288
261
303
291
313
277
323
291
326
320
304
312
322
325
326
327
321
340
317
319
345
315
346
322
346
332
348
330
360
367
348
383
360
355
369
369
402
374
385
440
420
434
401
434
422
443
425
477
454
434
481
451
506
499
502
498
528
554
532
597
622
584
592
645
687
686
694
763
717
735
817
822
875
818
862
917
992
962
946
1049
1026
1092
1081
1159
1143
1202
1265
1173
1239
1304
1288
1244
1281
1394
1382
1326
1371
1411
1417
1444
1365
1328
1457
1394
1456
1356
1354
1301
1369
1391
1427
1302
1297
1265
1293
1251
1185
1108
1227
1137
1108
1031
1073
993
1039
951
963
872
942
855
865
784
751
804
735
679
709
637
617
593
603
553
516
503
511
503
496
444
421
419
432
385
401
395
379
421
343
311
378
367
310
343
335
298
312
323
301
310
296
290
297
283
298
279
250
243
241
230
251
208
220
236
249
229
232
253
202
207
222
237
237
221
229
231
188
193
197
212
221
217
192
193
221
235
251
249
256
286
274
267
302
286
290
309
314
372
331
357
374
378
389
396
427
453
430
427
433
424
425
427
438
424
425
387
420
351
341
370
355
300
332
278
264
250
266
211
234
187
199
209
193
179
172
155
161
167
155
157
145
131
149
155
144
140
142
151
171
166
162
147
160
145
144
149
148
143
170
172
140
157
174
147
158
146
166
176
175
161
178
187
182
202
169
209
229
206
186
228
214
193
181
198
205
208
235
225
235
202
198
211
208
238
235
221
265
223
236
221
267
200
236
235
233
251
243
268
260
223
228
226
249
235
223
220
222
245
230
208
227
231
249
195
195
223
192
214
203
169
178
189
194
195
180
185
204
170
189
174
186
165
144
161
142
151
151
141
136
124
135
144
112
120
121
110
106
114
115
99
112
116
106
94
101
100
109
119
107
118
91
87
99
94
102
75
86
100
98
69
88
87
78
70
66
83
72
66
69
75
68
74
70
74
82
75
81
63
72
50
66
55
57
67
76
67
77
63
76
60
68
56
61
58
68
66
55
59
49
66
64
61
61
56
49
71
53
58
68
62
50
65
47
46
37
46
61
47
57
61
61
54
44
47
61
54
66
60
64
58
66
57
75
70
66
59
66
72
67
74
81
70
63
71
74
84
93
80
65
61
69
89
61
57
61
71
58
56
44
48
46
68
53
48
43
34
46
33
41
31
38
38
37
31
35
53
43
37
36
50
40
49
47
37
45
38
39
49
40
49
36
41
42
33
38
36
48
40
39
35
40
25
38
39
36
36
40
31
37
26
27
29
29
43
32
28
42
32
42
43
31
25
37
36
38
27
45
18
24
29
39
27
31
33
33
44
30
32
31
40
42
36
32
31
37
25
26
27
29
37
27
24
31
39
30
32
34
27
23
33
33
36
27
22
34
24
29
17
26
29
28
22
25
28
19
26
23
30
23
26
34
29
25
28
27
26
29
19
28
21
28
33
26
23
28
28
26
30
23
28
30
28
25
22
27
32
24
21
32
31
26
15
23
22
30
22
37
19
25
21
29
31
21
33
16
20
27
29
24
29
17
11
21
19
27
26
20
23
20
30
26
22
29
24
19
20
30
32
28
25
16
20
23
23
21
16
17
21
19
20
34
26
26
26
23
31
24
24
28
14
23
24
28
18
23
19
16
23
23
23
19
21
24
17
17
13
20
23
24
23
26
14
31
27
25
13
14
29
22
19
23
14
22
20
29
22
18
32
16
19
25
14
13
27
19
18
19
19
21
15
13
13
24
24
26
22
25
12
13
14
17
9
18
23
20
18
18
20
17
19
15
17
17
22
16
19
18
22
9
19
13
12
12
27
16
14
16
18
20
10
4
18
8
22
13
24
16
12
10
17
17
21
15
14
9
15
18
17
14
15
22
17
21
12
13
13
11
13
16
17
14
23
10
17
14
8
15
22
10
20
11
9
19
15
15
11
16
15
15
19
15
8
14
13
13
11
14
8
13
12
16
13
13
11
16
12
8
17
12
15
17
14
13
16
9
16
16
13
11
13
17
9
13
15
14
17
17
15
9
11
16
10
9
17
17
13
11
18
15
10
19
17
11
13
13
14
12
11
10
14
17
15
15
10
11
21
8
12
9
16
9
11
10
10
11
17
10
15
17
10
13
9
13
9
13
10
6
8
12
14
14
8
12
17
11
5
17
10
9
12
13
13
8
8
12
16
18
7
9
11
10
14
10
6
12
8
14
7
10
10
12
11
6
11
14
12
13
15
13
8
16
8
11
15
8
11
8
10
8
10
5
9
10
14
13
8
8
11
7
6
9
12
12
11
7
12
11
13
10
5
14
8
7
10
4
8
6
12
6
7
8
10
6
8
5
8
8
7
9
11
7
8
6
6
8
8
13
12
6
11
15
8
7
7
4
11
14
6
5
9
12
6
7
3
5
11
10
7
13
10
6
12
6
5
5
5
9
11
11
8
9
8
8
7
14
8
7
2
2
5
5
4
7
7
5
6
7
9
9
7
9
7
11
5
7
6
8
9
8
6
9
7
7
7
12
7
5
8
6
9
4
9
6
9
11
3
11
3
11
6
9
4
8
6
8
6
6
8
6
7
4
8
9
3
11
9
2
6
11
4
4
7
8
9
10
6
1
5
6
6
3
5
7
6
10
12
11
3
5
6
9
2
4
7
4
4
4
5
10
4
6
8
10
1
4
3
5
6
3
4
4
7
8
6
4
4
2
3
2
4
6
0
8
6
1
4
7
5
10
6
5
7
1
8
8
2
6
6
8
6
7
5
4
4
3
5
5
4
9
2
7
2
4
3
6
3
3
1
7
5
2
1
2
7
1
4
2
5
6
6
5
2
3
3
3
7
4
4
2
4
3
3
1
5
6
7
1
7
2
2
4
3
5
4
1
4
4
5
4
5
5
3
4
6
5
2
5
6
2
2
1
1
6
5
3
3
5
7
3
5
6
5
3
6
3
3
2
4
3
8
1
4
0
2
2
3
5
4
2
3
4
6
6
5
2
11
6
3
5
2
6
5
4
8
4
3
5
6
6
4
3
2
2
5
1
2
2
5
5
2
3
4
8
4
3
5
4
3
3
4
9
5
3
3
0
3
4
2
3
2
6
7
4
1
1
1
2
1
5
3
5
4
2
4
1
0
3
3
4
0
5
2
4
2
4
0
2
1
1
4
0
1
2
3
4
3
2
0
7
3
0
2
3
3
4
3
2
4
7
3
2
2
4
3
7
4
2
4
4
2
4
2
2
2
1
0
2
2
1
2
3
1
4
3
3
3
1
0
2
1
3
5
4
2
2
3
5
1
1
0
3
0
1
3
1
2
3
1
1
3
5
2
0
4
0
2
4
1
1
2
2
0
2
3
4
1
2
1
1
5
5
3
0
4
1
0
2
2
2
1
0
0
0
1
1
2
2
2
1
2
3
1
0
1
2
4
3
1
1
1
1
2
0
0
2
3
2
2
0
2
2
0
2
1
2
1
1
0
2
0
1
1
2
0
0
0
0
3
2
1
1
1
2
1
0
3
2
0
0
1
1
0
1
2
2
1
2
3
1
2
4
1
2
2
1
1
2
1
4
0
1
2
1
1
0
0
0
0
0
0
2
1
3
1
1
1
0
3
0
3
2
1
1
1
2
0
1
3
2
1
2
1
1
0
2
2
0
0
0
0
2
1
3
1
3
1
3
0
3
0
2
1
0
1
0
3
1
2
1
1
1
0
2
2
0
1
2
3
2
0
1
0
2
1
1
2
2
2
0
0
0
2
1
1
0
2
0
1
1
2
2
2
2
0
1
1
3
2
1
3
1
0
4
0
0
1
1
1
2
2
2
1
2
0
1
0
1
2
0
1
0
0
1
0
1
2
0
2
0
1
0
0
0
0
1
2
1
1
0
0
1
1
0
2
2
0
1
1
1
0
0
0
0
2
2
0
0
1
2
2
1
1
0
3
2
0
1
0
0
0
0
0
2
1
1
0
2
3
0
0
2
1
0
0
1
3
0
1
1
1
0
0
0
0
0
3
0
0
0
1
0
0
0
0
4
1
0
0
1
0
0
0
0
0
0
0
1
0
2
0
2
0
0
0
0
0
2
0
1
2
1
1
2
2
1
0
0
0
0
1
0
0
0
0
2
0
0
0
2
0
0
0
0
0
0
1
0
1
0
0
2
0
0
0
0
1
0
0
2
1
0
0
0
1
0
1
0
1
1
0
0
0
0
1
2
1
2
0
0
1
0
1
0
0
1
1
1
1
0
0
1
0
1
0
0
1
0
3
0
0
1
0
0
2
0
0
1
0
0
0
0
2
0
0
0
1
1
2
1
2
0
0
2
1
1
1
2
1
0
0
0
0
1
0
1
2
0
1
0
1
0
0
0
0
0
0
1
1
1
1
1
0
1
0
0
0
0
0
0
0
2
0
0
0
0
1
0
0
1
0
0
0
1
0
0
0
0
1
0
0
0
0
0
0
1
0
0
0
2
1
0
0
1
1
2
1
0
2
0
0
0
3
0
0
2
0
0
1
0
0
0
1
1
0
0
0
0
0
0
0
0
0
0
0
0
0
1
0
0
0
0
0
1
1
0
1
1
0
1
0
0
0
0
1
1
0
0
0
1
0
0
0
1
1
1
0
0
0
1
0
0
0
0
0
0
0
1
1
0
0
0
1
0
0
0
0
0
0
1
0
2
0
0
0
0
0
0
0
0
1
0
0
1
0
0
2
0
0
0
0
0
1
0
0
0
0
1
1
1
1
0
0
1
1
0
0
0
0
0
2
0
0
0
0
0
1
0
1
0
0
0
0
0
0
1
0
0
1
1
0
0
0
0
0
0
1
0
0
0
0
0
0
0
0
1
0
0
0
3
1
0
0
0
0
0
0
0
0
0
0
0
0
0
0
0
0
0
1
0
0
0
0
0
0
0
0
0
0
0
1
1
0
0
0
0
1
0
0
0
0
0
0
0
0
0
0
0
0
0
0
0
0
0
0
0
0
1
0
0
0
0
0
0
0
0
0
0
0
0
0
0
0
0
