0
0
0
0
0
0
0
0
0
0
0
0
0
0
0
0
0
0
0
0
0
0
0
0
0
0
0
0
0
0
0
0
0
0
0
0
0
0
0
0
0
0
0
0
0
0
0
0
0
0
0
0
0
0
0
0
0
0
0
0
0
0
0
0
0
0
0
0
0
1
1
2
1
1
3
2
1
3
4
1
2
7
7
31
142
354
927
2348
4888
9532
17156
27715
40885
54657
66036
73302
72867
66426
54886
41178
28083
17467
9755
5094
2407
1091
392
150
47
15
4
2
2
2
1
0
0
0
2
1
0
1
0
0
0
2
1
1
0
0
0
12
62
42
49
62
54
56
51
56
64
60
52
50
49
48
62
45
47
51
47
54
48
45
47
41
36
46
43
42
54
43
44
47
47
38
34
34
49
48
43
43
40
38
40
41
29
55
35
41
37
39
35
47
38
50
43
29
46
35
49
47
51
42
44
36
41
56
51
52
71
74
91
73
85
98
108
101
99
112
91
86
74
86
62
55
58
47
50
48
44
43
42
40
50
45
39
60
51
53
59
49
53
59
56
73
58
76
58
94
88
84
110
106
106
127
120
114
141
151
147
151
170
173
192
229
274
448
705
1165
1929
3301
5192
8040
11175
15648
20064
24407
28557
31087
32463
31868
29776
26388
22325
17972
13802
10149
7373
5165
3658
2603
1912
1362
1055
747
549
402
293
251
224
230
288
362
431
451
528
566
547
518
490
408
333
286
233
154
125
102
72
57
60
51
48
38
34
38
30
19
24
10
15
10
5
7
4
9
7
9
11
3
4
4
8
1
5
4
8
8
6
8
7
9
11
8
13
9
15
8
5
9
8
10
13
6
7
9
14
16
11
16
16
29
19
32
24
23
26
23
20
21
19
18
21
24
22
13
13
21
22
23
15
20
18
9
23
27
19
15
14
18
25
16
24
25
15
19
11
17
13
7
12
12
6
6
6
8
3
4
11
7
6
9
4
5
8
4
3
7
6
4
5
5
2
3
7
6
5
7
7
5
4
5
9
7
7
10
14
16
17
22
20
26
31
26
29
23
19
26
25
25
14
12
14
5
16
4
12
13
14
5
8
12
9
13
12
15
11
5
13
9
8
11
6
9
12
7
9
9
6
3
5
4
7
5
5
2
7
7
4
7
6
4
6
8
7
5
8
8
5
15
1
6
7
10
5
7
5
7
2
10
2
4
2
9
3
6
8
11
6
5
6
7
6
8
10
7
5
8
4
8
7
3
6
6
3
4
7
8
6
8
7
7
8
1
7
3
6
2
5
7
9
3
12
5
9
12
5
5
6
6
5
5
9
5
6
10
7
11
8
1
6
4
11
5
15
9
12
10
11
7
7
7
9
12
11
6
2
7
8
6
9
3
8
10
10
6
8
11
6
13
11
5
5
8
6
6
6
6
11
5
3
13
9
12
6
7
6
7
8
11
9
9
12
5
15
11
7
7
10
8
8
19
9
15
11
10
9
10
8
11
12
21
12
4
7
11
11
9
17
12
13
7
8
14
17
12
14
7
15
10
11
9
11
19
20
15
13
10
16
17
14
12
11
12
14
10
18
20
22
15
17
10
16
12
12
11
22
20
18
22
13
23
18
19
14
27
7
16
20
12
27
18
21
8
18
20
17
11
15
14
14
11
23
17
24
21
27
26
25
20
30
19
18
21
19
21
31
20
28
11
27
14
21
24
28
25
21
22
31
19
28
26
26
23
28
26
18
25
26
26
31
26
23
27
22
31
28
26
35
31
30
37
29
32
36
19
36
33
32
28
38
35
25
26
37
30
33
47
40
40
35
38
42
32
54
33
43
44
46
39
37
36
31
48
50
44
40
61
47
47
48
54
42
48
52
48
51
65
55
53
44
58
48
54
48
64
46
52
68
48
44
72
76
62
55
60
78
66
75
71
78
83
81
71
82
81
89
88
85
91
96
89
70
97
85
104
94
94
103
94
93
82
97
92
83
102
93
87
77
74
74
69
74
76
70
72
85
94
89
78
77
77
69
76
73
79
77
65
69
65
53
66
59
88
89
68
76
84
61
76
61
66
73
66
64
62
63
80
94
67
62
80
57
80
72
76
67
73
72
68
70
78
70
75
76
76
80
59
75
62
75
65
72
59
72
65
72
62
91
82
89
59
79
66
66
83
79
74
71
76
59
67
64
69
56
68
60
66
72
86
75
84
68
59
72
83
63
73
66
75
83
66
83
78
77
55
64
79
66
76
63
67
72
84
76
74
71
48
77
67
94
89
78
88
98
91
72
85
70
82
81
103
84
75
79
75
92
103
95
97
118
117
137
160
169
184
208
275
326
360
476
572
635
676
760
798
897
971
1002
1011
1068
988
1014
959
899
836
792
743
603
542
483
410
338
276
271
187
200
164
122
107
118
107
100
106
111
95
93
80
111
102
92
91
105
90
84
76
100
88
106
87
90
89
118
107
106
98
106
107
104
111
100
91
95
99
100
102
96
112
105
120
103
109
106
117
106
117
95
111
106
100
126
113
80
96
108
110
129
90
117
117
121
121
126
120
107
131
134
141
128
167
141
148
166
168
201
206
217
219
219
206
237
279
258
260
237
238
240
227
226
219
208
197
174
195
174
149
167
154
179
146
162
139
165
158
140
135
160
134
169
133
172
130
151
169
164
155
144
143
182
176
171
204
177
191
170
179
198
186
185
226
190
208
209
203
220
235
228
211
219
226
217
249
255
254
214
212
234
245
227
227
238
225
241
250
223
260
220
216
226
244
231
231
241
219
214
218
226
233
230
219
220
232
219
218
214
221
206
223
209
237
229
249
216
226
237
226
219
227
230
225
216
235
217
212
251
220
229
257
247
221
202
209
248
218
246
227
228
220
219
232
210
204
216
239
194
230
223
209
223
245
211
203
229
219
224
228
200
202
237
197
212
184
183
212
223
172
216
203
179
213
202
195
201
219
201
205
220
188
193
191
166
200
200
200
201
196
208
182
215
202
177
187
176
173
192
214
175
197
197
187
173
184
195
190
179
157
157
203
188
198
179
170
214
215
168
189
225
194
200
182
186
178
220
201
186
163
168
187
186
185
202
192
213
181
178
186
179
188
204
187
177
201
198
206
215
225
189
214
190
206
192
212
234
234
221
195
224
207
224
187
228
218
225
233
228
197
248
205
233
229
230
226
232
237
238
224
223
231
228
223
220
230
218
217
240
216
229
223
215
228
235
231
232
226
213
198
220
224
236
221
214
218
242
213
239
235
267
211
227
208
216
236
224
234
238
230
223
268
240
247
242
229
229
209
208
229
218
223
215
223
235
229
234
202
200
207
232
246
229
221
264
240
236
214
236
223
244
239
197
230
233
221
228
233
219
224
223
217
248
235
229
208
232
226
254
239
220
259
258
260
245
247
258
258
263
269
257
249
253
236
235
238
221
260
233
266
247
254
270
242
244
244
239
222
247
241
259
279
235
238
258
240
241
262
248
245
273
276
236
245
262
255
265
271
263
254
262
254
293
260
263
256
285
258
244
282
283
290
269
266
277
284
253
278
280
281
274
278
286
266
287
288
290
295
310
268
263
284
260
260
273
277
323
267
269
289
269
278
294
260
278
274
290
290
266
282
252
273
293
324
280
257
288
283
265
288
280
278
287
282
275
308
324
262
287
283
296
292
317
265
243
272
278
286
284
286
280
261
283
263
297
304
280
306
294
246
298
288
274
271
271
272
301
297
311
288
243
253
261
259
269
281
276
295
263
280
266
256
263
256
266
272
267
279
275
269
263
280
275
260
281
263
271
241
266
259
260
267
263
253
244
268
247
271
235
228
246
233
256
256
235
232
270
246
261
243
272
244
237
234
251
266
252
246
247
243
251
241
263
228
256
248
245
242
238
253
236
253
249
237
243
237
234
247
269
263
233
258
260
254
238
254
237
245
259
230
228
255
248
244
261
248
259
252
236
261
224
205
261
257
254
247
257
243
257
243
233
245
238
226
248
282
256
222
248
255
239
266
277
255
235
248
242
222
240
286
254
252
243
242
254
267
251
231
273
286
233
223
246
262
263
260
252
253
263
296
235
218
239
245
270
275
245
248
235
246
256
229
257
259
253
232
261
240
267
249
235
263
245
231
238
247
222
254
228
249
217
247
230
238
248
237
238
230
234
236
250
234
223
255
244
237
241
229
258
232
193
230
241
233
255
213
226
250
237
245
272
253
258
217
224
225
271
241
252
222
264
251
239
242
243
270
271
239
254
236
242
240
259
229
251
253
261
225
246
251
270
256
238
274
258
284
282
273
293
284
256
273
282
269
247
294
278
310
295
288
316
320
287
289
281
315
309
319
307
311
315
306
321
301
331
308
315
319
314
343
335
335
311
405
317
363
349
341
369
364
381
385
365
392
392
384
397
411
374
400
392
386
433
424
468
438
396
482
465
454
460
482
509
470
535
501
548
551
617
604
587
607
655
676
666
698
699
771
818
771
794
892
845
899
906
953
925
958
1039
1107
1084
1100
1181
1233
1162
1238
1252
1285
1266
1280
1382
1306
1316
1447
1421
1425
1404
1441
1449
1373
1447
1416
1378
1406
1423
1305
1425
1349
1326
1373
1348
1273
1206
1280
1143
1217
1202
1145
1211
1212
1160
1027
1046
954
980
964
903
950
837
786
787
792
769
766
678
681
658
655
626
589
566
540
526
548
486
497
460
479
474
433
441
383
383
398
418
376
320
374
326
378
343
345
260
314
323
284
308
272
307
290
292
287
255
257
275
291
274
251
272
224
268
253
256
228
230
229
232
236
238
235
240
229
254
219
209
240
192
233
220
205
213
243
219
218
259
293
250
274
293
317
277
306
346
345
358
357
371
352
403
403
413
409
425
454
447
465
455
449
411
438
390
422
433
434
411
413
377
322
313
312
312
283
301
282
237
232
198
196
207
189
167
184
157
165
166
142
142
134
154
169
147
175
180
140
152
144
158
122
149
144
155
137
151
165
159
164
168
172
162
188
173
187
160
159
170
203
190
169
193
199
190
196
192
230
188
202
197
208
210
209
215
210
226
215
211
209
251
237
235
252
241
229
218
228
248
260
239
222
241
254
285
232
228
248
263
222
241
253
234
270
229
243
250
214
227
227
224
209
221
201
225
190
208
210
219
223
199
184
200
183
189
174
183
202
182
165
163
187
167
150
145
160
151
144
146
114
151
129
128
129
140
118
149
138
102
116
105
109
113
106
108
106
102
93
107
115
97
112
97
93
100
86
114
83
85
95
91
85
111
90
92
66
101
75
73
69
80
88
72
75
88
73
59
72
57
71
63
73
61
82
53
76
65
62
60
82
54
59
61
60
68
76
64
63
53
50
55
67
58
43
50
46
58
60
56
50
57
53
57
51
62
46
57
44
61
52
39
58
50
62
60
56
48
74
55
56
58
53
70
67
61
79
88
64
68
88
75
83
76
91
77
77
68
93
84
73
66
64
68
64
81
65
58
54
45
60
49
50
58
43
48
52
40
35
58
46
48
52
44
47
49
44
52
45
48
52
50
45
31
37
43
48
36
36
47
43
41
62
31
43
40
46
42
31
47
43
35
39
37
36
40
42
39
39
34
37
41
35
50
43
27
28
44
41
33
26
20
38
39
29
26
26
32
36
35
27
30
38
33
33
36
31
35
36
37
23
24
32
27
33
29
40
26
30
23
30
27
27
37
32
38
30
33
34
32
41
26
28
30
31
24
32
27
27
38
28
15
35
28
22
28
30
26
38
32
24
35
33
38
36
33
22
27
37
41
28
30
20
25
26
32
31
24
30
27
30
27
25
28
32
30
22
24
26
20
21
24
25
27
23
35
21
21
25
26
20
24
30
21
29
23
21
20
23
26
22
29
25
25
19
37
32
12
20
28
34
26
33
26
14
21
28
18
23
20
28
29
23
37
11
28
23
29
21
24
18
11
20
26
14
14
27
21
26
27
21
24
25
22
30
28
24
15
16
30
13
20
20
23
12
21
13
21
20
10
28
21
30
21
22
22
20
17
13
22
19
16
21
27
19
25
18
22
26
24
27
22
22
27
16
22
15
21
22
19
21
28
12
16
21
18
20
17
18
20
11
26
24
17
18
24
19
16
20
14
19
18
21
18
18
15
19
21
14
21
24
28
16
25
16
15
15
22
16
20
18
16
18
20
23
21
22
13
14
15
15
18
26
18
18
13
20
19
18
13
19
19
20
14
17
18
13
15
18
14
16
13
13
14
10
15
18
18
19
11
16
16
17
18
11
17
13
18
27
16
16
12
15
16
13
15
15
11
13
23
9
18
5
20
13
14
16
14
17
15
17
18
16
23
15
10
20
14
13
16
15
9
17
11
14
11
11
14
10
9
18
13
12
14
10
13
12
10
10
10
14
12
11
12
8
18
14
12
13
10
16
11
14
15
13
18
7
13
13
10
14
14
10
13
11
14
11
9
18
15
16
17
9
10
12
13
9
8
10
7
17
12
12
12
4
16
16
12
12
13
10
14
7
14
14
11
7
8
11
14
8
6
7
10
16
14
5
10
19
10
13
13
14
13
12
8
9
12
11
7
12
13
14
13
7
8
11
10
14
6
6
2
9
7
7
16
8
17
6
14
15
13
5
12
9
5
15
12
12
12
14
6
12
8
14
11
10
9
16
9
9
16
10
8
14
9
12
13
11
6
8
14
13
9
5
11
3
7
8
6
7
13
13
9
10
9
5
13
8
10
9
9
10
13
10
7
8
6
10
11
11
11
9
9
11
10
10
9
9
6
9
9
10
5
8
12
5
4
6
9
11
7
8
5
3
6
10
15
8
11
10
8
6
9
9
6
8
7
6
7
7
4
9
5
3
8
7
1
14
4
11
5
8
6
8
6
6
8
5
8
7
7
7
8
9
1
4
7
8
4
7
8
13
5
6
8
12
7
5
8
8
5
5
7
5
6
12
10
12
7
10
4
9
5
4
6
8
2
5
3
3
7
4
6
3
9
9
4
3
2
5
2
7
7
8
8
8
4
6
4
4
6
4
6
6
9
4
1
5
2
8
5
5
6
6
3
10
6
7
7
8
3
5
2
10
0
7
4
3
10
9
10
3
5
8
11
4
6
4
2
2
6
6
3
8
6
4
3
3
12
6
7
4
5
2
3
7
9
6
2
9
5
6
4
6
3
2
4
3
2
3
3
7
2
10
4
6
4
3
7
6
7
2
3
4
4
6
6
3
4
2
3
5
8
2
3
4
4
4
7
3
1
6
6
4
3
2
7
7
6
6
4
6
3
3
5
1
5
7
2
3
1
7
3
1
5
2
6
9
1
6
6
4
4
1
3
7
7
6
1
3
1
2
3
5
2
1
2
3
4
5
2
2
3
7
6
3
4
6
4
3
3
4
2
2
8
3
3
5
5
5
5
3
4
3
3
4
2
3
4
6
4
3
6
1
4
2
3
3
0
3
2
4
6
3
3
9
3
3
5
2
4
5
4
2
1
7
5
4
5
4
4
4
5
2
4
1
4
4
4
1
11
2
2
2
3
3
2
1
3
3
1
4
5
1
3
5
5
3
3
4
4
1
5
3
1
0
6
1
3
2
2
4
0
8
1
5
2
3
3
1
7
3
4
1
1
0
3
3
0
1
5
2
4
4
1
1
4
3
4
0
1
1
4
1
2
2
1
3
3
5
2
5
1
0
3
1
3
4
2
4
1
5
3
3
0
1
0
1
2
5
1
1
1
3
1
4
2
1
1
2
2
2
1
2
3
2
4
3
4
2
2
4
3
5
5
2
0
2
0
1
1
0
4
0
1
2
0
4
5
3
4
2
4
4
3
3
2
2
2
2
4
1
1
4
0
2
1
1
3
2
1
4
1
3
0
3
0
2
1
2
0
2
2
3
1
2
2
1
2
0
1
1
3
1
2
1
1
1
2
3
1
0
0
1
0
2
1
1
1
0
1
0
0
1
2
0
0
1
3
1
1
1
0
2
0
0
1
1
2
5
4
3
2
1
2
1
0
0
2
2
4
0
1
1
1
1
0
2
2
2
0
3
3
2
4
1
2
2
1
6
1
1
4
1
1
1
2
1
2
2
3
1
1
1
1
1
3
2
0
1
0
1
0
2
2
1
0
1
1
1
1
0
0
1
0
1
1
0
2
1
0
0
0
1
1
1
0
1
5
1
1
0
1
0
1
0
0
0
0
1
0
1
1
1
0
0
2
0
0
0
0
1
0
0
3
0
1
2
1
0
4
0
0
0
0
0
0
1
1
0
1
0
2
1
2
2
1
1
0
1
3
0
0
0
2
0
0
0
0
0
0
1
1
0
1
0
0
2
0
0
0
0
2
0
2
1
3
2
0
2
0
1
1
1
0
0
0
0
1
0
0
0
1
1
0
0
0
1
0
0
0
0
1
1
0
0
0
1
1
0
0
0
0
2
0
1
1
2
1
0
0
0
0
0
0
1
0
0
1
0
2
0
0
1
0
2
1
0
1
0
0
1
2
0
1
0
0
1
1
0
1
1
1
0
1
0
0
1
0
1
0
1
2
0
0
2
0
0
0
0
2
0
0
1
0
0
0
0
1
0
1
2
1
0
1
0
1
0
2
2
0
0
0
2
0
1
1
0
1
0
1
0
0
0
2
0
0
0
0
0
1
0
0
0
0
0
0
0
0
1
0
0
0
0
1
1
1
0
0
2
0
0
1
0
0
0
1
0
0
0
0
0
0
0
0
0
2
0
0
0
2
0
0
0
0
2
0
1
0
1
0
0
0
0
1
1
0
1
0
0
0
2
0
0
0
0
1
0
0
0
1
0
0
2
0
2
0
1
1
0
0
0
0
1
0
0
0
0
1
1
0
1
0
1
0
1
0
1
1
0
0
0
1
0
1
1
0
0
0
0
0
0
0
1
0
0
0
1
1
0
1
1
0
0
1
0
0
2
0
0
0
0
1
0
0
1
0
2
1
0
0
1
0
1
0
3
1
0
0
0
0
0
0
0
0
0
0
0
1
0
0
1
2
0
0
0
0
2
1
0
1
1
0
0
0
0
0
1
0
0
0
0
2
0
0
0
0
0
0
0
0
0
0
0
2
0
0
0
0
0
1
0
0
0
0
0
0
0
0
1
0
0
0
0
0
1
1
0
0
3
2
1
0
0
2
1
0
0
0
0
1
0
0
0
0
0
1
0
0
0
0
0
0
2
2
0
0
0
1
0
0
0
1
1
1
0
0
0
0
1
0
0
0
0
1
0
0
0
0
1
0
0
0
1
0
0
0
1
0
0
0
0
1
0
0
1
0
0
0
0
0
0
0
0
0
0
1
0
0
0
0
0
0
0
0
0
0
0
0
0
0
0
0
0
