0
0
0
0
0
0
0
0
0
0
0
0
0
0
0
0
0
0
0
0
0
0
0
0
0
0
0
0
0
0
0
0
0
0
0
0
0
0
0
0
0
0
0
0
0
0
0
0
0
0
0
0
0
0
0
0
0
0
0
0
0
0
0
0
1
0
0
2
3
1
2
2
4
2
0
2
3
3
1
1
3
5
10
35
128
339
872
2228
4852
9529
17091
27499
40478
54354
66191
73121
72718
66893
55293
41441
28408
17686
9858
4932
2337
1051
408
139
40
16
4
1
1
2
5
2
0
1
0
1
0
0
1
0
0
1
1
0
1
1
0
5
66
44
62
57
51
52
50
41
53
35
54
43
55
62
40
60
31
48
44
59
46
48
42
47
42
45
51
53
45
39
42
40
51
37
38
40
43
40
33
29
41
39
29
47
50
46
39
54
43
46
55
37
37
35
39
44
42
47
44
55
54
44
54
51
44
50
60
60
67
58
72
95
88
105
108
117
113
98
93
108
91
89
68
61
49
53
52
37
43
47
51
35
48
47
49
41
65
47
69
45
48
50
61
64
62
72
68
85
78
77
76
115
107
125
135
119
136
156
162
196
204
239
279
321
395
584
847
1354
2159
3480
5498
8129
11707
15947
20352
24856
29495
32159
33121
32806
30776
27377
22953
18514
14192
10644
7604
5414
3850
2784
2043
1442
1048
838
529
460
327
261
278
268
311
376
404
428
544
544
557
533
464
428
344
292
209
148
110
99
92
59
56
51
60
42
35
30
24
24
23
16
18
11
10
6
13
6
9
10
7
9
9
8
8
4
14
9
9
10
6
12
12
10
12
3
13
10
12
8
11
14
8
5
10
2
15
12
10
6
13
22
18
17
29
31
27
28
30
27
30
32
21
15
18
20
24
24
30
23
20
16
27
17
16
23
21
14
25
18
15
25
18
17
17
18
16
19
14
12
7
12
7
11
17
6
5
7
9
7
7
5
7
7
6
4
7
7
8
10
4
4
6
2
5
4
6
6
9
3
5
6
7
4
7
9
10
9
15
20
19
19
33
33
27
31
24
16
23
26
18
22
15
17
10
16
12
11
14
8
15
10
8
10
11
12
11
11
10
7
13
10
11
10
10
5
8
5
4
6
9
6
4
7
7
3
7
4
6
5
6
4
7
5
7
8
11
12
5
5
4
11
6
10
4
5
5
5
9
3
7
3
5
12
7
9
8
4
6
1
7
5
8
7
3
11
2
2
7
9
3
1
4
4
6
5
1
7
10
7
10
9
8
6
8
6
4
4
7
6
9
6
9
5
5
12
9
4
6
3
8
6
6
5
5
5
7
6
6
9
8
7
8
8
6
2
10
5
5
12
10
9
7
8
7
8
7
4
11
6
9
9
14
12
9
6
3
8
8
7
7
9
8
4
6
9
8
10
9
10
13
5
6
4
3
11
12
10
13
8
11
20
8
6
8
10
18
8
18
10
8
14
13
11
14
6
5
11
16
13
16
14
16
16
12
12
8
11
15
15
11
8
17
16
11
12
12
7
9
12
13
29
14
10
20
20
16
15
10
8
21
16
13
15
13
10
16
16
8
17
15
23
20
21
22
14
8
9
12
20
18
15
14
17
14
15
22
14
28
13
15
17
13
15
17
19
15
24
21
22
14
16
12
16
19
18
20
22
17
20
20
19
25
14
17
25
27
17
22
20
28
17
19
19
35
29
25
30
27
23
25
28
28
25
35
23
31
26
20
30
33
31
35
29
27
33
32
38
31
24
31
34
38
37
35
43
34
26
34
28
34
40
39
32
36
40
46
37
32
29
43
37
28
48
39
33
32
42
45
37
45
41
45
56
45
56
45
45
39
46
36
52
49
48
47
60
48
57
45
62
53
50
59
55
62
66
54
54
49
66
60
48
75
68
70
54
59
72
67
60
68
67
61
80
74
70
73
78
80
78
80
87
78
83
102
106
92
93
74
84
86
81
85
74
87
77
80
73
67
73
74
73
79
89
82
77
70
72
62
80
70
80
68
77
78
66
77
75
74
67
82
81
76
69
84
61
63
61
69
82
68
75
70
70
64
69
78
74
74
69
73
67
63
84
69
72
51
70
65
60
72
70
59
76
75
68
68
69
53
77
65
78
62
67
76
64
72
76
76
71
84
65
65
69
69
66
60
80
75
71
82
73
81
71
70
68
81
85
69
64
75
75
79
60
63
79
77
72
72
83
61
79
76
79
81
75
82
64
76
66
68
75
72
83
95
79
69
87
78
92
75
79
76
68
69
77
79
76
73
87
89
69
93
72
68
89
92
89
87
75
110
110
115
125
111
161
156
184
216
277
307
373
431
477
592
657
706
791
889
943
1050
1033
1056
1063
1070
1048
900
905
818
718
654
582
490
429
355
294
285
248
175
167
150
119
124
98
90
108
108
106
89
104
91
103
111
99
105
94
83
85
82
70
108
105
87
110
118
89
97
98
116
97
109
111
101
98
102
113
96
103
96
104
107
120
97
109
103
109
133
113
107
112
98
96
98
115
108
106
101
98
120
110
111
120
130
116
123
116
146
133
117
114
132
154
165
198
150
183
180
221
202
231
220
232
215
269
261
246
239
225
224
238
211
224
205
185
193
178
160
162
151
163
139
179
127
155
162
156
162
159
153
137
171
127
157
133
181
173
164
168
170
155
142
161
168
161
157
187
169
170
178
165
163
180
171
205
196
191
205
187
191
187
208
195
205
189
195
235
218
207
211
225
208
210
213
221
211
211
234
237
256
218
244
199
207
224
208
214
209
203
221
230
215
225
214
227
212
252
206
262
222
261
220
256
247
256
231
238
228
221
245
254
209
228
247
240
244
252
245
271
252
236
242
222
269
242
253
231
263
236
258
256
243
234
219
275
233
264
250
247
229
248
242
231
261
247
225
222
219
238
225
229
245
229
201
222
242
223
224
194
216
195
219
200
234
197
216
193
171
224
211
185
213
174
188
196
189
199
201
189
217
197
185
182
214
177
210
209
197
189
180
184
195
200
206
167
180
177
203
181
180
217
206
190
188
194
194
178
191
200
179
173
207
215
191
197
188
189
194
209
205
182
203
180
193
219
219
166
194
153
201
191
208
207
207
193
229
201
194
185
176
219
215
236
215
203
205
245
179
190
200
238
206
212
190
181
211
238
227
238
234
200
217
235
229
229
234
256
225
209
224
213
197
220
212
259
211
211
212
233
259
246
221
226
220
217
216
230
223
222
219
232
215
221
217
224
217
230
213
232
228
240
235
228
242
217
212
210
217
240
222
245
238
207
205
216
235
224
211
206
236
209
215
228
219
228
221
203
231
237
242
236
240
244
224
217
220
233
268
234
245
224
233
226
257
233
229
240
244
223
227
256
216
241
232
224
240
219
249
212
284
258
244
244
214
230
242
235
235
229
255
221
255
230
250
295
274
234
244
241
227
225
257
221
256
269
255
257
241
269
239
254
251
273
250
234
265
265
268
250
280
253
285
251
249
295
274
235
254
243
263
263
250
289
281
255
253
266
277
268
276
273
286
259
269
270
267
259
254
274
296
294
278
275
275
275
261
288
254
281
262
299
282
279
273
279
284
285
277
302
289
256
284
276
287
246
293
297
274
299
294
280
311
295
282
273
268
249
338
285
308
279
312
335
279
285
285
298
287
282
302
275
290
302
292
280
285
305
288
275
277
272
298
262
305
274
278
267
312
283
311
257
304
244
251
242
281
260
264
298
266
240
272
289
265
263
256
266
275
265
246
237
264
256
259
268
242
259
268
264
278
254
271
255
259
250
226
257
262
260
229
227
249
288
279
258
199
257
243
261
257
248
232
252
264
246
253
259
227
250
240
218
251
248
234
253
232
260
247
245
265
245
251
275
248
240
245
250
269
230
245
255
233
258
234
262
237
267
246
272
235
272
272
242
253
274
277
233
229
251
242
248
238
220
266
238
270
268
270
261
235
249
252
247
234
243
237
237
251
256
262
260
237
238
265
235
268
256
246
260
224
284
225
244
229
269
210
241
251
224
237
223
225
266
258
240
228
237
256
207
260
246
222
250
255
230
272
212
231
240
227
226
258
251
241
242
270
235
228
231
235
251
241
236
252
253
228
223
227
246
258
238
232
236
242
242
220
195
226
224
245
234
219
208
245
235
223
189
258
240
238
234
255
235
256
220
241
229
244
245
227
240
259
261
255
225
234
231
245
228
276
255
265
224
247
229
261
232
242
244
275
238
234
249
226
224
247
278
255
257
238
249
255
266
277
266
253
260
272
290
258
279
224
264
271
264
297
301
298
281
264
287
270
283
303
284
277
270
260
267
314
268
283
296
289
293
329
323
317
302
310
306
344
329
315
306
293
318
306
337
303
323
367
317
331
374
339
356
362
317
369
314
392
357
377
377
372
360
409
376
419
394
401
421
445
428
443
436
481
463
460
488
517
561
519
515
546
543
551
587
606
648
591
668
700
698
672
704
772
773
844
879
853
865
853
880
943
968
1051
1057
991
1037
1153
1140
1168
1223
1188
1266
1260
1254
1258
1267
1316
1347
1363
1412
1374
1370
1391
1354
1342
1388
1387
1395
1367
1391
1417
1336
1364
1327
1372
1350
1243
1179
1246
1177
1153
1133
1200
1093
1091
1024
1049
1013
1005
908
945
922
840
831
767
773
712
704
718
678
626
634
595
521
557
576
507
530
487
497
471
459
459
436
393
388
383
359
392
341
358
341
327
319
352
300
291
320
278
293
287
272
301
284
274
248
294
272
254
251
281
274
259
246
234
242
207
241
226
223
220
192
225
226
232
202
245
208
214
208
217
218
219
230
213
198
236
238
251
255
294
269
259
288
303
322
306
327
368
316
360
365
370
392
379
419
457
407
396
410
418
439
412
396
430
424
414
396
410
337
353
327
338
297
300
296
253
254
240
281
220
206
190
190
172
170
150
158
138
167
141
148
113
157
140
146
153
161
151
126
166
144
178
135
149
160
140
159
145
155
152
140
140
176
162
148
156
155
158
186
178
168
176
208
179
187
183
169
199
190
184
205
198
204
224
212
221
211
223
204
241
219
211
214
211
232
242
225
239
216
247
234
246
255
243
239
267
253
239
236
289
232
228
234
254
256
262
214
232
255
210
206
234
224
209
212
228
199
193
199
193
198
197
184
177
157
175
181
161
148
172
153
166
157
173
152
134
148
146
143
157
134
135
137
129
124
130
118
101
111
105
117
87
118
84
109
89
88
115
109
86
90
71
99
86
86
74
90
83
76
73
58
87
82
102
73
82
89
91
64
66
89
79
63
72
63
69
59
55
56
77
75
70
68
78
67
53
73
60
78
62
60
56
71
43
38
60
54
75
62
68
50
72
54
54
56
65
46
44
55
51
51
61
45
46
58
51
63
54
50
45
47
58
48
48
75
54
54
63
58
58
63
54
73
59
55
67
74
65
64
82
74
76
74
65
79
73
77
75
55
65
60
73
75
80
57
47
73
62
60
52
54
52
46
40
51
40
36
37
51
49
34
27
41
49
53
40
41
35
48
48
49
43
40
52
41
27
34
41
32
34
48
34
43
37
38
42
41
43
36
44
36
29
48
43
43
43
34
44
36
25
25
34
31
18
23
25
32
21
26
35
35
27
31
33
31
37
34
27
38
30
36
25
30
36
18
31
22
34
24
32
39
33
31
39
25
28
28
23
32
33
32
25
29
29
21
42
36
31
28
37
29
31
39
24
27
33
23
24
26
28
31
25
28
31
24
23
28
34
27
28
37
27
25
24
24
33
26
34
38
31
21
26
26
30
26
31
25
32
27
23
23
30
27
21
36
14
30
22
27
26
19
25
25
33
20
33
22
16
20
33
20
21
20
27
24
27
23
25
24
27
25
26
34
29
26
20
26
27
21
29
22
16
26
27
17
30
20
24
15
20
19
22
13
30
22
28
15
26
21
27
27
21
27
22
19
21
29
25
18
27
14
23
28
28
19
21
23
20
24
23
21
25
8
14
21
13
16
16
21
17
17
24
25
18
24
19
30
28
27
23
15
23
22
26
19
19
20
19
23
21
27
22
18
18
14
24
14
19
18
23
25
15
22
18
20
26
28
19
25
15
9
15
15
17
19
18
15
22
20
15
28
10
16
17
24
10
17
17
17
18
20
10
22
14
23
24
22
11
16
19
22
11
19
19
15
18
11
12
15
23
15
14
12
18
13
11
20
14
14
10
13
19
17
15
17
17
20
16
19
18
21
21
16
19
7
12
15
16
18
14
14
13
14
15
12
12
12
18
20
17
12
13
17
15
16
19
15
18
15
11
12
17
12
13
15
13
23
13
13
15
11
8
10
13
16
12
7
12
7
14
17
18
17
13
9
13
13
17
10
14
16
8
15
17
16
18
14
11
17
10
15
19
13
13
6
13
10
10
15
12
15
15
18
13
9
17
17
10
12
9
9
12
11
12
13
15
11
10
12
7
14
9
9
10
9
13
10
11
13
12
12
7
11
12
14
13
12
15
10
5
10
15
16
6
5
17
13
15
6
14
12
20
14
7
9
14
8
4
11
5
11
8
18
6
12
9
6
8
13
15
9
15
14
5
10
6
10
6
6
8
8
14
6
7
14
10
8
7
15
11
10
9
12
7
8
6
6
9
9
12
5
10
13
7
6
7
10
11
7
9
9
10
10
11
6
11
9
6
6
11
5
10
10
4
5
10
8
7
8
10
10
4
7
11
3
9
13
6
7
5
8
9
7
7
6
6
6
8
11
11
9
9
9
8
6
10
7
10
4
9
9
5
14
5
7
11
13
9
5
5
3
7
8
6
8
6
9
5
11
8
9
9
7
4
8
6
5
7
3
10
7
7
10
0
2
4
6
5
5
5
6
5
6
4
2
7
5
7
7
7
8
5
8
7
7
1
6
5
5
4
5
5
5
9
10
10
6
5
2
4
6
6
9
4
6
7
6
4
6
10
10
10
4
11
5
9
6
6
12
9
1
6
7
2
5
4
4
7
5
2
4
3
5
7
7
5
4
6
4
5
6
5
6
3
2
3
3
5
2
3
1
7
6
9
7
5
2
7
7
5
5
6
9
7
2
5
7
9
7
4
4
8
7
6
10
8
5
7
8
6
5
3
7
4
8
8
1
0
2
6
5
1
7
5
3
3
6
5
3
5
7
4
6
7
5
7
7
3
3
5
5
5
2
6
2
5
2
4
5
3
3
2
2
2
6
4
3
4
6
4
4
7
3
8
5
6
2
1
2
5
6
2
1
2
1
5
6
4
2
2
4
3
2
6
3
4
3
4
2
8
2
3
4
7
3
3
4
5
6
2
5
6
3
5
1
3
4
3
5
5
4
4
2
4
4
1
2
0
6
3
2
2
3
5
2
6
2
7
1
7
5
3
2
4
1
2
5
1
5
4
1
1
2
1
1
2
0
5
4
1
2
5
4
2
2
6
6
3
3
7
1
3
2
5
2
4
2
6
1
3
3
1
2
5
3
3
6
3
4
0
3
2
2
2
3
2
2
3
0
2
3
0
4
3
2
0
1
4
0
1
4
2
2
7
1
3
2
5
2
0
3
0
2
2
7
1
1
3
0
5
1
3
2
2
3
4
3
1
3
2
2
2
3
0
4
2
3
3
3
2
0
2
0
4
1
1
1
0
3
4
4
5
4
2
0
5
6
4
3
3
4
3
2
3
2
1
3
6
0
5
2
1
1
4
4
3
2
1
3
2
2
2
2
1
0
2
3
5
3
2
5
5
3
3
9
1
0
4
2
1
1
3
4
1
1
0
1
0
1
0
0
3
2
3
2
2
2
0
1
3
4
0
2
1
1
1
0
2
0
2
2
2
0
3
1
4
3
0
1
1
3
1
0
2
1
0
6
2
1
1
5
1
1
3
4
0
3
3
2
0
3
1
0
0
0
1
1
1
1
4
1
1
1
0
2
3
1
1
1
0
0
1
6
3
0
1
0
2
1
0
3
0
3
2
0
1
1
1
0
1
2
1
2
3
2
1
1
2
1
1
2
1
1
0
2
1
0
1
1
2
1
2
1
1
1
1
2
1
1
4
3
1
1
1
1
1
0
1
1
2
1
1
0
0
1
1
3
1
1
2
2
0
1
1
1
2
1
0
0
1
0
1
1
1
2
2
2
2
0
1
2
0
2
1
0
1
1
2
1
1
1
0
2
2
1
2
1
2
0
1
0
4
3
1
2
1
0
0
1
0
2
0
1
2
0
0
3
0
0
2
5
0
2
1
3
2
2
1
0
1
3
1
1
0
1
3
0
1
2
1
0
1
2
1
0
1
1
1
0
1
2
0
0
0
1
0
0
0
1
0
1
0
0
0
0
1
0
0
0
0
1
0
1
0
3
2
1
0
2
0
0
1
1
1
0
0
1
1
1
0
0
1
0
3
2
0
1
0
1
0
0
2
1
1
1
1
0
1
0
0
0
0
1
2
0
0
1
0
0
0
0
1
0
0
1
0
1
1
2
1
0
1
2
0
0
0
1
0
0
0
0
1
0
1
1
0
1
1
1
1
1
0
1
1
1
0
0
0
0
2
1
0
0
0
1
0
2
0
0
2
1
0
0
0
2
0
0
1
0
0
0
1
0
1
1
0
0
0
1
2
0
0
0
0
1
0
0
0
0
0
1
1
1
1
0
0
0
2
0
0
0
0
1
1
2
0
1
0
0
3
2
0
1
0
0
0
0
1
2
1
0
0
1
0
0
0
0
0
1
0
1
0
1
0
0
3
1
0
0
0
1
0
1
1
0
0
1
0
1
0
1
0
1
4
0
0
1
1
0
1
0
0
0
1
0
1
0
0
0
1
1
3
0
1
1
1
0
1
0
0
2
0
1
0
1
0
2
2
0
0
0
0
0
1
0
0
1
0
2
0
0
0
0
0
0
1
0
0
0
0
0
1
0
0
0
0
0
1
1
2
0
2
0
1
0
0
0
0
0
1
1
0
1
0
1
1
0
1
0
0
0
0
0
0
1
1
0
0
1
0
0
1
0
0
1
0
1
0
0
0
0
0
2
0
0
0
2
0
1
0
0
1
0
0
0
0
0
1
0
1
0
0
0
0
1
0
0
1
0
0
1
0
0
0
0
0
0
0
0
0
0
1
0
0
0
0
0
0
1
0
0
2
0
0
0
0
0
1
2
0
0
0
1
0
0
0
0
0
1
0
1
0
0
0
0
0
0
0
1
0
0
0
0
0
1
0
0
1
0
0
0
0
0
0
0
0
1
1
1
0
0
0
1
0
0
0
0
0
0
1
0
0
1
2
0
0
0
0
0
0
0
0
0
1
0
0
0
0
0
0
0
0
0
0
0
0
0
0
0
0
0
0
0
