0
0
0
0
0
0
0
0
0
0
0
0
0
0
0
0
0
0
0
0
0
0
0
0
0
0
0
0
0
0
0
0
0
0
0
0
0
0
0
0
0
0
0
0
0
0
0
0
0
0
0
0
0
0
0
0
0
0
0
0
0
0
0
0
0
0
0
0
1
2
0
4
1
0
0
2
4
3
4
2
4
12
18
45
126
376
984
2221
4799
9603
16956
27922
40971
54416
66486
72759
73045
66696
54664
41535
28023
17270
9719
5071
2326
987
391
131
46
14
4
4
2
2
2
2
2
1
3
0
1
2
0
0
0
0
0
0
0
0
0
10
45
49
78
61
50
51
41
58
54
53
38
40
53
45
51
42
42
44
49
37
42
57
56
33
41
33
34
32
35
45
33
33
35
37
44
38
43
42
45
34
61
39
43
29
35
41
42
50
34
45
47
52
42
51
48
35
40
41
41
50
59
45
52
44
51
56
47
53
62
69
77
75
83
87
110
106
108
99
84
91
91
76
66
70
52
48
42
58
49
34
51
51
47
55
48
48
44
56
50
43
53
52
63
62
63
74
80
88
88
84
102
83
103
120
141
129
130
138
160
147
168
189
178
237
301
448
705
1166
1949
3259
5262
7841
11248
15279
19980
24221
27951
30712
31903
31504
29226
26197
21981
17545
13630
10285
7397
5220
3716
2573
1922
1358
1005
776
503
355
302
256
240
246
304
353
411
450
530
574
561
505
447
388
310
251
200
178
124
97
58
61
57
45
40
40
37
27
28
14
16
16
14
14
11
11
14
4
13
6
10
8
1
9
4
7
12
7
8
6
9
17
8
6
2
6
11
6
9
8
7
10
9
10
8
9
7
8
8
10
11
20
18
25
27
31
27
21
30
26
23
12
23
17
19
13
17
19
18
23
21
22
16
16
18
15
20
14
22
17
18
12
22
20
16
17
14
15
12
15
12
9
11
9
5
5
8
3
6
6
7
7
4
8
8
5
4
3
6
5
5
4
3
8
4
4
7
6
7
14
10
3
5
5
7
7
15
15
18
14
16
29
28
26
25
27
29
33
30
19
20
18
19
13
17
13
9
12
9
7
9
16
8
8
16
12
10
11
12
10
16
11
5
5
4
5
5
5
3
6
4
6
3
7
7
10
4
5
8
5
8
5
6
2
4
7
8
8
8
8
7
10
11
4
2
3
7
12
8
7
9
5
5
3
4
1
7
5
11
9
3
3
8
7
4
2
6
7
2
7
4
3
4
4
10
9
7
7
10
3
6
9
7
3
11
8
1
6
4
8
3
5
3
4
7
14
9
8
8
3
4
6
6
6
10
5
6
7
5
5
9
6
5
8
10
9
12
6
10
6
6
6
7
7
10
13
10
6
10
10
6
7
11
9
7
11
9
6
6
11
7
9
8
10
5
8
11
12
6
5
8
4
10
12
8
5
7
8
12
10
7
10
11
8
14
6
8
12
11
9
11
9
9
12
9
10
12
6
10
13
14
9
7
9
10
13
14
10
10
11
14
14
15
12
12
12
13
12
12
12
8
13
7
15
11
18
23
14
12
17
10
13
13
19
20
25
10
16
11
18
10
20
14
15
13
15
17
24
13
18
16
17
13
14
17
14
9
12
25
14
26
10
14
12
13
15
12
21
23
16
17
21
19
14
18
24
20
8
15
19
19
22
20
24
14
17
26
19
16
21
31
27
21
21
24
27
32
21
21
22
28
27
24
26
20
14
30
21
23
23
28
22
30
43
27
32
40
31
27
37
25
28
31
30
32
23
36
38
27
38
29
34
40
40
37
40
30
35
32
42
38
29
31
28
48
49
43
22
41
46
34
46
27
54
47
38
48
38
37
45
40
51
52
48
48
55
55
49
47
57
49
48
63
49
61
57
59
59
62
71
68
55
56
71
58
58
66
74
70
48
66
59
81
51
90
69
78
94
57
106
60
80
89
104
90
96
88
96
95
77
93
80
72
76
89
77
76
79
87
87
80
72
77
72
72
76
73
67
75
78
75
92
77
83
78
80
70
51
86
82
81
67
68
66
68
73
70
73
64
73
66
82
63
67
67
58
67
76
68
65
54
87
58
75
67
66
70
75
69
95
62
80
82
72
77
75
86
66
61
92
66
73
74
81
65
73
86
64
82
58
65
60
58
77
70
56
65
90
76
60
70
67
68
67
65
61
72
53
74
66
69
79
88
86
85
55
62
72
78
73
84
65
70
64
83
81
93
65
67
71
73
69
63
82
65
69
72
75
68
90
74
69
75
64
88
69
75
58
62
77
84
82
81
94
86
72
94
86
80
99
90
123
93
121
156
154
165
188
226
258
319
377
449
559
607
689
722
808
914
880
949
1041
1045
1036
1037
941
901
841
754
698
592
524
495
389
345
334
237
204
195
174
149
108
113
104
100
115
98
92
110
84
98
88
97
99
93
88
79
86
105
97
90
84
91
96
104
90
102
96
86
98
98
104
81
91
112
98
89
95
116
92
101
100
113
100
92
98
79
131
71
100
108
104
102
115
107
96
99
104
104
101
118
122
107
120
116
120
132
125
133
141
162
159
171
172
141
180
186
185
222
221
196
246
256
272
209
254
240
243
229
213
207
236
212
192
167
154
169
162
153
144
188
150
167
140
159
145
149
158
153
160
164
153
157
159
150
170
153
173
174
167
164
195
171
165
197
153
181
155
166
184
227
186
183
206
191
190
197
226
227
234
248
216
231
233
222
213
220
210
217
237
258
249
241
254
234
249
235
251
218
195
229
267
232
220
214
222
213
234
231
229
212
233
243
203
195
231
212
231
218
233
224
226
270
241
221
224
220
222
217
261
220
241
220
213
240
235
224
224
223
215
219
225
231
226
221
218
237
225
190
248
194
225
225
206
206
218
220
235
230
223
216
192
201
207
208
208
222
206
225
213
229
213
197
217
207
179
193
215
192
189
167
224
185
187
198
223
202
208
204
195
179
202
166
192
183
182
184
201
196
173
186
210
171
179
174
178
190
203
206
193
169
179
181
172
189
203
176
175
162
180
177
180
197
180
190
193
200
186
195
185
213
188
198
192
183
197
183
211
192
184
218
211
190
204
186
185
189
199
199
184
183
207
210
203
190
209
200
196
201
194
230
236
199
195
211
193
207
231
201
199
217
182
198
214
211
217
244
218
220
213
192
209
233
201
232
243
238
220
230
202
223
210
214
206
234
230
213
239
222
236
235
225
200
242
201
213
230
236
228
224
221
239
236
205
212
215
227
258
228
192
228
249
239
249
219
220
210
235
224
218
234
206
209
260
195
225
216
227
209
226
218
232
217
205
243
216
226
238
204
219
225
221
232
240
236
223
219
233
217
226
213
223
242
261
231
241
236
235
247
238
248
211
219
236
219
235
267
220
251
242
238
225
261
248
245
224
216
246
243
226
260
262
233
263
246
252
242
242
219
241
249
240
275
244
282
251
256
247
221
260
236
232
254
234
256
240
284
222
245
292
275
279
256
272
247
246
253
268
239
258
249
248
283
235
263
280
282
281
289
264
266
256
255
249
273
244
283
275
274
252
299
289
265
250
278
284
285
257
276
267
279
251
274
269
288
305
260
261
286
264
259
269
300
259
300
312
294
286
280
287
302
280
278
293
274
239
284
286
276
298
285
288
283
279
276
268
285
300
307
259
289
278
278
288
264
308
291
261
287
251
266
288
265
281
295
281
283
272
272
281
290
260
307
289
296
258
288
271
289
300
245
294
278
267
283
276
263
285
284
269
262
263
254
240
265
263
287
287
271
254
241
261
256
231
230
283
244
283
235
238
250
267
288
235
249
261
246
254
239
230
243
248
246
253
233
259
286
225
251
259
223
258
254
262
257
260
218
225
241
223
237
254
234
229
248
242
233
266
247
257
235
238
266
259
238
241
248
237
275
252
239
260
265
238
251
266
228
249
263
266
218
251
233
279
249
243
248
223
275
234
234
248
238
246
249
231
269
262
259
246
241
261
260
227
240
263
251
272
246
239
225
232
243
248
243
239
244
243
236
252
219
243
248
221
253
258
245
231
259
259
227
266
219
237
250
221
251
262
240
259
282
242
232
231
239
226
222
264
217
219
241
235
206
231
234
244
222
232
217
248
226
237
253
265
252
254
249
230
265
257
241
268
230
256
238
226
233
224
201
246
237
251
233
236
258
249
232
249
250
268
265
283
241
238
231
229
234
223
227
235
223
236
273
251
235
230
255
250
236
241
235
239
261
246
251
227
290
236
232
268
247
257
255
251
254
267
265
270
285
252
285
280
243
291
279
298
263
237
296
272
273
272
292
285
280
302
304
265
336
281
273
308
312
299
308
305
284
314
327
306
301
331
327
346
321
321
332
345
315
337
301
333
360
372
352
326
402
352
376
348
359
360
378
370
374
397
442
385
360
392
403
442
430
435
457
441
429
480
492
510
492
477
538
559
550
558
591
613
667
651
641
650
692
718
705
726
770
726
859
874
857
817
875
949
989
944
1050
997
1074
1140
1142
1142
1187
1194
1220
1218
1253
1300
1310
1353
1289
1338
1364
1389
1326
1478
1342
1352
1351
1471
1418
1499
1354
1385
1374
1354
1366
1349
1340
1360
1296
1245
1212
1254
1150
1182
1144
1158
1031
1093
988
987
943
933
874
875
876
821
801
755
763
750
693
676
674
583
619
625
617
559
524
502
472
454
476
477
434
382
449
430
386
383
367
357
341
369
335
322
342
353
342
333
314
298
292
309
319
274
257
262
261
286
258
263
264
248
232
205
249
214
228
248
270
225
235
250
223
227
207
227
203
211
218
202
220
243
233
233
241
226
251
266
241
258
300
239
241
330
298
319
346
346
377
348
398
392
365
385
475
409
407
443
420
434
439
430
433
443
442
464
451
374
404
406
384
361
350
329
299
302
296
242
230
260
223
226
212
198
191
180
164
171
140
155
158
133
178
157
136
155
171
127
150
153
154
160
114
173
156
139
170
148
139
162
156
159
142
168
152
154
192
177
184
190
149
155
191
191
198
189
196
168
167
203
215
200
188
210
204
214
217
218
253
197
249
247
231
207
227
239
246
241
221
245
219
233
255
246
244
254
239
269
237
249
222
263
255
242
247
235
254
206
249
230
227
211
227
204
227
210
229
222
213
233
167
191
168
173
186
190
190
194
172
166
187
164
171
155
154
140
138
140
141
169
135
142
139
131
130
117
129
112
131
130
129
111
115
102
107
115
109
93
94
106
88
95
112
86
83
85
90
83
70
82
67
86
72
107
82
75
76
78
70
67
56
70
84
68
71
68
75
82
61
76
68
60
77
74
76
72
60
86
62
57
57
58
70
65
64
52
60
62
53
57
52
60
61
52
42
43
52
62
53
58
59
53
58
53
48
55
49
63
54
54
47
50
55
58
59
64
45
53
50
63
64
65
63
71
66
67
65
71
69
65
75
71
85
86
73
66
73
77
87
78
72
73
67
66
69
65
85
54
61
61
70
50
46
53
47
55
39
42
38
30
43
38
52
43
37
42
46
32
47
35
45
45
35
46
46
48
43
41
42
33
38
30
51
35
39
40
37
41
40
30
41
35
33
29
34
28
24
41
43
21
39
25
26
34
47
31
31
34
31
38
35
34
32
36
35
46
27
30
25
31
40
21
33
36
36
36
37
33
24
29
32
35
22
30
37
36
35
32
40
29
27
25
30
33
26
23
35
33
34
27
31
25
34
27
37
30
37
32
37
35
35
30
29
32
23
28
27
33
22
29
25
33
30
24
19
31
21
25
27
29
29
33
37
23
30
26
31
29
27
23
29
22
26
24
25
30
30
22
13
29
33
29
33
20
30
29
23
21
34
27
29
24
24
26
24
21
36
24
22
18
20
25
18
33
28
26
21
19
23
20
32
19
29
27
29
16
36
24
20
19
25
25
22
24
27
23
13
28
23
30
33
22
29
26
20
24
25
23
34
24
26
22
20
18
30
18
15
17
19
10
24
21
23
28
24
21
25
30
30
20
24
29
19
21
16
27
28
23
29
29
31
18
20
20
21
14
21
21
16
10
25
20
18
19
17
11
11
15
21
19
24
20
22
18
19
25
22
16
16
17
17
19
17
20
20
25
17
19
18
23
19
19
18
19
13
18
22
24
22
12
8
19
15
18
23
13
14
18
13
24
19
22
22
20
23
24
15
17
22
13
14
23
11
14
14
20
28
17
20
18
10
14
18
19
12
16
23
16
19
13
15
18
10
18
21
15
14
23
14
11
18
15
10
11
20
15
15
13
20
18
14
11
16
17
14
19
16
10
12
15
19
25
13
14
15
24
17
11
11
20
19
8
8
20
16
22
7
18
14
15
16
10
9
9
13
16
15
18
16
19
15
11
15
12
13
10
20
15
13
14
14
17
12
15
14
16
17
10
8
7
6
14
12
14
22
7
9
9
13
6
15
15
10
11
20
7
11
10
7
13
12
11
13
10
19
9
20
8
19
17
13
12
11
17
16
7
10
5
10
6
15
14
9
13
8
16
11
14
8
11
9
9
14
14
10
12
8
13
10
13
11
16
12
11
12
19
14
13
14
10
6
8
13
10
10
9
9
9
11
15
12
7
4
6
14
11
18
7
15
6
8
4
7
13
13
9
10
8
5
6
14
9
8
8
10
12
8
12
6
9
11
12
10
8
14
8
6
10
7
11
4
9
10
10
9
6
7
11
18
11
12
8
10
7
5
6
6
10
14
8
11
12
12
6
9
11
8
9
6
11
3
8
7
6
13
10
6
10
7
9
9
12
6
6
7
4
7
7
8
5
3
8
10
6
8
4
9
15
8
9
8
5
5
8
8
4
8
9
9
7
10
7
10
9
4
5
3
5
8
6
4
15
5
12
6
2
12
4
3
6
6
5
9
9
10
13
6
8
9
6
2
5
8
4
4
6
9
5
6
3
3
8
5
7
7
9
8
3
7
6
3
7
5
3
4
5
4
4
7
7
5
6
3
8
3
6
5
7
5
6
7
7
3
5
8
9
6
3
10
7
8
4
3
3
4
3
3
7
4
11
5
6
2
9
6
4
3
8
7
2
6
3
3
3
10
7
6
6
9
6
6
7
6
5
3
7
3
3
3
1
0
2
4
3
5
4
4
4
8
7
8
7
7
8
3
7
4
7
5
4
3
3
6
7
6
3
7
9
1
8
5
5
5
8
5
2
4
5
11
2
7
2
7
2
5
4
5
3
7
4
9
9
4
1
3
5
5
5
3
4
1
2
7
3
5
1
4
3
4
5
1
4
5
7
1
4
2
4
3
3
1
5
2
6
3
1
1
3
2
7
3
4
4
4
5
6
3
5
7
6
2
2
4
3
1
1
1
4
4
2
1
1
4
2
3
7
2
3
5
2
4
4
1
2
2
3
5
1
3
7
5
4
8
3
4
4
3
4
3
4
5
3
5
4
0
1
3
3
4
5
3
5
3
3
1
3
0
3
2
0
3
3
1
2
2
3
1
3
5
4
4
2
1
4
4
3
1
0
9
0
3
1
2
0
2
5
1
4
1
4
1
3
1
2
6
4
4
3
4
1
4
5
4
5
1
4
0
3
4
5
3
0
4
4
1
3
4
7
1
4
5
3
3
2
3
6
5
0
3
0
4
4
5
1
0
3
0
1
2
2
4
5
4
0
4
0
2
3
1
5
1
0
2
2
1
3
3
3
0
1
3
4
3
2
3
2
2
5
1
2
1
2
2
3
1
2
1
0
5
0
3
2
2
4
4
3
4
1
0
6
3
0
3
1
3
1
0
2
1
1
2
1
5
3
3
2
5
3
0
5
3
0
0
3
0
1
3
1
2
5
2
2
2
3
0
3
4
2
1
1
2
1
1
1
3
3
1
1
1
2
1
3
1
3
2
3
2
3
1
2
0
0
1
0
1
2
0
1
2
1
0
3
1
2
1
1
1
0
3
1
0
1
1
2
0
2
0
3
1
0
2
5
0
2
3
0
0
2
1
2
1
3
1
3
0
0
0
1
0
3
1
1
1
1
1
1
1
2
1
0
1
0
0
1
1
0
3
1
3
2
0
2
0
1
1
2
2
2
1
1
0
2
3
1
0
1
1
1
1
1
3
1
1
0
1
2
1
1
0
0
0
0
1
5
1
0
1
1
1
1
0
0
1
2
4
1
0
1
2
0
3
2
1
1
2
1
1
1
1
1
0
0
1
0
0
1
0
0
0
1
2
1
0
5
0
0
2
1
0
1
0
2
2
2
2
1
2
2
0
1
0
0
0
1
4
4
1
1
0
1
2
1
0
2
0
1
2
2
0
0
0
1
0
1
1
3
1
1
1
0
0
2
1
0
2
2
3
0
3
2
0
0
1
1
1
2
0
1
0
1
0
0
0
0
1
1
0
1
0
0
0
1
1
2
0
0
0
0
0
0
0
1
2
0
0
0
0
2
1
1
0
1
0
1
2
3
0
2
1
1
1
1
2
0
0
2
1
1
1
0
1
0
2
0
1
0
1
1
0
2
1
0
0
0
0
0
2
2
1
0
0
1
1
1
0
1
0
1
1
1
1
2
1
1
0
0
1
2
0
1
1
0
1
1
0
0
0
0
2
0
1
0
0
0
2
0
0
0
0
0
1
1
1
1
0
1
0
0
2
0
0
0
0
0
0
2
1
1
0
2
0
0
1
0
1
0
1
0
0
0
1
1
1
0
3
1
1
1
0
0
0
1
0
0
0
0
2
1
0
0
1
0
1
2
1
0
0
0
1
2
1
0
0
1
0
0
0
0
0
0
0
0
1
0
0
0
3
0
0
1
1
1
0
0
0
0
0
1
0
1
1
0
0
1
0
1
0
1
0
0
0
0
0
0
1
0
1
1
0
1
1
1
0
0
0
0
1
1
1
0
1
0
0
0
1
0
2
1
1
1
1
0
0
1
0
0
1
0
2
0
0
0
1
0
0
1
2
0
0
0
0
1
2
1
0
0
1
0
0
1
0
0
1
0
1
0
0
0
0
0
0
0
0
0
0
0
0
0
1
0
0
0
0
1
2
0
1
0
0
0
0
1
1
0
0
0
1
1
0
0
0
0
1
0
0
0
0
0
0
1
0
0
0
0
0
0
0
1
1
0
0
0
2
2
1
0
2
0
0
1
1
0
2
1
0
1
0
1
0
0
1
0
0
0
0
0
0
0
0
0
0
0
1
1
0
0
0
0
0
0
0
0
0
0
0
0
0
0
1
0
0
0
0
0
0
0
0
1
0
0
0
0
0
3
0
0
0
0
0
0
0
0
0
0
0
1
0
0
0
0
1
0
1
0
0
0
0
0
0
0
0
0
0
0
0
0
0
0
1
0
0
0
1
1
