0
0
0
0
0
0
0
0
0
0
0
0
0
0
0
0
0
0
0
0
0
0
0
0
0
0
0
0
0
0
0
0
0
0
0
0
0
0
0
0
0
0
0
0
0
0
0
0
0
0
0
0
0
0
0
0
0
0
0
0
0
0
0
0
0
0
0
0
1
0
2
1
1
2
3
3
3
4
4
1
1
6
14
44
130
345
972
2266
4896
9523
17104
27756
40646
54979
65974
72878
73507
66101
54372
41411
28350
17441
9935
5007
2301
1005
376
142
52
12
9
1
4
2
1
2
1
0
0
0
0
1
0
0
0
0
0
0
0
0
0
10
76
67
65
53
42
53
48
47
49
63
40
48
64
58
42
43
41
53
47
56
52
37
44
29
39
47
39
37
55
54
47
41
44
49
49
29
49
38
42
46
44
33
35
34
41
35
27
29
45
55
47
30
43
48
30
41
40
40
44
57
41
36
38
32
49
50
38
48
64
56
62
82
91
88
106
97
95
114
81
79
66
96
71
61
56
58
50
61
50
46
69
46
53
55
45
51
60
53
47
62
58
54
51
57
61
62
76
83
69
90
103
110
97
121
128
113
145
146
152
157
160
174
187
206
314
423
658
1232
2013
3330
5204
7568
11120
15151
19771
23835
28232
30704
31905
31323
29631
25963
21965
17808
13588
10003
7318
5184
3687
2601
1955
1381
1028
749
544
417
300
257
230
253
255
336
397
476
503
539
540
489
459
417
308
305
209
150
128
106
51
59
50
57
36
40
35
20
20
17
14
11
12
9
20
11
7
12
10
7
17
11
7
6
13
12
13
8
13
4
8
11
11
8
11
11
17
6
13
10
9
12
12
11
8
9
10
12
10
14
10
19
16
9
27
22
26
32
30
26
30
21
21
12
16
17
12
18
27
14
15
18
17
24
19
14
24
20
16
16
14
8
15
20
12
18
15
11
15
21
8
11
5
11
8
6
5
5
9
6
8
11
4
5
8
9
5
10
7
9
5
9
5
2
9
4
6
8
6
7
6
8
4
11
10
12
10
19
14
11
24
18
26
28
25
30
30
20
23
18
12
20
20
10
15
15
9
8
3
11
8
8
10
10
10
10
10
7
10
8
10
10
5
13
4
12
5
8
9
6
6
5
9
5
5
7
10
10
5
7
7
7
4
9
2
6
14
6
5
4
9
9
4
10
6
8
11
8
7
9
6
8
5
6
7
5
6
4
9
7
7
4
5
3
9
10
3
6
8
5
7
10
0
6
2
6
2
12
9
7
7
6
2
6
5
10
4
11
2
2
10
5
11
3
4
6
8
14
9
6
7
7
5
1
4
10
3
3
6
10
6
6
7
6
6
6
5
6
7
4
4
13
7
8
9
8
7
9
7
8
13
5
7
6
5
6
11
12
9
5
9
10
6
20
7
8
14
7
11
11
15
7
9
10
10
9
7
8
7
10
7
9
7
12
5
8
6
5
7
8
10
8
6
10
11
17
18
13
7
12
9
12
12
15
11
6
9
7
12
12
7
8
14
14
5
15
15
12
12
16
5
16
10
13
9
14
3
15
21
10
12
22
21
13
9
14
14
13
11
19
15
10
9
19
20
19
16
14
15
18
19
21
17
18
13
24
23
14
19
25
13
17
20
15
18
14
15
18
21
8
18
19
19
19
19
19
16
22
22
19
18
24
14
29
16
16
21
18
24
15
20
24
23
22
19
29
20
28
30
18
22
18
31
22
13
22
33
30
22
27
20
22
30
26
26
35
30
28
19
25
38
30
27
29
20
16
29
28
29
30
26
41
32
28
30
27
37
36
40
35
34
34
39
34
61
47
39
43
42
40
45
36
41
50
44
46
46
31
54
48
48
41
52
46
52
48
47
60
56
50
47
53
58
56
60
61
64
59
54
66
58
55
64
52
58
55
78
60
52
64
68
86
71
74
59
82
84
68
85
85
61
96
88
69
88
95
80
99
93
81
76
81
90
80
93
78
95
68
92
82
78
69
61
72
67
67
75
91
74
76
70
70
71
74
82
91
69
70
74
87
61
68
50
59
68
61
59
67
76
62
88
72
69
66
78
67
59
84
60
72
70
68
59
65
57
75
94
73
75
70
79
65
69
72
77
60
83
67
65
73
66
80
65
54
68
83
61
65
71
70
64
66
85
60
69
59
93
63
66
83
59
78
80
87
64
79
81
88
65
67
80
56
84
58
77
72
65
66
69
78
63
82
62
79
66
69
75
71
64
75
86
68
75
79
80
82
64
74
66
65
73
86
79
75
69
91
76
66
65
63
95
76
79
66
82
69
86
81
88
79
90
98
101
99
144
171
165
195
190
281
310
359
430
497
563
639
724
871
943
918
959
1010
960
1030
1009
912
911
828
811
690
586
557
502
412
339
260
262
183
187
168
145
117
117
114
101
117
92
99
98
83
89
66
74
108
90
87
105
98
90
90
100
110
88
107
112
99
100
98
93
101
92
115
105
102
101
97
101
91
95
86
91
109
94
92
96
104
107
105
106
96
112
98
104
101
100
100
104
101
108
117
127
126
117
118
125
141
112
122
123
112
135
132
147
149
169
155
185
180
211
239
189
221
238
271
227
252
254
225
245
210
229
188
193
196
175
163
172
155
168
140
124
152
130
120
152
125
157
146
163
153
138
126
160
129
131
145
166
155
160
164
166
150
181
175
179
171
160
190
174
191
190
188
224
205
220
187
230
227
183
222
250
266
229
210
266
226
211
232
223
226
248
232
252
248
230
240
215
249
251
249
243
247
243
256
211
232
242
243
208
223
223
240
222
183
232
206
245
222
210
210
240
209
243
216
221
198
236
229
216
200
240
222
248
215
235
202
217
224
216
221
212
222
227
229
216
221
216
226
229
248
217
237
219
221
212
196
226
198
217
204
217
199
223
215
217
207
224
210
211
211
222
202
199
205
207
203
220
214
192
184
194
195
218
181
184
191
194
198
195
207
201
209
185
166
171
185
167
189
188
193
187
205
180
179
189
178
196
195
204
182
186
185
183
203
204
221
177
193
171
192
178
211
192
184
192
185
191
190
192
187
189
207
187
189
210
196
178
208
189
185
173
177
178
203
187
200
231
178
190
191
190
178
191
170
201
184
209
211
210
197
214
193
213
186
207
228
207
197
199
211
194
211
210
197
222
211
226
240
225
200
211
208
220
198
238
228
231
234
224
200
249
229
224
240
245
228
202
257
232
227
225
213
208
217
245
246
227
221
247
196
203
247
230
230
216
243
220
228
227
221
224
224
239
202
228
220
223
209
245
229
215
216
214
215
204
227
230
233
227
203
253
228
216
229
202
232
234
233
244
211
200
204
243
253
230
242
254
230
243
225
232
236
236
231
233
211
198
218
211
234
230
226
241
229
229
240
230
186
202
239
241
247
243
259
253
232
238
247
255
266
250
224
242
278
239
264
221
225
237
236
236
238
245
253
256
248
228
228
260
259
233
263
223
252
221
260
251
254
241
254
255
253
266
254
247
286
248
272
260
274
257
276
248
249
276
236
264
240
297
236
253
263
245
264
247
266
250
275
252
248
235
271
254
253
291
263
255
319
278
243
237
261
272
256
272
274
293
276
243
263
260
276
295
276
292
272
276
307
248
282
277
309
269
292
297
280
296
277
279
266
294
317
256
292
291
289
259
247
275
268
296
305
254
280
291
275
316
283
285
257
294
269
297
273
282
295
272
275
287
257
255
276
263
257
298
261
256
284
278
258
258
279
287
256
302
273
262
242
252
284
287
289
263
262
266
256
251
263
252
259
241
273
248
257
283
249
241
290
244
214
247
233
264
232
252
258
262
242
246
259
254
256
269
245
266
257
260
234
249
261
211
232
264
230
248
234
240
251
243
249
229
237
246
255
241
257
262
250
250
242
257
259
218
247
250
228
249
274
261
255
217
233
252
247
252
251
258
234
219
248
241
239
212
238
229
242
254
232
269
251
251
251
259
257
262
232
224
254
212
242
213
229
241
232
246
238
246
216
251
228
268
252
258
238
237
244
246
262
242
245
243
256
235
232
252
238
235
238
268
242
228
242
263
239
240
258
239
232
207
244
242
211
247
233
228
220
242
232
255
254
247
220
280
230
231
207
229
247
238
254
226
228
258
231
221
256
234
220
232
259
211
250
216
228
249
207
256
242
250
224
260
232
237
230
216
276
260
267
260
229
267
246
251
241
234
253
251
248
273
234
252
254
238
243
241
201
228
232
258
272
239
259
247
260
243
281
258
250
248
257
249
255
228
273
248
247
271
253
261
279
247
257
249
280
269
248
245
250
279
276
268
304
280
252
288
280
287
272
300
290
293
280
289
290
321
313
310
318
328
301
352
290
304
318
281
341
310
305
318
325
333
341
326
363
316
345
344
374
369
360
380
354
386
395
353
373
398
403
390
434
388
391
391
429
461
418
459
457
505
494
502
479
476
550
552
589
585
581
643
569
662
611
687
693
751
717
785
768
841
858
836
897
923
930
931
1045
1034
987
1056
1057
1118
1122
1204
1116
1244
1240
1225
1305
1311
1357
1321
1327
1359
1311
1459
1378
1414
1392
1360
1397
1380
1436
1425
1339
1358
1330
1396
1309
1281
1252
1263
1310
1178
1204
1171
1162
1142
1086
1079
1120
997
1017
950
896
877
896
881
826
819
731
736
717
661
638
605
626
577
562
515
529
542
498
477
438
448
447
439
418
421
422
410
411
404
330
349
349
299
351
323
331
299
314
328
321
264
296
303
279
256
278
265
266
257
257
253
246
254
257
224
234
244
217
220
213
240
236
200
215
228
216
194
213
214
219
245
262
240
196
214
234
255
230
269
283
263
271
274
300
311
318
312
318
374
345
376
360
375
397
399
430
437
426
462
474
456
455
431
416
443
426
411
391
359
335
397
365
375
306
316
271
296
277
226
232
206
217
215
175
204
183
180
154
174
156
160
143
136
143
153
141
131
150
182
168
168
147
143
144
164
154
139
168
148
169
164
158
148
148
148
145
166
176
174
160
157
179
185
184
179
181
201
189
193
232
188
201
204
196
208
195
229
220
186
220
253
246
223
262
248
222
226
210
247
253
247
232
254
238
255
253
225
242
284
231
267
252
230
240
225
237
264
259
244
220
240
208
213
235
235
200
234
205
210
194
186
177
178
195
190
176
192
181
173
174
191
186
149
153
163
152
147
149
126
136
147
145
123
133
128
129
115
112
129
115
107
113
106
98
116
104
95
111
108
95
97
107
105
101
93
81
90
94
89
78
89
83
64
77
72
76
53
79
65
66
68
84
83
61
63
65
57
78
62
71
63
61
50
67
80
64
68
51
52
68
62
52
60
55
53
59
59
66
65
47
47
62
68
56
63
62
61
51
54
49
60
50
56
59
55
57
56
45
65
50
58
47
44
51
46
55
50
60
56
67
58
74
59
49
64
56
53
77
88
64
52
73
73
61
83
71
79
65
75
83
48
70
73
63
51
57
68
70
31
69
57
60
43
56
50
51
30
41
48
51
32
43
32
42
42
52
32
35
35
38
38
40
43
39
44
45
45
40
43
47
29
36
58
48
38
46
43
43
28
34
40
27
38
32
45
44
39
28
31
35
37
35
20
36
38
31
36
28
20
26
29
32
33
30
30
27
33
41
35
27
39
41
34
30
27
35
32
32
33
32
25
30
31
24
30
46
37
32
36
31
27
30
40
30
23
37
31
28
31
30
30
27
35
31
37
34
31
34
31
24
35
28
25
18
37
38
30
34
22
19
20
35
22
34
25
39
31
27
24
22
30
33
16
26
35
37
26
30
20
34
28
31
32
20
24
28
25
35
24
23
21
30
16
23
31
27
24
28
31
23
28
24
22
18
31
24
18
12
19
19
29
34
26
20
26
15
36
22
20
19
22
25
19
32
27
19
30
20
26
29
20
14
23
23
22
22
27
22
26
21
22
18
29
19
16
21
30
20
17
23
30
14
18
34
27
26
23
25
18
18
28
23
34
24
23
18
24
16
26
18
22
22
23
31
28
13
14
25
17
23
18
20
27
17
18
22
15
19
26
25
21
18
24
24
25
20
19
31
15
20
13
27
16
19
27
18
25
18
22
19
24
25
18
14
16
23
20
17
27
17
15
19
20
15
20
22
27
18
27
16
19
13
16
10
13
23
19
17
16
15
17
18
17
17
9
20
20
15
13
18
11
18
11
19
17
13
10
14
20
12
14
14
16
10
9
20
12
19
11
13
20
13
9
15
8
14
16
17
12
18
14
18
14
18
12
17
16
10
9
20
17
13
15
22
15
12
20
13
15
15
19
16
17
15
8
14
18
13
8
13
17
13
12
13
17
9
10
19
22
9
14
14
17
14
15
18
13
11
25
9
16
12
10
11
15
11
17
17
13
18
14
12
15
14
11
11
11
14
11
12
16
15
14
7
15
13
11
8
13
12
13
11
9
7
16
12
8
11
6
13
11
15
18
15
13
16
22
15
6
9
13
10
7
13
13
14
9
10
13
16
16
8
11
7
7
8
12
14
10
12
12
14
13
7
2
6
14
8
16
12
13
11
8
10
8
7
15
7
10
14
14
11
8
9
12
12
7
8
6
10
14
9
15
5
11
8
6
11
12
10
12
16
12
9
9
7
10
10
12
7
8
16
11
8
8
10
6
6
11
7
13
9
8
8
4
7
9
8
10
11
8
8
11
4
12
7
8
7
6
6
7
10
7
8
8
12
8
9
9
13
17
8
7
6
11
6
9
6
10
10
7
3
12
8
8
11
7
10
8
11
7
3
5
12
10
10
8
5
12
4
14
8
5
9
14
6
3
9
5
9
7
6
8
10
8
10
7
5
3
10
9
9
12
2
6
5
13
4
9
6
8
6
4
9
5
8
15
7
8
2
5
3
6
7
2
4
8
4
4
6
3
9
5
8
5
8
4
11
5
7
7
9
2
6
10
5
6
10
6
5
4
7
5
7
8
5
9
3
4
11
9
3
5
6
5
2
4
5
6
3
8
7
9
7
1
7
7
6
8
7
1
2
4
9
5
5
11
5
5
4
5
6
2
6
5
6
7
8
7
12
4
2
5
5
2
6
6
6
8
7
5
6
6
6
5
9
6
2
4
12
1
4
4
5
7
2
5
4
5
3
12
6
2
5
5
6
8
6
11
7
5
6
8
4
8
4
4
3
2
6
4
3
0
5
8
2
5
4
5
5
5
3
2
7
3
8
3
4
5
6
2
3
4
3
4
5
3
2
6
4
3
2
3
4
3
4
4
6
3
4
8
7
6
1
5
5
2
7
4
2
4
4
4
2
4
3
3
6
5
5
2
5
2
1
2
2
4
2
2
6
4
3
3
3
1
1
5
7
1
2
4
3
5
4
4
2
7
3
3
2
3
4
2
1
5
0
4
5
1
2
3
1
4
4
2
1
1
1
6
3
2
3
5
1
4
2
1
4
1
2
3
1
1
5
4
2
3
5
6
3
6
2
4
2
1
4
7
4
3
3
1
5
4
0
6
0
5
2
2
3
3
2
2
4
1
3
1
5
6
3
0
2
1
1
4
6
2
1
1
1
5
4
1
3
1
3
6
2
4
6
3
1
4
2
2
2
3
2
3
1
3
0
2
1
3
2
3
3
5
3
3
1
6
2
2
3
5
1
2
3
1
4
2
1
2
2
2
1
1
3
0
4
6
5
1
2
1
1
1
1
5
1
0
6
2
2
1
2
2
4
1
2
3
3
3
0
2
3
1
1
4
2
1
2
1
1
0
0
2
1
2
3
0
3
1
2
0
2
0
5
4
5
4
2
2
3
0
1
2
0
0
3
3
2
0
5
1
2
2
1
2
1
2
2
2
1
0
1
0
1
0
1
0
2
3
1
1
3
4
0
5
0
1
1
1
2
1
2
3
1
2
3
4
3
3
2
1
0
1
2
1
3
3
2
2
2
2
1
2
0
1
1
1
2
1
1
1
1
1
0
2
2
1
2
1
1
1
0
0
2
2
1
2
1
2
3
2
1
1
1
1
0
3
2
0
2
0
3
3
1
0
0
0
1
0
1
2
2
1
2
0
0
1
1
1
0
5
2
1
0
0
3
1
0
1
2
1
1
1
2
3
1
1
3
1
1
1
0
1
0
1
0
2
1
2
2
0
0
1
1
1
0
1
0
0
2
1
1
0
1
2
1
0
1
0
0
0
3
2
3
1
1
0
0
0
0
1
1
1
1
0
0
2
0
3
4
0
1
2
0
0
0
0
1
2
3
2
1
0
1
0
1
0
1
0
1
3
0
0
0
1
0
1
2
0
1
1
1
1
0
1
1
0
0
0
1
0
0
1
0
0
0
1
0
1
2
2
2
0
0
0
0
3
3
0
0
0
0
4
1
1
2
2
0
1
1
0
2
1
0
0
1
1
0
0
0
1
0
1
2
2
1
3
1
1
1
1
0
1
0
1
0
1
2
0
0
2
0
1
0
1
0
0
1
0
3
1
1
0
1
0
1
0
1
2
2
1
1
0
0
1
1
1
2
1
1
1
2
0
2
1
1
1
0
0
1
1
0
0
0
0
0
1
1
1
2
1
0
0
0
0
1
0
0
0
0
1
0
0
0
1
0
0
1
0
1
0
1
0
0
1
1
0
0
2
1
0
2
1
2
0
0
0
0
0
0
1
1
2
0
0
0
0
1
0
0
2
0
0
1
0
1
0
2
1
1
0
0
0
1
1
0
0
0
0
0
0
0
1
1
1
2
1
0
0
1
0
1
3
1
0
0
0
0
2
3
0
0
0
0
0
0
0
1
0
1
0
1
0
0
0
0
0
0
0
0
0
0
0
0
1
0
2
3
0
2
0
2
0
2
0
2
1
0
1
0
0
0
1
2
0
1
0
0
0
0
0
1
0
0
0
2
0
0
0
1
1
3
0
1
2
1
0
1
0
0
1
0
0
0
0
0
0
0
0
0
0
0
0
0
0
0
0
1
0
1
0
1
0
0
0
1
0
0
0
0
1
0
0
0
0
2
0
1
0
0
0
1
1
1
1
1
0
0
0
0
0
0
0
0
0
0
0
0
0
0
0
0
0
0
0
1
0
0
0
0
0
1
0
0
0
0
0
0
0
0
3
1
2
0
0
0
0
0
0
1
0
0
1
1
0
0
0
0
0
0
0
0
0
0
0
0
0
0
0
0
1
0
0
1
0
0
0
0
1
1
0
0
0
0
0
0
0
0
0
0
1
0
1
0
0
0
0
0
0
0
0
0
0
0
1
0
1
0
0
0
0
2
1
0
0
0
0
1
0
1
1
0
0
0
0
0
0
0
1
0
1
0
0
0
0
0
0
0
0
0
0
0
0
1
0
1
0
1
