0
0
0
0
0
0
0
0
0
0
0
0
0
0
0
0
0
0
0
0
0
0
0
0
0
0
0
0
0
0
0
0
0
0
0
0
0
0
0
0
0
0
0
0
0
0
0
0
0
0
0
0
0
0
0
0
0
0
0
0
0
0
0
0
0
0
2
1
2
0
1
2
3
4
2
6
4
4
6
1
1
4
17
35
109
384
939
2189
4768
9468
17050
27865
40591
54657
65845
72995
73617
66513
55317
41278
27985
17442
9963
5085
2379
969
381
136
42
16
4
3
0
2
1
1
0
0
0
0
0
1
2
1
2
2
0
1
0
0
0
8
69
64
62
50
61
57
67
60
48
55
58
66
58
56
54
57
54
55
51
47
56
45
55
55
50
61
57
50
39
59
57
49
44
64
51
50
58
37
49
35
50
50
49
36
42
51
33
48
51
49
43
28
46
57
48
42
49
58
48
49
53
48
59
68
49
64
41
57
76
86
75
88
85
118
105
121
111
109
101
92
83
78
61
53
67
45
49
56
63
48
53
48
50
52
55
58
47
64
60
40
65
55
73
56
83
57
84
86
86
97
104
112
116
130
138
126
163
175
165
217
201
236
283
325
404
570
876
1369
2163
3495
5425
8102
11450
15614
20338
24836
28993
31471
32924
32481
30100
26997
22600
18033
13885
10302
7558
5214
3708
2740
1953
1374
1072
799
559
434
324
267
243
277
282
403
427
499
519
554
518
526
423
408
288
277
193
153
132
80
85
72
51
53
46
38
32
34
23
22
18
12
17
13
11
8
14
10
6
10
8
10
3
5
7
10
7
7
10
9
10
12
4
9
9
8
6
6
6
12
10
7
11
11
14
5
15
12
12
15
16
18
17
22
29
32
23
27
22
27
25
22
25
19
24
16
13
23
14
24
26
16
20
16
25
19
17
20
17
21
20
16
23
19
12
19
24
15
15
18
12
14
9
11
8
7
12
11
8
7
4
6
6
5
11
10
4
8
8
7
7
5
5
7
10
4
6
6
6
4
7
4
6
9
8
11
17
12
19
14
19
21
13
19
28
24
23
26
26
17
15
25
13
18
10
16
14
9
10
9
15
13
8
9
7
12
12
17
9
12
13
12
12
9
5
8
11
9
4
6
2
7
4
5
7
11
7
7
6
12
14
11
6
12
7
9
8
12
8
7
6
2
9
4
7
7
8
6
6
7
3
11
4
5
6
7
7
7
5
6
4
6
6
8
9
13
6
5
6
9
8
8
4
5
8
9
5
10
7
5
7
5
3
5
6
6
4
9
5
7
6
7
6
7
3
4
11
7
9
6
5
8
7
12
3
10
4
8
14
8
6
4
5
5
9
4
9
14
10
9
7
5
7
8
12
10
10
7
4
10
4
4
8
7
5
12
12
16
7
10
9
3
9
7
8
15
4
8
9
9
6
7
8
10
9
8
7
8
15
16
9
12
14
9
13
5
15
9
9
9
9
11
9
12
12
11
11
13
15
13
15
11
7
7
13
11
11
12
12
14
15
11
9
12
11
18
16
15
12
15
17
19
16
12
15
18
12
13
12
13
18
14
18
11
20
12
14
18
21
20
15
10
14
15
24
17
16
12
21
18
14
18
15
18
26
11
24
17
22
22
14
20
19
20
16
16
14
19
11
20
14
20
14
20
26
19
12
18
24
32
14
17
22
14
18
22
14
20
20
22
29
36
14
30
35
16
31
25
18
25
28
26
29
28
32
32
21
27
27
24
34
33
25
34
38
28
29
31
33
25
31
42
37
34
30
36
30
39
30
36
21
39
32
28
24
29
34
37
39
38
22
46
35
40
47
40
35
38
36
32
57
36
42
43
49
42
37
47
42
50
39
51
39
53
49
56
47
47
59
53
40
58
58
64
58
62
57
60
56
57
54
64
64
78
82
63
62
70
77
63
69
74
74
92
68
70
75
77
82
90
88
80
80
76
78
108
95
70
77
107
82
97
79
80
69
101
88
95
76
62
81
73
68
64
60
83
74
77
83
72
86
70
75
79
74
79
87
77
97
73
75
87
77
62
73
75
78
70
69
69
70
68
59
69
74
67
77
65
63
79
58
55
75
75
76
61
68
87
81
81
68
73
67
79
60
75
68
59
62
71
86
69
81
71
71
71
61
71
65
75
84
61
65
74
59
65
88
63
66
64
83
61
85
76
77
67
71
76
73
69
63
77
60
59
83
83
78
84
68
66
85
81
65
78
79
86
80
67
72
79
66
58
82
73
72
64
60
68
70
75
62
67
75
80
86
77
71
84
92
81
77
71
82
74
75
99
83
87
87
103
86
89
105
116
133
124
163
186
244
269
323
378
455
514
548
686
733
858
883
925
1050
1020
1016
978
1030
1057
936
857
800
758
652
554
513
435
357
320
238
211
183
165
131
119
117
124
96
122
101
108
92
87
96
100
81
107
89
105
96
88
84
105
101
84
90
99
110
112
89
98
123
109
105
107
90
100
104
103
95
85
101
110
85
111
133
107
118
124
103
108
109
120
119
112
111
123
123
123
95
129
130
125
115
121
138
139
126
125
136
142
135
153
135
168
158
164
187
164
190
222
217
247
202
241
275
283
258
282
262
256
233
227
213
225
238
220
213
198
163
152
177
148
164
159
167
160
155
158
156
163
173
181
145
151
166
145
156
171
170
201
164
164
188
188
194
173
159
182
191
177
175
167
182
190
199
198
184
199
205
216
216
206
213
201
208
212
228
240
212
235
233
220
230
234
255
248
252
242
242
232
248
258
242
240
243
231
235
226
212
229
265
266
245
301
245
275
250
260
239
273
261
238
252
252
240
253
250
278
266
271
255
283
288
261
289
283
312
262
256
257
273
288
292
276
253
262
273
295
277
257
283
254
260
296
299
257
295
232
244
283
267
255
267
260
234
248
265
273
259
253
267
268
276
285
243
252
273
242
245
241
240
237
267
220
245
271
261
236
244
250
249
234
234
223
232
245
243
251
254
229
219
267
229
229
236
236
235
231
203
213
240
266
233
227
255
248
239
268
220
263
246
240
256
218
242
246
242
222
253
236
258
248
242
265
272
224
245
263
234
264
272
230
259
236
262
230
267
248
256
238
257
253
238
256
259
251
256
298
246
277
280
254
246
253
260
259
258
233
241
263
250
253
261
270
267
275
261
255
274
267
290
272
281
262
272
303
269
261
292
310
267
283
311
280
301
286
290
268
271
300
300
295
280
308
273
299
297
285
300
281
259
259
302
294
311
302
275
283
272
272
294
274
299
280
312
280
314
302
291
307
281
281
274
277
268
280
302
282
294
299
311
312
308
331
293
290
273
283
307
314
286
280
276
318
306
290
281
292
309
297
310
309
290
305
286
324
287
311
314
324
288
320
339
302
321
320
346
307
305
320
329
314
305
321
307
306
333
299
331
311
327
322
323
291
318
304
323
326
299
316
323
314
316
354
337
357
323
344
358
351
315
339
327
273
323
323
330
367
337
301
333
331
351
318
382
343
341
337
340
326
310
354
326
354
327
354
377
335
360
350
334
361
333
349
326
391
364
380
322
324
358
345
342
360
338
368
327
310
369
384
352
348
353
353
349
363
341
346
350
354
348
349
333
371
388
378
380
357
371
365
352
377
366
380
355
390
332
383
354
366
382
355
390
365
366
342
385
374
380
335
371
362
355
364
367
408
361
358
367
374
383
365
352
338
342
352
350
352
335
346
346
361
350
316
363
345
358
372
321
350
334
325
332
374
342
368
314
312
352
328
326
335
354
359
323
341
356
316
347
329
384
324
346
321
308
335
326
352
340
318
335
331
305
321
335
339
314
332
330
298
328
312
354
329
316
325
301
308
313
336
300
305
329
313
317
319
341
325
305
300
324
326
305
323
320
296
292
304
298
296
326
305
312
336
282
312
338
336
335
302
336
302
303
303
325
320
319
336
328
337
314
300
333
315
323
315
332
333
310
280
344
292
309
305
328
283
281
295
334
292
317
285
318
279
303
304
293
338
309
310
320
313
308
345
305
309
265
276
296
311
304
324
293
261
305
307
366
317
315
313
287
329
287
322
302
279
292
295
322
283
306
311
313
294
315
318
299
289
298
275
298
299
271
301
294
283
272
283
300
283
301
290
290
246
302
309
337
288
303
314
284
316
292
296
309
307
267
316
284
310
325
262
317
279
291
321
283
315
288
281
335
309
273
289
275
265
297
311
312
305
305
298
318
305
284
278
308
297
339
285
299
306
308
277
311
293
316
293
325
291
289
319
323
307
321
313
286
335
321
299
353
340
292
296
297
309
321
325
362
342
328
335
303
327
340
342
329
340
390
339
385
340
381
323
348
354
344
366
373
387
364
369
377
357
349
367
403
377
420
387
360
404
406
411
426
415
400
468
433
438
381
460
429
456
401
447
453
465
445
487
460
463
466
499
526
501
551
526
583
600
562
588
598
611
616
663
650
647
676
687
708
729
755
806
791
899
900
939
945
939
932
1027
1024
1084
1109
1155
1175
1225
1224
1290
1291
1289
1367
1442
1409
1532
1489
1503
1649
1538
1540
1585
1645
1680
1658
1664
1684
1720
1654
1693
1640
1644
1641
1735
1660
1617
1681
1597
1549
1582
1520
1531
1476
1498
1409
1491
1427
1381
1317
1251
1404
1227
1177
1222
1141
1057
1070
947
1004
950
898
883
889
761
839
775
739
685
680
662
684
650
591
585
571
559
544
564
485
542
426
458
429
423
422
411
411
435
381
405
401
352
411
367
380
330
338
342
364
354
336
320
333
332
297
290
301
271
273
309
299
279
297
269
275
247
236
224
249
215
256
241
256
251
263
246
259
239
249
248
232
266
286
265
270
308
277
336
315
347
336
379
314
353
339
371
374
410
409
452
460
460
471
450
456
467
465
470
439
489
462
436
452
461
449
445
386
361
381
343
336
298
317
284
277
262
246
229
215
210
190
194
206
181
177
197
177
140
180
175
172
179
169
166
155
167
173
166
154
162
196
162
198
179
165
175
191
167
183
193
186
188
187
195
210
199
212
182
230
215
212
213
217
192
220
237
235
227
226
237
230
238
253
232
275
259
265
271
259
281
272
268
274
292
262
296
300
275
312
289
276
284
287
266
278
309
256
262
278
246
282
280
247
250
252
267
256
223
253
254
239
237
228
235
236
238
230
248
233
217
206
212
180
177
195
186
198
184
213
176
180
171
175
157
163
143
137
147
150
140
151
147
127
139
123
140
129
120
116
103
96
133
143
109
117
118
118
113
90
95
115
77
105
96
86
91
112
109
83
95
80
98
80
77
96
70
78
89
76
78
65
60
77
79
77
65
73
76
71
62
76
75
63
68
66
70
89
84
66
70
62
73
60
58
52
57
53
65
45
60
73
64
47
51
63
52
50
58
60
59
74
50
48
50
60
56
69
62
59
61
66
59
65
70
64
69
60
68
67
55
58
65
79
70
78
73
82
84
84
71
81
75
94
70
93
73
82
80
83
68
84
67
64
58
58
64
61
53
40
67
48
39
49
46
46
65
41
53
50
50
48
48
57
34
48
48
45
47
43
50
40
43
35
46
46
41
46
50
48
40
47
53
42
28
34
31
38
45
49
47
49
33
35
49
32
28
41
38
38
30
46
39
41
29
23
36
35
36
32
32
37
32
43
40
34
27
35
46
39
39
35
49
32
39
26
33
36
42
34
46
28
29
27
23
33
29
36
37
35
38
40
34
24
31
29
36
33
35
23
41
29
27
36
35
35
30
42
30
31
20
25
43
25
24
25
29
24
37
21
41
29
24
18
35
24
27
23
39
30
23
24
19
24
33
26
26
29
22
19
31
21
22
30
26
27
26
35
23
29
25
20
17
23
36
37
21
21
31
31
30
28
26
28
25
23
22
26
31
20
23
27
20
23
31
28
29
32
26
14
31
28
30
29
27
27
20
25
28
21
28
34
25
32
29
19
29
17
29
27
26
14
24
27
28
30
27
27
27
20
22
24
24
30
18
17
18
26
23
31
29
29
27
27
27
25
26
18
31
27
21
24
23
13
20
18
21
23
16
23
14
24
22
18
26
19
27
18
18
23
28
23
21
13
17
19
18
21
20
27
20
20
18
18
26
18
15
19
19
20
17
13
23
19
33
21
16
17
15
18
18
16
12
12
13
18
16
31
16
25
15
24
16
14
12
18
27
12
16
20
20
14
15
25
20
26
12
9
23
22
22
23
20
14
22
19
12
26
23
15
15
14
20
15
21
13
19
18
23
15
22
17
11
16
16
13
10
17
21
17
13
19
13
14
17
17
13
11
25
20
20
12
14
10
17
16
17
17
15
14
11
15
21
11
21
13
16
20
12
20
13
5
16
24
17
14
20
16
17
16
10
11
15
10
21
8
19
13
13
15
12
11
14
11
11
19
9
11
16
13
12
13
15
9
7
14
16
13
13
11
12
15
17
7
10
8
17
8
4
12
11
21
11
16
11
14
12
16
11
16
12
16
15
18
17
21
13
7
11
13
4
13
6
13
16
16
14
7
10
9
16
11
8
12
15
11
13
9
14
11
9
7
10
6
8
8
11
8
7
8
8
15
10
7
13
11
16
7
11
6
9
10
8
5
10
8
8
11
12
7
12
13
14
8
9
13
12
9
13
12
14
12
8
6
4
12
14
13
13
14
10
10
10
6
8
8
6
6
3
8
5
19
10
7
7
7
5
11
8
10
8
10
9
14
5
9
12
11
7
5
11
7
13
5
6
9
8
7
6
6
8
9
11
8
9
7
13
10
10
9
10
9
7
10
11
8
12
9
6
3
5
3
10
10
12
6
6
9
6
10
6
10
6
8
7
8
11
7
9
15
4
11
3
7
5
11
10
2
11
11
3
12
4
6
11
11
8
8
8
14
6
5
6
10
11
6
8
6
6
5
7
5
3
5
6
9
9
6
10
10
6
1
9
7
6
3
10
11
12
7
3
12
10
8
3
9
6
8
8
8
3
7
7
4
2
8
8
7
5
7
5
10
7
10
7
2
6
6
7
6
5
4
2
7
13
6
3
6
5
5
7
2
2
4
8
7
6
1
6
3
6
2
4
6
3
8
8
5
10
12
6
7
7
6
6
7
5
12
4
7
3
4
5
3
8
6
6
9
8
9
9
3
3
9
4
5
6
6
6
3
3
5
10
3
7
10
2
10
3
5
4
4
7
4
7
7
5
9
5
2
11
3
7
5
3
4
5
7
4
5
4
5
5
5
6
7
4
5
4
5
6
10
4
1
6
4
3
5
4
5
5
3
2
4
4
6
3
4
2
5
5
4
2
3
4
4
3
8
5
6
4
7
12
4
5
3
2
3
3
4
2
4
2
7
2
5
2
6
3
4
5
3
2
5
3
2
5
4
4
4
3
4
2
4
4
4
4
3
1
1
6
4
5
3
4
6
4
4
3
3
5
1
5
2
5
2
2
1
0
5
10
3
0
3
2
2
3
3
5
1
5
2
0
2
0
4
3
2
1
2
1
2
2
0
3
1
7
4
1
2
4
1
1
3
4
3
1
5
1
2
7
2
2
2
3
2
1
4
1
1
3
2
3
3
4
5
2
7
3
2
2
5
0
1
1
0
4
5
5
1
2
2
4
2
4
2
5
2
1
1
2
2
3
2
2
0
1
0
2
0
3
0
3
2
1
2
5
5
3
2
2
2
2
3
4
3
3
3
2
3
1
1
2
2
1
1
3
5
1
1
2
3
2
4
3
0
2
6
3
2
2
2
2
1
1
1
1
5
1
0
0
3
1
2
3
0
1
2
2
2
2
3
2
2
3
4
2
1
2
0
1
1
0
1
3
2
0
0
1
4
3
2
1
0
3
1
3
2
2
1
2
4
1
2
3
1
1
3
4
1
1
0
4
2
5
0
2
1
4
1
1
0
5
1
0
0
2
0
2
1
3
0
0
2
1
0
0
1
0
1
2
1
0
0
1
3
2
1
4
3
0
0
1
0
4
3
0
0
0
3
5
1
1
2
1
1
2
3
3
1
4
0
0
1
2
0
2
3
2
2
2
0
1
2
1
0
1
3
1
1
0
2
1
1
1
1
2
2
1
4
1
0
2
0
1
2
0
1
3
2
2
1
1
2
1
0
1
5
1
0
1
0
2
3
0
0
1
0
0
1
2
3
2
0
0
3
0
2
0
2
0
1
0
3
1
0
0
0
1
2
0
2
0
1
1
3
0
4
0
2
1
0
0
3
0
1
1
1
0
1
2
2
2
1
1
0
0
0
0
1
0
2
2
1
0
1
1
2
0
1
0
0
1
4
1
1
0
2
1
1
0
0
1
2
3
0
0
1
0
0
3
1
1
1
2
0
0
1
1
0
0
0
0
2
0
2
1
1
1
0
2
1
0
1
0
1
0
0
0
2
0
0
0
0
1
1
1
1
1
0
0
0
1
1
1
0
1
0
0
1
0
0
0
1
0
0
0
0
1
1
1
0
0
1
0
0
0
0
0
0
1
1
1
0
2
1
0
0
0
1
1
0
1
0
2
1
0
1
0
0
2
0
0
0
0
1
2
0
0
3
1
1
0
1
0
0
0
1
0
0
1
2
0
0
0
1
0
0
0
2
2
0
1
1
0
0
1
0
1
0
0
0
1
0
2
0
1
0
1
0
0
1
0
1
2
0
0
0
2
0
1
0
0
0
0
0
0
2
1
0
0
1
0
1
0
0
0
0
1
1
0
2
0
0
0
0
0
0
2
1
0
1
1
1
2
0
1
1
0
1
0
3
0
1
1
0
1
1
0
0
0
0
0
1
0
0
0
1
1
0
0
1
1
0
0
0
1
1
1
4
1
0
3
0
0
1
1
0
0
2
1
0
0
0
0
1
1
0
1
0
0
0
1
0
1
0
1
0
0
0
1
1
2
0
1
0
0
2
0
0
0
0
0
0
0
1
0
0
1
0
0
0
0
0
0
0
0
0
1
0
0
0
0
1
2
0
1
0
1
0
0
0
0
0
0
0
1
0
0
0
0
0
1
0
0
1
0
0
1
0
0
0
0
0
0
0
1
0
0
0
0
0
2
0
0
0
0
2
1
1
0
0
0
0
0
0
0
1
0
0
1
0
1
0
0
1
1
0
0
1
0
0
1
0
0
1
0
2
0
0
0
0
0
0
0
1
0
0
0
0
0
0
0
1
1
0
0
0
0
1
0
0
0
0
0
0
0
0
0
1
0
0
0
0
0
0
1
0
0
0
0
0
1
0
0
0
0
0
0
0
0
1
0
1
0
0
0
0
0
0
0
1
0
0
0
0
0
0
0
0
0
0
0
1
0
0
0
0
0
0
0
0
0
0
0
0
0
0
0
0
0
0
0
0
0
0
0
0
1
0
0
