0
0
0
0
0
0
0
0
0
0
0
0
0
0
0
0
0
0
0
0
0
0
0
0
0
0
0
0
0
0
0
0
0
0
0
0
0
0
0
0
0
0
0
0
0
0
0
0
0
0
0
0
0
0
0
0
0
0
0
0
0
0
0
0
0
0
0
0
0
0
0
1
2
2
7
2
1
2
3
4
1
8
15
46
142
381
963
2186
5012
9776
17140
27500
41016
54442
66470
72854
72601
66533
54827
40894
28192
17645
10004
5089
2385
1085
387
151
47
13
8
2
1
1
1
0
4
0
2
0
1
0
0
0
0
0
0
0
0
0
0
9
70
59
61
52
54
51
45
65
51
65
43
43
49
51
45
59
39
51
52
52
49
40
50
37
45
37
47
41
35
43
43
41
36
37
46
48
46
38
42
48
42
42
47
46
43
41
32
32
41
39
32
42
36
41
45
48
33
43
49
37
34
33
43
46
37
39
53
46
76
54
68
89
97
107
89
101
96
98
105
76
98
62
54
60
66
54
50
45
43
44
50
54
34
51
39
62
48
47
42
53
46
53
51
71
60
71
74
78
75
83
86
101
102
95
126
120
119
133
136
150
161
172
189
249
307
427
692
1190
1986
3214
5246
7925
11192
15263
19808
24186
27965
30518
32106
31117
29506
25785
21800
17710
13555
9900
7172
5102
3651
2701
1938
1419
981
727
519
391
325
230
255
209
288
353
401
498
489
550
516
489
506
425
347
277
209
160
122
102
75
48
55
43
54
42
44
37
18
28
18
18
8
10
13
11
12
9
8
3
8
9
6
4
9
12
9
9
9
8
5
9
9
8
10
7
8
8
9
7
8
8
9
10
7
7
6
14
11
10
15
14
21
26
14
20
41
33
25
20
26
18
21
18
23
22
12
15
23
16
14
15
15
18
18
17
14
19
22
23
26
20
16
22
16
22
15
16
13
11
18
7
12
13
8
8
11
10
8
11
10
6
5
5
5
6
6
5
6
10
10
4
8
8
4
9
5
5
3
4
7
3
6
12
14
6
11
14
14
20
15
28
25
29
23
25
21
31
30
29
28
19
18
18
12
11
8
8
9
8
9
9
5
6
7
14
18
12
12
10
11
6
8
12
8
4
5
4
4
8
13
4
5
5
4
4
7
3
4
4
3
2
2
9
12
5
11
9
8
6
2
4
8
7
2
9
3
3
2
5
3
7
8
8
5
6
4
7
7
11
2
3
10
8
4
6
4
5
6
2
7
10
6
9
7
8
5
5
5
7
11
3
7
4
5
6
9
5
8
12
8
5
5
6
5
8
7
4
9
7
1
7
8
9
10
6
3
3
5
9
4
5
5
6
13
8
6
5
5
11
9
11
8
10
6
4
8
6
6
13
5
7
6
3
6
7
2
10
10
6
11
5
11
6
7
12
7
11
10
10
6
6
7
9
8
4
7
16
10
13
8
10
11
3
13
11
8
12
13
7
5
6
8
11
11
11
11
12
14
12
11
10
8
12
9
16
11
15
5
10
14
10
3
18
17
15
10
11
15
11
9
9
13
15
21
17
9
14
17
13
17
10
19
19
25
17
18
13
14
20
19
21
18
19
17
14
14
13
15
13
20
17
18
18
13
16
14
8
18
19
21
20
10
16
21
17
13
11
22
18
18
13
17
18
16
20
18
29
20
13
15
16
26
16
23
22
22
20
29
18
30
16
18
26
18
28
21
25
44
23
37
22
25
21
20
29
35
30
31
31
25
30
22
24
27
26
32
29
31
21
17
22
33
31
36
29
27
35
25
29
36
31
28
31
26
31
31
34
33
41
41
32
37
44
30
47
30
52
44
27
51
56
39
54
56
33
28
43
37
44
48
45
41
44
36
42
48
51
48
47
64
56
60
58
57
53
54
68
68
46
57
53
66
58
54
72
53
59
60
76
65
65
72
59
86
70
76
81
86
66
84
84
81
87
88
101
96
89
78
105
88
83
81
100
87
87
69
90
68
62
75
64
64
61
78
77
59
72
89
73
77
72
70
88
74
55
50
79
78
78
80
68
70
74
77
64
69
68
73
76
68
77
65
65
77
75
70
76
89
74
77
71
57
70
81
66
83
70
71
71
70
68
81
71
85
63
76
67
61
85
71
68
75
69
69
70
69
56
68
54
72
77
64
66
71
76
57
61
84
77
56
70
62
78
48
58
63
77
75
67
60
58
58
56
66
64
72
60
78
65
42
75
54
73
77
69
66
70
73
81
78
75
62
74
81
74
69
87
61
70
85
74
73
60
64
69
98
75
86
75
70
83
67
88
82
81
82
96
89
88
88
103
98
123
113
156
184
194
242
257
303
358
423
536
555
676
751
762
894
897
1003
947
1021
969
980
920
954
843
767
731
624
543
458
395
378
280
239
230
172
161
124
123
93
115
105
101
87
105
112
87
104
82
100
87
116
94
107
86
82
101
97
87
83
95
93
104
91
102
112
97
104
87
85
95
85
91
94
101
110
92
105
108
105
91
110
120
88
119
100
90
93
108
114
111
108
107
117
112
95
87
110
104
125
128
106
116
110
109
113
144
126
147
166
146
157
185
164
204
191
231
233
227
247
213
251
255
213
253
254
206
239
205
220
192
204
162
162
148
134
159
169
154
152
158
119
146
139
124
134
144
150
127
160
145
150
145
150
144
156
161
170
176
185
169
177
186
180
179
190
181
189
184
210
197
211
200
213
207
204
215
225
227
224
250
244
212
239
236
232
223
217
232
233
249
227
243
258
244
237
238
246
244
244
236
224
225
230
222
222
214
206
257
214
212
197
216
206
202
209
233
219
188
233
203
212
223
224
199
229
199
246
196
230
207
229
220
204
193
220
233
217
235
232
239
245
240
231
183
243
216
225
234
233
203
233
215
217
195
193
210
199
205
204
197
195
184
183
215
210
223
209
205
187
190
180
170
214
199
197
215
208
210
205
195
189
202
219
189
178
196
210
189
159
162
186
191
167
182
173
173
183
192
180
200
210
171
195
181
199
149
203
181
200
191
178
172
177
201
181
201
166
202
174
168
181
198
179
171
219
181
176
170
195
188
193
170
195
184
189
211
193
207
198
169
199
196
189
174
174
197
182
184
214
207
209
173
222
231
221
200
237
181
202
179
207
216
195
212
224
197
217
195
191
216
194
218
230
208
224
213
228
218
223
215
209
244
212
221
233
200
236
192
214
227
226
223
225
197
249
257
205
214
223
213
211
211
229
194
233
203
238
207
203
228
218
226
215
223
229
232
265
231
225
232
231
239
242
231
244
235
244
213
218
231
226
196
221
231
226
244
210
234
227
219
233
206
225
227
196
216
224
202
236
224
230
241
220
232
200
233
207
228
223
242
219
264
213
234
193
236
244
215
217
247
223
243
220
237
209
198
203
226
218
263
239
250
221
208
249
259
217
227
265
240
231
221
249
207
242
243
238
221
270
224
264
236
229
239
263
245
250
249
261
231
238
263
241
285
226
243
246
286
263
268
249
253
255
258
272
251
241
236
235
274
278
272
228
252
283
232
249
285
253
244
277
266
246
250
262
276
276
275
264
278
266
302
268
254
247
290
286
288
276
267
281
260
253
266
262
261
242
270
287
248
260
273
286
269
262
304
292
275
297
272
267
283
308
301
277
269
284
280
283
293
277
268
286
279
248
279
294
262
294
260
292
285
285
279
294
278
269
281
296
246
271
280
312
259
280
280
301
283
285
264
268
275
284
290
262
284
290
263
284
299
268
272
272
286
250
277
292
248
269
271
267
256
260
268
273
255
259
278
246
227
247
253
250
252
251
240
235
261
255
250
258
241
274
271
250
263
231
238
236
265
234
248
251
259
226
268
250
246
239
254
255
228
242
247
258
281
258
270
252
248
229
251
251
280
271
240
240
238
230
246
254
246
271
225
247
266
255
258
223
232
236
239
241
250
238
255
250
248
248
237
231
258
225
254
225
234
250
234
273
262
217
225
240
245
248
284
234
211
244
219
227
260
246
245
241
237
249
246
216
228
241
225
274
231
240
229
229
236
264
251
235
234
233
232
241
243
244
254
221
225
245
240
227
246
233
231
233
224
215
246
205
257
243
219
253
231
210
229
214
219
224
272
201
216
258
207
224
285
210
252
251
223
267
230
264
266
237
230
261
243
238
233
234
233
242
248
229
259
244
236
235
233
232
222
222
261
241
273
232
243
255
253
271
241
247
228
229
259
242
232
248
254
219
202
226
220
275
261
264
263
245
225
244
251
241
249
292
248
239
258
253
264
277
267
278
256
284
254
237
270
288
286
248
262
275
274
280
282
262
304
297
279
290
306
259
315
300
291
279
284
283
313
316
307
323
289
299
312
322
327
326
318
330
325
320
332
372
322
358
341
374
339
356
398
331
369
350
418
374
367
384
359
405
379
428
441
397
428
435
438
430
429
445
461
464
503
520
483
519
526
532
502
575
571
632
606
667
630
712
701
738
773
746
804
815
878
878
887
901
920
969
945
1009
983
1079
1070
1119
1155
1149
1220
1225
1240
1235
1301
1330
1367
1287
1359
1276
1359
1357
1341
1364
1372
1414
1437
1376
1362
1431
1400
1407
1292
1390
1381
1247
1368
1315
1248
1235
1166
1128
1110
1145
1128
1112
1036
1028
1042
984
949
906
871
801
807
771
692
714
716
648
609
563
627
623
598
560
509
519
485
517
490
461
399
446
394
408
391
398
376
355
358
360
335
331
340
332
325
293
330
307
328
286
288
278
284
277
252
265
274
260
246
246
243
230
213
233
226
247
223
243
229
190
210
237
206
213
230
206
207
208
222
230
221
220
208
204
207
225
250
243
272
257
276
258
259
274
308
286
341
350
317
366
378
390
405
403
438
426
426
447
439
403
482
435
410
408
457
389
405
421
384
384
344
352
326
324
262
274
230
242
221
203
205
198
185
191
166
170
163
168
146
143
144
139
169
164
156
172
148
156
147
157
132
159
156
161
127
143
145
155
171
179
171
133
157
125
149
152
155
150
154
191
162
192
180
190
188
160
196
197
205
192
200
184
200
236
208
223
231
212
230
222
237
200
213
227
240
232
233
216
222
244
213
230
239
244
254
248
261
259
241
222
234
241
252
228
258
245
245
227
226
233
263
189
237
218
204
211
183
213
193
199
215
215
188
185
192
163
193
196
155
154
184
146
147
157
141
146
166
145
157
130
147
134
135
135
138
133
109
120
101
113
106
91
98
102
103
104
96
101
97
108
91
100
97
107
104
77
87
97
83
96
88
87
71
60
65
73
72
55
77
73
75
78
70
65
62
74
77
83
46
65
77
74
73
80
67
70
68
68
77
48
66
60
60
66
72
82
64
56
54
51
45
60
58
50
56
51
56
52
64
38
45
54
45
45
64
48
53
54
56
51
49
58
60
59
64
49
54
60
74
55
58
68
69
78
75
62
85
69
85
71
58
61
75
69
80
71
87
63
62
69
64
68
64
65
58
57
46
52
56
53
43
51
54
38
49
57
42
43
49
32
51
52
38
45
51
45
51
42
36
49
39
43
38
42
47
44
49
37
51
44
36
41
40
33
36
34
44
29
38
29
43
40
31
43
29
29
35
30
40
27
33
33
34
29
41
19
23
38
37
27
29
41
33
47
40
22
35
25
39
29
30
36
41
28
37
29
28
30
33
22
26
28
39
34
34
25
34
25
39
37
28
32
37
29
28
29
25
28
30
21
32
27
35
28
28
22
22
23
37
29
27
39
31
31
31
26
24
30
23
24
26
16
26
23
31
38
28
26
31
26
27
31
34
29
28
24
28
33
36
13
19
28
23
21
26
25
24
20
21
34
31
24
34
29
17
27
24
34
16
34
24
15
27
32
28
26
29
23
30
23
29
29
25
20
33
25
23
27
25
28
19
25
20
32
21
17
29
28
38
20
18
20
17
21
16
27
25
23
24
15
30
24
21
16
26
29
19
21
29
24
24
18
18
22
18
25
20
19
24
19
20
19
24
18
25
16
16
16
21
21
19
22
21
27
21
25
28
22
21
20
25
16
23
12
19
13
21
21
17
29
17
20
20
17
24
21
24
16
27
23
22
20
22
13
13
18
22
21
20
26
21
14
21
24
28
12
15
21
18
20
25
14
18
16
19
16
17
15
10
19
14
19
14
18
14
15
22
15
17
22
14
10
17
16
12
15
16
20
15
7
21
21
13
13
23
9
12
21
22
16
17
17
10
14
10
20
19
19
17
15
15
16
14
14
17
19
15
14
26
16
10
16
16
10
21
17
25
23
14
8
12
18
14
22
14
12
12
22
21
14
17
14
15
10
16
17
12
7
14
11
15
15
11
17
20
21
9
11
8
9
10
9
17
15
17
11
17
15
10
10
12
14
13
13
19
18
11
8
15
10
15
11
10
15
10
15
11
19
16
13
13
20
11
13
17
14
6
15
13
10
9
13
17
16
8
15
15
13
18
10
9
11
10
15
8
5
11
8
11
15
6
12
17
12
17
9
9
7
13
13
15
12
10
11
7
7
12
9
12
11
10
9
18
12
11
13
14
14
12
15
12
14
7
7
4
9
11
11
8
7
10
11
11
11
13
10
7
7
8
10
17
12
9
10
7
13
5
7
12
8
10
9
12
13
6
10
7
7
10
12
6
7
6
5
12
6
11
9
14
9
10
12
9
8
7
3
13
10
9
12
5
18
8
10
7
9
5
4
5
7
4
9
12
10
7
11
12
5
6
9
8
10
9
6
11
9
7
7
10
8
4
5
5
3
7
4
6
7
6
10
7
11
5
8
6
7
9
6
9
6
14
3
10
3
8
4
6
10
5
8
2
7
6
9
6
14
9
5
6
3
6
3
9
4
4
5
4
5
1
10
8
2
7
5
8
6
6
7
8
3
5
7
12
4
10
11
4
8
7
6
6
9
6
7
4
8
3
5
6
6
6
6
6
4
3
6
10
11
5
5
6
4
4
6
4
9
7
10
5
7
2
11
2
2
8
4
5
6
4
3
2
5
4
5
2
9
6
6
3
4
3
3
5
4
11
8
7
6
11
6
5
4
8
9
5
3
3
6
6
9
4
6
4
5
4
3
7
3
6
6
10
14
4
4
3
1
3
5
7
5
8
3
5
4
6
3
6
2
13
6
2
13
6
8
3
5
5
5
6
5
7
9
8
6
5
3
6
3
6
1
5
3
2
3
6
4
3
6
2
3
5
3
5
5
7
3
3
4
3
3
5
3
4
3
5
3
2
2
5
5
1
4
6
8
4
4
3
3
5
3
4
2
6
1
4
2
4
3
5
3
4
3
3
4
5
5
6
3
2
1
2
2
4
3
4
9
2
4
8
4
4
2
2
9
3
1
4
4
5
4
4
7
3
2
1
6
2
5
5
3
2
2
2
3
3
2
4
3
2
2
1
7
4
4
6
8
1
6
2
2
5
6
3
6
1
6
2
1
2
4
1
5
2
4
5
0
3
2
4
0
5
2
4
2
5
0
5
4
3
2
3
7
5
4
2
2
3
1
3
1
1
1
3
3
2
6
2
1
3
3
5
1
3
4
3
0
1
2
3
1
0
2
5
0
3
1
5
3
1
1
2
2
5
1
4
4
8
1
3
4
0
1
3
2
3
2
1
3
1
1
2
2
1
2
3
1
1
2
1
2
1
4
2
3
5
0
2
3
3
1
1
4
2
4
1
1
1
1
4
3
3
3
2
3
3
3
2
1
1
4
2
1
1
3
1
3
1
3
1
2
1
3
3
0
2
3
3
5
1
0
2
4
2
0
0
4
0
1
5
2
3
2
3
0
4
1
2
3
4
2
0
3
1
1
0
2
1
1
2
2
2
2
1
1
1
1
2
3
2
2
4
0
1
2
1
0
0
2
2
1
1
1
0
1
1
1
4
1
1
4
1
3
1
1
0
2
1
1
2
2
2
2
2
3
0
0
2
0
2
5
2
1
1
0
2
0
3
2
0
2
0
0
1
0
2
1
2
1
1
6
0
2
0
1
2
1
1
1
1
1
2
1
0
4
2
0
0
1
3
0
1
2
1
2
1
1
5
2
1
1
0
2
2
1
1
2
1
1
0
4
1
0
1
0
2
0
0
2
0
0
0
0
0
0
0
2
1
2
0
0
1
0
3
0
2
0
0
2
0
2
1
0
3
1
3
1
4
1
1
0
0
0
0
1
1
2
0
3
0
2
0
1
2
0
2
0
3
1
3
1
2
2
0
0
0
4
0
1
0
1
1
1
1
0
3
1
1
0
0
0
1
0
1
1
3
0
1
2
0
0
1
0
2
1
1
0
0
0
0
0
0
2
0
2
2
1
0
0
1
0
1
1
1
1
0
0
0
0
0
0
0
2
0
1
1
0
0
0
0
0
0
4
0
1
3
0
2
0
0
2
0
0
1
0
0
0
1
1
3
1
0
1
0
0
1
0
0
1
2
2
1
0
0
1
1
0
0
1
1
0
1
1
0
2
4
0
3
0
3
1
0
3
0
1
0
0
1
2
0
1
0
1
0
1
1
2
0
0
0
0
1
0
0
0
1
0
2
1
0
0
0
0
2
0
0
0
0
1
1
2
2
0
2
0
1
0
0
1
0
0
0
0
1
1
1
0
1
1
0
0
2
3
0
0
1
1
0
2
1
1
1
0
1
0
1
0
2
0
1
0
0
0
0
1
0
0
0
0
0
0
1
1
0
0
0
0
2
1
0
0
0
0
0
0
0
0
2
0
0
0
1
0
0
0
2
0
1
1
2
1
2
1
0
1
1
0
1
0
0
1
0
1
0
2
0
3
2
1
0
0
1
1
2
0
0
1
0
0
1
0
1
1
1
0
0
0
3
0
1
0
0
0
2
0
1
2
1
0
0
1
0
0
0
0
0
1
0
0
1
0
0
1
0
0
2
0
1
2
1
1
0
0
0
0
0
1
1
0
1
1
0
0
0
0
0
0
0
0
1
0
0
1
0
0
0
0
1
0
0
2
1
0
0
1
0
2
0
0
0
0
0
1
0
1
0
1
2
0
0
0
0
0
0
1
0
0
0
0
0
0
0
0
0
3
0
1
0
1
0
0
0
0
0
1
0
0
1
1
0
0
0
1
0
0
1
1
0
1
0
0
1
1
0
1
0
0
0
0
0
0
0
0
0
0
0
0
0
0
0
0
0
0
0
0
0
0
0
0
1
0
1
0
0
0
0
0
0
0
0
0
0
0
0
0
0
0
0
0
0
0
0
0
0
0
0
0
0
0
0
0
0
0
0
0
0
0
0
0
1
0
1
0
0
0
0
0
0
1
0
0
0
0
0
0
1
0
0
0
0
0
0
0
0
0
0
0
0
0
1
1
0
0
0
