0
0
0
0
0
0
0
0
0
0
0
0
0
0
0
0
0
0
0
0
0
0
0
0
0
0
0
0
0
0
0
0
0
0
0
0
0
0
0
0
0
0
0
0
0
0
0
0
0
0
0
0
0
0
0
0
0
0
0
0
0
0
0
0
0
0
0
0
1
0
1
1
2
2
2
3
2
3
2
3
2
4
13
44
119
355
1009
2254
4851
9608
17050
27746
40765
54349
66209
72827
73151
66355
54895
41195
28438
17479
9931
5007
2341
995
374
114
39
11
2
6
1
2
4
3
0
2
2
0
1
1
0
1
0
0
0
1
0
0
0
6
75
60
66
64
64
74
68
55
50
62
69
56
51
60
49
58
46
55
48
50
60
54
54
52
42
41
33
52
57
64
59
62
38
39
41
46
41
37
51
46
43
48
44
27
41
32
34
51
50
47
53
40
52
48
66
57
48
63
52
61
52
45
60
59
44
55
57
71
63
68
72
95
101
113
117
96
122
118
98
97
75
66
66
65
60
60
50
53
49
36
64
40
55
49
51
50
54
50
58
58
54
70
73
67
61
71
75
75
88
104
94
110
134
106
112
147
142
169
177
140
224
188
188
222
285
457
706
1223
2036
3269
5145
7770
11302
15444
19606
24215
27888
31236
31995
31688
29379
26070
21673
17679
13375
10176
7115
5091
3714
2565
1957
1306
1042
724
557
374
312
232
206
246
276
368
421
471
524
504
544
518
486
397
364
257
218
161
102
91
87
64
46
46
45
39
38
35
19
26
19
15
16
19
10
4
13
7
13
10
8
10
12
7
13
13
9
9
12
11
5
12
10
12
6
10
16
6
5
6
11
6
13
16
9
15
8
17
13
8
10
13
12
17
28
29
17
30
22
31
22
16
29
19
15
18
8
17
21
19
14
26
15
31
14
25
17
33
22
15
10
16
15
17
30
20
13
20
21
10
8
7
9
8
10
8
9
9
13
5
2
6
6
1
7
3
5
11
15
8
7
7
6
6
5
3
5
5
4
5
10
6
3
6
10
11
6
11
14
15
27
26
17
24
29
27
27
26
18
26
22
22
15
9
14
13
9
6
12
2
7
6
10
9
8
7
15
13
13
19
15
14
10
9
14
4
9
5
11
6
9
7
13
8
7
5
7
2
10
4
6
6
7
7
6
4
7
9
7
8
5
9
8
3
6
3
6
6
8
7
2
4
3
4
11
3
6
0
7
7
11
4
5
6
5
5
6
10
5
7
8
2
4
6
6
6
6
7
4
5
6
3
2
10
5
3
8
2
6
9
4
6
5
5
6
4
11
12
11
9
12
6
4
9
4
9
6
8
8
5
4
6
13
7
9
3
8
6
11
3
5
7
10
7
7
7
6
12
7
11
5
6
9
7
11
13
8
10
12
13
9
11
11
14
13
13
4
9
2
11
11
12
10
6
8
8
7
6
8
8
7
10
10
15
8
6
8
7
9
10
7
6
5
13
14
14
13
9
14
10
10
12
11
14
19
15
9
11
10
13
11
8
8
5
9
16
16
14
13
12
8
17
12
14
10
14
13
8
14
12
14
12
19
14
13
10
19
15
22
15
15
18
24
25
15
23
15
20
18
16
20
20
15
19
21
19
12
17
13
15
21
14
18
20
24
16
16
19
16
15
18
17
19
18
11
15
14
13
24
15
14
22
22
27
23
12
30
28
30
22
21
25
28
23
27
22
21
20
19
28
23
23
26
23
26
22
31
28
19
32
31
26
27
30
33
22
27
32
32
23
34
19
28
32
27
24
27
21
34
29
25
35
47
39
18
40
39
31
39
37
38
53
32
33
48
30
40
38
34
38
39
38
35
41
42
51
43
27
42
39
53
55
35
54
48
38
51
49
38
46
39
47
55
58
51
58
51
55
55
56
60
63
52
60
55
73
69
64
78
56
73
73
74
75
66
75
58
81
85
85
96
77
97
85
84
86
106
88
100
87
83
78
82
73
83
74
75
73
78
79
75
69
81
76
55
73
65
85
70
80
70
63
95
78
69
81
52
65
77
74
57
64
77
72
54
78
67
70
74
71
74
66
63
81
72
77
59
72
65
82
55
74
60
70
76
71
70
57
65
68
82
69
71
59
66
62
71
75
65
61
75
73
61
69
66
66
68
65
75
77
65
60
76
63
63
72
72
72
80
54
78
66
63
72
64
69
63
89
55
59
70
58
87
82
71
79
62
83
83
75
70
66
87
75
70
63
64
72
87
67
74
91
71
83
87
80
76
70
68
85
69
80
64
73
86
66
77
72
83
94
76
73
79
85
85
70
100
78
65
119
104
97
108
114
133
147
157
207
238
254
303
385
482
541
571
710
763
837
922
958
1042
985
1052
1002
1022
974
837
866
804
671
623
526
454
387
349
284
270
199
195
161
142
129
120
91
110
114
104
99
72
95
86
91
75
91
93
94
91
92
90
98
124
90
103
108
111
101
108
111
91
90
100
102
95
105
122
121
93
103
101
113
105
122
107
102
126
100
92
103
101
102
101
108
113
112
119
124
112
133
138
103
125
121
122
110
108
114
126
136
137
151
156
167
138
177
168
211
194
207
204
226
240
250
267
247
259
267
253
273
227
241
221
210
216
206
188
171
184
173
157
168
173
149
153
155
143
122
158
155
155
174
169
146
160
151
166
159
184
197
170
165
195
177
184
183
199
190
208
210
235
191
211
211
200
235
231
259
244
240
255
257
224
235
270
238
251
253
232
242
270
215
266
225
261
253
245
261
252
269
275
267
273
253
217
241
218
228
239
222
260
241
269
234
263
226
237
239
239
252
247
262
255
239
264
244
271
223
237
232
233
256
267
254
267
251
236
225
239
266
282
254
247
267
239
264
252
277
245
286
260
247
264
246
238
296
246
244
256
264
258
239
245
251
249
248
257
226
250
230
230
257
264
235
246
248
217
219
248
252
238
262
224
219
236
244
245
219
265
248
243
250
224
236
250
222
229
212
234
216
226
223
214
244
224
237
244
235
226
244
199
228
238
216
238
213
252
220
249
242
245
240
238
232
243
255
232
263
261
226
247
247
261
236
240
238
230
257
262
256
252
251
224
252
244
277
264
244
248
250
242
237
256
258
237
260
277
262
265
269
261
278
249
303
276
261
292
280
262
256
264
270
261
260
249
260
267
273
266
258
292
259
289
292
271
265
278
286
288
253
298
282
319
279
294
313
315
261
280
303
288
299
304
296
271
288
300
280
283
291
301
316
284
278
290
303
317
268
298
313
314
298
298
289
295
292
277
274
294
318
286
270
311
331
287
303
284
296
319
295
278
295
328
311
312
278
278
310
308
314
292
297
288
313
300
259
278
316
313
350
312
286
317
280
297
319
315
292
342
291
316
289
316
307
313
304
287
322
340
304
321
314
332
313
309
311
295
359
316
338
308
310
324
325
311
296
327
301
356
282
333
317
332
304
322
343
339
319
348
295
333
341
348
317
334
325
336
337
362
350
339
316
341
341
376
342
340
361
332
343
323
309
333
313
347
319
348
324
352
337
359
357
372
337
303
348
322
374
339
330
333
320
376
353
338
366
352
338
363
346
375
341
327
391
386
333
368
355
357
339
340
342
382
376
337
339
315
384
399
329
316
335
354
394
364
320
346
357
335
358
350
297
361
318
351
323
375
347
366
380
338
352
353
398
365
346
367
364
353
375
365
314
335
342
363
366
380
361
363
355
380
348
332
348
315
313
376
368
334
363
362
340
348
378
366
370
350
340
335
348
350
330
357
304
319
341
313
360
358
348
345
347
374
358
318
346
347
316
353
347
337
332
312
296
318
320
332
337
332
385
331
329
321
320
331
327
330
313
327
297
351
313
286
364
302
312
332
311
317
306
330
330
287
284
282
320
327
305
329
326
333
295
318
323
303
350
328
352
318
345
286
288
282
289
319
302
321
328
308
303
321
329
321
340
316
333
365
329
319
321
319
317
283
325
303
303
296
320
315
315
291
315
338
287
318
287
288
316
277
288
336
308
305
270
296
326
336
293
301
298
294
295
308
296
317
285
323
294
324
305
313
299
306
289
297
314
331
307
291
300
297
341
306
315
309
306
316
276
290
290
292
305
310
312
315
302
296
308
305
261
279
301
314
310
284
307
301
315
284
286
316
282
330
296
277
274
300
316
295
271
284
291
280
274
311
330
293
309
293
296
309
287
298
300
301
315
293
279
300
294
314
291
275
286
287
321
282
299
307
323
289
325
294
284
339
287
336
305
315
335
308
308
334
332
292
317
353
293
304
303
332
302
301
324
302
314
338
310
312
357
343
363
343
315
356
350
335
348
328
350
310
358
367
338
343
363
351
382
403
370
381
347
377
367
362
402
404
424
383
396
395
383
395
381
382
409
411
404
409
421
391
446
425
458
413
429
459
468
452
490
486
491
495
516
501
522
551
516
553
532
564
585
603
618
587
640
677
648
718
721
727
767
788
816
824
823
893
884
895
959
1013
1022
1051
1160
1048
1159
1180
1206
1262
1308
1317
1326
1443
1376
1441
1445
1438
1538
1552
1487
1601
1588
1688
1704
1698
1683
1691
1628
1688
1724
1637
1715
1747
1682
1688
1687
1650
1638
1571
1624
1581
1496
1505
1437
1429
1410
1422
1410
1360
1300
1282
1280
1199
1220
1191
1109
1009
1016
971
976
900
895
838
822
781
770
762
695
683
679
650
607
687
577
557
564
523
523
491
485
461
473
446
448
420
443
416
402
442
390
380
377
360
370
336
345
348
350
340
328
354
325
332
293
294
325
309
286
290
288
289
253
278
278
276
289
248
270
284
237
265
242
237
275
254
257
242
248
264
244
235
281
243
290
261
269
290
339
325
362
371
373
383
409
396
409
429
439
436
453
454
462
484
491
467
524
513
483
546
508
519
520
456
454
436
459
419
397
377
375
371
313
314
317
287
276
247
223
214
214
212
181
193
180
185
183
197
181
187
195
194
147
159
170
181
163
163
166
169
161
184
174
165
196
191
178
188
221
182
183
172
190
161
184
163
198
197
218
195
199
232
206
223
230
205
234
221
246
253
249
242
255
267
245
239
265
267
271
249
261
256
250
274
255
256
282
289
271
289
320
262
299
283
273
322
286
289
292
290
286
270
303
265
275
281
257
271
286
268
237
247
256
230
257
225
236
210
215
202
206
218
191
206
228
191
197
175
199
168
201
163
176
159
160
144
155
150
163
163
162
142
133
142
121
115
154
134
114
131
120
125
119
108
125
98
105
112
104
87
99
103
118
82
98
113
105
89
90
79
94
99
104
84
65
87
87
83
82
72
75
75
79
83
70
78
68
64
81
78
82
67
67
68
67
67
64
62
78
62
57
77
77
72
60
82
70
66
62
70
65
78
72
61
67
66
64
51
60
57
57
55
64
74
56
61
36
62
68
51
61
58
58
52
64
71
62
70
55
63
56
85
80
60
67
91
63
92
87
88
87
84
87
87
77
86
75
76
79
84
71
74
75
68
68
57
58
60
36
68
62
49
44
61
45
52
48
49
52
44
40
48
52
47
56
59
50
45
46
41
41
48
44
43
53
50
41
47
46
46
47
44
41
44
40
46
38
47
42
42
48
46
42
34
30
39
36
43
41
38
36
41
32
35
36
39
40
36
34
44
27
35
41
38
36
46
42
48
23
30
35
45
34
35
40
36
32
44
30
32
35
35
41
37
37
35
28
36
30
31
27
34
40
29
26
24
44
30
27
27
34
37
24
33
31
43
35
38
39
34
43
32
39
26
34
21
29
29
25
25
30
19
38
28
40
29
28
36
26
31
29
25
27
29
32
22
36
40
29
32
25
32
28
30
28
36
28
33
28
26
33
32
30
23
27
23
25
32
20
22
29
27
31
28
21
31
37
24
39
35
24
31
35
24
27
24
28
22
27
25
29
24
27
29
22
25
12
28
37
28
19
23
21
21
29
21
29
15
16
27
34
30
30
22
23
20
13
32
23
28
23
20
27
22
26
28
21
26
29
25
34
29
32
24
21
24
39
24
17
20
12
31
19
18
13
21
25
19
9
26
22
27
21
27
19
19
21
26
19
23
23
16
18
20
19
20
23
28
19
19
12
23
19
24
24
17
22
19
19
17
33
25
23
13
20
15
16
16
24
17
19
16
29
19
20
21
25
16
13
12
20
18
21
23
13
19
19
16
15
21
19
18
14
24
24
10
17
17
21
12
21
13
18
21
16
14
12
16
17
19
21
17
14
19
18
11
22
20
12
14
12
14
21
12
19
17
14
12
18
13
14
18
18
19
25
12
15
17
23
11
20
19
15
17
9
15
15
17
13
16
16
15
15
15
11
19
13
10
18
14
17
21
13
23
19
15
10
10
16
18
16
14
14
8
13
13
16
16
14
13
14
8
15
12
12
19
16
17
11
17
13
19
14
17
10
18
14
17
11
17
15
12
9
9
15
11
8
12
17
21
17
11
15
5
16
12
5
7
14
10
10
13
19
22
10
15
9
22
15
6
20
10
10
9
11
16
14
13
13
8
11
13
7
17
11
11
13
9
13
12
10
13
5
15
12
11
5
5
8
13
10
18
16
17
8
8
12
10
16
7
13
12
15
10
9
12
14
7
14
13
9
9
11
9
12
5
8
13
9
18
6
9
12
12
8
10
10
12
9
9
10
10
13
10
12
8
11
13
11
8
15
8
10
14
9
8
16
9
9
5
7
5
12
8
12
9
12
7
8
6
7
9
10
7
8
6
11
9
10
7
9
5
12
12
6
11
7
10
5
8
12
4
10
10
17
5
6
12
10
4
12
3
6
10
5
12
8
7
8
9
10
6
9
8
11
8
11
7
9
9
10
6
7
8
12
5
16
10
7
7
1
6
9
4
5
12
4
8
8
9
9
9
13
9
4
3
8
7
4
8
6
6
8
6
5
6
7
12
6
2
3
3
4
8
10
7
8
6
11
3
4
9
6
4
11
8
8
3
8
7
8
3
6
5
6
5
9
12
8
9
5
6
10
10
8
4
6
8
12
9
4
6
6
7
7
6
7
7
4
7
5
6
5
7
8
8
5
2
9
3
5
4
5
10
3
5
7
5
6
5
4
6
5
5
6
10
4
8
2
2
3
6
6
5
5
6
7
11
7
6
11
3
7
4
7
6
1
4
7
5
6
3
2
5
6
5
6
5
7
9
4
8
2
3
5
3
5
6
3
4
5
7
3
3
4
3
3
10
4
4
7
5
6
5
3
5
4
3
10
3
3
4
8
6
4
1
5
3
3
6
5
3
4
7
1
6
9
6
5
6
5
2
8
5
0
2
2
4
8
1
1
3
4
2
3
6
2
3
5
1
4
3
2
4
5
0
3
8
6
1
5
4
3
2
4
7
11
3
4
8
7
3
0
5
4
7
5
4
5
3
6
4
4
2
1
5
2
4
2
6
6
5
3
2
6
1
2
3
4
5
2
5
4
4
7
3
3
0
3
5
4
1
1
6
5
3
1
3
5
6
4
4
2
5
4
2
4
5
7
2
2
2
2
2
6
2
4
4
2
1
2
5
1
4
2
5
3
3
5
1
4
6
5
6
2
1
3
2
0
1
1
5
3
4
3
3
2
2
2
2
3
1
6
3
2
6
2
4
5
4
0
2
2
3
2
3
2
1
2
2
5
4
3
2
0
1
1
0
2
1
4
2
2
2
4
0
3
3
6
5
0
3
4
3
2
4
2
3
2
3
1
1
2
3
2
4
3
0
4
5
4
1
1
3
2
3
2
2
4
0
3
0
4
3
2
5
0
3
1
0
3
5
4
3
2
1
2
0
3
2
3
3
2
3
1
2
1
1
2
0
2
2
2
2
0
3
2
4
4
0
1
1
2
0
3
1
2
1
3
1
3
2
2
4
1
2
1
0
3
2
4
1
1
3
2
1
2
3
1
3
2
1
2
0
0
1
4
1
0
3
5
1
1
2
4
4
1
1
1
2
3
2
3
1
2
2
1
3
0
1
1
5
1
4
1
1
1
3
1
3
2
2
3
0
2
0
0
1
0
1
1
0
2
2
2
1
2
3
5
2
2
3
1
1
2
1
2
1
1
1
3
2
3
1
0
1
1
2
3
2
0
1
0
1
1
4
0
0
0
0
0
0
2
3
1
1
3
0
0
0
0
1
4
1
0
0
2
0
1
2
1
3
1
0
0
3
1
1
3
1
0
1
1
3
2
1
1
0
0
1
0
0
1
0
2
2
2
0
0
2
1
2
1
0
2
1
1
2
2
0
1
0
0
2
1
3
0
1
1
0
0
0
0
2
1
2
0
1
1
1
1
0
0
0
1
0
1
0
1
1
1
3
0
1
0
3
0
1
1
1
1
0
0
1
2
0
0
0
1
2
0
0
1
0
0
0
1
0
2
1
1
0
0
1
0
0
3
2
0
0
0
1
0
1
2
0
2
1
1
1
1
1
0
1
1
0
1
1
0
0
0
0
0
2
0
0
1
1
1
0
0
0
0
1
0
0
0
1
1
1
0
2
0
0
1
0
2
1
1
1
0
0
0
0
0
2
1
2
1
0
0
1
1
0
0
0
2
0
1
1
1
1
0
0
1
0
1
1
0
0
0
1
0
0
0
1
1
0
1
1
1
1
0
1
0
0
0
0
0
0
1
2
0
0
0
0
0
0
0
2
0
1
1
1
0
1
0
0
0
0
0
0
0
2
1
0
1
0
1
0
0
0
0
0
0
0
1
0
0
2
0
0
0
0
1
0
0
0
0
1
1
2
0
0
0
0
1
0
0
0
0
0
0
0
0
2
0
1
2
0
0
1
0
1
0
1
0
0
0
0
1
0
0
0
1
0
2
0
0
0
1
0
0
0
1
1
0
1
0
0
0
1
0
1
1
0
0
1
0
0
0
0
0
0
0
0
0
0
1
0
1
0
1
1
0
0
0
1
0
0
1
0
1
0
0
1
1
1
0
0
0
1
0
0
2
1
0
0
0
0
1
0
0
1
0
0
0
0
0
1
0
0
0
0
0
0
0
2
0
0
0
1
0
0
0
0
0
1
0
1
2
0
0
0
1
0
1
0
0
1
0
1
0
1
0
0
0
1
0
0
0
0
3
1
2
0
0
1
0
1
0
0
0
0
0
0
0
2
0
0
3
0
0
0
0
1
1
0
0
0
0
0
2
0
0
1
0
0
2
0
0
1
0
1
0
0
1
0
0
0
0
0
0
1
0
0
1
1
0
0
0
0
0
0
1
0
0
0
0
0
0
1
0
0
0
0
0
0
0
0
0
1
0
2
1
0
0
0
1
0
1
1
0
0
0
0
0
0
0
0
0
0
0
0
0
0
0
0
1
0
0
0
0
1
0
0
0
0
0
0
1
