0
0
0
0
0
0
0
0
0
0
0
0
0
0
0
0
0
0
0
0
0
0
0
0
0
0
0
0
0
0
0
0
0
0
0
0
0
0
0
0
0
0
0
0
0
0
0
0
0
0
0
0
0
0
0
0
0
0
0
0
0
0
0
0
0
0
0
0
0
0
0
1
1
2
5
3
0
2
2
1
4
9
12
41
143
362
985
2191
4777
9500
17021
27894
40848
54864
66091
72810
73221
65880
54916
41445
28421
17465
9751
5084
2344
995
375
130
49
16
11
2
1
0
0
3
0
1
0
0
0
0
0
0
1
0
0
0
0
0
0
5
62
68
58
57
60
57
54
60
41
60
43
49
52
53
45
33
45
37
36
40
53
38
41
54
47
34
42
29
38
43
34
33
42
62
43
32
36
43
43
45
48
44
40
39
50
59
41
34
46
42
32
43
39
41
57
39
44
51
46
50
51
45
55
40
39
38
51
55
70
67
74
110
78
99
115
104
133
112
92
96
81
67
62
51
59
71
47
43
58
58
49
54
42
45
52
36
64
56
51
43
44
49
60
68
56
64
81
88
84
78
89
109
99
109
106
129
133
137
142
172
164
196
186
230
292
472
726
1179
1974
3211
5008
7699
11402
15163
19846
24330
28158
30941
32120
31554
29283
25805
22007
17735
13552
9963
7346
5090
3708
2598
1869
1387
1027
772
581
429
274
224
234
226
279
353
421
468
537
533
528
557
473
391
343
288
236
145
111
94
66
68
59
41
37
43
35
25
30
18
17
11
19
8
16
11
9
6
11
12
13
6
5
10
8
9
8
7
8
4
6
10
16
5
15
12
5
8
7
8
10
13
9
11
11
16
8
9
15
7
15
15
15
19
23
19
30
30
18
19
24
15
24
34
7
20
14
17
27
16
23
24
17
14
19
16
19
19
20
16
13
17
12
24
19
22
18
11
14
19
13
9
10
10
7
7
9
7
9
4
5
7
10
5
9
5
8
8
2
9
4
9
6
1
4
8
7
9
6
5
3
5
4
5
11
10
11
6
20
11
12
24
22
25
34
25
28
21
17
28
14
18
14
16
18
11
9
17
12
9
6
13
15
5
9
6
14
12
5
11
12
6
9
13
14
8
12
10
7
5
6
4
7
6
4
3
7
4
8
6
7
8
6
4
6
6
6
8
9
5
3
11
5
10
7
8
7
6
16
3
4
4
4
5
5
6
4
4
4
2
5
4
7
8
6
5
4
4
2
4
7
9
5
5
6
5
8
4
6
3
5
3
7
2
11
4
4
6
5
5
7
9
6
5
8
11
4
5
10
5
5
11
7
3
8
8
3
5
6
8
8
7
6
5
9
7
5
9
5
6
8
4
3
6
5
7
11
7
11
7
14
5
6
7
10
8
8
2
10
7
7
12
12
3
10
6
6
6
7
12
10
8
6
11
6
7
9
5
11
10
11
14
7
8
6
9
6
12
7
16
12
13
6
7
10
16
9
12
16
9
12
13
9
14
9
7
12
8
12
18
16
7
12
8
9
14
15
16
15
17
6
8
18
15
14
15
11
12
16
12
11
24
14
13
14
11
12
15
16
13
8
14
21
14
10
17
15
17
30
14
14
15
14
14
17
18
11
20
23
19
17
15
19
27
17
15
20
21
16
13
16
18
13
19
15
21
21
15
21
15
24
23
15
13
32
22
27
19
21
28
29
19
31
16
16
24
31
24
27
25
26
23
24
25
21
19
18
33
37
24
28
24
33
23
25
34
32
41
24
24
25
37
33
19
30
27
23
29
33
29
34
37
33
33
36
24
27
40
43
32
31
28
34
46
27
42
44
48
37
38
40
38
44
45
32
43
41
47
51
41
44
40
42
50
45
49
40
77
41
59
69
74
44
67
54
45
48
75
54
56
57
59
60
54
82
57
65
63
65
79
70
49
65
63
89
87
73
86
80
72
69
75
77
89
100
97
83
86
93
74
98
85
87
93
84
72
81
104
75
82
71
73
78
67
60
59
76
76
79
63
77
72
80
84
73
73
63
67
69
67
61
76
71
80
74
69
73
81
84
63
72
81
63
75
80
66
67
88
57
78
75
62
69
73
81
64
74
58
66
67
71
75
70
87
92
64
78
59
68
78
81
65
57
60
66
66
76
62
77
77
68
71
69
65
73
77
83
55
80
75
72
70
59
61
60
58
75
61
70
90
91
57
75
68
61
71
82
68
68
66
74
61
82
66
91
75
72
68
73
89
72
62
72
60
62
85
57
62
64
62
70
76
84
93
80
79
81
84
71
71
85
81
81
80
92
93
78
81
74
92
105
92
124
132
126
129
177
206
248
282
317
404
413
552
639
651
751
764
928
939
966
971
1036
988
1050
963
926
868
783
719
612
566
455
409
346
286
222
217
163
153
127
112
104
115
96
98
106
90
98
83
88
84
105
82
103
94
99
73
103
97
106
97
95
94
111
94
114
95
102
85
95
105
96
89
89
90
88
97
89
93
106
119
100
92
110
103
96
111
107
90
91
104
103
96
106
119
106
112
116
110
115
103
121
116
108
90
126
110
124
132
134
157
142
163
174
172
200
181
199
214
206
214
215
251
258
241
242
216
229
247
217
204
208
178
181
183
168
167
151
176
166
124
146
163
133
137
135
149
149
141
139
146
151
159
142
147
173
151
143
142
155
171
193
173
168
161
168
201
195
184
205
185
188
189
217
214
203
229
257
250
230
205
234
221
205
241
237
255
240
242
221
235
252
250
242
225
218
243
253
230
251
250
235
253
228
237
210
239
206
207
241
216
243
229
221
210
200
223
218
227
217
229
249
214
244
225
218
208
218
217
248
227
204
218
217
220
259
215
202
217
243
239
213
238
222
241
211
212
201
228
221
222
240
211
234
205
239
228
217
218
222
227
213
211
208
203
208
199
209
174
234
208
184
202
204
180
213
189
185
185
187
201
186
196
212
206
234
192
184
191
181
182
177
181
203
195
201
181
172
179
189
184
190
205
188
209
181
163
194
181
186
186
169
196
223
171
167
202
188
218
188
191
204
204
197
195
203
203
190
179
181
224
213
182
207
180
210
186
203
205
195
183
205
199
179
184
192
200
188
217
205
193
178
204
195
178
227
214
199
213
213
209
219
191
214
183
203
210
220
212
209
197
225
236
218
206
222
208
241
227
188
215
229
206
235
222
217
221
234
226
245
233
241
219
233
220
226
244
246
239
238
203
215
246
248
229
222
238
234
229
239
219
209
239
238
226
241
240
219
248
260
253
209
227
253
224
251
221
240
236
221
202
219
229
201
242
230
199
218
224
242
219
235
232
230
237
238
226
283
240
236
247
231
200
239
233
250
224
214
220
208
228
254
243
228
232
233
229
227
258
229
250
266
233
243
257
253
255
254
220
276
241
231
253
239
245
243
229
250
228
259
243
240
221
253
255
266
238
267
259
232
247
251
274
251
258
269
271
253
225
233
218
265
243
244
238
260
247
228
286
246
245
267
210
277
280
257
280
234
263
267
264
272
254
261
306
290
255
271
256
270
287
256
282
280
288
271
269
285
260
258
283
269
259
258
271
281
296
285
271
277
315
286
273
303
292
269
288
247
319
265
270
299
265
285
259
266
263
283
287
281
265
266
292
327
278
291
284
246
286
273
252
306
280
299
330
269
293
274
284
253
296
289
296
311
290
307
309
297
299
290
272
277
291
309
261
284
276
263
262
275
269
296
297
292
277
269
268
274
285
300
290
275
291
272
286
279
294
306
272
272
298
256
287
289
270
252
238
279
255
258
273
274
288
303
262
270
263
282
240
255
293
254
271
251
242
285
287
248
243
262
242
267
242
258
225
227
250
257
243
266
251
295
262
258
244
247
261
244
241
261
246
243
257
244
256
248
267
251
254
255
296
257
259
269
240
232
250
247
239
234
254
287
295
283
247
258
240
280
216
237
246
222
267
227
243
276
242
263
267
265
255
268
260
257
241
227
256
221
257
264
274
246
273
257
262
239
250
239
259
237
268
242
250
245
253
228
264
249
264
273
224
242
226
259
239
247
246
266
248
244
251
255
260
249
272
257
229
272
232
238
255
246
242
229
250
219
244
236
251
251
265
232
232
240
229
237
230
266
227
258
249
268
249
277
223
240
248
242
252
225
236
264
259
236
233
237
238
239
256
234
233
230
249
247
232
262
234
235
252
217
265
240
271
256
250
251
247
223
241
250
243
237
264
264
261
276
225
261
265
260
230
230
255
256
253
246
257
264
261
273
269
248
253
287
247
260
262
257
287
271
304
279
289
254
312
234
308
268
275
271
300
287
261
281
305
317
312
261
282
315
272
287
304
294
303
308
339
307
310
327
342
335
294
331
319
338
321
325
372
363
369
350
332
338
361
346
356
335
393
359
376
397
376
394
391
438
431
431
408
459
400
440
465
458
468
466
496
462
497
563
500
513
500
556
585
559
617
603
647
662
654
729
710
776
780
775
828
809
830
890
848
877
919
1064
1039
1094
994
1079
1052
1202
1186
1175
1226
1266
1231
1315
1279
1317
1416
1323
1402
1425
1417
1432
1393
1350
1471
1414
1474
1441
1373
1350
1406
1391
1380
1386
1327
1327
1310
1263
1263
1234
1145
1233
1170
1164
1054
1099
1031
1043
1047
986
894
949
869
844
872
811
765
834
756
744
712
644
653
630
631
539
545
537
501
489
523
497
467
447
436
450
393
425
428
390
408
382
373
313
368
311
340
360
309
310
304
261
306
289
269
303
280
283
283
238
286
256
232
266
269
232
232
240
238
255
225
205
240
213
219
217
240
227
230
246
206
220
220
195
211
233
262
243
266
255
271
283
278
304
323
298
337
336
318
345
390
397
352
440
403
431
417
437
415
457
466
452
438
440
436
446
401
442
429
421
372
399
362
342
314
306
308
274
296
228
257
195
229
200
194
188
187
183
148
160
165
156
155
138
143
163
147
176
135
153
157
150
140
144
152
162
144
157
138
163
167
160
161
185
179
165
155
176
193
162
189
191
180
195
176
177
175
176
204
212
179
200
229
218
240
207
196
250
206
216
231
228
220
242
238
244
223
256
246
256
248
250
227
240
245
249
255
246
242
238
238
266
250
264
240
237
249
265
242
249
236
258
239
237
236
229
233
209
194
198
189
226
210
191
171
156
166
171
158
169
177
154
174
162
142
132
129
149
157
159
128
149
151
119
132
126
128
124
117
105
112
101
114
111
109
133
89
110
111
114
80
108
105
74
96
85
82
103
89
91
82
79
88
116
73
81
97
70
90
78
71
68
75
63
68
83
76
68
66
68
60
63
63
76
75
80
71
69
66
70
84
55
49
63
65
48
45
59
51
56
68
63
51
58
49
62
49
68
64
48
52
57
55
59
56
43
65
50
44
44
51
46
63
60
48
58
60
57
57
65
58
67
56
69
41
65
59
71
82
68
84
95
80
86
78
76
79
77
79
93
76
77
76
69
66
54
57
64
58
47
56
42
51
51
32
45
47
49
58
63
48
52
50
55
45
38
42
41
25
42
49
33
51
42
50
39
45
40
34
53
41
52
39
38
44
42
34
41
38
33
47
36
52
33
36
33
41
36
59
36
38
36
39
45
40
41
34
38
47
37
31
38
36
32
21
29
47
25
25
29
38
18
38
38
37
37
39
36
30
28
25
34
35
47
23
34
36
29
40
26
28
42
41
32
30
29
34
26
29
38
27
28
40
30
29
29
32
22
36
20
27
28
28
26
32
32
24
31
18
38
28
29
28
23
34
21
35
22
37
29
30
29
28
23
33
24
18
20
34
32
25
32
28
20
25
36
31
26
27
28
32
25
26
27
34
25
32
33
33
24
27
24
31
27
32
33
25
29
32
27
15
22
21
24
27
24
30
30
27
22
24
17
27
26
19
23
20
18
20
21
29
16
23
20
32
24
18
24
31
20
24
28
17
29
11
18
23
26
20
22
17
21
24
21
29
25
9
22
26
23
20
25
20
17
15
20
28
20
22
24
16
21
24
21
13
17
28
21
26
10
29
23
18
22
18
22
14
23
22
15
19
20
24
18
16
19
18
20
17
16
34
16
14
21
15
29
21
12
13
14
21
17
28
12
13
21
20
18
29
22
23
18
16
16
12
11
23
12
19
20
18
22
13
22
22
20
17
18
17
14
13
18
17
27
19
17
18
14
20
15
17
19
20
12
18
13
14
15
22
16
18
23
21
17
20
11
16
16
20
20
23
9
25
20
20
15
13
12
14
18
30
14
18
12
18
19
20
16
8
11
13
15
12
7
17
10
15
16
21
18
14
18
13
16
16
14
12
10
20
13
17
14
12
17
6
11
19
15
15
10
7
21
11
14
20
8
25
16
6
10
13
16
17
11
15
8
12
13
12
15
17
11
10
8
12
8
8
10
7
17
11
10
16
14
14
15
16
12
14
19
9
17
13
11
17
10
17
14
13
20
14
8
11
19
8
14
11
15
10
8
11
9
7
9
15
13
9
11
15
10
12
10
15
9
8
14
12
12
12
13
13
9
9
10
9
14
12
9
11
17
7
8
12
15
12
15
10
12
12
10
11
8
11
6
8
15
19
8
4
8
13
12
8
10
8
6
7
13
12
11
6
10
13
9
11
8
10
5
6
9
8
6
11
8
7
7
8
7
6
9
15
9
9
10
8
9
6
5
12
5
13
10
10
6
9
5
12
4
11
5
6
3
11
8
6
13
12
6
8
11
2
12
8
5
11
6
11
4
4
10
5
10
8
1
8
8
6
5
9
7
8
9
3
4
12
10
5
11
10
5
11
6
7
8
9
9
9
7
10
9
12
11
12
8
10
4
11
10
10
10
10
10
7
6
9
9
10
10
5
9
9
9
7
9
7
4
6
10
7
11
9
8
8
8
9
7
2
8
9
8
7
8
9
9
9
9
6
8
8
6
7
7
4
9
8
7
4
6
6
4
13
10
4
7
6
4
7
4
8
9
9
5
7
3
10
8
6
11
8
5
4
4
3
5
6
8
9
4
3
8
9
4
14
8
5
8
8
3
7
8
6
7
7
3
12
7
7
6
5
2
6
7
8
5
6
6
4
5
3
6
9
9
2
5
4
2
3
4
6
8
5
5
9
2
5
3
4
9
7
5
5
4
6
6
2
3
6
3
3
5
4
5
6
9
5
6
5
4
8
2
4
12
2
2
4
5
4
5
6
7
2
2
2
3
4
6
3
4
6
0
4
5
7
4
4
10
9
3
6
5
4
3
1
2
3
8
4
7
7
2
3
4
3
1
7
2
1
2
8
2
4
4
1
3
6
4
2
3
4
1
3
0
4
1
2
5
5
6
3
2
3
4
1
2
2
4
5
1
2
7
2
3
3
1
2
1
2
2
2
2
5
2
1
2
7
4
2
4
3
3
7
2
6
1
5
1
7
3
3
4
3
5
3
3
3
9
3
1
4
7
3
3
4
2
2
4
5
6
2
1
2
2
1
2
6
2
3
6
3
9
2
2
1
3
2
3
3
2
2
3
6
3
5
5
3
1
3
1
2
3
2
1
2
3
1
3
2
2
1
3
0
3
1
5
2
4
3
2
4
5
0
3
4
2
2
4
3
6
4
4
6
4
5
0
3
3
3
1
1
2
2
2
1
3
2
4
5
2
2
1
2
1
2
1
2
4
3
0
3
3
3
3
7
4
1
2
3
2
2
3
5
1
3
1
1
2
2
2
2
2
5
1
2
6
2
1
4
1
7
2
8
2
1
1
2
2
2
5
1
0
3
2
0
2
2
4
1
0
1
0
2
3
2
0
1
3
5
1
2
1
1
4
3
2
2
1
2
0
0
0
2
5
3
1
1
2
1
2
0
1
1
3
3
2
3
2
2
2
2
1
4
2
2
2
2
4
0
3
0
5
4
1
1
2
1
0
3
1
2
0
2
1
1
3
2
3
2
0
2
0
2
1
2
2
2
2
2
2
2
0
1
1
1
2
2
1
0
0
3
1
1
0
1
1
2
1
0
0
4
1
3
1
1
1
1
0
1
1
1
1
1
1
2
0
2
1
1
2
2
2
1
2
2
1
1
0
4
0
1
1
2
2
4
0
3
0
0
1
0
1
2
0
3
1
1
2
2
2
2
1
3
0
0
2
0
0
2
0
1
2
0
1
1
4
0
0
1
1
3
0
2
1
0
1
0
1
0
0
0
1
2
1
0
2
2
0
2
3
3
0
0
3
1
2
3
1
0
3
1
0
2
0
0
2
1
0
1
2
0
0
2
0
0
1
0
0
0
1
0
1
1
1
1
1
2
1
0
0
1
1
2
1
0
0
0
3
0
0
1
0
1
1
1
2
0
1
1
0
1
1
0
1
2
0
0
0
3
1
0
0
1
0
1
0
2
0
1
0
1
2
1
0
0
0
1
0
0
0
0
1
0
0
0
0
0
0
2
0
1
1
0
1
1
0
0
0
0
0
1
1
0
3
3
0
1
1
0
2
0
1
0
1
0
0
0
0
1
2
0
1
1
1
0
2
0
1
2
1
1
0
0
1
0
1
1
1
1
0
0
3
1
0
0
0
0
1
1
0
0
0
0
2
0
1
0
0
1
1
1
1
0
0
1
1
1
1
1
2
0
1
1
1
0
0
1
0
1
0
0
0
2
3
0
0
0
2
0
0
1
1
0
0
0
1
0
1
1
0
1
0
1
1
0
0
0
0
0
1
0
0
0
1
0
0
0
0
0
0
0
0
0
1
0
1
0
1
0
2
0
1
1
0
0
1
1
0
1
0
1
0
1
0
0
1
0
1
0
2
1
1
1
0
0
0
0
1
0
0
0
0
2
0
0
1
0
0
0
0
0
1
0
0
0
1
0
1
0
0
1
1
0
0
0
1
0
0
1
0
0
0
0
1
0
2
2
0
0
0
2
0
0
0
0
0
1
0
0
0
0
0
0
0
0
0
0
0
1
1
0
0
1
1
0
0
0
0
0
0
0
0
1
0
0
0
1
1
1
1
0
2
0
1
0
1
0
0
1
0
1
1
0
0
1
0
0
1
0
0
0
1
2
0
0
0
0
2
0
1
1
1
0
0
0
0
0
0
0
0
0
2
1
0
0
0
0
1
0
0
0
0
1
0
0
0
0
0
0
0
0
0
0
0
0
0
1
0
1
0
0
0
0
0
0
0
0
0
0
1
0
0
0
0
0
0
0
1
0
0
0
1
0
0
1
0
1
0
0
0
0
0
0
1
0
0
0
0
0
0
0
1
0
0
1
0
0
1
0
1
0
0
0
0
1
0
0
0
0
0
0
0
0
1
0
0
0
0
1
1
0
0
0
0
0
0
0
0
0
0
0
0
0
0
0
0
0
