0
0
0
0
0
0
0
0
0
0
0
0
0
0
0
0
0
0
0
0
0
0
0
0
0
0
0
0
0
0
0
0
0
0
0
0
0
0
0
0
0
0
0
0
0
0
0
0
0
0
0
0
0
0
0
0
0
0
0
0
0
0
0
0
0
0
0
1
0
0
0
3
1
1
1
2
2
0
2
2
0
5
13
42
108
378
926
2265
4906
9588
17236
27783
40874
54870
66163
72901
72850
66649
54892
41111
27789
17440
9861
5072
2299
987
402
161
45
20
4
2
2
5
2
1
1
0
4
2
0
0
0
0
1
0
0
0
0
0
0
12
78
42
63
57
47
45
53
50
57
54
61
43
58
52
48
52
52
47
47
51
41
60
55
45
49
38
41
32
40
35
51
44
31
50
49
38
31
39
51
38
46
51
40
33
30
36
39
44
35
42
49
45
48
43
48
42
32
40
53
53
51
42
47
38
47
43
49
51
54
62
60
78
97
98
109
96
126
91
102
90
79
63
69
53
68
52
53
36
45
53
49
48
56
42
41
48
46
50
62
43
58
51
51
64
62
85
75
67
89
97
90
106
94
131
112
115
147
140
155
141
185
162
214
228
305
468
694
1176
1994
3216
4999
7904
11053
15373
19667
23887
28133
30681
32063
31596
29353
26046
22117
17685
13710
9992
7501
5113
3712
2599
1900
1335
994
702
538
401
306
236
237
201
288
331
395
471
537
585
533
546
435
394
345
313
249
156
127
93
60
73
54
50
44
36
38
31
25
20
12
9
20
9
13
7
13
11
10
8
11
8
6
5
10
4
10
8
6
8
10
9
6
7
7
4
5
9
8
10
8
7
5
11
9
11
7
10
10
10
11
16
18
21
32
26
31
28
29
20
28
17
26
18
18
22
21
18
17
15
19
17
26
25
26
16
21
20
19
17
21
21
18
18
14
14
13
22
17
13
5
10
16
12
8
6
9
8
4
7
6
1
5
6
6
5
5
7
9
8
4
7
8
6
4
5
2
6
6
5
7
5
9
9
7
11
10
5
10
15
23
23
30
32
27
23
37
29
28
24
26
19
17
12
15
11
6
9
11
8
12
6
13
18
12
14
16
8
15
11
5
4
12
12
10
12
13
6
9
9
8
6
9
4
3
15
8
6
1
7
6
6
7
7
4
8
3
8
7
7
6
4
1
7
6
4
3
8
5
10
2
4
7
4
3
6
5
2
9
7
9
11
7
4
10
6
7
3
0
6
5
8
3
5
5
4
7
7
7
6
5
7
8
5
1
4
4
4
5
8
2
4
4
10
7
7
10
4
5
9
6
7
4
9
7
1
10
9
5
4
9
4
7
7
4
7
6
7
11
4
4
5
6
8
4
9
2
6
5
8
8
6
7
10
11
1
7
10
6
11
10
15
6
6
11
5
9
7
5
9
9
13
9
6
13
5
9
10
7
9
11
8
10
6
7
7
11
10
15
10
14
8
12
9
10
10
6
10
7
13
6
8
10
9
9
16
12
16
16
13
12
13
8
11
19
10
12
16
14
9
11
13
14
18
14
17
11
14
8
13
8
14
19
15
8
20
11
14
13
16
12
16
15
8
13
14
12
15
16
17
17
11
20
14
18
8
19
19
19
24
20
15
22
19
17
15
20
17
13
26
17
15
17
23
23
20
15
23
16
16
21
17
20
25
19
24
21
20
22
21
31
15
27
23
21
23
26
25
22
23
33
18
23
32
30
26
22
27
25
27
20
29
28
25
25
32
28
27
22
25
28
24
25
26
25
24
29
36
31
30
32
26
25
48
35
46
32
32
33
30
31
35
46
35
23
34
38
38
45
37
38
47
42
46
58
53
47
47
43
36
51
39
53
52
61
49
46
47
43
35
64
51
45
65
70
39
54
53
53
55
62
48
63
71
57
75
55
59
73
71
62
76
67
77
74
57
55
81
91
76
91
102
77
88
83
109
102
98
84
99
85
92
82
77
62
91
89
86
90
67
72
83
76
83
63
64
73
73
74
72
68
59
66
76
79
82
72
73
56
62
70
80
70
55
68
81
74
83
77
71
76
56
73
71
65
66
68
63
66
65
62
66
70
68
61
73
58
58
68
69
79
73
54
82
63
72
70
84
65
80
64
80
74
58
70
83
78
59
65
67
66
70
79
80
67
76
68
72
54
70
69
59
67
71
89
79
75
76
86
70
74
62
73
86
89
72
72
60
60
62
69
56
73
78
75
85
71
71
71
71
59
87
82
80
71
81
75
78
80
69
69
93
70
63
72
66
78
87
78
81
80
76
76
94
73
88
82
76
73
85
103
97
108
104
120
131
165
211
225
297
297
375
470
514
585
733
760
808
841
924
1013
974
1051
993
988
980
919
908
781
741
656
565
458
421
346
285
243
202
193
152
129
130
125
114
96
87
118
84
89
95
95
84
91
93
92
96
90
101
86
83
97
97
93
88
120
111
95
116
88
108
99
114
104
103
103
101
90
103
90
100
88
95
83
111
89
104
106
105
110
102
116
94
116
113
89
115
117
118
119
119
112
109
120
126
127
103
106
98
127
143
117
150
148
174
157
170
202
188
205
230
214
212
229
261
254
251
249
253
249
220
225
213
210
183
173
183
136
162
155
153
156
148
137
151
143
137
124
160
125
142
160
162
139
147
183
146
164
164
153
164
159
196
182
182
136
163
178
184
178
172
185
217
196
219
206
216
226
202
200
234
224
222
229
224
216
227
223
254
257
225
248
229
220
245
232
216
210
243
235
225
252
224
225
234
229
233
217
224
216
213
250
231
214
225
223
227
219
228
236
241
239
239
247
224
201
241
234
240
231
229
229
210
214
229
235
223
214
237
216
205
217
227
214
207
211
234
236
249
213
216
226
202
245
225
210
221
209
232
225
216
216
227
217
221
200
212
203
207
215
188
209
183
220
173
197
209
201
185
219
196
208
185
192
203
194
221
183
181
200
185
206
176
201
187
205
214
188
171
224
199
181
204
194
184
183
196
188
191
201
171
211
195
171
181
184
184
196
163
192
200
211
191
176
183
177
156
189
189
203
195
176
186
180
198
192
192
179
173
202
177
190
217
202
217
218
185
196
197
219
201
200
205
233
209
191
199
198
205
225
204
218
181
208
196
217
203
201
195
186
198
227
216
201
204
209
220
173
218
182
208
203
221
232
215
250
201
244
239
228
222
227
236
216
247
218
213
200
220
224
255
245
242
220
226
249
251
272
229
232
233
208
223
229
235
235
231
246
228
236
222
200
213
227
230
222
234
230
218
237
219
219
224
244
224
220
202
231
196
213
220
213
232
220
218
254
232
215
234
224
227
235
235
231
207
225
236
240
236
213
239
232
251
232
227
246
216
221
223
211
230
245
232
247
227
238
241
234
234
237
226
235
232
266
230
233
248
252
244
241
261
211
220
252
266
247
260
225
244
261
248
238
230
256
243
257
222
240
231
221
271
243
253
267
208
250
247
273
254
250
240
257
272
265
251
238
267
252
252
262
238
268
265
287
225
246
258
251
269
285
280
256
277
253
272
294
268
250
250
291
246
265
280
287
278
270
270
270
254
269
254
274
263
262
254
273
295
264
255
269
312
296
278
275
271
268
292
271
259
260
298
278
302
271
273
276
268
296
290
278
290
276
291
319
287
296
291
268
270
291
309
276
264
277
278
277
273
297
256
299
275
273
277
282
285
265
304
264
273
271
301
273
319
272
304
272
279
268
289
266
268
276
281
252
266
263
252
248
290
269
280
278
292
266
261
266
248
273
290
272
256
278
256
273
266
265
265
261
310
245
242
270
243
248
282
247
263
291
251
268
250
257
253
277
256
251
268
268
278
245
275
230
264
248
267
247
239
259
250
272
260
243
243
247
253
249
238
233
226
245
219
263
256
240
233
244
250
288
251
236
254
250
238
228
222
278
258
250
258
223
236
254
244
251
247
236
261
270
266
231
244
245
238
249
256
222
265
247
253
240
262
250
265
227
248
260
254
245
224
269
238
227
252
271
254
229
215
248
287
253
226
221
223
227
260
237
239
248
234
233
260
222
270
245
249
211
247
243
243
251
215
239
268
262
253
226
250
257
268
239
239
238
241
254
247
237
275
239
206
246
222
233
228
243
271
224
259
235
240
249
241
251
253
256
252
234
248
262
219
238
235
243
242
268
241
224
247
259
238
240
231
213
242
269
242
221
245
242
240
239
263
268
238
259
256
230
238
228
244
252
239
246
241
261
220
246
261
258
273
259
276
270
270
263
280
262
258
262
290
244
265
270
264
266
260
273
283
262
275
240
261
279
250
265
269
290
277
284
281
266
293
279
306
317
302
304
307
321
302
326
343
334
301
329
336
323
311
345
297
319
334
361
335
302
321
365
363
344
373
329
360
404
374
350
374
359
376
386
425
375
385
426
440
445
384
447
457
474
480
480
543
518
535
519
531
565
601
525
591
616
659
632
682
691
739
760
802
764
833
887
818
902
892
893
941
951
1010
1107
985
1087
1113
1102
1217
1227
1246
1224
1295
1272
1285
1374
1299
1359
1379
1385
1360
1380
1376
1423
1397
1376
1468
1395
1434
1414
1379
1416
1347
1312
1277
1340
1277
1285
1255
1244
1253
1186
1230
1110
1131
1067
1083
941
989
963
920
874
802
902
873
784
719
794
701
707
709
626
618
579
594
551
549
539
488
499
457
425
455
470
450
416
427
391
398
357
391
401
357
342
356
292
338
330
296
303
320
319
284
263
290
307
292
270
276
268
253
265
265
237
237
246
242
260
238
248
218
233
218
216
227
242
209
210
235
208
220
211
230
223
244
238
236
204
236
274
246
247
241
289
311
300
335
319
321
352
399
374
393
396
399
414
446
428
473
440
450
473
471
463
456
413
413
391
399
379
346
381
328
341
353
335
293
277
253
210
231
230
245
191
201
187
166
176
149
178
158
148
150
163
150
136
155
144
162
139
143
157
151
168
141
140
147
173
178
161
152
146
158
167
138
170
175
144
170
170
161
185
166
197
187
174
193
225
187
198
194
178
212
220
228
224
211
236
198
203
226
223
223
217
238
241
243
235
263
229
227
213
269
271
270
254
270
255
266
251
224
243
215
245
229
256
249
237
223
224
219
228
226
239
215
227
198
233
221
198
221
191
188
193
201
183
183
173
165
183
199
186
169
162
154
151
186
151
130
155
144
139
127
146
125
128
148
144
110
111
133
103
112
110
115
126
108
94
111
112
96
103
99
92
106
74
87
93
78
83
89
88
97
88
72
72
92
81
77
70
74
69
70
83
75
75
64
65
60
68
74
71
73
61
80
70
70
75
72
71
75
62
58
57
73
59
62
57
55
66
64
47
61
71
52
53
61
72
62
74
40
53
69
43
55
54
56
49
57
55
52
52
59
56
56
44
62
53
71
57
62
48
61
55
64
80
57
81
68
73
65
82
70
88
95
74
68
75
72
92
69
83
74
76
61
75
69
61
67
56
56
52
38
53
47
45
36
47
47
44
38
40
48
41
58
36
49
41
37
44
39
41
37
39
44
29
31
53
39
50
44
46
45
39
30
38
31
52
39
44
40
37
36
27
33
39
33
36
33
38
44
37
34
28
31
32
37
36
36
35
36
24
29
45
35
31
34
32
33
39
33
39
29
37
27
25
37
35
22
27
35
25
25
20
38
38
33
27
36
19
32
32
27
32
34
34
35
24
31
22
25
29
30
36
29
39
33
34
32
28
24
17
23
26
32
31
37
29
42
33
29
25
21
19
29
28
32
35
30
31
34
35
23
32
36
39
23
28
16
29
28
30
28
36
35
29
32
27
27
20
26
26
23
32
28
25
29
28
32
25
22
11
32
18
19
23
28
34
30
25
16
22
27
24
30
22
35
23
29
22
28
28
19
30
28
28
18
23
18
26
26
24
22
22
21
20
18
26
17
17
14
27
23
27
21
22
15
20
19
30
19
16
19
24
29
20
23
15
19
21
18
16
21
21
28
24
14
16
20
16
18
20
26
25
19
25
21
28
15
20
23
18
22
28
17
14
17
18
19
23
17
21
21
18
12
24
21
26
17
20
27
21
16
18
19
18
26
13
19
32
15
15
15
20
29
16
15
29
20
16
19
13
27
22
23
12
12
17
19
16
20
19
14
22
21
18
20
18
20
19
8
16
21
24
20
16
14
25
21
19
15
18
13
17
19
17
15
20
11
20
24
16
18
15
15
13
21
20
20
12
16
17
17
15
21
11
15
20
17
23
22
10
13
17
22
10
13
19
14
12
17
15
11
6
13
8
17
13
21
22
11
15
13
15
26
15
14
14
17
9
15
19
15
10
14
15
22
12
11
15
13
12
17
17
16
15
20
12
15
13
15
14
13
14
15
16
17
14
9
13
15
11
9
17
10
10
15
12
13
8
23
13
14
11
13
18
18
8
7
19
18
14
15
21
16
15
13
17
14
12
19
11
11
13
7
19
12
10
7
5
14
11
11
14
10
11
16
12
13
12
5
6
9
12
19
13
11
17
15
17
8
13
11
15
9
9
10
11
12
10
8
6
8
6
15
8
9
11
9
10
7
15
7
11
9
7
10
9
11
9
10
9
11
11
4
13
12
15
11
13
13
9
6
8
7
13
7
10
12
8
11
8
10
9
11
11
14
7
10
7
9
12
11
4
9
2
6
5
7
11
11
10
6
11
9
9
2
8
8
7
5
4
8
9
10
6
14
9
8
5
12
9
12
11
9
7
10
6
10
7
7
8
10
5
9
6
8
6
5
6
7
6
11
6
10
8
9
8
8
12
7
5
11
6
6
16
11
9
3
5
9
7
8
6
10
10
5
10
12
10
7
6
5
11
5
10
7
8
9
5
8
7
8
4
8
6
14
6
12
8
8
8
4
10
9
6
5
8
6
5
6
10
7
9
6
6
8
7
5
1
12
12
5
3
4
2
11
6
8
11
11
5
3
9
4
8
4
6
4
6
14
8
4
9
2
5
3
8
14
7
5
4
6
5
5
7
6
3
8
8
4
8
6
6
4
2
4
5
5
4
5
8
6
5
6
7
6
3
10
6
4
4
8
7
6
10
5
6
6
5
5
6
5
10
4
5
4
5
2
6
6
4
3
9
7
5
3
3
2
6
5
8
5
4
7
4
5
7
5
0
2
3
7
5
8
1
5
6
5
3
4
7
4
4
4
1
2
4
2
6
2
5
8
1
0
3
3
7
5
2
3
6
2
3
6
6
3
2
2
5
6
1
5
8
4
2
2
4
1
5
1
2
2
2
3
5
1
3
4
5
5
4
3
6
4
0
5
12
3
4
2
2
4
0
8
1
6
2
4
1
4
4
4
5
6
3
7
7
0
0
6
2
5
7
3
3
1
1
6
6
6
1
3
2
6
3
4
5
1
3
1
2
5
5
3
5
7
2
5
5
3
3
4
9
4
5
6
2
3
1
3
3
6
1
4
2
2
3
4
7
1
5
3
5
3
6
2
2
3
4
3
2
2
5
5
3
1
3
7
3
5
1
2
3
5
0
1
7
5
1
1
4
3
1
2
2
4
1
0
3
3
1
3
3
3
3
3
1
4
3
1
2
4
1
0
4
1
2
5
3
1
3
2
5
2
4
5
2
3
4
1
2
3
1
1
4
1
6
2
5
2
4
5
1
4
2
1
2
0
2
3
1
3
1
1
2
2
3
0
3
1
0
6
2
2
1
3
1
3
1
4
3
6
1
7
1
1
0
1
3
1
2
1
4
1
3
4
1
3
1
1
1
3
2
1
2
2
0
0
4
3
3
3
2
1
2
2
4
2
1
1
2
1
1
0
2
1
2
1
4
0
3
1
1
0
1
1
1
0
3
0
1
3
0
4
2
2
2
0
2
0
2
3
4
2
3
0
1
1
0
1
0
2
3
1
2
3
3
2
0
3
0
1
0
1
0
3
0
0
2
2
2
2
1
2
3
2
3
1
0
1
1
2
0
3
1
0
2
0
2
2
1
1
1
1
0
2
1
2
4
0
1
2
0
1
2
3
1
1
1
3
0
0
2
0
1
0
2
1
1
0
3
0
2
0
4
2
0
2
3
1
2
0
2
1
1
2
1
1
2
2
1
1
1
1
1
1
1
1
0
1
0
1
0
0
1
2
3
0
0
2
2
2
0
3
0
2
0
0
1
1
1
0
1
1
1
1
1
0
0
0
3
0
0
2
2
1
1
0
1
0
1
0
0
0
0
3
2
0
1
0
1
2
1
0
0
1
0
1
3
0
1
0
1
1
1
1
0
1
1
3
0
4
3
0
1
1
1
2
0
1
1
1
0
1
0
0
2
0
0
2
2
1
1
2
0
1
0
1
0
0
1
0
0
2
2
0
1
3
0
0
0
3
0
2
1
0
1
3
1
1
0
1
0
1
1
0
0
0
1
0
1
0
1
2
0
2
1
1
0
0
1
1
1
2
2
0
0
0
0
0
0
2
1
2
1
0
2
0
1
1
0
0
0
0
0
2
0
0
1
0
1
0
2
1
1
0
1
0
2
0
1
1
0
0
0
0
0
0
0
0
1
1
0
0
1
0
2
2
1
0
0
0
0
0
0
0
0
1
0
0
0
2
0
0
0
2
1
0
0
2
0
0
0
1
0
2
0
0
1
3
0
0
1
0
0
0
0
1
0
1
0
0
0
1
3
1
1
1
0
0
0
2
1
1
0
1
0
0
0
0
0
1
1
0
0
0
0
0
0
1
2
0
1
1
1
1
3
1
0
1
1
0
2
1
0
1
0
1
2
0
1
0
2
1
2
1
1
0
2
0
1
0
1
0
0
1
2
3
1
0
0
0
0
1
1
0
0
2
1
0
0
0
0
0
0
0
1
1
1
0
0
1
1
0
1
1
0
0
1
1
0
4
0
0
0
1
0
0
0
1
2
0
0
0
0
0
0
0
1
0
0
2
0
1
1
0
0
1
1
0
0
1
0
0
2
0
1
0
0
1
1
0
0
0
0
0
0
0
0
0
1
0
1
0
0
0
3
2
0
0
1
0
3
0
0
0
0
2
0
0
0
0
0
0
0
0
1
0
0
0
0
0
1
1
0
0
1
1
0
0
0
0
1
0
0
0
0
0
0
0
0
0
0
0
0
0
0
0
0
0
0
0
1
2
0
0
0
0
1
0
1
1
0
0
0
0
0
0
0
0
0
0
0
0
0
0
1
0
0
1
0
0
0
0
0
0
0
0
0
0
1
0
0
0
1
0
1
0
0
0
1
0
1
0
0
0
1
0
0
0
0
1
0
0
0
0
0
0
0
1
0
0
0
0
0
0
0
1
0
0
0
0
0
0
0
0
0
0
0
1
0
0
0
1
