0
0
0
0
0
0
0
0
0
0
0
0
0
0
0
0
0
0
0
0
0
0
0
0
0
0
0
0
0
0
0
0
0
0
0
0
0
0
0
0
0
0
0
0
0
0
0
0
0
0
0
0
0
0
0
0
0
0
0
0
0
0
0
0
2
2
3
3
2
4
1
3
0
4
3
8
5
4
2
1
0
4
16
48
107
335
915
2142
4806
9442
17027
27621
40441
54794
66040
72929
73737
66883
54934
41280
28067
17577
9887
4892
2346
989
398
124
51
18
4
2
0
4
0
0
1
1
0
0
0
0
1
0
0
0
0
0
0
0
0
4
79
52
75
60
72
67
51
61
56
63
48
53
44
43
68
54
50
57
57
54
46
50
54
55
50
52
57
60
57
44
47
46
58
57
61
42
49
48
44
58
60
49
53
50
41
46
46
51
44
48
44
51
45
51
37
47
44
54
48
47
51
59
53
61
52
53
55
63
57
64
83
86
97
105
106
140
115
106
105
102
83
82
72
70
57
79
43
50
57
44
57
48
50
54
66
67
52
59
48
66
63
55
63
80
78
60
65
90
88
83
100
116
109
124
128
148
156
158
175
167
208
228
249
307
410
590
839
1391
2185
3482
5332
7987
11599
15813
20114
24834
28777
31225
33078
32078
29981
26668
22888
17918
13835
10250
7475
5338
3800
2747
1997
1399
1061
821
574
408
326
258
291
247
245
378
395
466
488
573
497
492
463
404
336
230
209
163
115
93
57
74
52
42
37
47
31
27
30
27
23
20
14
13
13
11
14
8
16
9
13
14
9
8
6
10
10
8
11
9
14
12
8
10
12
9
6
11
14
12
6
5
11
8
9
10
15
12
10
19
22
12
14
20
15
30
16
25
32
32
19
26
18
15
26
20
18
22
12
20
22
14
26
25
18
19
16
17
22
16
17
19
24
36
22
13
23
18
13
12
12
11
11
13
7
5
10
6
4
12
8
9
11
3
8
6
8
3
7
4
7
7
7
9
8
4
7
6
8
5
5
13
10
10
12
7
6
12
15
11
17
12
23
23
27
29
29
28
24
20
20
21
18
8
22
7
7
9
19
15
11
9
9
15
9
18
9
13
14
10
11
11
14
6
7
9
8
7
11
6
5
5
9
4
3
8
9
7
7
5
7
3
5
2
7
9
4
2
11
10
12
6
9
7
4
6
6
8
5
8
14
6
6
7
3
12
6
9
5
8
11
5
1
5
5
7
4
4
9
11
11
4
10
5
11
3
5
3
4
6
10
3
5
6
5
10
12
3
12
7
10
5
12
3
4
6
8
10
4
6
8
4
6
1
9
8
8
5
7
8
10
9
6
6
8
10
8
6
4
9
8
4
12
8
9
8
11
11
11
8
11
10
9
10
10
5
7
12
10
9
4
10
13
4
10
10
12
12
9
7
6
8
10
7
7
9
10
13
7
9
7
8
12
10
3
10
12
6
11
7
9
9
8
10
10
12
7
10
12
8
7
6
14
15
6
12
14
8
11
15
20
14
17
10
9
12
15
10
13
14
17
14
21
20
14
20
14
14
13
16
18
21
12
13
8
14
19
13
16
28
19
13
20
11
13
14
13
17
15
13
31
18
18
16
16
22
21
16
18
22
24
16
17
18
17
16
15
23
17
33
23
18
19
23
17
18
16
17
15
26
14
21
24
17
25
17
21
29
19
17
14
23
13
17
27
19
28
27
27
30
21
30
24
36
21
24
27
27
23
31
27
28
22
24
24
42
29
23
32
23
27
30
23
29
31
28
43
44
37
32
30
23
37
37
22
33
36
41
27
35
39
34
50
36
42
41
41
34
32
35
52
30
48
52
50
41
49
41
45
39
51
40
50
40
52
57
53
57
55
40
53
52
61
54
51
48
66
57
62
65
51
60
42
58
72
75
71
68
81
65
79
74
84
66
71
69
83
73
84
74
61
91
80
86
91
82
80
83
84
89
80
87
91
90
108
103
71
99
78
67
69
58
74
86
65
68
82
68
64
87
76
74
78
80
71
72
83
74
73
68
74
77
78
78
86
58
69
74
71
63
68
65
66
61
75
77
83
71
78
80
70
64
60
62
69
68
76
61
61
62
69
82
73
66
73
62
66
79
78
79
78
68
68
70
63
64
73
70
75
73
64
64
67
67
57
74
80
81
75
66
79
87
80
63
72
50
70
72
79
69
65
91
76
74
70
65
68
73
76
70
59
75
66
61
76
79
76
76
97
76
79
75
71
61
81
93
80
72
73
92
68
83
79
85
90
81
60
76
78
75
83
85
83
71
91
89
94
92
78
88
111
107
99
108
124
153
172
183
207
254
310
374
393
477
542
629
736
824
860
932
968
1092
1051
996
946
1022
947
868
772
698
651
572
490
436
386
302
254
214
218
159
157
115
123
109
99
77
93
89
90
94
91
74
111
105
113
100
96
110
81
115
83
92
108
101
114
95
103
93
100
97
84
99
107
110
85
109
109
79
106
97
95
108
111
100
92
106
121
114
113
113
108
113
107
121
130
117
134
103
119
112
125
110
129
117
132
136
127
132
130
140
134
133
152
168
188
187
204
237
234
216
234
236
252
263
254
265
265
240
241
242
235
215
227
185
173
207
174
177
179
161
150
160
159
142
165
156
164
180
163
155
152
155
160
169
156
160
166
159
162
177
176
171
153
174
176
179
171
180
185
161
203
189
185
185
193
201
234
222
214
223
205
212
217
206
202
220
225
224
246
202
200
234
232
242
222
243
228
254
239
221
232
217
234
244
232
236
244
198
236
254
230
235
248
238
236
238
239
248
268
252
251
253
277
274
252
254
239
253
280
280
275
264
276
240
297
271
248
276
279
276
266
260
302
286
286
266
273
281
285
309
269
312
251
279
270
288
270
248
242
277
263
280
236
302
274
274
233
260
259
296
236
264
268
228
243
240
254
246
278
253
240
243
210
262
240
262
254
243
212
266
228
223
254
226
256
227
201
254
237
244
232
228
254
249
224
218
224
222
232
235
253
212
243
240
247
225
262
265
257
227
228
223
220
239
245
269
240
252
239
260
252
255
250
245
238
213
242
225
229
216
226
213
233
261
264
255
236
225
231
236
233
231
249
252
235
261
285
266
278
247
270
232
259
242
231
281
273
219
247
226
269
253
257
277
267
270
249
300
278
271
295
253
258
265
286
287
300
308
257
272
285
239
265
302
267
298
276
283
263
293
305
315
279
291
276
286
264
270
249
260
303
289
259
300
259
324
262
275
267
273
286
291
275
303
291
276
272
276
297
330
281
285
286
264
283
328
294
274
297
310
284
303
285
309
296
299
311
275
275
303
277
296
281
299
276
292
271
333
281
313
295
314
314
304
297
308
302
317
304
321
369
307
315
325
312
338
313
321
336
271
307
322
323
328
336
337
283
330
327
322
343
300
325
294
309
325
324
307
331
354
323
330
328
318
293
339
335
308
275
316
371
323
344
299
317
351
327
320
326
324
319
316
348
353
352
345
356
355
308
325
355
307
321
355
353
331
353
337
348
350
344
324
351
368
340
302
333
327
318
346
301
354
364
344
354
376
323
343
317
329
347
353
370
350
372
375
361
338
335
364
368
349
343
353
357
344
355
371
338
339
332
326
351
369
369
351
358
346
377
346
362
351
375
352
341
344
340
376
371
352
350
390
352
383
371
363
375
360
344
324
353
351
363
337
323
361
330
366
330
341
359
317
321
322
366
332
332
351
341
322
334
342
325
342
343
312
317
306
313
305
321
308
357
347
332
330
354
297
288
339
350
306
313
369
305
320
311
317
329
314
327
332
336
356
321
312
331
361
312
347
313
323
322
309
328
288
301
306
302
313
300
331
338
336
275
306
317
305
307
277
299
316
365
325
319
278
303
306
329
315
302
294
336
318
290
319
290
301
328
334
294
319
301
303
301
294
279
300
301
321
305
285
266
306
302
292
321
293
309
329
333
304
282
316
313
313
283
344
309
303
309
320
301
313
263
337
278
290
294
290
270
309
291
290
322
278
291
292
298
295
294
283
280
313
308
297
266
261
317
314
266
282
288
293
311
270
268
305
276
300
288
285
314
302
316
291
299
270
294
275
309
287
316
310
325
279
274
287
312
277
293
290
303
260
318
295
262
278
298
291
321
299
297
283
284
300
273
303
269
331
273
316
318
302
306
292
299
247
282
295
300
244
323
304
344
330
305
300
301
291
341
284
271
274
289
297
291
283
349
292
316
307
318
298
302
318
351
307
316
331
359
305
311
321
311
296
306
317
340
333
317
310
344
303
332
329
352
299
341
327
324
323
313
344
346
345
360
330
335
324
357
354
338
333
370
360
380
370
340
356
374
369
371
385
407
373
384
399
359
409
402
399
435
413
411
415
427
433
426
471
427
401
473
443
484
468
485
477
479
491
494
507
467
520
506
548
533
592
542
572
554
576
629
663
678
680
694
712
722
716
764
754
790
798
916
925
924
944
941
1048
1030
1137
1142
1162
1158
1208
1129
1261
1281
1369
1365
1333
1462
1468
1417
1471
1495
1566
1522
1603
1582
1613
1610
1629
1640
1554
1701
1635
1630
1669
1581
1702
1675
1578
1596
1518
1609
1514
1532
1443
1484
1463
1399
1337
1328
1312
1311
1323
1203
1194
1207
1087
1045
1116
1049
1013
959
942
833
819
860
839
751
782
744
693
711
647
633
659
591
551
590
550
547
516
473
467
451
447
476
373
438
410
419
387
373
371
388
365
357
392
357
347
340
353
292
341
305
308
329
306
279
315
294
274
297
280
295
265
255
269
249
259
263
238
259
258
209
283
248
232
224
261
257
237
216
243
247
253
262
271
250
286
315
326
326
322
299
344
335
380
381
414
389
412
428
454
424
439
478
481
438
485
455
497
471
458
494
469
459
458
443
410
408
381
351
337
327
298
330
285
285
247
216
232
215
211
186
195
186
186
167
174
164
155
170
175
168
154
165
176
176
160
157
173
173
174
169
148
155
158
174
179
171
174
164
176
202
186
199
185
177
187
179
198
217
202
197
203
206
207
232
180
230
219
215
247
209
244
247
251
264
230
254
255
247
246
239
280
263
281
285
305
295
278
278
255
284
264
273
268
287
293
261
268
284
248
285
289
248
285
275
263
285
259
281
240
251
243
233
237
221
236
220
187
225
198
239
178
200
192
204
194
177
179
176
173
172
190
154
169
154
148
148
134
157
137
159
126
130
116
122
115
132
129
141
115
126
104
107
100
109
124
91
93
98
101
107
109
92
93
95
99
87
84
98
89
95
86
79
93
108
65
77
72
80
75
86
72
88
65
95
70
65
65
78
72
62
74
77
75
60
58
81
68
55
71
62
77
64
61
67
74
65
68
75
61
67
60
64
64
52
57
61
55
56
67
57
65
62
58
54
57
66
60
61
56
71
56
56
76
67
73
50
57
61
94
62
65
70
75
76
81
75
80
79
67
70
85
68
83
87
74
75
66
67
56
84
74
82
53
63
45
57
54
38
42
59
37
62
40
59
49
42
34
43
41
53
42
47
44
45
38
47
49
49
44
43
34
49
49
41
50
49
61
38
45
45
50
51
35
59
43
32
42
43
47
46
46
42
33
27
37
36
39
32
34
35
30
30
41
32
36
41
37
32
47
34
40
33
31
32
31
38
38
25
37
39
31
25
37
33
28
30
31
41
39
31
24
33
23
36
31
36
32
22
27
30
41
26
31
21
32
30
35
34
30
23
20
23
35
40
30
35
34
33
27
22
26
25
28
41
36
25
22
32
29
32
20
25
30
28
32
28
35
20
34
33
18
28
25
32
20
37
28
19
27
32
24
26
20
34
27
29
26
30
29
33
26
35
24
14
21
26
29
18
33
27
39
31
23
27
22
31
21
29
34
36
26
24
24
21
25
26
30
28
21
40
31
24
26
27
34
21
27
22
15
22
25
23
23
16
31
24
29
24
30
20
18
15
20
18
25
23
32
21
25
21
26
20
22
19
16
30
22
24
31
20
16
21
21
20
21
29
18
21
15
23
17
25
16
14
19
22
18
21
26
26
16
24
25
18
22
31
15
14
30
26
14
24
15
19
14
21
21
21
16
26
16
25
20
21
21
16
31
28
23
12
10
24
23
26
21
17
22
23
21
21
24
23
19
23
20
20
12
18
18
21
18
19
19
20
26
15
21
19
18
20
20
15
10
9
8
18
15
10
10
23
23
25
27
18
16
22
23
14
18
16
21
10
18
27
22
20
19
17
12
16
13
12
14
15
23
21
11
21
18
17
17
13
22
17
10
17
19
13
18
17
16
20
19
12
17
12
11
19
19
17
14
17
11
12
11
15
11
13
14
6
11
16
8
18
13
14
10
16
11
15
14
13
11
10
14
12
18
15
7
12
12
12
22
15
11
10
22
20
14
14
12
20
13
13
8
12
8
11
17
14
9
14
12
14
11
11
12
9
13
14
10
7
12
8
16
6
12
13
9
14
9
11
11
10
9
13
10
12
15
10
14
13
14
14
11
11
15
15
11
14
14
12
10
10
17
12
13
12
11
13
12
11
16
13
12
12
8
11
11
14
9
5
13
11
12
9
10
13
11
8
10
12
16
8
16
9
11
12
11
8
16
8
9
9
15
9
12
12
12
10
11
12
11
6
10
9
18
8
12
11
9
8
13
8
5
9
10
6
14
8
7
11
11
7
12
12
9
9
7
7
6
11
5
14
4
12
10
10
13
5
12
13
10
5
11
11
12
8
6
8
6
10
8
8
5
10
11
6
11
10
5
9
14
6
9
4
9
6
7
5
6
16
1
6
6
3
6
12
12
8
4
5
5
12
5
9
6
6
4
9
6
8
9
4
9
7
12
7
4
4
7
6
7
6
10
5
7
8
7
9
11
9
7
2
5
3
8
8
0
9
6
7
12
12
1
9
6
4
5
9
12
6
5
6
7
5
7
11
2
4
3
7
5
4
3
5
3
3
6
2
8
10
5
12
5
5
3
11
5
7
6
2
8
8
10
2
7
7
9
1
2
9
8
11
12
5
6
7
4
7
8
3
8
6
3
3
5
5
2
5
5
5
10
5
4
5
6
2
7
6
6
5
6
6
12
7
2
3
10
6
10
6
7
1
3
3
7
9
3
2
3
7
3
5
8
4
4
4
8
6
7
5
1
4
5
7
5
4
2
7
3
4
7
1
6
6
8
7
5
6
2
11
5
3
4
3
9
5
4
5
4
4
9
6
6
3
2
5
2
3
6
6
3
2
5
7
1
3
5
4
0
2
4
3
6
2
4
5
4
4
5
4
4
7
4
2
3
2
6
3
3
4
4
5
6
3
1
4
5
4
5
3
1
4
6
6
3
3
5
1
3
4
6
7
8
3
1
4
1
1
3
4
3
2
2
3
3
2
2
3
2
3
4
2
5
3
4
5
3
1
5
6
6
6
5
5
3
5
2
1
5
5
3
1
5
3
1
5
3
5
5
5
2
6
3
5
5
8
3
0
0
3
5
2
1
1
1
1
1
2
3
3
3
1
6
1
3
3
3
3
2
1
2
2
0
2
2
2
1
1
4
2
5
1
3
0
5
2
2
3
5
3
0
2
4
3
2
1
1
7
3
5
2
2
2
3
1
1
2
1
2
3
3
2
6
0
1
1
3
0
1
2
2
3
4
1
2
1
3
2
2
1
1
1
4
3
1
2
0
3
1
0
2
4
4
4
1
4
2
3
1
2
3
0
4
5
1
2
2
2
2
1
1
0
1
2
3
1
5
0
0
3
3
4
1
1
3
3
2
4
2
3
1
1
0
3
0
0
0
2
4
3
0
3
1
4
2
2
1
1
3
2
0
3
2
3
5
2
0
3
0
1
0
2
2
5
3
6
1
3
1
2
1
1
2
2
2
2
3
3
1
0
0
1
2
4
1
1
0
0
4
3
1
1
0
3
5
0
2
0
2
2
1
4
2
1
0
1
1
2
0
1
1
3
2
0
0
2
5
2
1
1
1
1
0
3
1
1
1
1
0
0
3
4
0
3
4
2
2
3
0
2
2
1
0
0
0
2
0
0
0
0
4
3
1
2
1
2
4
3
1
2
2
0
1
4
0
0
0
2
0
1
1
2
3
3
0
2
0
1
2
2
1
2
2
0
1
1
2
1
0
2
2
0
1
2
2
0
0
1
1
1
0
1
1
1
0
2
1
1
0
0
1
1
0
1
0
1
0
0
0
1
0
1
1
0
1
1
1
0
2
2
1
1
1
1
2
0
1
0
2
0
1
2
1
1
0
0
0
2
1
0
1
0
0
2
0
1
0
0
1
0
2
0
2
2
2
0
0
0
2
0
0
2
1
0
1
1
0
1
2
1
1
0
1
1
1
2
0
3
0
2
0
3
3
0
0
0
0
1
2
0
1
1
0
3
2
0
1
0
0
0
0
2
1
2
1
0
1
0
1
1
0
0
1
1
1
0
2
2
0
0
0
0
3
1
0
1
2
0
1
2
0
0
0
0
3
1
0
1
0
1
1
2
0
0
1
0
1
1
1
0
0
0
2
1
0
0
1
2
0
1
1
1
0
1
0
1
0
1
0
0
0
0
0
1
0
1
1
0
0
1
1
0
1
0
1
2
0
1
0
1
0
0
2
1
0
0
0
0
0
1
0
0
0
1
0
0
1
0
1
2
0
0
0
1
0
0
0
0
1
1
0
1
0
0
1
1
0
0
1
0
0
3
0
1
0
0
1
0
3
0
0
0
1
1
1
0
0
0
0
0
0
0
0
0
1
0
0
0
0
0
1
0
0
0
1
0
0
1
0
0
0
0
1
0
0
1
0
0
1
1
1
0
1
0
0
0
1
0
0
1
0
0
0
1
0
0
0
0
1
1
3
0
1
0
0
0
0
0
0
1
0
0
0
0
1
0
0
1
0
0
0
1
0
0
1
0
0
0
0
0
1
1
1
0
0
1
0
0
0
0
1
0
0
0
1
0
0
0
0
1
0
1
1
0
0
0
1
2
0
0
0
0
2
1
0
0
0
0
1
2
0
0
1
1
0
1
2
0
0
0
1
0
0
1
0
0
1
1
0
0
2
0
1
0
0
0
0
0
0
0
1
0
0
1
0
0
0
0
0
0
1
1
1
0
0
1
0
0
0
0
1
0
0
1
1
1
0
0
0
0
0
0
0
0
0
0
0
1
0
0
0
0
0
0
1
0
0
0
0
1
0
0
0
0
0
0
0
0
0
0
0
0
0
0
0
1
1
0
0
1
0
0
1
0
0
0
1
0
0
0
0
0
1
0
0
0
0
2
2
1
0
0
0
1
0
0
1
1
0
0
0
0
0
0
0
0
0
0
0
0
0
0
1
0
0
1
0
