0
0
0
0
0
0
0
0
0
0
0
0
0
0
0
0
0
0
0
0
0
0
0
0
0
0
0
0
0
0
0
0
0
0
0
0
0
0
0
0
0
0
0
0
0
0
0
0
0
0
0
0
0
0
0
0
0
0
0
0
0
0
0
0
0
0
0
0
0
0
1
0
4
1
4
1
0
1
2
0
6
8
12
35
122
361
978
2184
4877
9667
17255
27775
40809
54294
66329
72566
73010
66357
55095
41538
28193
17439
9742
5018
2360
952
386
129
38
15
4
2
2
0
2
0
3
1
0
2
1
0
0
0
0
1
1
0
0
0
0
7
57
55
55
45
57
48
50
57
39
43
56
41
44
38
53
55
49
56
60
41
47
48
40
44
40
36
43
42
41
40
40
50
52
34
37
33
41
48
38
47
38
35
45
28
45
52
30
35
31
30
45
55
38
50
43
46
61
48
52
47
50
36
44
47
52
48
53
57
57
63
78
79
80
91
104
120
104
111
94
97
62
71
57
48
62
53
51
60
41
58
46
33
51
48
47
47
57
49
57
54
65
73
62
56
56
72
79
77
69
103
82
97
117
120
126
127
145
149
154
153
162
191
182
240
282
418
665
1169
2001
3372
5193
7654
11214
15080
19909
24342
27939
30956
31911
31483
29502
26034
21777
17732
13601
9905
7351
5090
3674
2542
1834
1387
1048
717
523
363
267
258
208
257
268
347
414
467
514
542
594
537
476
412
340
278
228
162
125
100
76
56
44
53
55
37
34
26
24
25
14
16
9
9
5
8
9
9
6
8
5
8
10
7
5
14
9
7
10
6
5
8
13
12
7
13
8
6
6
14
10
9
14
6
11
12
11
11
11
8
14
16
22
25
15
15
19
20
18
21
28
25
26
20
16
25
17
15
15
21
25
16
29
21
8
25
21
16
14
30
17
19
16
9
18
22
23
11
16
11
11
7
11
12
13
5
7
6
8
5
7
8
10
2
2
9
12
7
10
5
8
5
7
8
7
11
3
6
5
9
7
7
10
7
7
16
9
11
13
19
11
15
28
20
21
24
28
26
35
21
25
14
19
8
10
10
8
16
5
10
11
4
9
6
12
4
11
15
6
14
14
15
15
10
10
8
6
3
3
10
4
6
6
8
8
9
2
7
4
1
5
10
7
5
9
3
6
6
1
6
7
6
9
2
9
8
4
7
6
11
6
7
7
7
5
8
6
7
11
8
4
10
6
7
4
7
7
7
7
6
8
3
2
4
14
10
5
2
5
6
11
9
9
7
5
11
7
8
5
6
10
3
11
10
7
4
4
7
6
9
7
3
8
4
8
6
2
11
5
9
6
7
17
7
12
5
6
10
10
6
7
6
4
6
8
9
5
7
12
4
9
7
5
8
7
10
7
2
8
6
1
16
6
9
9
10
7
12
5
7
6
6
10
8
10
8
6
13
8
10
9
8
11
10
7
10
5
13
9
11
15
4
17
11
14
13
12
12
7
13
6
15
9
10
6
10
5
15
6
12
8
6
16
12
16
10
13
11
13
8
19
4
15
10
11
16
13
8
14
16
13
11
21
7
16
14
17
17
19
11
19
9
11
15
18
16
14
9
15
17
21
13
18
17
23
14
17
14
30
16
13
24
16
17
17
19
22
24
14
23
15
22
19
20
12
26
22
25
15
16
28
22
14
23
15
20
31
19
29
28
21
21
23
23
26
24
19
28
21
20
10
27
20
27
21
25
22
19
41
30
39
23
25
31
28
34
20
25
30
26
25
30
27
37
35
31
33
29
35
26
44
31
29
30
34
36
28
35
40
36
31
47
32
34
37
28
34
48
29
30
39
50
47
40
46
42
46
41
41
43
51
47
47
43
53
41
51
51
42
63
63
53
48
47
60
61
51
59
58
63
61
55
60
63
61
67
65
73
59
73
59
75
67
66
67
90
94
73
96
75
71
84
110
89
86
68
92
83
102
98
97
77
97
78
66
84
79
70
65
70
84
76
84
88
74
74
71
68
73
85
63
75
67
78
69
82
81
81
73
76
81
83
64
63
91
69
55
78
63
66
70
62
68
75
83
69
65
69
75
66
77
80
55
72
80
71
77
72
45
73
63
80
79
66
69
58
79
72
83
79
76
68
74
66
62
53
68
57
85
72
74
65
69
69
61
60
74
46
57
85
70
68
52
75
71
72
64
68
57
77
71
70
65
66
75
51
54
74
70
73
64
63
62
72
57
63
65
75
71
86
64
81
73
70
81
71
74
77
78
84
80
77
84
110
72
71
77
80
69
79
77
73
82
83
72
75
81
68
83
106
95
111
91
126
129
165
179
171
222
267
311
361
412
509
603
634
720
826
867
960
1006
971
1009
997
959
960
908
841
776
681
621
539
477
385
377
293
263
192
198
164
150
144
111
111
109
112
124
95
103
110
104
96
99
97
88
93
89
89
100
104
98
108
83
108
99
95
112
92
95
126
108
77
80
84
116
95
95
101
94
119
91
108
110
114
88
95
116
98
103
93
105
99
129
98
112
110
105
123
92
110
110
102
105
106
108
113
115
135
131
148
123
154
191
171
164
204
189
205
188
227
213
204
246
248
245
234
264
221
225
219
237
189
213
180
189
165
157
167
143
160
156
150
139
118
153
149
152
130
127
134
150
161
152
141
150
171
155
161
150
194
178
157
156
179
191
178
172
146
170
185
194
218
177
181
219
215
226
202
230
226
238
221
215
229
260
255
233
236
227
239
204
228
245
222
246
242
267
242
238
258
243
218
248
217
224
227
244
230
242
206
216
224
225
215
217
210
211
211
235
220
196
206
212
204
216
225
209
200
236
250
270
207
221
216
199
222
236
252
207
229
232
235
229
219
214
209
250
232
224
205
220
216
227
215
229
207
210
223
203
210
213
204
219
217
223
202
199
222
211
206
215
214
200
188
234
189
198
198
194
212
244
211
163
193
199
187
197
192
179
194
172
173
192
175
174
207
175
178
201
193
164
198
155
203
190
204
219
212
173
199
180
209
162
196
188
199
200
169
182
175
185
166
188
195
202
193
176
207
203
181
214
181
193
185
208
182
170
207
207
186
186
167
202
214
226
200
212
186
208
174
201
206
204
181
180
214
188
197
205
199
210
193
212
214
247
208
213
215
197
224
200
209
200
221
246
229
198
204
224
235
225
240
208
203
218
198
231
219
245
227
204
224
217
215
225
240
214
208
222
239
241
230
212
213
239
211
218
224
220
218
240
238
241
255
223
244
205
228
244
224
220
210
234
255
235
229
225
203
216
227
224
210
214
219
221
229
234
231
239
246
244
215
181
231
209
227
223
202
215
237
218
220
233
227
249
231
221
210
243
233
229
242
241
204
225
241
227
248
248
232
211
232
214
234
233
261
239
249
223
228
236
228
238
252
244
216
228
248
264
266
219
205
263
255
247
212
238
237
238
229
255
259
251
231
250
256
267
216
261
229
256
250
230
220
248
234
262
245
234
227
258
240
233
264
273
267
243
251
296
268
263
263
260
287
237
266
277
247
248
251
273
247
282
281
288
256
268
281
255
232
255
283
280
275
248
273
244
251
274
261
277
289
261
298
291
238
313
300
277
299
258
285
275
264
285
263
297
273
247
247
299
289
278
309
277
302
316
295
284
280
262
273
284
263
261
293
285
264
273
276
274
278
246
270
272
249
256
286
262
274
287
283
285
295
261
279
260
272
296
283
259
239
267
281
265
234
281
300
276
259
264
254
272
274
233
271
250
281
285
264
294
263
276
277
247
256
253
277
262
278
278
266
237
251
259
249
270
261
242
240
288
270
292
264
257
252
270
239
267
250
237
228
262
251
239
239
233
252
261
266
279
271
255
258
242
228
227
262
253
279
236
278
254
232
232
228
211
222
225
242
236
240
245
227
248
263
255
228
226
262
233
229
233
232
249
224
240
277
248
280
259
214
244
283
272
261
235
226
241
235
231
276
247
236
243
265
257
257
242
236
237
263
257
232
261
247
241
242
266
226
231
246
262
238
241
259
235
236
235
219
248
257
252
266
232
224
245
244
248
231
251
240
235
232
238
252
249
248
233
240
237
225
241
251
226
259
252
237
258
269
222
236
247
232
210
239
222
227
255
220
256
231
219
242
240
236
229
214
224
247
250
226
208
223
238
232
212
224
215
267
231
196
248
236
239
236
256
245
233
273
212
252
222
259
258
229
225
208
221
242
249
259
282
236
226
228
264
261
226
239
251
232
225
220
257
247
267
263
253
247
273
250
254
245
242
228
263
261
286
253
255
263
259
256
265
241
261
273
260
292
262
307
274
251
281
285
304
292
266
282
277
319
281
287
314
310
323
290
292
323
359
290
328
330
325
354
350
336
336
325
317
325
343
372
307
364
354
346
347
368
361
352
386
396
412
360
370
431
400
403
408
418
444
429
433
434
458
494
467
507
498
504
523
502
499
563
590
611
570
635
569
662
700
692
729
693
786
808
843
815
888
893
915
914
947
988
1086
1007
1051
1089
1093
1141
1123
1254
1235
1253
1293
1319
1237
1318
1360
1342
1356
1367
1383
1380
1461
1387
1342
1423
1331
1379
1436
1379
1333
1396
1327
1320
1372
1335
1226
1241
1218
1165
1196
1114
1166
1131
1088
1011
1032
1029
978
940
915
851
880
846
806
718
749
692
700
677
614
632
589
594
555
506
531
553
517
508
417
425
433
425
414
382
400
375
379
348
389
336
353
346
301
330
352
297
280
274
287
301
269
246
307
264
258
257
265
243
261
242
236
270
245
239
241
264
229
223
212
230
196
217
216
230
200
208
214
196
225
224
185
246
218
229
226
226
266
284
268
276
269
276
308
337
309
329
369
331
392
375
397
410
433
417
450
420
445
468
444
458
436
473
421
449
376
426
421
383
364
365
305
290
303
309
255
253
257
230
221
236
203
208
173
176
152
161
146
146
150
149
135
144
155
156
161
151
150
158
150
168
144
146
156
140
142
149
148
155
148
160
149
176
153
164
166
162
157
190
171
136
190
174
180
176
177
224
188
188
217
187
220
195
203
211
223
216
200
223
234
192
245
215
236
216
244
231
245
256
240
245
266
250
239
241
272
271
271
228
236
260
273
246
239
224
258
208
251
225
266
223
235
221
259
192
234
216
179
207
225
182
184
188
200
166
183
164
187
184
158
165
170
160
159
133
162
160
139
151
135
154
131
111
115
135
137
105
102
132
110
126
96
108
106
105
125
101
95
89
100
102
80
109
88
85
68
100
84
78
88
91
69
80
83
69
77
80
79
85
69
74
66
74
66
74
78
71
76
71
70
85
70
68
75
69
74
82
51
61
58
55
62
76
73
61
46
56
54
69
46
63
49
56
57
55
48
53
54
66
53
58
53
65
66
55
42
52
62
61
48
65
49
48
60
47
45
49
60
49
53
47
73
69
67
58
70
66
72
71
75
77
73
79
86
72
88
69
73
77
86
74
60
63
55
69
60
50
71
58
57
58
61
49
61
44
46
50
36
30
40
33
38
44
55
43
34
43
44
35
41
56
45
47
36
42
47
46
35
40
48
25
51
36
38
32
37
41
36
35
31
44
38
33
42
39
33
39
31
50
36
30
37
33
36
35
32
25
25
38
40
26
24
32
30
32
29
40
34
26
30
34
24
25
19
26
40
30
28
36
42
30
33
35
36
30
32
43
45
27
35
31
31
37
36
25
33
36
36
28
37
28
25
30
19
28
24
38
37
30
31
34
30
26
21
23
39
24
27
23
34
25
23
25
29
37
28
34
30
30
23
30
21
28
29
26
22
25
30
19
19
23
39
33
22
24
24
25
29
29
32
24
36
23
21
28
22
27
29
24
20
24
33
32
23
35
24
26
22
18
20
25
15
29
30
21
31
33
23
23
21
19
26
31
24
22
22
32
26
25
21
28
29
31
23
25
22
21
26
28
28
18
23
18
23
21
23
19
23
26
22
26
18
15
14
17
25
22
21
19
28
20
23
27
22
19
20
16
24
23
22
27
22
17
24
18
20
13
22
23
29
27
23
14
18
12
21
23
12
23
14
11
28
21
22
28
17
25
20
20
21
20
16
20
23
16
19
25
20
23
26
17
18
24
10
14
22
10
17
12
25
22
18
17
21
18
13
22
11
22
18
16
22
13
19
19
17
18
18
16
14
14
16
17
18
17
19
24
19
11
12
14
10
17
17
16
14
14
19
18
23
18
23
19
18
14
18
17
12
22
20
14
17
20
9
12
19
13
16
15
17
18
13
15
16
18
16
19
12
19
14
9
24
9
22
20
14
11
14
14
16
11
25
6
10
14
18
15
15
23
11
11
20
15
13
7
22
12
15
16
14
11
10
15
16
17
19
16
6
21
13
11
10
17
10
7
8
11
12
10
15
11
13
11
10
7
20
10
15
10
13
8
8
15
14
15
12
12
15
14
10
14
7
13
12
14
18
15
16
9
16
11
14
14
14
14
10
17
15
16
11
15
8
17
15
22
13
12
13
14
4
15
13
9
14
9
11
9
12
12
16
12
10
6
10
21
12
6
13
7
13
12
8
8
11
18
8
12
9
9
14
7
10
5
5
12
10
11
12
11
11
6
9
9
13
10
11
7
16
9
9
7
16
10
10
7
12
9
6
4
11
19
5
12
17
4
9
6
7
11
7
12
8
10
11
7
12
14
6
11
7
6
14
7
5
11
6
8
13
7
21
14
8
6
13
12
11
11
7
10
9
5
8
13
11
2
9
10
14
8
6
10
14
11
9
14
8
6
8
5
12
9
7
6
9
12
6
8
11
9
7
5
4
7
5
8
5
10
11
6
5
7
8
3
8
7
2
4
13
2
13
8
10
11
1
12
5
11
8
6
8
6
10
7
6
5
11
6
9
10
8
6
10
7
7
11
7
8
11
1
5
8
9
8
5
5
6
13
11
5
7
6
4
9
6
12
7
5
5
5
10
2
8
5
7
8
7
7
7
10
6
5
9
5
6
3
7
4
1
7
4
3
7
4
3
12
3
3
12
7
7
7
7
6
2
6
7
5
4
2
5
5
4
9
11
1
9
2
9
4
6
4
9
6
4
1
1
7
5
4
3
5
3
6
3
7
3
6
7
9
5
5
7
7
5
7
3
4
6
5
6
3
2
2
7
9
4
4
3
4
2
4
7
7
5
5
4
2
5
1
4
5
6
4
6
5
9
2
3
5
3
2
3
5
6
5
5
7
6
4
8
7
4
3
2
4
5
3
6
8
2
3
7
4
3
3
5
3
3
4
5
3
8
4
2
4
3
7
2
3
3
3
3
6
4
4
4
1
6
4
6
4
4
5
1
3
3
7
4
5
2
5
1
4
6
3
4
3
5
6
3
3
4
3
5
4
5
1
3
3
2
6
2
4
5
4
2
4
2
3
4
2
3
3
3
3
3
2
4
4
2
6
2
4
4
2
4
4
3
4
5
4
3
3
5
5
2
2
1
5
2
4
1
1
2
3
5
1
3
2
3
5
1
4
2
1
2
3
3
3
3
3
3
3
0
0
1
1
3
4
1
2
3
5
4
1
2
3
3
1
2
4
1
1
0
4
0
2
4
1
2
4
0
1
4
2
4
6
5
1
2
3
7
2
3
5
4
1
2
2
3
1
0
2
2
5
3
2
1
0
1
2
1
0
3
4
3
2
0
2
0
2
3
3
0
1
2
1
2
2
2
4
1
0
2
3
2
2
3
1
1
1
3
4
1
1
2
2
1
1
5
4
3
2
3
1
3
1
2
0
0
2
5
0
0
0
2
1
2
4
1
3
0
3
2
0
2
2
1
2
0
1
3
3
1
1
0
1
1
6
3
4
0
2
1
0
0
1
1
2
3
2
1
2
2
2
1
2
6
1
3
0
5
1
3
2
1
1
1
2
7
0
4
1
1
2
2
3
1
3
1
1
0
0
1
0
2
2
1
2
1
2
1
1
3
2
0
1
2
2
1
0
0
0
1
0
5
1
2
5
2
1
2
1
2
3
2
2
3
3
1
1
1
2
0
3
2
3
2
1
4
2
1
0
0
3
2
3
2
2
0
1
0
0
4
1
0
0
2
3
0
3
0
2
1
2
3
0
1
2
0
1
0
0
1
0
0
1
0
0
1
0
2
2
2
1
1
0
2
1
3
0
1
0
1
2
0
1
1
2
0
1
0
1
0
2
1
0
0
3
3
1
0
0
1
1
1
1
1
1
2
2
0
0
1
1
0
0
2
0
1
2
2
2
1
4
1
0
0
1
0
1
0
0
2
0
0
0
2
2
0
0
2
2
0
0
0
0
1
0
0
0
0
0
2
1
0
0
0
1
2
1
0
0
0
0
2
0
1
0
0
0
0
1
1
1
0
0
3
1
0
2
1
1
0
1
1
1
0
1
1
1
1
1
0
0
0
0
0
0
0
0
0
0
1
0
2
0
1
1
1
0
0
0
0
1
1
1
1
0
1
0
0
0
0
0
1
0
1
0
1
2
2
1
0
0
0
1
1
0
0
0
1
0
1
2
0
0
1
0
0
0
0
2
1
1
1
0
1
1
1
0
0
0
1
0
0
1
2
0
2
0
0
3
0
0
0
1
0
1
0
0
2
0
0
0
1
1
0
0
0
0
1
0
1
2
2
0
1
1
0
3
0
2
0
1
1
1
1
0
1
2
0
0
1
1
0
3
0
0
1
0
0
1
0
1
1
0
0
1
0
2
1
0
2
1
0
1
0
1
1
0
0
1
2
0
2
2
2
0
1
0
0
0
0
1
0
0
0
0
1
1
0
2
1
0
0
0
1
0
2
3
0
0
0
1
0
1
0
0
0
1
0
0
2
1
0
0
0
1
0
0
2
0
0
0
1
0
0
2
0
0
1
2
0
0
1
1
0
0
1
0
0
1
0
1
0
0
0
0
0
1
2
0
0
0
0
0
0
0
0
1
0
2
0
1
1
0
2
0
0
0
1
0
0
0
0
1
0
0
0
1
0
2
0
0
0
0
1
0
0
1
0
0
2
1
0
1
2
0
0
1
0
0
0
0
0
0
0
0
1
2
0
1
0
0
0
0
1
0
0
0
0
0
0
0
0
1
0
0
0
0
0
0
0
1
0
0
0
1
0
1
0
2
0
1
0
0
1
0
0
0
0
0
1
0
0
1
0
0
0
0
0
0
0
0
1
0
2
0
0
0
0
1
0
0
1
0
0
0
0
1
1
0
0
0
0
1
0
0
0
0
0
0
1
1
0
0
1
0
1
0
0
0
0
0
0
0
0
1
0
0
0
0
0
0
0
0
0
0
0
0
0
0
0
0
0
0
0
0
0
0
0
0
0
0
0
0
0
0
1
0
1
1
