0
0
0
0
0
0
0
0
0
0
0
0
0
0
0
0
0
0
0
0
0
0
0
0
0
0
0
0
0
0
0
0
0
0
0
0
0
0
0
0
0
0
0
0
0
0
0
0
0
0
0
0
0
0
0
0
0
0
0
0
0
0
0
0
0
0
0
2
1
1
1
4
1
5
3
5
4
3
3
5
4
4
18
58
113
353
966
2310
4798
9673
16720
27847
40979
54197
65969
72825
73198
66628
55036
41158
28307
17603
9883
5037
2366
1025
353
123
31
24
11
3
2
1
1
0
0
0
5
1
0
0
0
0
0
0
0
0
0
0
1
11
77
49
42
53
51
63
62
57
48
58
35
57
53
38
46
46
46
47
44
44
33
43
46
46
42
63
46
41
58
50
41
26
52
40
38
35
48
52
49
35
35
34
31
37
51
43
29
39
52
50
44
36
37
46
45
37
45
40
46
35
42
48
54
34
54
55
47
48
43
64
74
67
83
105
126
97
101
93
108
98
78
68
62
49
65
54
35
58
44
35
44
46
54
40
47
44
54
58
44
48
50
53
62
49
64
59
75
68
109
93
106
112
124
83
117
118
163
145
135
153
174
160
179
225
292
468
692
1215
2035
3312
5235
7872
11272
15362
19759
24448
27946
30816
32046
31580
29486
26217
22198
17453
13627
10050
7198
5118
3758
2576
1798
1357
1041
765
573
364
336
253
241
262
272
366
370
463
550
523
560
503
478
431
353
276
183
166
130
102
68
54
54
46
31
37
32
26
34
24
18
18
10
17
15
10
8
12
8
12
11
10
9
5
9
6
9
10
7
7
9
13
5
12
13
4
6
10
10
13
6
10
8
6
6
7
5
9
14
8
16
10
20
17
30
22
27
31
22
24
31
14
18
30
17
16
23
21
23
20
22
12
20
17
16
18
18
15
20
15
13
8
19
13
22
18
18
18
16
11
11
12
13
5
10
10
8
8
2
5
9
6
13
3
6
11
3
9
5
10
4
9
8
9
3
4
7
4
6
5
6
8
8
4
17
8
10
16
12
14
14
20
26
30
20
24
44
25
21
26
28
18
14
15
11
7
9
5
8
12
10
6
4
8
15
17
17
12
13
9
12
8
6
2
9
8
7
9
6
6
5
7
7
4
6
2
5
7
5
9
2
6
6
5
9
6
9
10
12
6
4
13
6
3
4
7
2
6
4
5
3
3
4
4
3
6
6
5
8
6
6
2
6
5
4
6
8
5
5
4
10
5
9
7
3
10
3
5
9
3
5
9
5
4
4
16
7
6
7
6
6
9
6
5
11
9
8
7
4
10
11
9
5
4
5
7
4
7
11
8
14
10
7
7
10
4
9
5
7
5
10
10
15
5
7
13
5
3
6
11
6
7
5
7
9
7
6
10
11
7
6
7
8
5
8
6
13
14
6
12
4
14
12
8
8
5
11
7
9
8
2
6
6
7
9
7
8
14
9
8
6
8
10
3
9
8
9
10
11
16
9
16
5
15
6
11
11
9
10
8
15
10
14
12
10
10
10
15
12
17
10
18
16
16
15
11
14
12
14
12
15
12
19
13
10
17
15
10
16
17
20
15
16
19
13
18
17
9
21
18
14
21
13
9
13
20
6
22
18
18
17
22
14
19
14
18
11
9
12
10
18
18
20
16
19
19
19
25
20
14
26
12
18
26
33
21
25
22
14
25
23
20
21
18
24
26
18
27
24
23
30
28
30
28
19
24
24
29
37
24
26
30
26
35
31
27
31
25
27
27
29
24
24
27
28
35
34
34
30
31
29
29
40
37
39
21
30
33
35
36
30
38
29
49
44
39
38
42
40
38
51
38
48
39
47
54
40
38
54
40
47
57
48
51
53
48
48
58
47
53
64
56
61
62
58
60
48
63
44
57
69
63
63
62
71
62
76
71
69
54
55
74
65
72
80
87
67
80
92
81
80
82
77
96
84
105
78
89
97
91
111
89
89
84
71
85
92
85
96
73
68
80
75
66
80
80
66
94
64
88
73
76
82
78
84
85
58
61
78
75
84
66
72
71
75
67
63
72
79
71
78
71
55
74
62
68
61
72
54
73
83
70
85
67
73
66
80
71
76
65
72
70
64
79
66
59
61
76
72
77
53
67
77
60
78
66
74
68
62
85
67
54
65
80
57
77
86
85
68
63
87
72
79
64
64
69
65
64
61
81
73
69
58
72
73
67
73
62
72
66
68
64
71
65
70
64
76
86
62
71
69
84
82
84
84
75
76
61
83
79
84
71
67
80
88
70
67
75
78
93
98
73
72
86
72
72
83
78
92
94
80
93
114
99
134
171
180
187
243
243
307
369
446
534
599
688
747
781
870
949
955
1077
986
1010
1013
966
934
806
799
741
604
557
498
432
348
283
260
198
208
166
161
130
123
110
94
91
93
102
95
74
90
121
86
108
111
99
87
112
91
91
96
87
92
123
101
107
103
105
101
91
95
110
122
101
108
84
89
96
95
86
92
91
103
94
96
99
86
104
94
109
98
116
91
105
98
120
125
95
107
123
112
110
105
127
107
120
119
124
139
118
122
133
147
144
175
182
187
172
209
210
226
238
228
236
238
261
252
237
221
234
207
219
192
200
182
176
186
166
164
170
143
146
172
128
134
150
141
154
140
130
154
146
159
155
171
154
162
150
162
138
167
155
157
165
158
176
212
196
175
184
205
188
200
215
212
214
237
218
214
215
242
231
217
245
218
247
249
244
229
248
249
237
267
239
227
232
223
237
227
254
226
230
228
216
226
247
211
204
231
245
231
228
216
227
228
212
227
239
224
206
196
212
230
234
226
230
231
228
221
219
198
213
220
217
211
264
232
210
223
234
202
232
226
211
257
226
222
227
199
246
220
213
220
218
245
245
218
220
227
226
236
214
208
212
206
198
215
214
212
230
225
214
215
222
191
195
196
172
225
200
210
192
199
186
216
190
194
199
200
218
216
178
197
193
197
185
193
183
207
169
182
191
173
217
171
201
188
193
169
200
170
212
167
173
189
154
198
166
185
184
194
194
216
191
167
179
193
217
195
203
153
195
202
198
190
207
189
207
189
183
199
199
171
212
202
213
208
201
202
197
182
200
200
231
183
176
197
216
196
187
179
191
202
193
223
189
226
208
197
203
207
196
194
215
234
222
203
215
225
205
225
216
186
248
193
242
183
215
251
260
217
246
209
234
229
218
249
223
219
229
237
230
216
242
251
238
243
235
205
218
244
216
220
232
235
228
240
213
245
250
228
224
224
216
214
239
233
207
241
253
223
215
245
266
224
240
225
234
225
242
224
199
224
248
237
252
239
240
232
232
240
233
217
240
234
252
231
224
213
240
234
217
232
238
248
233
217
238
221
254
264
268
217
261
252
224
215
252
264
239
248
213
227
236
242
224
250
241
241
236
228
222
244
250
253
259
277
228
234
221
261
240
235
267
229
205
241
214
281
262
250
250
247
283
263
261
263
239
238
252
270
264
247
236
270
267
247
256
281
251
267
247
254
253
269
289
275
281
272
230
258
244
255
274
290
311
234
266
282
273
250
251
253
271
260
252
267
293
269
274
236
283
260
291
283
286
319
260
265
302
251
283
292
282
267
260
272
288
257
277
280
263
306
307
270
260
278
273
293
268
262
275
282
290
281
286
291
306
240
274
286
254
293
267
299
262
309
277
260
297
294
266
287
266
274
311
286
265
282
270
264
261
276
271
312
280
276
278
308
281
261
280
272
253
301
255
330
315
262
314
266
277
276
266
254
269
270
248
277
262
249
270
268
270
249
239
243
252
263
257
260
244
265
272
262
297
251
234
246
252
255
266
231
251
240
259
279
270
251
262
273
252
295
235
260
240
233
265
265
270
220
250
223
254
234
267
246
224
211
233
255
225
232
250
252
235
259
230
248
229
243
249
229
256
227
231
249
253
249
252
247
244
272
247
271
260
264
222
252
261
265
232
230
241
240
236
240
243
240
251
258
272
247
225
244
244
279
225
246
249
239
209
256
279
248
268
229
256
244
267
257
250
255
221
255
245
217
228
227
250
224
247
240
247
241
244
226
247
237
228
216
257
274
224
241
247
232
252
233
241
248
259
234
271
215
255
219
252
252
245
226
231
264
250
239
249
251
246
256
236
263
239
254
230
274
226
267
246
241
240
235
245
241
228
233
221
246
244
246
252
232
242
253
275
234
245
242
220
237
251
263
249
269
267
262
250
259
224
258
274
233
283
263
248
226
258
257
264
266
252
250
250
289
271
240
271
263
227
248
276
276
263
274
256
258
277
279
297
269
293
257
277
280
296
281
269
282
290
295
297
306
298
305
297
288
278
302
312
283
314
318
301
319
311
326
305
350
341
359
314
325
358
304
356
359
358
389
353
388
383
384
374
345
398
431
399
378
396
378
399
411
431
478
422
452
457
439
477
428
500
498
494
564
530
519
535
595
631
596
631
697
665
674
715
685
790
769
842
810
788
888
911
916
953
959
1022
1011
1074
1085
1155
1134
1118
1207
1212
1149
1229
1247
1342
1314
1396
1369
1385
1392
1302
1423
1416
1403
1363
1385
1443
1491
1390
1445
1509
1370
1337
1310
1377
1316
1330
1233
1275
1206
1212
1184
1232
1130
1089
1068
1066
1045
999
948
915
943
871
803
812
841
755
734
715
707
711
611
619
620
550
592
529
517
548
510
474
457
425
441
441
418
396
392
402
405
335
370
331
325
359
376
328
319
293
259
299
310
318
310
269
274
303
273
267
257
258
273
234
269
241
262
231
237
238
237
217
206
219
239
218
219
221
210
218
201
238
219
230
209
218
226
215
235
242
251
235
263
290
267
281
274
300
330
326
354
351
386
371
371
417
423
394
446
441
454
466
477
466
465
457
449
415
423
402
411
400
362
342
327
293
294
298
253
248
243
240
220
203
188
173
172
175
133
177
147
189
167
147
154
154
157
152
145
150
164
144
154
156
121
136
142
150
153
157
147
176
162
166
172
176
164
164
167
186
173
174
172
174
184
173
199
192
189
176
202
212
195
204
188
196
209
211
225
243
217
224
247
233
242
239
258
225
253
227
266
244
246
247
247
234
232
233
243
242
233
220
267
228
230
256
241
255
233
256
247
225
262
206
242
201
240
219
210
198
200
211
200
180
207
184
200
201
160
174
186
171
157
175
171
152
159
144
161
170
142
150
133
124
135
132
143
132
98
103
148
123
101
101
113
108
109
114
100
100
126
125
86
103
110
97
104
79
83
92
106
68
86
94
91
68
76
71
74
87
87
56
73
88
64
66
84
73
80
71
68
63
59
76
66
79
67
58
57
53
56
59
72
66
69
65
66
59
49
69
53
47
57
69
50
73
73
59
41
54
66
48
58
67
46
45
51
50
49
54
57
47
52
44
52
55
68
48
50
60
66
52
67
56
58
67
68
61
73
68
60
75
89
88
70
73
82
60
89
72
80
70
52
70
73
69
74
64
57
54
60
43
47
58
47
58
45
51
60
43
49
38
51
47
36
44
40
49
37
32
53
49
46
42
50
47
46
41
33
41
52
49
44
59
34
49
49
49
41
35
48
44
40
44
28
38
38
36
31
27
38
29
43
43
37
39
38
42
42
35
27
32
21
31
34
27
35
31
30
37
46
41
30
38
34
40
41
26
36
32
37
21
31
30
31
35
31
40
29
42
37
29
29
34
16
30
18
30
26
35
22
29
24
29
28
32
19
23
25
29
32
23
30
33
26
24
31
36
27
25
33
27
25
28
29
16
24
20
32
27
27
29
31
21
27
31
39
22
24
31
34
20
28
31
25
33
29
27
28
14
25
22
23
24
28
25
29
34
31
26
16
22
27
29
29
25
22
35
37
31
29
31
19
24
21
29
30
21
25
24
35
22
27
26
18
13
27
31
21
17
24
27
26
22
24
25
27
26
26
25
19
22
30
17
36
32
21
32
26
19
17
21
19
20
23
24
21
21
21
18
20
20
10
26
17
20
23
30
25
17
16
14
30
29
19
19
23
20
23
33
25
24
13
22
18
14
16
19
26
16
22
24
21
22
18
21
20
16
22
14
21
20
17
16
11
22
14
17
21
21
15
16
29
15
18
17
11
22
25
23
14
20
22
20
16
15
20
16
14
23
15
25
20
17
15
14
18
20
24
20
19
17
17
23
23
17
12
19
18
15
19
15
23
15
19
18
16
14
19
20
16
15
22
22
15
18
9
12
11
14
21
9
12
15
16
12
10
18
23
8
18
18
18
11
15
12
13
17
13
20
22
15
22
14
12
19
15
15
14
14
17
17
14
18
5
24
14
11
13
13
15
12
14
7
19
16
19
18
14
11
14
6
29
14
16
14
10
11
11
11
16
8
13
21
8
20
20
18
10
9
17
19
12
12
6
11
8
18
18
15
13
17
6
8
11
8
12
9
17
10
20
9
15
14
19
9
12
10
12
13
13
11
15
13
9
11
16
15
9
9
11
11
12
12
12
8
7
14
14
11
3
14
11
9
12
11
7
5
11
10
11
14
11
18
17
12
13
6
15
14
9
6
10
13
7
6
12
12
16
11
16
11
14
6
8
11
7
11
7
10
8
13
11
8
11
4
9
11
10
8
5
13
16
8
9
5
12
13
9
5
14
8
11
19
10
11
5
13
12
11
4
13
6
6
11
8
12
14
12
5
8
6
10
8
6
12
10
10
7
8
4
13
12
5
10
8
8
7
12
8
8
12
8
6
6
9
8
9
7
8
9
13
6
8
6
6
8
8
2
2
11
7
10
9
5
7
7
8
10
13
9
9
14
4
3
6
5
6
9
4
6
8
14
7
6
7
10
7
4
6
7
6
9
10
10
5
8
8
8
3
8
7
9
5
8
6
3
10
9
10
4
7
4
7
8
8
9
4
8
4
7
7
6
6
5
6
7
8
11
6
10
4
4
8
4
7
6
9
3
3
7
5
8
7
4
5
11
6
6
6
4
4
3
4
9
5
12
1
4
2
6
5
3
4
14
6
4
4
2
4
5
10
6
4
5
6
4
7
6
7
6
10
3
11
7
3
5
2
5
4
6
11
12
7
6
4
10
10
7
8
7
4
5
6
5
5
8
3
8
3
8
8
5
6
6
2
4
6
7
3
5
5
5
5
8
7
5
4
8
2
6
5
3
5
7
6
2
6
2
3
5
6
2
6
6
3
5
3
5
4
5
3
1
4
4
4
2
6
3
4
2
3
4
5
1
6
2
3
1
6
3
3
3
0
4
3
5
7
1
7
6
4
2
8
4
2
1
5
3
4
5
5
1
8
4
1
1
4
3
4
3
7
7
5
4
7
3
4
6
5
8
2
3
2
1
5
5
4
8
4
3
6
2
5
5
0
3
3
3
4
6
2
2
3
2
5
1
10
2
4
0
3
4
5
8
3
3
5
4
2
6
4
7
5
3
2
4
2
4
4
2
4
4
1
2
1
1
0
2
6
2
1
5
6
6
0
3
1
5
1
4
4
5
2
3
3
2
2
8
3
1
2
3
3
4
3
5
6
2
3
2
1
5
4
4
2
1
1
2
1
3
5
7
1
2
3
3
1
3
2
4
4
4
4
4
1
3
1
3
3
0
3
4
1
5
0
2
3
3
3
2
2
3
0
2
2
3
4
2
7
3
2
2
3
3
2
3
3
3
2
8
2
0
2
4
2
1
6
1
3
1
2
2
1
2
2
2
4
1
2
3
2
1
1
1
2
2
4
2
1
2
2
3
3
1
3
1
1
0
4
2
0
2
6
2
1
0
3
2
0
1
1
1
2
1
0
0
0
1
1
0
3
2
6
2
3
3
2
1
3
1
1
1
1
1
3
2
1
2
2
2
2
3
2
3
1
1
2
1
0
2
4
1
4
1
1
0
1
1
3
1
1
2
2
0
3
3
4
2
0
1
1
2
2
2
1
3
1
0
1
1
1
1
0
2
1
2
2
0
3
1
1
1
1
1
4
2
0
1
3
4
0
0
1
0
1
3
0
2
0
1
2
0
1
0
0
1
1
2
1
3
2
1
0
1
1
1
1
3
1
2
0
2
1
2
1
2
1
0
2
1
0
3
0
1
0
2
1
1
2
0
3
0
0
1
2
2
0
0
1
0
3
1
1
1
1
2
0
2
3
0
0
0
1
0
1
4
2
3
1
0
0
0
1
0
1
1
0
2
1
0
2
0
1
2
1
1
0
1
1
1
1
2
0
0
1
0
3
1
0
1
1
0
1
4
3
1
0
1
0
1
1
2
0
1
2
1
1
0
0
1
2
1
0
0
3
2
1
0
1
2
1
0
2
0
1
2
0
0
2
1
0
1
2
2
1
0
4
2
1
1
1
0
0
0
1
1
0
1
1
1
2
1
2
0
0
1
1
1
3
0
0
0
1
1
1
0
2
2
1
0
0
0
2
1
1
0
1
0
1
1
0
1
1
1
2
3
2
0
0
0
0
0
1
0
2
0
0
2
0
0
1
1
0
0
0
0
1
0
1
1
1
0
2
2
0
1
0
0
1
0
3
1
2
1
1
0
0
2
2
2
1
1
0
1
2
1
1
0
0
0
0
1
0
3
0
2
0
0
1
1
0
0
0
0
1
1
0
1
4
1
0
0
2
0
0
0
3
0
0
0
1
1
0
0
0
0
2
1
0
0
0
1
1
1
0
0
0
1
1
0
0
0
2
1
0
0
0
0
0
0
0
0
1
1
1
0
0
0
0
2
0
0
1
0
0
0
0
0
1
0
0
1
1
1
0
1
0
1
1
1
0
0
2
2
0
1
0
0
1
2
0
1
1
0
1
1
1
1
0
1
0
1
0
1
1
0
1
0
1
0
0
1
0
1
0
1
0
0
1
3
0
1
1
1
0
0
1
0
1
0
1
1
0
0
0
1
0
1
0
0
0
0
0
0
1
1
1
1
0
0
0
0
0
1
0
0
0
0
0
0
1
0
0
1
0
0
1
0
0
2
0
0
0
0
0
0
1
1
1
0
1
0
1
0
0
1
1
1
0
0
0
0
1
0
0
0
0
0
0
1
0
0
0
1
0
1
0
0
0
1
0
0
0
0
0
0
1
0
0
0
0
0
0
0
0
0
0
1
1
1
0
0
1
0
0
0
0
0
1
0
0
0
0
0
0
0
0
0
0
0
0
0
1
0
0
0
1
1
0
0
0
1
0
0
0
0
0
0
0
2
0
0
0
1
0
1
0
0
0
0
0
0
0
0
0
0
0
0
0
0
0
0
1
1
0
1
0
0
0
1
0
0
1
0
0
0
0
0
1
0
0
0
0
0
0
0
1
0
0
1
1
1
1
0
0
0
0
0
1
0
1
3
0
0
0
