0
0
0
0
0
0
0
0
0
0
0
0
0
0
0
0
0
0
0
0
0
0
0
0
0
0
0
0
0
0
0
0
0
0
0
0
0
0
0
0
0
0
0
0
0
0
0
0
0
0
0
0
0
0
0
0
0
0
0
0
1
0
0
0
0
0
5
1
3
1
2
3
4
3
3
2
2
1
1
0
4
3
9
35
112
369
921
2138
4795
9635
17117
27788
40532
54597
66244
73401
73362
66642
55008
41183
28006
17335
9797
4986
2310
1059
371
136
45
9
11
3
0
1
2
2
0
1
0
0
0
1
1
0
0
2
1
1
1
0
0
6
52
47
67
56
51
46
49
40
41
46
59
46
53
51
57
45
39
44
55
55
43
41
38
35
38
46
47
51
41
42
41
57
46
44
45
48
36
35
36
52
38
47
43
47
45
33
30
41
49
41
49
44
44
42
40
49
45
35
61
51
62
46
54
64
48
44
56
57
61
58
85
85
119
116
98
119
98
90
93
99
103
74
77
71
43
58
44
49
53
35
42
36
50
35
47
61
51
45
55
56
62
60
61
80
67
55
68
98
77
91
82
99
112
112
116
146
155
156
162
183
197
244
264
298
410
543
829
1393
2208
3494
5324
8150
11838
15713
20598
24934
29188
31716
33387
32782
30679
26844
22527
18454
14077
10324
7510
5461
3797
2741
1944
1449
1034
855
603
410
347
244
258
265
318
366
441
459
481
553
489
539
462
416
361
254
215
139
97
74
71
73
37
35
45
37
30
26
21
25
21
11
8
8
12
8
15
9
9
13
15
12
5
4
14
15
6
11
7
5
5
8
5
4
6
11
10
8
3
7
5
9
8
13
14
20
15
6
13
12
17
21
24
27
19
20
22
29
23
16
23
18
30
14
20
20
26
15
17
17
25
14
23
30
22
18
26
21
21
17
17
17
22
20
17
17
18
21
12
19
14
14
5
13
6
5
13
6
12
4
5
8
5
7
9
5
10
8
6
5
6
9
7
8
6
7
5
6
6
1
4
6
4
12
12
8
15
13
17
19
11
30
29
23
22
24
26
34
28
26
24
18
23
18
14
16
13
7
7
7
8
9
12
10
10
10
10
9
11
11
13
12
10
6
11
6
7
4
11
3
8
3
7
9
8
8
4
6
6
9
8
4
10
8
9
7
10
10
8
8
5
7
11
4
7
3
12
8
9
5
5
7
9
2
5
11
6
6
10
9
6
11
11
8
4
7
8
6
6
4
7
6
7
5
6
13
10
5
3
4
9
7
7
6
7
6
9
10
9
6
8
2
8
4
8
10
5
7
6
2
3
8
9
12
4
5
8
5
9
10
11
9
5
8
9
6
4
12
8
5
6
10
12
13
4
7
11
10
10
10
14
9
7
14
8
11
6
10
8
11
6
9
5
9
7
12
3
8
2
13
9
7
11
8
11
12
8
11
14
6
5
8
13
9
13
6
12
17
17
7
14
9
11
7
9
8
7
6
13
11
13
18
16
17
10
8
6
14
5
14
13
11
11
14
10
18
16
16
11
10
10
12
10
14
13
14
11
12
12
12
13
27
15
13
15
15
11
11
19
20
14
18
15
19
11
14
12
12
15
24
15
14
14
11
20
19
14
19
10
19
20
16
19
27
26
19
15
19
21
12
6
22
15
20
23
28
21
21
12
22
17
18
19
24
16
21
25
23
21
22
18
22
25
27
25
26
25
28
28
19
26
30
38
27
27
28
27
31
25
24
21
35
21
20
33
30
27
24
36
35
30
35
36
32
36
34
46
30
37
30
35
38
33
40
30
37
31
38
29
49
27
31
39
45
36
31
49
40
40
41
41
55
40
44
46
53
55
44
52
51
43
53
52
50
49
58
44
52
48
54
67
62
54
60
64
55
60
66
62
80
74
69
60
49
68
70
59
52
61
78
61
70
64
74
75
70
95
80
96
73
87
97
100
93
93
109
99
95
78
100
88
70
78
83
71
68
76
81
83
81
84
81
88
79
86
73
53
69
76
74
79
78
67
69
82
68
76
56
70
78
67
72
83
74
66
62
58
67
78
63
62
74
61
62
58
71
69
65
78
64
75
67
90
62
71
79
64
79
52
68
71
63
73
70
57
76
60
84
88
84
80
72
71
83
86
79
61
74
76
71
73
73
68
86
51
81
73
73
85
75
79
79
61
75
72
56
66
59
69
61
90
68
76
72
80
58
77
73
74
71
76
70
70
73
71
71
88
72
90
98
74
71
70
63
76
68
91
70
73
89
76
72
74
80
94
93
72
91
69
85
65
71
75
72
86
96
71
90
77
78
104
107
107
111
107
144
168
191
219
246
283
367
457
490
592
650
770
797
918
932
1012
1074
1014
1024
1005
971
954
899
769
736
634
610
532
445
382
295
233
217
199
150
170
133
146
129
103
85
105
88
83
103
93
92
95
100
88
98
89
95
89
86
95
99
90
122
93
106
83
89
101
103
90
108
91
94
95
106
91
93
102
132
103
111
97
99
111
105
97
106
101
110
115
109
112
115
104
114
125
92
124
128
139
109
128
98
133
116
133
127
138
137
140
162
147
171
171
189
188
205
211
191
207
227
250
247
248
249
243
258
269
239
217
197
218
190
177
198
167
157
155
166
162
147
131
149
154
159
152
161
139
158
167
140
144
151
144
133
139
172
156
160
157
153
141
155
155
177
153
154
172
167
178
201
186
167
175
227
197
191
206
202
189
228
211
210
199
233
225
224
215
217
226
215
210
231
222
233
221
227
231
210
226
229
230
226
217
215
209
235
237
208
213
244
225
236
208
222
232
243
226
242
222
243
242
257
241
226
268
250
228
230
244
223
245
257
258
233
253
234
274
254
243
261
257
261
288
231
253
267
256
278
252
234
247
272
249
237
239
243
248
236
256
209
274
234
215
220
236
267
229
236
255
222
190
219
218
237
221
221
202
218
209
222
215
177
196
198
199
222
226
244
211
181
222
189
213
223
204
193
201
207
200
188
193
210
213
192
200
197
189
185
199
213
190
186
203
207
208
198
204
214
202
199
211
185
197
212
193
172
197
219
185
168
200
194
211
218
195
178
196
177
204
214
188
236
199
176
206
181
205
202
172
199
212
214
186
217
216
196
197
231
215
208
202
198
200
214
202
198
216
209
212
217
220
197
216
202
202
221
212
218
215
233
227
233
208
220
220
231
231
228
238
208
201
235
224
234
251
223
219
237
216
228
229
229
239
243
237
223
203
211
250
214
261
195
223
221
233
244
250
211
232
213
229
225
205
224
245
212
217
211
216
234
233
222
227
219
253
242
232
230
201
238
222
250
215
232
222
223
225
241
245
249
228
205
243
208
226
234
216
231
211
223
244
245
234
251
259
223
250
246
240
250
231
247
250
230
261
245
241
265
207
249
263
270
246
261
249
224
276
231
252
252
254
250
242
249
225
240
267
250
248
247
276
250
235
232
256
241
250
257
230
266
242
257
262
271
245
250
265
288
241
247
281
253
270
243
272
243
272
283
256
273
283
267
259
303
270
248
249
267
269
297
279
288
282
269
257
280
258
264
258
289
280
256
263
297
303
281
275
285
254
292
273
289
281
282
278
285
246
232
305
293
269
256
268
284
281
275
290
303
294
287
317
304
301
332
309
271
286
326
317
303
317
310
263
264
280
285
310
272
310
273
305
280
292
313
290
274
279
289
274
285
286
315
279
278
268
281
261
272
263
281
312
263
265
276
261
252
292
272
286
280
261
276
267
260
287
254
273
247
259
256
262
255
280
258
241
246
265
239
280
282
249
227
238
245
248
246
265
249
245
274
247
252
267
241
279
261
238
256
236
278
271
245
240
264
238
252
227
275
250
251
242
236
253
264
228
268
244
245
232
238
242
264
216
226
247
264
260
245
240
261
227
226
247
251
245
241
257
266
241
262
225
260
241
239
278
261
222
243
272
257
224
260
250
282
239
205
269
236
268
239
246
232
260
242
219
250
253
240
270
230
265
249
237
255
238
239
234
283
254
252
233
238
290
226
232
251
256
235
247
239
229
252
208
246
272
234
247
256
222
224
244
250
256
264
228
251
253
255
247
239
259
232
268
240
217
225
246
229
245
237
236
223
255
229
230
224
248
232
231
231
252
231
253
254
249
207
210
226
242
243
237
262
221
226
251
228
243
248
262
255
201
239
254
235
235
232
251
249
243
220
239
234
244
234
256
232
240
231
229
270
250
282
247
246
255
238
260
263
248
255
262
254
235
217
261
228
241
270
254
284
249
265
258
240
228
239
260
258
274
248
276
265
248
274
266
247
270
285
283
292
274
311
305
297
281
268
297
288
321
299
283
304
305
309
278
289
299
335
323
309
343
331
325
358
305
326
329
329
366
334
341
340
329
337
333
383
352
385
359
371
381
381
377
405
379
379
398
398
416
424
447
420
423
455
466
458
493
477
534
508
553
536
554
556
581
560
623
636
669
653
643
724
682
696
761
759
857
866
837
902
922
907
957
1019
1041
1042
1049
1085
1094
1173
1221
1204
1208
1266
1273
1294
1312
1293
1341
1324
1375
1368
1403
1363
1413
1286
1444
1421
1458
1381
1406
1362
1397
1339
1355
1314
1256
1317
1265
1211
1190
1219
1160
1147
1098
1146
1080
1090
1047
983
991
934
894
834
846
885
741
786
734
666
691
683
661
595
565
555
566
548
524
521
511
449
487
459
415
375
413
407
407
376
374
388
376
366
333
320
348
315
339
312
293
317
288
291
290
275
329
233
270
233
249
227
245
269
249
253
230
240
225
239
219
215
235
213
236
219
191
222
225
205
203
226
228
211
209
197
217
225
236
234
251
247
272
266
273
277
269
314
276
316
369
322
348
372
431
358
395
426
395
429
452
404
420
411
429
457
401
406
406
387
378
373
376
349
346
310
310
273
273
253
256
227
216
199
197
196
179
195
163
155
163
160
167
168
144
132
164
145
157
131
137
149
137
143
167
146
156
141
145
146
180
156
173
148
148
165
151
172
175
167
169
161
172
164
173
186
181
190
200
190
188
189
185
174
208
221
204
236
224
224
245
228
213
228
230
218
245
231
233
222
234
233
204
232
227
238
258
269
235
273
258
252
252
226
254
236
229
229
239
242
233
229
223
195
227
208
226
203
192
199
204
191
180
187
176
203
182
181
201
176
171
175
178
148
148
158
171
178
127
153
125
142
111
121
116
123
117
111
109
127
106
106
125
105
125
93
92
93
105
99
93
108
93
94
119
87
93
88
101
71
68
79
84
94
81
67
84
77
82
87
67
78
74
67
70
66
59
53
65
81
61
72
55
58
61
49
72
67
50
77
55
71
55
51
63
52
67
61
64
48
61
47
61
53
46
57
51
42
51
55
67
55
61
44
64
62
59
51
54
46
53
52
42
47
55
41
54
57
57
53
78
63
49
67
72
62
64
64
52
49
58
76
60
68
76
71
80
67
58
62
83
74
76
73
59
65
56
76
49
59
49
52
45
53
46
60
63
45
47
50
36
45
31
44
42
43
30
47
48
51
34
35
33
34
35
45
37
47
37
47
44
49
41
35
44
46
31
42
34
41
37
43
37
29
36
47
42
47
32
35
41
36
26
41
25
24
46
38
28
43
41
26
20
50
23
28
32
32
31
30
38
28
29
34
33
31
25
34
26
26
25
35
27
31
24
28
25
32
38
24
32
24
29
25
31
36
26
32
36
27
27
26
25
27
25
32
29
34
27
26
18
32
27
29
23
32
27
36
30
27
17
26
29
27
29
22
35
31
33
31
21
29
34
30
24
17
17
32
24
22
30
24
25
26
26
30
22
23
27
27
27
19
32
25
30
20
31
30
20
32
19
21
25
29
21
23
26
24
23
25
25
24
22
27
19
22
22
18
24
30
23
28
27
25
17
15
21
25
20
22
20
22
28
26
25
18
32
23
18
17
31
19
26
23
24
23
21
19
26
24
29
27
23
30
33
29
20
22
18
32
17
23
25
18
27
23
12
22
38
21
16
17
21
20
20
23
14
23
20
16
24
19
20
20
25
15
13
23
21
36
18
26
21
14
16
20
22
21
21
34
21
18
13
23
21
16
17
22
13
18
20
22
27
20
24
15
24
11
16
18
15
13
24
17
21
15
18
21
22
27
11
15
12
19
26
11
25
13
16
13
22
22
20
13
6
19
13
18
9
17
18
20
16
19
14
17
22
19
18
20
19
11
12
21
14
22
20
18
14
13
13
19
16
11
12
23
19
19
15
23
16
17
18
16
12
10
15
19
18
11
11
17
10
22
14
15
14
14
8
9
12
9
18
14
23
8
9
13
14
15
8
15
13
10
13
16
16
13
13
17
12
16
20
20
17
18
15
6
12
15
9
15
16
15
9
12
15
12
10
9
12
8
13
16
8
14
21
24
20
12
11
15
18
13
5
15
10
11
9
10
13
10
12
13
5
7
15
8
18
10
18
10
12
17
18
19
9
14
11
6
21
15
16
14
11
13
11
8
8
16
17
11
12
10
17
12
20
9
15
10
10
14
6
10
10
13
12
16
11
7
5
9
12
7
8
12
11
12
6
6
11
11
9
9
9
10
10
9
12
10
6
6
11
12
6
10
6
9
7
14
12
3
12
10
5
11
10
12
14
6
13
8
10
11
5
8
9
11
9
8
10
6
10
13
14
10
14
7
10
8
8
7
8
16
13
13
7
7
8
16
6
12
9
5
6
7
6
7
7
6
9
10
8
11
3
9
5
6
14
3
7
6
13
6
5
7
12
13
3
7
7
10
6
10
5
3
5
8
4
6
9
11
8
8
6
12
6
9
4
4
9
7
7
9
9
7
5
4
4
7
7
7
12
9
6
10
6
8
9
2
4
5
9
5
13
7
6
5
7
2
6
7
6
8
8
2
5
5
6
5
7
9
3
7
8
6
11
4
6
5
3
5
7
4
6
2
9
7
4
5
8
5
6
9
4
3
5
5
4
6
2
8
3
8
6
4
3
5
7
7
8
6
2
5
4
5
5
8
5
8
5
5
4
7
9
4
5
8
6
5
3
8
2
8
7
3
5
9
9
6
8
7
6
5
13
5
5
5
5
3
3
6
6
2
4
7
5
2
3
8
6
3
4
2
5
8
6
3
3
9
4
4
7
5
5
2
4
5
4
2
8
7
2
2
4
8
4
6
8
4
6
4
3
3
8
5
3
3
5
2
2
7
7
2
7
4
5
4
3
3
0
5
5
5
7
3
2
3
3
6
2
4
4
2
5
4
3
4
5
4
4
1
3
1
2
1
4
2
2
5
2
0
2
7
6
1
1
2
5
6
5
3
3
8
4
3
3
2
4
8
5
5
3
1
2
7
6
2
4
4
7
1
5
6
4
1
2
3
5
1
3
8
4
5
5
3
5
5
2
2
4
2
5
3
2
5
4
4
2
2
6
3
6
2
2
2
2
3
3
2
5
5
0
2
3
1
3
3
2
6
1
5
3
3
4
2
4
2
1
1
2
4
6
2
3
6
3
5
3
8
6
0
4
1
4
1
4
3
4
6
0
1
2
2
3
2
3
0
3
4
1
1
3
2
2
2
3
3
1
3
5
5
3
1
0
2
5
3
7
3
0
1
1
4
2
5
4
0
2
0
0
4
0
4
4
0
1
2
2
2
0
2
3
2
1
1
2
0
3
1
1
1
3
4
1
2
1
2
2
0
1
2
3
0
2
4
3
1
3
0
4
2
3
3
1
1
3
1
2
3
0
5
1
2
1
3
0
0
0
1
0
1
3
4
4
3
0
1
1
3
1
3
0
2
2
3
2
1
4
0
1
3
2
2
5
2
3
2
2
2
1
1
2
1
1
1
0
1
2
3
3
2
1
1
0
1
4
2
0
1
5
1
2
2
0
1
0
1
3
0
1
5
2
1
1
2
3
0
6
3
1
3
1
1
1
1
0
3
1
2
3
1
4
2
3
0
3
0
0
3
0
0
0
0
1
2
1
1
0
2
1
1
1
1
2
0
0
2
2
1
1
0
1
1
0
2
1
1
2
2
3
1
1
0
3
1
0
0
1
2
0
0
1
2
1
3
1
1
1
1
3
3
0
1
0
0
0
1
1
3
2
2
1
3
0
0
1
2
0
1
2
1
1
2
1
2
1
0
0
1
1
2
1
2
1
0
0
1
1
0
2
2
2
0
0
1
0
0
2
1
1
1
1
1
0
0
0
1
0
0
1
1
1
0
0
0
2
2
1
3
0
1
1
0
2
0
2
1
0
2
0
1
1
0
1
1
1
1
0
0
1
0
1
2
1
1
1
1
1
2
1
1
2
1
0
0
2
0
0
1
0
1
1
0
0
1
2
1
1
2
0
0
0
3
2
0
0
0
0
1
1
0
1
0
1
0
0
0
0
0
0
1
2
0
0
2
0
0
0
2
0
2
1
1
0
1
0
0
0
1
0
0
0
0
0
1
0
1
2
1
0
1
0
1
0
1
0
0
1
0
1
1
0
0
1
0
0
0
0
0
2
2
1
0
0
0
1
4
0
0
0
2
0
0
0
2
1
1
1
1
0
1
1
1
1
0
0
1
1
0
0
0
1
0
0
1
0
1
0
0
0
0
0
2
1
1
0
2
1
0
2
0
0
0
2
1
1
1
3
0
0
1
1
2
0
0
0
0
0
3
0
2
0
0
0
0
0
0
0
1
0
1
2
0
1
0
0
1
0
0
1
0
0
0
0
1
2
2
1
0
2
0
0
0
0
0
1
0
1
0
1
0
0
1
1
2
0
2
0
0
1
2
1
0
1
1
1
0
0
0
0
1
0
0
0
1
1
0
0
0
0
1
0
0
0
0
1
0
0
1
1
1
2
1
1
1
0
1
2
0
0
0
0
1
1
0
1
0
0
2
0
0
0
0
0
0
1
0
0
1
0
1
1
2
0
2
0
1
0
1
0
0
0
0
0
0
0
0
0
0
1
2
1
0
0
0
1
0
1
0
0
0
0
0
0
0
0
0
0
0
0
0
0
1
0
0
0
0
1
0
0
0
1
0
1
1
0
0
0
0
0
1
0
0
0
1
0
0
1
0
1
0
1
1
1
0
0
0
0
0
0
0
0
0
0
0
1
0
0
1
2
1
0
0
0
0
0
1
0
1
0
1
0
0
0
1
0
1
0
0
0
0
0
0
1
0
0
1
0
0
0
0
0
1
0
0
0
0
1
0
0
0
0
0
0
0
0
0
0
0
0
0
0
0
0
0
0
0
0
0
0
0
0
0
0
0
1
0
0
0
0
0
0
0
0
0
0
0
0
0
0
0
0
0
0
0
0
0
0
0
0
1
0
0
0
0
0
0
0
0
0
0
2
0
0
0
