0
0
0
0
0
0
0
0
0
0
0
0
0
0
0
0
0
0
0
0
0
0
0
0
0
0
0
0
0
0
0
0
0
0
0
0
0
0
0
0
0
0
0
0
0
0
0
0
0
0
0
0
0
0
0
0
0
0
0
0
0
0
0
0
2
0
1
1
1
1
6
0
6
1
1
1
1
1
7
4
5
5
11
40
116
359
913
2118
4749
9605
16780
27778
40389
54656
65649
73081
73562
66626
55052
41619
28491
17397
10028
4935
2332
1003
394
130
49
14
1
5
3
2
1
2
1
0
3
1
0
0
0
0
1
0
2
0
1
0
0
7
68
45
47
53
46
43
56
46
59
46
49
44
54
48
65
56
36
58
50
43
50
51
55
52
58
54
54
41
44
48
55
59
43
52
50
54
45
41
56
42
51
47
49
49
55
46
46
51
50
40
39
46
36
40
43
42
44
47
46
50
49
54
50
45
48
63
65
54
84
56
81
89
94
81
109
115
89
107
83
103
88
74
73
65
59
59
57
56
55
46
50
52
50
36
46
56
53
41
51
51
80
64
55
61
93
72
75
74
98
105
91
112
96
140
144
133
157
157
155
167
222
261
266
319
428
616
845
1352
2181
3592
5489
8143
11919
15997
20427
25162
29099
32351
33584
32892
30522
27441
23031
18345
14290
10463
7451
5462
3990
2707
1905
1435
1120
775
631
433
318
281
263
248
292
387
424
475
534
537
533
503
471
422
362
245
178
149
107
97
74
59
54
41
33
42
27
36
28
29
25
20
14
12
13
13
4
11
12
11
6
11
11
11
10
7
13
12
15
5
4
12
10
6
10
11
10
6
5
8
12
11
10
12
11
8
10
9
14
11
17
17
22
21
19
30
31
31
22
20
20
20
17
19
20
20
21
18
25
33
16
18
15
14
15
18
20
11
19
18
25
29
26
22
17
17
16
15
15
12
11
14
6
9
21
11
7
9
12
8
5
8
9
6
5
5
9
15
8
5
7
3
7
6
5
6
4
4
9
4
8
5
5
9
11
5
9
6
11
18
14
16
24
24
27
28
31
24
22
35
28
20
17
8
17
10
6
10
10
11
9
7
14
6
14
14
8
17
12
12
8
11
12
10
9
4
10
4
9
6
9
8
4
8
5
8
8
5
4
4
9
6
3
6
2
7
6
6
5
7
6
9
5
11
5
6
7
3
7
12
7
9
4
5
4
5
5
5
3
8
5
12
3
3
5
6
4
5
9
5
7
6
5
2
6
5
5
8
7
3
6
3
5
6
2
9
6
7
7
8
7
6
9
9
2
6
9
10
3
10
6
7
7
9
5
3
10
5
6
10
7
9
7
6
9
8
5
6
10
10
5
7
7
10
10
11
12
12
6
5
9
13
12
5
11
8
10
8
11
4
11
14
9
9
4
6
9
7
7
11
8
11
8
18
10
15
9
6
14
12
11
9
8
17
12
7
9
6
14
6
16
14
7
16
11
7
14
16
9
14
17
9
19
9
11
10
6
12
12
10
9
9
12
18
12
15
17
21
13
14
7
19
12
12
13
14
13
17
19
19
12
17
23
14
10
9
17
18
20
14
16
18
12
16
26
19
27
14
29
18
15
24
12
20
20
20
22
9
9
21
10
14
12
15
15
18
16
20
25
16
15
18
18
21
17
12
29
22
15
25
22
21
22
24
19
29
21
20
22
17
21
26
20
22
24
20
22
26
25
30
28
26
22
30
32
27
29
23
27
34
22
30
24
21
27
35
31
34
33
28
31
32
32
35
37
37
33
23
28
38
32
46
37
40
38
31
40
38
36
38
36
33
38
58
43
34
34
39
36
40
37
50
50
42
53
54
51
59
48
49
69
58
68
40
48
43
57
56
62
53
56
41
70
60
56
63
63
49
60
59
53
58
71
68
71
58
59
66
74
80
65
70
76
73
74
63
77
79
76
72
78
90
79
100
76
89
88
91
84
81
80
70
80
83
83
69
89
84
68
71
93
70
80
71
69
80
76
65
75
77
75
67
77
77
75
73
59
65
86
78
77
77
78
65
64
89
66
72
70
60
68
84
76
72
66
69
62
61
75
68
66
69
80
70
61
75
72
82
60
69
65
71
63
87
63
79
81
69
88
65
76
62
67
73
85
90
61
89
67
78
65
67
77
75
68
77
56
75
75
81
75
69
79
70
65
59
74
70
61
76
79
73
81
74
61
73
84
71
86
72
69
64
66
71
80
84
66
61
86
65
68
80
72
62
81
91
74
83
78
73
84
73
76
78
88
75
74
84
75
84
84
85
57
79
92
83
101
84
84
89
92
93
80
131
142
139
154
181
204
241
316
358
407
465
571
673
734
854
867
924
993
1030
1055
1117
1019
1020
984
867
873
694
650
544
478
454
370
283
259
234
184
172
161
136
118
93
91
82
100
95
96
93
108
101
111
111
91
111
112
104
100
102
104
102
92
107
92
103
103
97
97
110
86
104
99
85
100
96
113
101
83
108
98
106
93
115
97
103
120
100
90
92
92
121
105
100
117
105
108
122
123
125
113
114
120
124
115
125
130
129
110
143
167
156
160
180
169
174
212
196
187
214
225
233
230
234
248
253
252
256
245
228
253
223
188
201
191
174
192
189
167
160
139
144
163
135
129
149
142
163
151
141
157
160
138
156
168
137
150
145
159
149
169
167
148
166
155
191
157
183
177
180
181
197
189
208
187
199
207
211
178
182
215
216
209
210
205
213
210
188
225
214
210
227
222
199
227
228
193
235
218
239
203
211
241
223
226
222
232
213
232
217
242
224
236
218
251
223
230
251
228
214
221
253
250
237
236
242
251
264
247
245
233
238
251
252
273
253
265
249
246
267
265
254
250
270
220
277
260
273
288
299
265
245
259
256
226
267
240
263
231
258
260
251
252
259
219
258
232
235
238
227
209
222
244
225
244
201
216
226
225
228
217
201
211
203
229
201
216
213
220
216
204
214
208
220
202
213
224
198
199
200
209
183
203
216
186
217
205
209
202
188
216
198
208
194
229
201
211
194
218
193
223
189
208
194
189
243
203
180
218
206
212
224
204
213
189
210
208
195
222
198
215
221
221
184
204
224
216
241
203
234
203
221
224
239
224
192
206
196
223
238
208
190
213
220
213
213
246
218
209
230
221
260
244
224
213
242
223
237
236
232
225
246
275
204
200
230
225
227
234
234
239
238
246
240
235
268
233
240
256
253
249
262
241
232
251
238
233
236
234
246
221
243
249
227
240
236
262
220
257
210
240
232
231
237
237
252
252
241
277
267
240
274
251
247
246
240
276
249
248
236
243
247
229
245
231
227
246
277
247
259
263
229
236
238
224
256
243
241
260
263
263
231
232
288
284
238
275
242
275
265
301
246
293
280
232
248
242
262
262
254
263
270
254
262
294
264
263
283
278
276
254
243
277
242
262
279
245
255
285
271
262
259
276
286
302
285
296
273
255
290
328
296
269
265
262
278
241
275
313
293
306
270
272
267
309
310
295
278
272
293
293
296
263
282
318
282
278
276
270
264
278
292
281
287
286
323
294
319
279
313
282
326
303
301
293
310
305
287
327
321
333
308
290
308
315
283
306
296
325
301
310
279
302
309
316
342
291
317
293
317
324
303
319
333
345
303
314
320
321
299
315
317
320
330
345
333
340
318
308
311
328
307
318
286
317
311
290
316
293
319
285
307
302
285
292
348
303
309
297
299
309
332
294
306
299
290
307
304
293
293
297
281
300
289
293
301
295
305
299
267
262
282
284
300
281
279
275
247
293
288
320
288
302
292
246
284
308
304
262
282
301
299
258
252
306
299
270
291
271
264
259
307
244
299
319
291
286
277
259
289
286
240
277
271
277
266
259
280
293
267
270
280
279
280
279
266
282
280
284
278
265
285
291
297
300
251
285
272
263
260
281
278
273
306
278
298
276
281
283
266
266
294
240
263
298
274
300
251
272
282
288
272
287
293
257
311
218
266
251
269
275
274
261
282
292
280
279
261
248
266
269
258
263
264
247
270
249
265
248
276
281
268
259
255
284
287
283
265
268
268
243
257
269
265
270
242
262
239
258
248
274
285
303
272
243
256
262
268
289
233
254
260
253
274
258
241
264
266
256
275
262
246
286
255
257
248
244
234
258
270
285
272
254
280
262
283
244
260
257
248
246
265
249
263
250
263
259
241
258
296
279
273
245
265
250
244
248
234
271
259
267
251
253
261
287
297
284
260
289
269
253
291
295
275
250
296
264
254
300
289
294
310
278
274
270
287
267
260
324
302
277
280
292
293
279
290
305
299
317
304
308
293
320
296
330
303
343
340
302
319
294
317
385
303
302
330
334
346
336
306
359
336
370
328
367
355
374
376
373
342
370
382
373
346
383
358
376
362
388
370
383
397
406
394
440
427
438
444
465
445
428
449
487
486
501
504
487
520
530
505
558
546
567
574
619
607
639
672
650
652
730
746
702
780
792
867
846
852
822
934
912
984
1020
1074
1004
1100
1108
1099
1186
1153
1213
1299
1241
1304
1343
1345
1361
1374
1400
1434
1459
1466
1513
1496
1447
1503
1559
1545
1537
1509
1550
1547
1514
1526
1479
1467
1388
1430
1396
1422
1352
1330
1339
1314
1233
1274
1160
1134
1086
1081
1041
1056
1004
1009
971
901
928
807
811
817
796
768
724
746
674
651
654
604
544
524
539
565
555
537
463
503
471
464
424
457
433
393
379
398
403
380
361
316
364
344
318
354
315
338
327
301
336
293
330
289
278
294
309
289
265
248
280
276
224
238
281
249
254
231
214
239
238
212
248
264
242
233
230
245
250
249
221
222
222
261
259
266
257
257
268
264
279
289
321
315
315
345
363
349
331
418
405
423
455
434
441
402
471
460
474
418
444
431
434
432
417
407
411
403
390
383
304
337
295
307
267
287
273
267
224
218
218
192
173
180
194
188
169
161
167
159
160
157
159
146
171
143
156
148
145
149
130
152
135
155
160
164
171
174
174
180
174
194
179
170
179
194
170
186
176
190
187
184
193
204
196
206
205
195
236
229
198
216
222
232
226
234
272
249
203
228
252
232
254
258
267
250
245
267
246
239
254
241
265
259
264
258
284
256
234
267
274
266
269
244
236
238
232
215
257
217
231
228
227
222
211
246
211
230
201
211
192
214
203
181
186
193
177
172
157
164
184
151
145
154
153
157
149
140
136
145
125
124
128
135
130
110
130
120
115
137
115
117
108
115
111
110
113
90
105
93
89
90
102
101
95
81
97
88
100
86
94
91
70
97
78
94
78
64
85
53
72
89
79
75
53
77
76
53
52
70
74
65
79
72
85
76
56
74
65
66
67
54
54
57
66
58
61
65
68
63
58
67
70
66
49
58
50
44
64
49
46
62
71
62
54
65
52
47
48
55
44
62
53
74
56
57
65
58
65
51
52
65
63
67
84
68
82
68
74
79
70
73
69
91
75
69
69
84
58
78
74
73
78
69
61
52
57
61
55
36
44
52
46
49
53
42
50
49
50
41
46
32
41
43
40
47
43
57
39
39
46
40
52
43
41
41
49
60
37
47
51
42
41
55
46
46
41
45
30
35
35
46
37
37
40
35
42
46
48
31
33
34
29
32
44
32
34
36
24
41
41
35
30
31
31
23
40
33
43
33
26
33
38
35
18
33
27
31
25
23
25
35
29
33
36
36
31
33
41
28
31
30
35
32
42
33
26
24
19
23
30
34
28
32
34
19
32
23
31
39
23
31
24
24
38
23
29
40
32
31
32
21
23
34
33
40
30
26
26
19
24
29
24
19
29
34
27
31
27
29
24
15
15
29
21
29
28
22
26
26
27
21
22
28
27
24
32
27
16
33
30
28
23
29
17
16
25
27
20
30
24
23
22
27
15
32
18
24
26
27
32
21
20
24
20
23
32
22
25
16
25
26
22
21
25
15
27
28
25
27
18
29
27
28
22
22
19
12
26
29
27
24
26
13
18
26
22
18
20
30
19
29
25
21
16
25
20
20
20
28
26
22
21
21
22
20
20
20
30
24
22
18
20
21
27
26
18
21
31
18
12
15
20
18
15
21
20
13
18
22
15
24
18
17
21
26
22
13
22
21
31
23
14
18
16
22
21
17
16
25
21
19
16
20
22
14
15
20
16
16
17
17
18
16
15
15
13
15
16
15
17
20
19
14
13
18
13
16
17
20
14
16
19
12
15
19
15
22
5
17
12
20
12
12
20
20
11
11
20
16
18
17
21
14
23
14
11
14
15
18
16
17
15
18
18
16
16
18
11
13
18
19
11
10
22
20
9
12
12
9
14
17
18
13
18
17
12
18
12
15
17
12
15
14
14
8
15
11
17
10
17
15
8
14
17
22
9
21
10
12
16
14
15
10
11
17
13
7
13
12
11
13
10
14
14
8
6
14
12
11
11
15
13
8
8
10
7
11
7
15
10
12
13
11
14
12
10
7
15
17
12
12
9
10
11
14
5
16
12
11
8
7
13
8
18
14
9
9
11
8
16
8
10
14
6
11
13
6
10
9
11
12
11
9
9
11
12
7
9
15
12
7
11
13
8
9
12
11
11
10
8
12
11
9
8
10
13
8
6
9
15
11
5
7
8
8
12
7
7
12
9
11
12
14
8
11
5
10
5
12
8
10
6
10
8
12
11
8
4
7
10
12
11
10
5
8
6
7
6
10
3
12
8
13
11
5
8
11
6
10
10
6
6
13
9
5
9
9
10
5
8
8
8
8
7
5
8
6
4
9
5
11
5
10
6
8
6
5
11
3
7
10
8
6
4
8
7
7
9
8
9
11
9
7
6
6
10
12
10
7
15
3
8
6
10
9
9
9
13
9
4
7
10
5
8
8
7
5
9
11
4
9
10
4
8
6
8
7
7
10
9
6
5
6
6
6
5
5
8
5
3
9
8
4
5
3
9
6
4
13
4
6
7
6
10
8
6
6
2
4
4
3
3
3
8
6
5
1
5
9
7
9
7
4
7
7
5
5
7
3
3
4
5
7
3
6
1
5
6
1
2
5
2
5
5
6
8
3
3
5
5
4
6
3
6
3
5
9
6
6
6
3
3
6
8
5
6
5
1
6
4
5
4
11
7
5
4
6
6
4
3
2
4
3
5
3
5
4
3
7
5
6
8
3
5
6
8
6
5
4
2
3
4
2
4
5
4
5
4
5
3
8
4
4
5
4
11
9
2
3
4
1
4
6
5
9
7
4
4
3
6
2
2
3
4
3
4
8
2
4
1
4
2
3
3
4
2
3
3
3
4
0
6
5
2
4
1
8
4
3
8
4
3
7
6
4
7
1
4
12
6
5
0
1
7
3
3
5
4
3
4
4
6
4
7
7
1
4
3
2
6
3
3
5
6
7
2
1
1
5
3
1
1
1
1
4
4
4
5
2
3
5
3
7
5
2
3
1
6
4
8
5
1
2
6
2
4
1
4
5
3
4
3
1
2
3
3
3
1
2
1
4
4
4
3
4
3
1
4
2
3
3
1
5
5
4
4
1
2
1
1
4
3
7
6
4
5
5
2
1
4
0
5
2
2
5
4
3
2
2
2
1
6
4
0
6
3
0
3
1
1
1
1
2
1
3
2
4
2
1
1
4
3
1
4
4
1
1
2
1
1
3
0
1
0
1
0
0
2
2
7
5
1
5
4
3
2
1
2
3
5
3
0
2
5
1
0
2
2
5
3
3
2
4
2
0
4
1
3
2
4
1
1
0
1
7
2
1
3
2
3
4
2
0
4
1
5
0
3
3
2
0
3
3
1
2
2
3
2
5
0
1
3
2
2
1
2
1
1
3
1
1
1
3
2
1
0
0
1
4
3
1
2
2
2
3
1
1
4
2
4
2
1
1
3
2
0
0
3
2
1
1
0
0
3
2
0
0
0
2
1
1
1
2
1
0
1
0
1
1
1
2
2
2
0
1
2
1
2
3
2
1
1
2
0
4
0
2
1
0
1
0
1
0
0
0
0
1
0
1
2
2
0
2
4
1
2
0
1
3
0
1
0
0
0
0
0
0
2
1
1
1
0
0
2
1
1
1
2
1
2
0
2
1
0
2
1
2
0
1
1
2
1
0
1
2
0
1
1
2
0
0
1
0
1
1
3
3
2
1
0
0
1
1
2
1
1
1
1
2
0
0
0
1
1
2
0
1
0
1
1
0
1
1
2
2
1
3
0
2
2
0
1
2
2
1
0
1
1
0
1
0
1
1
3
0
2
0
0
1
0
1
2
2
0
1
1
0
2
0
2
0
1
0
1
0
3
2
0
1
2
2
5
2
2
3
1
1
0
1
0
0
1
0
0
0
0
1
0
1
0
0
0
0
1
1
0
0
0
2
0
1
3
2
1
0
0
2
0
0
0
1
2
1
0
0
0
1
0
1
1
0
1
0
0
1
0
1
1
0
2
1
0
0
0
2
1
3
0
1
3
0
0
2
1
1
1
0
1
0
0
2
1
1
0
0
3
0
0
2
2
0
2
2
0
1
0
1
0
0
0
1
0
0
0
0
0
1
0
0
1
0
2
3
0
0
0
1
2
0
1
0
1
2
1
0
1
0
1
0
1
0
0
0
0
0
1
0
0
0
2
1
1
0
1
0
1
0
0
0
0
0
2
0
0
1
0
1
0
0
0
1
0
0
0
0
0
1
0
1
0
2
0
0
2
0
1
3
0
1
0
0
0
0
0
0
0
1
0
0
0
0
1
0
0
0
0
2
0
0
0
0
2
0
1
0
2
0
0
1
1
1
0
0
1
0
1
0
1
1
3
1
0
1
1
0
0
0
1
2
0
0
1
2
1
1
1
0
2
1
0
0
1
0
0
0
0
0
0
0
0
0
0
0
0
1
0
1
1
0
0
0
0
1
2
0
0
1
0
1
0
0
0
0
0
0
0
1
0
0
0
0
0
1
0
2
0
0
0
0
1
0
2
0
1
0
0
0
0
2
1
0
1
0
0
1
1
0
0
1
0
0
0
1
2
1
0
0
1
0
1
0
1
0
1
1
1
2
0
0
0
0
0
0
1
0
0
0
0
1
0
0
0
1
0
0
0
0
0
0
1
0
0
0
1
0
0
1
0
0
1
0
1
0
0
0
0
0
0
0
0
0
0
1
0
0
0
1
0
0
1
0
0
0
0
0
0
0
0
1
1
0
0
0
0
0
0
0
0
0
2
0
0
2
0
0
0
0
0
0
2
1
1
0
1
0
1
0
0
1
0
1
0
1
0
0
0
0
0
0
0
0
1
1
0
0
0
0
0
0
0
0
0
0
0
0
0
0
0
0
0
1
1
0
0
0
0
0
0
0
0
0
0
0
1
0
0
0
1
0
0
0
