0
0
0
0
0
0
0
0
0
0
0
0
0
0
0
0
0
0
0
0
0
0
0
0
0
0
0
0
0
0
0
0
0
0
0
0
0
0
0
0
0
0
0
0
0
0
0
0
0
0
0
0
0
0
0
0
0
0
0
0
0
0
0
2
0
2
0
1
0
1
1
1
2
1
7
3
2
4
3
2
2
6
13
39
120
359
970
2237
4803
9519
16946
27648
40997
54526
66394
72718
73161
66778
55343
41143
28183
17375
9751
5067
2489
967
420
117
47
10
7
1
1
2
2
1
0
1
2
1
1
0
0
0
1
0
1
1
0
0
0
8
67
51
51
45
54
56
48
50
54
51
36
48
59
49
49
51
59
30
54
42
43
42
57
41
54
53
40
47
47
38
47
46
50
71
46
49
44
44
35
39
47
46
42
36
35
35
46
42
46
47
47
45
37
30
41
49
52
43
45
62
41
53
51
49
47
37
48
52
48
67
72
91
110
126
107
115
111
110
112
89
86
65
58
50
50
45
61
45
52
40
44
53
50
51
49
43
46
37
51
39
61
62
70
72
62
78
64
69
87
75
101
114
99
130
124
133
166
156
149
206
228
237
252
342
408
597
857
1373
2247
3463
5507
8312
11726
16101
20556
25178
29628
32461
33570
33102
30801
27390
22993
18808
14100
10407
7528
5383
3868
2873
2037
1534
1048
758
553
421
333
268
278
275
314
379
434
478
498
525
502
517
429
411
327
249
219
167
129
88
66
58
75
41
42
39
35
30
36
10
17
19
9
12
7
13
8
15
10
9
5
8
9
9
6
6
6
7
9
3
7
9
6
9
10
8
4
12
9
13
15
8
8
15
4
13
10
7
12
13
21
26
19
20
27
30
30
32
33
20
22
23
17
27
31
22
21
17
13
24
24
24
15
19
16
23
18
21
20
17
26
16
19
28
14
17
10
15
12
19
14
9
9
5
8
4
7
10
12
7
13
8
5
11
5
7
10
7
5
7
6
5
6
5
5
7
5
6
8
1
2
11
7
9
9
10
17
10
23
15
16
13
26
24
25
32
35
25
32
15
20
21
10
14
15
17
14
11
8
12
12
6
12
10
5
11
12
9
12
14
8
10
4
9
10
14
8
11
8
10
6
4
5
7
7
3
7
4
2
4
4
4
5
10
4
9
6
13
11
6
6
2
3
11
8
6
6
6
9
7
9
8
8
10
8
10
5
4
5
5
13
4
10
6
4
7
7
2
5
6
2
8
4
7
3
8
7
6
10
13
8
6
6
9
2
4
5
10
5
9
13
7
1
4
5
7
6
12
7
4
6
10
7
5
4
9
7
9
7
7
9
6
4
10
8
8
3
4
11
5
12
10
11
12
2
6
8
3
13
6
4
6
7
6
9
3
5
3
10
8
6
6
13
7
10
9
8
12
9
8
3
9
7
8
12
5
11
11
7
8
16
5
11
12
6
10
8
8
9
8
15
7
15
10
4
9
7
7
8
11
14
11
10
13
9
12
13
12
13
8
7
18
11
15
13
19
11
15
18
14
8
23
12
15
20
12
12
13
14
9
20
21
19
11
19
18
21
22
15
16
14
14
17
11
13
16
16
14
11
12
13
19
24
11
13
22
23
16
13
16
17
14
18
26
20
20
22
19
27
16
17
15
16
12
15
20
20
24
29
19
13
18
9
19
20
20
34
23
16
15
30
16
24
24
17
31
30
19
17
20
30
32
17
22
30
33
22
26
33
30
34
25
29
30
22
28
23
37
27
35
31
30
25
32
36
36
33
31
32
32
28
33
41
34
36
37
39
34
45
43
35
34
33
37
49
31
40
35
39
39
46
32
64
51
37
51
46
45
44
52
65
58
47
47
52
42
51
60
51
56
48
48
62
61
69
63
44
66
71
64
56
65
74
68
60
59
58
73
61
59
84
63
64
83
71
47
91
87
86
79
83
110
95
103
86
86
91
82
91
73
85
73
88
93
88
100
78
78
83
64
70
73
77
67
64
76
81
76
86
70
77
71
75
73
73
83
81
82
69
77
70
72
64
82
75
66
70
84
63
67
64
72
85
80
84
82
73
81
69
59
83
64
75
61
68
64
70
58
65
75
64
67
71
70
64
63
83
82
68
66
75
80
70
94
73
77
68
75
75
82
86
68
58
70
61
72
90
73
68
89
73
68
50
76
74
84
74
84
74
79
77
74
77
66
88
79
76
87
67
70
67
81
67
70
73
91
74
73
77
79
77
70
67
82
78
90
93
76
63
67
71
84
84
80
79
84
78
77
92
92
87
85
102
80
92
106
77
87
79
69
89
85
112
123
118
147
166
196
228
259
336
365
437
482
578
645
729
848
899
1013
1020
1029
1057
1065
1085
1010
938
900
782
733
624
571
475
421
367
322
282
202
200
157
164
143
118
110
112
108
84
86
99
92
87
104
90
113
107
105
107
102
69
93
89
98
94
99
112
121
72
90
103
98
88
90
108
97
101
73
96
98
104
105
102
125
111
121
108
124
91
116
94
96
106
116
121
113
106
119
105
106
122
127
102
126
122
105
129
141
122
125
131
127
155
147
133
151
193
167
182
214
204
205
251
243
242
243
255
244
243
228
279
229
227
220
214
213
201
191
186
170
139
171
177
140
147
133
141
147
146
150
160
142
139
130
128
164
158
160
131
169
150
149
187
170
165
168
167
180
194
171
175
177
164
176
197
154
205
182
194
187
195
189
189
218
190
235
203
202
238
229
216
226
226
230
208
208
234
204
213
226
238
234
225
221
230
242
233
223
212
223
236
204
215
233
216
247
237
223
224
239
233
246
254
260
249
269
243
246
239
248
244
238
229
277
245
243
241
228
235
260
243
244
252
255
222
244
259
246
255
256
245
256
249
262
240
259
233
246
257
262
248
228
220
220
248
241
230
224
227
224
239
233
222
225
228
241
232
233
239
211
207
196
203
204
221
188
227
212
234
193
224
209
177
201
209
194
217
199
190
174
220
185
191
217
206
200
201
228
204
211
196
205
210
183
218
187
212
190
205
205
204
213
174
195
176
229
200
202
195
200
181
208
186
192
186
204
183
184
204
194
206
225
196
189
193
197
207
194
219
200
214
238
214
225
179
195
193
218
221
189
209
211
200
208
209
212
210
211
215
179
217
210
186
198
213
198
216
221
204
224
213
219
207
219
230
179
178
216
210
203
261
205
232
223
223
239
216
228
233
202
245
243
223
206
223
197
230
227
200
231
242
197
228
218
232
226
230
215
246
222
205
236
236
236
209
242
243
214
245
229
226
218
228
217
221
250
242
236
206
208
208
225
216
210
208
220
244
224
242
230
220
225
232
240
250
241
215
218
236
230
219
240
255
204
279
228
254
232
234
220
229
252
223
249
246
232
226
255
247
235
248
247
200
241
234
235
244
255
240
249
256
226
247
264
225
259
225
256
255
247
247
241
227
199
251
254
256
241
244
252
240
263
243
270
247
249
291
293
247
262
262
252
258
249
272
229
284
268
286
281
265
251
279
270
266
237
271
281
258
265
280
251
273
296
268
258
252
247
285
285
278
309
287
288
252
282
291
263
292
268
304
245
303
279
291
250
275
267
293
258
276
276
259
306
271
252
323
260
279
283
268
272
285
292
270
310
305
298
292
275
291
292
294
269
275
303
331
282
284
285
327
300
290
289
306
306
271
293
288
296
293
307
296
274
296
290
276
282
289
286
293
305
284
281
268
266
267
293
280
255
273
278
268
259
299
305
280
263
281
247
258
264
278
250
283
270
261
243
295
279
278
273
250
247
252
233
260
268
250
224
238
240
269
218
249
273
228
251
247
242
256
246
259
253
245
244
274
243
271
267
261
256
255
244
253
255
234
280
234
247
252
230
275
255
234
267
255
239
242
236
240
240
242
236
242
240
256
237
235
236
247
252
231
272
225
227
258
245
277
241
253
269
248
280
265
208
257
237
243
275
257
243
256
264
262
253
245
230
222
252
241
240
246
251
234
240
242
227
240
216
224
222
257
224
264
247
249
257
279
251
216
240
255
227
224
235
212
234
224
269
243
227
265
231
220
252
232
252
232
256
230
250
256
239
220
245
248
219
253
262
255
217
242
242
225
254
237
233
244
244
247
218
231
231
240
248
231
234
243
225
222
236
264
233
239
245
220
247
244
250
251
251
228
216
226
244
249
224
236
261
233
232
258
243
247
258
262
223
233
245
259
268
272
236
249
244
258
244
265
256
260
244
260
216
253
246
238
228
219
241
274
254
292
276
241
252
241
274
275
269
275
258
248
267
282
300
279
280
299
274
261
262
299
287
302
274
284
285
286
298
279
300
273
304
289
305
294
317
289
313
368
311
257
310
314
348
306
334
335
329
353
359
343
335
351
348
325
377
354
358
359
357
342
363
396
342
399
395
377
396
419
422
408
388
410
450
475
450
452
478
470
436
496
516
528
519
593
594
590
600
621
639
592
676
668
725
728
740
783
813
835
831
870
909
944
957
945
1000
987
1005
1118
1112
1151
1156
1143
1212
1242
1244
1298
1256
1312
1368
1323
1291
1329
1406
1339
1444
1396
1390
1429
1401
1431
1446
1366
1365
1322
1323
1322
1256
1315
1246
1255
1290
1192
1174
1135
1129
1160
1132
1054
1077
1082
1014
928
951
897
873
807
772
806
770
746
736
672
679
645
610
591
572
570
517
532
488
505
484
417
434
423
428
417
400
384
419
339
332
358
307
317
305
332
312
336
328
322
325
287
284
288
293
249
288
253
248
225
278
266
226
243
208
235
255
243
240
230
258
235
215
219
222
203
190
236
202
193
212
215
236
230
230
234
217
225
247
268
249
253
246
251
281
301
298
306
366
357
368
326
407
379
387
364
394
408
398
414
416
445
434
408
445
410
409
393
394
394
378
345
376
338
313
286
266
266
266
247
214
202
179
182
196
186
169
177
154
153
140
160
181
160
159
148
129
125
154
155
130
142
132
157
168
142
158
159
166
155
143
148
166
174
155
161
142
171
159
162
164
173
168
169
177
177
197
186
209
200
197
203
188
198
198
211
201
213
214
221
226
220
217
238
230
246
197
257
244
241
237
239
233
265
223
255
264
235
255
283
257
280
260
246
240
225
236
238
236
198
211
242
215
227
234
233
221
242
242
241
198
188
161
195
197
182
178
174
185
160
163
159
152
153
152
158
133
134
142
170
158
151
105
119
129
137
117
114
122
114
106
104
115
108
108
104
107
104
118
106
87
103
106
99
81
85
96
79
81
84
83
74
79
83
86
72
92
72
79
84
68
88
63
65
59
69
73
63
65
71
74
60
67
68
58
71
66
66
67
62
55
57
69
52
66
50
60
44
40
46
54
67
42
68
57
54
54
48
59
52
57
50
58
51
58
60
49
51
63
52
46
51
61
54
51
49
45
48
49
62
62
59
68
47
60
76
64
65
78
56
71
69
75
75
88
76
97
82
61
65
54
71
69
71
54
57
59
61
61
57
44
45
46
42
34
39
57
51
53
43
43
40
36
45
44
40
34
31
38
41
40
38
38
38
38
45
36
38
37
46
44
35
53
45
37
48
30
46
39
49
31
33
36
34
40
46
29
35
32
31
31
37
35
40
29
31
29
27
17
31
31
29
41
28
32
32
43
29
31
38
36
24
44
31
23
26
44
33
34
35
29
27
30
41
31
28
43
27
27
22
28
42
22
29
32
29
33
33
31
20
21
24
31
28
33
30
26
20
30
18
33
29
28
27
23
21
23
36
34
31
20
16
29
37
29
26
32
34
27
33
28
26
29
28
20
24
18
37
19
24
25
27
26
25
30
28
19
20
21
28
37
30
31
33
34
26
29
15
27
27
29
30
23
27
25
28
23
27
28
25
36
21
16
31
22
23
28
25
30
21
22
16
24
23
15
32
27
35
22
24
22
30
17
25
22
25
29
18
25
20
25
22
23
25
20
15
19
28
19
29
20
25
21
29
21
32
11
26
13
26
15
19
24
27
19
27
20
18
24
15
24
15
25
21
25
29
19
25
21
18
13
20
16
23
21
25
18
29
15
19
24
21
15
15
17
23
19
26
19
24
21
11
20
11
23
21
13
16
12
22
16
18
17
16
24
15
16
18
19
21
19
15
24
14
18
17
23
19
12
20
19
21
17
18
17
10
25
20
10
22
14
22
13
21
13
17
12
26
14
15
21
23
18
13
16
17
19
14
16
19
13
18
14
13
18
19
9
16
12
13
18
17
23
18
15
10
15
16
10
18
7
19
20
17
20
17
14
13
20
13
14
20
11
15
11
10
14
21
16
10
20
4
9
16
13
13
9
11
13
11
15
17
12
18
18
14
13
12
13
10
12
8
9
8
14
16
3
18
16
10
12
6
16
16
11
11
15
14
12
8
10
19
7
15
12
17
11
13
7
18
13
12
14
13
18
15
6
18
14
18
10
12
13
15
14
9
9
11
14
11
14
13
11
5
15
6
6
12
18
6
8
11
10
9
16
12
12
18
11
10
12
7
13
16
8
11
9
7
6
9
8
13
14
9
7
10
11
8
12
10
14
13
12
11
5
12
7
6
11
12
16
11
11
7
10
11
8
5
11
10
8
14
13
12
10
8
15
16
7
9
4
10
9
11
9
2
13
9
6
9
8
10
7
12
3
7
2
9
7
14
4
7
11
9
8
12
10
6
13
7
5
14
5
11
7
14
13
8
10
9
8
7
12
3
9
13
12
7
7
4
7
7
5
11
9
7
6
9
7
7
5
6
7
6
5
5
12
5
10
6
4
8
13
12
8
10
9
5
10
10
12
7
6
9
6
6
4
9
7
9
10
7
5
7
5
4
5
5
6
7
7
8
5
8
2
7
7
8
5
4
7
2
11
8
9
2
11
7
10
6
9
7
7
8
5
8
7
4
8
6
7
6
7
0
4
9
4
6
11
10
3
4
9
5
4
6
2
6
6
2
11
9
4
4
3
9
7
8
4
6
6
6
8
3
6
5
4
4
0
3
6
3
11
3
3
7
8
7
10
3
3
5
11
7
3
3
4
8
4
7
5
5
3
6
8
5
5
7
4
4
5
2
6
7
5
4
5
7
2
5
3
8
4
7
7
4
4
4
8
4
5
5
5
6
2
3
2
2
3
7
3
2
6
4
2
5
4
3
6
7
5
6
6
7
6
5
1
9
4
2
1
3
6
6
9
3
5
4
3
1
1
5
4
3
3
3
8
7
5
5
3
5
4
2
5
5
11
1
4
9
4
4
4
4
1
5
6
3
5
4
5
4
7
4
4
3
7
1
3
3
4
8
7
3
3
3
7
3
2
6
5
4
6
3
4
3
6
3
1
4
3
3
2
2
5
3
4
3
1
4
6
7
2
2
3
3
4
2
2
1
1
2
4
7
2
2
0
4
5
1
2
3
1
1
4
1
4
2
4
1
3
3
1
2
3
6
7
3
1
1
3
1
3
4
2
5
3
4
4
5
5
2
3
6
2
1
2
6
1
2
1
0
1
3
3
2
5
3
6
2
4
2
3
3
2
0
4
4
0
3
3
4
1
2
5
0
1
4
2
4
3
3
5
1
3
2
4
2
3
2
3
2
2
2
2
3
2
3
1
0
3
1
1
1
2
1
2
3
2
2
1
3
3
4
0
1
2
2
1
2
0
3
3
2
0
0
1
6
0
2
2
0
4
2
2
0
2
3
3
0
2
3
1
4
3
1
4
3
1
3
0
3
0
1
2
2
6
1
0
1
0
0
3
2
1
3
3
2
3
1
3
0
3
2
1
2
0
1
0
0
3
1
3
0
1
1
1
1
2
4
2
1
2
2
1
2
2
3
1
3
3
1
2
6
1
1
1
1
2
1
1
2
1
1
3
1
1
1
2
2
0
1
2
2
1
3
3
2
2
1
1
1
1
1
1
0
1
1
2
1
1
1
1
2
0
3
1
0
2
3
2
1
3
1
3
6
0
5
0
2
1
2
1
1
2
1
2
0
2
1
1
1
3
1
1
2
3
1
1
0
2
1
0
0
1
1
1
1
1
1
1
0
1
3
0
2
0
0
0
1
1
1
0
1
1
1
3
0
0
0
1
1
1
0
4
0
1
1
1
1
0
2
5
0
3
0
0
0
1
1
0
1
0
1
1
0
2
1
1
0
1
1
1
0
0
1
0
2
0
1
4
0
1
0
1
0
1
0
3
2
0
1
0
2
0
3
2
1
0
0
3
1
1
0
0
2
0
0
2
0
2
1
1
1
1
2
1
1
0
1
2
1
0
1
1
0
1
2
1
0
0
0
1
1
1
0
0
1
1
0
0
1
1
2
0
0
0
2
0
0
1
0
0
2
1
1
1
2
1
1
0
0
1
1
2
0
0
0
0
2
1
0
0
0
1
0
0
0
0
0
0
0
1
0
2
0
0
0
0
0
0
0
0
1
4
0
2
1
3
1
0
0
0
0
2
0
0
0
0
1
1
0
0
1
0
0
1
1
3
0
0
0
1
0
0
0
2
2
1
0
2
1
2
0
0
1
0
0
1
0
0
1
1
1
0
1
0
0
0
1
0
1
1
1
0
0
0
0
0
2
0
0
1
0
0
2
1
1
1
1
1
0
0
0
0
1
0
0
0
0
0
2
3
0
0
1
0
0
0
2
0
1
0
1
2
0
0
0
0
0
2
0
0
1
1
2
3
0
1
0
0
1
0
1
0
1
1
0
0
0
0
1
0
0
1
1
0
0
0
1
1
1
0
3
1
1
0
0
0
0
0
0
0
2
0
0
0
2
1
0
0
0
1
0
0
0
0
0
0
0
0
0
1
3
0
0
0
1
1
0
2
1
0
1
2
0
1
0
1
0
0
1
1
0
1
1
0
0
0
0
1
1
1
0
1
0
0
0
1
1
0
0
0
1
1
0
0
2
0
0
1
0
0
1
1
1
1
0
0
0
0
0
0
1
1
1
0
1
0
0
0
1
1
0
0
1
0
0
0
3
0
1
1
0
0
0
0
0
0
0
0
1
0
0
0
0
0
0
0
1
0
0
0
0
0
0
1
1
0
1
0
0
1
0
0
0
0
0
0
0
0
0
0
0
0
0
1
0
0
0
0
0
1
1
0
0
0
1
1
1
0
0
0
0
0
0
0
0
0
0
0
0
0
1
0
0
0
0
0
1
0
0
1
0
0
0
0
0
2
1
0
0
0
0
0
0
0
0
0
0
1
0
0
0
0
0
0
0
0
0
0
0
0
0
0
0
0
0
0
0
0
0
0
1
0
0
0
1
1
0
0
0
0
0
0
1
0
0
0
1
0
0
0
0
0
0
0
1
1
0
1
0
0
0
0
0
0
0
0
0
0
0
2
0
0
