0
0
0
0
0
0
0
0
0
0
0
0
0
0
0
0
0
0
0
0
0
0
0
0
0
0
0
0
0
0
0
0
0
0
0
0
0
0
0
0
0
0
0
0
0
0
0
0
0
0
0
0
0
0
0
0
0
0
0
0
0
0
0
0
0
0
1
1
3
1
1
2
1
4
3
3
5
4
3
2
1
7
14
41
137
344
917
2261
4748
9565
17262
27458
40496
54331
66759
73139
72990
66468
55185
41631
28159
17313
9805
5013
2388
1002
348
152
50
12
2
2
2
2
2
3
0
1
1
1
1
0
2
1
1
0
0
0
0
0
0
5
46
50
44
40
51
52
49
59
62
40
38
49
59
42
49
55
50
40
40
59
45
42
40
46
34
55
54
50
61
42
44
38
53
35
44
44
38
46
44
46
34
52
49
43
50
47
45
37
40
48
35
48
35
41
42
51
48
51
48
43
39
54
47
40
52
50
50
51
61
78
86
84
89
113
106
113
120
120
95
85
76
73
69
63
44
53
63
46
68
43
53
56
54
53
53
61
45
45
62
67
57
70
67
73
70
59
83
78
94
93
106
95
117
116
133
138
157
172
152
214
207
226
250
284
406
599
851
1374
2183
3487
5509
8256
11825
16240
20654
25346
29310
32688
34178
33116
31032
27601
23156
18610
14125
10797
7805
5389
3924
2748
2020
1500
1099
791
582
407
333
268
257
280
306
357
440
478
540
541
564
534
492
364
300
302
194
142
114
108
76
66
51
44
50
36
36
30
19
13
22
16
14
8
10
12
7
14
8
7
6
8
10
9
5
5
8
15
12
13
10
5
5
11
7
8
3
12
9
4
9
11
5
4
5
6
10
7
13
11
18
14
20
22
24
15
26
18
33
27
26
26
27
16
16
21
24
17
16
19
24
17
22
18
12
27
17
15
27
21
17
17
20
22
21
23
19
15
11
16
16
16
15
8
9
7
6
14
3
6
5
5
5
4
6
7
5
10
11
2
9
6
6
9
2
7
3
6
9
3
3
7
7
7
3
6
12
11
13
12
15
17
14
28
29
31
36
26
26
24
23
11
14
13
16
14
11
9
5
8
3
12
10
18
12
15
15
17
9
11
6
12
11
9
4
11
4
4
5
7
6
7
6
7
10
8
7
5
3
13
12
5
2
5
10
9
6
7
2
7
8
4
5
6
4
8
4
2
10
11
7
5
7
7
8
4
2
8
5
4
6
9
5
7
6
6
8
2
4
7
7
7
9
6
3
6
5
11
8
5
7
7
5
4
11
3
4
4
7
4
6
7
9
6
9
5
2
5
7
5
4
12
8
3
8
5
2
12
6
8
8
7
6
4
8
7
9
8
9
8
4
3
13
16
8
7
9
7
7
14
2
16
7
12
11
6
5
11
10
13
7
7
10
8
12
9
10
6
17
15
10
9
5
11
13
7
10
10
9
10
8
10
4
7
13
16
10
5
14
11
8
7
11
13
12
17
15
5
7
8
10
11
14
15
11
15
14
13
15
8
13
10
11
12
16
19
13
15
20
14
15
13
11
9
10
14
14
10
11
11
11
16
19
10
14
16
19
17
17
27
11
16
12
16
26
12
19
19
15
23
18
16
26
15
19
20
14
20
13
19
21
17
21
25
14
16
22
24
27
23
24
16
20
16
14
16
24
19
19
22
18
20
29
23
28
19
21
21
26
15
20
29
23
33
34
25
26
22
24
19
29
20
27
26
20
28
26
29
29
28
24
29
31
29
32
33
25
31
28
34
23
22
34
31
32
40
34
25
37
30
42
42
36
39
29
48
27
34
32
42
37
41
30
44
42
36
34
49
41
41
47
50
44
53
46
53
48
36
44
54
45
45
56
40
55
59
59
55
41
52
42
49
65
52
58
56
34
56
67
64
59
52
66
57
65
61
70
82
69
66
84
54
63
86
84
87
63
87
73
82
79
83
83
101
92
110
86
91
106
91
86
85
65
83
69
82
78
79
82
101
78
69
78
68
83
82
66
78
77
66
81
66
66
83
80
67
70
77
68
73
67
69
59
73
76
70
73
75
92
98
94
68
71
71
76
74
73
76
68
77
66
60
88
81
56
60
76
72
87
70
59
79
82
65
73
79
72
70
74
72
76
66
66
72
80
76
70
78
63
71
68
81
59
71
75
68
75
88
67
62
68
81
77
61
72
68
69
61
74
59
74
88
79
90
63
65
61
72
60
58
92
63
77
65
78
81
79
82
74
68
77
69
90
80
79
67
80
80
84
85
78
72
81
87
72
83
86
61
62
88
80
72
77
93
87
86
90
98
110
119
97
112
105
110
137
117
150
159
235
241
323
358
432
489
562
611
823
844
915
951
996
1122
1014
1125
1070
1042
1003
909
834
791
654
584
454
404
368
308
281
209
193
166
147
146
110
123
117
97
107
95
95
106
107
101
90
105
100
90
109
98
114
104
96
97
92
106
88
87
108
112
102
98
101
125
91
99
111
96
105
91
114
122
95
93
106
100
116
121
89
102
110
114
105
91
114
108
116
125
127
120
129
103
133
98
115
105
125
134
121
135
121
120
141
142
141
150
173
191
203
198
194
218
235
274
221
272
260
239
257
227
242
233
239
241
204
200
162
176
167
162
143
150
142
166
133
146
134
152
140
147
142
151
166
155
140
135
135
180
145
148
150
154
160
178
176
170
198
173
174
175
177
186
207
159
179
197
208
189
219
185
226
193
195
193
217
196
220
200
207
205
201
243
204
217
189
238
230
197
229
195
197
197
202
250
214
206
235
234
229
239
224
251
232
236
267
255
210
250
229
234
223
256
248
229
218
268
228
240
229
247
240
256
250
270
232
282
258
264
284
236
244
244
251
252
263
249
235
267
269
253
249
268
240
261
273
261
251
258
245
244
262
214
251
253
251
251
248
268
229
245
220
207
231
222
267
204
253
221
236
238
240
194
219
227
199
197
207
236
221
179
208
231
204
218
194
218
199
185
202
170
182
195
201
206
209
207
197
197
200
198
152
201
200
179
210
222
200
205
226
213
210
189
203
196
208
201
188
211
192
188
194
194
220
193
231
195
198
201
186
197
183
212
222
213
200
230
191
209
219
221
199
203
239
188
200
183
188
207
214
219
193
169
210
209
199
205
213
208
209
221
204
226
215
205
195
197
206
196
199
223
236
202
213
221
223
224
218
226
209
222
252
214
199
227
233
227
235
214
244
223
220
216
234
236
225
234
231
223
214
216
246
204
214
227
221
217
233
221
223
209
226
209
221
233
219
215
205
247
228
243
222
240
231
228
222
259
219
227
253
207
205
224
227
242
218
234
257
239
230
245
208
232
232
244
253
212
247
251
234
248
219
238
229
241
231
262
236
262
231
210
217
276
236
262
222
266
247
252
225
227
250
232
256
231
219
232
249
270
258
228
278
238
271
269
266
248
231
257
245
263
245
244
262
267
251
261
229
202
233
242
236
289
254
223
268
275
269
275
283
251
275
251
223
273
255
247
254
303
264
252
283
254
252
251
272
272
248
236
268
269
229
282
285
271
267
297
278
279
295
293
309
283
298
275
255
278
280
264
280
298
285
294
311
312
285
299
269
288
266
256
280
312
270
297
302
296
295
328
267
279
282
272
310
295
284
287
299
328
290
330
309
321
278
308
304
272
307
301
274
301
271
317
272
281
299
327
322
282
315
290
312
289
288
317
291
318
261
296
278
306
287
309
278
289
282
299
283
292
233
272
276
278
277
256
296
275
291
258
270
277
230
243
260
269
236
222
269
268
273
277
262
270
256
272
268
259
282
251
296
285
268
267
272
281
239
249
264
238
258
267
267
260
243
272
263
245
251
244
249
254
250
249
257
253
276
238
224
278
238
277
247
257
234
267
257
269
276
242
257
264
237
268
271
246
244
272
256
254
278
240
251
238
237
278
233
256
265
220
242
264
261
268
264
243
266
271
234
276
240
260
252
258
256
269
260
217
255
262
225
238
305
250
249
285
257
271
262
219
262
241
256
240
267
250
251
254
261
224
269
242
243
224
245
258
238
265
233
235
250
256
218
228
228
286
242
237
224
256
228
233
239
228
253
217
239
244
222
240
260
249
250
205
249
247
238
259
264
239
266
259
258
252
243
206
237
226
227
252
236
227
271
234
225
252
252
218
251
240
241
259
220
251
243
250
245
252
233
233
280
258
242
245
238
255
261
251
265
241
254
224
241
232
252
249
237
241
261
244
245
263
251
229
256
277
282
264
261
264
252
262
267
263
251
243
292
248
247
290
264
284
290
242
264
246
272
262
270
275
261
285
323
290
280
272
285
290
270
279
318
296
320
283
324
329
305
325
295
296
299
301
327
316
332
341
298
305
292
338
340
326
320
327
354
341
348
333
352
344
376
365
375
342
358
356
382
410
384
362
411
381
402
433
458
437
461
418
466
438
467
453
478
508
499
515
519
532
489
569
536
576
599
653
638
689
681
687
724
737
777
791
872
848
844
947
884
934
902
981
1038
1093
1083
1110
1171
1203
1161
1205
1259
1265
1281
1296
1330
1330
1313
1372
1412
1373
1377
1402
1368
1411
1431
1390
1366
1366
1424
1408
1324
1346
1389
1357
1260
1358
1299
1265
1251
1204
1271
1224
1163
1091
1161
1033
1042
1048
945
934
890
904
814
858
820
739
800
754
755
635
693
573
602
557
564
565
585
504
510
496
493
489
420
460
395
376
386
374
352
385
331
345
348
343
326
326
325
320
291
303
301
329
264
286
304
290
275
239
265
282
274
259
226
254
251
235
244
227
244
216
227
223
222
216
203
234
224
206
212
220
237
214
210
244
225
245
228
267
245
250
257
275
290
252
279
287
328
322
290
342
357
387
390
408
406
419
410
412
439
465
409
436
460
407
450
419
421
388
361
390
363
380
312
310
294
283
264
238
233
251
238
215
190
163
172
197
175
155
170
143
147
173
149
145
144
152
134
157
149
132
151
158
168
159
162
135
183
141
162
189
147
184
163
164
169
156
152
162
189
163
162
190
175
176
162
198
192
201
190
186
201
187
199
232
206
193
235
199
216
199
219
237
229
224
238
227
215
230
265
249
269
230
233
232
238
245
231
259
258
259
261
236
240
219
229
264
233
291
235
265
263
229
224
222
201
201
220
218
213
212
201
205
207
179
163
192
204
164
171
178
167
137
153
157
177
148
152
160
149
136
132
131
120
147
113
118
114
126
117
111
122
117
109
119
100
106
105
90
107
116
103
112
105
89
94
87
85
87
85
82
89
100
86
99
76
95
83
65
75
79
67
69
88
83
61
84
78
64
59
71
83
85
69
59
60
70
64
63
58
66
77
60
55
60
57
66
68
43
54
77
57
56
67
54
59
66
70
61
55
48
47
57
50
52
54
52
41
43
51
51
50
67
59
58
50
57
60
56
57
65
58
58
63
67
56
65
62
64
81
57
81
75
66
83
81
79
81
75
66
79
76
69
62
47
70
60
55
57
57
58
49
53
47
46
52
49
42
39
34
41
40
41
39
36
42
50
46
44
38
57
46
43
40
46
47
38
41
30
34
47
37
52
34
41
48
32
46
53
40
46
33
38
38
23
41
38
43
41
29
29
27
31
34
27
32
31
37
38
37
22
38
18
40
44
35
28
28
46
36
37
36
35
38
28
34
26
38
26
25
30
21
34
42
34
29
32
24
30
35
19
35
30
34
37
36
22
30
32
36
25
27
25
26
30
32
34
33
33
27
32
29
32
36
31
36
37
30
22
27
29
29
28
25
23
29
33
34
26
16
25
24
24
34
27
27
33
27
18
27
33
22
25
33
23
26
29
32
21
29
21
31
21
24
19
17
20
26
25
26
23
29
25
25
27
21
28
21
21
28
21
18
21
28
24
32
23
25
22
23
27
13
22
22
23
28
35
11
22
24
33
28
15
22
21
25
21
19
29
16
28
22
22
25
17
19
19
25
18
25
16
24
21
26
23
16
31
21
27
26
15
20
20
14
25
21
14
17
23
11
14
17
21
20
20
24
26
18
28
25
17
21
23
22
22
21
22
18
18
22
15
12
15
16
16
19
20
23
21
17
21
23
24
23
22
22
18
26
18
23
15
15
23
17
15
16
17
21
23
18
20
25
23
24
25
13
9
17
22
14
28
18
22
15
18
24
19
15
22
17
21
18
16
17
14
20
18
15
15
22
16
13
21
16
18
10
14
14
12
21
21
16
13
19
12
11
21
14
16
18
15
11
21
18
18
11
15
12
15
13
12
11
18
10
16
23
14
22
11
17
12
17
16
16
20
16
11
13
9
11
11
17
3
22
16
19
15
17
15
11
16
21
10
15
16
8
14
15
11
12
10
7
21
12
11
20
5
18
15
10
15
16
21
17
19
14
12
7
11
16
10
13
10
12
9
13
12
16
5
13
16
10
17
13
13
14
17
11
10
10
11
12
8
7
9
11
12
15
16
12
8
13
6
8
6
11
13
9
18
13
13
10
9
8
9
9
12
14
12
15
11
8
10
12
9
12
11
9
12
12
8
12
8
15
10
10
12
12
5
10
10
10
13
9
7
8
19
9
10
11
15
8
14
8
11
13
10
13
8
7
5
18
9
8
5
11
6
11
7
6
11
9
7
8
5
10
10
9
14
13
6
6
19
8
9
11
8
9
9
6
7
10
8
12
8
8
7
3
10
12
9
8
8
6
9
9
8
6
9
10
8
13
7
10
13
10
7
13
10
8
7
6
4
8
5
12
4
4
8
11
12
12
5
6
10
9
9
9
5
6
8
12
8
6
6
7
6
4
9
9
11
6
6
4
9
5
7
6
11
7
9
10
6
9
5
10
7
12
9
9
4
10
6
3
8
5
8
7
5
14
5
8
4
6
3
11
8
9
7
9
8
9
6
12
8
9
4
4
10
7
9
4
6
10
6
11
5
6
5
11
5
10
7
6
7
4
9
5
8
11
6
9
9
10
11
5
2
3
6
11
7
5
11
6
9
5
7
7
7
6
5
2
5
4
6
8
6
2
6
3
5
2
6
3
1
8
6
3
6
8
8
3
5
7
4
2
6
8
3
5
8
8
8
5
6
6
7
5
7
3
8
5
4
2
2
3
5
4
5
7
3
6
6
5
5
2
7
3
3
6
5
8
3
1
3
6
4
5
1
3
6
3
6
5
4
2
7
2
4
5
8
4
6
3
8
4
6
4
4
5
1
4
4
7
3
1
7
3
4
5
5
3
3
6
8
5
5
8
6
3
3
4
1
4
0
2
4
4
3
4
6
8
1
2
5
3
4
6
2
4
3
2
5
2
9
3
1
6
4
3
3
4
2
2
11
2
3
2
3
1
2
8
6
4
2
2
2
5
4
3
4
4
4
5
2
3
4
3
7
4
2
2
5
4
1
3
1
3
1
5
1
2
5
1
4
4
5
3
4
3
3
5
5
6
7
1
0
1
3
0
0
4
2
1
3
4
4
4
3
1
5
6
1
1
2
2
2
0
3
2
1
2
2
3
6
5
3
3
6
3
4
1
3
0
1
2
4
2
5
1
2
3
0
5
3
2
4
4
8
3
3
2
5
1
2
2
1
2
2
2
0
2
4
3
5
2
3
3
6
1
2
2
1
6
5
3
3
3
4
1
1
4
1
5
2
4
3
2
3
3
2
1
1
1
1
4
4
5
2
1
1
0
4
1
0
0
4
1
0
2
3
2
5
1
4
0
2
1
0
2
3
4
3
3
4
3
2
5
2
0
1
7
2
3
4
3
0
3
1
2
1
2
3
1
4
2
4
2
0
1
3
4
2
3
2
1
2
1
1
3
0
3
1
3
2
1
0
3
5
2
1
3
5
2
1
2
1
1
0
1
1
1
1
4
1
4
2
2
1
3
1
1
2
4
3
2
2
1
1
1
4
1
5
2
1
0
1
0
2
1
3
0
2
1
1
2
5
2
0
2
0
3
1
2
3
2
1
1
2
1
3
2
1
1
1
0
1
5
0
3
0
1
0
0
1
1
1
0
1
0
0
2
1
2
0
1
2
0
3
2
0
2
1
1
1
1
0
2
2
0
2
3
0
2
0
3
1
0
0
1
2
0
0
0
1
0
3
1
1
1
1
3
0
1
1
2
0
0
0
0
1
1
2
1
2
1
0
1
0
0
1
3
1
1
0
3
1
1
0
3
0
1
0
1
1
0
0
0
2
0
0
0
1
2
2
0
1
3
1
1
2
0
0
0
0
1
2
2
1
0
1
1
0
0
2
0
0
2
1
0
2
0
0
1
2
3
0
2
0
0
2
0
0
1
0
1
0
2
4
0
0
0
0
1
1
0
1
2
1
0
0
0
1
0
1
1
1
0
1
0
2
2
1
2
0
0
0
2
0
0
1
1
0
0
0
1
0
1
1
0
0
2
2
1
0
3
0
0
1
2
0
2
1
0
1
0
0
1
1
0
0
0
1
1
1
2
0
0
3
1
1
4
2
0
1
3
0
1
1
0
1
3
1
0
0
0
2
1
1
1
0
1
1
1
0
1
2
0
0
0
0
2
1
1
2
2
1
0
1
0
0
0
0
0
1
1
0
1
0
0
0
0
1
0
0
0
0
2
0
1
2
0
0
1
0
0
1
0
0
1
0
0
0
0
0
2
1
0
1
1
0
0
1
0
1
0
0
1
1
2
1
1
1
1
0
1
0
1
0
0
0
1
0
0
0
0
0
0
1
1
0
1
0
0
1
3
1
0
0
0
0
1
1
0
1
0
2
0
0
0
1
0
2
0
0
0
0
1
1
0
0
0
0
0
0
0
1
1
0
2
0
1
1
0
0
0
0
1
3
0
1
0
2
1
0
0
0
0
0
0
0
0
1
0
0
0
1
1
1
2
1
0
1
0
0
0
3
1
0
0
1
1
0
0
0
1
0
0
1
0
0
1
0
0
1
0
0
0
0
2
0
0
1
1
1
0
0
0
1
0
0
0
0
0
0
0
0
0
0
0
1
0
0
0
0
0
1
0
0
2
0
0
0
0
0
0
0
0
0
0
0
0
0
0
1
1
1
0
0
0
0
0
0
0
0
0
1
1
0
0
0
0
0
2
0
0
0
0
0
0
0
0
0
0
2
0
0
0
1
1
0
0
1
0
0
0
1
0
0
1
0
0
1
1
0
1
1
0
0
1
0
0
0
0
0
0
1
0
0
1
1
0
0
0
1
0
0
0
1
0
0
1
0
1
1
0
0
1
1
0
0
0
0
0
0
1
0
0
0
1
0
1
0
0
0
0
1
1
0
0
0
1
0
0
0
1
0
0
0
1
0
0
0
0
0
0
0
0
0
0
0
0
1
0
0
0
0
0
0
0
0
0
0
1
0
