0
0
0
0
0
0
0
0
0
0
0
0
0
0
0
0
0
0
0
0
0
0
0
0
0
0
0
0
0
0
0
0
0
0
0
0
0
0
0
0
0
0
0
0
0
0
0
0
0
0
0
0
0
0
0
0
0
0
0
0
0
0
0
0
0
0
0
0
2
0
1
2
1
2
4
4
3
4
6
5
6
7
10
41
131
371
926
2165
4915
9586
17068
27549
41199
54505
65779
72333
73348
66672
55169
41322
28279
17366
9900
5129
2333
1027
396
176
43
25
8
6
0
4
1
0
2
2
1
1
0
1
0
0
0
1
0
0
0
0
0
11
67
54
49
54
64
52
53
58
45
50
53
56
54
39
45
53
57
38
35
64
41
48
50
43
33
48
58
39
47
49
44
34
40
36
32
34
49
50
53
37
39
44
43
40
40
37
33
36
43
37
46
29
42
44
32
49
55
46
48
43
38
43
47
53
49
41
67
42
60
72
66
95
80
114
109
115
105
114
96
81
80
65
54
61
47
58
49
64
28
64
45
42
49
44
52
38
50
44
62
60
53
54
51
59
71
67
63
62
93
102
90
112
131
122
104
141
135
144
154
152
171
209
211
240
327
435
707
1210
2018
3233
5366
7891
11322
15481
20059
24388
28105
31654
32604
32035
29684
26525
22370
17923
13717
10149
7326
5291
3681
2653
1869
1449
1058
745
557
411
284
245
204
255
285
363
420
449
531
579
545
538
463
431
333
257
218
182
136
101
67
67
60
48
41
49
37
23
18
17
15
21
9
15
12
13
6
8
7
8
6
7
11
8
10
8
9
9
8
9
9
14
8
9
11
10
16
8
7
12
9
5
16
8
9
13
13
12
12
12
16
17
20
18
24
25
19
24
32
32
17
23
21
15
17
19
13
19
14
9
13
28
18
22
15
16
19
23
14
12
29
20
28
21
26
10
18
14
13
10
13
11
9
11
7
7
9
8
9
9
6
5
9
7
5
5
10
3
9
5
4
6
13
6
6
9
8
6
9
7
3
8
12
5
10
4
11
13
12
16
24
23
19
24
27
35
33
22
30
28
21
14
12
13
10
17
15
10
9
8
10
11
10
14
8
6
14
20
7
8
12
11
14
4
6
6
9
2
5
5
6
5
7
6
9
7
6
6
2
3
6
2
7
10
6
8
10
4
7
8
1
10
10
7
3
10
4
8
5
6
6
4
3
9
4
5
3
2
8
8
6
4
11
8
4
8
8
4
8
9
8
8
3
3
5
9
4
6
5
3
5
2
6
7
7
6
6
8
6
2
6
6
7
4
3
5
9
8
8
5
6
6
6
9
6
6
3
7
5
4
8
7
8
5
6
8
6
8
4
6
3
5
6
4
11
3
10
8
3
10
5
9
3
6
10
14
10
9
10
11
11
9
8
4
10
9
13
15
10
9
16
12
5
6
4
9
14
9
6
13
9
8
11
8
5
5
11
12
12
11
8
9
12
13
9
8
6
12
16
6
14
6
8
10
13
8
12
7
13
11
10
8
13
10
17
17
13
12
12
13
15
12
13
17
10
12
15
15
20
22
18
13
7
15
14
14
13
21
13
22
14
20
12
16
13
16
11
15
19
17
21
22
18
21
13
11
19
18
11
21
17
17
16
16
15
13
18
18
15
16
19
21
19
10
14
11
14
15
21
18
14
18
18
16
17
21
24
16
12
27
19
25
21
26
16
28
26
24
24
17
23
28
20
25
26
28
35
21
26
24
31
30
25
25
32
31
38
34
26
34
31
31
27
25
30
36
30
32
33
28
32
33
35
34
25
30
38
42
24
34
40
32
37
45
36
39
43
42
36
39
33
36
39
53
41
37
47
40
48
49
54
45
46
47
50
51
44
53
47
52
55
53
53
73
65
52
52
53
63
55
51
58
63
65
72
64
67
74
66
72
61
81
79
71
75
76
69
68
70
74
90
95
97
70
79
103
95
74
83
95
102
90
94
71
80
73
105
73
73
86
71
77
80
63
71
92
65
65
70
56
66
75
79
70
90
60
70
69
81
81
86
63
71
71
76
74
83
74
86
71
82
65
75
63
70
64
79
67
64
59
73
60
79
70
65
53
74
73
61
66
66
69
67
65
69
82
67
82
79
79
78
81
73
54
71
71
75
81
58
77
60
69
76
86
70
61
65
50
68
78
84
78
68
74
74
67
67
93
70
60
78
69
77
84
65
74
74
53
55
68
66
68
102
71
74
57
71
59
78
83
63
86
70
76
71
87
69
74
84
81
97
80
69
70
71
68
84
78
80
76
82
67
75
64
88
72
93
93
96
102
117
86
95
107
137
160
139
228
262
277
357
399
469
524
574
696
755
839
885
927
999
1017
1039
975
1053
1022
918
879
799
759
658
582
471
391
314
290
246
252
189
143
139
123
102
102
115
109
103
89
114
84
100
100
94
95
85
87
99
88
102
104
87
101
96
93
78
93
126
101
95
102
100
95
95
91
86
114
95
109
107
96
87
114
113
91
82
102
122
98
96
118
105
112
88
117
99
116
111
103
96
103
114
120
119
130
127
106
134
101
112
132
143
161
140
154
154
147
177
204
209
218
255
246
231
273
268
249
240
241
209
235
233
196
210
222
156
159
149
180
179
147
142
130
158
143
138
147
149
149
150
132
133
167
164
138
173
150
146
158
148
160
177
187
165
178
165
165
184
194
190
216
191
216
196
189
215
198
240
208
226
236
240
202
223
224
250
240
257
220
237
222
249
240
210
235
237
234
250
246
229
246
227
233
230
208
240
244
240
247
244
244
235
228
258
232
219
212
220
222
197
221
199
203
197
227
202
227
220
234
230
203
248
239
223
200
235
232
271
239
256
216
261
253
213
219
219
215
232
233
233
215
214
239
228
222
223
212
209
232
198
222
220
200
198
233
202
203
214
192
201
184
195
216
208
186
191
200
196
189
208
209
227
221
159
213
200
215
201
186
189
180
175
186
197
189
171
203
153
179
197
167
191
183
185
183
196
185
184
180
188
201
175
204
162
204
155
174
214
201
184
205
197
195
175
184
169
174
173
223
198
214
224
182
205
191
215
187
189
198
193
199
210
191
196
181
208
206
205
212
199
189
219
195
229
194
191
191
216
190
206
188
198
193
214
202
220
202
216
208
231
217
237
179
231
204
238
213
201
215
238
194
226
227
220
231
208
208
217
225
214
211
214
216
235
211
233
220
221
225
207
230
253
226
231
238
233
225
253
226
241
216
248
231
214
258
236
255
211
216
216
248
207
231
248
240
197
208
226
224
234
235
220
236
243
222
267
234
221
224
239
252
241
248
250
228
226
235
240
234
210
207
221
243
226
248
227
237
226
232
222
253
241
233
245
249
254
198
224
250
225
246
236
244
256
245
235
238
231
243
249
239
242
216
240
248
261
240
229
262
251
237
251
233
250
259
235
257
222
267
249
264
252
242
264
227
241
250
246
247
260
246
258
262
261
256
259
255
239
242
261
226
218
222
249
241
242
260
254
252
261
245
300
249
263
272
252
263
254
240
235
246
226
279
234
260
269
234
314
254
274
250
246
265
284
260
269
273
241
309
257
260
261
238
256
269
277
256
258
276
284
278
268
283
291
293
301
282
300
292
306
278
261
283
275
301
298
275
289
292
284
299
254
299
267
284
264
254
285
296
269
275
282
274
291
291
277
280
261
263
293
307
299
297
284
294
285
263
251
265
279
292
264
238
295
275
236
284
262
285
263
267
269
265
305
273
257
247
252
268
301
296
281
295
269
254
267
280
254
280
245
284
236
263
265
275
276
265
292
247
236
258
249
250
241
244
252
284
232
251
262
258
253
242
228
238
246
270
257
249
245
240
246
240
237
259
249
259
260
259
215
282
225
280
243
265
219
243
221
229
259
260
239
287
203
238
252
228
247
223
233
279
247
260
245
226
259
250
238
264
248
284
262
244
246
245
253
253
250
270
269
246
223
273
233
268
243
224
261
266
229
236
228
251
207
254
248
253
236
250
272
241
249
253
238
280
236
250
235
267
230
270
253
226
263
232
231
221
250
245
229
263
256
238
251
271
225
259
260
258
262
239
257
251
230
278
239
237
252
217
239
226
259
264
245
254
258
202
261
255
270
232
250
252
233
262
239
247
240
262
243
261
247
265
262
253
226
261
230
255
234
222
244
236
285
263
254
215
263
241
240
245
263
243
248
239
259
258
279
235
235
247
243
245
222
242
251
232
248
251
236
257
235
253
238
257
234
244
273
263
234
265
264
260
256
279
242
252
284
280
248
265
257
259
267
291
266
253
256
311
263
257
274
273
275
277
278
286
260
253
295
278
274
317
300
308
282
341
310
301
313
296
351
307
336
343
312
335
326
310
350
367
307
330
350
329
379
358
340
326
359
361
369
400
357
414
357
391
372
432
432
387
421
460
425
402
450
440
461
485
506
489
503
545
498
531
556
544
590
632
637
607
648
656
646
708
714
755
745
848
824
878
870
899
920
929
980
1064
1032
1028
1019
1161
1063
1200
1219
1266
1233
1214
1246
1301
1300
1370
1330
1394
1423
1463
1397
1397
1371
1463
1372
1423
1429
1424
1468
1368
1394
1388
1363
1291
1303
1317
1263
1311
1230
1200
1223
1181
1149
1137
1124
988
970
1010
922
948
878
869
876
910
785
787
793
714
702
687
679
619
617
567
558
521
541
500
476
484
479
450
457
415
429
405
389
402
394
363
363
371
353
332
341
349
338
344
292
285
328
304
293
274
310
281
272
273
286
242
240
283
255
264
229
230
232
246
233
253
229
224
227
228
217
222
237
224
243
222
196
224
225
211
209
258
219
246
236
235
293
278
308
282
304
330
349
364
394
368
335
397
400
409
423
446
438
424
409
462
441
450
444
434
407
441
454
420
398
398
369
341
341
307
297
282
284
251
221
226
225
201
205
203
182
182
173
173
129
155
166
152
162
143
141
155
143
145
170
154
161
141
138
159
147
156
156
155
148
144
175
172
178
161
174
162
160
163
172
139
175
193
192
174
168
169
187
207
223
211
200
189
217
220
231
215
220
240
243
216
207
231
253
246
243
220
232
243
247
232
253
223
268
253
280
254
222
256
236
252
241
262
236
240
236
242
239
232
236
228
240
219
229
220
206
215
210
221
203
205
198
190
196
208
185
197
203
201
194
190
179
159
165
165
179
147
153
150
160
139
135
136
136
130
141
123
138
140
137
112
128
110
108
103
117
132
114
109
104
91
88
97
103
96
84
94
81
89
66
79
82
92
83
91
68
88
76
67
82
85
75
66
62
63
70
72
73
75
71
79
75
69
79
65
57
67
72
69
70
77
74
56
62
56
59
63
56
56
61
44
70
69
64
59
53
65
58
54
54
55
62
57
54
53
67
41
54
47
45
56
50
49
59
58
44
69
46
47
62
57
63
66
54
59
59
75
66
70
61
68
62
71
81
73
84
60
96
76
68
87
72
64
71
62
62
67
73
60
56
50
61
74
44
46
46
51
47
36
41
40
46
38
47
35
40
55
49
41
40
52
40
33
49
44
42
43
42
52
23
41
51
35
34
39
45
43
30
46
46
53
45
40
39
44
27
29
45
42
36
31
25
46
48
33
35
45
42
29
35
32
37
31
45
34
34
39
32
38
40
33
27
41
37
36
25
41
30
35
31
27
33
31
29
28
22
28
29
29
36
38
39
34
34
29
20
33
26
23
35
32
24
21
31
15
24
34
18
37
30
29
20
31
38
37
27
17
22
31
33
32
28
15
28
30
32
35
26
31
37
29
23
34
29
17
32
36
21
30
20
21
18
33
24
35
24
30
28
28
23
36
27
16
22
27
17
34
25
24
22
31
26
26
29
21
26
34
27
25
32
32
25
14
23
35
29
28
17
26
18
26
22
18
30
18
17
25
24
22
19
23
25
21
21
24
27
21
24
30
24
25
21
29
20
23
23
24
23
21
24
16
24
27
23
28
20
24
12
26
29
24
17
25
15
30
18
18
20
18
21
15
29
27
22
22
21
18
24
24
25
22
19
21
21
21
22
21
23
24
17
14
16
16
19
28
22
9
18
22
28
22
17
13
30
16
13
19
13
21
23
20
23
19
15
21
30
19
22
22
16
19
21
19
27
14
20
18
18
19
15
14
21
14
17
20
21
14
15
16
23
19
24
16
26
15
13
20
16
15
18
15
16
12
16
16
20
12
18
21
17
17
14
15
15
16
17
14
21
20
19
14
16
13
11
24
15
22
9
17
12
12
13
16
20
12
12
15
11
16
14
19
15
7
19
17
14
15
7
15
15
16
11
10
15
12
13
20
8
16
9
16
17
13
12
13
9
16
9
15
14
18
14
13
12
13
15
8
10
16
10
10
17
15
16
18
15
14
17
18
15
17
13
17
11
15
15
11
20
14
9
10
13
18
9
11
10
3
15
11
11
15
20
10
9
6
12
9
9
9
12
8
11
24
7
8
9
14
17
15
10
11
7
13
16
13
10
10
20
10
9
15
11
5
12
14
10
9
13
7
14
6
8
10
9
14
7
8
17
8
14
6
7
8
11
14
12
10
7
16
7
6
7
12
14
20
13
9
13
11
8
17
4
11
9
10
8
6
8
11
7
4
8
11
8
11
10
3
8
6
11
8
10
9
8
5
7
7
8
10
12
11
5
8
6
13
5
9
5
13
12
13
10
16
11
11
7
12
8
15
8
10
11
3
11
15
13
12
11
10
8
18
8
14
12
11
11
9
7
8
6
4
9
11
15
11
10
10
13
11
5
9
9
11
8
12
7
5
9
10
5
12
11
7
5
4
11
9
10
10
9
11
9
7
10
7
3
6
12
5
10
5
5
9
11
7
6
8
11
5
6
11
5
7
5
6
3
7
13
7
4
6
5
9
4
5
11
15
7
7
5
9
7
6
6
6
10
5
9
7
7
4
5
3
5
3
6
13
3
4
9
9
2
9
2
9
7
8
3
10
6
5
8
5
3
6
8
5
6
6
7
10
5
7
3
10
5
6
6
6
9
2
6
6
2
8
4
5
0
6
6
3
8
8
9
6
6
7
7
4
5
1
7
4
4
4
6
3
7
2
5
6
6
8
5
4
8
4
10
5
9
1
5
7
3
2
6
6
7
9
1
2
5
6
3
6
4
5
7
4
6
4
4
3
5
4
4
5
1
5
6
5
5
7
3
7
2
7
8
4
6
5
1
2
4
6
6
7
5
4
2
4
2
9
5
2
5
2
5
5
8
4
4
3
4
6
4
1
4
2
5
3
3
6
6
2
6
2
4
5
3
2
2
3
2
5
1
4
6
4
6
1
1
3
9
2
3
5
4
2
5
6
3
0
4
6
2
6
5
5
2
5
2
5
5
3
3
2
3
4
3
2
4
4
3
4
0
0
3
5
7
2
3
3
2
2
3
2
4
4
1
1
8
3
2
3
3
2
2
5
4
1
1
4
4
4
4
8
1
4
3
5
3
0
3
2
4
5
5
6
1
3
6
4
4
3
2
3
5
4
2
1
4
3
1
2
3
0
5
1
1
2
4
3
3
0
3
4
4
2
6
0
0
3
2
5
3
4
6
3
5
5
4
4
3
2
3
6
1
7
3
1
4
3
2
2
2
1
4
2
1
2
2
2
1
1
5
3
6
0
1
1
0
2
4
2
5
2
1
0
2
4
1
1
2
3
1
5
5
6
1
3
2
3
1
3
2
0
5
5
2
1
4
1
4
0
2
2
1
2
3
0
3
0
3
2
1
1
3
3
0
2
4
2
2
1
2
1
1
3
0
2
1
2
4
4
0
1
3
2
3
0
1
1
1
2
1
3
2
0
4
2
3
5
1
1
3
2
6
2
2
2
2
0
1
1
0
2
4
1
3
1
0
0
4
3
0
1
2
0
2
1
2
4
3
3
2
2
2
3
0
2
3
2
1
3
0
3
0
2
0
0
1
2
0
3
1
3
3
2
0
1
1
0
0
2
0
0
2
0
3
2
0
4
2
1
0
3
1
1
4
1
1
1
1
1
3
4
2
0
0
0
3
1
1
1
1
2
1
0
0
1
2
1
1
2
0
1
1
2
0
0
0
2
0
1
0
1
0
0
1
1
0
2
0
4
1
0
0
1
2
1
1
0
0
0
2
2
0
0
5
2
2
3
1
0
1
2
2
0
1
0
0
1
0
0
1
0
1
1
1
2
1
1
0
0
0
2
2
2
0
0
3
1
0
1
1
1
4
1
3
0
0
2
1
2
1
0
0
1
1
1
1
2
0
0
0
1
1
2
1
0
1
0
1
4
0
0
0
3
2
0
1
0
1
1
0
1
1
2
0
2
1
0
0
0
0
1
2
1
0
4
2
2
1
1
0
5
2
0
2
0
0
0
0
0
1
1
1
0
1
2
0
0
4
0
0
0
3
0
2
1
0
0
0
1
3
1
3
0
0
1
2
0
2
0
1
1
0
0
2
0
0
0
1
0
1
1
0
1
0
1
2
2
0
0
0
0
0
2
0
0
2
0
1
1
0
1
0
0
0
0
1
0
0
0
3
1
2
0
1
1
2
0
1
4
0
0
0
0
0
0
0
2
0
0
1
1
0
0
0
0
0
1
0
0
0
2
0
0
0
2
0
0
0
0
0
1
1
1
0
1
0
0
0
1
0
0
0
1
2
1
0
0
0
1
1
0
0
0
0
1
1
1
0
0
0
1
0
1
1
0
3
0
0
0
0
1
1
0
0
0
0
1
1
0
2
2
1
1
0
1
0
1
0
0
0
2
1
1
0
0
0
2
0
1
0
0
0
0
1
1
1
0
2
0
0
0
0
1
1
0
1
1
1
1
0
2
0
0
0
1
0
0
1
0
0
0
0
1
1
0
0
1
0
0
1
0
2
1
1
1
0
0
1
0
1
0
1
0
0
1
0
0
0
0
2
0
1
0
1
0
0
0
0
1
2
0
0
1
0
0
1
0
0
0
0
1
1
1
1
1
1
1
0
0
0
0
1
1
0
0
0
1
2
0
0
0
1
0
1
1
2
0
1
0
0
0
0
0
0
0
0
0
0
0
1
0
0
0
0
0
1
1
1
0
1
0
0
0
0
0
1
0
1
0
0
0
0
0
1
0
0
0
0
1
1
0
0
0
0
0
1
0
1
0
0
0
0
0
0
0
1
0
1
0
0
0
0
0
1
0
2
0
0
0
0
0
1
0
1
0
0
0
1
1
0
0
0
1
0
1
1
0
0
0
0
0
0
1
0
1
0
0
0
0
1
0
1
0
0
0
0
0
0
0
0
2
0
0
0
0
1
1
1
0
0
0
1
0
0
0
0
0
0
0
0
0
1
0
0
1
0
0
0
0
