0
0
0
0
0
0
0
0
0
0
0
0
0
0
0
0
0
0
0
0
0
0
0
0
0
0
0
0
0
0
0
0
0
0
0
0
0
0
0
0
0
0
0
0
0
0
0
0
0
0
0
0
0
0
0
0
0
0
0
0
0
0
0
0
1
0
0
0
1
2
2
1
0
3
3
4
3
1
3
3
2
1
20
42
134
371
872
2220
4799
9583
17323
27936
40704
54306
66176
72801
73110
66675
55062
41173
28013
17422
9904
5020
2286
1008
384
154
57
11
10
1
1
0
3
0
3
0
3
2
0
0
1
1
1
0
0
0
0
0
0
12
59
51
47
48
62
54
50
53
47
60
48
50
43
47
52
50
44
53
41
57
39
48
55
45
43
46
53
53
35
50
44
30
61
46
37
43
39
42
42
48
46
43
38
46
41
43
45
42
55
55
42
33
43
53
47
35
41
46
40
37
38
51
55
39
44
45
36
64
53
67
79
88
102
97
117
96
115
85
89
91
77
83
58
62
51
61
54
36
55
39
50
36
56
48
50
55
53
49
50
58
44
45
64
71
68
70
71
90
79
92
105
99
96
121
125
148
159
146
157
173
191
169
205
233
320
479
726
1187
1985
3345
5201
8089
11498
15481
20012
24399
28217
31048
32280
31863
29921
26654
21874
17931
13726
10234
7413
5408
3713
2591
1842
1437
995
730
525
363
294
241
235
256
306
354
401
482
528
521
532
562
452
420
337
283
203
158
114
77
78
65
51
41
49
30
33
19
21
21
19
16
6
9
6
10
15
3
20
4
6
7
10
13
6
7
12
7
4
10
11
8
11
6
6
5
8
8
10
10
9
10
10
14
4
7
14
10
12
9
14
13
17
15
15
23
20
18
24
30
23
19
20
21
33
6
16
19
15
16
20
27
24
20
19
21
15
16
19
19
17
22
16
18
18
20
24
13
17
21
14
14
14
13
6
9
8
8
11
5
4
4
5
6
3
9
4
7
10
9
5
5
3
6
5
3
5
13
6
7
4
9
13
6
9
6
13
9
16
17
16
31
24
24
22
27
31
23
20
22
20
18
16
14
12
15
14
6
9
12
15
8
10
13
13
9
7
16
12
12
16
7
8
5
4
4
10
12
11
4
7
4
9
6
6
4
6
8
7
7
6
2
3
5
10
7
5
7
4
7
4
6
8
5
5
7
12
7
7
2
5
3
2
5
6
6
7
7
2
8
6
3
4
7
4
8
7
5
6
1
6
4
4
3
7
7
5
8
7
4
6
7
1
7
4
7
6
4
5
10
6
9
6
3
4
9
8
4
7
9
7
8
7
12
10
14
13
9
3
7
11
8
11
12
5
5
8
2
15
9
7
5
12
5
9
13
8
13
12
6
9
9
5
8
9
5
9
6
8
10
13
6
8
11
6
8
7
8
9
11
8
10
9
5
5
2
8
3
9
10
12
13
16
9
10
8
11
18
14
1
7
6
6
9
15
19
15
12
9
11
10
10
11
7
16
2
10
10
8
16
10
16
10
14
14
10
15
16
8
20
9
16
15
9
15
12
12
15
14
14
11
15
10
10
15
19
18
15
14
17
19
15
15
19
18
15
16
19
14
7
15
17
11
17
12
11
23
17
23
20
19
22
17
12
18
18
14
19
20
18
17
14
20
24
12
8
26
12
20
13
20
22
18
20
17
22
14
18
17
22
23
19
21
22
20
21
29
27
26
25
21
26
24
21
29
31
25
37
20
34
28
25
34
24
25
24
31
26
33
28
34
22
29
36
27
34
20
25
31
27
29
39
23
35
36
28
32
31
30
23
30
37
39
36
37
45
40
46
44
43
52
52
37
34
50
36
49
35
52
33
36
40
43
54
55
42
58
39
57
71
54
58
59
57
75
68
52
54
69
64
82
53
65
53
58
69
59
65
75
60
84
72
58
81
79
81
77
81
87
74
88
80
94
97
82
101
105
97
96
86
81
82
87
91
81
86
79
76
73
74
72
100
58
73
79
76
57
90
77
67
78
83
85
85
101
91
76
71
75
87
82
64
69
86
74
74
79
72
63
68
81
87
67
59
75
74
85
64
74
68
63
68
69
68
78
78
65
68
75
80
63
68
88
77
63
79
76
65
76
78
62
74
72
63
60
61
60
76
69
73
59
67
66
70
65
69
70
68
67
82
62
75
64
68
70
62
64
65
65
55
62
58
64
70
88
71
61
69
79
64
86
81
68
78
74
65
71
77
66
62
70
73
82
71
77
80
72
73
84
79
65
83
72
69
82
80
67
81
78
86
81
95
71
82
70
74
90
94
77
89
116
95
105
117
133
132
159
187
241
268
337
369
449
492
597
660
779
852
870
963
946
1014
1040
1054
1048
1025
912
874
752
715
610
588
464
410
372
275
274
211
200
172
134
123
103
86
117
87
98
88
95
99
100
104
100
99
89
91
102
92
75
83
96
107
97
98
92
115
100
104
90
88
109
100
98
117
90
109
99
85
98
97
87
96
101
114
99
90
118
94
98
117
113
115
96
102
83
106
108
108
138
110
105
113
108
112
120
121
127
145
114
133
130
146
146
171
150
183
178
200
206
214
217
235
272
239
259
213
240
250
245
208
217
214
202
196
159
195
177
164
161
147
174
154
160
135
145
144
158
128
141
158
136
157
148
140
179
149
166
137
169
147
169
180
176
198
195
202
195
173
167
211
218
215
216
221
199
214
212
229
229
211
244
222
236
248
263
213
227
224
229
229
244
230
241
214
246
260
218
283
231
264
228
263
213
257
244
214
225
227
209
216
256
217
229
228
221
232
249
225
204
194
224
226
231
237
245
206
211
233
212
218
234
225
232
218
218
205
232
239
229
213
223
251
227
214
237
243
226
200
230
225
223
242
212
234
241
243
219
219
221
225
208
225
223
222
199
196
190
224
202
202
197
198
201
201
196
188
192
185
190
201
206
209
213
196
195
189
190
197
180
196
211
204
196
206
183
196
190
200
183
190
180
204
195
211
186
177
201
201
168
177
190
185
194
175
206
195
177
205
196
186
208
200
196
190
199
185
184
196
189
226
219
182
190
179
190
198
184
193
202
227
222
229
170
206
201
215
221
199
211
210
202
216
194
211
203
221
173
215
217
206
215
191
211
229
221
211
220
221
216
212
216
204
210
228
205
214
234
232
189
206
206
209
238
227
255
236
216
233
240
238
260
223
262
224
234
236
247
219
211
231
240
249
204
238
234
253
232
235
225
217
235
247
220
199
248
261
226
227
207
222
236
240
248
233
247
238
234
228
192
210
226
234
230
232
212
225
225
225
254
219
245
234
213
215
241
210
216
225
236
225
252
213
200
205
229
211
225
236
248
228
230
221
239
261
263
236
226
256
240
230
270
253
221
242
240
227
220
268
255
240
246
229
247
261
225
242
245
235
218
244
243
238
255
254
238
242
237
270
245
240
239
248
246
230
230
247
236
254
221
282
264
249
276
229
260
271
272
253
272
257
253
265
257
248
245
253
276
236
245
272
307
256
276
317
261
295
268
262
282
256
289
296
270
274
270
278
269
252
275
276
241
273
298
276
278
284
264
293
274
267
283
291
273
292
289
263
269
262
291
300
291
308
283
274
298
263
258
274
277
276
258
273
267
267
301
275
310
276
276
278
296
313
294
305
296
288
252
308
291
282
250
280
296
266
289
270
312
322
254
279
305
284
276
308
287
257
303
254
307
284
305
264
288
277
293
287
288
260
274
283
274
292
240
269
295
261
276
260
262
245
256
261
278
265
283
270
272
266
264
266
255
263
267
263
243
300
222
260
266
278
278
264
259
273
245
246
261
246
245
257
249
255
281
252
278
247
257
247
257
258
256
246
258
242
230
256
245
258
222
230
260
237
243
272
266
264
255
236
280
243
237
252
245
242
234
274
240
215
256
290
264
252
258
264
261
242
249
247
259
244
269
230
227
271
271
234
279
266
249
225
253
265
246
244
257
262
231
267
230
283
229
239
270
245
244
252
244
238
234
234
248
285
245
253
250
257
235
211
235
273
260
262
245
249
245
247
232
252
241
235
226
237
266
231
240
236
248
243
232
284
248
242
250
278
265
237
230
244
252
240
244
258
237
244
255
235
239
238
196
258
234
240
249
251
235
257
240
219
254
231
241
269
256
230
233
238
246
274
257
257
240
237
232
251
252
231
273
248
243
248
252
268
249
271
191
250
225
232
240
219
217
284
246
237
270
274
250
270
292
278
246
252
236
250
261
227
240
252
263
263
231
273
233
277
254
264
259
252
263
284
260
279
245
276
282
286
279
308
289
310
297
312
326
321
290
281
314
291
331
270
297
291
311
302
343
297
301
318
314
285
308
318
329
334
337
327
343
318
372
314
366
377
355
359
349
355
361
367
348
380
389
356
427
365
359
384
398
397
414
377
427
416
455
437
425
443
445
450
528
481
538
468
524
530
572
545
610
636
666
656
647
670
659
660
696
747
755
814
788
828
869
884
901
969
994
1004
997
1057
1057
1150
1179
1204
1220
1159
1225
1299
1256
1337
1344
1332
1393
1301
1324
1349
1476
1410
1450
1445
1462
1435
1432
1468
1407
1364
1399
1366
1360
1335
1347
1334
1242
1298
1288
1242
1227
1127
1189
1153
1089
1037
997
1018
993
992
871
872
860
804
816
781
830
728
691
679
643
662
609
594
626
582
505
497
536
472
452
476
444
434
460
416
404
377
385
338
384
352
363
338
341
327
306
318
296
311
303
300
290
290
278
274
302
272
263
279
267
208
274
274
247
265
242
253
241
227
263
232
223
240
216
220
218
240
242
236
214
220
224
233
223
224
252
247
244
234
291
266
308
321
343
336
284
360
333
389
359
370
398
411
421
456
436
444
476
456
470
417
440
439
456
426
390
421
410
421
389
337
370
338
314
299
278
276
236
246
220
209
198
201
177
188
160
158
186
160
148
115
171
156
138
147
146
172
173
142
160
158
143
132
147
138
157
170
170
156
149
162
157
166
161
165
184
181
190
202
166
180
160
198
208
200
196
167
190
184
238
210
195
221
231
221
204
215
201
243
214
228
257
231
235
226
279
232
261
237
246
236
261
284
280
244
253
239
234
247
254
287
238
231
238
242
233
246
253
226
270
216
226
244
241
234
214
219
214
184
193
187
214
194
212
176
187
203
168
161
168
158
137
162
129
144
161
143
144
141
131
123
148
121
118
112
132
112
118
104
112
118
110
112
117
95
95
109
95
99
120
103
91
105
86
90
83
93
89
78
89
78
69
81
81
81
88
89
68
86
98
77
70
68
93
71
75
64
79
61
73
83
65
50
62
71
69
71
51
64
76
63
67
67
71
55
74
52
59
61
54
63
67
59
61
63
60
52
60
64
45
69
53
64
57
60
53
64
49
45
55
62
55
61
61
53
52
75
68
63
67
62
63
73
75
66
65
74
66
73
77
66
81
71
80
80
78
72
87
76
89
82
88
83
60
58
70
71
66
53
65
51
38
43
50
58
46
39
58
41
42
43
40
43
41
42
39
34
58
35
33
37
44
43
32
53
54
39
53
47
38
33
47
48
48
39
47
33
43
34
35
36
39
37
33
23
42
41
31
26
32
37
40
38
33
30
32
35
43
33
34
30
42
34
30
25
30
34
41
40
32
31
28
33
27
28
33
32
25
30
33
26
28
38
34
25
33
36
29
33
25
35
34
24
26
35
32
17
30
25
28
23
29
31
31
36
29
33
35
32
36
23
20
25
27
30
36
17
25
28
37
32
22
27
29
19
27
29
30
17
29
21
31
27
30
36
34
34
18
29
30
26
24
27
23
27
31
19
27
33
26
38
32
20
18
31
32
19
23
30
23
18
27
26
25
22
21
23
23
23
24
18
24
18
31
22
19
22
28
26
29
26
19
23
20
19
25
26
18
23
33
22
26
22
26
23
24
18
28
25
16
23
19
25
21
24
25
26
25
20
29
21
19
24
26
23
27
25
16
14
20
28
24
20
21
18
21
21
25
13
16
18
23
20
19
31
24
12
19
27
25
21
17
17
19
10
31
25
23
34
24
18
16
16
22
14
16
34
11
23
23
21
11
14
15
22
19
14
20
12
16
14
20
27
15
16
23
18
18
12
21
21
20
14
26
15
15
14
16
15
11
15
24
16
15
21
15
18
16
28
21
18
14
11
26
13
21
15
16
18
28
19
16
18
22
11
20
18
25
10
15
20
11
21
15
11
13
15
18
11
13
16
12
20
24
11
9
18
15
13
8
19
18
12
16
17
14
13
14
22
14
18
13
15
14
23
12
18
15
19
18
17
11
12
15
19
14
10
9
9
14
19
16
21
15
18
20
19
12
8
11
8
13
14
16
12
18
11
15
7
13
18
16
11
12
10
9
12
11
9
13
15
10
17
14
12
8
8
18
20
19
17
10
18
13
9
11
16
9
14
20
9
20
12
15
13
18
11
9
12
15
11
6
11
17
20
12
11
9
6
11
9
12
12
12
14
13
12
13
9
11
5
8
19
8
11
9
8
12
5
10
8
13
6
7
11
12
11
14
11
10
6
14
14
15
2
9
8
9
10
7
9
12
12
13
14
7
11
13
6
15
11
9
8
5
11
12
6
11
13
8
14
6
7
6
6
17
15
12
20
9
12
5
10
10
9
6
9
12
11
9
10
11
14
10
10
10
7
10
6
7
12
6
8
12
7
5
8
4
10
7
12
10
8
9
10
7
9
10
12
8
9
13
4
9
11
10
9
9
6
6
7
3
6
4
9
11
3
9
14
4
3
10
5
9
5
6
7
5
6
14
8
9
13
8
7
7
9
9
4
8
12
5
11
6
3
6
10
5
10
10
2
8
13
11
8
6
5
5
11
7
7
7
6
6
10
10
6
5
9
8
7
8
10
5
8
6
8
9
10
11
3
6
4
5
8
6
7
7
2
6
11
2
5
11
6
6
7
5
10
6
7
5
6
5
12
6
6
5
12
3
10
6
4
8
8
6
8
3
8
9
5
8
5
5
5
8
7
8
4
7
7
10
4
7
6
4
5
6
6
7
5
5
8
11
8
4
7
5
3
5
3
4
6
3
7
6
2
5
6
2
6
8
8
3
4
3
7
0
2
3
5
4
10
7
2
5
4
7
6
4
3
2
5
5
5
9
4
6
7
1
0
6
3
5
5
7
4
5
6
2
6
2
7
5
6
5
8
4
9
2
5
4
8
5
3
5
3
8
3
4
7
6
4
5
2
2
3
6
3
7
6
6
1
3
2
4
3
3
4
4
4
4
6
6
6
2
3
4
4
6
4
7
3
4
4
2
2
2
4
4
3
4
3
2
6
5
2
4
3
5
4
1
3
2
6
1
5
5
5
3
5
6
2
3
6
4
4
2
5
3
3
8
4
5
4
8
5
7
8
4
2
2
7
0
1
4
3
1
8
4
1
4
4
2
1
6
2
1
2
5
3
0
2
1
7
0
5
3
3
3
3
8
3
5
6
3
3
5
8
3
5
4
2
2
3
4
2
3
3
2
4
1
2
3
1
2
3
3
1
3
1
5
3
1
4
6
6
4
3
2
5
4
2
2
4
0
3
7
3
4
6
2
4
3
2
3
4
3
4
1
3
4
3
3
2
2
2
1
2
2
2
1
3
0
3
3
2
3
3
4
3
1
0
3
2
3
4
4
3
2
3
2
3
2
2
7
2
2
0
3
5
5
4
3
2
4
3
2
3
0
0
2
4
2
4
2
3
2
0
4
1
0
1
0
0
1
1
2
4
2
1
1
2
2
5
1
2
2
0
4
2
3
3
5
4
1
1
0
3
1
1
0
2
3
1
0
3
1
0
0
2
0
2
3
3
2
2
3
2
2
4
3
2
0
0
2
2
3
3
4
4
2
0
3
2
3
0
1
3
2
1
2
0
0
2
2
2
1
2
3
2
4
1
0
3
4
1
2
3
2
2
1
1
2
0
2
0
2
2
3
1
1
0
3
1
0
1
0
4
1
3
1
1
1
1
2
0
2
0
1
4
3
0
1
1
1
0
2
0
1
1
2
1
0
1
1
3
2
3
1
0
3
3
0
0
0
1
2
0
0
1
0
0
1
1
2
0
2
2
2
0
2
2
0
0
2
1
4
2
1
0
0
3
0
2
3
0
2
0
0
0
2
0
0
2
0
1
1
1
2
3
1
1
0
0
2
0
1
1
3
0
2
2
1
1
1
1
0
2
1
0
1
2
0
2
0
2
1
1
3
0
0
1
1
1
1
1
2
1
1
0
1
0
1
2
1
3
0
1
1
1
1
0
1
1
1
0
0
1
0
0
1
2
0
0
1
0
1
3
3
0
1
0
2
0
3
1
0
1
0
1
2
2
0
0
1
1
3
0
1
1
3
0
0
2
0
1
0
1
1
0
1
0
2
2
2
2
1
2
0
0
0
0
2
2
0
1
2
0
0
0
0
0
0
3
0
0
0
0
0
0
1
0
1
0
0
0
1
0
0
1
0
1
0
2
1
1
2
1
0
0
0
1
0
0
0
1
0
1
2
0
1
0
0
3
0
0
0
2
0
1
1
1
1
0
0
0
0
1
0
0
0
1
4
1
1
0
2
0
2
1
1
0
0
0
0
1
1
1
0
0
0
1
1
0
0
0
0
0
1
1
1
0
0
0
1
1
1
1
1
0
0
0
1
0
1
0
0
1
0
0
2
0
1
1
0
1
1
0
0
1
0
0
4
0
0
2
1
3
0
0
1
4
0
0
1
0
2
0
0
0
0
0
1
2
0
0
0
1
2
2
2
0
0
0
0
0
1
0
1
0
0
0
0
0
0
1
0
0
0
1
0
2
2
1
0
0
1
0
1
1
0
0
3
1
0
0
0
0
0
1
0
0
1
0
0
1
1
1
0
0
0
1
1
0
1
1
1
1
0
1
0
1
0
0
0
0
1
0
0
0
1
0
0
0
2
1
0
0
1
0
0
1
0
0
0
1
1
0
0
0
0
0
1
0
0
1
0
0
0
0
0
0
0
0
0
0
0
0
0
0
0
0
0
0
1
0
0
1
0
2
0
1
0
1
0
0
0
1
0
1
0
1
0
0
0
0
0
0
0
1
0
0
1
1
0
2
0
0
0
1
1
0
0
0
0
0
0
0
0
0
0
0
0
0
0
0
0
0
0
0
1
0
0
0
0
0
0
0
1
0
0
1
0
1
0
1
0
0
0
0
0
0
0
0
1
1
0
1
1
1
0
0
0
1
0
0
0
0
0
0
0
1
0
0
0
0
0
1
0
0
0
0
1
1
0
0
0
0
0
0
0
0
0
0
0
0
1
0
1
0
0
0
0
0
0
1
0
0
0
0
1
0
