0
0
0
0
0
0
0
0
0
0
0
0
0
0
0
0
0
0
0
0
0
0
0
0
0
0
0
0
0
0
0
0
0
0
0
0
0
0
0
0
0
0
0
0
0
0
0
0
0
0
0
0
0
0
0
0
0
0
0
0
0
0
0
0
0
0
1
0
1
1
2
1
0
2
1
2
2
0
1
1
1
5
12
33
130
388
913
2335
4715
9348
17153
27499
40302
54585
66356
72909
73525
66741
55355
41266
28324
17400
9737
5048
2296
1002
377
133
35
18
3
2
0
2
0
0
1
0
1
2
1
3
0
1
0
0
0
1
0
0
0
2
75
76
54
39
59
55
56
52
50
47
51
50
45
52
53
44
51
49
52
46
49
39
47
46
40
44
31
40
40
47
39
35
51
43
61
45
48
49
47
45
53
50
37
44
49
54
49
35
36
38
48
35
39
44
54
58
38
45
43
44
45
55
53
57
50
47
55
50
60
71
85
106
97
96
98
111
99
105
95
83
69
72
67
59
45
54
58
53
42
62
56
57
45
46
65
55
52
45
51
47
62
70
24
67
69
73
73
74
81
109
90
111
109
126
107
139
141
153
174
175
197
234
276
299
433
558
914
1386
2146
3695
5631
8425
11650
16265
20951
25393
29401
32367
33647
33278
31082
27968
23295
18730
14358
10649
7674
5483
3857
2681
1948
1467
1092
776
626
451
332
296
262
274
307
368
415
527
522
548
577
530
510
409
332
260
217
151
107
93
77
69
55
47
47
34
35
24
22
20
16
17
16
18
9
11
7
6
10
5
9
4
7
14
8
8
7
7
13
19
7
11
12
9
7
9
7
9
7
7
8
4
5
9
10
7
12
13
15
11
12
16
19
20
19
30
31
30
26
24
19
25
30
16
18
15
19
16
14
18
25
30
26
15
19
25
29
14
22
24
23
27
21
32
14
18
21
25
15
15
13
6
5
11
8
5
5
9
5
11
5
7
6
6
5
9
7
10
7
7
6
5
4
7
7
9
6
6
7
6
3
6
5
10
9
9
9
7
15
15
24
15
24
24
21
29
34
22
27
26
32
16
14
17
14
9
10
12
14
12
9
10
8
6
13
12
14
16
13
9
12
15
14
7
6
7
5
8
2
8
6
8
9
7
3
5
9
6
7
8
5
5
11
4
5
6
3
11
6
8
8
5
6
4
6
5
4
11
6
5
7
5
7
6
8
6
5
4
6
7
4
8
5
2
6
3
4
6
2
6
7
4
7
8
4
10
3
5
10
8
6
8
7
8
9
6
5
8
10
10
5
5
4
2
7
5
8
4
9
6
11
9
2
12
9
6
7
10
6
10
11
5
9
14
7
3
5
6
11
13
4
8
4
6
6
7
9
6
7
12
14
6
9
6
7
6
13
7
11
10
5
10
7
7
7
11
11
11
4
8
8
10
7
10
7
12
5
8
11
10
12
12
10
13
5
12
7
10
9
12
13
18
12
8
11
17
9
9
18
8
6
20
10
13
14
14
10
5
5
12
17
13
18
12
18
22
13
11
17
19
14
14
12
14
8
11
15
20
10
23
12
21
17
18
13
33
15
18
22
17
21
22
16
20
20
19
13
20
19
17
24
9
11
20
17
20
18
19
16
17
16
12
19
17
13
17
16
16
12
21
31
27
21
18
9
14
13
16
16
20
20
23
26
23
19
30
23
23
18
19
20
24
19
22
20
28
29
29
35
35
21
26
31
46
29
23
39
34
18
21
34
22
35
25
30
40
30
29
23
38
39
29
30
40
29
33
36
33
39
27
39
29
34
33
35
39
44
48
37
30
41
36
45
47
35
36
52
39
39
50
44
47
62
47
38
41
50
46
47
42
49
51
42
33
65
45
51
50
59
45
74
51
59
51
62
52
74
56
70
64
86
63
48
68
66
60
66
70
80
63
57
76
92
81
60
80
77
85
74
76
96
70
78
96
82
83
82
88
107
79
89
92
87
103
81
60
95
89
78
80
73
88
80
75
78
65
70
72
83
59
77
96
79
68
68
91
90
53
78
71
83
70
61
74
60
81
67
69
73
86
75
75
74
66
70
78
80
67
70
77
66
76
72
87
68
74
68
57
64
75
85
70
75
66
67
85
82
65
67
82
80
79
88
78
82
96
70
71
64
71
76
80
62
56
76
79
66
92
75
66
51
66
71
75
70
63
64
63
73
83
75
88
66
65
84
78
80
63
70
75
87
80
89
78
70
85
66
77
78
74
93
78
79
78
69
87
95
81
72
81
103
86
75
89
93
73
80
74
86
84
76
77
88
69
93
77
79
92
83
83
106
105
105
119
121
146
155
193
225
271
343
356
405
516
606
681
793
865
914
988
1004
1009
1103
1101
1059
993
908
901
835
759
660
576
505
429
338
297
291
222
184
179
178
109
127
98
114
94
106
93
104
98
91
113
87
101
77
73
92
108
102
105
90
100
102
104
105
87
89
86
91
85
98
110
100
84
117
97
109
116
106
130
103
98
101
99
107
101
107
104
87
102
119
107
106
119
96
107
114
97
112
120
116
128
92
105
128
128
118
121
126
122
130
168
149
167
205
173
193
180
224
224
244
245
268
260
229
290
252
245
256
263
217
230
225
207
189
173
180
169
174
176
167
150
160
157
142
151
130
148
147
144
168
152
158
142
143
167
155
175
147
173
143
161
145
179
185
164
186
160
147
189
178
185
186
182
187
182
173
186
197
208
181
198
225
182
201
198
204
197
196
241
215
230
205
220
202
237
207
252
205
221
231
229
227
222
230
199
188
215
206
236
226
234
221
218
202
230
236
245
243
245
234
238
243
242
233
243
265
272
246
268
234
237
273
240
231
234
283
254
269
244
240
258
224
261
240
250
255
248
259
263
253
241
293
233
249
275
252
304
242
231
248
224
218
231
255
245
255
241
244
248
203
226
222
226
235
210
216
225
213
212
215
221
211
215
211
221
213
199
181
216
199
202
209
209
170
199
185
198
211
196
216
200
186
199
195
200
184
191
198
197
197
181
195
208
194
209
171
184
186
203
209
201
183
185
184
195
185
209
192
185
192
195
204
213
217
199
204
205
218
207
204
192
189
217
192
196
189
211
181
212
193
200
180
196
210
184
235
205
207
231
199
192
196
199
198
206
211
200
182
186
203
215
211
202
197
217
222
226
219
232
229
195
237
218
236
215
239
240
239
229
218
238
211
212
251
234
230
245
205
232
240
205
218
268
215
227
234
248
233
246
213
239
215
232
232
237
204
253
248
245
209
217
229
231
252
257
217
228
240
229
251
243
227
220
213
217
214
238
239
230
256
227
233
242
235
233
233
213
203
243
238
223
234
230
240
242
228
229
228
263
230
236
222
238
229
228
246
250
231
274
209
226
227
242
259
217
233
246
256
202
227
239
248
213
250
248
256
230
235
253
257
245
233
252
243
274
272
232
252
231
234
237
264
233
251
270
221
239
257
258
253
262
255
263
277
283
271
278
263
260
290
262
237
264
268
281
244
242
293
268
266
258
310
268
254
279
262
284
253
302
280
250
296
272
277
295
288
270
266
307
270
275
266
248
285
306
305
294
264
319
264
286
259
290
307
292
299
273
283
270
270
321
315
267
278
276
302
276
281
267
321
321
284
311
301
303
292
311
276
287
295
292
314
267
285
295
277
294
303
307
282
286
304
306
291
296
285
315
283
284
336
307
288
280
283
341
272
275
306
317
284
285
278
293
305
285
280
255
265
247
305
283
295
270
264
276
280
274
274
243
268
265
295
270
287
310
292
282
299
283
274
259
275
279
283
281
299
249
244
273
301
256
258
234
279
290
260
289
244
281
241
227
263
236
265
232
249
230
241
267
256
257
239
275
275
260
270
266
273
270
246
249
251
274
236
247
235
233
241
255
268
268
250
268
257
244
230
230
264
239
244
274
229
252
285
259
259
259
265
223
247
258
236
279
248
245
235
254
246
271
271
256
264
224
268
263
230
280
245
245
254
273
252
253
260
269
271
222
237
274
228
265
243
243
262
259
243
251
212
228
259
249
237
247
220
272
265
260
219
216
258
250
235
253
242
277
273
240
249
228
253
216
219
249
250
253
223
229
255
253
239
268
231
249
232
253
234
250
262
228
250
239
232
247
214
252
248
229
232
237
252
244
274
234
249
247
256
239
290
269
236
257
261
221
232
234
272
248
263
246
237
261
228
253
254
233
236
249
218
248
221
227
248
257
242
284
232
224
252
265
254
254
264
294
259
269
311
277
255
262
263
255
278
260
246
251
290
269
237
283
264
317
264
270
227
258
254
267
283
282
288
293
267
275
264
266
287
243
312
287
327
288
273
299
293
315
317
297
329
340
339
307
335
317
331
372
310
280
357
321
355
334
318
325
386
331
368
345
350
371
350
363
361
409
448
420
394
419
413
404
416
457
420
462
472
435
458
444
502
525
474
503
537
509
574
580
592
553
614
605
639
620
678
743
724
731
790
810
838
843
877
895
934
975
965
1006
1035
1145
1079
1076
1162
1182
1177
1238
1244
1249
1227
1285
1333
1305
1325
1425
1352
1343
1361
1429
1408
1402
1448
1314
1405
1429
1435
1414
1367
1350
1356
1405
1362
1306
1320
1259
1248
1290
1210
1182
1180
1178
1112
1077
1063
952
989
935
916
855
869
778
812
830
725
696
727
674
654
627
622
570
537
511
520
503
534
466
485
474
449
435
447
384
387
397
376
366
374
341
362
344
339
312
331
309
301
289
299
324
290
317
258
288
270
225
260
261
250
254
245
272
220
279
245
224
237
210
233
208
199
220
222
226
223
179
243
209
222
215
240
216
192
237
240
241
247
258
278
274
289
282
297
312
338
318
339
336
351
339
396
398
392
373
400
427
412
448
450
433
408
453
430
452
437
388
365
353
372
329
319
338
286
281
281
251
253
231
232
211
210
210
202
169
171
150
147
141
150
156
143
146
142
129
149
160
159
144
153
147
132
156
151
152
150
133
177
167
145
177
164
156
147
164
165
200
182
170
188
182
168
207
201
191
193
201
222
185
204
216
228
205
213
207
222
217
231
218
232
215
223
232
238
225
243
235
233
248
263
227
247
263
262
260
234
214
267
240
239
217
244
236
250
250
248
236
217
257
196
225
252
221
198
204
215
221
199
191
201
181
180
186
176
176
164
178
160
161
155
182
192
146
163
161
146
147
165
123
120
158
111
132
138
105
139
128
117
112
109
120
112
116
93
101
99
97
103
88
107
102
93
100
90
87
92
94
63
75
111
89
86
101
80
109
101
104
87
71
69
82
78
76
79
63
68
67
68
73
63
77
58
71
69
69
51
72
75
51
68
61
71
62
71
57
57
77
53
61
55
46
55
59
56
61
57
58
64
48
66
48
48
54
61
69
52
72
62
53
55
43
63
47
46
43
49
59
54
71
63
61
55
74
57
69
72
75
93
63
75
82
64
70
86
66
73
72
64
69
76
71
65
51
68
50
69
69
68
57
56
56
62
54
53
49
47
49
42
32
48
42
51
39
46
61
42
42
54
48
45
33
35
43
39
44
42
40
43
49
43
38
43
57
45
43
36
38
31
38
38
44
35
37
29
38
47
35
26
32
37
32
36
32
31
35
34
47
33
49
33
30
34
36
36
30
29
26
32
30
33
33
43
35
37
29
23
29
29
31
29
30
27
36
39
39
24
34
32
21
25
30
33
34
35
38
36
25
30
24
31
36
30
30
29
33
30
30
26
31
28
21
26
21
29
24
35
31
29
25
37
32
29
30
26
27
27
33
30
28
30
34
26
26
25
25
30
29
23
39
20
34
17
27
24
33
20
23
22
23
30
26
25
28
23
24
28
22
28
22
33
30
25
24
24
19
28
29
17
27
28
28
17
29
16
33
25
34
28
28
23
25
32
20
22
24
22
24
18
20
27
32
23
27
19
20
26
27
22
31
20
19
26
30
23
16
15
27
27
21
19
27
31
17
15
27
28
25
24
25
12
19
15
20
19
12
21
26
16
22
22
20
21
19
27
22
18
29
18
25
14
21
16
20
22
17
27
26
17
17
26
18
27
20
17
16
18
23
30
25
14
11
20
13
13
11
21
17
23
25
15
18
13
16
21
12
17
26
27
24
21
19
21
19
13
25
14
18
22
20
13
17
16
13
14
21
18
16
21
18
16
13
18
15
10
13
13
15
17
19
15
14
9
12
19
15
20
10
10
13
13
11
14
15
23
17
15
24
7
22
22
11
13
13
20
20
19
14
14
18
14
14
8
13
12
15
11
13
16
21
10
17
18
15
6
16
11
11
10
14
18
14
15
10
13
12
13
14
16
11
11
13
14
12
9
9
10
9
12
13
9
13
21
14
7
12
9
14
16
17
11
13
17
16
11
10
9
13
17
16
14
9
12
11
17
9
10
18
10
14
11
13
10
16
15
8
6
14
21
13
12
10
15
12
15
7
17
13
11
13
18
13
7
12
5
8
9
14
14
15
15
9
9
16
14
7
12
10
10
12
12
15
13
7
11
9
12
9
8
9
8
9
12
13
5
12
13
8
12
7
11
16
12
13
8
11
15
15
8
8
11
9
11
10
5
7
13
6
10
7
9
7
7
15
5
8
7
7
13
4
7
6
10
9
6
8
8
8
7
6
9
8
13
10
10
5
11
12
8
9
8
6
7
7
6
6
6
8
10
12
4
8
3
9
6
16
10
9
7
4
8
13
7
6
10
7
6
11
3
14
8
7
7
8
6
7
2
8
1
5
8
11
9
5
10
9
5
7
8
9
6
7
12
5
7
6
8
7
5
9
7
6
9
6
8
4
7
5
8
9
8
10
8
5
8
7
9
4
7
2
5
6
5
10
11
3
5
11
5
9
5
4
7
6
9
11
7
7
3
10
5
8
7
9
9
3
5
6
7
7
16
4
4
5
4
8
7
6
10
4
2
4
3
5
5
6
5
6
7
10
2
2
10
7
12
6
4
11
8
6
5
5
10
3
5
8
8
5
7
6
2
6
8
7
6
3
6
4
8
3
2
7
8
6
5
9
7
6
10
3
3
5
5
5
4
3
3
3
7
8
3
5
6
7
4
8
7
3
4
4
3
6
6
6
1
5
6
6
6
3
6
6
5
5
2
5
3
7
3
5
6
7
7
3
6
7
4
4
6
2
2
1
3
6
4
6
8
4
5
4
7
6
7
8
2
8
7
3
3
4
4
4
4
5
4
3
1
2
4
4
5
5
2
4
3
2
4
3
3
5
4
8
4
2
3
6
11
4
1
3
6
1
5
1
3
5
6
1
3
4
5
2
4
5
1
5
0
1
1
4
9
4
8
4
5
5
3
3
7
0
5
2
2
5
3
5
8
4
7
2
3
3
2
5
2
5
5
2
1
4
1
4
6
1
2
9
2
6
3
2
1
2
2
2
2
3
9
4
3
2
2
5
1
2
0
4
4
6
1
3
1
2
2
3
5
1
3
0
4
3
1
2
3
2
2
1
5
1
4
3
4
4
1
2
4
1
4
1
2
2
3
1
6
2
1
1
3
2
4
3
1
0
1
2
2
3
2
3
4
2
1
4
4
2
2
3
3
2
2
3
0
2
3
2
3
4
6
5
1
2
5
0
3
1
0
2
2
2
1
3
0
1
2
3
0
2
7
2
1
1
3
5
1
2
3
2
1
4
3
2
2
3
1
5
2
0
1
4
3
0
1
4
0
1
0
5
4
4
1
2
1
1
3
0
0
3
2
2
3
3
2
1
4
1
3
2
1
0
0
1
2
2
1
3
1
3
2
2
5
2
1
1
1
0
2
2
1
2
2
2
1
2
1
2
3
1
0
0
0
7
2
1
3
2
1
1
2
3
2
3
1
1
2
0
1
1
1
3
3
1
1
1
2
2
0
2
3
0
4
2
1
2
5
0
2
1
1
1
0
4
2
0
1
3
1
2
0
3
3
3
0
2
1
1
1
1
0
2
3
1
4
1
0
1
2
1
2
0
1
2
5
0
1
1
0
1
0
1
0
1
2
0
1
3
0
2
1
0
2
0
0
4
2
3
0
0
1
1
2
4
2
0
2
1
0
1
1
0
0
1
3
0
0
0
1
1
1
3
2
1
1
1
2
1
0
0
0
0
0
3
5
2
0
0
1
1
3
2
1
0
1
1
0
3
0
1
0
0
3
2
0
1
1
0
4
2
2
1
1
0
1
1
2
0
0
2
0
2
0
1
1
0
0
0
1
1
0
1
0
1
1
0
1
0
0
2
0
1
0
1
2
2
4
0
0
0
1
1
0
0
3
2
0
2
0
1
2
0
1
1
0
0
1
2
0
1
0
2
1
1
0
2
1
1
1
2
2
0
1
0
1
2
0
0
1
1
1
0
2
0
0
2
2
0
0
0
2
1
0
0
0
1
0
0
2
0
1
2
0
1
0
1
2
1
2
0
1
0
2
0
1
1
1
0
1
0
0
0
0
1
2
1
0
1
0
0
2
0
0
0
1
0
0
0
0
0
1
1
0
3
0
0
0
0
0
2
0
0
1
1
0
0
1
0
2
1
0
1
0
0
0
0
1
2
0
0
0
0
0
0
0
0
2
0
0
0
1
0
0
0
2
0
0
0
1
1
0
0
0
3
1
0
1
0
1
0
0
0
0
0
0
0
0
1
0
1
1
1
2
0
2
0
0
0
1
0
0
1
2
0
1
1
0
1
0
0
0
3
0
1
0
0
0
0
1
0
1
0
0
0
0
0
1
1
0
0
0
0
0
0
1
2
0
0
1
2
0
2
0
1
0
0
0
0
0
0
0
0
0
0
0
0
0
1
0
0
1
0
0
1
0
2
1
0
2
0
0
0
1
1
0
0
0
0
0
0
1
0
0
0
0
0
0
0
2
0
0
0
2
0
2
0
1
0
1
0
0
0
0
0
0
0
0
1
1
1
0
0
0
0
0
0
0
1
0
0
2
0
0
0
0
0
0
0
0
0
0
1
0
1
0
0
0
0
0
2
1
0
0
0
1
0
0
0
0
1
0
0
0
0
1
0
0
1
1
0
0
0
0
0
0
0
1
0
1
0
0
0
0
0
0
0
0
0
0
0
3
0
0
2
1
0
1
0
0
0
0
0
0
0
0
0
0
1
0
0
0
0
1
0
0
0
0
0
0
2
0
0
0
0
2
0
0
1
0
0
0
0
0
0
0
0
0
0
0
0
1
0
0
0
0
0
0
0
0
0
0
1
1
0
0
0
0
0
0
0
0
1
0
0
0
0
0
1
0
0
0
0
0
0
0
0
0
1
0
0
0
0
0
0
0
0
0
0
0
0
0
0
0
0
0
0
1
0
0
0
0
0
0
1
0
0
1
0
