0
0
0
0
0
0
0
0
0
0
0
0
0
0
0
0
0
0
0
0
0
0
0
0
0
0
0
0
0
0
0
0
0
0
0
0
0
0
0
0
0
0
0
0
0
0
0
0
0
0
0
0
0
0
0
0
0
0
0
0
0
0
0
0
0
0
0
2
1
0
1
3
1
4
4
1
0
3
2
2
4
6
10
46
135
374
974
2301
4889
9481
16931
27735
41176
54920
65891
72804
73201
66254
54617
41597
28085
17218
10001
5073
2450
1029
382
121
44
14
5
6
1
1
0
2
0
0
1
0
0
2
0
0
0
0
0
0
0
0
0
11
65
47
51
63
66
57
48
46
51
61
45
52
60
42
37
56
47
40
55
50
38
38
48
52
50
51
33
42
42
35
47
38
54
36
51
47
44
48
43
49
26
45
41
50
42
35
40
45
41
38
49
44
42
47
44
40
47
44
41
40
56
51
46
47
48
42
56
51
55
59
69
90
101
109
104
105
118
109
100
79
78
69
66
69
57
59
64
56
46
43
43
33
61
46
46
58
47
52
59
57
63
55
60
74
70
70
75
64
82
97
115
95
116
103
121
116
141
164
154
171
177
213
215
236
303
466
682
1159
2139
3212
5237
7812
11246
15262
19930
24458
27885
31052
32223
31812
29717
26373
22240
17667
13773
10174
7399
5223
3759
2619
1915
1426
1064
755
513
387
287
254
199
257
288
340
409
469
553
548
545
528
467
426
342
289
231
143
115
86
62
63
50
57
37
32
31
22
29
20
15
15
12
10
13
7
18
8
6
9
8
12
7
11
13
8
4
4
13
10
8
7
6
9
7
10
6
10
8
9
6
7
6
9
9
16
6
9
16
10
6
24
18
21
20
17
23
22
19
24
18
21
28
11
26
20
20
16
17
21
11
18
13
23
22
21
14
22
22
14
13
18
23
24
13
17
24
16
13
13
16
8
9
8
7
7
5
4
7
9
4
8
7
5
8
5
8
7
8
10
8
4
6
6
5
9
3
5
8
11
3
5
10
10
8
8
10
11
11
20
25
29
31
17
29
35
25
24
22
35
30
18
20
12
12
9
8
9
13
5
9
11
7
10
7
12
15
7
9
10
10
10
8
8
8
7
3
8
12
6
5
2
5
6
4
8
12
5
5
8
6
4
7
7
8
7
3
6
5
2
7
5
2
8
6
12
3
8
4
9
7
5
7
7
6
13
2
9
6
3
4
5
5
8
2
3
9
7
4
4
8
8
5
4
8
4
5
10
3
8
4
9
6
3
6
7
1
8
3
7
11
6
6
6
3
7
5
4
3
4
8
7
9
7
7
3
7
6
9
7
8
12
6
5
9
5
3
2
9
6
7
9
7
8
15
5
5
8
8
7
9
7
13
6
5
6
8
7
12
5
6
9
10
9
8
7
9
11
7
12
8
5
9
5
8
8
3
5
9
6
11
7
9
16
15
12
4
7
10
16
9
9
13
13
11
12
12
15
17
14
9
10
17
15
17
14
13
14
8
14
11
5
8
10
11
5
10
13
15
11
15
17
13
18
16
16
12
15
10
17
15
14
16
11
13
14
14
18
16
8
16
12
19
14
15
26
17
16
16
17
21
25
10
13
16
22
18
15
16
16
16
23
16
22
21
12
22
23
21
22
18
20
16
23
17
24
13
22
15
22
18
20
22
15
32
20
24
17
10
21
21
24
22
26
21
17
26
26
29
27
25
20
16
29
22
20
23
32
17
36
16
33
27
34
27
23
35
35
27
28
26
27
25
26
38
35
29
35
20
37
34
34
36
30
35
41
31
34
32
37
30
41
36
36
39
42
32
35
43
39
36
41
52
45
43
46
46
46
51
48
50
59
50
43
59
40
62
56
60
63
52
34
54
63
52
62
68
66
69
69
52
58
62
70
80
56
77
77
57
77
63
67
72
75
85
69
80
85
86
93
85
85
86
93
76
86
83
105
103
98
86
77
91
89
76
85
83
70
78
70
84
99
71
71
85
76
83
77
82
79
82
84
73
85
83
73
72
77
72
82
67
74
83
71
71
88
64
57
68
63
81
74
75
65
56
84
61
70
56
71
56
64
68
79
74
62
68
61
66
66
77
85
66
55
80
77
76
75
66
61
66
70
71
74
73
65
67
68
65
72
71
71
70
66
70
67
78
70
58
67
77
79
77
73
83
70
73
76
90
65
86
70
92
89
76
72
85
65
74
76
89
66
79
78
69
83
61
61
67
83
67
79
85
75
82
71
69
85
82
86
68
80
106
77
80
84
79
67
72
77
79
72
73
85
57
91
91
74
98
89
88
95
105
113
128
146
154
184
231
266
331
371
449
490
588
665
753
840
859
960
987
1073
1023
1034
1058
982
940
829
746
723
663
515
506
427
322
292
234
236
189
153
136
138
113
132
109
111
88
106
89
86
88
91
99
114
76
75
103
90
93
88
112
92
106
88
90
114
106
93
93
97
99
86
97
101
91
96
116
104
110
95
101
106
108
105
103
83
118
116
104
98
118
99
104
108
94
121
111
94
104
98
110
111
107
112
132
103
126
118
122
151
155
121
140
155
173
199
200
198
224
210
220
228
263
223
231
249
230
260
246
208
197
209
207
211
169
196
149
157
159
172
142
138
143
145
133
139
123
137
152
135
140
162
157
137
146
131
164
174
163
187
177
181
168
194
181
150
182
173
190
214
187
205
195
204
187
225
211
210
215
228
222
211
260
262
233
252
239
245
236
210
251
244
244
222
238
236
219
233
222
261
250
247
242
232
249
232
226
229
212
214
250
237
209
246
235
209
235
233
239
247
229
245
226
237
228
242
218
215
207
241
217
205
214
219
241
233
258
222
236
217
230
236
218
217
230
210
240
218
211
220
207
236
231
233
210
207
209
218
208
196
210
226
209
227
218
203
202
219
206
214
202
190
205
203
197
186
212
205
201
216
187
194
190
230
202
159
207
189
201
175
197
186
186
196
208
196
219
196
200
193
190
196
179
213
191
188
182
195
222
189
171
184
192
177
185
170
205
194
201
191
181
217
213
190
185
196
214
196
205
162
178
177
184
228
181
179
203
192
214
181
211
195
189
201
177
217
211
225
212
188
193
211
189
219
198
199
191
169
204
220
216
206
208
219
202
214
218
209
210
225
210
229
213
235
188
220
229
198
232
204
222
220
244
233
261
204
240
224
238
226
215
229
227
252
240
272
247
251
248
236
262
271
239
233
269
229
222
212
228
250
205
218
236
222
233
215
239
213
220
241
221
228
213
244
233
236
231
231
250
202
228
253
228
219
218
222
243
223
230
212
225
215
254
240
231
208
206
226
251
243
247
230
212
215
244
209
237
263
237
231
228
231
221
214
226
257
193
229
233
218
225
238
223
234
244
216
221
219
272
227
240
230
258
243
228
236
250
263
237
232
250
264
248
242
259
239
247
263
225
220
248
247
273
253
248
238
253
255
264
250
252
250
240
248
277
235
273
279
262
251
253
240
262
252
270
233
268
243
290
251
276
285
241
250
261
242
264
253
256
264
308
288
261
280
306
302
254
276
265
287
274
292
259
253
288
266
286
261
282
262
274
283
282
284
320
247
279
307
255
236
296
261
275
283
290
274
277
295
295
269
237
316
286
229
305
283
280
288
297
277
295
303
278
270
279
295
274
278
257
301
244
288
265
277
273
248
288
293
294
278
254
283
282
268
274
278
308
289
273
293
272
280
264
258
257
281
260
305
269
268
292
266
245
276
276
275
273
261
244
244
243
280
274
294
249
270
267
269
260
249
269
263
249
251
243
265
261
287
225
266
288
254
221
264
252
276
249
249
229
269
239
264
265
255
245
264
261
240
249
266
242
219
266
241
223
253
244
228
238
212
242
293
246
241
242
251
243
253
239
265
252
260
256
253
257
239
247
255
264
220
260
242
276
244
248
252
257
252
246
269
237
246
221
275
262
245
228
279
254
229
252
263
263
246
264
241
240
249
229
239
282
236
267
250
243
233
259
227
236
229
261
241
234
241
249
238
251
259
262
264
257
231
221
239
230
231
233
257
230
245
268
232
286
234
259
246
264
240
226
259
260
230
263
258
245
206
232
258
226
233
252
230
226
227
268
239
252
245
230
249
221
222
233
251
215
252
248
225
230
227
231
219
256
224
225
258
231
237
270
230
250
247
237
210
240
270
241
256
244
267
248
254
207
271
217
220
264
219
243
274
245
247
247
256
256
271
270
229
266
240
242
244
267
265
260
262
261
230
254
244
241
255
254
241
246
261
259
263
249
257
279
273
256
296
248
266
279
267
289
276
276
288
270
278
278
312
320
285
288
288
312
292
292
311
291
341
312
316
309
302
326
317
335
293
320
311
336
329
385
317
326
379
332
357
363
299
374
360
365
390
367
336
371
370
397
386
412
402
382
421
418
455
430
481
455
459
472
482
481
511
493
486
518
514
506
554
558
643
598
613
666
612
723
684
701
712
766
784
793
837
889
859
959
852
965
1010
1001
1037
1040
1116
1118
1184
1216
1240
1214
1305
1312
1329
1322
1321
1403
1342
1310
1453
1380
1380
1438
1425
1377
1397
1437
1510
1412
1418
1431
1334
1373
1375
1244
1292
1258
1264
1240
1258
1184
1217
1164
1176
1061
1178
1002
901
1036
953
860
892
825
844
814
745
764
683
706
686
648
651
623
591
566
556
536
545
481
488
456
420
453
442
416
406
385
352
368
391
357
341
331
333
339
304
343
335
287
338
295
296
274
285
264
302
286
277
269
226
289
246
268
254
223
261
258
247
215
231
254
218
228
227
223
220
211
209
211
222
217
246
225
219
225
246
215
236
232
261
282
263
273
276
316
320
310
346
372
368
383
397
375
386
411
393
404
423
425
428
423
456
433
447
458
417
432
383
408
383
382
355
353
328
312
299
260
247
260
212
225
190
185
196
195
164
176
172
154
164
143
141
161
163
154
148
160
171
169
146
136
131
175
154
154
159
160
137
158
145
167
149
159
176
172
146
151
158
172
176
167
149
157
174
189
164
185
173
197
204
193
194
201
220
217
218
203
195
214
238
243
227
251
253
235
230
249
248
239
223
255
250
267
254
261
274
225
254
243
246
230
239
234
235
241
220
241
262
257
201
230
251
220
242
226
218
199
214
201
189
192
192
223
197
177
190
169
168
160
184
167
148
153
159
147
150
134
130
147
149
142
125
137
133
123
138
115
107
121
103
117
100
114
119
96
102
89
79
89
89
97
89
102
105
109
94
73
87
78
88
89
79
94
94
67
93
79
70
64
96
69
66
82
76
84
66
78
74
66
64
59
77
75
73
65
61
66
65
61
62
54
71
53
60
68
60
62
72
59
78
61
55
60
54
49
61
66
49
50
43
67
56
54
63
60
54
68
43
63
45
63
53
50
55
69
68
66
56
53
44
65
66
62
68
70
55
69
88
67
71
77
69
83
91
77
74
77
72
79
81
67
64
69
60
55
67
64
66
61
41
56
51
51
43
53
48
43
41
35
42
47
45
42
45
52
43
40
41
35
42
43
37
41
52
46
41
56
38
41
35
36
37
37
34
39
41
45
39
35
37
37
42
40
32
32
36
30
34
32
28
34
47
44
33
29
39
34
33
37
40
40
37
28
35
30
43
35
32
38
15
35
42
40
38
43
26
30
34
33
34
35
28
29
25
32
38
31
35
27
33
37
29
34
37
37
36
20
29
34
31
31
30
33
26
35
30
26
16
29
21
29
23
35
24
33
30
31
23
33
37
28
31
25
32
20
32
33
32
34
29
29
24
35
27
25
24
23
23
29
25
24
21
19
29
35
33
32
32
22
20
29
31
18
17
23
27
31
24
22
25
25
31
31
27
31
30
25
24
28
28
25
21
36
27
27
22
25
32
25
20
22
18
26
27
35
19
21
24
24
14
15
25
21
19
27
28
33
25
23
17
27
23
16
22
22
18
28
23
25
13
20
21
25
23
13
16
22
21
24
25
21
16
37
24
25
21
21
23
29
22
17
22
19
20
13
20
28
14
24
15
21
24
23
17
29
23
18
22
23
22
24
26
26
25
12
19
22
20
25
19
19
17
22
20
31
31
18
19
13
19
20
25
23
23
24
23
16
19
11
28
12
18
17
25
17
16
14
18
29
12
21
15
22
18
19
28
17
18
18
11
9
14
12
14
25
15
23
19
17
20
15
19
17
17
15
12
18
20
19
13
21
13
17
19
16
24
15
16
18
14
13
23
20
15
21
14
13
13
21
11
20
18
11
23
16
14
15
17
9
13
18
17
19
10
13
6
17
19
13
18
20
10
18
14
16
15
17
11
16
19
15
12
13
11
6
11
10
8
17
15
10
13
20
15
9
11
9
16
14
12
10
13
9
12
18
13
9
20
16
10
18
9
15
12
11
10
14
12
10
15
10
14
11
8
12
15
13
9
8
17
12
14
11
12
15
16
11
14
14
14
5
8
15
14
11
9
14
9
14
8
20
12
13
10
9
7
15
15
8
14
14
6
7
19
12
17
8
5
14
12
13
15
11
14
9
12
12
11
12
4
9
12
13
12
11
14
9
12
10
8
12
5
9
14
16
11
13
10
13
10
12
7
4
7
9
11
9
11
9
9
8
7
6
14
10
10
9
10
11
9
8
7
12
9
8
5
11
8
8
5
9
3
8
8
6
15
10
7
10
2
11
10
8
6
10
10
6
13
8
6
8
7
9
9
10
12
12
5
5
8
9
7
10
7
7
7
8
7
5
8
8
5
10
8
10
5
10
8
6
10
14
8
11
12
3
7
8
3
7
17
7
12
5
8
5
4
8
7
3
9
7
7
6
16
7
6
6
8
2
8
13
7
7
6
8
15
11
11
5
8
7
5
9
5
9
4
8
6
3
8
4
11
9
3
9
8
9
4
9
6
9
7
4
7
5
7
9
9
8
6
5
6
4
7
7
6
3
2
7
5
6
8
4
5
5
7
4
4
6
8
1
6
6
4
6
8
4
3
3
5
3
8
6
7
4
2
8
10
7
5
6
7
4
3
8
5
2
7
9
4
8
8
11
6
1
4
5
4
2
2
6
6
5
4
6
6
2
5
6
1
5
3
7
4
4
4
6
4
6
7
4
5
2
7
7
8
2
4
3
4
5
5
4
2
5
4
3
5
6
4
2
5
1
2
3
6
8
5
4
7
7
7
9
6
3
4
6
2
5
2
3
4
1
5
4
4
7
6
5
3
3
4
7
3
6
10
4
2
2
3
6
3
4
4
4
5
4
3
5
3
7
4
3
3
3
5
2
3
4
4
1
4
2
5
5
2
1
3
4
6
6
9
6
2
6
4
7
1
9
4
2
4
1
2
3
3
9
8
3
5
6
3
2
2
5
6
4
4
2
0
3
3
6
3
4
3
3
2
3
3
0
1
3
1
0
0
3
4
3
3
2
3
3
5
1
4
6
1
2
3
7
3
5
2
5
7
6
6
0
3
4
3
2
2
3
2
3
2
0
1
6
1
0
3
3
3
1
2
4
1
3
2
3
1
4
2
3
2
4
2
3
2
3
2
4
1
5
3
4
5
4
2
4
4
3
4
2
1
4
2
2
4
1
5
3
2
3
2
0
0
1
4
1
4
2
4
2
3
2
1
2
1
4
5
3
3
3
1
1
4
3
1
1
1
2
1
5
1
1
2
1
3
2
2
1
1
1
1
1
2
2
2
1
3
2
6
1
2
2
1
1
2
2
5
2
2
2
3
2
1
3
3
1
3
2
2
0
2
4
3
8
3
1
4
2
6
1
0
4
1
3
2
1
1
2
2
2
5
1
5
2
2
2
2
4
1
2
0
2
1
0
1
1
0
1
2
1
2
1
0
0
0
2
5
3
4
1
4
3
1
0
1
0
0
1
2
0
4
3
1
2
3
1
2
1
0
1
1
2
2
1
1
0
2
1
3
1
0
0
1
1
3
1
1
2
3
2
4
2
2
0
2
0
1
1
0
2
0
0
0
1
2
0
1
2
0
0
3
1
3
0
2
1
0
3
2
1
0
2
0
2
0
1
5
2
0
0
1
0
0
1
0
1
2
1
2
1
0
2
0
0
2
1
1
1
0
0
0
1
0
0
1
1
2
1
2
0
0
0
0
3
1
0
3
1
1
0
2
2
2
1
0
0
2
2
2
3
1
1
1
0
3
0
0
0
2
2
2
2
0
2
1
0
1
3
1
2
0
0
3
1
2
2
0
1
1
2
1
2
2
0
0
1
1
0
1
0
2
3
0
0
2
1
2
2
2
0
0
1
2
1
0
1
0
0
0
1
0
0
1
1
1
0
0
1
1
0
3
0
2
1
1
2
1
1
0
0
1
1
2
2
1
0
3
0
0
2
3
1
0
1
2
0
1
2
0
0
1
2
1
1
0
0
1
0
0
0
1
0
1
0
1
1
0
2
0
0
1
1
1
0
0
1
4
1
1
0
1
0
0
2
0
1
0
0
1
2
0
1
0
0
0
1
0
0
0
0
0
2
0
0
1
0
0
2
1
1
2
0
1
1
0
0
0
1
0
0
1
2
1
2
2
0
0
2
2
0
1
1
1
0
1
1
0
0
0
1
1
0
0
0
0
0
0
1
1
1
3
0
0
1
0
0
1
0
3
0
0
0
0
1
0
1
0
0
0
0
1
0
0
1
0
0
1
0
0
0
2
1
0
0
0
1
0
0
0
0
1
0
1
1
1
0
1
0
1
0
1
0
0
0
1
2
1
1
0
1
0
1
0
1
0
0
0
0
1
0
1
0
1
1
1
0
0
0
0
1
0
1
1
0
0
0
1
0
2
1
0
2
1
1
0
0
0
1
0
0
0
1
1
1
0
0
0
0
0
0
0
0
0
3
0
0
1
0
1
0
0
1
1
0
0
0
1
1
0
1
0
0
1
2
0
0
0
0
2
0
1
0
1
1
0
0
1
1
1
3
0
2
0
0
0
0
0
0
1
1
0
0
1
0
1
0
0
0
2
0
0
0
1
0
0
1
0
1
0
0
0
1
0
0
0
0
0
1
1
0
0
0
0
0
0
1
2
0
0
0
0
0
0
1
1
0
1
1
0
1
0
1
0
0
0
1
1
1
0
0
0
0
1
0
2
0
0
1
0
0
0
1
1
0
0
0
0
0
0
0
0
2
0
0
0
0
0
0
1
0
0
0
0
0
0
0
1
0
1
0
0
0
1
1
0
0
1
0
0
0
0
0
0
0
0
0
0
2
0
1
0
1
0
0
0
1
1
0
1
0
0
1
0
0
0
0
0
0
0
0
0
1
0
0
1
0
0
0
0
1
0
0
1
0
0
0
0
0
0
0
0
0
0
0
0
0
1
