0
0
0
0
0
0
0
0
0
0
0
0
0
0
0
0
0
0
0
0
0
0
0
0
0
0
0
0
0
0
0
0
0
0
0
0
0
0
0
0
0
0
0
0
0
0
0
0
0
0
0
0
0
0
0
0
0
0
0
0
0
0
0
0
0
0
0
0
1
0
1
0
1
4
4
3
2
3
4
4
3
4
8
41
119
347
983
2290
4928
9419
17303
27775
40763
54732
66455
72479
72957
66129
54929
41631
27997
17477
9879
5028
2262
962
392
145
46
18
1
3
3
0
2
0
1
0
1
1
3
0
0
1
0
0
0
0
0
0
0
12
64
52
56
55
48
43
50
58
56
30
37
51
63
53
39
38
52
39
46
50
34
43
40
46
47
42
54
27
52
40
56
52
46
35
38
32
45
46
49
34
45
38
39
51
36
37
46
38
59
48
50
41
48
47
37
44
46
40
39
52
40
44
51
48
45
55
57
44
69
77
58
91
105
92
96
102
126
109
103
92
88
82
68
70
60
57
57
54
49
52
44
57
35
56
54
54
54
47
61
46
57
69
58
69
82
66
71
83
92
109
106
116
105
120
128
140
146
135
147
165
175
176
190
205
344
429
727
1138
2012
3340
5110
7969
11314
15563
19698
24421
28109
31144
32236
31678
29432
26132
21979
17838
13774
10005
7441
5047
3666
2547
1884
1331
1014
722
505
383
293
258
225
265
265
347
409
467
519
526
522
532
493
416
368
269
226
162
124
83
71
60
55
35
36
39
28
37
32
17
20
16
7
8
9
13
14
3
7
11
12
13
6
9
6
7
12
6
8
11
10
12
13
5
8
8
7
8
10
6
10
9
9
6
6
8
9
12
10
16
15
18
23
21
27
27
25
30
26
40
28
19
23
21
16
19
14
14
19
25
15
15
21
17
13
17
17
16
19
26
19
17
21
20
13
16
18
17
11
10
11
11
7
17
12
5
11
8
6
4
8
5
4
5
8
10
8
3
8
9
6
2
8
6
9
5
8
7
7
5
7
7
6
13
10
9
13
14
9
14
23
27
20
17
23
26
32
22
27
29
22
22
17
18
17
14
13
5
7
9
5
11
13
7
11
15
13
7
12
15
6
12
4
6
8
12
5
8
11
3
4
5
9
1
5
4
9
6
2
3
7
6
15
9
11
6
5
4
3
5
5
4
4
7
3
8
8
5
8
5
5
4
2
12
5
3
3
8
3
5
9
9
6
8
9
5
7
5
7
2
7
3
4
7
6
5
10
10
8
4
2
3
8
2
6
10
5
5
12
4
11
5
7
4
5
10
10
11
8
15
6
4
8
4
6
7
9
5
6
6
7
8
5
5
11
7
8
5
6
11
12
12
6
13
6
3
7
5
12
12
9
11
8
9
2
8
11
9
13
11
5
5
17
9
6
5
10
5
11
5
9
9
8
4
11
13
5
14
8
4
11
11
7
9
17
13
14
9
12
10
7
9
10
9
9
11
11
9
10
10
12
12
14
7
13
5
11
11
16
12
13
14
11
13
10
11
25
10
5
11
20
16
11
11
12
12
7
11
20
12
11
10
16
18
19
12
16
21
20
9
13
13
22
16
18
13
12
14
23
11
20
14
24
13
11
16
18
16
14
19
16
15
24
24
15
14
16
16
19
10
28
18
14
24
24
14
23
19
21
11
27
16
15
24
24
21
26
36
24
31
24
20
19
24
16
21
21
27
23
25
26
37
44
27
27
21
29
24
30
26
33
20
18
32
18
35
34
22
28
28
26
30
29
23
31
23
33
18
24
35
38
34
41
35
38
29
30
41
34
31
24
27
38
26
31
38
34
40
39
31
39
39
46
39
57
41
49
47
39
43
45
48
43
53
44
45
45
64
57
35
48
47
53
57
62
74
55
57
66
60
57
64
72
65
59
54
61
59
47
69
76
79
64
71
87
65
77
61
71
68
77
89
97
83
104
91
74
77
97
99
89
70
87
92
103
81
78
85
98
87
88
63
85
77
75
65
81
73
64
79
68
87
71
75
59
85
72
75
61
68
73
73
75
64
84
69
80
65
73
80
59
76
85
77
63
65
73
91
71
78
66
67
79
76
86
48
63
62
72
69
71
65
68
72
60
65
58
60
77
62
72
77
76
59
64
65
67
60
66
73
58
61
53
74
68
76
78
69
72
83
71
67
68
77
71
77
58
91
74
73
79
83
68
68
69
73
82
76
68
78
73
64
89
83
70
73
60
79
81
69
66
64
96
86
62
70
47
87
66
73
74
69
86
79
88
74
80
73
57
84
72
84
82
68
105
86
91
88
97
81
86
111
104
122
135
130
192
196
199
258
339
368
454
524
614
693
780
845
893
934
989
1051
1034
1024
1012
996
965
881
759
695
602
573
462
462
333
305
250
238
223
153
143
148
110
114
89
110
103
91
93
106
85
96
90
109
114
78
94
101
93
101
89
115
101
84
101
100
115
100
90
96
98
96
102
85
112
105
89
99
114
111
102
101
119
115
105
109
124
96
100
100
101
105
120
107
105
116
117
123
132
85
134
100
98
119
106
115
126
145
120
144
150
137
132
164
150
176
210
215
217
207
216
228
235
265
234
244
247
252
234
247
250
216
160
218
186
190
162
184
150
156
164
155
162
143
142
146
166
147
146
153
159
186
169
148
183
157
158
139
183
176
183
164
162
165
175
199
162
183
182
198
196
205
193
224
193
199
222
225
204
222
214
241
235
256
253
251
235
241
215
248
234
247
237
206
240
256
233
249
231
249
249
231
250
228
215
252
243
216
232
213
239
247
236
244
235
219
233
220
234
209
217
210
231
222
217
206
225
253
241
225
232
223
237
254
242
211
255
242
196
243
230
199
234
242
262
232
198
248
210
215
246
217
240
245
204
226
238
222
222
223
234
233
210
209
213
210
227
211
226
196
197
247
197
224
183
210
237
181
241
229
197
182
203
205
198
202
182
176
192
194
189
207
183
178
211
194
189
182
192
198
225
175
200
195
176
192
168
239
207
206
200
209
189
220
205
184
195
214
203
198
208
212
189
212
186
195
192
229
204
206
209
216
207
193
228
213
223
191
190
214
195
175
187
220
220
231
203
222
247
197
191
201
225
200
187
224
203
208
230
208
208
226
193
197
257
228
232
216
230
219
200
228
262
234
241
225
200
228
199
197
242
234
235
264
220
235
270
235
228
225
249
239
246
230
268
233
229
262
237
252
224
233
268
242
250
257
252
234
234
255
242
227
223
245
226
239
235
261
218
270
250
276
233
260
210
232
239
241
240
256
226
244
257
237
244
236
246
246
235
230
235
227
255
238
264
263
248
241
233
254
232
246
245
247
253
265
258
253
251
246
221
259
235
252
280
246
257
259
255
252
264
236
261
275
251
268
236
229
256
247
266
229
267
258
239
253
246
266
256
238
261
269
228
267
248
288
264
286
286
271
250
265
274
275
258
278
308
275
257
256
303
261
275
243
254
304
273
303
279
286
248
252
269
256
274
250
279
305
250
290
245
289
270
292
280
295
300
299
324
274
289
283
290
283
236
252
325
308
275
268
325
264
283
259
316
279
286
257
283
305
284
304
293
312
266
308
277
291
297
313
337
285
285
290
312
299
310
297
310
291
298
323
309
276
315
308
333
326
322
327
315
299
306
312
295
279
268
308
280
317
300
301
283
305
309
320
306
299
295
328
317
285
294
288
287
328
291
293
285
299
292
291
277
287
323
300
315
305
326
286
266
287
293
307
303
277
291
297
270
307
267
289
277
310
282
298
273
297
288
281
305
288
268
274
258
292
278
261
269
270
267
262
266
262
261
283
287
262
272
274
278
273
260
262
236
271
257
286
288
292
243
272
267
250
290
251
275
250
268
272
277
309
251
300
283
287
292
253
287
286
259
243
266
244
276
260
278
253
273
284
275
275
249
236
266
229
280
282
262
303
261
255
264
270
291
272
277
248
274
258
257
263
279
252
262
247
272
275
247
267
263
279
282
237
277
260
240
262
255
250
225
242
263
272
274
255
270
282
266
238
265
271
255
238
293
273
244
275
254
251
234
257
258
286
306
228
226
229
282
266
245
238
273
276
270
257
250
278
262
262
252
248
246
268
255
248
238
271
238
277
263
265
288
295
239
266
270
286
244
274
263
265
251
275
244
259
264
266
255
243
264
243
242
234
264
229
270
268
262
245
268
264
231
278
240
221
247
279
244
278
258
279
289
254
255
286
263
276
262
240
263
240
253
248
272
270
270
279
269
302
300
290
280
287
290
284
275
275
269
307
300
261
280
285
282
272
290
258
297
305
288
347
284
309
331
315
299
302
326
294
263
355
290
374
317
336
348
316
328
329
346
344
352
305
370
357
348
340
340
354
346
349
341
402
391
347
371
341
395
356
360
380
383
456
384
378
429
421
428
394
421
430
473
517
528
474
491
515
538
509
547
576
570
577
631
601
588
648
627
677
668
723
713
743
809
811
848
882
816
904
915
1020
949
1082
1066
1068
1142
1072
1122
1179
1274
1243
1222
1260
1324
1374
1300
1384
1385
1391
1446
1460
1426
1403
1459
1568
1479
1468
1538
1461
1486
1479
1422
1479
1445
1469
1468
1414
1415
1328
1358
1332
1290
1274
1263
1241
1208
1192
1142
1165
1109
1056
976
990
969
913
932
912
842
800
802
737
744
731
666
656
650
606
556
598
556
570
539
476
503
481
491
454
441
400
405
429
373
374
393
407
341
365
350
360
306
333
334
361
293
331
307
268
271
312
321
273
276
277
287
251
258
265
257
266
257
245
262
238
232
249
256
256
248
201
227
225
205
203
225
262
242
249
240
260
260
262
257
268
276
291
325
304
313
327
337
361
397
336
382
377
396
384
448
448
435
420
458
464
454
458
472
430
466
449
455
406
394
423
391
369
359
326
327
335
317
287
269
242
246
220
233
178
205
190
154
174
180
173
160
166
173
158
148
161
152
157
175
171
162
153
162
155
158
164
167
172
170
141
167
153
187
183
181
171
173
155
158
171
185
178
171
192
199
210
211
186
194
198
220
225
203
229
217
240
232
247
229
248
245
234
248
235
255
239
260
257
251
249
263
283
284
256
236
250
257
265
267
261
276
266
276
276
256
257
246
223
240
238
247
274
256
242
198
219
244
234
212
215
201
208
181
186
187
179
204
200
187
188
198
155
169
144
162
169
142
143
133
153
151
134
135
154
148
143
153
103
96
110
109
112
109
122
98
125
106
85
113
113
95
82
98
105
100
83
115
95
92
98
83
84
89
103
87
80
79
62
88
73
78
71
71
58
88
80
55
75
80
82
70
53
72
76
68
64
75
56
54
71
62
59
56
56
62
67
53
69
61
58
57
74
63
56
61
49
61
55
61
52
55
61
56
61
61
48
59
56
42
63
65
54
53
57
64
56
55
53
50
53
63
58
58
67
77
80
86
71
98
56
96
91
62
82
75
69
93
80
86
83
78
77
56
83
75
67
64
61
66
52
51
51
59
40
46
46
58
43
54
41
34
53
46
26
46
51
40
49
47
39
47
55
43
50
41
31
42
40
42
41
47
44
35
45
49
53
41
42
39
45
46
37
29
36
37
41
43
31
50
33
49
42
29
39
44
32
27
28
48
32
28
23
35
41
34
41
39
27
27
29
35
33
31
47
32
43
35
34
34
41
35
24
31
30
29
26
34
34
27
34
36
30
27
39
31
23
31
25
33
32
29
26
30
34
41
34
29
22
32
32
27
25
36
20
35
25
26
25
31
33
28
30
29
28
26
26
29
28
23
26
30
39
27
34
19
29
21
42
24
24
30
32
28
36
24
33
32
31
23
25
29
19
31
34
31
39
25
31
28
29
26
31
33
31
24
23
29
25
24
19
26
24
21
18
31
25
24
16
16
27
25
25
23
24
32
26
21
21
22
19
27
24
19
21
25
21
21
20
28
26
22
35
26
16
23
21
26
24
22
16
27
26
22
28
39
23
26
28
21
25
23
17
17
24
20
16
15
28
20
22
13
17
19
18
14
31
33
22
16
25
25
18
17
21
26
24
22
21
26
27
23
14
21
17
31
14
16
9
20
23
21
27
13
17
21
24
28
20
21
13
14
21
24
17
22
16
22
21
13
16
21
21
15
18
20
28
20
21
20
14
19
14
20
12
26
23
20
18
14
12
17
12
14
22
22
17
12
11
24
13
10
18
16
14
14
8
16
22
21
17
8
13
16
14
15
10
25
15
18
18
16
12
19
18
12
13
17
13
15
21
16
22
14
14
16
20
18
26
15
12
15
20
19
18
18
16
15
18
21
22
10
8
15
13
17
11
23
15
11
10
14
24
21
15
17
20
20
19
12
19
13
16
15
15
20
14
13
17
15
16
18
14
14
14
12
12
11
13
12
12
13
17
7
11
4
9
13
13
11
12
9
13
7
15
20
12
17
11
18
8
18
16
14
13
10
14
13
10
12
21
11
7
11
10
14
15
14
14
7
14
17
11
9
11
7
13
7
14
15
9
14
14
16
18
13
19
11
7
11
7
5
11
11
11
11
14
7
7
5
10
14
17
8
11
16
20
9
13
9
11
13
13
11
9
7
7
8
12
11
8
15
7
7
6
8
4
6
11
14
11
12
10
11
13
17
13
8
8
10
5
15
10
9
10
10
7
7
14
9
14
5
7
8
14
5
10
14
6
13
7
7
11
15
5
11
7
6
8
15
10
12
1
11
6
9
10
15
12
13
8
7
13
11
8
12
9
8
9
6
11
11
9
4
5
10
9
9
13
6
5
11
9
9
10
4
11
5
11
10
6
8
12
6
7
10
9
4
11
14
5
7
7
4
9
11
5
7
8
7
3
8
7
8
9
7
8
7
12
12
7
10
6
7
5
10
8
7
3
5
5
5
5
9
6
8
5
10
5
9
7
7
6
6
6
4
5
7
7
13
3
6
3
5
9
4
7
3
9
5
4
8
5
6
13
10
3
3
9
9
5
9
3
2
8
4
6
2
4
8
5
3
3
7
6
2
5
5
3
4
11
3
2
2
5
4
5
10
6
6
2
6
4
8
4
7
8
6
3
4
6
9
2
6
9
4
10
5
5
4
6
7
4
6
5
4
2
4
7
6
5
3
6
4
3
7
8
4
14
6
5
5
6
5
7
2
2
2
5
2
3
0
8
7
3
3
1
6
5
4
5
2
3
4
1
4
3
6
5
9
4
3
5
5
5
8
4
3
6
3
2
5
6
0
5
8
2
5
5
4
5
7
4
2
3
4
3
5
6
6
4
4
3
5
4
4
3
7
7
3
3
2
4
2
2
2
5
2
5
5
5
3
6
2
6
2
7
4
3
4
5
7
4
5
3
2
1
0
3
3
3
1
5
4
0
2
5
6
2
7
3
2
1
7
4
3
5
5
4
3
5
3
4
2
4
3
4
3
1
2
1
5
4
4
3
4
4
2
1
5
3
1
1
5
7
2
5
2
4
3
5
1
3
1
2
1
3
6
4
1
1
7
1
3
3
4
3
3
2
5
4
2
3
2
6
3
4
1
1
8
3
0
1
5
6
1
4
2
1
4
1
5
4
3
0
6
0
3
2
5
4
1
1
2
2
2
0
4
5
1
3
2
2
2
2
5
4
2
3
1
4
4
1
3
3
1
0
3
2
0
3
4
0
1
3
1
2
6
2
3
0
0
3
1
1
0
2
2
1
5
3
0
0
2
2
3
3
1
1
1
0
3
2
3
1
5
3
0
4
0
3
2
2
1
1
2
3
3
2
4
2
0
4
1
1
1
1
2
0
1
3
3
5
1
1
3
0
1
1
3
3
0
5
0
3
3
2
3
4
1
4
2
3
1
2
2
1
3
2
2
1
1
2
2
2
0
1
2
2
4
4
1
2
2
2
2
1
1
0
1
1
0
1
3
2
2
0
0
1
2
1
0
2
1
1
1
1
3
3
1
0
1
1
3
2
1
4
2
2
1
1
1
2
1
4
3
1
1
0
0
1
1
0
2
5
0
5
3
0
1
2
2
5
4
0
4
2
1
5
2
2
1
1
2
1
0
0
0
2
2
1
1
0
1
3
2
1
3
2
0
0
1
0
2
2
2
1
1
3
1
3
0
0
1
3
1
4
2
1
3
1
0
0
1
0
0
3
0
0
1
2
4
1
1
0
0
1
3
1
1
1
1
0
3
1
3
0
0
0
0
2
0
0
0
2
0
2
0
1
2
0
0
2
2
0
0
0
2
0
1
2
1
1
1
2
2
2
0
2
0
2
1
0
2
1
1
1
0
1
1
0
1
0
2
0
2
1
2
0
0
3
3
0
1
0
2
1
1
0
0
0
0
1
0
1
0
3
0
0
1
3
0
2
0
4
0
1
2
2
0
0
1
0
1
0
2
0
2
2
0
1
2
1
1
0
1
0
1
3
2
1
0
0
0
1
0
0
1
0
0
0
2
0
1
2
0
1
1
0
0
1
1
1
0
0
0
0
0
0
0
3
2
0
2
2
1
1
1
2
2
0
0
0
0
1
1
1
1
0
1
0
0
1
0
2
1
1
1
1
1
0
0
0
0
2
1
0
0
0
0
2
1
0
1
0
0
1
0
1
2
0
0
0
2
0
0
3
2
0
0
0
0
2
1
4
0
1
1
0
1
0
2
1
0
0
0
0
2
0
2
0
0
1
0
0
0
1
0
0
0
1
3
0
0
1
1
0
1
2
0
0
1
1
0
1
2
0
0
0
0
0
0
0
0
0
0
1
0
0
0
0
0
2
1
0
0
1
4
1
0
1
0
0
0
2
0
1
1
0
0
0
1
0
0
1
0
0
1
1
0
1
2
1
1
1
1
0
1
1
1
0
0
0
0
0
0
0
0
1
0
1
1
1
1
0
1
0
1
1
0
0
0
1
0
0
0
0
0
1
0
0
0
0
0
1
0
0
2
0
0
1
0
2
1
0
0
0
1
0
0
0
1
0
1
1
0
1
1
0
2
0
0
1
1
0
0
1
0
0
0
0
0
0
0
0
1
0
0
0
0
1
1
0
1
0
0
0
0
0
0
2
1
0
0
1
0
0
0
0
0
2
1
0
1
1
0
0
0
0
1
0
0
0
0
1
0
0
0
0
0
0
0
0
0
2
0
0
0
0
0
1
0
0
0
0
0
0
0
0
1
0
0
0
0
0
0
0
0
0
0
0
0
0
0
1
1
0
1
0
0
0
1
0
0
1
0
0
1
0
0
0
1
2
0
0
0
0
0
0
1
0
0
0
0
0
1
0
0
0
0
1
0
0
1
1
0
0
1
1
0
0
0
0
1
0
1
1
1
0
0
1
0
0
0
0
0
1
0
0
0
0
0
0
0
0
