0
0
0
0
0
0
0
0
0
0
0
0
0
0
0
0
0
0
0
0
0
0
0
0
0
0
0
0
0
0
0
0
0
0
0
0
0
0
0
0
0
0
0
0
0
0
0
0
0
0
0
0
0
0
0
0
0
0
0
0
0
0
0
0
0
1
0
2
0
0
2
4
2
4
2
4
2
0
2
3
4
2
17
38
110
339
918
2236
4816
9307
17040
27672
41103
54333
66768
72840
72980
66211
55099
41236
28368
17646
9947
5033
2329
970
421
150
54
13
5
1
1
0
5
1
1
3
0
2
1
0
1
0
2
2
0
1
0
0
0
6
65
64
59
59
48
53
62
54
51
58
49
50
58
59
73
61
54
51
50
46
56
51
52
45
54
58
44
45
35
50
55
48
47
48
46
43
35
53
38
54
52
50
46
57
39
56
46
54
41
47
41
50
66
51
68
65
61
40
54
60
42
56
57
65
51
55
62
61
61
77
70
100
110
90
118
119
112
115
109
86
81
75
96
69
53
76
44
55
61
59
59
46
54
37
46
53
55
56
51
67
56
67
68
86
67
81
83
77
93
95
113
99
117
138
128
161
141
153
181
192
200
249
271
315
403
594
864
1408
2245
3475
5449
8168
11662
15716
20501
24776
29026
32329
33206
33055
30370
27407
23213
18607
14163
10608
7505
5495
3830
2784
1939
1451
1092
815
592
418
357
300
244
256
312
361
439
463
536
545
519
538
510
448
368
261
202
164
99
119
82
65
43
59
38
42
34
22
20
26
15
16
17
11
14
6
10
7
13
10
8
7
11
9
9
13
10
12
11
12
2
9
12
6
7
10
14
5
10
10
7
14
11
14
19
7
16
6
12
9
12
18
18
25
20
25
27
30
26
28
17
25
20
18
19
21
20
21
10
19
19
25
23
29
18
29
10
15
20
19
22
17
23
19
20
19
20
19
20
14
12
15
13
9
10
9
16
9
5
6
4
2
7
7
7
8
9
8
8
7
11
9
2
4
4
4
4
7
8
6
8
4
6
4
7
9
10
10
13
15
20
22
22
20
28
20
30
22
27
22
20
20
19
20
19
16
9
9
10
7
10
11
16
9
14
12
17
10
15
12
9
13
18
15
6
16
10
6
7
3
4
6
5
10
9
4
2
2
6
5
7
10
7
8
7
8
8
8
9
7
8
5
1
13
9
3
10
5
9
4
7
7
6
7
3
8
5
5
4
7
7
9
4
8
4
8
7
5
8
8
9
10
2
7
10
6
5
8
9
8
6
13
4
4
8
11
5
3
5
6
8
7
6
8
7
9
4
6
5
4
7
8
9
7
10
6
3
8
8
12
8
5
5
10
8
4
11
5
6
15
4
6
6
3
9
11
11
7
7
4
7
5
12
6
8
16
7
6
8
5
7
8
12
11
4
7
13
9
6
12
14
9
12
11
7
13
11
9
9
7
16
4
17
11
11
9
10
9
8
10
16
15
4
16
13
4
12
13
16
8
11
10
15
8
13
11
10
8
17
11
16
14
17
14
17
9
13
20
18
12
12
16
13
12
17
11
18
11
23
21
15
13
22
23
16
14
13
21
16
16
18
11
18
21
17
20
10
17
22
12
14
22
10
15
23
14
22
17
15
17
16
27
17
21
17
13
19
18
18
25
24
24
17
25
17
20
26
26
13
12
18
23
26
23
24
20
14
26
19
22
20
21
29
26
18
22
26
27
29
24
27
24
23
14
33
33
25
23
26
35
27
31
35
33
24
28
27
26
34
39
28
20
42
28
25
41
26
38
28
31
32
36
36
32
28
37
48
42
37
40
33
41
40
42
37
43
47
44
42
48
39
49
54
48
50
44
43
55
40
43
45
51
64
50
46
54
49
48
46
64
56
53
51
49
49
64
74
46
55
71
48
49
55
63
60
66
58
65
76
65
68
74
78
68
75
68
66
72
75
72
90
100
68
99
97
88
93
107
84
73
91
108
67
69
88
86
75
83
68
78
75
85
75
89
77
83
77
65
58
82
65
91
69
78
74
73
57
78
79
75
76
72
76
73
60
74
69
81
70
69
62
69
80
70
68
67
66
70
57
67
74
75
52
74
75
67
75
56
65
61
72
71
83
76
73
71
70
66
74
84
66
62
78
69
69
92
57
77
53
59
75
62
76
74
67
75
67
66
70
91
64
56
77
87
74
69
69
75
76
71
80
69
81
76
64
79
83
90
63
58
70
85
67
87
73
76
56
69
70
80
67
85
66
81
60
88
95
93
72
73
72
72
90
75
91
88
86
73
79
89
71
94
80
81
76
79
89
92
82
91
77
107
96
110
125
125
173
199
236
254
319
364
413
532
546
674
738
800
883
953
990
1061
1077
1081
1046
976
961
858
815
737
653
539
521
379
386
303
249
219
189
180
140
156
108
117
121
106
99
103
94
77
107
90
81
99
104
103
102
87
120
103
102
87
104
126
93
100
112
121
111
109
96
81
104
117
96
107
109
109
127
108
117
120
114
122
118
123
105
107
105
116
107
113
99
129
116
111
120
123
124
116
123
117
121
152
123
117
144
152
123
156
154
144
174
149
171
185
175
205
230
251
268
259
264
270
267
269
248
281
242
230
223
236
208
212
208
206
162
181
162
185
168
154
170
162
182
158
155
164
152
151
180
193
163
165
152
156
170
179
171
189
188
181
168
178
173
183
181
195
193
216
184
188
205
194
208
208
208
219
247
228
205
210
232
220
214
220
226
233
262
234
231
253
258
270
229
259
251
268
232
228
264
245
247
275
251
246
243
251
240
248
245
287
231
270
265
248
261
265
270
242
254
259
268
253
279
271
279
286
272
266
288
282
281
279
301
298
290
283
312
283
294
278
297
269
309
289
291
284
296
286
289
285
264
297
289
302
295
256
283
287
245
277
269
267
260
269
276
270
261
257
246
247
272
258
314
251
276
259
255
276
264
262
262
260
295
270
272
271
230
284
243
239
243
229
256
269
272
264
212
260
239
242
220
235
245
253
242
245
269
237
240
233
245
241
251
236
254
239
251
255
247
273
274
281
231
244
238
264
246
246
277
257
275
231
273
235
257
259
245
257
247
269
258
264
258
265
250
241
247
247
267
266
266
269
260
281
238
293
250
267
273
276
288
241
250
269
251
295
290
273
283
277
261
253
270
263
290
299
310
267
258
284
269
282
294
323
318
285
307
299
287
332
285
292
285
307
310
307
267
291
316
325
289
316
293
313
291
297
311
283
294
293
273
271
290
287
284
304
292
281
318
305
253
297
306
303
291
309
330
291
297
311
284
305
304
307
341
308
306
297
320
325
259
307
309
331
304
321
309
322
313
288
295
346
316
313
319
309
318
328
336
318
313
322
320
303
319
334
298
310
325
323
330
306
305
285
285
324
326
305
320
316
319
327
294
303
323
345
321
325
337
316
346
341
343
331
319
328
326
364
346
326
355
356
329
360
352
341
336
318
349
314
332
334
342
359
348
340
361
354
324
350
369
382
325
346
359
359
331
301
368
356
376
351
374
360
381
308
332
373
344
371
365
377
350
364
384
338
367
347
368
377
389
362
364
356
365
332
367
355
348
386
344
393
359
335
374
394
355
358
366
386
397
335
409
339
392
370
371
345
402
347
367
356
362
411
384
377
371
374
400
354
382
355
376
386
385
397
375
383
386
360
357
382
377
360
364
342
353
409
366
395
385
382
366
393
373
367
368
392
363
342
389
328
353
390
339
365
326
335
352
343
367
333
356
326
325
363
364
364
344
324
350
351
333
343
392
348
346
348
351
332
351
362
311
332
346
348
340
322
298
353
322
343
320
302
353
350
315
304
355
298
296
344
312
308
340
339
310
324
356
347
295
335
329
331
284
287
361
326
352
320
344
328
323
336
302
304
318
333
328
324
342
352
312
315
327
336
338
337
320
359
343
320
337
342
341
356
290
316
314
320
330
383
303
333
306
304
357
334
278
311
281
316
329
302
330
302
326
316
353
315
296
336
307
360
311
354
327
326
319
309
307
306
316
329
306
341
290
278
269
319
291
333
305
295
297
302
301
303
287
323
335
284
314
300
282
343
288
319
321
288
275
293
304
280
311
313
319
322
297
352
318
314
298
275
298
293
313
281
337
323
318
313
301
271
283
280
279
330
325
300
326
329
300
285
305
310
298
274
320
277
279
308
289
332
297
310
313
309
310
291
326
328
312
304
324
299
301
340
329
312
320
279
329
335
306
317
275
317
322
297
314
290
303
296
321
321
351
325
318
318
310
300
332
322
305
309
362
336
323
291
350
334
342
345
335
328
343
311
355
310
334
345
334
349
400
365
392
363
346
382
359
374
349
363
376
358
370
408
405
437
403
373
429
427
398
408
432
413
426
406
429
417
414
399
428
414
460
467
461
453
485
446
459
463
454
498
519
516
522
504
499
489
540
539
571
576
570
596
573
633
670
631
721
685
714
695
724
791
761
803
810
849
916
940
969
1044
1006
1019
1061
1146
1164
1248
1173
1286
1235
1304
1368
1383
1319
1356
1390
1401
1503
1494
1516
1598
1586
1636
1762
1635
1711
1667
1708
1719
1742
1718
1754
1731
1761
1767
1756
1591
1673
1604
1687
1650
1611
1662
1528
1512
1557
1437
1457
1308
1323
1259
1347
1278
1202
1222
1132
1140
1044
1050
1021
948
930
917
878
843
800
766
714
722
727
674
619
601
630
575
588
582
537
540
537
551
522
497
472
418
440
451
438
416
347
387
389
362
355
360
386
349
348
369
339
329
339
365
333
316
302
291
295
271
270
271
272
323
297
266
297
264
256
249
274
262
233
250
256
250
236
247
272
249
247
252
260
257
256
266
288
285
260
293
313
307
346
366
391
360
404
414
421
426
465
425
440
474
478
469
474
454
449
542
500
507
496
498
471
473
450
409
434
403
407
361
339
356
296
323
301
265
238
248
238
233
203
194
205
160
205
169
187
174
178
190
167
176
164
172
156
163
160
182
197
174
170
169
178
184
172
182
174
194
190
182
196
181
216
175
185
225
218
195
182
210
194
187
213
224
222
230
224
216
238
257
241
276
255
256
273
254
241
288
253
240
266
299
297
300
249
277
260
281
247
298
308
293
280
284
265
250
289
267
288
286
263
257
299
263
289
270
278
237
246
256
255
220
246
230
262
230
239
244
223
208
245
205
213
202
191
180
227
234
176
164
152
147
160
170
163
154
159
161
164
135
144
139
123
146
126
129
146
139
125
118
133
116
103
114
99
104
108
102
115
105
114
112
101
97
100
77
86
90
82
81
84
99
95
69
78
88
76
87
81
76
91
84
87
87
78
87
87
69
76
91
77
92
71
74
68
72
77
71
80
61
69
65
62
75
49
68
73
65
59
73
73
66
74
59
63
57
65
54
72
72
61
70
62
52
52
61
65
52
67
49
57
62
72
58
61
64
62
72
78
76
67
73
82
74
85
93
94
73
88
74
62
83
89
80
108
77
71
82
63
59
76
75
66
62
69
56
63
55
53
53
48
48
54
56
56
59
49
36
45
44
42
40
45
42
45
45
41
34
64
56
39
51
49
44
50
44
46
51
45
48
51
36
44
37
47
47
34
39
31
42
33
46
48
36
56
42
26
51
53
36
37
39
44
35
39
28
25
49
24
43
40
40
33
30
32
35
36
33
40
36
33
50
29
38
32
29
41
34
43
28
32
25
46
26
37
30
33
39
45
21
25
22
24
34
29
39
29
39
33
35
37
30
36
33
24
29
22
38
35
31
31
35
32
33
22
32
34
26
40
26
35
32
30
44
33
36
31
35
31
25
33
32
27
26
30
25
27
30
24
28
23
28
26
39
23
21
32
26
33
28
36
31
34
39
32
27
23
28
30
29
20
30
27
35
20
31
21
23
18
19
22
25
31
28
27
27
26
28
20
30
34
34
26
21
23
26
26
24
23
24
25
23
27
18
30
22
32
28
17
21
36
20
22
20
35
24
24
25
20
28
28
19
31
29
14
27
26
30
31
24
29
17
20
33
25
25
24
13
19
20
23
21
24
19
15
18
33
24
13
15
27
28
23
22
22
17
18
19
26
16
20
31
25
19
23
18
27
24
25
15
19
21
24
19
13
25
22
24
26
28
28
18
17
15
25
20
22
24
16
17
18
29
19
18
15
23
17
32
18
14
18
16
16
24
17
17
13
15
24
22
23
14
20
21
21
14
20
15
18
10
22
19
18
20
16
11
15
21
14
13
13
16
19
20
16
22
17
27
20
12
22
12
14
19
12
16
19
12
18
17
23
16
11
14
20
16
13
21
14
22
22
14
19
12
15
12
13
19
11
15
12
12
12
16
20
10
18
19
20
20
7
13
13
13
21
14
12
13
18
11
15
16
13
11
8
17
19
17
13
17
12
19
19
20
12
8
13
14
12
12
13
12
10
6
10
18
17
18
10
12
12
10
8
10
20
13
7
11
19
8
9
11
13
9
13
14
11
8
10
10
9
10
9
9
11
18
17
8
9
11
16
10
8
13
16
7
12
11
14
11
11
16
6
9
13
13
12
9
15
13
13
12
7
11
15
13
6
10
13
10
15
9
4
12
13
8
11
10
7
8
13
9
11
8
7
5
14
9
7
9
10
8
5
13
6
18
11
15
11
7
16
11
10
16
8
9
9
9
7
10
12
6
7
7
12
9
5
13
12
12
7
9
5
13
7
8
8
13
10
8
5
9
8
9
8
10
8
11
9
10
11
14
4
10
10
13
11
3
10
12
7
5
8
10
10
8
8
3
10
5
6
9
8
9
10
6
9
3
8
6
8
4
7
6
4
9
10
5
9
9
12
5
7
7
7
10
3
10
6
10
9
16
7
3
5
10
10
7
3
9
8
4
6
3
4
8
8
3
6
8
5
9
3
9
2
2
5
10
9
10
12
2
8
8
6
7
6
8
6
6
9
8
10
6
6
14
4
5
4
4
7
2
8
8
4
6
9
4
7
6
8
4
7
5
6
6
7
10
9
6
6
9
7
8
6
9
7
7
6
4
7
10
4
8
4
12
5
9
5
8
3
6
6
3
5
8
5
4
3
9
5
9
3
7
6
9
8
7
8
4
6
9
4
8
7
7
9
2
3
3
6
7
9
2
4
5
9
5
2
2
4
3
4
2
3
6
8
6
7
9
4
0
3
4
4
3
4
4
5
5
4
3
1
3
6
7
7
1
3
5
3
8
3
5
2
11
9
4
3
5
3
7
6
3
3
6
7
5
3
3
3
4
5
1
4
2
1
2
1
1
2
5
5
6
3
2
5
3
6
4
5
5
2
4
4
5
3
3
1
7
2
5
4
3
4
4
1
6
7
6
6
1
2
5
1
6
3
2
0
3
6
3
6
3
4
5
8
6
4
4
6
3
4
3
3
3
4
4
4
3
3
1
4
4
5
1
5
6
1
2
2
7
2
6
2
1
0
3
3
5
2
11
5
5
2
8
4
3
3
3
3
2
4
5
3
3
6
1
7
4
4
0
7
7
1
4
3
2
5
6
2
1
5
3
4
5
3
2
5
5
3
6
2
5
9
4
1
2
3
2
2
2
2
5
1
2
5
6
5
1
1
4
2
0
2
2
1
0
6
2
2
5
2
3
3
1
5
5
2
3
4
3
3
1
2
2
0
6
4
0
2
2
4
3
2
0
4
1
3
0
3
4
3
5
3
2
5
2
1
5
0
1
3
0
1
2
2
5
1
0
4
1
2
0
1
4
1
3
1
2
3
2
1
4
4
4
1
1
3
2
4
2
1
2
3
2
3
2
3
2
1
0
3
1
2
2
0
1
1
0
3
1
1
1
1
3
2
2
1
3
1
2
3
3
2
4
1
5
3
2
2
3
1
0
1
0
1
2
2
2
4
2
1
1
3
1
2
1
1
3
1
0
1
1
1
0
3
2
2
1
1
2
2
2
0
1
3
2
0
0
2
1
3
2
2
1
2
5
1
1
1
2
5
3
2
1
0
1
2
1
3
1
0
2
1
2
0
1
1
2
0
1
1
2
1
0
2
0
0
0
1
0
1
2
1
2
0
0
4
1
0
2
4
2
0
1
0
1
0
0
1
1
0
0
3
2
1
2
0
3
3
3
0
0
2
1
1
2
3
2
1
2
2
4
2
1
1
2
1
1
4
1
0
1
2
0
0
1
1
1
3
1
0
1
1
0
0
0
0
0
0
0
0
0
0
1
0
0
0
4
1
0
0
0
1
1
1
2
1
2
1
0
1
3
0
1
1
0
2
1
2
0
2
0
2
0
0
1
0
1
0
3
1
1
3
3
0
0
0
0
2
0
1
1
1
0
2
0
0
0
0
0
0
0
1
1
1
1
1
0
0
0
0
0
1
0
0
0
0
0
0
0
1
0
1
1
2
1
2
0
0
2
1
1
5
0
1
0
0
1
0
0
0
0
3
1
1
0
0
1
2
1
2
1
0
0
1
1
0
0
3
0
2
1
1
0
1
0
0
0
2
1
0
2
0
0
1
0
0
0
2
4
0
1
1
2
1
2
1
1
1
0
1
1
0
2
1
0
0
0
1
2
0
0
0
1
0
1
0
1
0
2
0
0
0
0
1
0
1
0
0
0
1
1
0
0
0
0
0
1
2
0
0
0
2
0
1
1
2
0
0
1
0
0
0
0
1
0
0
0
0
0
0
1
0
0
0
5
0
0
1
0
0
1
1
0
0
2
0
0
0
1
1
0
1
2
0
1
1
1
1
1
2
0
1
0
0
0
1
1
0
0
0
1
0
0
1
0
0
0
3
0
0
0
0
1
2
0
0
0
0
0
1
0
0
1
0
0
2
0
0
0
1
0
1
0
1
1
1
0
1
0
1
1
0
2
0
0
0
0
0
1
0
0
0
1
0
0
0
0
1
0
0
0
0
0
0
0
0
2
1
1
1
0
0
0
0
0
1
0
0
0
0
0
1
0
1
0
1
0
1
1
0
1
0
2
2
0
0
0
0
1
1
1
0
0
0
0
0
1
0
1
0
0
0
0
0
0
0
1
1
0
1
0
1
1
0
0
0
0
0
0
0
0
0
0
0
0
0
0
1
0
1
0
1
1
1
0
1
0
0
1
0
0
1
0
0
0
0
0
0
0
0
0
1
0
0
1
0
0
0
0
0
1
1
0
0
0
0
0
0
1
2
0
0
0
0
0
1
0
0
1
0
1
0
0
0
0
0
0
0
0
0
0
0
0
0
0
0
0
0
0
0
1
0
1
0
0
0
0
0
1
1
0
0
1
0
0
0
1
0
0
0
0
0
1
0
0
0
0
0
0
0
0
0
0
0
0
0
0
1
0
0
0
0
0
0
0
0
0
0
0
0
0
0
0
0
0
0
0
