0
0
0
0
0
0
0
0
0
0
0
0
0
0
0
0
0
0
0
0
0
0
0
0
0
0
0
0
0
0
0
0
0
0
0
0
0
0
0
0
0
0
0
0
0
0
0
0
0
0
0
0
0
0
0
0
0
0
0
0
0
0
0
0
0
0
0
0
1
0
1
1
2
4
2
2
3
3
2
5
5
8
12
38
121
352
934
2340
4919
9643
17296
27827
41143
54156
65879
72486
73327
66796
54883
40919
28214
17565
9784
5205
2265
1006
382
145
51
19
5
4
4
0
1
4
1
1
1
1
0
0
2
0
0
0
0
0
0
0
1
10
86
60
54
49
57
51
57
55
58
64
42
44
65
64
53
60
58
49
54
56
68
56
70
55
40
42
48
51
44
46
58
44
48
35
48
53
38
54
40
40
50
57
39
48
51
42
48
48
44
44
44
49
58
55
48
53
47
52
42
45
51
54
60
48
61
53
57
70
64
91
97
89
98
128
107
141
120
105
111
107
92
71
72
66
63
57
54
50
44
52
49
48
51
52
51
50
52
56
52
62
58
59
59
66
66
63
84
81
81
95
94
95
102
121
112
139
126
146
137
170
192
157
195
218
302
438
734
1212
1980
3262
5088
7724
11285
15142
19762
24174
27909
30481
32001
31191
29705
25979
21780
17663
13492
9943
7241
5194
3745
2617
1869
1345
1020
733
514
386
308
232
206
244
304
321
395
477
531
554
540
532
511
404
367
287
219
153
133
94
80
70
51
44
32
26
24
28
30
20
10
13
12
16
16
12
11
7
12
11
6
13
14
7
7
7
18
6
9
5
8
10
9
11
10
4
10
10
9
10
12
10
8
7
9
6
15
8
4
10
16
8
14
25
25
24
34
32
22
25
22
21
23
16
20
19
21
15
19
20
22
17
17
19
22
19
16
22
22
17
9
21
12
19
18
15
21
13
17
12
9
18
11
10
11
8
6
7
9
5
9
5
5
4
10
10
7
3
6
7
10
8
4
7
11
7
8
5
5
13
3
9
11
7
10
11
9
7
11
16
15
18
22
32
20
28
28
25
20
17
15
17
14
10
10
14
20
4
13
15
11
11
13
11
10
13
9
20
12
11
15
14
8
13
7
9
5
7
5
6
6
6
4
4
4
6
6
4
12
6
7
6
6
6
7
10
6
7
7
7
5
9
6
6
9
10
3
7
6
6
5
4
3
4
7
8
6
2
12
1
6
6
6
3
5
4
6
5
4
8
8
6
8
7
6
8
5
6
6
4
14
7
6
8
8
6
5
4
7
6
8
9
4
5
8
9
2
9
7
3
11
6
4
10
9
5
6
3
9
3
5
13
5
10
11
8
6
6
6
7
7
7
7
9
4
9
9
4
5
6
9
8
8
4
8
5
7
4
9
12
19
3
11
11
5
3
7
8
11
11
6
7
15
9
5
10
14
9
7
8
15
7
8
12
2
9
4
10
8
7
6
10
10
8
8
11
6
8
14
11
8
14
4
10
12
9
23
14
17
5
7
11
11
12
15
15
10
13
13
25
14
14
19
12
13
17
17
21
18
23
16
26
18
13
21
17
16
17
19
17
19
19
20
13
16
13
11
16
18
19
17
16
20
14
23
24
19
16
17
18
19
9
12
18
23
16
15
15
8
28
13
24
25
23
24
16
19
15
24
21
21
22
12
26
26
16
12
18
28
16
23
22
19
19
29
19
26
29
33
29
27
21
23
36
20
18
34
27
28
29
34
23
22
34
24
27
33
24
32
25
34
20
21
27
29
28
38
20
40
30
38
29
32
38
44
30
38
40
29
36
44
33
38
42
44
35
25
37
33
46
43
39
42
43
54
46
44
51
49
40
46
51
48
48
47
43
53
66
48
53
52
63
52
49
44
78
61
61
43
60
58
61
54
66
59
59
69
65
63
67
65
78
77
80
74
76
77
73
88
76
88
109
94
81
84
96
69
106
87
105
77
82
79
88
87
71
71
81
90
75
81
93
71
88
81
60
66
77
72
70
75
68
76
70
59
72
71
81
79
63
75
66
77
65
73
73
82
57
73
69
64
66
66
68
73
68
86
66
74
68
78
54
80
75
61
69
66
63
81
80
76
60
64
63
79
62
79
70
69
76
64
74
69
76
69
75
61
84
70
73
89
69
76
65
74
86
76
73
65
70
59
70
77
70
68
55
66
76
78
61
85
64
78
64
75
70
80
75
55
77
63
73
79
66
68
72
78
51
73
65
53
69
86
69
77
78
71
79
71
57
72
88
76
72
65
78
86
70
77
98
85
81
80
82
74
67
72
87
69
85
102
99
97
119
123
144
158
197
217
310
287
392
442
508
610
701
719
800
855
991
982
1076
1068
1027
1025
1015
921
899
774
722
600
541
485
411
335
306
249
200
211
156
140
118
83
92
127
112
89
96
113
96
91
108
118
89
99
117
96
95
97
86
111
105
108
111
95
111
104
102
100
111
109
106
97
108
103
81
104
122
89
119
98
112
104
95
131
112
113
125
91
114
113
120
130
122
115
121
123
134
120
105
120
84
128
123
142
121
121
137
135
133
161
121
142
146
182
184
220
222
228
214
248
225
272
230
231
266
233
259
246
248
217
233
202
217
194
192
184
170
179
168
148
152
160
150
152
141
150
160
140
139
137
156
147
156
197
174
159
171
175
165
159
180
193
172
185
180
191
188
208
197
188
201
219
217
197
225
237
220
235
232
243
229
239
231
226
246
245
267
222
256
257
269
259
272
246
234
244
250
239
247
260
240
289
255
261
237
232
228
284
207
249
256
273
253
207
250
258
234
237
228
227
244
257
223
241
262
238
272
212
239
272
262
242
268
255
257
270
248
244
263
242
275
283
234
272
220
252
274
238
258
250
240
226
249
247
233
228
258
247
219
243
226
235
242
248
236
237
232
233
241
230
231
227
233
240
228
259
238
264
240
229
220
244
250
231
230
243
256
216
225
234
217
214
231
241
217
252
238
235
232
201
214
231
232
261
240
217
220
216
245
247
223
249
226
256
234
267
242
245
226
235
258
252
235
215
242
258
228
237
228
255
221
239
246
225
255
247
244
263
230
260
248
240
238
254
222
217
240
230
226
230
254
246
258
257
235
263
238
278
267
262
277
254
257
281
288
288
260
251
285
266
278
267
277
246
252
289
253
295
276
275
293
245
293
300
293
271
289
276
315
296
316
290
308
275
295
245
278
304
308
278
329
293
304
263
302
275
329
275
288
313
302
275
314
280
294
318
305
277
265
273
293
272
323
278
304
302
307
311
310
276
295
299
304
282
274
264
325
325
278
300
302
308
305
274
276
288
270
304
300
304
310
316
304
302
333
309
285
314
318
306
304
308
285
311
283
293
311
328
347
294
347
309
285
342
312
299
329
294
313
294
349
294
312
320
304
331
309
308
303
308
327
304
349
325
312
327
348
329
298
315
299
329
314
334
330
328
331
301
339
341
344
340
335
339
314
373
314
307
328
326
342
315
341
330
318
317
334
310
334
334
382
324
343
327
335
356
357
298
324
315
361
317
366
379
321
333
353
347
344
334
352
314
343
341
334
318
331
337
342
343
348
339
357
355
348
323
341
339
376
371
368
342
369
355
332
388
350
373
357
341
340
367
356
374
327
377
373
372
348
351
338
357
362
346
337
348
362
344
381
358
354
356
381
377
346
359
342
380
359
326
328
350
394
360
370
329
355
352
346
332
344
334
377
366
329
367
353
365
334
299
339
355
358
355
337
326
361
347
327
327
333
351
357
321
319
325
333
327
327
363
356
324
327
351
353
297
346
327
345
313
333
330
323
343
325
334
298
357
325
316
320
300
341
312
314
321
341
307
314
332
298
321
313
301
301
296
299
327
334
315
309
302
334
298
301
302
289
301
320
290
301
308
342
336
326
281
327
297
289
306
332
286
330
289
310
303
322
286
343
312
313
304
308
327
307
326
319
299
292
321
293
327
291
299
320
321
328
319
307
304
295
301
342
304
293
337
324
287
325
316
324
283
288
322
301
288
306
282
334
342
282
288
314
322
297
291
327
285
269
319
288
309
315
333
308
287
282
281
310
313
276
291
280
279
270
281
294
301
294
292
344
285
289
273
306
266
278
284
313
310
290
303
293
288
303
277
273
312
296
292
336
331
287
302
307
285
302
304
283
275
264
313
315
300
297
298
299
315
301
291
304
278
290
292
297
304
276
308
299
323
293
287
302
288
319
291
330
305
302
306
298
275
319
339
329
294
326
279
305
310
325
293
329
301
300
336
305
344
300
337
327
337
323
338
307
314
354
338
297
350
302
314
301
366
334
353
325
317
323
373
376
351
330
343
377
381
370
364
352
380
364
414
365
369
356
377
421
397
414
395
407
393
420
429
406
416
467
453
419
450
458
445
462
482
469
452
460
524
498
442
527
474
514
523
515
556
566
590
573
575
597
594
721
622
678
700
748
741
746
793
787
870
820
888
938
982
972
986
1039
1093
1072
1216
1119
1127
1137
1241
1310
1318
1395
1353
1416
1416
1494
1529
1489
1524
1562
1597
1597
1583
1588
1605
1668
1705
1679
1703
1673
1731
1727
1737
1650
1700
1731
1618
1631
1632
1622
1531
1487
1474
1473
1476
1415
1438
1362
1372
1267
1323
1191
1145
1223
1084
1076
1021
1018
948
945
958
926
874
824
810
796
762
753
686
700
644
614
568
564
583
563
531
535
541
516
444
468
469
461
445
410
411
413
362
354
383
393
375
371
365
361
333
357
332
313
320
330
331
336
310
294
293
316
287
331
288
267
304
302
256
273
264
232
244
242
230
254
260
203
252
259
260
235
258
254
264
274
278
258
279
289
323
332
336
343
351
352
380
356
391
409
449
463
426
473
463
483
493
460
493
485
525
536
485
492
477
455
456
463
420
408
404
407
404
327
329
335
303
297
297
272
239
218
239
204
238
200
203
179
172
178
201
161
181
184
170
171
160
164
178
168
184
180
171
159
201
203
165
176
188
163
152
186
200
208
175
182
198
185
201
170
203
210
225
209
224
229
213
213
245
235
244
263
211
249
229
242
235
233
272
293
274
249
286
295
264
281
261
270
290
287
309
249
294
273
283
307
295
265
276
258
281
267
287
311
260
258
258
269
270
260
303
223
259
260
229
218
225
235
253
222
263
222
239
229
179
207
182
209
217
203
190
195
179
175
194
168
148
140
129
163
149
151
155
138
143
140
154
150
128
141
154
142
116
119
128
113
109
121
127
129
120
103
102
111
106
109
102
93
104
86
91
90
79
85
101
89
59
91
80
85
98
83
84
82
79
86
97
87
77
95
89
68
76
66
85
68
80
57
84
79
74
63
70
78
61
68
70
57
60
69
75
74
64
60
88
69
57
62
50
71
73
66
67
73
64
55
61
75
67
75
62
68
60
63
62
54
68
70
55
71
79
58
75
79
76
92
68
77
75
73
72
98
70
65
85
94
84
94
99
84
76
98
80
70
68
70
76
70
74
66
61
56
51
41
62
54
51
51
53
59
39
36
51
46
47
40
45
42
50
39
53
41
46
42
36
50
45
56
49
44
35
35
41
60
46
44
39
48
49
37
29
33
47
40
43
31
46
41
48
35
49
43
34
31
36
42
34
43
32
32
29
35
30
29
31
46
33
35
40
35
41
31
32
39
40
42
35
39
44
38
32
42
23
40
33
27
37
35
36
44
26
36
28
37
36
40
31
34
38
29
31
28
36
36
36
36
43
28
26
29
48
25
36
45
42
44
29
26
34
25
27
33
34
28
29
38
27
33
32
35
33
35
32
31
44
27
36
28
21
26
25
28
19
27
32
21
34
32
29
31
29
26
28
18
27
31
21
27
34
29
32
34
31
31
19
27
32
22
29
32
18
30
35
34
26
35
29
28
18
22
30
34
26
33
28
21
23
30
15
25
29
18
24
26
23
22
20
23
27
33
32
18
22
21
27
20
23
28
22
21
17
24
32
28
17
29
26
26
30
27
19
36
29
19
27
24
21
18
22
16
24
21
25
23
19
20
20
25
19
23
20
22
26
26
24
24
19
18
18
18
27
20
20
44
19
17
24
21
22
21
26
18
27
23
21
22
20
17
25
11
20
19
20
22
21
25
29
24
11
23
24
20
22
20
22
20
16
19
24
17
21
24
21
19
19
23
17
21
18
12
14
18
14
16
20
17
22
27
17
14
19
14
24
16
19
16
17
21
13
18
20
22
15
23
25
20
17
23
11
20
20
18
16
21
11
19
11
20
21
20
12
17
24
22
18
17
18
26
15
19
17
16
20
22
18
19
16
21
17
8
15
28
20
17
17
22
19
9
10
14
10
22
16
15
10
18
16
20
6
16
11
13
11
19
14
11
18
15
14
15
12
14
27
17
11
13
11
14
12
13
12
14
18
14
20
22
15
10
18
15
8
20
16
12
10
15
11
10
15
11
16
18
10
18
11
14
20
13
13
13
12
14
22
13
13
18
9
11
15
12
14
14
14
15
13
6
12
11
14
12
13
12
7
16
6
9
16
14
10
13
6
12
10
10
16
9
10
16
9
5
8
7
13
5
6
10
11
13
12
9
12
10
14
18
8
19
5
10
10
14
9
9
11
8
17
12
14
12
13
6
11
10
9
12
4
5
9
9
12
8
9
4
9
16
11
6
12
8
13
5
8
13
14
4
8
10
9
11
7
7
12
7
10
11
13
7
8
8
9
8
12
6
7
10
8
7
11
10
14
15
5
11
6
7
9
9
12
7
6
8
14
8
10
11
11
2
9
7
9
11
11
8
11
14
7
13
8
6
12
15
16
10
8
9
6
11
13
13
10
4
5
8
9
8
3
8
9
9
5
7
1
14
9
7
13
11
9
9
6
7
7
12
5
5
9
7
7
10
4
6
10
4
9
6
9
7
6
8
5
6
8
7
10
5
10
7
3
2
5
9
3
7
3
6
6
8
4
5
10
6
6
7
7
9
6
6
5
9
6
7
1
7
6
7
3
10
3
3
6
2
5
6
0
5
2
5
2
9
7
5
4
2
7
5
3
9
8
4
12
7
6
5
5
1
6
6
6
2
7
6
4
6
4
4
7
5
9
5
3
4
4
5
7
5
2
10
9
2
9
6
3
4
6
4
6
7
6
5
3
5
5
4
8
3
5
8
2
6
7
1
5
3
5
6
6
5
5
3
0
6
5
9
1
5
2
1
1
5
3
2
9
3
6
4
3
5
1
2
4
7
4
3
4
4
2
5
4
7
6
5
7
6
5
5
4
4
3
5
3
1
7
3
4
7
3
6
8
2
5
1
6
2
1
3
4
3
10
6
1
2
3
2
4
1
9
4
5
2
7
3
3
4
4
4
2
6
2
3
5
3
7
5
6
3
4
1
3
2
4
4
2
3
5
3
3
3
0
4
3
3
1
2
6
2
1
3
5
0
3
5
4
1
3
2
2
2
1
4
4
4
3
1
5
4
5
5
5
6
7
2
6
6
4
1
2
3
3
2
3
4
3
2
3
2
4
3
3
6
5
1
4
3
4
4
2
2
0
6
7
1
2
2
0
0
0
1
3
6
1
4
2
2
1
3
6
1
1
2
6
4
7
2
2
1
0
4
4
2
2
1
4
3
4
2
4
2
2
2
2
2
2
1
1
1
1
2
5
2
2
1
3
0
3
3
2
6
4
2
1
2
2
3
3
0
5
4
5
6
3
4
1
4
2
0
0
1
1
4
5
4
3
2
3
3
2
3
7
3
6
1
1
1
3
2
1
2
1
3
3
5
0
0
1
0
3
1
1
2
1
5
4
1
3
3
2
1
8
6
3
1
4
3
1
2
1
0
2
1
5
1
0
4
0
2
3
3
1
2
0
0
4
2
3
3
0
7
3
0
1
3
5
0
2
3
1
4
1
1
3
2
3
1
1
1
2
2
1
2
1
0
1
1
1
1
4
1
1
1
1
0
0
3
1
2
0
0
0
1
0
1
2
1
1
1
0
1
1
4
0
0
0
3
2
1
3
2
3
0
1
2
1
2
2
0
1
3
2
3
1
0
0
2
0
0
1
0
3
0
2
1
3
5
0
0
1
0
1
2
2
2
1
3
0
4
1
0
2
0
0
0
0
2
3
1
3
0
0
0
1
0
1
2
0
1
3
3
0
2
1
1
1
1
0
1
1
0
2
1
0
0
1
1
2
1
1
0
5
1
1
2
1
0
1
0
1
1
2
3
0
1
0
0
1
1
1
0
0
0
0
1
2
1
1
0
1
1
1
0
2
1
1
6
0
2
0
0
2
1
2
0
1
0
1
0
0
1
0
0
3
1
0
0
2
2
1
2
3
1
2
0
1
1
0
0
2
2
1
0
1
0
1
0
0
2
0
0
0
1
2
1
1
0
0
2
1
0
1
0
0
0
2
0
0
0
1
1
1
3
3
4
2
1
1
1
2
2
0
0
3
0
0
2
1
0
2
1
1
2
1
1
0
0
0
1
0
0
0
1
1
1
1
1
1
0
1
0
1
0
0
0
2
0
0
0
2
0
0
2
1
2
1
0
1
0
1
1
1
1
0
1
1
1
0
1
1
0
1
2
0
0
1
1
0
0
0
1
1
0
0
1
2
0
1
0
0
1
0
2
0
0
1
1
1
1
1
1
1
0
0
1
1
2
1
1
0
0
0
0
1
2
1
1
1
0
1
1
0
1
0
0
0
1
0
1
0
0
0
0
2
0
1
0
1
2
0
1
1
0
0
0
1
0
1
0
2
0
1
0
0
0
2
0
0
0
0
1
0
0
1
0
1
0
0
0
1
0
1
0
2
1
0
0
1
1
1
0
0
0
2
1
0
0
0
0
0
0
2
1
0
0
0
0
2
0
1
0
0
2
1
0
1
0
0
0
0
0
0
1
0
0
0
1
1
0
3
0
1
1
0
1
0
0
1
1
2
0
0
0
0
1
1
1
0
1
3
1
0
0
0
3
0
1
0
1
0
1
0
2
0
1
1
1
0
0
0
0
1
0
0
1
1
1
0
0
1
0
0
0
0
0
1
1
0
1
1
1
2
1
0
0
1
0
0
0
0
0
0
0
0
0
1
0
0
0
0
0
1
0
0
1
0
0
1
0
0
1
2
0
2
0
1
0
0
0
0
1
0
0
0
1
0
0
0
0
0
2
0
0
0
1
0
0
1
0
0
1
1
1
0
1
0
0
0
1
0
0
0
0
0
1
0
1
0
1
0
0
0
1
0
1
1
0
0
0
0
2
1
1
0
0
1
0
0
0
1
0
0
2
0
0
0
1
0
0
0
0
0
0
0
0
0
1
1
0
0
0
0
0
0
0
0
0
0
0
1
1
0
0
0
0
1
0
0
0
