0
0
0
0
0
0
0
0
0
0
0
0
0
0
0
0
0
0
0
0
0
0
0
0
0
0
0
0
0
0
0
0
0
0
0
0
0
0
0
0
0
0
0
0
0
0
0
0
0
0
0
0
0
0
0
0
0
0
0
0
0
0
0
0
0
0
0
0
1
1
0
1
2
1
2
2
3
2
2
6
7
5
16
41
117
342
919
2297
4810
9817
17222
27964
40915
54502
66263
73103
73343
66141
54661
41099
27907
17414
9741
5141
2359
1054
381
146
40
12
5
3
3
0
2
1
1
0
3
1
1
0
0
1
0
0
1
0
0
0
0
4
44
63
58
43
64
48
39
53
47
55
59
60
52
47
49
51
39
42
45
44
53
46
44
42
43
43
41
38
50
55
41
46
44
41
46
46
34
37
53
37
44
29
45
47
47
38
45
44
41
42
50
45
42
35
38
39
48
50
51
52
40
40
43
48
50
57
60
49
60
59
79
99
92
91
112
111
122
113
97
100
66
77
74
56
59
49
58
49
54
50
42
57
49
39
50
44
48
62
61
51
46
71
57
66
64
91
64
78
84
85
82
95
114
123
115
148
119
139
162
157
168
179
189
208
280
473
690
1154
2091
3262
5185
7810
11402
15724
20219
24494
28074
31193
32559
32217
30002
26738
22299
18116
13765
10345
7302
5210
3666
2694
1882
1366
1014
763
533
382
295
260
240
265
288
397
418
456
525
556
568
570
489
404
359
280
217
175
94
87
85
50
60
61
42
50
27
26
32
16
17
9
15
10
11
12
10
10
8
9
10
10
10
10
15
9
9
6
3
9
6
14
4
11
7
10
12
11
9
14
13
13
10
11
15
4
12
12
10
12
14
14
17
18
24
18
21
26
32
32
22
33
19
20
11
22
23
20
14
21
22
18
30
29
23
17
8
16
24
15
16
21
25
19
25
20
17
17
11
24
13
9
11
8
7
8
5
9
2
6
6
10
6
8
14
9
4
5
8
9
6
8
9
6
6
5
11
8
9
2
6
4
7
11
10
5
7
16
21
17
21
25
19
21
34
25
31
17
30
28
24
23
20
11
16
11
10
13
12
3
6
10
8
13
11
9
9
15
10
18
5
9
11
14
8
6
6
8
8
6
8
8
8
7
8
4
8
9
4
5
7
7
4
8
4
1
7
12
8
9
5
3
9
9
6
3
4
3
8
5
6
6
6
4
11
0
7
2
7
4
8
6
8
5
10
5
4
5
5
7
8
7
5
4
6
6
5
5
1
14
5
6
9
7
3
4
4
6
3
4
5
10
9
7
12
9
7
3
3
6
4
7
9
6
6
11
1
9
7
6
2
6
7
11
4
5
4
5
6
8
7
9
9
6
4
9
6
8
3
9
8
6
6
4
9
6
7
8
10
8
14
9
0
6
11
6
7
7
13
8
11
8
13
6
9
9
11
13
9
4
17
12
17
14
8
11
7
8
9
11
8
9
12
8
8
8
15
8
7
4
10
10
12
16
9
12
15
15
14
16
11
21
9
13
13
13
13
12
12
10
8
13
10
11
9
9
12
14
18
13
7
13
13
16
17
10
13
13
12
17
9
19
20
17
25
14
20
14
15
21
17
17
15
21
21
11
16
22
14
17
21
15
16
15
9
21
25
22
22
13
19
14
16
24
23
20
21
16
23
25
19
21
21
25
24
16
17
21
23
29
27
16
25
26
18
26
26
24
28
22
34
25
24
23
28
24
19
20
30
28
30
23
23
15
22
28
19
28
27
21
35
33
32
27
34
33
33
36
28
32
26
31
27
27
27
36
37
39
30
41
45
37
36
41
24
43
49
41
39
27
33
39
46
46
48
42
49
53
45
35
54
50
53
58
55
49
51
62
47
49
57
47
55
51
57
59
55
52
60
64
55
53
67
78
67
71
71
78
72
70
78
59
71
64
67
74
72
85
80
86
76
86
86
99
102
90
98
84
86
95
75
95
75
92
106
88
64
82
70
88
87
67
68
98
84
75
77
70
69
79
82
66
77
75
71
90
85
83
93
71
76
75
77
65
63
68
84
65
70
63
61
73
74
84
73
65
74
78
74
70
65
72
91
57
73
61
79
70
79
64
82
70
69
73
85
73
56
74
82
72
79
64
65
80
71
59
69
72
75
87
64
82
74
52
76
70
70
72
62
72
68
77
79
64
75
65
70
69
67
76
86
64
70
60
65
64
69
72
78
81
77
68
68
73
82
72
55
68
63
76
68
73
60
84
60
73
67
76
63
99
75
68
69
83
84
85
80
79
87
94
80
77
79
78
87
85
78
88
84
94
98
116
115
120
112
155
156
190
244
273
323
378
458
512
560
674
752
805
841
955
924
1022
998
1032
1010
927
942
856
778
690
634
589
463
431
327
268
259
217
165
137
155
121
112
124
99
109
95
103
94
95
96
117
73
101
97
81
88
91
102
101
81
100
95
105
89
101
111
96
100
92
109
106
105
110
93
94
111
102
110
104
106
95
95
113
117
114
124
98
102
95
98
105
105
119
117
124
101
114
117
120
124
101
123
94
112
92
121
136
140
146
145
144
144
150
171
172
188
180
207
236
231
259
260
238
240
233
253
252
237
239
213
227
214
192
173
207
166
164
161
115
158
139
151
139
146
147
165
153
129
153
162
128
157
158
163
149
153
148
164
163
182
159
165
172
173
167
164
195
183
212
198
206
214
226
221
249
241
211
232
244
241
243
240
221
247
256
241
245
221
307
263
251
244
230
266
233
234
277
265
274
241
257
222
222
242
245
229
214
208
240
271
236
239
268
219
230
222
232
250
210
249
235
247
245
229
230
207
219
219
254
225
227
243
229
252
228
229
239
230
254
241
227
213
225
226
240
209
224
226
263
242
232
203
221
212
209
235
216
208
219
215
212
237
217
193
185
241
186
215
197
205
206
207
217
249
196
191
213
183
210
205
211
200
206
172
177
214
210
182
207
204
201
215
169
182
201
195
172
192
207
173
199
188
205
183
183
167
203
189
198
171
204
208
176
201
205
176
190
169
190
190
187
195
189
200
179
187
165
187
180
202
167
185
185
197
206
188
205
195
197
201
209
192
196
178
209
217
213
178
198
186
191
198
222
207
194
212
198
219
202
191
227
215
218
202
207
198
214
193
211
224
236
232
233
223
198
224
212
223
193
243
252
219
231
218
224
225
201
221
234
245
223
270
239
239
216
269
238
225
219
271
239
242
199
220
246
259
236
258
255
242
266
242
248
229
248
245
205
246
277
255
231
230
201
213
238
248
210
245
229
220
249
221
217
241
209
240
228
210
228
236
237
216
245
220
227
227
207
229
238
216
226
220
235
236
252
234
231
222
256
208
240
209
236
230
229
253
262
214
218
251
239
213
210
254
256
249
262
229
220
221
280
251
225
248
230
254
260
263
246
246
274
244
243
263
276
238
253
234
249
253
249
261
275
229
265
253
257
260
267
238
262
252
250
237
254
246
245
274
263
243
244
272
286
286
258
268
263
293
275
229
246
279
267
256
253
306
273
233
291
258
275
263
274
262
303
252
270
268
280
276
258
255
320
278
312
263
238
249
269
260
277
265
275
283
269
251
290
287
278
292
313
259
312
260
286
300
297
278
316
308
307
283
294
296
258
297
279
300
290
261
297
281
309
298
315
285
298
301
275
320
274
264
292
296
307
291
284
304
277
286
260
293
306
301
277
276
286
254
290
284
291
306
273
270
253
276
293
256
263
296
286
266
272
273
269
247
270
267
289
278
285
270
299
279
272
252
273
261
305
267
287
268
255
277
240
268
271
289
283
278
251
264
285
280
273
292
258
270
276
236
254
272
266
247
253
244
259
262
255
249
245
269
257
252
263
260
254
277
275
245
236
253
273
239
248
242
227
261
268
281
225
256
247
226
273
248
249
281
249
252
249
245
259
228
249
263
237
270
269
252
254
267
225
262
266
249
289
245
277
240
245
261
247
264
265
258
253
270
262
239
255
240
245
283
235
235
237
268
259
237
242
280
246
256
255
271
277
262
240
258
247
258
250
245
243
226
220
238
256
231
248
239
245
258
245
241
246
239
253
236
241
237
239
261
282
225
242
234
235
247
233
224
234
234
250
248
247
251
262
255
213
263
258
256
245
249
245
250
251
262
226
241
210
227
248
251
242
256
226
242
249
260
248
255
226
226
259
234
216
252
245
239
291
238
244
220
242
257
230
237
253
254
255
266
238
270
246
249
269
275
245
263
233
207
279
258
283
284
270
261
254
231
281
253
261
256
295
288
250
250
271
286
282
295
266
308
279
281
272
256
296
289
293
279
286
256
258
276
346
306
294
296
337
275
279
292
322
335
325
330
340
325
333
354
314
302
366
340
348
329
322
335
366
365
393
319
373
371
396
378
389
361
388
364
411
417
433
390
389
428
417
424
450
446
475
482
522
484
532
510
515
505
559
493
575
577
599
605
625
648
606
710
735
733
764
753
812
813
835
819
868
922
954
938
996
1075
1067
1107
1127
1132
1203
1191
1232
1167
1205
1329
1378
1388
1369
1371
1381
1418
1365
1400
1460
1438
1470
1421
1470
1445
1461
1333
1408
1357
1357
1388
1374
1332
1363
1318
1325
1259
1237
1208
1211
1122
1131
1080
1080
1019
1020
994
869
950
872
833
832
827
742
784
711
737
664
700
692
581
612
565
527
535
510
472
482
462
455
427
465
442
404
405
402
384
358
395
394
342
372
361
311
323
313
323
283
330
275
275
272
306
305
289
270
293
246
264
270
227
279
250
237
260
240
245
217
228
214
218
238
199
231
209
199
238
198
215
225
240
235
235
236
243
247
245
256
224
248
306
300
300
331
354
321
383
380
408
373
389
414
415
421
431
459
447
470
492
466
422
440
442
417
452
408
415
372
411
352
343
327
336
286
281
284
250
263
231
192
212
202
204
169
167
162
167
153
161
128
134
148
128
176
167
144
152
139
164
153
160
179
165
146
139
152
160
146
140
175
151
148
170
176
153
169
167
185
195
166
175
207
187
179
213
181
209
212
194
205
186
210
230
226
222
236
204
222
228
214
209
240
258
252
233
274
239
245
262
221
245
271
243
264
276
261
265
255
271
218
225
208
250
211
235
258
231
236
250
227
236
213
228
251
236
231
178
215
185
222
163
188
167
210
183
185
175
173
174
173
150
163
132
130
152
126
141
143
118
134
143
130
116
119
112
135
120
120
108
110
126
101
121
111
121
96
97
93
91
103
88
79
104
91
73
89
87
100
88
90
94
83
80
85
90
69
70
62
85
76
73
77
73
83
56
60
70
73
74
68
68
74
57
83
62
68
78
46
66
51
55
63
61
60
45
52
48
54
58
64
51
63
66
58
48
56
50
67
49
51
59
54
61
48
47
53
54
58
61
55
55
65
64
52
60
72
70
61
47
68
74
71
68
88
65
62
88
81
65
69
81
77
80
68
69
88
69
80
82
70
70
70
75
63
63
66
56
63
61
43
41
60
54
49
42
34
37
38
40
42
43
39
49
52
40
40
41
39
39
36
42
34
47
45
38
45
32
40
47
55
34
38
39
49
37
48
47
35
40
33
40
42
43
34
33
36
32
40
41
49
32
51
34
32
30
38
34
36
21
33
39
35
38
43
37
36
30
36
36
33
35
34
26
23
32
23
37
25
35
29
20
36
23
35
40
46
22
20
37
22
28
34
25
26
30
29
23
27
27
29
21
33
35
36
21
32
33
26
46
38
31
27
23
25
30
26
31
28
29
42
32
29
36
26
20
33
27
29
26
37
25
39
24
21
28
27
30
38
21
29
30
34
20
25
26
28
31
30
31
27
31
24
31
33
28
27
22
23
18
33
25
18
26
15
30
29
24
26
32
30
20
27
30
26
27
26
25
26
41
15
23
13
23
32
29
23
27
25
26
22
16
22
33
22
21
29
27
24
19
22
20
16
22
29
21
24
21
21
12
16
32
15
29
20
25
25
19
19
28
26
31
29
24
18
22
22
26
28
28
28
21
21
21
21
20
23
14
24
19
20
24
18
23
24
20
16
21
25
24
16
12
12
19
21
14
14
28
19
13
19
23
26
27
16
19
27
20
16
22
21
18
12
17
16
19
19
17
15
21
29
17
20
24
14
18
24
20
17
28
16
11
16
13
20
15
19
14
14
23
11
19
17
18
17
13
13
14
13
21
20
19
15
23
10
17
12
14
14
15
10
19
13
16
16
14
17
22
16
20
15
15
13
16
10
13
22
13
21
13
10
24
13
14
19
25
13
17
22
12
11
11
14
25
14
21
11
23
12
18
16
10
11
17
14
14
16
14
12
14
8
13
13
13
23
9
7
9
11
14
17
16
19
16
14
16
17
18
15
15
16
11
14
14
16
14
10
9
14
19
12
10
10
15
8
14
13
13
10
13
22
14
18
13
15
10
21
9
17
12
9
15
12
13
22
11
14
19
8
13
16
11
10
11
14
11
13
25
10
12
11
12
13
5
12
17
10
10
15
7
7
12
6
20
17
13
12
8
8
12
11
9
22
13
11
14
14
7
11
12
14
14
9
6
13
18
3
12
8
8
7
8
11
6
10
13
15
9
14
8
15
12
6
10
9
7
11
11
10
10
10
10
5
11
9
7
5
8
8
9
5
7
10
12
6
6
14
12
10
9
10
11
7
15
7
8
6
12
5
3
9
10
17
12
4
8
7
8
11
7
10
5
8
8
11
11
10
13
9
9
13
7
11
6
11
6
8
13
9
10
8
10
11
4
6
8
7
7
12
8
3
5
6
7
10
7
11
11
8
9
3
8
9
9
5
8
7
6
11
8
10
8
9
10
8
6
7
9
10
9
4
6
6
4
4
6
12
3
5
7
4
12
5
7
4
12
6
8
12
4
8
3
10
10
4
4
7
8
8
3
9
7
6
5
3
3
5
8
8
3
6
7
6
3
6
5
6
5
4
6
7
9
8
3
8
7
11
12
6
7
6
7
5
4
8
11
5
6
10
4
4
7
6
5
6
5
5
5
2
2
11
10
7
7
5
3
5
4
3
5
5
7
6
6
7
4
9
3
7
8
9
5
7
6
1
7
2
1
7
6
4
5
6
11
6
6
7
4
4
3
7
6
6
7
4
7
6
10
3
2
6
6
5
2
6
8
5
4
7
8
7
8
6
4
3
5
3
6
2
5
5
6
1
4
0
4
2
7
6
8
3
4
5
5
2
4
3
6
5
1
6
5
4
2
5
3
4
9
7
6
5
5
3
7
4
6
4
1
4
5
4
5
6
3
4
3
5
4
8
2
4
3
6
4
5
6
3
2
2
3
6
3
4
3
3
4
6
4
2
2
4
0
3
6
3
3
2
6
6
2
2
2
1
4
7
2
1
5
2
4
6
7
2
4
2
4
5
4
3
0
3
1
2
1
3
4
3
3
7
6
6
1
5
3
2
4
1
2
1
6
3
1
2
2
3
2
4
4
2
4
2
5
6
2
2
1
6
2
3
4
4
1
1
0
3
3
1
2
4
2
5
1
4
2
6
2
4
4
3
4
3
1
1
5
1
4
4
1
5
5
3
4
0
6
5
3
3
1
2
2
4
0
1
2
3
1
1
2
2
3
1
2
3
2
2
3
2
4
5
5
2
2
2
1
4
2
3
1
0
3
3
5
1
4
4
2
3
2
5
0
3
1
2
2
1
3
2
1
3
2
1
2
1
0
1
2
2
3
3
4
6
0
2
0
2
1
2
1
1
2
4
4
0
1
1
1
3
0
2
1
1
1
3
2
2
0
4
1
2
2
2
1
3
2
4
3
2
2
4
0
3
1
3
0
2
0
1
1
0
2
1
2
3
3
0
1
0
3
1
3
2
0
0
1
2
2
2
1
2
3
1
6
1
1
0
0
2
2
0
2
1
1
3
4
3
0
3
2
0
1
0
1
1
0
2
0
0
6
1
3
2
1
0
0
2
1
0
1
4
1
0
2
2
2
2
3
0
2
3
0
2
1
1
0
2
1
1
4
4
1
1
1
1
1
1
1
1
0
1
1
1
4
2
2
0
1
0
2
1
0
1
0
1
1
0
0
0
1
0
1
3
3
1
0
0
0
2
3
0
1
3
2
0
0
2
2
4
1
0
1
1
0
2
0
0
4
0
1
2
0
0
3
3
3
3
0
0
0
1
2
0
1
1
2
1
1
0
1
1
2
0
0
1
0
0
3
1
0
2
2
2
1
0
2
1
0
1
1
2
2
1
1
1
1
1
1
2
2
1
2
0
1
1
0
1
0
0
0
1
0
0
1
1
2
0
0
0
0
0
1
0
0
1
0
1
2
0
2
0
0
2
0
2
0
0
1
1
1
2
4
1
3
1
3
1
1
0
0
0
0
1
0
0
0
1
0
2
0
0
1
1
0
0
0
0
1
1
2
0
1
0
0
2
1
0
1
1
0
2
2
1
0
2
2
0
2
0
0
0
0
1
1
1
0
1
1
1
0
1
2
1
0
0
1
0
1
0
3
1
0
0
2
2
0
2
1
0
1
0
0
0
0
2
1
1
2
0
1
0
0
1
1
0
1
0
0
0
0
0
0
0
1
0
0
0
0
0
0
1
0
1
0
0
0
0
0
3
0
0
0
1
1
0
0
1
1
0
0
3
0
1
0
0
1
0
1
0
0
0
0
0
0
0
0
0
0
0
1
1
0
1
1
1
0
1
1
1
1
0
0
0
1
0
0
0
0
1
0
0
0
0
2
0
1
0
1
0
0
4
2
0
0
1
0
1
0
2
0
2
0
2
0
0
0
0
1
1
0
0
1
1
0
1
0
0
0
0
0
2
0
2
0
0
0
2
1
0
3
0
0
0
3
0
0
0
0
1
0
0
1
0
0
0
0
0
1
0
1
0
0
0
2
0
0
0
0
0
2
0
0
0
0
0
0
0
0
1
1
0
2
4
0
0
0
0
0
0
1
0
1
0
1
0
1
0
1
0
0
0
0
0
1
0
0
0
0
0
1
0
1
0
0
0
2
0
0
0
0
0
0
0
0
0
0
1
0
0
0
0
0
1
0
2
1
0
0
1
1
0
0
0
1
1
0
1
0
0
0
1
0
0
0
0
0
1
1
1
0
0
0
0
0
0
1
0
0
0
0
1
0
0
0
1
0
0
0
0
2
1
0
0
0
0
0
0
0
0
0
2
0
0
1
0
0
0
0
1
0
0
0
0
0
0
0
1
0
1
1
0
0
0
0
0
0
0
0
0
1
0
2
0
0
0
0
1
0
0
0
0
1
0
0
0
0
0
1
0
0
2
0
0
0
0
0
0
0
0
0
1
0
0
0
1
0
0
0
0
0
0
0
0
0
0
