0
0
0
0
0
0
0
0
0
0
0
0
0
0
0
0
0
0
0
0
0
0
0
0
0
0
0
0
0
0
0
0
0
0
0
0
0
0
0
0
0
0
0
0
0
0
0
0
0
0
0
0
0
0
0
0
0
0
0
0
0
0
0
0
0
0
0
0
0
2
0
1
1
0
2
3
3
5
2
4
0
3
11
45
130
359
989
2225
5020
9819
17107
27811
40998
54426
66095
72902
73028
66299
54958
41264
28023
17381
9755
5025
2350
957
365
124
44
17
3
6
2
2
1
5
3
0
1
3
0
2
0
0
1
0
1
1
0
0
0
7
57
56
67
45
52
60
45
45
57
44
54
46
47
52
43
41
45
35
40
53
29
44
42
56
47
45
47
45
47
39
42
30
46
36
45
47
44
41
46
32
42
37
50
40
44
38
33
42
43
41
50
45
45
41
51
45
35
41
50
45
48
45
41
45
44
52
43
49
47
70
71
93
106
120
107
113
123
108
87
80
84
71
57
67
63
61
68
56
41
54
45
58
61
44
48
50
73
44
69
52
41
78
62
66
59
87
70
70
72
96
93
88
114
97
138
136
142
163
158
146
184
155
197
212
294
445
694
1219
1947
3294
5318
7949
11496
15383
20047
24659
28785
31327
32443
32290
29863
26501
22398
17953
13707
10272
7386
5281
3647
2579
1926
1414
1000
742
541
400
298
281
232
240
316
369
427
464
500
539
554
577
455
409
339
282
200
165
94
107
76
73
44
50
42
35
32
33
25
18
20
19
15
15
11
11
7
7
9
8
5
8
8
10
8
10
5
7
7
10
10
13
6
5
7
5
7
7
7
11
8
4
6
11
9
13
15
6
10
7
7
20
21
20
16
35
29
21
19
25
25
23
22
19
18
20
12
20
27
25
17
18
18
11
24
20
15
21
18
21
19
17
18
20
20
22
16
18
14
15
9
13
7
12
7
4
8
5
9
7
9
2
4
6
6
9
10
7
7
6
8
3
12
5
3
6
7
8
7
7
12
6
11
3
10
10
8
22
13
13
18
20
30
31
24
23
27
40
23
27
25
27
15
16
13
11
9
8
12
4
8
7
12
11
9
13
14
5
20
13
13
8
11
11
8
7
6
4
6
7
8
9
4
8
10
2
7
11
2
8
4
10
10
5
6
1
6
10
6
8
7
9
3
9
6
8
7
9
3
8
5
1
7
8
3
6
7
4
8
9
3
5
5
6
5
8
5
8
7
6
9
5
2
6
9
7
8
6
2
8
9
2
2
5
3
7
9
10
8
6
9
4
5
9
11
12
9
4
10
5
4
4
9
4
3
4
3
6
5
7
6
7
11
7
9
2
7
9
9
4
10
4
9
5
5
5
6
8
5
11
8
2
6
6
5
12
11
3
9
9
9
9
11
6
6
10
6
12
11
9
12
7
6
9
8
12
12
9
9
8
13
8
9
10
5
6
10
13
13
10
9
3
8
9
13
10
7
8
12
13
16
13
13
8
13
15
12
10
8
12
20
19
17
19
6
12
14
21
17
21
13
15
21
11
17
15
16
22
18
18
21
12
10
17
13
14
18
16
15
14
16
20
13
21
14
16
15
18
16
16
11
18
18
13
15
9
14
17
18
15
16
14
20
13
24
19
18
21
12
17
24
17
20
16
10
17
21
15
20
19
17
20
11
15
27
32
20
21
23
23
24
18
19
26
18
28
20
24
30
28
23
28
30
28
25
30
24
30
26
19
23
20
32
23
28
30
25
25
38
26
28
22
28
35
43
29
29
26
34
29
33
26
30
40
38
33
39
41
35
26
37
32
42
36
36
39
35
44
37
57
52
28
45
35
52
45
45
46
45
47
50
47
47
38
44
38
50
56
53
60
57
57
62
53
67
61
72
42
52
58
76
68
68
52
68
45
59
61
60
59
63
66
80
78
73
66
75
91
87
85
82
80
77
103
89
95
81
88
94
82
98
90
85
84
81
88
78
93
77
67
77
99
80
74
88
61
63
78
76
73
85
98
68
73
59
77
79
70
66
71
68
73
65
78
79
70
67
63
73
66
65
77
75
60
63
61
80
53
68
66
65
84
82
75
71
69
71
77
69
71
84
76
75
73
72
81
63
67
69
63
71
71
73
60
58
79
67
84
59
87
75
82
66
64
80
77
75
67
76
82
92
71
73
79
52
62
73
71
68
64
73
66
65
68
59
71
69
76
78
70
58
76
72
68
77
58
84
56
70
65
77
72
61
87
85
85
72
85
87
63
74
83
70
70
76
75
69
87
81
84
69
67
85
76
116
66
88
89
85
89
85
114
123
108
117
148
183
183
202
248
306
365
493
494
610
754
712
838
896
978
1013
1021
1062
1031
1047
978
865
885
848
704
611
554
456
403
315
321
262
219
169
168
136
127
128
96
108
104
97
96
116
96
106
78
96
105
73
110
86
101
91
104
110
96
99
92
102
120
103
107
106
96
87
112
95
102
100
97
108
103
81
96
107
109
105
112
94
114
106
101
104
88
101
125
98
105
118
100
109
108
113
98
110
108
104
125
99
94
122
120
136
143
120
155
137
176
177
187
163
182
226
213
228
249
266
251
229
220
242
234
253
219
240
222
169
197
175
168
161
152
155
148
154
152
165
151
171
163
138
137
159
137
149
160
150
163
147
141
149
171
135
177
165
196
182
152
160
201
183
196
178
186
174
183
207
187
188
214
219
227
218
242
225
209
213
213
229
242
225
281
238
223
235
231
244
262
232
264
222
246
242
262
232
235
230
245
240
208
233
238
221
235
245
205
253
208
216
225
216
231
209
222
242
205
222
242
230
239
224
213
226
229
247
235
235
208
245
248
213
247
214
257
218
225
233
226
268
209
255
243
215
223
237
210
258
206
229
222
205
222
235
225
206
213
209
223
203
203
242
205
217
208
165
189
200
210
185
221
218
196
210
185
217
189
220
209
183
187
203
189
205
208
232
206
191
210
200
208
186
217
214
144
167
191
205
183
184
201
188
196
189
188
176
206
187
201
194
187
179
178
209
201
197
188
202
209
191
196
204
175
181
185
207
190
185
192
197
215
198
204
181
199
219
207
200
182
193
170
198
187
225
203
197
210
197
199
224
225
186
215
220
203
226
203
233
204
213
203
210
188
214
211
222
198
185
222
225
215
208
238
213
214
211
222
241
219
232
229
237
240
248
249
206
232
245
206
245
226
220
240
234
235
220
232
234
227
236
250
218
215
260
220
242
262
222
237
232
249
227
220
220
246
240
230
230
216
222
223
257
239
233
249
218
233
231
196
223
196
223
243
232
233
241
234
237
246
242
225
249
214
228
248
203
261
248
231
237
227
230
215
226
241
233
255
241
246
228
244
246
227
258
243
232
224
272
237
237
258
267
238
244
236
221
244
275
255
220
248
239
230
258
227
232
258
237
260
238
236
252
269
268
224
235
232
238
242
230
251
242
239
240
255
241
231
249
267
268
252
275
243
260
240
263
289
263
273
276
290
256
262
263
259
250
271
258
264
292
254
290
286
282
276
281
261
270
277
260
282
239
274
317
297
260
263
260
269
281
240
266
305
295
281
273
295
233
273
274
263
250
281
276
279
276
285
262
292
256
281
273
270
299
282
290
290
295
298
259
273
245
315
302
291
292
269
278
257
321
245
272
275
269
292
253
260
291
265
275
294
297
272
276
312
269
289
310
280
275
289
323
266
288
301
297
270
261
273
270
271
282
281
298
263
273
287
283
271
268
263
294
275
245
245
269
269
263
252
272
263
276
284
278
256
273
265
257
275
239
266
269
238
234
253
256
249
263
253
281
249
253
240
249
242
269
281
270
254
263
252
249
238
257
277
254
256
249
270
266
271
263
277
256
248
233
254
228
257
242
246
263
254
237
270
260
228
232
231
254
249
258
263
236
264
239
249
252
257
250
242
252
246
232
277
260
246
228
240
255
244
219
254
254
222
246
277
227
240
258
289
235
267
274
249
256
247
235
272
247
231
244
247
251
248
245
216
252
217
264
245
265
235
247
257
261
286
235
236
265
227
237
245
235
250
256
235
262
228
271
242
282
246
254
259
221
236
261
237
227
250
223
236
228
261
214
245
244
253
259
242
242
229
259
225
217
228
253
258
232
246
258
233
236
242
234
254
248
240
194
248
235
254
218
241
243
263
272
250
233
235
229
219
232
251
254
238
234
247
252
250
247
236
256
225
244
226
232
238
222
239
253
230
259
254
267
291
281
257
266
242
277
261
265
242
247
273
260
275
241
271
243
241
277
245
279
247
289
264
260
279
250
277
279
280
295
288
281
305
296
307
313
263
286
296
317
282
280
299
291
326
305
292
325
312
291
311
336
351
371
302
351
297
357
303
319
336
332
348
352
344
384
359
356
378
357
414
377
409
392
384
416
414
393
389
444
396
412
456
458
443
431
477
516
537
509
487
522
514
591
555
616
629
660
651
633
629
702
737
724
730
730
817
826
829
861
874
910
911
1033
986
989
1040
1107
1094
1157
1176
1179
1220
1196
1272
1247
1342
1336
1295
1399
1362
1357
1380
1484
1436
1418
1472
1503
1455
1468
1408
1383
1379
1484
1367
1377
1383
1370
1304
1317
1290
1268
1240
1244
1188
1167
1094
1091
1123
1026
1025
1038
953
911
901
871
821
760
736
741
758
711
671
631
648
605
615
598
504
527
534
486
476
432
458
423
468
399
362
401
385
346
361
390
398
340
350
347
320
298
309
344
309
295
335
292
298
266
259
255
289
278
286
279
257
234
252
259
257
232
243
253
239
213
202
221
234
227
217
211
212
199
184
218
218
226
235
241
257
239
238
245
269
257
268
273
299
292
301
319
376
322
377
390
391
404
440
410
437
445
434
463
447
442
451
447
459
445
448
434
451
405
401
350
348
351
341
310
296
272
256
233
211
222
203
192
186
192
179
185
188
169
154
160
154
170
155
143
144
153
150
155
150
149
156
142
145
150
142
156
147
170
152
170
150
172
186
174
165
164
163
191
169
174
168
177
164
189
164
188
184
210
205
193
197
184
206
207
225
235
243
231
220
232
250
229
227
241
235
263
229
246
288
243
278
254
231
243
254
257
263
249
262
234
278
276
243
245
233
219
254
236
241
230
208
232
226
225
237
217
211
227
188
220
233
218
186
198
184
191
204
188
168
178
164
164
145
170
145
160
143
148
137
135
130
135
135
138
121
142
127
117
114
117
119
109
107
93
118
88
110
118
89
87
101
93
114
91
92
90
89
88
82
83
84
80
85
75
65
101
81
70
75
91
85
72
78
63
81
56
85
61
71
64
67
61
78
61
61
77
69
66
55
62
59
59
61
56
52
61
65
67
56
59
63
54
49
57
47
48
61
48
58
48
52
52
56
58
48
54
46
55
49
56
38
43
61
57
55
62
49
56
62
61
54
53
73
77
67
83
84
58
84
80
74
66
90
75
79
69
78
76
82
65
68
64
64
66
61
63
65
59
72
58
65
63
44
40
44
43
42
45
46
39
47
37
30
43
43
41
50
43
30
39
42
40
28
34
35
52
47
40
37
42
44
40
41
45
38
45
42
47
37
28
34
38
45
35
46
37
36
32
37
36
16
48
36
28
42
26
44
48
33
30
43
27
33
35
28
29
37
37
31
29
34
28
28
35
36
30
27
30
37
30
34
32
37
22
30
38
39
36
43
39
34
23
38
38
33
31
36
34
28
26
24
27
41
39
35
28
32
24
30
36
27
25
26
31
26
39
32
27
30
27
30
32
27
28
24
41
33
35
32
30
23
29
34
29
21
32
34
35
31
28
29
32
27
32
31
33
19
20
28
26
25
23
15
23
29
31
25
31
26
23
21
27
17
22
27
21
22
30
22
33
30
17
25
33
24
23
27
19
18
29
17
26
20
18
26
26
25
21
33
20
21
28
20
19
24
30
18
31
23
23
35
14
21
24
17
30
22
20
23
27
24
25
17
30
23
26
23
14
16
20
20
21
16
24
26
19
18
24
26
24
22
24
23
16
26
35
18
20
17
23
16
21
22
14
21
29
28
12
21
17
18
21
27
27
22
14
26
25
15
17
13
11
19
23
12
22
18
25
19
24
23
27
20
22
18
19
20
13
12
18
21
19
26
14
22
16
21
31
17
27
19
25
26
14
20
13
24
24
13
10
15
21
18
22
13
16
18
14
21
15
17
20
15
16
26
15
15
18
15
17
14
16
12
12
18
17
17
13
16
17
23
19
17
22
12
18
16
17
19
17
20
14
15
19
12
17
12
18
19
18
8
18
13
19
14
17
15
17
15
18
12
13
15
17
12
19
14
14
28
11
13
12
14
15
14
12
7
18
10
6
13
14
15
15
13
14
12
12
20
9
14
10
11
14
19
13
20
25
8
10
8
14
13
11
11
15
10
13
11
20
15
12
11
12
12
11
14
10
16
20
8
16
19
14
13
10
16
13
15
8
9
9
13
11
14
8
6
7
7
9
10
17
11
11
6
11
13
13
8
17
10
6
10
12
14
9
9
8
10
8
15
15
12
9
6
13
11
12
12
13
14
11
10
10
12
15
11
9
14
10
12
13
7
9
15
13
10
8
9
10
7
11
8
8
13
12
9
4
10
9
11
9
9
9
6
13
7
13
9
12
8
12
12
8
7
7
10
9
7
10
9
12
7
7
7
10
8
12
10
9
3
9
2
11
11
13
8
7
6
4
12
13
6
6
4
8
11
9
12
9
8
12
12
12
11
4
2
3
3
8
19
11
6
10
6
16
9
5
8
13
8
9
8
5
9
14
5
3
8
8
12
11
5
11
7
2
6
6
9
4
8
6
9
9
9
9
7
7
5
6
6
9
4
13
6
3
8
9
5
9
7
2
7
8
8
3
5
4
5
8
9
6
10
9
8
5
3
3
4
5
7
9
5
11
7
4
5
8
5
5
7
3
8
9
8
7
2
11
8
4
2
5
1
9
6
5
6
8
4
1
2
5
8
5
5
14
11
4
8
8
6
4
5
5
6
6
6
5
7
3
4
6
7
9
5
6
6
7
0
7
4
4
8
4
4
4
7
3
10
4
10
7
9
10
3
4
7
2
3
2
6
6
4
4
6
2
0
5
4
8
5
3
5
7
8
10
2
5
5
3
8
5
6
5
6
3
9
9
4
5
5
8
6
4
7
7
6
3
4
6
1
1
3
6
4
7
6
3
6
3
6
6
2
4
5
1
6
5
4
7
6
9
6
6
3
6
6
7
5
5
2
3
2
5
4
5
4
3
4
5
4
4
2
2
2
4
5
5
3
6
3
5
11
3
5
3
5
2
2
7
5
1
4
3
4
1
8
5
5
2
3
4
3
2
6
6
3
4
2
2
2
5
5
5
6
3
3
4
4
3
3
8
1
4
3
5
3
1
4
3
2
2
7
4
7
4
5
1
2
2
2
2
5
3
4
3
4
1
3
2
1
3
5
5
3
2
4
2
4
5
3
3
4
2
3
4
3
3
1
4
0
4
3
3
3
2
2
3
5
1
7
3
1
4
4
1
1
1
6
2
4
1
4
2
1
3
1
2
3
3
7
3
5
2
2
3
2
4
2
4
2
3
3
5
2
5
2
1
1
2
4
2
2
5
1
2
0
4
2
2
1
3
3
4
1
2
1
4
3
6
3
3
6
0
2
3
6
2
0
1
2
2
1
5
2
2
1
2
1
4
3
3
2
0
0
1
1
1
1
0
2
2
1
3
2
1
2
2
1
1
1
4
0
3
2
5
4
4
0
3
3
2
4
1
4
1
2
4
3
1
2
1
4
1
2
4
0
1
1
4
4
4
3
1
4
3
4
3
2
1
0
1
2
0
0
1
1
1
2
2
0
2
1
2
2
1
2
3
1
1
2
2
2
2
0
0
1
1
1
3
0
2
2
0
1
1
2
1
2
0
1
2
0
1
1
1
2
1
1
0
2
1
2
1
2
1
1
2
0
2
1
2
3
1
1
4
2
0
0
4
4
1
1
0
0
0
2
1
1
3
1
0
1
2
0
2
0
0
1
1
0
1
1
0
0
0
2
0
0
0
1
0
0
0
1
2
1
0
1
3
1
1
3
2
1
4
0
1
0
0
3
3
1
0
0
2
1
1
0
0
0
0
1
1
2
1
1
1
2
5
2
4
1
2
3
0
1
0
2
2
0
0
4
4
0
1
1
1
1
0
1
1
0
0
2
3
3
0
3
0
1
0
2
0
0
2
2
0
0
3
0
3
2
4
1
0
1
0
1
0
0
1
1
1
1
0
0
0
1
2
0
1
1
0
3
3
1
2
0
2
2
1
0
3
2
1
1
2
1
1
0
0
0
3
2
1
0
0
1
0
1
0
0
0
0
1
1
1
0
2
1
1
1
1
3
1
0
2
1
4
1
1
1
0
1
1
0
0
0
2
0
0
1
0
0
2
0
0
0
0
0
2
0
0
1
2
0
0
1
0
1
0
1
0
2
0
0
1
0
3
0
0
2
1
1
2
3
0
0
0
1
1
4
1
1
0
0
0
0
0
0
0
1
2
1
0
2
2
1
0
0
1
1
0
1
1
1
0
0
0
1
0
1
0
0
1
0
1
0
0
0
2
0
1
0
2
3
1
0
0
3
1
0
0
1
0
1
1
2
1
1
0
1
2
0
0
0
0
2
1
2
0
0
1
0
0
0
1
0
2
0
1
0
0
0
1
0
0
2
0
1
2
0
0
0
0
0
0
1
2
0
0
0
0
2
0
1
0
0
0
0
1
0
0
0
0
0
0
0
0
1
0
0
0
0
1
0
0
1
0
1
1
0
1
0
0
1
1
1
0
0
0
0
0
1
1
0
1
1
1
2
0
1
2
1
0
0
1
0
1
0
1
0
1
0
1
1
1
1
0
1
1
0
0
1
0
0
0
0
1
1
0
0
0
0
0
2
1
1
0
0
0
1
1
0
0
1
0
0
0
1
0
1
0
0
0
0
0
0
0
1
0
1
0
0
1
0
0
0
0
0
0
0
0
0
0
0
0
1
0
1
0
0
0
0
1
0
0
0
0
0
0
0
0
0
0
0
2
0
0
0
0
1
0
1
0
0
0
0
0
0
0
0
0
0
0
0
1
0
0
0
0
0
0
0
1
0
0
0
0
1
0
1
0
0
0
0
0
0
1
0
0
1
0
0
0
0
0
0
0
0
1
1
1
0
0
0
0
1
0
1
0
0
1
0
0
1
0
2
0
0
0
0
0
1
0
1
1
0
0
0
0
1
0
0
0
0
0
0
1
0
1
0
0
0
1
0
0
1
0
0
0
0
0
1
0
1
0
0
0
0
0
0
0
0
0
1
1
0
1
0
1
0
