0
0
0
0
0
0
0
0
0
0
0
0
0
0
0
0
0
0
0
0
0
0
0
0
0
0
0
0
0
0
0
0
0
0
0
0
0
0
0
0
0
0
0
0
0
0
0
0
0
0
0
0
0
0
0
0
0
0
0
0
0
0
0
0
0
0
0
0
0
2
1
3
2
3
0
2
3
1
2
6
2
6
20
35
129
362
890
2284
4987
9663
17175
27700
40769
54792
66595
72805
72829
66284
54648
41270
28232
17261
9908
4869
2341
983
364
156
39
16
4
4
3
2
0
2
2
2
0
0
1
1
0
1
1
0
0
0
0
0
0
6
65
57
54
63
54
62
40
62
64
42
62
43
47
45
43
56
54
47
36
53
42
56
52
46
43
48
50
43
35
38
47
50
44
38
46
49
44
47
37
40
49
38
45
55
37
34
43
42
43
38
49
48
34
43
41
50
50
45
46
46
46
37
58
57
40
56
61
47
61
67
84
78
81
110
119
110
98
92
99
80
88
73
55
60
59
40
57
55
49
41
43
50
45
65
39
58
68
46
55
56
49
67
88
74
87
76
74
69
90
101
103
102
115
112
130
142
133
144
157
139
154
189
205
215
278
422
713
1173
2009
3269
5279
8031
11158
15645
20166
24447
28728
31225
32247
31783
29615
26470
22396
17712
13746
10122
7411
5181
3742
2625
1922
1367
1022
691
568
373
262
238
235
244
275
324
376
480
505
579
534
555
478
424
342
265
183
156
103
107
79
66
48
37
35
27
38
37
28
19
14
11
11
14
15
11
11
9
10
8
13
10
8
7
4
9
8
6
10
8
12
9
10
6
15
13
7
14
9
10
10
10
6
10
10
8
13
12
7
18
21
19
26
18
19
18
23
26
24
28
22
16
30
22
24
17
18
23
14
28
18
25
12
23
23
20
19
18
19
15
17
15
25
17
20
13
21
20
25
11
14
8
8
13
13
8
5
5
6
9
5
4
4
11
3
7
7
10
5
9
8
6
4
7
4
5
4
6
4
7
4
3
8
3
6
8
14
11
21
20
23
23
27
32
17
21
28
28
24
19
13
19
21
23
20
18
12
10
6
8
7
13
10
15
6
11
6
5
11
15
15
11
9
9
7
7
6
11
8
7
5
8
3
4
2
4
8
6
4
7
6
5
4
6
7
8
4
5
4
13
5
6
4
6
8
4
10
7
9
3
11
8
3
8
11
5
2
10
3
5
6
6
6
3
6
7
5
8
7
9
3
6
9
5
4
5
5
6
7
5
5
6
4
4
8
6
6
9
6
5
6
6
5
8
6
5
8
13
3
2
8
10
7
4
1
9
6
5
4
7
8
6
10
8
9
8
5
5
8
9
5
9
11
10
8
6
5
9
4
2
6
5
7
12
5
10
9
5
3
10
11
9
9
8
12
8
10
11
4
4
3
10
12
13
11
6
8
7
9
8
6
8
6
3
12
8
8
12
7
11
6
11
11
10
16
10
12
10
8
7
12
9
8
6
22
5
12
11
14
13
12
7
12
5
12
12
20
11
13
15
7
15
9
17
11
10
8
14
10
16
15
18
23
13
22
8
12
19
12
16
12
18
18
12
15
20
16
11
15
22
23
18
18
10
18
14
18
21
14
14
15
15
16
11
15
20
14
14
21
12
23
19
15
19
24
28
19
31
22
24
17
30
20
33
14
22
15
21
27
21
12
23
19
25
26
17
23
24
27
23
20
26
27
21
22
22
22
27
24
26
22
25
28
23
29
33
30
21
26
28
33
41
22
35
37
28
31
27
33
29
38
29
33
41
32
43
32
37
41
35
30
33
30
39
30
34
46
34
44
31
29
39
45
47
39
46
39
44
36
41
51
48
61
50
50
50
54
51
49
46
70
55
55
62
58
49
53
55
66
54
51
57
62
61
58
66
75
75
87
71
71
62
60
70
70
79
78
78
93
104
92
81
101
90
102
104
89
81
77
84
90
88
92
80
78
82
77
77
89
82
79
85
71
89
78
63
69
67
77
73
68
66
79
73
71
68
79
76
60
69
66
67
65
72
66
67
65
83
66
93
72
63
80
71
64
80
78
71
72
70
77
58
63
56
73
70
69
74
78
71
63
69
78
80
73
83
72
73
76
75
62
67
60
70
68
61
69
71
74
69
68
76
77
74
64
87
68
55
73
80
62
70
67
76
73
64
78
71
58
67
61
63
68
72
73
67
61
82
70
72
59
68
63
61
71
74
98
70
70
72
77
75
91
74
82
73
67
70
77
77
79
80
70
74
68
70
83
77
76
70
86
69
70
74
90
83
75
85
90
89
102
115
103
126
146
158
163
193
243
274
338
397
423
549
607
664
750
804
881
954
1059
983
1045
1083
1026
1009
960
884
772
698
591
572
482
399
338
282
245
207
207
128
128
135
122
104
93
89
92
109
92
85
107
96
97
85
78
109
92
106
101
69
90
106
115
81
97
102
90
86
86
109
112
101
91
91
104
115
112
106
92
108
104
119
103
106
126
95
89
106
84
113
102
91
109
84
117
112
110
114
100
111
125
106
118
113
107
106
107
128
141
149
141
152
158
169
159
188
197
216
207
221
244
234
261
248
276
236
233
241
235
232
230
186
206
211
213
170
153
173
152
150
148
121
158
147
165
176
157
166
147
143
142
156
140
149
139
149
149
164
186
159
169
174
155
192
174
163
194
206
191
211
173
215
187
206
204
206
222
258
224
227
226
224
239
243
222
245
232
261
255
243
266
224
240
255
237
245
225
251
277
227
258
211
234
231
230
226
223
244
224
199
193
240
210
244
232
218
228
228
229
230
233
215
213
227
238
220
242
192
226
247
232
229
227
215
230
204
201
207
202
209
221
215
236
221
217
234
250
235
228
238
253
203
220
217
234
232
224
199
242
231
205
212
244
233
214
226
196
233
200
228
224
202
234
236
192
184
195
207
209
178
202
230
230
227
198
205
218
213
197
175
192
186
196
194
179
187
214
206
219
211
176
188
192
190
201
195
180
227
178
187
172
173
198
199
194
212
186
210
180
202
189
196
183
200
190
175
183
203
190
199
185
193
192
184
173
202
192
217
187
197
216
220
197
200
213
197
197
214
184
205
196
208
226
218
207
198
189
199
224
206
189
210
218
206
219
218
216
196
199
223
214
222
209
217
217
208
211
220
221
221
250
202
218
252
254
219
256
247
228
237
227
230
242
246
241
245
234
260
251
253
213
216
232
223
243
245
244
235
231
222
255
211
227
282
227
233
243
209
222
267
241
251
238
213
215
208
244
209
223
215
230
253
246
212
248
227
238
248
234
237
219
236
219
217
259
230
239
225
196
237
237
249
214
215
226
215
223
192
218
244
239
236
249
202
238
244
224
248
219
245
247
239
232
231
237
239
237
257
259
258
233
243
227
236
240
242
250
244
240
229
235
228
287
245
239
243
249
276
254
239
252
248
254
262
242
261
270
264
237
256
250
260
276
256
251
288
249
264
289
271
244
268
252
277
283
250
286
258
261
278
263
282
274
261
313
278
269
285
284
284
261
283
269
270
291
244
277
254
282
294
268
298
283
286
259
267
270
263
266
290
308
306
279
272
267
269
294
288
294
291
258
296
292
307
270
276
263
282
255
298
287
286
293
278
295
281
259
277
277
308
302
263
287
270
297
273
287
299
286
279
309
291
310
295
253
281
282
308
275
252
272
288
285
276
294
284
291
260
269
248
276
293
296
269
252
276
285
276
284
270
251
277
285
258
259
291
264
235
308
283
262
264
277
254
268
259
264
286
249
252
261
259
274
218
263
259
272
267
261
268
270
262
266
261
242
264
266
241
271
260
268
256
251
265
265
263
240
258
252
241
251
268
228
278
250
249
240
249
258
228
224
242
235
235
271
260
245
256
247
252
254
245
255
270
254
240
248
269
252
245
234
278
257
269
248
237
259
271
238
241
225
231
221
259
236
231
280
245
260
269
266
276
230
235
247
245
276
242
255
252
223
229
244
244
217
240
248
221
222
282
263
239
254
223
264
261
281
251
230
229
250
248
250
287
267
276
244
276
272
255
242
227
241
221
233
240
239
271
216
240
243
278
242
209
246
253
284
250
256
235
257
228
243
244
256
265
227
259
223
247
247
252
236
238
253
256
213
243
241
265
255
228
246
230
215
269
248
240
236
218
239
251
229
279
242
241
251
234
226
251
276
249
216
249
249
229
231
256
269
253
246
259
271
214
258
272
248
255
228
252
240
254
262
251
259
246
262
241
254
295
220
274
245
269
244
291
273
281
263
241
264
252
252
280
276
283
276
279
260
286
304
285
294
281
282
293
296
269
266
292
291
286
313
345
321
320
337
313
301
332
311
306
287
284
313
313
319
339
330
371
336
355
399
389
370
389
376
366
382
364
368
357
416
382
360
414
408
390
428
442
446
418
419
417
434
396
459
474
471
474
510
550
512
532
532
557
544
627
659
600
626
670
717
715
734
714
776
772
833
846
893
944
970
978
956
961
1018
1040
1125
1150
1169
1176
1264
1249
1261
1242
1260
1353
1376
1347
1417
1354
1445
1468
1456
1496
1473
1420
1480
1465
1438
1381
1454
1387
1348
1457
1351
1379
1314
1301
1273
1285
1265
1261
1193
1219
1106
1101
1113
1060
1010
960
979
959
907
868
829
850
814
760
796
708
651
648
623
619
561
611
586
530
551
526
511
471
447
466
481
431
420
431
425
388
350
388
351
370
372
368
334
353
309
303
321
312
312
298
294
282
291
260
284
254
246
257
261
306
267
263
273
234
264
193
226
216
253
220
238
230
202
193
209
216
236
225
207
241
241
231
253
254
228
246
265
265
259
286
300
292
273
325
313
341
333
347
376
378
389
411
384
436
441
388
444
425
470
437
481
480
477
447
401
410
389
390
366
346
380
342
352
273
255
260
270
237
241
211
225
158
158
178
162
173
162
151
157
151
140
145
150
165
142
134
133
144
152
140
174
164
178
166
155
155
161
133
146
154
171
160
166
179
163
171
179
195
192
190
169
172
167
204
200
198
207
178
209
196
204
217
212
223
240
221
190
225
262
236
247
234
213
229
253
225
244
251
253
216
270
274
251
260
237
259
250
259
227
262
239
225
263
225
238
240
230
255
241
241
223
228
215
205
206
196
217
225
208
172
179
211
193
193
192
169
158
172
170
148
160
164
142
161
158
156
157
143
129
133
139
134
130
135
114
128
123
113
117
117
115
131
128
113
99
91
115
87
106
103
101
97
91
105
67
90
98
89
85
84
68
89
92
78
73
93
76
83
88
95
70
64
66
57
79
68
70
64
70
67
45
74
57
81
76
65
72
73
72
58
60
77
52
65
63
56
45
63
66
52
52
62
57
61
57
45
66
65
49
52
54
72
57
52
62
63
44
64
66
52
61
62
64
50
45
55
54
63
48
53
48
62
71
87
60
71
78
79
84
79
70
83
74
63
70
68
82
66
74
75
62
62
59
73
59
59
57
53
53
45
46
47
60
43
36
58
41
37
44
38
41
39
40
43
35
42
39
44
47
46
33
37
45
37
33
43
35
52
51
55
37
40
43
40
37
47
32
38
41
54
33
41
36
40
36
37
31
40
46
27
43
31
39
28
39
39
35
41
39
38
35
23
47
31
41
38
35
35
42
32
33
25
34
18
40
33
35
27
39
39
37
25
28
26
25
27
36
33
24
49
37
40
23
26
24
28
23
21
30
26
38
30
35
29
25
30
23
31
26
38
18
34
33
27
23
23
29
20
28
30
23
23
43
29
35
34
26
29
32
26
18
37
19
25
30
29
26
31
26
28
24
30
28
34
36
26
25
18
24
22
36
29
17
26
25
37
23
23
24
22
21
41
22
20
24
29
30
29
29
24
16
37
23
15
28
31
26
19
27
25
21
29
30
20
21
30
24
27
23
16
16
25
22
23
21
25
16
20
20
19
13
27
22
25
26
19
25
21
30
36
16
30
30
25
15
24
18
23
18
28
27
17
14
23
19
18
23
33
26
25
20
25
24
20
23
28
24
21
20
24
12
21
18
19
20
11
18
16
20
15
24
19
22
21
21
27
19
19
19
23
21
19
22
19
14
20
23
17
16
20
25
22
22
19
26
18
13
17
19
9
13
20
14
19
15
21
18
14
18
17
20
10
17
18
14
18
19
19
20
21
23
11
19
22
17
12
14
17
12
16
15
14
19
13
23
22
22
14
13
23
23
20
18
21
16
14
17
15
22
18
13
15
17
14
16
21
17
11
18
13
15
21
22
22
16
21
15
18
21
13
10
11
14
14
16
16
9
19
14
14
15
16
7
14
9
11
17
16
16
15
16
12
17
14
14
14
12
11
12
10
15
16
7
23
14
17
15
16
13
8
12
16
14
13
16
23
7
10
11
11
12
9
20
13
14
15
11
21
16
9
13
13
15
13
13
10
9
8
10
15
14
13
12
13
10
4
8
14
18
15
10
15
16
11
19
9
16
14
15
16
12
11
11
13
10
13
16
8
5
8
18
12
10
12
9
16
7
9
12
15
7
6
11
9
11
10
10
15
8
13
7
12
13
13
13
11
7
8
13
6
10
13
20
8
5
5
5
5
9
11
8
8
16
10
9
11
12
8
8
5
17
9
13
6
6
6
10
12
10
10
4
6
9
15
9
15
9
6
13
8
12
12
9
4
4
7
5
12
9
7
11
10
5
16
11
10
5
7
4
11
4
9
7
9
8
9
7
12
12
10
12
6
4
6
5
7
7
7
7
6
8
3
10
7
10
8
5
6
9
9
8
8
3
7
7
13
9
7
9
8
10
4
6
5
9
10
2
8
6
5
13
6
10
6
3
9
4
11
10
14
6
6
7
8
11
10
4
4
7
3
7
9
4
8
7
6
4
10
4
8
12
7
7
4
2
7
4
10
6
6
7
6
6
7
4
4
8
7
9
9
4
4
5
6
7
9
8
13
3
5
6
4
6
3
6
7
7
9
9
10
5
6
6
3
7
4
5
5
6
3
6
0
8
2
5
5
6
7
8
6
5
6
4
14
7
5
5
5
7
5
8
3
4
9
8
6
4
5
5
7
5
5
5
6
3
6
6
4
4
2
5
7
4
2
4
9
8
8
6
3
9
3
7
4
4
3
4
7
9
3
2
4
4
2
1
10
4
6
4
5
2
5
7
7
5
4
4
5
5
4
4
5
6
7
5
7
6
5
2
6
8
4
8
2
4
6
3
5
4
3
2
4
4
5
4
3
5
5
6
7
3
6
4
6
3
3
8
4
4
9
3
6
7
2
5
2
4
6
7
5
3
6
2
6
5
7
3
2
4
1
7
7
2
3
4
3
4
3
8
4
6
3
5
3
6
7
5
4
3
2
7
5
4
4
3
6
1
7
2
6
1
3
4
7
5
3
0
4
5
1
1
3
2
6
2
2
4
4
2
5
2
3
2
4
8
4
2
3
1
3
5
3
5
6
4
5
3
2
5
4
7
2
3
3
0
4
3
6
6
2
4
4
5
0
2
1
0
2
3
4
4
0
4
3
7
2
1
1
6
3
2
2
3
5
3
4
3
4
2
2
3
3
2
3
5
4
2
4
2
1
3
2
1
4
3
2
3
3
3
2
3
1
2
2
3
1
1
2
2
3
3
2
3
1
4
3
1
1
2
2
3
4
4
3
1
5
3
3
1
0
2
4
1
3
2
3
1
0
3
2
0
0
4
1
2
1
1
3
2
5
4
1
2
2
2
0
1
1
0
5
3
3
0
3
3
2
3
1
2
0
4
0
1
1
1
1
2
2
4
2
1
1
3
2
2
1
2
3
0
1
4
0
1
3
1
2
2
3
3
1
0
3
2
0
3
1
2
4
4
3
2
0
2
1
4
2
4
2
1
3
1
1
1
2
2
3
3
1
2
4
2
1
2
3
2
0
0
1
0
1
3
2
1
3
2
0
2
0
4
2
0
0
1
0
3
3
2
3
1
2
1
1
2
3
2
0
4
3
0
3
1
4
1
1
1
0
3
2
2
2
1
0
2
2
0
3
1
3
1
2
1
0
1
2
0
1
0
1
0
1
1
1
0
3
1
1
1
0
0
3
1
2
1
1
0
2
2
1
0
1
2
2
0
3
2
0
2
2
1
2
0
0
0
0
2
0
2
0
2
1
1
2
0
1
1
0
1
1
0
1
0
2
1
1
1
0
1
0
3
2
0
3
0
1
3
1
1
0
0
2
2
0
2
1
0
1
2
0
1
1
1
1
0
1
0
1
0
2
0
0
0
1
2
0
1
3
1
0
1
1
1
1
0
1
1
0
2
1
0
0
0
3
0
0
0
0
0
2
0
2
2
1
1
1
0
3
0
0
0
1
0
1
0
1
1
1
1
2
1
1
0
1
2
1
0
1
0
1
1
4
1
0
1
1
1
0
1
1
0
1
0
2
0
0
0
1
1
2
1
2
3
1
0
0
2
0
1
1
0
2
3
0
1
0
1
0
2
1
1
1
1
0
0
1
1
1
0
0
0
0
0
1
0
2
1
1
0
0
1
0
1
1
2
0
0
0
1
2
2
0
1
2
2
4
1
0
1
2
0
0
2
2
0
1
1
2
2
1
0
0
0
0
0
1
1
0
0
1
1
0
3
0
1
0
1
1
0
1
1
1
0
2
1
0
0
0
0
0
0
1
1
0
2
0
1
2
0
0
1
1
0
1
2
0
0
0
0
0
0
0
1
1
0
0
2
2
1
1
0
0
0
0
1
0
1
0
0
0
0
0
0
0
0
2
0
0
0
1
0
1
0
1
0
1
1
0
0
0
2
0
0
0
0
2
1
0
0
1
0
2
2
0
0
0
0
3
0
4
1
0
3
0
0
1
0
0
0
1
0
0
0
1
0
0
0
0
0
0
0
1
0
0
1
1
0
0
0
2
0
0
0
0
0
1
0
1
0
0
3
1
0
0
0
1
0
1
0
0
0
0
0
1
0
1
1
0
1
0
0
0
0
0
1
0
1
0
2
0
0
0
1
0
1
0
1
1
1
0
0
0
0
1
0
1
0
2
0
0
0
0
1
0
0
0
0
1
1
0
0
0
0
0
0
0
0
1
1
0
0
0
0
0
0
1
1
0
0
0
1
0
0
0
1
0
2
0
0
0
0
0
0
0
0
0
0
0
0
0
1
0
1
0
0
1
0
0
0
0
0
0
1
1
0
0
0
0
0
0
0
0
0
0
0
0
0
0
0
0
0
0
0
0
0
1
0
0
0
1
0
0
0
1
0
0
0
0
0
0
0
0
1
1
0
0
0
0
0
0
0
0
1
0
0
0
0
0
0
0
0
0
0
0
0
0
0
0
0
0
0
0
0
0
