0
0
0
0
0
0
0
0
0
0
0
0
0
0
0
0
0
0
0
0
0
0
0
0
0
0
0
0
0
0
0
0
0
0
0
0
0
0
0
0
0
0
0
0
0
0
0
0
0
0
0
0
0
0
0
0
0
0
0
0
0
0
0
1
0
1
0
1
0
3
4
2
4
4
4
0
3
1
3
2
5
4
15
42
107
353
941
2178
4824
9422
16816
27697
40638
54034
66308
73353
73017
66507
55111
41658
28782
17514
9705
5005
2333
985
363
138
38
14
8
6
3
3
3
0
1
1
1
0
0
0
0
2
1
0
1
0
0
0
0
5
49
39
45
49
54
58
48
43
46
48
44
53
59
43
37
35
51
45
38
36
45
47
56
52
43
41
36
41
45
36
36
45
38
50
45
37
51
45
49
32
47
40
47
45
44
43
47
36
36
39
41
52
39
31
53
51
52
44
51
51
51
42
44
33
39
42
44
51
55
66
60
90
107
94
124
99
98
115
94
106
82
75
59
67
49
37
56
38
49
45
40
38
50
55
54
48
38
55
51
59
52
55
70
65
77
64
72
80
84
90
89
108
117
133
116
132
151
159
188
178
193
240
294
291
378
615
842
1324
2163
3420
5515
8223
11627
15763
20536
25119
28916
32027
33403
32785
30565
27045
23112
18324
14025
10415
7667
5227
3730
2682
1953
1435
1031
870
594
424
318
265
251
281
326
368
376
469
533
526
522
515
461
379
339
300
207
128
122
83
57
51
61
40
46
30
24
26
24
24
19
12
15
14
12
7
9
8
8
3
8
7
14
10
10
12
10
5
11
12
18
12
17
8
8
9
7
13
11
10
8
9
8
7
10
16
7
12
17
19
23
12
14
35
18
20
21
29
22
25
24
25
26
26
17
23
19
15
16
30
16
23
27
21
23
27
21
22
22
21
23
19
24
19
16
16
17
24
21
11
11
4
7
11
10
10
7
2
7
9
4
2
5
7
8
6
4
5
9
3
6
7
6
6
4
11
7
5
8
7
10
8
10
9
13
7
13
19
8
14
14
22
24
27
25
27
26
33
24
18
19
19
20
18
18
13
19
6
9
4
7
14
3
9
14
13
11
11
5
11
14
10
6
9
7
9
6
6
11
7
5
3
6
6
6
8
9
5
9
7
0
4
8
3
8
3
4
14
6
4
7
5
7
4
8
5
5
8
3
7
5
10
9
5
4
9
3
4
9
5
8
5
5
6
7
7
4
7
2
5
12
7
8
4
7
7
8
5
11
10
10
3
5
5
6
5
5
2
6
11
4
7
8
13
11
10
10
9
7
10
5
6
5
14
6
12
7
4
8
9
14
10
9
6
3
3
14
3
8
12
10
10
4
11
7
9
9
13
6
6
8
15
9
8
11
8
12
9
8
11
11
9
14
15
9
14
13
9
10
9
2
4
9
10
7
8
8
5
11
5
10
7
13
6
13
11
11
10
7
8
14
8
16
10
14
9
9
11
10
11
9
7
12
5
17
7
9
15
9
8
11
11
8
15
15
12
13
19
17
16
15
9
17
13
12
17
19
16
23
13
16
12
20
16
20
11
20
17
17
18
27
15
16
15
12
14
21
19
21
14
28
12
17
18
18
20
9
23
12
17
17
27
23
17
12
19
16
16
22
27
19
19
13
14
28
29
23
16
19
19
11
21
19
22
21
27
19
16
22
19
19
19
25
28
12
24
29
30
29
23
24
24
25
26
29
25
24
22
26
34
20
30
24
37
22
30
33
26
29
27
33
29
23
36
40
40
34
32
28
28
29
29
43
29
41
38
44
41
29
36
39
32
41
42
54
45
50
44
36
38
40
45
29
34
33
52
37
49
37
55
41
47
50
48
54
49
38
42
60
48
54
56
67
69
59
60
51
55
59
51
65
71
56
65
69
68
71
69
44
75
56
78
74
88
60
58
81
81
78
90
74
78
77
84
82
71
82
90
77
78
86
95
96
94
91
82
86
73
89
81
88
84
92
82
79
72
71
91
67
81
73
79
74
83
72
69
82
73
85
76
80
79
77
66
70
69
81
65
69
87
75
70
75
68
67
69
66
55
61
68
73
64
88
78
69
64
54
72
75
79
71
82
86
50
85
67
68
64
74
90
64
85
74
59
62
79
86
73
77
66
65
65
76
71
86
59
69
76
68
63
74
77
73
61
80
71
75
81
72
78
77
73
88
71
65
67
69
70
66
75
80
76
76
78
70
88
60
62
77
67
76
64
96
90
65
74
73
84
73
86
74
77
76
70
71
78
65
94
72
96
64
72
82
82
70
83
94
84
79
82
76
91
106
120
124
158
158
180
212
277
281
394
435
489
595
677
677
809
861
926
994
1080
1079
1095
1033
993
942
930
893
722
631
565
491
442
394
321
253
214
184
161
159
129
119
115
89
107
84
99
85
93
92
95
90
88
96
85
96
83
95
92
115
95
98
108
100
106
114
99
99
98
95
106
106
80
114
111
92
116
107
112
94
95
118
103
99
98
92
102
90
121
109
96
106
122
100
101
116
113
89
130
119
117
123
116
107
115
108
117
119
140
131
146
136
185
174
190
201
187
225
235
227
251
222
261
232
247
258
213
235
246
225
206
203
200
240
203
193
160
168
161
146
173
149
186
146
138
138
155
148
149
162
154
136
166
146
148
146
150
170
158
179
158
158
176
183
147
171
187
177
159
162
165
199
182
188
221
196
215
223
174
200
174
201
224
210
205
199
214
228
200
215
201
197
215
212
207
218
228
209
210
194
235
240
206
225
216
237
232
218
221
250
225
212
214
239
224
243
224
258
226
235
242
230
216
279
252
242
238
246
231
252
255
248
228
257
223
242
219
259
263
246
263
246
240
237
236
238
236
243
232
246
233
246
258
225
237
243
244
238
230
230
232
243
221
220
229
213
256
250
217
234
210
223
260
213
232
242
213
223
185
180
228
200
237
184
203
208
192
225
201
202
198
199
215
196
195
183
177
206
196
190
214
185
205
194
185
210
181
210
194
192
217
189
193
199
225
186
202
199
212
205
214
183
187
181
196
176
203
201
186
190
180
216
192
198
191
166
187
212
192
191
218
188
207
207
219
196
205
216
191
204
205
218
214
169
202
217
214
199
206
192
221
189
222
201
234
222
204
204
211
200
212
201
200
216
180
235
226
225
204
195
210
211
210
217
205
234
219
221
266
213
217
207
212
213
227
253
209
216
250
232
233
214
213
235
243
238
202
239
221
224
204
234
238
198
230
211
254
228
215
242
215
231
244
218
211
218
224
228
215
235
208
218
267
224
227
225
241
227
219
194
233
225
240
222
239
225
226
251
217
227
210
255
233
251
246
248
237
235
217
251
222
238
248
239
216
233
256
223
250
234
275
243
239
262
251
269
236
258
234
248
260
240
233
230
215
230
218
235
259
254
270
225
237
242
245
208
273
233
220
245
231
265
296
256
267
264
271
253
244
250
240
252
252
270
266
255
250
253
288
263
266
267
265
262
254
243
255
255
291
281
265
262
290
283
301
253
285
277
300
272
281
264
279
290
278
248
297
241
279
250
273
266
283
256
298
271
228
285
252
275
240
274
262
280
278
265
265
275
286
298
268
303
274
282
283
277
285
280
318
295
262
306
260
291
286
317
284
283
281
302
284
303
300
290
303
277
337
304
285
276
282
270
321
290
283
299
305
283
313
299
270
299
274
278
270
245
319
288
258
271
244
279
339
279
273
292
274
280
275
290
247
289
269
280
271
293
281
236
262
274
266
242
265
233
272
284
296
274
255
253
298
263
223
222
254
283
261
228
273
272
247
238
226
273
245
249
240
257
259
245
241
236
258
241
225
245
229
250
259
264
241
263
220
247
238
239
233
214
229
244
260
232
230
241
240
240
251
213
287
237
266
260
258
249
245
216
236
249
247
264
270
246
254
262
243
273
242
259
278
215
232
252
252
296
245
253
240
251
240
254
244
238
243
234
251
231
218
273
226
237
249
267
237
264
240
218
224
239
235
228
216
255
248
244
244
248
226
244
231
241
235
231
270
258
236
221
248
235
245
265
233
236
239
265
224
211
251
268
219
242
256
264
242
243
224
259
286
245
236
241
233
241
217
222
246
247
244
268
254
243
280
231
244
213
238
249
226
252
217
232
231
221
236
228
216
235
243
260
247
240
287
239
262
244
247
236
248
254
258
247
255
238
248
231
271
246
228
248
220
227
274
250
251
208
250
241
246
276
244
253
228
235
245
280
272
270
279
265
261
257
258
247
273
242
266
278
269
248
262
251
262
253
238
279
273
288
281
266
270
287
293
277
304
303
265
285
283
283
270
292
320
296
313
340
290
276
321
307
317
324
328
315
304
327
310
315
327
331
329
311
342
337
365
340
326
382
384
355
348
360
383
386
390
382
401
345
423
418
420
406
417
441
436
414
437
450
461
483
518
521
516
520
535
573
543
554
580
581
620
645
673
716
681
722
745
816
761
796
862
816
890
881
954
1024
975
1048
1058
1095
1123
1093
1160
1175
1242
1236
1270
1283
1267
1279
1346
1340
1353
1332
1344
1301
1431
1324
1388
1447
1361
1430
1444
1415
1415
1396
1416
1316
1311
1416
1366
1330
1233
1237
1156
1171
1075
1165
1087
1076
1015
1080
1022
920
966
851
870
873
819
816
753
735
723
676
690
642
643
586
591
578
550
549
526
498
478
479
451
420
436
401
436
370
402
366
345
344
372
407
307
300
332
326
329
284
291
301
329
297
304
253
275
271
253
262
266
265
267
274
246
250
224
235
238
223
221
215
211
218
227
225
207
196
235
215
203
204
239
219
204
233
228
244
238
231
233
260
264
263
259
334
324
316
321
329
339
375
411
329
414
418
400
446
419
401
416
436
432
404
421
409
402
408
419
394
363
363
340
337
304
302
263
276
233
239
227
230
216
206
201
197
174
171
144
168
156
142
133
145
165
146
141
162
137
159
126
142
151
146
134
135
149
161
138
162
160
155
151
166
180
160
166
185
165
166
178
148
180
158
180
201
205
192
184
199
201
195
180
206
198
203
218
211
224
251
233
222
231
220
222
217
229
254
251
270
246
244
256
240
227
258
250
296
236
250
260
244
216
246
210
237
234
242
220
210
243
250
230
204
202
223
225
222
216
197
206
204
171
187
169
177
182
181
182
163
189
163
157
152
152
155
155
158
143
146
123
136
119
125
104
127
107
122
108
112
107
99
103
107
111
109
108
99
102
118
104
109
97
85
89
76
109
97
93
101
77
84
74
77
83
83
80
71
83
71
69
80
70
76
72
77
76
66
82
68
68
56
78
64
56
73
53
70
54
61
55
47
58
74
55
72
67
54
69
60
48
60
60
46
59
39
52
64
47
60
47
46
60
54
51
47
50
55
50
48
56
46
51
51
42
55
55
62
56
57
48
83
61
61
59
71
76
72
69
63
86
67
80
75
87
69
77
69
75
70
75
63
78
74
72
70
49
53
57
41
51
37
39
56
52
49
48
57
40
35
35
45
39
48
48
44
45
45
46
31
42
40
39
47
29
37
31
51
42
39
37
41
39
48
39
41
37
36
34
31
33
25
30
28
28
36
36
37
39
36
40
50
29
28
35
27
29
39
38
41
24
33
32
29
26
27
27
26
42
41
32
32
28
27
39
30
28
29
28
31
19
24
41
29
29
30
28
28
28
26
25
27
33
32
33
43
35
26
38
26
32
26
31
27
27
32
32
29
29
21
35
25
30
25
23
36
27
23
27
25
35
25
26
22
25
23
21
27
32
32
24
24
24
25
21
29
30
27
26
25
28
28
28
15
18
31
38
27
27
28
34
28
17
36
24
20
23
23
23
24
20
21
26
19
25
26
27
32
26
28
28
26
21
15
29
20
38
29
17
24
27
31
20
29
27
27
35
22
28
20
20
21
21
31
20
30
17
30
24
20
15
32
20
15
25
25
19
24
21
18
28
27
29
19
25
20
13
21
18
18
24
23
21
18
21
16
23
21
15
25
26
21
24
20
34
14
19
13
24
16
22
29
14
19
17
22
17
14
19
20
30
25
22
18
17
12
14
11
17
23
25
27
17
23
14
14
17
13
18
21
14
11
17
25
19
15
17
15
13
17
18
18
17
17
15
9
18
16
16
13
22
14
12
13
23
14
10
12
15
15
16
17
16
25
14
15
18
18
11
20
17
15
12
10
11
20
15
14
16
20
20
15
19
14
17
18
25
22
18
9
15
15
16
17
20
15
25
20
21
17
17
16
13
13
15
17
14
10
17
13
15
14
9
15
15
14
16
15
18
20
16
10
12
12
14
22
15
21
10
15
14
8
15
23
21
14
9
18
16
11
13
16
8
17
15
15
19
15
13
8
11
13
8
12
18
12
10
16
13
13
13
6
16
10
14
10
17
17
11
10
7
11
11
9
13
7
18
11
15
7
10
17
8
10
14
17
8
14
20
15
15
12
21
6
12
6
10
14
15
13
15
8
8
13
8
3
14
11
9
13
9
9
4
12
6
8
11
15
10
9
11
10
14
12
15
8
11
20
16
12
14
10
8
14
8
13
10
7
11
10
16
13
8
9
8
12
14
5
7
11
9
11
13
11
10
14
5
11
12
4
13
13
6
10
7
9
8
8
10
13
14
9
5
15
8
7
17
14
7
8
13
11
2
9
8
8
10
11
12
7
7
4
8
5
10
8
12
11
3
10
8
7
14
3
8
8
16
5
12
7
8
9
11
11
11
5
11
9
11
7
2
9
11
8
7
8
9
4
11
12
13
13
14
9
16
4
6
12
8
4
10
8
5
6
11
5
7
9
10
12
4
5
6
6
6
5
7
8
6
5
6
4
2
5
7
7
6
3
1
2
3
6
8
8
8
5
3
5
10
7
10
5
5
5
11
9
5
4
8
8
8
8
11
9
12
5
7
5
6
6
6
4
8
6
7
4
9
2
4
1
2
5
4
4
5
5
6
5
6
8
6
3
8
5
8
7
4
6
1
8
4
4
7
3
4
4
4
4
9
10
6
3
7
3
9
7
4
4
4
4
5
4
6
5
5
4
4
5
2
2
5
1
6
6
4
3
7
7
7
5
9
4
2
5
6
2
4
6
7
7
8
6
4
4
4
8
6
4
10
8
6
4
4
5
10
6
2
5
5
6
4
6
9
6
6
6
6
5
8
5
4
3
4
3
3
3
1
2
10
6
4
4
1
3
4
3
3
3
1
2
5
3
1
8
4
3
4
3
8
2
1
3
7
5
6
6
2
4
4
4
2
8
5
3
2
4
3
1
3
3
3
5
4
2
5
4
3
5
1
5
7
5
2
1
2
3
4
5
4
1
4
1
3
2
3
5
6
3
5
7
5
5
5
3
4
2
4
1
4
3
7
2
1
2
2
6
3
3
3
1
0
4
4
2
5
3
2
3
5
3
3
2
3
1
0
3
1
2
3
2
3
4
4
1
3
1
3
1
1
3
5
5
3
4
5
5
2
2
5
4
2
1
4
0
3
9
6
2
3
2
4
3
3
3
4
8
0
1
4
1
0
3
3
3
3
2
3
4
1
4
3
2
2
0
1
2
1
4
6
3
1
0
1
1
0
5
0
2
3
3
2
1
0
2
2
4
1
4
2
1
3
3
4
2
2
4
2
0
2
3
2
1
1
4
1
2
1
0
0
2
5
1
2
1
0
3
3
3
0
3
2
0
0
1
3
3
5
3
4
1
1
1
2
1
1
2
3
1
0
2
2
3
1
1
2
1
2
6
1
2
1
1
3
3
3
1
3
1
3
2
1
1
2
5
2
0
3
0
3
2
0
1
1
1
3
1
2
2
1
2
1
0
0
3
1
2
2
1
2
2
2
2
1
0
3
6
1
0
1
1
2
1
1
3
1
1
0
2
1
1
2
1
2
1
2
1
1
3
1
1
0
5
2
0
1
2
1
2
0
2
0
0
1
2
0
0
3
2
0
0
2
0
1
3
6
3
2
1
0
1
2
2
3
1
1
0
0
1
0
2
0
0
2
2
1
1
0
0
1
1
2
0
1
0
1
1
2
1
1
2
2
2
2
0
1
1
0
0
1
0
0
1
2
1
1
0
1
1
3
2
0
0
1
1
0
2
2
0
0
0
0
0
2
0
2
2
0
0
1
0
3
2
0
1
2
3
2
0
1
1
1
1
0
0
1
1
2
1
0
3
1
1
1
1
0
0
0
2
0
2
0
1
0
1
0
1
0
3
0
0
0
1
1
1
0
0
0
0
2
2
0
1
0
2
0
1
1
2
1
1
1
0
2
0
2
2
0
3
0
0
1
1
0
0
1
2
0
1
1
1
0
2
2
0
0
1
0
1
2
1
1
2
0
1
0
1
1
0
0
1
0
1
2
0
1
0
0
0
0
1
2
3
1
2
0
0
2
0
0
0
1
2
0
0
0
0
1
0
1
1
1
0
0
1
0
0
0
0
1
0
0
1
0
0
0
1
0
4
0
0
1
0
0
0
1
1
1
1
0
1
0
0
0
1
0
0
0
0
1
1
0
0
1
0
1
2
0
0
1
0
0
2
1
1
0
0
4
1
1
1
0
0
0
0
1
0
0
1
0
1
0
0
1
0
0
3
2
0
1
0
1
2
0
0
1
1
0
1
0
0
0
0
1
1
0
0
1
1
1
1
0
0
0
0
0
1
0
1
0
2
0
0
0
0
1
1
0
1
1
2
1
0
0
1
0
0
1
2
1
1
0
2
0
2
2
0
0
0
1
0
0
0
0
0
0
3
1
1
0
1
0
0
1
1
0
0
0
1
1
0
2
0
0
0
0
0
1
0
0
0
1
0
0
0
0
0
1
0
0
1
2
1
0
0
0
0
0
0
1
0
0
0
0
1
0
1
0
0
1
2
0
1
0
0
1
1
2
0
0
2
0
0
0
0
2
0
0
0
0
1
0
0
0
1
0
0
2
0
1
0
0
2
0
0
0
0
0
0
0
0
0
0
1
0
0
0
0
0
0
1
0
0
1
0
1
0
0
1
1
0
0
0
0
0
0
1
0
0
0
0
1
0
0
0
0
0
0
1
1
0
0
0
0
1
0
0
0
0
2
0
0
1
0
0
0
0
0
1
0
0
0
0
0
0
1
0
0
0
0
0
0
0
0
0
2
0
0
1
0
0
1
0
0
0
0
1
0
0
0
0
0
0
0
1
1
0
0
0
0
1
0
0
0
1
0
0
0
0
0
0
0
0
0
0
0
0
1
0
0
0
0
0
0
1
0
0
0
0
0
1
0
0
0
0
0
0
0
0
1
0
1
0
0
0
0
0
2
0
0
0
1
0
0
0
0
0
0
0
0
0
0
0
0
0
0
