0
0
0
0
0
0
0
0
0
0
0
0
0
0
0
0
0
0
0
0
0
0
0
0
0
0
0
0
0
0
0
0
0
0
0
0
0
0
0
0
0
0
0
0
0
0
0
0
0
0
0
0
0
0
0
0
0
0
0
0
0
0
0
2
0
0
0
1
0
7
2
1
3
5
2
2
4
3
3
3
5
2
12
47
129
354
957
2201
4823
9458
17154
27509
40703
54428
66409
73246
73053
67103
54972
41198
27986
17432
9849
4941
2368
973
372
127
43
6
2
4
1
2
0
2
0
0
0
1
1
0
0
2
0
0
0
0
0
0
0
2
58
56
48
56
60
51
51
61
62
55
64
49
59
72
58
61
67
59
54
60
56
56
51
49
66
48
56
52
57
60
49
49
49
64
67
50
54
55
60
48
52
52
37
51
52
48
39
47
35
56
34
53
45
46
56
43
38
47
50
47
50
55
40
52
54
55
61
62
71
71
65
103
96
102
109
107
108
102
96
122
84
72
60
87
69
59
47
55
51
55
45
47
52
54
47
52
61
57
72
54
72
53
57
71
75
72
66
87
92
103
103
101
127
120
116
143
126
132
189
178
188
253
259
309
395
550
819
1401
2221
3555
5273
8145
11505
15864
20107
24817
28321
31796
33035
32460
30557
26919
22712
18263
14073
10401
7309
5270
3910
2722
1954
1448
1046
801
599
417
306
254
239
278
290
390
432
479
510
521
539
549
447
359
325
254
226
154
104
101
63
48
43
53
42
41
42
22
21
22
21
18
17
16
11
15
10
5
12
7
7
8
12
4
10
5
8
10
6
9
11
10
17
7
8
6
8
9
18
14
7
17
7
9
8
14
10
14
7
15
13
19
18
15
26
38
32
25
30
26
33
29
25
21
20
20
21
20
21
11
19
17
22
27
30
25
23
21
17
15
27
21
19
29
13
22
16
15
14
18
13
15
11
8
9
7
10
5
3
7
6
4
5
10
4
9
11
7
4
10
8
5
6
5
3
6
7
7
4
4
5
7
4
9
8
7
10
13
16
11
13
17
15
20
28
23
36
29
33
15
17
12
18
15
8
11
9
13
13
15
10
12
10
11
9
13
14
14
12
9
15
12
10
11
13
7
8
8
7
5
7
4
4
4
6
4
2
3
4
9
4
4
6
6
4
5
14
6
8
10
3
4
7
7
4
5
7
11
4
4
7
6
5
6
7
9
5
4
5
8
7
5
7
5
2
8
12
9
6
3
9
9
8
8
8
6
6
10
12
6
9
9
9
7
6
5
9
10
6
10
13
7
5
11
7
8
9
5
13
5
4
10
4
7
6
10
4
9
9
6
13
7
10
7
5
9
5
5
9
9
12
6
6
18
9
7
5
12
6
11
7
7
6
10
10
10
9
8
9
9
9
9
13
9
16
7
5
7
10
10
12
16
10
7
12
14
7
13
5
6
8
8
12
12
6
5
10
10
11
11
8
5
10
11
8
4
10
9
9
9
10
10
15
16
7
8
10
11
13
18
9
16
11
10
12
9
16
11
9
14
17
11
16
22
16
15
10
8
18
13
16
17
21
15
13
14
16
10
21
28
18
15
11
20
16
21
24
18
18
21
19
16
19
16
20
22
12
16
16
13
22
16
14
21
11
20
11
14
23
19
10
21
19
17
20
14
22
17
14
18
23
19
18
14
12
26
17
19
24
23
32
28
26
22
32
20
24
25
21
22
30
27
20
32
24
17
31
27
17
20
23
23
24
39
15
18
25
25
30
33
30
31
32
46
32
38
34
30
25
41
40
39
30
33
33
36
43
35
34
32
44
40
48
47
41
33
36
36
32
43
53
45
46
42
46
41
57
48
46
43
44
37
51
40
58
39
40
55
46
57
57
42
68
64
53
61
59
55
64
56
65
63
65
56
68
62
59
74
61
57
68
70
66
78
77
74
65
77
70
97
86
84
90
102
81
88
84
84
101
92
74
104
91
92
95
82
75
70
87
71
89
74
78
82
81
79
58
73
82
63
68
61
82
71
78
74
84
70
69
69
58
70
67
76
71
85
69
75
64
69
55
74
70
72
67
75
69
61
80
68
71
68
61
63
84
79
64
73
59
67
72
77
80
65
54
69
69
71
76
82
67
67
80
64
72
70
77
77
80
59
75
70
78
78
95
78
71
68
75
75
65
64
72
71
70
76
62
55
59
59
70
74
70
75
63
59
75
56
74
62
72
66
71
75
62
74
63
78
68
87
71
87
79
67
88
74
69
84
66
84
65
92
78
88
74
81
74
79
79
64
69
92
78
62
94
96
87
99
86
92
93
90
98
106
140
154
170
195
207
271
328
394
443
519
621
623
776
836
872
955
1053
1064
1045
1053
1044
996
893
881
786
736
651
554
490
399
366
274
265
221
185
146
164
141
120
101
120
93
107
80
103
91
111
104
93
94
91
75
113
80
109
98
85
93
91
98
109
110
89
87
110
105
93
102
102
111
91
96
130
98
111
102
113
100
102
110
126
111
133
120
100
128
108
108
113
112
121
112
120
113
107
120
98
145
113
115
124
115
139
138
159
149
149
167
137
163
194
179
182
209
210
210
223
239
264
268
246
263
259
234
226
247
240
227
232
206
204
188
196
171
150
166
166
167
146
155
180
152
166
155
144
160
181
170
147
159
165
174
157
179
188
168
176
191
155
181
194
159
171
177
181
198
187
196
177
215
180
196
206
228
221
223
224
231
199
196
232
219
222
244
244
250
243
219
247
241
267
246
226
243
231
228
243
238
239
227
279
252
248
231
255
268
236
254
233
264
275
246
229
287
259
257
253
246
276
231
253
280
262
271
273
292
273
247
270
303
237
270
278
274
296
271
250
279
256
294
267
261
302
272
279
296
270
299
251
298
263
273
290
251
253
256
275
265
280
275
279
273
268
252
270
266
257
247
264
275
264
260
251
245
241
246
229
236
240
240
243
232
265
265
250
241
243
247
221
260
231
233
245
224
223
250
225
255
245
247
233
217
218
232
232
223
252
274
235
247
240
220
220
278
234
262
250
251
207
208
257
245
234
239
224
232
262
226
208
272
260
238
236
243
230
238
238
269
261
243
274
256
227
229
244
257
276
293
244
288
255
251
264
258
233
280
225
256
237
250
255
233
252
268
264
286
234
279
272
270
254
292
282
285
283
308
297
278
252
309
278
290
295
290
272
281
314
299
267
296
266
312
263
327
260
299
296
273
313
253
296
321
279
275
309
286
316
265
289
269
291
272
298
296
288
299
290
301
266
309
287
260
284
297
279
293
279
281
288
289
293
302
285
296
266
294
285
295
294
313
284
294
325
238
282
294
286
277
324
280
305
277
294
267
299
299
306
314
288
325
286
286
327
308
302
305
274
327
317
312
286
292
283
310
303
315
313
335
288
305
326
334
331
325
321
305
335
306
303
319
319
312
295
296
332
336
331
328
309
324
323
304
312
328
310
320
311
320
352
306
319
316
302
335
333
332
334
318
342
369
318
352
305
360
349
338
343
319
325
343
380
313
335
332
326
345
366
341
380
348
349
343
338
348
360
375
308
386
372
375
348
351
328
328
342
338
379
382
350
349
355
342
334
325
345
349
344
341
417
369
366
347
373
336
345
354
384
383
375
365
386
349
369
362
356
389
352
380
363
347
347
350
353
343
337
362
365
372
366
377
382
365
329
361
363
353
318
354
387
330
366
361
372
359
392
343
354
293
335
351
360
350
346
343
327
359
355
390
356
345
316
303
346
343
335
328
323
328
349
315
340
359
307
319
341
349
304
333
312
312
330
334
317
338
310
355
335
291
309
297
344
334
315
287
292
322
331
322
293
303
336
292
324
327
315
319
318
320
305
296
347
310
292
306
322
329
312
341
290
310
321
283
322
350
306
320
319
320
295
307
322
285
329
322
299
332
295
324
321
284
319
323
310
282
309
318
301
294
297
304
288
331
319
333
293
297
314
296
298
275
310
301
304
314
302
283
302
325
292
319
291
284
287
288
312
297
314
305
312
316
279
282
283
301
306
310
304
279
284
299
293
281
284
278
286
288
292
291
325
307
302
274
300
282
297
282
324
301
274
305
287
311
290
278
305
299
272
298
287
288
316
304
275
259
324
290
304
260
288
299
316
311
312
289
280
285
286
284
315
294
264
281
299
295
290
279
310
263
280
278
292
292
304
277
273
304
291
268
317
289
295
289
315
308
288
289
310
279
300
298
289
309
284
303
307
290
290
302
278
294
299
294
298
295
301
302
307
287
297
311
302
292
309
342
315
328
348
330
297
337
330
334
334
328
343
329
299
349
321
330
332
293
329
335
346
358
371
361
357
349
407
348
375
349
349
405
372
401
353
388
386
419
380
366
395
376
416
440
387
391
399
416
423
418
406
414
456
425
473
451
458
477
462
491
457
495
502
505
515
593
525
563
565
508
526
597
609
639
589
590
652
674
637
692
748
788
778
806
862
902
830
919
934
970
1009
1043
1038
1085
1061
1186
1175
1233
1226
1281
1309
1287
1344
1432
1372
1477
1425
1491
1510
1511
1563
1642
1588
1617
1611
1707
1597
1675
1626
1622
1670
1702
1649
1656
1628
1579
1616
1597
1567
1528
1574
1518
1530
1530
1418
1392
1344
1341
1298
1270
1224
1230
1184
1125
1081
1017
1034
980
984
920
900
850
860
819
794
755
689
742
711
682
621
582
639
568
597
572
506
538
477
507
433
449
435
456
409
412
422
432
364
397
345
373
374
367
355
358
322
318
324
319
307
311
317
308
304
323
280
316
324
257
287
287
281
275
277
243
254
269
264
259
248
265
247
258
248
254
223
238
255
244
239
257
275
279
242
278
323
304
354
322
315
369
393
334
362
384
416
374
414
425
421
468
435
464
447
483
495
492
476
469
453
455
459
451
455
412
405
375
385
351
343
316
301
308
256
258
261
223
228
215
212
190
193
168
188
175
164
156
145
162
170
145
152
184
164
152
171
153
168
204
197
146
154
186
169
177
175
195
174
211
158
188
178
188
191
171
225
203
201
199
210
214
221
213
213
199
229
249
243
242
241
246
253
254
250
227
228
248
230
291
274
268
258
279
305
285
276
279
290
270
282
277
270
284
261
290
263
265
278
273
265
263
272
256
250
248
240
220
248
253
231
243
234
226
250
223
221
224
209
211
178
193
197
185
170
161
186
175
182
160
185
156
164
168
174
143
146
145
139
155
154
139
144
134
138
133
145
117
122
129
120
124
123
131
110
110
108
102
119
92
109
105
101
107
99
103
111
84
88
91
74
95
95
83
88
88
82
87
95
74
86
83
66
86
63
67
80
74
63
75
61
78
78
73
77
75
53
69
59
89
64
61
65
60
73
59
71
62
69
62
76
62
66
65
50
52
67
62
64
54
44
55
73
66
45
70
50
55
72
46
59
51
79
71
67
53
46
74
81
67
73
80
83
63
89
90
78
76
82
75
81
83
77
90
89
79
63
71
72
73
84
55
62
66
66
48
64
65
53
59
64
45
60
44
41
45
55
41
45
63
52
39
51
38
39
46
53
39
48
49
50
52
37
46
38
40
49
30
48
38
45
49
43
48
44
41
39
42
41
28
35
30
41
33
35
33
36
34
38
39
32
36
37
33
29
36
46
36
46
54
30
29
43
28
30
34
33
32
39
32
39
46
28
25
37
33
32
32
41
36
31
19
36
32
21
36
22
30
45
40
32
28
41
33
38
27
27
35
34
35
35
26
38
29
29
33
32
22
39
21
33
30
34
23
35
23
35
28
29
25
22
30
37
25
27
34
32
20
34
32
26
26
35
39
33
29
28
29
28
27
23
34
21
35
23
30
24
25
29
32
24
35
28
24
24
27
25
41
28
30
19
26
29
34
23
30
34
39
20
23
34
29
25
36
27
31
21
19
28
28
36
17
25
21
35
24
26
24
28
33
24
30
14
18
27
24
29
35
18
34
25
26
26
26
28
21
23
27
20
26
24
20
17
28
22
19
26
18
19
13
16
22
31
31
19
23
26
33
26
22
25
27
22
23
21
19
22
23
26
26
20
19
19
20
21
36
12
21
19
25
24
15
20
30
19
23
18
20
26
18
14
20
21
16
18
18
15
11
24
19
22
16
14
29
14
19
19
17
20
14
12
20
23
18
19
20
24
12
17
16
24
19
20
29
9
19
15
19
11
22
19
17
20
11
22
11
20
19
17
14
21
10
22
23
22
23
17
12
18
14
14
19
15
17
29
17
14
16
21
17
19
14
15
17
15
15
14
14
10
14
23
13
11
19
16
16
11
16
13
18
16
21
14
18
12
12
16
11
22
13
19
16
11
16
14
11
20
16
9
10
16
10
20
14
13
19
16
12
12
12
19
11
15
13
13
10
12
12
16
8
16
19
12
9
11
12
17
17
9
12
10
7
17
10
18
11
15
13
19
9
17
14
15
11
10
11
12
11
10
18
9
14
11
11
15
14
10
9
11
11
15
10
10
10
10
21
16
9
5
4
12
7
10
13
12
9
8
6
14
11
5
10
15
15
5
7
11
14
12
7
14
18
7
13
14
16
10
9
12
8
16
11
8
14
9
13
13
17
10
12
7
6
12
10
10
7
12
5
12
11
2
13
7
12
5
4
11
11
6
7
12
6
8
6
7
11
10
13
2
12
11
4
5
12
9
5
5
5
13
6
7
7
11
14
4
3
8
15
14
11
11
12
11
6
8
2
11
9
3
8
13
9
8
10
10
9
11
12
4
5
12
7
9
5
12
8
7
9
6
6
10
12
14
9
10
10
7
8
10
7
6
10
5
6
12
4
7
2
9
9
8
9
8
8
7
5
7
12
3
8
12
5
9
5
5
8
6
4
10
7
4
6
12
3
8
7
6
4
7
7
12
6
10
5
4
7
4
5
6
5
8
12
6
5
6
7
8
11
3
8
7
7
6
7
9
9
4
10
7
4
4
7
9
12
11
6
4
4
7
4
7
7
5
11
8
6
7
5
9
9
10
7
6
4
8
10
5
8
8
8
6
2
9
5
5
7
9
6
5
7
4
1
2
8
3
1
4
4
4
6
6
10
7
3
4
10
3
4
6
6
3
6
8
2
4
7
6
9
4
4
6
9
8
3
6
4
5
3
4
6
6
2
0
5
3
6
5
12
8
4
9
1
3
6
4
3
2
5
8
6
5
5
8
3
6
2
5
1
3
3
1
3
2
3
4
9
6
3
5
3
3
6
1
2
4
4
2
7
4
6
4
4
4
5
7
6
4
8
6
4
7
3
4
7
6
6
4
8
3
4
2
8
3
4
2
4
5
2
0
3
5
5
6
4
3
4
2
2
3
4
8
6
2
8
4
3
4
5
4
5
1
3
5
2
5
4
7
2
1
5
2
3
2
4
4
2
2
4
5
5
7
2
1
2
7
8
2
5
1
0
2
6
7
3
5
5
4
3
4
3
3
2
2
4
4
2
1
3
3
1
3
3
4
2
4
2
2
2
3
4
5
3
5
5
4
4
1
3
3
3
2
1
2
5
5
2
1
3
0
0
7
3
4
6
2
4
4
4
6
3
3
2
4
4
3
4
4
2
1
2
4
2
5
0
4
0
1
4
4
4
2
2
3
2
3
0
6
2
3
2
0
2
1
1
2
4
3
2
7
2
1
3
4
2
2
3
2
4
1
3
1
3
2
3
3
4
2
5
2
0
1
4
1
3
2
5
0
3
5
1
0
2
1
4
3
2
3
1
0
4
4
1
0
4
2
0
4
1
3
3
2
2
1
3
0
2
4
2
3
1
0
2
2
3
5
4
4
0
1
5
2
0
0
1
2
3
0
2
1
3
2
1
3
1
0
4
1
1
6
1
1
2
2
3
1
3
2
1
1
0
2
1
3
0
2
2
4
1
2
2
0
2
1
2
2
1
2
3
2
2
2
2
1
1
1
2
5
1
3
0
2
2
3
1
4
1
2
0
2
0
0
0
1
2
2
1
2
1
1
1
1
2
1
0
0
0
2
0
0
1
3
3
3
1
3
2
2
1
3
4
4
1
2
2
0
2
2
2
1
2
3
2
0
2
1
2
1
1
3
1
1
2
1
0
1
2
0
2
3
0
1
1
0
1
2
1
0
0
2
2
1
0
2
1
1
3
1
2
1
2
0
0
1
0
1
3
1
1
3
0
1
1
2
0
1
2
1
1
0
1
2
1
1
1
0
4
1
1
1
2
1
0
1
0
0
1
2
2
1
0
1
0
1
2
0
1
0
0
2
1
2
0
1
0
1
1
0
1
1
0
1
1
1
1
2
1
2
1
2
1
1
1
1
2
2
1
1
0
0
0
0
0
0
0
0
1
0
0
1
1
0
0
0
1
0
1
1
2
1
0
0
0
3
0
0
0
0
1
0
1
0
0
0
0
0
0
0
1
1
1
1
0
1
0
1
0
2
1
1
0
1
1
0
0
0
0
1
0
1
1
0
2
0
0
2
0
0
0
1
0
0
1
0
1
0
0
0
1
0
0
0
2
0
1
0
1
0
0
0
0
0
2
0
1
1
0
3
0
1
0
0
2
1
0
1
1
2
0
1
0
0
0
0
0
1
0
0
0
1
0
0
1
0
0
0
1
0
1
0
0
0
1
0
0
2
1
1
0
3
1
0
0
1
0
0
0
0
0
0
0
0
1
1
0
0
1
0
0
0
0
1
0
0
1
0
0
0
0
1
1
0
0
0
1
1
0
0
0
1
1
0
0
1
0
0
0
0
1
0
1
0
0
0
0
0
2
1
1
0
2
0
0
1
0
0
0
0
0
0
0
0
0
0
1
1
0
0
1
1
1
2
0
0
1
0
0
0
1
0
0
2
1
0
1
2
1
0
0
0
1
0
0
2
0
0
0
0
0
3
0
0
1
0
0
0
1
0
0
0
0
0
2
2
0
0
0
1
1
0
0
0
0
0
0
0
0
1
1
0
1
1
1
1
0
2
2
1
0
0
0
0
1
0
1
1
0
0
0
1
1
0
0
1
0
0
2
1
0
0
0
1
0
0
1
0
0
1
0
0
1
0
0
1
0
0
0
0
0
0
1
0
1
0
2
0
0
2
0
0
0
2
1
0
0
0
1
0
0
0
0
0
0
0
0
1
1
0
0
0
0
0
0
2
0
0
1
0
0
0
0
2
0
0
0
0
0
0
0
0
0
0
0
0
0
0
0
0
1
0
1
0
0
1
1
0
2
0
0
0
0
0
0
0
1
0
1
1
0
0
0
0
0
0
0
0
0
0
0
0
0
0
0
1
0
0
0
0
0
1
0
0
0
0
0
0
0
0
0
0
0
0
0
0
0
0
0
0
0
0
0
0
0
0
0
0
3
1
0
0
0
