0
0
0
0
0
0
0
0
0
0
0
0
0
0
0
0
0
0
0
0
0
0
0
0
0
0
0
0
0
0
0
0
0
0
0
0
0
0
0
0
0
0
0
0
0
0
0
0
0
0
0
0
0
0
0
0
0
0
0
0
0
0
0
1
0
0
2
3
1
2
6
1
1
2
3
1
1
2
1
1
3
4
17
38
112
357
918
2116
4747
9474
17186
27484
40847
54882
66169
72847
72849
66361
55458
41538
28390
17310
9925
5115
2314
1017
401
154
41
13
3
1
2
0
0
0
1
3
0
0
2
1
0
0
1
0
0
0
1
0
0
10
72
48
71
52
57
57
62
53
51
55
68
59
62
56
56
52
58
57
59
53
58
50
66
42
52
62
46
41
48
53
52
44
51
49
52
57
39
55
54
46
51
50
50
54
50
50
47
53
64
49
43
48
39
44
53
44
54
45
59
50
57
62
61
53
52
62
64
60
81
58
88
91
84
109
119
95
121
119
98
72
104
64
63
62
53
51
59
56
62
61
54
53
60
59
52
65
56
65
54
56
63
50
63
78
84
75
63
107
103
100
86
117
110
130
127
123
148
185
185
183
215
227
271
314
403
550
873
1390
2181
3533
5546
8243
12076
15964
20607
25416
29327
32300
33867
33387
31143
27116
23186
18553
14240
10444
7660
5445
3848
2757
2126
1477
1077
809
605
485
329
269
279
270
314
370
415
470
516
560
539
519
460
419
355
255
229
192
136
79
65
64
58
74
39
37
35
31
22
14
22
19
12
18
11
14
7
22
13
12
9
12
10
10
11
10
13
8
11
11
3
15
2
7
9
15
11
13
8
7
6
13
10
10
11
9
8
16
10
9
18
15
23
19
25
32
27
26
25
40
29
26
26
22
15
15
14
17
23
25
17
24
15
24
19
19
18
23
20
16
17
21
19
12
29
19
22
21
18
17
8
17
15
8
5
12
9
7
5
8
3
2
8
14
8
9
12
7
9
9
5
8
6
9
7
4
6
5
7
6
7
6
6
10
7
10
8
12
7
8
14
22
32
18
21
28
34
33
22
23
22
21
21
14
19
11
6
10
6
6
6
7
9
8
11
8
18
13
9
14
19
12
10
5
9
11
10
8
13
5
14
6
6
6
11
5
4
7
5
5
2
5
9
4
4
7
7
9
4
8
6
12
3
3
8
8
8
4
7
5
5
14
10
4
6
1
5
10
8
5
14
4
6
8
3
6
10
7
7
4
3
9
7
6
8
5
8
10
3
13
4
6
5
6
3
6
8
8
7
7
7
12
11
3
10
5
8
4
5
6
7
9
8
4
9
9
12
5
12
4
8
10
7
11
10
4
10
11
5
11
8
14
6
5
10
13
10
12
7
7
8
11
11
10
3
9
9
5
13
8
9
8
8
3
8
9
8
8
11
11
7
18
11
6
11
7
8
11
10
8
11
11
8
13
5
10
8
9
10
11
10
19
12
15
15
11
12
14
13
15
13
9
15
5
12
12
12
21
12
16
6
7
13
12
13
16
11
17
12
13
18
20
16
16
15
8
15
18
22
17
17
17
19
22
11
14
14
11
13
16
21
16
15
26
24
20
16
16
13
22
14
20
14
21
18
26
17
23
9
19
18
20
18
19
21
14
22
21
21
21
24
23
17
21
18
23
26
22
24
23
23
26
23
27
21
23
26
30
28
14
22
20
20
20
20
29
22
20
23
24
24
29
24
28
25
24
15
25
23
24
25
23
24
29
25
31
32
28
34
37
28
37
40
43
34
29
27
38
34
23
25
39
38
37
42
39
28
35
33
43
31
32
44
37
35
34
48
37
47
47
47
50
28
45
38
44
47
55
39
62
44
52
46
54
55
60
62
61
48
49
59
57
58
66
61
43
70
60
75
52
72
66
73
67
68
62
62
59
68
79
54
81
71
80
78
75
87
76
70
78
90
83
75
105
77
94
89
89
106
83
84
80
95
86
79
95
88
88
97
68
99
78
72
68
68
62
78
60
79
70
79
61
79
85
73
75
74
68
78
74
84
66
69
78
77
78
63
68
75
68
78
80
82
78
66
79
76
67
73
66
79
72
70
69
58
78
66
72
71
69
80
74
58
71
64
79
73
64
72
80
88
85
69
68
87
62
66
76
63
69
58
73
72
66
87
73
60
78
71
80
76
72
77
83
78
69
70
71
85
62
85
93
74
88
84
67
75
84
76
71
71
70
66
63
85
80
68
75
89
76
59
82
95
78
83
81
72
84
66
77
84
72
72
66
89
86
75
82
88
105
88
79
77
75
92
70
87
94
98
80
97
78
106
111
126
128
170
195
227
290
321
361
452
470
566
687
749
796
921
955
1021
1040
1081
1046
1020
985
979
924
849
741
624
591
505
423
364
313
284
218
187
191
157
158
129
130
95
113
96
98
102
87
101
116
105
107
98
86
99
113
121
88
107
99
97
112
103
98
96
97
92
102
121
118
89
113
109
97
104
99
109
122
127
116
96
114
116
120
104
99
121
114
120
129
129
103
119
115
135
112
109
115
132
115
115
102
102
116
142
148
154
146
161
143
172
165
171
177
187
199
226
226
254
238
243
240
276
282
278
240
242
241
260
229
211
217
202
200
176
181
192
174
163
156
155
168
170
182
152
160
167
165
161
167
160
149
189
167
159
179
191
181
177
150
147
205
184
176
163
197
156
230
176
206
170
210
199
197
203
220
241
224
217
214
228
196
222
238
216
234
228
232
238
240
263
242
249
225
258
225
247
266
244
242
232
236
251
222
229
243
276
233
250
261
256
224
283
213
251
237
236
273
235
252
255
250
259
249
263
253
291
256
302
294
267
282
277
276
246
279
291
287
257
245
252
263
275
275
271
271
267
280
294
310
283
291
284
273
255
270
262
281
295
270
268
251
254
270
273
267
257
262
261
295
226
255
250
258
277
252
249
247
246
247
237
266
238
249
224
244
249
253
243
246
226
218
242
218
224
221
226
234
228
228
241
218
247
236
254
228
249
239
218
233
240
250
246
250
215
239
237
235
239
226
248
225
229
248
247
245
255
224
257
259
239
235
230
248
243
283
265
276
248
239
258
244
259
268
248
245
218
262
250
263
263
266
267
242
281
254
253
259
229
268
286
304
243
291
252
258
291
253
265
271
291
259
253
276
267
263
263
291
264
294
295
306
268
243
278
281
285
274
312
298
302
272
284
273
277
295
266
256
306
272
279
268
283
308
265
273
280
275
336
266
309
304
317
302
281
289
269
307
278
284
309
281
286
271
269
304
283
324
287
274
288
296
325
309
305
318
283
301
283
322
324
313
307
293
280
265
327
283
297
311
296
330
329
290
302
311
310
291
290
331
297
311
292
327
300
292
308
334
307
319
301
308
278
296
326
325
282
324
340
333
351
325
344
290
321
308
331
317
327
323
323
325
308
311
303
323
322
324
334
351
328
346
345
337
332
374
339
320
351
338
335
317
321
341
333
350
346
342
348
352
340
333
344
348
341
362
363
316
351
344
370
383
365
362
333
352
341
362
323
342
346
335
349
353
357
383
332
333
335
355
319
333
341
356
339
358
360
362
346
352
351
357
332
342
399
386
375
371
344
360
381
387
359
364
376
345
353
417
364
406
384
356
378
390
357
353
377
363
364
371
349
379
362
406
379
347
388
344
405
325
355
373
372
389
356
345
349
383
397
365
370
338
389
348
373
344
397
357
321
377
339
366
358
350
325
364
344
349
354
341
340
335
328
353
352
344
342
358
349
326
334
334
326
340
329
341
323
329
345
328
329
340
324
317
344
359
320
295
329
334
343
345
319
343
316
327
361
333
284
301
317
337
337
295
337
324
272
320
324
303
307
280
320
307
323
304
305
322
316
306
342
293
320
327
318
300
322
309
315
331
297
331
320
313
309
325
287
258
312
301
278
306
341
287
334
301
314
322
325
323
316
299
310
328
327
312
304
307
318
334
318
301
319
304
308
304
295
285
324
344
328
292
321
289
313
302
317
300
276
326
284
290
314
294
295
341
310
307
337
312
290
322
278
314
337
296
286
321
285
293
291
293
320
288
319
296
301
300
305
278
318
282
303
294
277
305
290
275
306
302
292
288
315
322
260
329
267
280
297
299
326
295
311
298
275
295
289
281
310
288
297
312
270
341
299
291
281
308
293
289
302
289
308
277
266
307
299
297
332
306
298
310
286
318
311
293
302
313
293
336
298
297
319
325
326
302
347
296
313
339
339
313
318
343
314
327
291
355
335
302
353
313
314
298
330
327
289
312
361
335
307
338
336
318
340
316
344
360
364
359
367
335
350
352
342
315
369
354
318
362
362
339
352
406
388
366
348
404
404
382
400
396
415
381
384
415
394
429
397
410
416
422
433
428
441
400
441
414
501
442
479
471
502
488
497
446
530
478
529
485
550
522
555
535
604
569
610
633
602
640
634
659
687
695
728
730
797
759
815
816
817
826
876
899
901
982
1017
1015
1058
1075
1158
1220
1144
1246
1205
1296
1271
1337
1364
1393
1391
1487
1559
1481
1572
1552
1576
1612
1610
1608
1707
1703
1667
1728
1686
1748
1705
1745
1670
1660
1655
1707
1636
1632
1615
1585
1551
1510
1546
1467
1529
1415
1473
1365
1312
1288
1266
1247
1139
1120
1083
1145
1112
1039
1014
995
932
921
855
820
873
784
751
766
659
669
642
641
626
563
527
572
512
552
487
546
490
508
455
442
470
413
407
415
400
361
401
401
364
371
327
341
339
321
317
337
326
323
296
318
302
324
300
277
302
304
276
287
280
257
249
261
239
261
243
216
242
266
250
242
248
243
253
261
249
260
250
287
292
262
272
278
298
327
308
302
317
359
369
353
407
445
394
453
423
442
465
495
479
480
479
497
498
513
526
488
504
464
484
448
436
427
384
395
345
378
347
344
328
287
262
256
238
230
213
213
216
187
189
189
210
177
166
159
168
188
175
177
150
171
200
176
178
168
183
171
184
162
173
176
183
168
178
193
191
188
198
189
224
194
207
179
188
216
202
209
203
222
224
229
224
239
208
220
250
202
236
246
276
274
263
258
254
284
248
242
268
310
274
288
257
292
269
287
279
338
285
307
313
278
276
285
289
280
286
249
298
268
284
266
268
293
264
273
276
250
244
244
236
246
246
219
235
204
192
203
189
214
206
209
188
208
163
178
189
180
185
196
187
167
157
154
140
165
173
145
139
147
142
130
115
108
138
113
142
132
125
120
114
129
108
112
123
109
90
91
113
106
102
94
103
100
83
88
99
87
78
98
84
89
79
72
68
88
70
84
79
75
85
88
83
64
77
66
63
70
78
65
75
66
74
68
65
79
53
63
79
61
70
89
65
71
88
72
56
67
61
69
64
69
79
58
50
60
61
71
64
44
59
56
61
55
53
59
80
67
65
51
59
73
70
58
73
67
64
74
85
81
82
76
90
91
99
86
90
91
95
87
66
91
70
85
81
74
85
79
60
66
82
70
80
61
56
59
56
58
56
64
44
49
39
51
49
37
42
48
44
45
39
51
49
51
45
47
53
38
45
46
56
41
36
44
43
52
43
45
44
46
46
41
52
38
44
45
43
41
34
30
37
37
30
34
29
44
36
30
29
25
28
29
36
42
52
34
32
37
39
53
43
39
28
40
38
39
40
36
39
38
45
36
32
32
33
40
40
37
48
42
22
30
34
42
33
36
34
34
39
34
23
30
37
26
34
25
41
44
39
30
35
30
27
32
32
31
28
32
22
34
28
34
36
29
26
17
37
34
25
40
30
26
36
32
34
26
28
23
22
43
24
23
35
26
28
31
31
30
22
23
29
38
29
35
33
32
26
32
14
29
34
28
27
32
28
27
32
26
23
36
34
25
24
28
24
33
27
30
15
31
28
32
25
19
23
24
28
22
22
25
25
30
25
23
30
32
24
20
23
26
27
27
26
29
18
23
24
24
28
21
24
23
29
24
17
33
26
18
22
30
19
27
25
25
35
22
24
28
27
21
18
23
21
27
21
22
20
28
16
20
19
25
20
28
21
15
23
21
19
25
25
25
16
20
17
14
17
23
22
15
23
23
15
29
17
29
25
22
25
23
23
27
22
15
23
22
22
29
26
21
23
15
15
17
17
16
26
14
27
27
27
15
18
22
14
24
15
10
20
19
18
20
19
23
18
21
14
15
28
22
16
14
19
20
18
16
14
14
26
21
17
22
21
7
21
14
13
20
19
15
20
21
21
14
18
25
15
23
14
21
17
14
12
13
24
15
15
16
12
22
13
13
26
18
22
10
19
11
12
13
19
19
14
22
10
16
22
18
12
19
19
14
19
17
10
14
22
11
11
14
16
16
15
15
18
17
18
14
11
14
15
11
10
15
13
14
15
11
14
22
13
21
7
12
19
20
5
14
17
18
19
14
20
7
10
12
6
12
13
14
14
16
15
17
14
9
13
15
14
18
16
13
18
17
11
14
17
16
5
15
15
8
12
9
13
11
8
12
16
16
12
16
15
10
13
10
10
9
14
12
15
9
10
8
8
10
7
7
11
20
10
6
12
20
14
8
14
8
12
9
9
11
11
8
15
9
7
13
10
11
11
9
8
8
9
11
13
7
11
9
5
5
10
8
6
13
15
11
10
15
13
7
14
11
11
9
14
10
13
13
7
13
13
9
10
7
10
8
10
8
13
10
12
10
17
7
8
8
6
10
7
14
4
7
2
12
9
4
6
14
8
5
12
11
11
4
6
14
6
13
9
12
7
8
7
10
9
7
7
13
7
6
7
6
9
8
13
10
12
5
12
6
9
9
8
12
6
6
9
10
7
8
4
7
8
9
11
7
7
10
10
9
6
10
6
9
9
9
8
3
9
7
11
7
7
10
11
5
7
6
13
4
4
2
11
6
7
5
4
13
6
6
7
8
13
6
4
5
7
12
3
6
1
7
9
7
4
5
7
5
3
6
3
9
2
7
4
8
6
8
9
3
7
11
8
7
9
3
5
9
4
10
7
6
9
9
6
3
8
4
12
5
4
4
5
8
7
7
5
3
5
6
3
7
2
6
7
6
5
3
4
2
10
6
4
5
5
4
5
5
6
2
8
7
2
0
7
9
3
7
4
5
4
3
7
2
1
7
4
8
10
5
3
7
2
2
6
5
2
4
3
4
10
2
4
4
3
3
8
8
2
5
7
5
4
4
9
2
4
2
1
3
4
1
5
7
3
2
4
3
4
5
4
7
3
8
3
5
0
5
6
2
1
5
2
2
4
4
7
3
5
4
3
5
2
3
8
6
6
8
2
4
4
4
5
4
3
6
3
3
3
4
6
0
4
4
6
4
5
4
4
4
2
5
9
5
4
6
3
3
3
1
2
5
1
1
4
2
6
4
4
4
0
5
2
4
10
5
3
4
5
6
5
0
3
4
1
0
3
7
4
2
2
2
4
0
1
4
3
4
1
3
5
2
3
4
5
3
1
7
2
3
2
5
3
0
4
4
2
4
2
4
0
2
3
2
4
1
2
2
3
2
2
5
5
5
1
3
3
5
3
3
5
4
1
1
4
3
4
5
5
5
5
3
1
1
1
2
3
2
3
4
0
2
2
2
0
3
2
6
5
4
7
3
3
3
3
1
4
2
1
1
0
2
3
0
4
3
1
4
3
1
4
1
3
5
5
2
4
2
1
2
3
1
3
4
1
6
0
3
2
1
0
4
2
1
1
5
2
1
1
2
2
1
2
2
3
2
0
2
0
4
3
4
1
0
1
1
3
2
0
1
1
0
2
4
0
2
0
4
1
1
3
2
1
7
0
1
3
1
1
1
2
2
2
1
1
4
1
5
4
1
5
1
1
2
3
6
1
0
1
2
2
2
2
2
3
5
0
1
1
3
1
2
2
4
1
1
2
2
0
0
1
3
1
3
2
1
1
2
1
3
1
1
3
1
0
2
4
2
0
1
1
2
1
3
3
1
2
2
0
0
0
4
3
2
1
1
6
2
1
2
0
3
1
3
1
2
1
1
2
2
0
2
1
1
0
3
2
2
4
2
0
3
4
0
0
3
1
2
2
2
1
2
0
1
0
1
1
0
6
1
0
1
1
1
2
2
0
2
2
0
1
0
3
1
2
1
3
0
0
1
0
0
1
2
0
0
0
1
1
0
3
0
2
2
3
1
1
2
1
1
1
2
2
0
1
3
0
2
0
2
1
4
1
3
0
0
2
0
1
0
0
1
0
2
2
2
2
0
1
1
1
0
1
0
0
2
0
0
1
0
1
1
1
1
2
0
1
0
1
2
0
1
0
0
0
1
0
3
0
0
0
2
0
2
0
1
1
1
1
1
0
1
0
1
1
0
2
0
0
0
0
2
0
0
0
2
1
0
1
1
2
1
1
1
0
1
0
2
0
1
0
2
0
4
0
1
0
1
1
0
2
2
1
2
2
0
1
1
0
0
1
0
0
1
0
2
0
0
0
0
0
2
2
0
1
1
0
2
2
1
0
0
1
1
0
0
1
0
0
2
1
2
3
1
0
0
1
0
0
2
2
0
2
0
3
1
1
0
1
0
0
1
1
2
0
1
0
0
1
0
0
0
1
1
0
1
0
0
0
0
1
1
1
0
1
0
2
1
2
0
0
1
0
0
2
0
1
0
2
2
0
1
0
0
1
1
1
0
1
0
1
2
0
0
0
0
0
1
0
0
0
2
0
0
0
0
1
0
0
0
0
0
1
1
0
0
0
0
0
0
2
2
0
0
1
1
0
0
0
1
0
0
2
1
0
1
3
0
1
2
1
1
2
0
1
0
0
1
1
2
1
0
0
1
0
3
0
1
2
0
1
1
1
0
3
0
1
0
1
0
0
0
1
0
0
1
0
0
1
1
0
1
0
0
0
0
1
1
2
1
0
1
0
1
3
0
1
0
0
0
0
1
0
0
0
2
0
1
0
1
1
0
0
1
0
1
0
0
0
0
1
0
0
0
0
0
1
0
1
1
0
0
0
0
0
0
1
1
1
0
0
0
0
1
0
0
2
0
0
1
0
0
0
1
1
0
0
0
0
1
0
0
0
0
0
1
0
1
0
0
0
0
1
0
0
0
0
0
0
1
0
0
1
1
1
0
0
0
1
1
2
0
0
0
0
0
0
0
0
0
1
0
0
0
0
1
0
0
0
1
0
1
0
0
0
0
0
0
0
0
0
0
0
0
1
1
0
0
0
0
1
0
0
0
0
0
1
0
0
0
0
0
0
0
1
0
0
0
0
0
1
0
0
0
0
1
0
0
0
0
1
0
0
0
0
0
0
0
0
0
0
0
0
0
0
0
0
0
0
0
0
0
0
0
0
0
1
0
0
0
0
0
0
0
0
0
