0
0
0
0
0
0
0
0
0
0
0
0
0
0
0
0
0
0
0
0
0
0
0
0
0
0
0
0
0
0
0
0
0
0
0
0
0
0
0
0
0
0
0
0
0
0
0
0
0
0
0
0
0
0
0
0
0
0
0
0
0
0
0
0
0
0
0
0
0
0
0
4
1
1
1
2
4
2
3
2
2
5
15
45
125
353
926
2329
4982
9524
17183
28005
40774
54488
66317
72693
73110
66695
54910
40767
28305
17318
9779
5113
2237
964
395
122
51
15
7
4
1
2
2
0
0
0
0
0
1
0
0
1
0
1
0
0
0
0
0
6
52
70
52
60
55
46
56
51
61
56
58
46
45
46
40
42
49
55
30
30
51
45
47
41
40
46
34
46
46
45
48
42
41
36
45
44
44
44
41
44
49
40
38
37
43
38
41
50
46
41
42
41
45
47
46
42
49
34
51
48
44
43
49
45
50
55
49
64
68
72
82
82
91
85
113
110
129
102
123
102
92
80
57
54
45
45
66
48
40
43
38
47
39
32
46
49
39
40
45
44
41
59
56
70
61
78
73
78
86
98
87
105
118
91
109
111
122
155
160
167
166
162
197
218
300
447
711
1242
1987
3279
5106
7874
11232
15609
19688
24089
28399
30884
32260
32092
29642
26391
22142
17667
13600
10094
7162
5095
3659
2680
1894
1418
983
751
529
363
278
245
233
238
293
353
410
476
534
551
538
541
483
397
359
246
217
155
102
102
60
73
43
64
39
26
35
35
21
25
22
12
12
10
13
10
11
13
12
12
9
7
12
13
6
8
5
7
5
8
7
8
12
12
9
6
5
8
13
12
16
12
11
9
6
8
2
7
11
11
12
17
11
19
20
23
30
31
17
22
30
20
23
29
22
20
16
15
16
19
12
15
24
21
21
20
20
17
17
16
21
12
14
24
14
7
18
20
17
11
11
8
13
7
8
8
0
7
9
12
5
8
4
11
9
10
4
6
7
3
7
7
4
3
2
8
8
5
4
6
6
4
5
2
12
7
9
6
13
17
19
15
26
26
35
32
28
27
29
18
20
20
20
12
14
14
12
9
12
12
9
5
6
9
18
10
8
17
9
15
16
8
11
11
13
9
8
11
2
4
5
4
12
6
6
0
5
7
7
7
7
8
4
6
7
2
8
1
6
7
9
5
6
4
6
5
5
7
8
4
7
4
9
5
4
5
8
9
9
6
2
4
11
7
9
6
2
5
8
10
5
3
8
2
2
8
4
7
4
7
10
7
3
3
6
4
7
5
7
8
6
2
8
5
5
11
4
2
8
9
8
9
5
3
12
6
4
4
7
8
10
9
4
4
6
8
7
10
9
10
16
10
12
7
9
14
9
9
8
7
2
8
2
9
6
6
9
8
10
12
8
8
10
6
6
11
14
5
7
12
5
6
11
12
10
18
8
17
11
12
10
10
4
7
12
13
13
8
7
8
4
10
11
10
10
6
14
6
15
9
15
9
12
6
6
8
11
8
16
8
10
19
7
8
14
12
18
11
16
12
6
12
16
16
15
17
14
19
13
13
15
14
10
16
17
16
14
16
11
11
14
16
19
20
19
11
12
19
16
20
21
13
20
12
12
23
9
13
13
21
21
20
23
13
18
22
19
20
20
14
16
22
26
18
19
20
19
22
18
14
21
16
19
16
26
20
18
24
22
22
27
29
30
22
19
18
29
20
32
22
20
18
16
22
22
33
26
22
24
24
18
30
28
26
25
35
28
26
23
28
25
32
24
32
33
27
32
33
30
32
34
33
29
29
31
41
39
35
36
28
23
26
39
51
35
32
35
37
35
50
44
42
34
40
43
39
42
63
49
43
49
52
53
45
41
54
44
49
50
50
62
67
50
52
69
52
52
43
63
56
58
52
61
57
70
57
62
64
74
64
73
62
73
73
74
77
75
73
60
70
88
84
101
93
74
106
70
103
83
80
89
81
83
88
78
92
84
83
80
70
93
78
85
82
70
80
74
73
76
87
74
79
75
74
67
51
74
78
76
55
68
59
62
77
85
77
73
67
74
62
61
60
70
56
61
62
68
77
72
87
69
68
80
77
53
82
82
75
71
68
73
67
76
67
62
68
71
72
74
79
68
81
66
79
75
70
71
72
69
77
80
64
57
65
71
80
59
70
86
61
65
65
60
63
85
71
67
68
61
58
64
66
67
58
70
72
63
79
81
59
78
86
78
77
70
66
82
78
72
70
80
80
77
66
64
90
70
69
78
67
71
84
79
95
76
86
76
90
99
92
89
76
75
98
80
80
76
89
101
90
100
94
105
142
142
133
146
224
234
278
296
357
455
566
612
650
751
767
906
957
1010
956
1041
1038
1038
946
883
846
799
711
648
577
422
433
372
284
284
207
179
154
146
109
129
110
89
89
105
98
102
95
83
91
90
93
91
88
88
100
115
80
101
102
90
100
109
88
106
108
94
95
98
90
109
94
103
93
94
94
112
91
100
90
109
103
79
103
111
110
129
102
98
87
107
104
106
96
119
122
112
112
127
107
112
118
132
121
119
109
150
131
133
137
148
171
173
138
195
200
225
215
209
240
241
278
229
280
247
250
214
239
213
217
218
193
199
183
163
162
160
166
135
160
127
142
154
155
124
153
177
137
132
158
169
149
153
155
158
170
183
145
145
167
168
200
156
191
162
189
207
187
212
206
204
192
257
208
202
239
195
208
234
235
245
206
251
267
257
233
236
247
239
249
233
253
270
256
216
222
245
253
241
254
219
239
217
243
229
214
228
253
231
246
266
228
228
209
231
215
185
204
225
209
248
239
206
246
225
231
226
235
231
222
224
232
234
238
241
237
226
219
216
227
251
243
223
200
214
222
204
199
240
205
190
211
246
233
226
227
217
219
225
202
206
221
207
225
215
193
206
216
201
225
211
217
203
234
197
205
178
226
216
198
183
193
200
200
214
212
205
199
182
178
178
186
169
193
182
191
219
218
203
202
199
180
216
186
188
171
192
214
203
195
164
186
209
213
198
192
194
186
215
202
193
228
195
191
195
210
200
188
178
185
182
197
201
184
161
234
183
190
200
199
180
214
198
229
187
198
173
197
209
208
209
191
216
189
199
209
183
182
218
200
204
201
221
216
178
217
194
209
186
217
215
193
224
228
195
218
237
224
210
213
201
206
221
214
215
228
212
242
248
231
219
197
214
227
222
276
218
191
199
236
229
228
244
239
251
235
261
206
263
231
254
223
211
218
231
236
245
247
202
198
241
232
236
213
218
214
237
244
242
215
213
228
238
213
218
236
234
210
226
207
234
210
256
195
237
236
227
242
225
270
230
228
225
223
213
238
226
235
243
225
236
217
205
226
221
253
233
255
274
246
240
236
236
226
240
231
220
251
223
218
225
233
253
234
244
274
247
222
235
232
233
266
254
268
237
225
251
216
240
250
224
231
248
224
256
277
224
270
253
247
261
264
249
265
288
252
278
268
242
262
275
256
240
264
231
229
270
275
244
283
243
271
264
269
261
280
278
264
270
282
261
239
262
273
273
262
265
274
275
267
309
280
257
257
257
280
285
282
302
301
266
256
287
271
249
251
264
279
290
297
301
269
287
266
286
276
276
261
300
310
271
289
263
307
280
279
288
281
283
268
291
264
286
287
295
305
322
283
266
275
271
283
298
294
281
255
283
270
280
295
317
255
268
280
291
276
264
274
297
276
283
262
261
306
263
313
268
283
249
260
259
287
273
300
287
265
286
258
261
251
253
268
275
226
274
247
283
256
269
270
247
277
260
256
277
250
262
285
247
250
276
253
265
264
254
251
251
249
278
249
264
241
268
254
244
251
261
243
268
269
238
240
281
231
253
249
202
229
240
242
257
240
271
275
259
246
249
237
234
256
249
251
236
223
236
243
257
233
243
249
255
275
220
259
229
249
248
227
252
232
249
272
239
252
244
263
274
241
236
237
228
274
230
218
249
245
235
242
243
229
243
238
231
257
254
251
267
209
235
256
258
246
232
269
262
291
252
206
231
251
265
221
274
238
273
228
265
216
227
265
220
251
227
200
226
237
219
238
261
237
227
256
249
244
227
243
258
255
231
231
226
244
259
245
253
236
252
255
251
239
258
245
228
237
223
226
238
239
236
255
241
244
239
259
223
234
252
256
256
254
239
240
256
222
259
231
221
234
224
254
231
235
249
230
257
275
255
268
256
224
247
249
256
281
245
228
278
282
240
269
253
253
232
241
271
247
282
266
291
253
263
231
259
267
245
281
248
275
264
260
287
254
238
295
274
271
264
305
303
280
270
291
270
264
267
273
323
284
317
291
297
304
290
289
308
338
305
338
296
324
321
311
333
323
312
351
305
332
331
344
306
341
362
385
375
340
378
364
376
394
371
376
400
375
376
451
415
425
401
434
417
421
454
433
476
477
510
476
492
491
513
557
574
623
558
614
607
637
683
644
707
696
705
803
776
790
775
805
928
900
929
989
927
937
1075
1095
1082
1134
1059
1168
1166
1260
1173
1267
1260
1295
1275
1313
1386
1431
1407
1345
1423
1409
1433
1354
1464
1481
1442
1382
1409
1399
1465
1346
1355
1350
1330
1356
1341
1268
1248
1210
1217
1160
1109
1089
1059
1086
1028
992
991
942
928
897
875
810
817
781
787
724
703
634
636
666
604
568
563
554
523
514
477
496
429
452
456
437
433
443
399
384
369
327
336
349
296
318
356
332
317
303
322
299
286
329
291
269
301
324
270
259
284
257
227
233
252
241
214
246
251
229
231
239
219
205
214
226
223
230
217
230
182
214
232
220
232
230
239
243
230
277
253
265
248
299
285
284
334
326
324
342
323
346
357
408
392
404
398
416
423
445
455
455
447
423
433
506
442
432
446
427
426
410
368
369
358
298
323
307
279
282
248
236
217
198
194
195
164
183
158
165
153
146
144
166
151
148
150
146
141
137
171
178
119
157
146
144
153
148
153
154
168
157
159
130
195
174
146
172
156
178
178
178
188
191
203
193
173
179
205
210
197
202
192
219
216
220
217
207
229
206
246
211
215
218
239
217
241
251
264
237
231
267
240
266
250
243
240
215
261
244
245
225
208
257
256
258
222
263
233
230
231
268
209
224
219
236
204
220
203
218
197
236
197
210
202
179
207
208
165
191
172
160
166
175
156
154
137
156
150
137
133
146
153
158
151
135
114
123
117
122
92
138
114
111
121
123
109
93
90
108
99
103
98
88
91
87
89
81
103
87
85
86
100
98
78
85
86
77
62
74
72
79
70
72
69
77
68
60
64
73
67
71
80
77
71
66
68
71
64
77
72
56
61
65
49
62
57
65
61
45
66
53
52
52
51
68
49
45
56
52
68
64
49
51
61
47
55
47
55
43
47
61
50
49
59
45
59
65
52
49
46
59
51
53
62
76
81
67
68
66
73
78
59
72
68
73
80
72
67
64
69
74
62
71
56
65
62
53
58
52
58
52
68
44
51
46
43
53
50
52
51
47
44
52
52
30
38
31
45
28
34
45
43
33
47
39
45
44
53
37
44
43
54
41
44
40
33
52
35
45
44
35
34
41
46
36
30
37
42
26
29
39
35
32
37
25
34
27
43
35
37
37
31
45
34
32
36
21
33
39
31
27
38
33
30
38
38
47
33
28
29
32
40
35
37
27
36
41
35
23
38
23
33
30
29
27
16
31
26
34
37
24
26
38
29
26
31
34
29
26
31
33
30
25
26
32
26
19
19
29
26
36
28
30
30
28
29
28
36
27
29
20
29
26
28
23
29
30
33
33
34
26
19
27
32
27
20
29
22
15
26
35
30
26
26
28
24
24
24
25
32
33
26
31
25
29
24
28
21
39
31
29
30
18
30
27
28
22
21
21
37
22
23
30
29
22
24
28
14
22
28
19
30
30
26
23
19
24
28
22
22
27
26
26
28
19
24
24
20
24
20
25
17
16
24
24
16
21
13
16
14
20
19
20
22
27
23
20
22
23
27
20
32
30
18
24
17
18
17
30
24
16
24
17
15
20
19
15
21
14
17
25
26
26
23
18
22
15
20
14
22
31
16
16
21
16
15
17
15
12
21
23
16
18
15
19
12
28
13
16
17
15
16
15
18
18
19
30
18
16
13
19
26
16
17
7
18
12
22
17
13
19
12
16
26
18
21
16
16
14
17
21
17
18
19
19
15
14
13
20
17
11
14
11
21
23
21
15
15
12
12
14
27
18
17
15
13
17
16
10
7
13
18
10
11
10
9
14
12
15
12
12
12
10
17
20
16
9
11
13
17
16
13
16
14
16
18
14
12
9
17
11
14
14
7
13
17
16
10
16
14
7
15
17
9
20
22
8
20
13
15
11
11
16
8
5
10
7
17
18
21
19
15
8
15
5
14
9
15
11
10
9
12
13
17
14
16
14
14
14
15
10
11
14
7
9
18
14
13
18
14
10
9
17
18
12
18
9
11
10
9
17
6
16
9
10
16
13
7
13
14
13
8
10
9
10
12
12
9
10
11
13
8
14
14
20
5
11
13
11
9
10
13
10
14
5
8
15
10
14
13
22
10
5
7
16
8
11
17
6
8
16
11
9
12
8
9
8
9
16
9
11
8
10
7
13
12
12
11
16
10
8
10
14
9
6
12
12
10
10
7
12
11
5
5
12
11
17
9
6
7
8
8
6
8
8
7
9
9
14
8
9
12
15
11
8
6
8
13
6
7
8
9
6
9
9
6
8
8
9
6
8
8
9
14
8
9
12
5
10
11
7
11
4
9
4
13
10
4
4
14
7
4
7
7
7
9
9
8
10
8
13
6
8
6
8
11
10
7
11
8
8
15
7
5
9
4
5
8
8
9
7
6
3
6
11
9
8
3
11
7
8
5
7
8
5
6
9
6
5
5
12
8
7
5
7
5
1
6
5
3
5
4
5
6
6
7
8
9
5
8
6
12
3
5
2
7
2
8
9
10
3
7
5
3
4
5
6
12
8
6
7
5
3
5
4
8
10
5
8
5
6
9
7
6
9
4
6
0
5
8
3
6
7
9
2
5
3
8
5
5
5
5
4
6
8
4
4
7
3
10
8
8
4
5
5
1
5
8
9
6
2
4
5
3
4
5
7
3
7
3
10
6
6
3
7
8
8
5
6
6
5
4
7
10
6
7
3
9
2
3
8
2
4
4
7
4
1
1
1
9
5
4
4
0
3
7
0
2
4
8
4
3
2
8
2
5
7
6
3
3
7
3
6
6
7
8
0
5
6
8
2
2
1
3
6
4
8
3
1
2
7
1
1
8
1
3
3
6
6
4
3
5
4
4
2
1
1
6
3
2
5
5
4
4
4
5
4
4
4
2
3
1
2
3
3
1
4
3
2
0
3
7
2
6
4
5
2
4
4
3
2
1
6
7
8
3
3
4
2
3
3
6
5
4
2
3
5
1
1
7
4
1
5
4
2
1
6
5
2
2
3
2
5
4
1
1
3
1
5
5
2
2
4
4
3
3
1
3
4
1
4
2
1
4
4
0
3
1
1
2
6
1
2
0
3
2
2
4
3
2
2
3
0
3
1
3
1
2
4
0
3
0
4
3
2
3
5
2
1
4
3
1
4
1
2
2
1
4
4
2
0
4
1
3
1
2
3
1
1
0
1
1
2
1
1
4
5
2
3
1
0
1
2
2
4
2
2
3
2
2
4
3
2
0
0
2
5
0
0
1
3
2
2
0
3
6
4
3
3
5
0
3
3
2
3
3
2
2
4
0
0
2
1
2
3
5
2
5
4
2
1
1
2
1
1
1
3
3
3
4
2
2
0
1
2
2
3
0
0
3
1
2
2
1
3
2
1
2
1
1
2
2
1
2
0
2
2
2
1
3
1
1
0
6
0
3
4
0
3
3
1
1
3
2
1
3
2
1
1
2
0
2
0
0
0
1
4
0
2
1
1
2
2
2
0
0
0
2
0
1
1
0
3
2
0
2
2
2
3
1
0
0
3
1
1
1
1
0
2
0
2
3
1
2
0
2
1
0
1
1
1
1
1
2
0
1
0
0
0
0
1
5
1
1
0
7
3
1
1
1
2
0
0
1
2
0
0
1
1
1
3
1
3
1
1
2
2
1
1
1
0
0
5
1
1
2
2
2
0
0
1
0
1
1
3
0
1
0
0
2
2
0
1
0
2
1
2
0
1
1
0
3
0
1
0
1
4
2
1
0
0
3
1
1
0
1
2
1
0
0
0
2
0
1
2
1
2
0
1
1
0
1
0
0
1
1
1
0
2
1
3
0
1
1
2
3
1
1
1
1
1
0
1
0
3
1
1
0
0
0
0
0
0
1
0
1
0
3
0
0
0
0
1
2
3
1
1
0
0
2
1
1
0
2
0
0
1
1
0
0
0
0
0
1
3
0
1
1
0
0
1
1
1
2
0
0
0
1
1
0
0
0
1
0
1
1
1
2
1
0
1
0
2
1
0
1
1
0
0
1
1
1
0
2
0
2
0
0
0
0
1
0
1
0
0
1
1
0
1
1
0
2
1
2
2
1
0
1
0
1
1
2
0
0
0
1
0
0
1
1
0
0
1
0
0
1
0
1
1
2
0
0
2
1
1
1
0
0
0
1
0
1
1
0
1
0
1
0
0
2
1
1
0
0
0
0
1
0
0
0
0
0
0
0
1
1
0
1
0
2
0
0
0
1
1
0
0
1
0
1
0
1
2
0
0
3
1
1
0
0
2
1
1
0
1
0
0
0
1
1
0
0
2
1
0
0
1
0
0
1
1
1
0
0
1
1
0
1
2
1
0
0
1
2
0
0
0
2
0
2
0
0
0
1
1
0
0
1
0
0
0
1
1
0
0
0
0
0
1
0
1
0
0
0
3
0
0
0
1
0
1
0
0
0
2
0
1
0
0
1
1
0
0
1
1
1
0
0
1
0
0
1
0
0
0
0
1
1
0
0
1
0
0
2
0
0
0
0
0
0
2
0
0
0
0
0
0
0
0
0
0
0
0
0
0
0
0
0
1
0
0
1
0
0
1
0
0
1
3
0
0
1
0
0
0
0
1
0
0
0
1
1
1
0
0
0
1
0
0
0
1
0
0
0
0
0
0
0
1
0
0
0
0
0
0
0
1
0
2
1
1
0
0
0
0
0
0
0
0
0
0
0
0
0
0
0
0
0
0
0
1
1
1
1
0
0
0
1
0
0
0
1
0
0
0
0
0
1
1
0
0
0
0
0
0
0
1
0
0
0
1
0
0
0
0
0
0
0
0
0
0
0
0
1
0
0
0
0
0
0
0
0
0
0
0
0
0
0
0
0
0
0
0
0
0
0
0
0
0
0
0
0
1
0
1
