0
0
0
0
0
0
0
0
0
0
0
0
0
0
0
0
0
0
0
0
0
0
0
0
0
0
0
0
0
0
0
0
0
0
0
0
0
0
0
0
0
0
0
0
0
0
0
0
0
0
0
0
0
0
0
0
0
0
0
0
0
0
0
0
0
0
0
0
0
1
2
1
1
1
4
0
2
3
2
3
4
8
18
36
103
360
1003
2155
4808
9680
17280
27986
41001
54471
66131
72786
73222
66250
54798
41297
28018
17532
9702
5092
2330
922
395
152
47
29
5
1
1
0
0
0
3
0
0
0
1
1
0
0
1
0
0
0
0
0
0
15
46
54
65
50
43
47
54
46
48
44
67
61
51
51
57
43
48
47
43
33
47
43
53
41
43
45
41
40
41
30
34
35
28
43
56
46
48
37
41
47
40
39
46
51
37
40
55
41
38
45
53
35
47
43
36
39
36
50
38
40
42
40
51
43
39
38
46
41
59
74
72
66
104
98
118
108
98
103
86
68
79
64
64
56
56
67
52
46
57
43
40
34
56
47
54
66
55
50
45
56
41
57
57
63
62
78
64
70
70
73
107
83
118
108
136
125
143
147
174
158
164
182
191
235
314
408
733
1147
1932
3225
5123
7727
11194
15180
19939
24012
27809
31041
31601
31181
29462
25942
22026
17527
13566
10177
7244
5127
3642
2673
1896
1370
1015
712
516
403
308
235
212
248
287
331
405
465
557
559
563
468
472
392
342
320
188
157
117
99
91
60
54
47
35
44
39
24
20
28
15
13
16
11
9
6
13
5
9
12
9
13
13
16
7
8
7
7
11
8
12
8
5
16
12
11
12
8
9
12
7
9
5
9
5
10
11
4
17
16
14
11
18
23
26
23
21
23
35
30
34
27
15
26
18
20
22
14
19
12
16
18
20
20
21
27
9
25
21
24
14
18
16
19
20
18
12
17
13
12
18
11
8
15
6
15
15
6
9
4
6
8
3
6
9
4
2
7
7
3
5
3
10
6
6
5
8
2
4
4
8
3
8
2
14
7
11
13
14
21
24
20
35
23
27
39
31
33
26
24
18
17
16
13
8
11
9
17
12
12
4
10
14
10
6
13
11
19
13
18
11
11
5
12
9
2
6
7
9
8
4
5
11
7
6
6
8
3
7
6
5
5
6
3
7
6
5
6
5
4
5
8
10
7
5
7
8
5
6
5
3
6
5
7
6
5
8
3
9
5
4
4
7
5
6
6
8
4
9
7
6
6
3
4
3
2
2
8
5
9
8
10
6
5
11
4
7
8
0
4
6
8
10
6
9
5
3
10
6
2
8
12
10
8
6
11
7
8
8
8
8
1
5
7
5
3
3
6
4
7
8
6
7
9
4
6
9
7
5
7
7
6
9
4
7
5
7
4
10
10
14
11
8
10
11
10
9
4
7
8
9
12
6
11
4
11
6
8
5
8
11
10
5
4
5
10
15
12
8
9
8
3
9
16
11
17
8
16
9
11
9
7
9
8
11
11
13
12
10
15
15
11
11
15
14
4
13
13
9
15
16
15
14
14
20
12
9
22
13
22
24
20
15
20
18
12
15
9
13
16
17
8
12
17
17
13
20
17
17
17
15
15
21
19
13
14
13
11
15
18
13
24
22
18
21
19
21
13
17
18
17
21
20
19
28
12
19
25
17
27
18
21
18
24
22
16
20
13
19
20
11
23
27
22
19
34
19
26
24
29
22
18
26
18
25
31
21
31
31
32
21
26
27
31
26
36
34
26
31
33
38
29
21
42
27
34
34
33
32
32
38
30
30
29
26
32
46
36
49
48
35
43
24
39
39
52
37
34
34
37
53
42
31
50
33
49
57
55
45
46
53
65
38
40
46
57
46
52
51
53
64
64
51
49
65
60
58
61
65
64
77
74
64
76
59
74
70
54
68
65
68
71
64
70
78
72
80
69
71
78
73
89
86
90
97
98
100
99
98
102
94
90
76
81
62
87
78
85
91
90
79
74
95
83
82
86
77
82
93
82
74
83
72
85
66
72
87
65
79
64
76
73
58
72
65
68
71
69
69
60
61
69
73
81
63
77
63
70
69
60
76
69
67
61
64
64
48
81
58
77
72
67
62
45
62
61
73
65
60
60
58
75
63
59
71
76
64
65
67
69
74
64
60
66
74
60
62
62
74
62
77
61
80
81
58
74
65
75
58
77
66
66
81
77
55
79
81
76
76
64
75
63
84
69
64
68
67
69
78
89
51
78
66
78
81
63
76
69
56
71
67
64
89
83
82
79
70
72
102
75
99
71
69
84
72
76
92
94
86
94
111
104
84
115
131
168
174
211
223
280
302
402
424
515
580
688
731
824
869
930
1001
986
1009
974
962
1010
990
877
725
735
638
535
485
414
360
309
255
225
178
150
112
121
122
119
108
97
100
102
87
86
102
83
94
113
100
103
94
87
95
94
118
100
106
96
105
92
119
110
112
109
92
99
107
89
108
89
106
94
101
103
86
87
102
99
93
102
93
93
93
117
110
96
99
96
125
96
115
110
107
108
116
107
126
117
120
120
125
116
145
128
130
156
141
168
146
167
182
193
190
225
189
222
224
218
234
257
237
216
226
210
219
204
220
155
219
183
167
170
146
163
119
148
122
143
159
135
154
134
146
156
146
158
145
154
132
142
169
151
176
143
155
153
170
172
167
174
172
181
200
198
201
172
193
191
213
223
227
222
192
209
232
227
215
228
224
202
236
247
246
240
245
222
221
212
227
240
220
227
262
227
233
216
251
225
218
225
246
223
212
235
222
224
225
208
241
254
212
229
234
231
241
229
205
237
243
228
231
191
218
205
229
210
227
226
234
213
218
212
226
212
212
204
241
209
238
206
249
228
234
229
212
225
233
251
219
215
208
203
186
225
214
218
231
212
206
221
204
182
206
238
213
200
210
194
202
231
205
201
173
219
203
199
211
216
189
194
199
182
183
187
179
204
178
174
166
183
193
205
181
192
201
192
225
204
194
170
197
196
199
171
229
183
176
166
181
183
185
173
208
184
183
209
181
194
195
195
187
179
194
205
186
217
181
192
204
186
204
204
184
181
182
191
179
190
198
228
200
201
191
205
206
219
209
216
192
193
195
223
222
195
213
228
203
199
200
192
201
224
207
190
204
177
206
210
199
216
226
223
222
214
255
222
209
190
203
228
234
238
225
222
233
213
238
228
220
246
240
228
251
223
218
231
234
243
207
232
231
224
248
231
233
226
233
221
230
247
227
242
239
287
246
234
222
221
232
257
237
219
259
219
227
195
268
211
219
233
242
235
229
217
231
225
223
203
233
216
248
218
224
242
205
249
232
226
200
247
219
257
228
262
222
211
224
244
248
230
242
210
218
232
243
229
257
213
264
215
239
234
262
258
217
228
228
249
255
253
245
241
241
250
224
234
213
235
253
252
262
250
268
261
216
256
262
255
251
252
244
263
252
295
233
269
248
263
265
239
246
239
271
236
261
269
268
230
245
249
266
267
244
271
280
255
263
248
264
276
287
265
271
248
274
276
238
272
268
270
250
251
285
263
280
267
270
265
273
262
268
267
245
245
262
294
283
316
263
261
293
276
311
298
298
304
300
289
270
265
270
302
262
295
291
293
281
273
272
277
304
302
284
268
299
278
296
302
288
265
274
276
290
276
318
267
282
292
275
253
305
282
281
280
267
299
277
260
296
282
270
282
282
281
259
284
279
248
295
273
288
280
294
266
287
270
245
310
278
257
285
282
269
260
266
268
261
264
250
252
252
272
243
257
254
233
270
247
252
248
276
222
262
262
247
257
252
280
244
279
248
244
269
227
241
263
252
248
258
254
248
215
260
244
227
234
224
229
271
275
225
263
239
271
243
264
276
244
239
248
233
261
242
219
238
246
277
229
263
275
268
225
231
235
218
228
224
259
230
285
242
245
259
246
245
261
292
230
230
259
266
229
258
253
237
260
232
224
275
234
232
248
256
256
234
221
247
238
248
255
243
270
254
277
251
252
226
207
247
234
212
236
255
252
249
259
217
217
218
240
246
259
271
232
240
252
222
243
254
269
217
225
251
232
224
221
232
234
249
257
258
242
222
244
265
240
233
238
239
218
215
204
247
242
264
239
216
237
239
245
254
241
258
271
257
263
218
216
249
247
250
224
217
234
200
239
240
226
226
255
263
245
221
257
248
248
244
250
249
264
242
254
240
214
245
245
243
283
241
261
277
277
221
274
240
261
277
247
260
234
257
252
239
243
242
247
271
225
250
245
250
255
268
256
259
277
283
275
259
271
257
278
281
257
265
316
308
263
297
313
263
259
296
270
311
291
285
282
318
316
280
312
291
297
271
310
294
301
331
331
331
312
370
347
339
359
347
375
313
364
334
331
324
391
391
379
388
362
400
402
403
422
399
415
429
412
423
426
426
460
461
499
491
465
486
549
504
542
540
531
542
582
604
621
628
629
689
708
685
761
725
797
792
878
859
867
948
937
1008
1031
1010
1096
1052
1085
1114
1176
1179
1150
1180
1313
1245
1245
1241
1383
1328
1287
1417
1363
1372
1402
1431
1415
1390
1374
1381
1443
1369
1432
1365
1445
1311
1385
1302
1361
1361
1240
1222
1258
1165
1124
1119
1109
1075
1068
1017
991
976
914
908
881
806
823
767
763
765
689
689
712
667
624
587
610
549
559
533
489
478
511
464
438
401
429
425
397
383
388
356
382
366
343
342
344
351
338
319
316
308
324
286
314
301
317
292
274
263
229
240
262
262
238
235
230
238
243
232
241
251
218
242
228
203
228
214
219
228
237
209
204
235
207
218
243
221
220
236
242
243
240
253
267
300
295
310
322
326
351
360
364
345
358
427
377
368
395
412
412
441
432
471
453
423
459
416
443
395
378
382
380
382
389
377
295
284
299
272
281
271
213
208
195
202
167
195
154
156
155
152
142
129
128
143
165
156
159
170
146
139
153
146
140
154
148
168
147
165
173
176
174
168
177
151
160
193
169
166
175
183
183
169
196
193
184
182
188
174
204
205
213
188
199
183
192
193
197
248
233
227
230
231
254
227
208
235
240
239
266
256
228
242
237
265
230
247
271
229
254
242
246
259
258
259
243
211
215
237
260
223
220
243
239
226
222
219
210
211
212
201
184
193
198
194
189
203
187
181
180
151
156
180
180
173
151
135
161
156
173
163
127
124
151
141
134
123
124
134
127
120
113
128
119
102
100
87
108
85
103
113
101
116
81
89
75
98
95
92
59
85
96
75
66
69
89
91
100
68
72
75
72
76
76
81
97
80
87
63
67
61
65
79
62
61
59
72
70
58
61
66
62
58
62
60
57
61
54
63
64
58
59
62
47
65
46
52
54
56
51
45
59
59
52
73
48
55
46
53
47
50
51
52
61
53
56
55
50
59
37
68
59
61
49
65
66
59
59
78
60
94
72
88
76
63
80
94
72
73
74
57
63
70
63
70
71
42
64
69
55
70
39
47
63
35
54
50
60
45
33
46
52
45
39
36
40
47
42
32
45
38
46
35
39
53
35
50
41
51
49
51
42
48
45
40
39
45
43
33
32
29
31
30
33
47
36
39
44
39
38
37
37
37
38
33
37
31
30
38
38
28
36
24
32
30
23
25
45
23
33
37
26
33
20
29
31
35
25
38
31
32
30
28
35
31
30
33
35
29
29
33
28
30
22
27
39
27
32
26
27
32
30
35
34
28
39
28
37
33
35
26
31
28
24
25
20
24
36
30
34
44
32
18
29
24
27
35
28
31
44
35
30
24
28
29
38
23
24
29
30
23
33
28
29
23
22
24
26
21
40
37
28
17
31
33
25
29
24
26
26
19
14
24
30
24
32
32
24
20
22
22
26
28
20
33
26
31
30
14
20
25
25
23
20
24
22
20
25
29
22
30
21
27
21
23
31
25
31
29
14
25
21
17
19
22
27
20
21
34
26
14
34
24
24
21
20
24
23
20
24
28
18
11
26
24
18
19
18
23
24
30
16
24
13
17
22
19
24
22
18
22
25
17
24
28
17
19
26
29
21
15
21
21
15
16
22
17
19
20
16
16
21
24
21
16
22
20
18
20
25
23
25
21
23
27
27
14
12
18
18
14
20
18
25
17
21
20
22
22
15
19
22
18
18
13
19
18
12
16
14
22
20
16
13
17
24
10
22
16
13
21
12
7
20
13
14
14
17
12
14
31
16
14
12
13
11
19
14
8
19
19
17
23
15
19
17
17
18
13
15
15
20
16
22
19
23
18
17
13
11
10
14
21
19
16
16
17
14
16
4
9
10
16
13
15
12
10
18
14
15
12
16
12
13
17
13
17
14
13
14
18
14
14
13
16
16
13
16
14
8
10
12
10
11
6
14
13
12
11
15
13
11
14
14
16
17
8
13
25
18
7
17
13
11
12
10
15
21
13
14
12
9
8
10
9
10
17
13
13
12
13
22
14
14
13
17
13
10
11
19
14
6
11
10
11
10
11
14
18
15
6
15
11
8
14
10
9
17
10
13
7
9
8
11
4
10
7
10
10
12
11
12
10
9
10
7
15
11
10
14
14
10
10
8
9
8
7
5
12
7
13
12
13
10
8
8
11
6
4
10
9
6
6
14
7
13
11
8
6
5
11
6
8
13
11
7
10
14
15
9
14
6
15
7
8
9
13
11
9
11
10
4
9
13
7
4
11
9
7
10
9
8
5
4
10
6
11
6
10
4
9
9
9
4
8
6
7
5
9
5
3
6
7
6
12
7
4
6
7
7
8
7
4
4
5
4
9
7
6
10
6
6
5
13
8
4
7
10
9
9
6
9
8
10
7
4
8
5
7
3
5
4
12
3
9
6
14
7
7
7
6
3
8
11
6
4
6
1
4
10
8
13
6
4
6
9
3
4
8
6
3
6
7
13
6
6
13
8
5
6
4
6
5
8
4
1
7
9
4
6
13
7
12
5
3
10
8
8
3
9
1
6
4
11
6
6
3
5
4
7
6
4
3
9
4
6
7
6
6
6
5
8
8
6
1
6
10
6
5
8
5
9
6
6
9
5
8
7
3
8
3
4
6
3
6
6
6
6
4
8
3
6
6
2
4
10
6
10
11
6
6
6
7
4
5
1
1
8
5
7
6
5
6
3
3
2
9
6
5
5
5
3
5
8
7
7
5
3
2
4
5
4
2
5
1
7
3
3
7
6
3
0
2
6
13
5
7
9
10
6
3
2
8
5
0
3
6
8
7
6
4
4
7
2
2
1
4
6
2
3
2
2
8
5
4
5
3
4
4
3
4
1
4
7
2
1
5
5
3
6
3
4
5
4
3
2
4
4
6
2
1
3
4
10
3
7
6
1
3
5
0
4
1
4
4
6
1
2
1
6
3
4
4
4
2
6
2
5
7
1
5
3
5
8
1
7
3
6
3
7
8
3
5
5
6
3
3
6
6
5
3
4
3
4
5
6
2
6
5
4
1
2
2
6
3
1
4
5
4
3
2
3
2
3
4
4
2
3
0
3
6
3
1
4
1
0
2
1
2
1
1
1
4
6
2
0
2
3
4
3
4
8
1
3
5
2
0
5
6
2
3
1
1
2
1
4
1
4
3
1
3
1
5
4
1
1
3
1
2
2
2
0
4
4
1
3
5
4
5
4
5
3
0
2
3
3
1
0
3
0
3
1
4
2
0
3
4
3
3
3
4
3
1
2
1
0
3
4
0
1
1
3
5
3
5
1
4
2
3
4
3
3
2
1
2
1
2
2
2
0
0
1
1
1
2
3
3
3
1
4
2
1
1
8
3
5
1
1
1
0
1
2
3
1
1
3
1
1
3
2
5
0
0
3
2
1
3
2
1
4
2
0
3
1
3
4
0
1
1
2
2
4
2
0
2
1
0
1
2
2
2
2
1
2
1
3
2
0
2
0
1
4
3
4
0
2
2
1
1
2
2
3
1
2
2
1
2
0
0
1
2
0
1
2
1
2
1
3
0
5
3
2
3
0
1
2
0
1
0
6
1
2
3
2
2
3
2
0
0
1
2
3
0
1
1
0
2
0
3
1
1
1
1
1
3
2
1
1
2
2
2
0
3
2
1
1
0
0
2
1
0
1
0
0
0
0
2
0
1
4
0
1
1
1
2
0
3
1
0
1
2
1
0
1
1
0
1
0
1
2
0
0
2
1
2
0
1
0
1
1
1
2
1
1
0
1
1
1
1
1
0
1
0
1
2
0
2
1
1
2
0
0
0
1
0
3
1
0
2
0
1
3
0
1
0
1
1
1
0
0
0
0
1
0
0
3
0
1
0
0
0
0
1
1
2
0
1
1
0
3
2
2
1
0
2
1
0
0
1
0
1
2
2
2
0
0
0
0
2
1
3
0
2
1
0
1
1
0
0
1
1
0
1
1
0
0
0
0
0
0
0
1
0
0
0
0
0
1
0
0
0
0
0
0
0
1
0
0
0
1
1
0
0
0
1
2
0
1
1
1
1
2
3
2
1
0
0
1
0
1
0
1
0
0
0
2
0
2
0
2
0
1
0
2
0
1
0
1
1
0
1
0
1
1
1
2
0
1
0
1
0
0
0
1
1
2
0
1
0
1
1
2
2
0
1
0
0
0
0
0
0
1
1
1
1
0
0
0
0
1
1
0
1
2
1
1
0
0
0
0
3
0
1
0
0
1
0
0
0
0
1
0
0
2
2
1
1
2
1
0
1
0
0
1
1
1
0
1
0
0
1
0
0
0
0
0
1
0
1
0
0
0
0
0
0
0
2
0
0
0
0
0
0
1
0
0
0
1
0
0
1
0
2
0
0
0
0
0
0
1
1
0
0
1
0
1
0
0
0
0
1
1
0
0
1
0
2
2
1
0
1
0
1
1
1
0
1
0
1
2
0
0
0
1
0
0
0
1
1
0
0
1
0
0
0
0
0
0
0
1
0
0
0
0
0
1
0
0
1
2
1
1
0
1
0
0
0
0
0
1
0
0
1
0
0
0
0
0
0
1
0
0
0
0
0
1
1
1
0
0
0
0
0
0
2
2
1
0
0
0
0
0
0
0
0
0
0
0
0
1
0
0
0
1
0
0
0
0
0
0
1
1
0
1
0
0
1
0
1
0
1
0
0
0
1
1
0
0
1
0
0
1
0
0
1
1
0
0
0
0
0
0
0
0
0
1
0
1
1
0
0
1
0
0
0
1
0
0
1
0
0
0
0
0
0
0
0
1
0
1
0
0
1
0
0
0
1
1
0
0
0
1
0
0
1
0
0
0
1
0
0
0
0
0
0
0
0
0
0
0
0
0
0
0
0
0
0
0
0
1
0
0
0
0
0
0
0
0
0
1
0
1
0
0
0
0
