0
0
0
0
0
0
0
0
0
0
0
0
0
0
0
0
0
0
0
0
0
0
0
0
0
0
0
0
0
0
0
0
0
0
0
0
0
0
0
0
0
0
0
0
0
0
0
0
0
0
0
0
0
0
0
0
0
0
0
0
0
0
0
0
0
0
0
0
1
1
3
1
3
2
4
0
4
3
4
3
5
5
11
40
142
351
971
2273
4806
9726
17179
27807
40832
54408
66224
72476
72362
66637
55590
41184
28319
17472
9829
5063
2297
1010
382
135
46
17
6
4
6
1
4
1
1
1
0
0
1
0
1
0
0
0
0
0
0
0
1
7
81
61
40
62
54
33
46
63
51
58
46
47
45
50
52
52
61
47
54
52
45
44
41
44
36
40
37
48
41
44
45
37
37
47
44
34
47
29
50
39
43
41
29
47
33
43
42
41
47
45
46
44
31
42
38
39
32
37
50
42
46
36
43
40
39
53
46
49
56
61
81
66
66
118
101
107
119
123
102
71
72
77
71
68
74
45
51
42
42
46
53
60
52
44
49
54
45
47
35
43
52
54
59
65
68
64
67
75
80
91
79
96
113
136
120
130
110
130
141
153
163
154
193
224
292
444
724
1170
2007
3335
5312
7783
11293
15319
19808
24044
28167
30822
31991
31506
29392
25947
22147
17492
13283
10099
7104
5201
3742
2614
1898
1325
1069
718
542
365
301
245
227
237
299
366
415
484
544
541
581
533
496
422
322
262
212
155
118
82
79
62
56
43
52
36
27
27
26
19
28
16
12
11
8
10
9
12
15
18
3
10
9
12
8
8
5
8
8
11
10
12
4
10
11
11
7
8
9
7
5
17
11
9
7
8
3
9
10
10
9
13
13
24
27
34
19
20
23
23
20
22
25
19
30
15
15
17
24
14
25
8
15
22
15
13
23
16
18
14
21
16
18
21
25
17
23
18
15
9
9
14
8
10
8
8
5
3
6
6
5
13
4
3
10
7
4
6
6
6
5
9
7
5
8
1
7
10
8
6
7
9
7
5
6
11
8
13
8
12
28
16
18
25
34
30
32
35
23
19
23
25
22
11
7
8
5
8
6
7
5
6
9
10
8
11
12
11
16
3
9
16
7
12
7
11
6
11
8
6
7
7
3
5
4
5
4
4
4
8
7
10
8
7
4
7
3
4
6
6
5
9
6
10
1
7
7
8
3
10
4
6
7
7
3
6
7
5
5
6
4
7
2
9
3
4
4
4
6
5
11
6
3
10
11
6
7
5
10
6
6
7
0
7
7
6
4
5
4
5
4
5
7
10
4
3
6
6
2
5
10
3
7
4
6
5
11
8
10
7
11
3
10
11
8
9
12
3
7
5
10
5
6
5
8
7
9
7
11
9
6
5
9
1
11
12
5
9
6
7
10
10
3
12
7
11
6
11
11
10
4
5
7
7
5
9
14
5
6
8
7
7
9
7
9
7
9
16
14
6
11
6
9
12
12
9
12
13
13
4
12
11
14
12
11
10
4
11
10
14
11
14
15
15
14
14
8
14
12
6
14
11
23
8
21
16
11
18
16
11
17
17
9
16
11
21
14
15
15
17
13
12
12
13
16
15
15
19
20
11
16
15
16
17
15
15
12
13
16
12
16
18
12
16
15
20
14
19
21
19
19
15
24
14
19
13
19
24
15
15
17
19
13
15
22
16
19
22
21
13
29
21
16
21
20
22
25
25
20
23
30
30
19
21
22
32
25
37
29
26
35
26
20
23
35
29
33
22
28
35
39
19
28
40
33
29
37
32
32
31
28
21
40
37
28
34
38
23
36
44
40
46
40
45
30
42
35
36
36
32
54
53
39
28
47
46
45
61
51
38
54
47
39
52
38
48
58
43
64
47
53
51
37
52
66
68
57
73
68
60
71
60
63
58
62
52
58
64
68
60
77
56
57
81
75
86
71
68
96
73
87
96
85
83
84
71
105
75
106
99
93
76
88
84
89
83
74
79
81
70
90
79
71
74
67
78
72
78
71
86
74
71
75
69
58
64
65
72
56
79
70
79
66
74
55
71
64
73
75
69
69
63
63
77
65
75
82
74
72
71
69
69
63
56
73
58
67
61
81
54
54
51
69
69
68
70
60
74
60
74
71
65
78
78
56
90
67
79
63
79
62
58
70
86
66
72
74
76
76
74
79
48
64
65
64
58
69
62
63
66
75
82
75
79
79
77
68
79
78
60
77
75
92
70
61
79
71
73
71
72
52
59
71
67
67
86
64
68
85
77
71
74
73
74
91
75
76
71
91
85
79
91
86
64
85
89
88
79
91
100
103
100
111
124
132
141
170
208
249
255
306
382
466
514
614
700
770
805
882
922
970
998
1039
1015
993
920
923
854
775
713
611
552
453
425
324
305
281
212
174
169
116
136
107
104
105
105
99
78
102
81
101
91
89
105
90
105
88
107
84
101
97
96
113
106
94
89
92
95
87
113
95
88
110
93
96
100
93
98
103
110
112
90
104
111
106
105
93
110
105
122
118
103
91
97
115
94
121
121
112
113
99
131
132
103
117
118
119
120
123
141
141
167
150
161
166
192
191
199
208
210
232
218
245
231
239
218
226
237
238
230
210
209
197
189
179
159
178
175
151
147
135
143
140
155
135
138
132
146
158
165
151
144
149
146
144
158
163
146
137
186
171
159
173
160
166
172
175
187
187
192
196
170
175
190
199
180
196
224
223
222
210
210
234
218
226
255
253
212
243
237
246
202
233
226
250
216
236
231
235
249
246
214
279
214
200
237
232
270
193
230
261
205
214
225
195
229
222
219
206
249
236
230
217
202
217
190
221
223
241
228
215
213
216
187
202
231
254
222
228
203
229
240
240
240
213
218
241
213
210
220
209
215
206
222
196
228
223
217
221
189
222
204
211
215
206
200
199
230
206
206
210
199
199
220
206
180
229
192
201
159
191
203
186
193
191
185
180
201
189
177
154
200
213
200
182
180
213
182
184
178
187
173
205
183
181
191
185
181
198
182
150
185
169
200
182
211
181
184
167
202
201
184
198
183
167
179
228
177
171
191
209
196
206
201
186
222
212
202
185
226
203
197
210
173
192
205
194
184
196
216
208
185
194
187
194
220
182
182
190
204
218
193
197
195
204
204
206
216
200
220
220
217
202
231
197
238
216
224
212
202
192
226
225
222
221
234
209
231
229
233
227
241
223
234
234
233
227
207
224
231
225
232
227
240
240
221
190
224
238
235
233
205
220
232
213
206
222
226
260
252
265
213
208
210
253
239
230
244
212
230
214
188
199
230
190
214
205
217
239
196
240
201
207
204
209
238
211
237
234
231
218
219
240
245
203
223
217
208
250
208
193
215
253
221
206
236
246
241
240
216
225
227
227
230
208
245
214
243
235
209
245
202
258
227
236
248
228
259
235
275
238
244
222
243
233
229
248
208
214
254
266
245
255
224
283
254
248
223
223
231
259
242
263
251
238
229
248
233
269
241
253
258
273
265
244
262
273
237
246
255
259
277
215
252
255
276
243
264
255
282
262
283
235
267
282
244
268
273
275
276
284
272
274
267
256
282
245
297
256
272
282
267
297
250
301
301
276
272
279
275
281
267
277
291
279
279
283
287
267
289
270
254
271
274
272
302
293
248
286
249
266
250
236
291
272
291
278
278
297
282
288
274
281
273
321
270
262
264
288
303
276
246
287
276
283
292
251
254
250
266
259
245
317
282
253
251
275
243
246
270
267
288
287
278
269
272
311
269
260
248
296
280
260
275
283
259
253
261
263
249
245
251
249
276
264
264
270
283
292
249
256
294
267
262
257
250
253
232
247
230
233
216
260
230
261
257
263
219
244
243
225
240
237
286
227
234
210
261
239
249
266
236
231
267
232
238
232
247
249
252
232
234
262
233
234
231
220
257
202
279
225
224
284
246
276
249
249
254
242
280
240
246
254
258
248
247
254
243
259
276
264
236
225
242
235
217
245
267
209
260
266
237
229
257
234
230
233
263
240
257
269
244
256
236
254
238
243
254
233
240
235
250
264
277
263
222
236
249
268
250
213
254
239
250
229
254
269
241
231
234
238
218
227
232
232
274
235
236
234
250
246
237
239
250
221
213
254
260
235
217
218
264
244
230
253
238
213
209
249
225
199
249
209
231
261
256
262
253
227
249
235
277
263
240
256
244
236
234
231
220
229
264
233
249
249
245
275
243
246
255
251
272
259
253
244
241
257
230
240
276
237
236
265
258
268
246
240
247
256
228
237
274
279
270
240
259
267
278
248
252
252
268
294
246
287
250
279
278
265
266
287
268
274
260
272
287
286
276
259
296
304
283
314
284
279
289
272
297
296
306
331
287
312
324
309
308
340
356
347
312
346
345
334
367
335
346
368
340
391
360
322
373
376
375
384
400
385
398
384
424
411
435
412
422
446
434
443
486
496
496
473
449
523
547
508
535
585
591
594
560
656
651
683
726
724
753
768
769
793
801
837
934
868
918
978
949
1070
1044
1056
1094
1044
1162
1190
1186
1245
1225
1303
1254
1277
1328
1384
1292
1391
1385
1357
1395
1405
1390
1394
1485
1440
1390
1378
1416
1435
1281
1338
1330
1311
1337
1212
1285
1196
1166
1190
1152
1190
1096
1071
1045
1027
1019
937
949
885
873
839
797
784
792
753
717
686
697
657
614
582
542
573
539
519
501
496
510
453
436
436
429
424
385
397
386
357
400
349
364
328
348
312
315
314
267
314
319
279
311
276
295
290
253
254
261
263
267
251
227
263
266
225
217
234
230
241
214
206
224
224
226
218
186
243
211
202
207
231
224
210
226
218
216
217
228
259
289
233
256
280
312
306
310
301
345
360
372
392
357
386
406
397
404
442
410
459
440
431
474
438
428
399
406
396
378
389
372
336
350
344
315
318
304
296
243
235
240
242
200
194
182
194
159
161
172
149
153
147
142
153
153
143
130
134
140
143
138
149
149
163
177
170
147
177
165
133
143
134
152
144
183
177
181
158
172
183
177
179
177
174
192
176
164
187
174
199
185
241
191
198
207
209
210
226
229
240
249
209
271
239
265
231
230
240
235
245
223
243
243
241
243
230
257
233
235
234
249
272
218
225
203
242
247
218
213
231
251
223
221
226
211
211
243
223
232
179
219
226
197
176
189
195
171
191
176
181
160
167
181
144
160
143
153
139
141
153
137
126
120
143
128
116
135
148
113
105
116
126
106
107
89
101
116
100
106
104
95
110
90
79
99
96
83
106
87
82
97
94
91
105
67
88
80
64
61
71
58
64
69
85
75
59
59
72
67
84
79
61
70
44
53
55
61
52
68
57
61
69
46
64
69
61
61
58
53
62
60
57
55
58
66
64
59
71
77
56
48
53
58
56
46
43
54
45
65
48
58
57
64
62
66
60
59
54
56
49
65
50
63
85
62
71
59
78
74
74
73
54
73
72
82
85
74
70
89
71
77
76
56
65
61
54
56
59
52
62
62
66
40
44
48
34
40
48
52
37
49
45
43
35
37
39
33
40
40
48
38
30
51
32
44
34
47
41
46
34
53
41
36
40
48
50
49
47
39
40
53
42
50
50
28
31
36
32
37
33
47
31
38
40
36
24
29
34
34
35
22
31
39
25
28
22
45
26
38
25
34
31
30
33
24
30
37
22
20
34
25
29
41
31
43
32
29
25
36
26
33
27
25
27
26
36
26
31
29
23
38
26
29
40
34
29
28
28
23
30
25
20
36
34
25
27
34
21
25
27
26
21
22
36
24
20
27
28
28
20
29
39
29
27
25
26
33
33
36
27
27
34
31
23
34
22
26
26
27
31
29
37
28
29
31
18
17
27
34
13
20
21
35
28
17
27
26
28
24
27
22
22
24
20
20
17
16
17
23
28
27
33
29
17
26
26
26
26
28
23
26
28
26
24
24
19
28
27
19
28
20
19
22
21
27
33
14
28
27
25
22
20
25
34
27
20
18
21
19
25
26
25
26
18
16
16
27
18
20
26
18
17
19
13
18
32
23
24
21
23
21
30
14
19
18
18
22
18
19
27
25
19
14
18
19
19
20
22
23
16
17
17
12
18
26
25
21
17
20
17
18
13
24
28
20
21
12
18
22
24
20
15
18
15
22
15
19
22
11
15
22
13
22
15
14
17
20
20
24
15
21
22
9
13
28
20
15
11
18
14
22
26
14
11
20
20
20
20
16
25
17
23
14
12
3
26
18
14
21
22
17
21
14
14
13
12
19
23
18
15
17
17
14
19
17
14
17
21
16
21
10
16
10
15
13
15
18
21
11
18
19
11
10
18
15
22
12
11
9
12
9
14
16
13
15
13
14
13
11
18
15
14
10
12
18
22
19
18
17
10
15
14
13
11
10
16
6
17
12
13
12
14
17
16
14
11
11
10
17
12
12
15
10
11
6
11
17
12
14
9
18
12
10
8
14
18
9
14
9
12
11
11
16
14
13
14
13
11
11
14
10
12
16
9
14
13
10
8
8
8
11
9
7
12
11
14
13
16
15
14
5
8
10
10
9
9
14
10
14
13
9
7
9
10
13
10
14
8
9
7
9
10
6
7
16
13
13
12
8
10
11
16
9
9
14
5
5
21
9
11
13
7
8
14
10
7
5
8
8
13
10
11
11
15
6
11
12
12
11
9
4
9
10
12
9
12
5
12
6
11
13
11
9
11
11
7
6
12
4
9
9
9
8
6
16
13
7
7
8
4
6
5
14
11
7
12
13
7
11
4
8
10
4
6
7
4
9
12
7
10
9
4
8
9
7
6
11
6
12
3
6
7
5
11
7
6
11
10
7
9
7
5
7
10
4
7
11
6
9
5
7
7
4
6
3
7
7
8
8
2
11
9
2
8
3
6
8
4
10
6
5
7
11
9
6
5
11
2
10
4
6
8
9
6
8
11
5
4
5
2
9
5
5
5
4
6
3
5
10
5
5
2
7
6
7
11
15
10
11
6
1
7
6
6
6
4
9
11
9
7
4
11
4
8
6
5
5
6
5
6
5
9
7
5
9
6
7
4
5
4
11
7
9
5
7
9
4
7
3
4
6
4
5
5
5
7
6
3
8
7
4
2
5
3
8
2
5
5
6
5
5
10
2
5
4
2
3
2
3
5
1
7
2
4
4
1
3
10
3
6
6
2
0
5
7
7
4
7
5
4
7
2
7
7
6
3
7
3
5
5
2
1
3
3
3
3
4
3
6
7
3
5
1
4
4
2
2
6
5
5
8
4
5
4
3
6
3
3
4
7
8
6
5
3
0
0
7
5
4
3
7
5
8
4
3
2
3
7
6
2
4
4
3
3
1
3
2
4
4
6
4
6
3
3
1
3
5
1
3
2
1
1
3
3
4
0
3
5
2
4
4
3
6
5
7
5
5
3
0
2
3
4
1
0
6
1
4
2
3
5
7
5
4
3
2
2
3
3
2
2
4
4
4
2
5
2
5
5
3
6
2
3
5
7
1
2
2
4
3
4
1
2
0
1
4
3
0
4
3
3
4
3
5
4
3
2
2
3
3
1
1
1
3
2
5
0
1
5
3
4
5
4
1
2
3
1
5
4
3
2
5
3
2
2
3
2
0
9
3
1
2
2
1
2
1
1
2
0
3
2
2
2
0
1
1
0
0
2
1
2
3
2
0
3
2
0
3
1
1
0
5
1
3
5
2
1
2
4
2
4
2
1
2
4
3
2
0
2
2
3
3
1
1
0
1
3
3
3
0
1
1
0
1
5
0
2
4
0
2
0
2
0
0
3
1
2
6
1
5
1
0
2
2
1
1
1
2
1
4
4
1
1
4
2
2
1
1
0
1
0
1
3
4
1
1
2
0
1
1
1
1
3
0
0
0
1
2
4
1
5
4
3
3
2
4
2
0
1
3
2
2
1
2
0
4
3
3
1
3
1
1
0
1
1
1
2
0
3
5
0
0
1
2
2
1
4
0
4
3
1
2
2
2
0
2
1
3
4
4
1
0
2
3
1
0
2
2
1
3
1
2
1
1
1
1
1
1
0
0
4
1
3
1
0
0
1
2
0
2
3
0
2
2
1
0
5
2
1
1
1
0
4
1
3
0
0
1
1
2
2
3
2
2
0
2
0
0
3
0
2
0
4
1
1
1
1
0
2
0
2
2
0
1
0
2
0
1
1
0
1
0
2
2
1
1
2
0
2
2
2
0
1
0
1
0
0
1
2
0
1
0
1
0
1
3
1
2
0
0
0
0
2
1
0
2
0
1
3
0
0
0
3
2
4
2
2
1
0
0
0
1
1
0
2
0
1
0
1
3
0
0
2
0
0
1
0
0
2
2
1
0
1
1
0
0
2
0
1
0
0
3
0
1
1
0
2
0
0
1
1
2
0
2
0
2
1
0
1
1
1
3
1
1
1
2
2
2
0
0
0
2
0
1
1
0
1
0
0
0
1
0
0
2
1
0
0
1
0
0
2
1
1
0
1
0
0
1
0
1
2
0
3
0
0
0
0
0
0
0
0
0
0
1
2
0
0
1
1
0
3
0
0
2
1
1
0
1
0
1
2
2
1
0
0
0
0
2
0
1
0
0
0
0
0
1
1
0
1
1
0
1
1
0
1
0
1
0
0
1
0
0
0
1
1
0
0
1
0
0
0
1
0
2
1
2
1
0
0
0
1
0
2
0
0
1
0
0
1
1
0
0
1
0
1
1
2
1
0
0
0
0
0
1
0
0
1
1
0
1
0
0
0
1
0
1
0
0
0
1
0
0
2
0
0
0
1
1
0
1
0
0
0
1
2
2
1
0
1
0
1
0
1
0
0
1
2
0
2
0
0
1
1
0
0
1
0
0
0
3
0
0
0
1
1
3
1
0
0
0
0
0
0
0
0
1
0
0
0
0
0
1
0
1
1
0
0
0
0
1
0
0
0
0
1
0
2
0
0
0
0
1
0
0
0
0
1
2
0
0
1
0
1
0
0
0
1
0
0
0
0
0
0
0
0
0
1
0
0
1
1
1
0
0
0
0
0
0
0
0
2
0
0
2
0
1
0
1
0
0
1
1
0
0
0
0
1
0
0
1
0
0
0
0
1
1
0
1
0
0
1
1
0
1
1
0
0
1
1
1
0
0
0
0
0
0
0
0
1
1
0
1
0
0
0
0
0
0
2
0
0
1
0
0
0
0
0
0
0
0
0
0
0
0
0
0
0
1
0
0
0
0
0
0
0
0
1
1
0
0
0
0
0
0
0
0
0
2
0
0
0
1
0
1
1
1
0
0
0
0
1
0
0
0
0
1
0
0
0
1
0
0
0
1
0
0
0
0
0
0
0
0
0
0
2
0
0
0
1
0
0
0
0
0
0
1
