0
0
0
0
0
0
0
0
0
0
0
0
0
0
0
0
0
0
0
0
0
0
0
0
0
0
0
0
0
0
0
0
0
0
0
0
0
0
0
0
0
0
0
0
0
0
0
0
0
0
0
0
0
0
0
0
0
0
0
0
0
0
0
0
1
1
2
4
0
2
3
4
3
1
0
0
2
0
2
2
2
8
21
39
112
338
969
2227
4830
9508
17027
27480
40598
54633
66009
73358
73707
66523
54893
41497
28139
17288
9825
5033
2377
995
406
152
36
15
7
4
0
3
3
0
0
2
1
1
1
1
0
1
0
0
0
0
0
1
0
3
65
46
58
58
50
50
46
43
56
48
64
43
55
50
56
51
50
37
47
36
37
44
39
41
57
36
53
54
50
39
44
51
53
39
35
54
39
55
56
50
38
50
53
54
37
45
48
33
34
47
35
35
38
36
44
48
55
53
43
46
48
44
49
49
52
49
52
54
56
67
69
104
107
88
101
109
103
104
88
100
83
58
59
61
52
60
67
43
57
43
50
48
56
37
46
49
47
52
42
67
71
59
50
70
68
59
74
93
93
85
102
104
124
133
123
133
162
189
187
185
213
237
281
311
410
570
874
1417
2260
3636
5545
8288
12010
16070
20791
25327
29543
32003
33820
33214
31227
27317
23300
18788
14309
10654
7562
5500
3786
2791
2021
1487
1108
812
596
467
318
259
252
248
321
347
390
480
479
537
532
532
482
394
299
248
191
170
140
86
71
49
41
47
47
40
34
34
25
24
15
15
18
10
10
9
8
9
9
11
6
8
12
10
5
8
9
7
9
8
6
7
10
11
5
13
9
18
11
10
9
8
11
9
6
14
10
10
10
12
15
21
21
20
26
24
26
36
28
26
23
19
17
25
20
28
23
19
24
21
24
22
26
16
17
22
16
20
25
18
24
18
18
14
20
24
16
20
17
11
13
14
10
15
7
7
4
6
5
5
3
3
5
8
8
10
4
5
5
11
4
4
1
6
11
8
3
5
4
8
7
3
3
5
6
7
8
12
17
17
17
20
21
32
21
20
16
21
28
25
24
14
11
19
14
10
10
8
9
12
11
10
10
11
15
9
7
10
16
11
10
10
12
10
9
3
9
10
4
8
2
4
8
4
11
4
6
3
7
7
9
6
6
4
4
4
10
6
6
3
11
5
5
9
8
7
5
11
6
6
10
4
9
4
8
10
5
6
8
3
2
9
4
8
3
8
7
7
7
8
6
8
3
3
11
3
8
8
8
6
6
6
6
7
11
7
5
4
4
10
5
4
5
10
4
3
8
3
7
4
5
9
11
6
5
9
7
8
6
7
4
12
4
5
7
13
5
8
13
16
8
11
7
13
8
13
7
8
6
3
7
9
9
10
3
8
8
5
9
11
8
14
9
14
9
9
10
14
10
12
4
9
16
9
11
11
6
15
13
10
11
9
6
9
6
8
10
9
15
8
9
4
9
9
16
10
9
9
8
16
11
10
11
8
10
19
7
13
14
14
18
6
17
10
23
12
13
12
16
21
13
18
9
19
19
15
25
16
8
19
16
9
17
27
10
19
16
20
14
16
11
12
11
15
19
21
23
20
17
19
17
17
17
14
13
18
23
27
11
16
19
18
25
21
18
19
18
21
16
18
20
18
21
23
19
21
19
17
18
20
28
25
19
12
29
22
21
24
21
24
23
17
29
22
23
28
27
26
29
30
27
18
15
29
33
26
30
24
30
24
28
27
24
22
28
32
31
34
20
20
34
29
43
40
35
34
31
34
43
33
40
35
29
34
34
32
44
40
46
36
29
40
39
39
43
36
45
40
46
38
41
40
33
54
48
51
39
50
45
46
58
60
49
49
53
59
54
56
51
53
70
61
59
59
61
77
50
80
66
58
58
59
59
56
64
68
79
72
62
73
75
87
77
69
59
73
84
69
83
93
79
82
83
112
95
75
89
91
82
80
81
75
96
71
89
91
105
85
67
91
91
75
70
91
63
66
87
82
80
87
63
82
85
69
72
81
63
85
88
68
85
59
73
77
74
72
80
64
75
70
72
59
79
76
89
78
79
78
69
74
74
61
70
72
79
71
63
84
68
68
86
82
87
70
79
67
82
84
66
70
63
72
88
58
82
74
76
76
75
76
79
77
69
73
75
59
70
67
71
67
77
78
77
80
70
81
69
72
68
80
79
69
71
66
64
69
60
74
82
66
69
102
56
71
74
70
68
74
88
72
81
82
82
70
79
68
77
75
65
96
80
88
89
87
85
90
83
85
90
88
95
91
79
77
72
65
105
85
93
81
96
115
119
97
132
124
168
197
226
273
285
362
411
492
605
660
746
863
864
1003
1041
1019
1082
1055
1031
1018
953
918
807
763
717
592
511
450
361
299
245
227
217
159
159
127
116
97
92
107
86
85
98
101
92
94
85
85
101
101
93
103
107
94
84
90
104
108
91
104
105
105
102
82
94
99
101
94
112
118
120
105
95
105
103
111
92
86
112
123
91
123
121
112
106
121
124
106
108
139
94
124
135
101
111
110
126
122
123
115
148
128
137
137
153
139
155
144
172
182
192
195
192
237
236
250
245
262
236
246
227
260
222
240
235
228
220
193
194
177
181
151
146
150
141
169
167
132
124
136
141
133
157
155
150
176
143
164
146
170
147
174
149
146
168
164
164
169
190
151
153
163
184
186
178
174
195
191
195
192
207
200
191
246
222
192
218
213
226
213
212
195
224
212
224
220
219
237
212
231
231
240
226
226
221
231
241
196
238
233
244
248
210
232
243
216
220
237
233
252
230
223
231
219
226
242
265
238
247
240
247
238
258
251
268
245
258
247
279
251
264
251
278
279
257
264
281
265
268
262
270
276
254
248
273
271
274
252
249
258
246
245
242
217
227
235
238
264
240
251
214
230
253
253
227
228
245
259
240
212
224
217
237
207
205
215
228
172
218
213
210
235
179
192
201
205
202
211
196
190
208
198
185
224
195
224
172
214
205
196
196
195
201
185
213
172
193
178
204
189
192
195
204
207
206
189
212
215
196
195
199
197
212
201
199
192
220
192
181
226
178
196
197
202
187
174
212
208
214
186
214
205
198
207
220
194
189
209
183
206
207
205
195
197
209
208
190
223
194
208
187
211
192
210
200
209
211
235
210
213
221
235
209
223
198
201
248
232
230
251
229
196
230
224
221
219
216
216
259
197
223
251
216
257
232
215
250
226
207
230
235
229
214
198
251
237
226
254
235
212
221
211
227
251
255
254
212
236
209
217
219
222
216
239
222
231
231
231
214
240
241
217
217
245
225
232
253
229
227
213
223
229
254
209
231
232
227
227
258
237
228
257
206
236
248
238
236
218
245
232
255
233
227
270
258
233
215
218
227
254
240
219
251
218
270
263
248
227
224
251
255
253
271
248
267
248
254
244
282
274
249
250
252
251
238
268
268
228
253
241
247
277
250
252
302
231
253
249
220
270
255
232
289
280
244
263
244
251
284
270
226
252
272
274
237
278
260
243
261
280
251
246
262
281
278
296
231
279
286
288
309
272
240
283
275
289
278
292
268
292
282
286
268
285
237
269
286
275
245
305
287
281
308
268
255
273
294
320
325
340
315
289
325
266
315
283
297
306
304
287
307
319
284
284
310
305
274
296
324
270
286
281
316
301
265
312
283
296
303
268
292
321
277
301
320
302
286
334
303
289
290
306
307
256
287
275
277
259
287
265
248
276
291
272
263
262
294
309
273
286
282
270
248
281
265
247
274
288
274
239
270
245
258
257
267
269
262
246
269
234
275
218
255
252
230
240
241
235
251
261
290
256
257
239
225
260
250
259
273
279
231
242
250
242
264
266
233
253
242
292
265
253
233
237
252
243
227
243
258
237
234
252
258
269
241
239
258
248
247
263
246
230
238
231
268
257
266
248
258
240
255
259
262
263
267
256
251
230
246
264
267
279
266
275
254
247
268
273
259
232
273
227
244
234
280
237
260
244
228
253
220
255
238
223
256
220
252
258
231
247
210
207
207
243
235
230
248
258
238
231
231
243
243
241
254
221
240
254
248
233
205
220
250
215
247
217
248
265
228
239
214
256
264
222
248
241
202
243
245
263
237
240
217
249
271
269
241
255
239
257
251
255
224
230
245
252
240
234
244
228
243
255
220
246
241
281
242
219
256
237
247
212
243
247
274
264
248
252
210
197
265
261
244
229
265
235
236
248
222
264
221
232
244
269
227
254
265
261
243
243
258
241
246
282
271
248
272
259
290
268
257
278
271
252
251
266
262
289
266
298
273
271
274
254
281
269
280
313
292
305
306
281
300
290
263
286
294
301
290
331
301
311
312
322
309
322
334
285
303
353
359
321
355
352
335
335
351
348
363
348
419
379
353
373
354
371
398
357
386
413
404
408
395
406
396
403
422
389
464
460
462
485
509
492
502
514
558
538
576
522
597
649
581
652
633
642
711
725
700
743
774
790
866
814
886
944
959
963
1017
1025
1001
969
1055
1064
1129
1214
1223
1199
1256
1211
1332
1316
1325
1393
1386
1413
1398
1391
1413
1377
1354
1401
1396
1445
1490
1395
1359
1376
1422
1298
1367
1305
1363
1327
1258
1254
1271
1228
1233
1143
1133
1054
1091
1041
945
1015
1007
981
905
925
849
861
795
785
801
700
687
698
636
636
596
572
539
549
566
449
523
458
426
454
429
441
401
425
379
390
378
383
359
364
338
360
340
300
364
334
334
311
311
291
312
294
308
276
263
259
282
247
286
256
247
274
251
249
238
239
241
284
241
233
228
216
229
216
206
214
237
223
253
211
223
214
250
226
215
231
241
268
266
266
265
264
308
307
338
356
344
357
382
371
332
375
382
414
412
410
460
457
429
453
420
418
416
427
456
371
379
382
358
350
317
316
321
282
294
242
235
231
200
184
165
211
174
150
170
163
167
152
166
151
154
134
141
152
134
159
161
132
150
147
155
154
150
143
141
153
156
158
180
159
171
166
179
135
169
171
171
176
181
177
178
198
175
182
167
183
191
214
188
183
212
210
219
217
211
209
219
237
218
237
231
231
239
254
254
247
227
231
255
244
230
233
273
244
246
258
243
265
236
236
242
257
246
229
213
210
204
245
232
252
220
204
210
218
191
206
200
208
213
193
194
191
222
212
164
179
184
172
155
152
145
156
155
164
151
129
127
147
157
150
124
145
134
121
117
138
122
130
102
118
102
119
92
116
101
93
97
103
105
96
94
109
101
70
82
83
68
90
94
87
71
105
70
80
66
83
61
91
71
84
72
87
76
70
81
63
71
71
67
78
58
64
57
65
81
67
65
80
76
63
58
59
71
57
52
61
80
50
63
49
61
63
49
51
55
57
52
58
63
50
43
51
52
50
66
67
45
55
50
61
55
56
57
57
63
50
63
60
62
47
63
65
56
59
51
60
64
80
74
82
91
81
70
75
64
73
72
73
81
63
65
63
79
65
60
66
58
54
45
61
52
55
41
48
47
39
46
41
36
54
44
44
47
36
58
38
45
39
53
40
37
39
40
53
35
32
36
39
41
41
43
56
52
40
45
34
48
41
38
34
37
38
34
39
34
34
33
47
45
40
26
34
29
26
34
26
33
32
29
28
31
35
30
38
25
27
43
38
29
29
39
31
39
34
36
21
30
38
42
30
28
35
35
29
27
29
36
24
36
31
25
26
29
39
33
32
24
23
30
32
25
23
35
21
37
26
29
35
37
23
17
25
25
26
36
26
28
27
22
27
27
19
31
25
31
20
31
29
27
25
30
20
33
30
29
31
28
28
24
27
27
26
24
20
19
34
28
19
30
20
23
24
22
27
29
17
25
17
30
25
30
23
26
29
19
31
23
12
27
30
16
26
23
30
23
19
25
22
23
28
25
37
24
29
22
28
22
27
27
27
18
28
22
29
22
18
28
19
28
29
30
29
21
20
20
21
20
20
21
21
19
29
15
24
23
19
21
22
22
14
19
19
22
29
14
22
20
21
14
18
28
20
18
29
27
20
27
18
15
13
23
30
25
29
13
20
16
24
13
24
27
22
19
23
11
21
18
15
17
16
20
13
12
18
26
20
25
20
15
25
16
16
13
14
23
13
20
17
20
23
21
7
17
19
23
13
19
20
18
15
15
12
24
17
23
8
5
23
19
24
14
22
25
12
18
13
12
15
15
20
15
24
14
14
17
19
24
14
15
15
27
15
13
17
16
20
8
15
17
13
18
12
15
17
13
10
22
11
18
14
15
19
15
14
7
16
17
15
13
18
13
18
10
17
12
10
11
24
22
19
21
25
11
11
12
17
6
12
17
13
15
21
15
12
12
15
19
16
15
8
13
14
12
12
15
8
13
14
19
13
9
17
13
12
22
18
10
13
9
13
9
9
9
15
10
9
20
16
10
11
14
10
17
14
13
11
15
11
19
11
21
14
11
16
15
9
14
12
12
13
8
10
8
12
7
9
11
12
12
9
8
11
14
7
7
10
5
14
10
14
10
11
13
9
12
11
9
9
9
13
9
12
10
9
11
11
14
9
11
13
10
5
13
14
6
11
10
15
10
10
10
9
11
12
4
11
7
12
10
12
11
11
8
8
6
7
8
11
13
7
8
9
15
7
14
12
7
7
21
14
1
8
19
11
6
8
10
8
7
9
8
12
8
9
7
9
9
6
10
10
13
8
10
9
9
6
7
5
10
6
12
9
6
9
13
9
7
6
12
4
12
8
6
9
6
7
13
9
8
8
7
9
13
8
6
9
14
13
15
9
9
15
7
10
13
10
7
8
4
4
13
7
6
4
9
8
6
4
9
4
7
7
3
11
5
8
5
7
12
7
10
7
7
7
3
10
5
4
4
4
11
10
7
5
9
9
4
8
10
3
7
9
5
8
5
6
11
7
8
8
9
4
3
3
7
6
6
7
3
10
11
3
4
5
5
6
3
13
6
6
3
7
5
7
7
7
4
4
7
6
2
10
8
7
1
4
8
9
7
6
7
5
4
9
5
4
8
4
9
5
9
5
8
6
4
5
6
6
5
2
7
4
1
2
6
6
6
4
2
4
5
3
2
4
4
6
8
4
6
2
10
0
4
10
3
5
4
5
4
5
8
4
5
6
2
4
7
3
2
2
3
2
0
6
2
10
4
2
0
8
4
3
1
4
7
8
5
2
6
4
3
4
2
2
5
3
2
1
2
4
5
3
7
3
11
4
5
4
4
5
4
2
6
4
3
4
2
3
5
5
6
2
6
7
1
2
1
4
7
2
4
2
3
4
6
4
5
4
6
6
4
4
3
0
3
8
2
2
3
8
2
2
1
5
2
3
5
2
3
3
4
3
4
1
4
4
1
1
2
3
2
0
3
4
0
3
6
2
2
3
4
6
2
2
2
7
1
2
3
3
3
6
8
3
1
3
3
2
3
0
4
5
1
5
4
7
2
0
1
3
1
2
5
5
4
1
2
4
9
4
7
3
1
4
5
1
5
1
3
4
4
5
3
2
1
0
2
2
2
3
1
4
5
4
4
2
0
2
4
3
5
2
1
4
3
1
5
0
4
6
2
3
1
4
4
1
2
1
4
4
0
5
2
2
1
4
3
3
1
3
1
1
2
3
2
1
2
2
2
4
2
0
3
2
1
3
1
4
1
5
6
1
1
3
3
2
2
2
2
2
1
1
2
1
1
1
5
1
3
4
0
1
4
4
3
1
4
1
5
1
0
2
1
4
2
1
2
3
1
2
0
2
1
0
1
2
4
1
3
4
0
2
1
1
5
1
1
1
3
0
0
2
3
4
0
3
5
1
1
4
4
2
1
1
1
3
1
2
1
1
1
0
1
2
1
2
0
4
1
0
1
1
3
1
1
1
2
2
1
0
3
3
3
3
1
0
1
0
1
2
3
0
2
2
2
1
3
1
1
1
2
0
2
0
1
1
0
2
1
1
1
3
4
0
2
0
1
0
1
2
1
2
2
1
2
0
1
2
0
0
2
1
3
2
2
0
1
2
4
3
2
0
0
2
0
0
2
2
2
3
1
1
1
0
2
3
1
0
1
2
1
1
1
0
1
2
1
1
4
0
0
1
2
0
2
0
0
1
1
1
0
0
1
1
0
2
1
0
0
0
3
2
0
1
1
0
3
0
1
0
0
0
0
4
0
1
0
2
0
1
1
1
1
1
1
1
0
0
1
0
0
1
2
1
3
1
0
2
0
0
0
1
3
0
2
2
0
2
2
2
1
0
1
2
1
0
0
1
0
0
2
1
2
2
2
0
0
0
0
1
1
1
1
1
1
0
0
0
0
1
0
0
1
1
0
0
0
2
0
0
2
0
0
1
1
1
2
1
0
1
0
0
0
2
1
1
0
2
1
0
2
1
0
0
0
1
1
0
0
0
1
0
2
0
0
1
2
1
0
2
0
2
0
1
1
0
0
0
0
1
1
0
0
2
1
0
2
1
0
0
0
0
1
1
1
1
0
2
0
0
1
1
1
0
2
2
0
0
0
0
0
1
1
0
0
0
0
0
0
4
1
0
0
1
1
0
3
0
0
0
1
2
3
0
1
0
1
0
0
0
0
2
4
0
0
1
2
0
1
1
0
0
0
1
0
0
2
0
0
0
2
1
0
4
0
0
0
0
0
2
1
1
1
1
0
0
2
0
1
1
1
1
1
0
0
0
0
0
0
2
0
0
0
0
0
0
1
0
1
0
0
1
0
0
1
0
0
0
1
0
1
2
0
0
1
0
0
1
0
2
0
0
1
0
1
0
0
0
0
2
1
0
0
0
0
0
0
0
3
0
0
0
1
1
0
0
0
0
0
0
0
0
1
1
2
0
0
2
2
0
0
0
0
0
0
0
0
0
0
1
0
0
1
0
0
1
0
0
0
2
0
1
0
0
0
1
0
1
1
0
0
1
1
1
0
0
0
0
0
0
0
0
0
0
0
1
0
1
0
0
0
0
0
1
0
0
0
1
0
1
0
0
0
0
0
0
0
0
0
1
1
0
1
0
0
0
1
1
0
4
0
0
0
0
0
0
0
0
0
0
0
0
0
1
0
0
0
0
0
0
0
1
1
2
0
0
0
2
0
0
0
0
0
0
1
0
1
0
0
1
0
0
1
0
0
0
0
0
0
0
0
1
0
0
1
1
0
0
1
0
0
0
0
1
0
0
0
0
0
1
0
0
0
0
0
1
0
0
0
0
0
0
0
0
0
0
0
0
0
0
0
0
1
1
0
2
1
0
0
0
0
0
2
1
0
0
0
0
0
0
0
1
1
0
0
1
0
1
1
0
0
0
0
0
0
0
0
0
0
0
0
1
0
0
1
0
0
0
0
1
0
0
