0
0
0
0
0
0
0
0
0
0
0
0
0
0
0
0
0
0
0
0
0
0
0
0
0
0
0
0
0
0
0
0
0
0
0
0
0
0
0
0
0
0
0
0
0
0
0
0
0
0
0
0
0
0
0
0
0
0
0
0
0
0
0
0
0
0
2
3
1
3
5
2
3
4
2
1
2
0
3
1
4
4
14
35
110
306
919
2220
4788
9512
16960
27556
40608
54721
66114
73520
73282
66859
54721
41285
28200
17527
9767
5078
2418
1019
370
135
37
11
6
2
3
1
3
4
0
2
3
0
0
1
1
0
2
0
0
0
0
0
0
4
53
53
42
51
50
40
52
53
49
58
53
49
43
40
44
56
52
50
59
43
35
38
29
57
30
44
39
47
49
41
39
43
49
37
47
54
57
42
42
44
48
36
37
47
41
41
38
56
51
44
35
57
34
33
38
44
47
52
43
59
45
55
58
50
48
57
56
51
65
53
80
85
100
90
99
105
97
87
112
105
83
85
64
58
46
53
53
49
54
44
32
48
41
34
45
54
39
52
58
55
55
64
55
55
61
77
79
90
77
102
103
113
128
138
138
121
138
163
150
185
196
216
240
321
453
549
881
1394
2146
3557
5457
8060
11691
15938
20415
25173
29224
31899
33146
32441
30788
26887
23182
18336
14228
10436
7392
5438
3831
2761
1909
1465
1108
789
551
433
323
243
266
315
308
380
445
486
523
548
565
514
464
383
324
264
206
153
119
105
65
66
44
56
38
35
44
40
26
25
22
19
16
8
8
3
9
6
9
7
13
16
4
7
8
8
10
5
6
12
10
12
12
5
8
14
7
5
7
9
4
8
10
12
15
7
7
13
12
12
17
11
20
29
18
30
29
20
35
22
19
22
25
12
14
22
11
13
18
20
25
16
19
23
18
27
23
9
22
19
25
14
21
22
25
15
21
26
14
19
12
9
8
11
9
9
6
4
6
7
5
8
11
9
3
9
11
7
6
7
7
9
5
6
7
3
6
10
9
13
4
6
8
8
12
8
7
9
16
9
25
18
17
18
29
32
22
33
27
21
29
19
15
15
11
17
11
8
11
6
10
17
8
20
10
10
13
12
10
14
17
12
12
8
10
9
14
13
12
10
5
7
11
9
8
7
5
3
9
5
9
6
10
5
7
2
5
6
9
7
5
7
6
7
1
9
7
9
4
5
11
5
4
4
7
4
4
6
8
7
13
9
8
9
4
4
8
7
4
7
6
6
9
5
5
8
6
15
6
9
7
7
5
7
6
1
6
7
8
5
5
3
7
5
6
9
8
7
9
3
6
5
5
4
8
5
6
9
7
3
11
6
8
13
6
5
8
13
5
10
5
15
7
4
7
7
7
11
13
4
10
9
10
6
6
10
6
4
6
10
5
7
6
7
11
11
4
9
8
10
6
7
7
16
9
8
5
10
5
9
10
8
6
5
10
8
11
7
11
9
14
9
15
8
11
11
18
13
7
10
14
13
15
16
14
9
12
11
9
17
20
10
17
12
9
10
9
18
15
7
11
13
14
12
23
18
18
13
17
15
21
10
17
15
25
13
11
14
17
18
18
21
13
13
22
18
11
17
16
20
20
18
19
19
18
13
20
18
11
16
16
18
18
13
16
22
18
15
22
29
28
16
23
21
17
19
19
16
26
21
15
24
17
19
14
26
20
12
30
20
29
31
21
16
28
28
21
27
27
29
25
35
37
35
27
32
23
28
35
30
31
31
32
39
24
20
31
41
30
33
30
29
34
32
30
31
31
30
36
33
45
29
34
30
31
39
40
31
41
35
34
36
34
40
44
45
43
38
27
29
49
33
40
38
57
36
55
66
48
47
24
38
66
52
59
53
53
43
46
58
55
54
54
60
65
67
61
54
61
73
58
73
75
61
59
65
71
57
67
76
77
61
68
83
75
84
73
77
95
87
73
82
90
92
102
99
98
82
74
77
89
86
87
89
81
74
76
79
81
80
72
78
72
94
70
84
73
88
86
81
79
81
85
89
70
70
69
72
73
81
66
76
71
82
78
69
70
61
79
59
75
77
63
72
67
61
79
70
67
72
64
60
63
73
69
81
76
74
66
69
69
61
79
71
69
75
68
78
71
75
64
81
86
70
62
65
79
63
76
77
68
68
62
77
68
70
74
74
74
67
87
62
71
66
70
69
72
65
68
66
83
99
83
72
70
76
75
73
68
55
68
85
72
64
73
80
53
76
69
66
76
89
84
80
87
74
76
75
68
72
72
80
74
81
77
72
72
83
71
84
85
92
98
94
74
77
82
87
100
82
77
81
122
113
130
114
162
179
205
270
279
367
410
559
569
684
710
815
888
976
1029
1030
1081
1063
1036
1034
1000
907
806
702
638
575
506
390
368
280
263
213
176
161
160
140
114
109
112
109
95
91
92
82
94
106
104
86
94
91
94
84
110
102
102
103
91
108
93
80
93
96
113
95
106
97
111
112
108
95
88
103
99
108
109
106
95
108
95
111
113
114
110
111
102
112
95
89
105
107
107
106
120
125
116
100
124
106
137
125
134
134
123
137
126
138
164
179
162
183
178
180
213
211
236
244
227
251
267
252
252
279
235
260
218
213
216
201
191
205
185
175
158
158
146
184
144
157
135
133
143
155
137
142
124
131
154
152
154
145
181
175
167
177
160
166
158
171
150
165
189
159
178
165
152
161
185
187
177
190
175
212
174
193
217
175
209
212
230
217
189
226
201
213
206
213
240
202
230
195
212
209
200
204
202
218
238
220
222
206
236
205
244
221
231
229
220
255
212
231
238
210
232
245
254
247
229
224
221
211
267
222
231
262
238
233
227
249
278
241
238
248
264
235
241
265
249
255
265
257
243
265
243
264
245
246
256
246
243
233
262
206
246
246
255
240
238
199
267
237
248
236
218
216
200
222
197
230
230
225
227
209
198
210
234
197
208
176
184
227
234
204
220
199
177
187
216
199
189
205
177
194
200
210
194
200
204
189
206
208
181
222
185
201
221
188
215
202
198
181
197
204
196
204
220
183
203
203
176
187
199
192
209
215
202
202
207
233
186
189
196
173
195
207
200
184
205
196
206
194
212
195
214
206
218
198
183
190
205
192
188
197
213
195
193
214
184
175
240
189
224
218
223
186
184
219
202
217
211
221
207
186
204
215
230
201
218
197
199
242
210
215
216
210
198
218
216
232
195
223
212
215
239
214
219
237
218
236
212
214
225
216
212
198
224
238
246
201
210
225
210
229
224
205
217
219
190
228
215
232
229
221
241
199
211
222
219
230
223
222
203
205
226
220
236
227
239
235
259
199
209
231
237
215
244
228
241
243
236
215
224
237
246
230
219
252
243
221
258
233
243
227
240
250
262
214
246
220
268
232
235
233
227
255
255
236
240
260
259
260
253
256
245
240
241
242
249
244
257
253
224
250
256
266
222
268
270
247
268
250
217
214
266
245
236
231
269
252
268
241
263
257
237
249
246
250
250
283
240
268
257
290
246
247
271
266
265
277
264
280
269
274
272
283
283
283
276
256
294
268
288
285
282
267
263
279
270
259
265
275
253
273
268
294
295
249
278
291
258
298
276
280
282
297
291
267
314
289
295
266
264
302
283
300
290
299
287
277
297
262
295
283
289
318
282
310
290
261
264
284
313
306
317
305
268
259
307
286
280
311
272
284
302
307
265
262
302
295
305
272
250
267
277
272
292
286
296
256
272
239
282
264
286
263
294
261
250
286
261
281
258
267
279
280
271
254
255
275
238
248
240
264
243
273
249
272
269
277
258
251
267
281
265
269
245
264
250
297
264
255
246
268
281
257
233
267
269
246
231
252
241
235
266
281
253
241
227
263
228
266
246
218
244
238
207
257
251
255
253
243
263
263
248
261
250
229
229
229
262
268
251
210
227
246
246
265
236
257
264
277
207
256
259
249
242
261
251
295
252
265
232
225
252
247
249
250
272
223
248
258
242
221
254
236
240
242
252
264
245
224
215
222
246
262
219
248
226
251
225
235
231
270
243
246
214
254
231
256
249
280
254
230
234
229
267
215
231
230
210
254
238
246
272
216
250
257
226
235
248
237
223
240
260
246
242
238
260
264
238
247
232
235
243
247
231
254
228
233
239
261
229
206
220
235
234
256
257
221
223
258
254
224
251
240
228
246
275
252
265
250
281
236
250
223
259
232
276
256
272
270
229
239
259
224
248
240
251
258
246
259
244
258
247
280
262
252
221
256
254
252
255
252
212
277
238
249
245
264
251
283
230
271
275
256
254
275
255
295
255
235
288
241
314
283
277
283
272
279
291
295
284
294
295
298
283
296
317
292
296
304
324
308
333
295
308
308
296
336
338
343
337
320
318
341
336
335
367
345
343
354
359
363
360
365
384
348
354
362
350
369
392
405
413
444
394
396
403
414
428
419
458
439
470
493
527
464
568
540
548
553
545
599
594
627
601
689
651
721
728
792
721
839
822
798
844
945
865
958
923
1015
1036
1021
1038
1099
1093
1156
1142
1221
1161
1239
1282
1315
1338
1344
1352
1348
1308
1438
1418
1397
1393
1416
1404
1404
1468
1384
1389
1374
1293
1352
1374
1242
1307
1263
1269
1277
1224
1167
1201
1151
1139
1074
1029
1028
1055
1011
1011
917
923
839
860
787
779
742
717
714
654
630
673
603
592
534
559
567
497
518
495
460
461
458
436
409
398
392
402
425
364
368
353
361
374
340
318
323
307
317
279
320
340
311
291
261
269
296
287
282
283
263
263
264
209
246
236
252
216
224
243
226
235
210
208
192
222
199
216
201
216
206
208
216
235
209
229
232
225
255
241
237
244
253
277
278
292
278
318
316
346
337
359
363
378
393
379
412
457
443
421
393
404
419
425
422
418
417
416
402
412
434
376
364
320
331
305
280
281
242
252
212
215
201
199
200
185
186
167
167
164
191
162
141
156
140
162
172
127
152
144
164
164
138
160
149
140
141
147
153
178
148
153
161
183
164
151
151
163
177
157
165
168
172
195
173
187
197
178
185
177
201
193
212
199
208
203
210
212
214
227
203
188
231
260
237
263
258
232
242
234
227
225
256
265
238
244
252
250
253
281
241
247
243
233
240
227
242
240
252
230
227
231
212
240
210
231
210
234
198
184
213
214
164
182
187
188
186
211
198
176
166
167
158
162
172
150
156
150
129
155
143
119
132
144
123
127
125
96
120
105
122
93
113
104
109
125
115
104
94
98
95
91
94
75
92
87
75
89
86
88
89
92
100
80
98
77
78
87
66
70
72
64
79
71
65
85
73
80
86
75
59
60
67
70
60
53
60
58
56
59
54
59
57
56
58
53
63
53
55
62
49
57
64
49
65
67
49
56
52
57
44
53
49
47
53
53
49
55
57
63
58
60
44
60
57
59
53
55
58
61
62
51
50
53
58
62
82
74
70
76
77
78
88
78
72
78
90
74
90
72
78
72
71
62
57
60
73
59
52
64
50
50
52
52
45
38
50
44
47
49
42
39
40
40
43
49
49
50
34
42
35
51
39
53
45
44
47
43
43
50
32
31
49
38
38
42
41
36
34
43
44
29
42
29
38
36
44
41
30
29
32
36
24
40
46
41
28
39
34
39
40
27
31
27
33
22
35
25
21
36
35
31
22
26
33
32
31
28
32
41
27
30
33
29
28
42
29
32
31
42
24
26
20
37
38
27
30
34
21
21
17
28
27
25
29
35
35
33
33
28
22
27
29
28
25
36
28
25
29
27
22
27
26
17
23
22
26
29
27
17
36
24
21
25
32
19
22
24
27
25
20
32
26
19
23
17
33
34
34
26
17
26
20
26
16
24
18
24
24
23
27
32
23
19
18
26
23
23
27
28
26
25
31
22
25
24
22
28
20
26
26
20
21
29
20
19
26
26
25
30
20
26
28
28
20
25
18
19
17
23
25
22
19
25
18
28
22
13
13
17
19
18
21
20
28
26
34
21
19
25
28
27
14
19
21
18
25
28
23
20
18
19
18
32
25
20
12
24
22
11
26
15
21
21
19
17
21
22
24
21
19
17
22
21
17
18
20
18
20
19
21
19
20
21
19
19
16
17
16
19
18
23
26
18
9
20
15
19
23
14
13
20
20
17
17
24
16
23
20
14
14
18
16
18
16
14
20
14
22
16
18
10
22
13
21
11
18
16
15
17
20
10
19
18
23
11
14
13
24
13
10
24
20
14
14
16
17
11
13
11
16
11
20
21
24
18
9
14
15
22
17
18
20
12
18
10
25
18
18
16
12
17
19
17
13
15
13
15
19
8
19
18
19
11
15
15
14
10
14
12
12
9
15
14
13
14
14
12
15
15
10
16
11
13
15
13
11
12
10
18
19
14
10
16
8
13
15
14
10
15
17
13
16
17
9
8
8
17
15
13
18
10
15
13
14
12
8
7
11
14
12
15
8
10
8
9
13
17
15
13
7
20
8
11
15
12
10
12
14
15
14
15
8
5
14
8
10
10
13
9
15
10
12
10
11
16
6
14
15
13
9
15
10
14
14
11
13
7
9
10
11
9
12
12
13
6
9
8
12
8
12
8
11
13
5
11
10
9
13
8
6
3
17
16
6
11
11
11
11
9
10
8
14
13
9
15
7
11
6
6
7
6
10
9
6
9
8
10
14
7
12
13
12
11
4
7
11
3
8
10
10
10
10
4
9
9
11
5
11
10
9
3
10
8
6
9
9
7
13
11
9
4
10
10
2
3
6
8
10
7
5
5
6
5
7
8
12
4
16
10
8
2
7
10
13
3
6
17
9
2
1
8
11
11
3
5
6
5
10
2
7
8
9
5
2
5
6
7
9
1
5
19
8
5
7
7
8
6
5
5
9
8
9
7
3
4
8
4
5
9
10
7
6
5
7
7
7
6
6
10
6
8
7
11
9
5
7
7
3
6
9
6
4
9
2
6
5
6
6
4
1
9
7
8
6
8
9
13
5
6
7
3
4
11
5
7
8
3
7
3
6
13
8
3
6
4
3
3
7
4
7
2
8
6
5
6
5
4
1
9
3
3
8
7
6
6
7
4
9
3
6
8
7
8
7
3
10
4
5
4
3
7
1
8
2
4
4
7
7
1
8
5
4
4
6
1
4
4
4
10
5
2
6
5
7
2
3
4
3
4
6
3
2
5
5
2
5
4
2
6
3
5
4
2
3
6
2
1
4
2
3
7
5
8
5
1
2
4
4
4
2
7
11
6
6
4
6
5
6
5
6
1
6
3
2
3
4
5
7
3
6
4
3
5
3
5
3
5
6
3
1
4
2
3
4
3
4
1
6
4
4
3
2
4
4
2
2
2
4
4
5
2
2
2
5
1
3
6
2
3
2
5
1
2
4
3
4
3
5
1
3
4
4
0
4
1
2
1
3
4
2
4
2
5
4
3
4
3
1
8
6
5
5
2
4
3
1
1
4
1
1
2
0
3
3
5
2
5
1
2
1
4
2
2
3
2
3
1
4
0
2
3
4
4
2
0
2
5
1
2
5
5
6
3
3
3
2
2
7
4
3
2
1
2
2
1
2
1
4
5
3
3
1
2
0
3
2
1
3
5
6
1
1
3
5
1
2
5
2
0
0
5
0
1
2
3
3
4
1
2
2
1
0
1
2
3
2
1
2
4
5
2
1
1
1
2
1
2
1
3
0
1
2
2
3
3
1
0
3
0
1
0
4
3
2
1
1
1
1
2
0
2
1
2
2
1
2
1
0
3
1
2
4
2
5
1
4
2
3
2
2
3
3
0
2
1
1
4
6
3
3
1
2
1
3
2
1
0
0
1
2
1
2
3
1
2
1
1
2
0
3
3
3
2
0
1
0
0
2
1
2
1
2
0
0
1
2
4
1
3
2
2
0
2
3
1
0
2
3
1
0
1
0
4
2
0
0
1
0
4
3
0
1
3
1
1
2
1
1
1
1
1
1
0
1
1
2
0
2
1
1
0
1
2
0
1
1
1
4
2
0
0
2
1
2
1
0
2
0
1
1
1
1
0
1
0
0
0
0
1
0
0
1
0
2
3
1
2
1
0
0
3
0
3
2
0
1
0
0
5
1
2
3
0
0
0
2
2
1
3
0
1
1
0
2
1
3
1
0
1
1
0
0
0
1
3
0
0
0
2
0
0
0
1
2
1
3
2
0
0
2
0
0
1
1
0
0
0
1
0
0
1
1
0
1
2
2
1
0
0
0
0
0
0
0
2
0
0
1
1
1
2
0
0
0
0
3
0
1
1
1
2
0
3
0
0
3
1
0
2
0
1
1
0
2
0
2
0
0
1
0
0
1
0
1
0
0
2
0
1
1
1
0
0
1
1
1
1
0
0
0
0
0
0
1
2
2
0
0
0
0
1
0
1
0
1
0
1
2
0
1
0
2
1
2
2
0
0
2
0
2
0
0
1
0
1
1
1
0
0
0
2
4
0
0
0
1
1
0
0
0
1
0
1
2
0
0
0
0
0
0
1
0
1
2
0
0
0
0
1
1
2
1
1
1
2
0
0
1
3
0
0
0
0
1
0
0
1
4
1
1
2
0
2
2
2
0
2
0
0
0
1
0
1
1
2
0
1
0
0
0
0
0
2
0
0
1
0
0
1
0
0
1
0
0
1
0
0
0
0
0
0
0
0
0
0
0
1
1
0
2
0
0
1
1
0
0
0
0
0
0
1
0
2
1
2
0
0
0
0
0
0
0
2
0
0
1
0
0
0
1
0
1
1
0
0
0
0
1
0
0
0
0
0
1
1
2
1
0
0
0
0
0
0
1
1
2
0
2
0
1
0
0
3
0
0
0
0
0
0
0
0
0
2
0
0
0
0
1
1
0
0
0
0
0
0
0
1
0
1
0
1
0
0
0
0
1
0
0
0
1
4
0
1
1
2
0
0
0
0
0
0
0
0
0
1
0
0
0
0
0
2
0
1
0
0
0
1
1
0
1
1
0
0
0
0
0
0
0
0
0
0
0
0
1
0
0
0
1
0
0
0
2
0
0
0
1
1
0
0
0
0
0
0
2
0
0
0
1
0
0
0
1
1
2
0
0
1
0
1
0
0
1
0
0
1
1
1
0
0
0
0
0
0
1
0
0
1
1
0
0
0
0
0
1
0
0
0
0
1
1
0
0
0
0
0
0
0
1
1
1
0
0
1
0
0
0
1
1
0
0
0
0
0
0
0
1
0
0
0
0
0
1
0
0
0
0
1
0
0
0
0
1
0
0
0
0
0
0
0
1
0
0
0
0
0
1
0
0
0
1
0
0
0
0
0
0
0
0
0
0
0
0
0
0
0
0
0
0
0
0
0
0
1
0
1
0
0
0
2
0
0
1
0
0
