0
0
0
0
0
0
0
0
0
0
0
0
0
0
0
0
0
0
0
0
0
0
0
0
0
0
0
0
0
0
0
0
0
0
0
0
0
0
0
0
0
0
0
0
0
0
0
0
0
0
0
0
0
0
0
0
0
0
0
0
0
0
0
0
0
1
0
0
0
0
2
2
4
1
2
4
3
5
2
2
4
5
17
53
161
367
1004
2167
4916
9549
17038
27440
40904
54855
65935
73070
73016
66603
55002
41422
27963
17481
9678
5144
2354
980
363
145
47
23
4
2
2
5
2
3
1
0
1
0
1
0
2
0
0
0
0
0
0
0
0
10
69
54
45
61
58
67
55
62
55
43
66
55
53
55
47
57
56
58
48
57
52
70
51
60
47
41
55
49
38
49
54
44
59
58
50
41
39
39
48
52
48
52
47
43
47
50
51
45
38
44
42
49
46
54
43
60
46
53
44
42
53
50
58
46
46
55
53
54
55
66
72
102
92
114
112
126
114
99
99
91
79
86
75
63
56
66
46
55
49
42
51
43
57
38
57
46
53
40
57
66
62
59
54
80
72
70
69
90
85
97
87
104
112
117
128
137
153
117
144
164
176
197
183
221
329
460
687
1209
2006
3251
5126
7786
11481
15081
19866
24427
28441
30896
32424
31875
29581
25913
21937
17578
13667
10078
7390
5269
3759
2708
1890
1415
1019
701
554
398
296
240
210
236
254
343
413
473
489
556
537
525
509
420
346
287
211
170
134
100
75
53
48
48
52
45
26
28
20
18
18
15
13
10
11
10
8
8
9
7
9
11
8
15
7
7
12
11
12
11
8
15
12
4
10
7
10
15
8
15
4
10
7
8
9
17
11
9
8
15
11
9
23
14
18
21
23
16
29
21
29
25
19
31
23
19
19
25
20
20
24
33
19
23
12
19
16
22
15
16
30
18
18
19
16
13
20
18
15
10
6
10
13
15
7
8
6
7
10
10
4
9
8
4
6
11
4
6
7
4
7
7
5
4
5
5
6
6
9
5
8
8
3
8
3
6
15
9
19
14
20
20
18
28
30
28
26
31
33
25
17
18
10
17
9
13
13
10
6
14
10
10
10
8
9
15
12
13
14
8
9
14
14
17
9
6
12
9
9
1
6
10
3
3
2
5
10
6
10
6
8
7
11
4
5
13
8
5
7
3
7
4
9
6
10
14
7
5
8
7
7
6
4
5
7
5
8
10
5
7
7
2
2
6
5
9
6
5
5
7
3
2
5
6
6
4
7
5
4
9
8
10
2
7
6
9
5
8
5
5
6
6
4
7
8
3
12
7
8
10
7
8
3
5
10
8
8
6
4
8
8
9
4
9
6
6
7
11
3
10
9
10
4
12
14
7
6
6
7
9
7
7
11
9
5
10
3
9
11
9
12
12
8
14
12
13
7
12
6
9
8
15
12
12
12
11
4
12
10
10
12
12
14
14
8
10
9
8
10
9
12
14
10
17
5
9
9
8
12
9
9
6
8
9
12
16
5
8
15
13
10
12
14
10
17
10
18
9
10
7
18
19
12
11
8
18
12
13
15
17
12
8
10
14
14
18
13
17
22
18
11
19
21
19
13
9
14
14
18
9
18
14
9
12
8
20
16
22
20
24
15
17
14
21
19
21
16
20
17
16
17
16
24
18
20
17
17
24
22
21
12
14
18
19
17
19
17
21
20
21
23
20
25
21
16
20
24
24
21
24
26
23
31
20
33
22
23
36
36
23
27
24
24
33
38
27
31
36
33
43
26
32
32
25
33
41
33
38
32
35
36
40
37
33
42
35
22
30
42
47
48
46
42
30
36
31
40
36
26
33
28
45
41
33
40
47
31
41
42
50
50
48
67
54
51
43
49
41
54
51
61
44
65
60
48
59
50
63
51
69
65
60
57
54
63
69
59
59
57
56
80
77
58
82
54
65
92
96
82
82
99
100
79
87
75
87
92
89
76
88
104
90
90
81
79
78
85
98
89
76
78
57
68
69
69
72
83
71
72
72
66
70
74
66
61
75
65
75
89
81
83
70
75
47
72
76
81
88
70
80
65
69
78
66
59
74
77
77
81
82
75
71
56
65
77
71
71
69
67
83
69
65
53
63
63
80
71
75
56
63
72
90
54
81
90
63
72
59
66
67
73
74
84
74
63
53
66
66
63
64
80
70
75
73
69
71
71
72
67
63
79
64
56
58
63
73
69
77
61
81
71
64
64
62
76
80
74
85
67
59
89
62
81
67
78
80
71
66
65
77
80
78
90
65
73
98
93
85
76
95
87
82
80
74
88
73
92
93
85
102
93
104
111
127
123
139
155
171
253
294
339
383
426
515
615
642
757
810
864
986
978
1012
1030
1017
1019
894
974
856
774
690
594
609
455
412
329
301
251
205
192
153
137
147
131
106
108
112
98
103
83
109
89
91
95
95
83
107
94
85
92
104
96
94
79
99
89
95
112
104
78
109
98
117
103
88
108
81
103
107
102
95
102
111
105
100
110
115
94
115
88
109
103
104
108
110
112
108
109
105
121
121
108
98
115
106
126
128
157
134
144
138
147
143
154
166
164
178
177
192
240
214
215
268
289
242
247
242
257
227
216
240
215
233
214
198
184
153
167
193
174
158
176
162
148
156
140
169
155
160
155
153
142
178
147
168
151
158
180
155
147
165
178
184
163
195
188
189
208
172
186
184
209
220
226
248
248
240
218
243
246
245
255
237
261
257
249
245
245
260
239
256
260
246
245
263
252
246
263
248
253
237
227
287
230
265
243
247
239
244
243
242
251
241
249
288
222
227
211
235
247
214
227
250
246
250
210
255
232
245
252
224
233
247
259
243
234
260
263
231
236
260
265
249
247
263
259
259
231
236
248
229
226
244
220
238
276
243
242
230
244
221
239
215
234
220
241
234
239
259
227
224
202
218
216
210
227
203
235
230
203
220
258
206
247
243
246
238
231
224
231
188
213
218
223
221
235
244
210
241
213
243
217
234
201
234
216
212
222
242
210
221
248
217
213
243
240
217
233
214
233
206
233
266
247
216
211
209
220
230
216
224
233
255
229
234
226
203
233
247
249
224
231
231
226
226
259
248
250
212
246
247
254
238
254
258
257
247
258
260
256
240
282
276
246
261
252
234
233
266
289
266
254
249
255
263
274
245
259
242
291
281
252
270
275
260
264
314
278
260
264
269
294
317
292
291
280
288
287
304
293
285
275
274
282
305
308
299
284
256
282
264
286
296
289
330
278
254
275
282
256
262
310
291
248
286
311
279
274
303
304
292
318
288
265
280
272
306
278
282
293
280
277
274
278
294
315
293
306
293
289
291
274
286
300
289
275
269
285
294
288
292
311
290
307
298
279
328
277
289
287
301
300
293
282
309
297
305
313
308
343
311
317
294
293
305
287
312
295
300
313
298
321
302
321
289
291
299
302
325
319
300
313
317
313
320
276
307
321
301
298
314
348
292
303
323
313
295
315
324
291
310
316
357
295
290
322
324
330
335
319
336
330
328
315
311
343
321
376
326
326
311
315
325
339
357
324
314
337
324
330
322
318
335
320
304
318
331
309
313
367
348
315
325
338
349
340
320
360
294
313
368
334
336
327
332
335
342
337
369
370
315
349
371
318
340
312
363
355
328
351
350
388
348
358
332
352
334
356
365
315
329
325
349
328
358
314
341
344
334
309
326
362
315
308
345
347
333
339
356
333
326
365
368
352
326
346
343
313
327
306
307
359
357
361
338
339
350
324
338
322
330
307
321
335
305
314
309
322
315
337
316
362
294
333
321
301
333
326
383
282
307
336
351
294
313
271
353
281
325
309
284
315
320
340
304
324
316
331
304
332
285
301
328
291
308
284
311
280
305
314
292
327
288
313
305
306
304
326
304
324
318
271
287
293
308
286
290
328
287
297
271
289
305
302
307
299
314
310
291
283
311
321
305
302
284
309
280
296
314
313
282
308
307
315
326
300
299
328
284
297
297
295
295
320
292
339
322
289
268
297
307
316
299
290
301
288
312
276
280
281
325
293
305
314
301
311
274
303
307
282
307
264
309
299
294
310
305
316
311
300
274
279
296
279
296
284
315
286
306
322
329
330
280
276
279
315
292
250
305
281
272
322
291
287
263
279
280
289
270
302
309
297
288
283
290
289
327
285
274
261
310
276
304
301
305
291
277
296
282
273
288
293
288
289
284
306
316
305
289
323
272
311
283
319
284
319
301
298
310
280
280
268
294
290
293
306
299
268
312
292
320
272
306
296
328
279
333
315
283
333
307
316
321
319
351
348
345
317
341
294
331
357
316
343
331
302
353
362
360
332
371
304
351
333
339
350
385
334
374
383
351
376
348
390
389
388
368
410
382
410
404
375
378
373
383
418
412
381
412
458
431
405
405
451
433
488
498
468
446
470
477
541
492
506
502
546
545
555
570
494
535
583
606
618
611
680
664
668
693
747
757
834
780
817
829
866
884
884
945
991
1023
1066
1093
1073
1150
1193
1208
1197
1166
1289
1272
1329
1361
1414
1482
1409
1467
1498
1619
1577
1608
1601
1646
1609
1595
1594
1711
1726
1643
1668
1694
1715
1558
1634
1596
1629
1594
1550
1618
1516
1540
1428
1473
1413
1432
1386
1384
1303
1243
1258
1240
1208
1209
1145
1033
1042
956
963
987
917
922
859
827
781
774
701
717
634
648
622
606
643
601
523
587
509
512
524
479
476
438
441
430
397
406
396
429
379
433
389
323
373
348
341
357
360
370
324
313
342
318
310
301
298
238
262
287
290
295
280
272
269
268
266
250
253
249
261
255
255
260
265
257
241
261
265
253
227
230
274
257
279
257
300
252
330
337
332
337
372
349
369
329
393
417
401
420
421
455
435
447
496
546
481
493
485
517
523
483
485
541
463
497
489
432
392
390
383
346
359
326
324
297
287
257
252
245
220
229
189
188
179
184
163
192
178
180
146
166
189
170
168
178
160
169
190
187
162
153
179
167
146
172
178
155
170
182
202
180
184
194
168
175
214
213
205
221
215
201
213
231
223
245
237
223
210
231
240
233
252
244
245
244
249
225
247
263
250
266
284
288
292
280
247
281
316
281
288
298
285
246
268
258
307
229
275
252
260
290
272
281
260
248
250
241
258
287
244
255
261
240
243
250
227
235
214
203
204
223
185
218
196
202
172
178
171
171
172
182
187
151
177
165
158
170
161
170
163
143
132
138
151
120
136
138
124
104
128
128
112
135
108
103
104
114
101
122
93
88
118
111
114
89
94
92
95
79
75
95
96
91
83
89
70
86
80
58
85
83
76
84
87
74
80
86
75
67
70
71
77
79
62
73
62
80
76
66
78
63
56
69
60
63
67
64
61
70
60
64
69
70
70
56
59
67
68
72
88
70
55
57
65
63
55
50
53
65
53
61
75
64
74
68
50
70
63
64
57
84
71
65
81
81
78
80
91
85
74
67
79
98
78
89
79
77
63
79
77
74
73
64
63
69
67
52
72
64
62
53
57
56
37
37
43
51
40
31
53
43
42
45
56
46
55
45
42
44
43
43
55
42
49
59
50
31
39
51
48
48
38
52
40
40
47
41
41
44
34
39
27
36
31
45
39
46
31
40
38
29
48
35
47
40
46
32
40
40
36
41
39
21
39
37
36
38
40
47
40
40
36
33
37
32
35
35
38
33
38
32
39
40
35
24
33
33
32
28
37
29
30
25
30
32
40
31
30
35
30
28
32
28
28
29
43
31
28
36
33
36
29
43
44
32
31
31
35
31
41
20
32
29
36
27
30
33
31
29
27
35
29
15
28
39
26
32
35
32
22
29
27
23
25
20
24
27
19
31
34
39
37
27
34
35
26
25
16
32
32
30
26
22
31
19
27
22
24
41
22
40
25
26
22
30
34
30
27
35
25
23
32
23
20
24
28
29
24
23
20
36
21
27
28
20
18
27
21
29
23
23
30
30
23
19
31
24
30
27
28
26
20
27
23
29
17
30
28
18
23
16
30
27
23
26
29
26
35
21
20
25
27
24
27
28
28
23
21
16
19
19
27
27
18
22
18
23
23
16
29
19
12
19
19
23
28
30
18
27
25
28
29
19
19
23
20
21
35
23
24
16
20
25
19
20
19
27
19
17
22
19
22
16
18
24
16
18
19
18
23
16
19
12
11
22
24
12
18
24
16
18
17
19
20
16
13
23
19
15
16
18
20
11
19
20
25
12
20
18
19
19
21
18
20
19
17
27
19
10
15
19
19
21
13
14
15
19
10
22
13
16
18
18
12
17
9
20
16
12
19
15
15
14
17
20
17
16
20
22
15
13
13
26
18
5
21
14
18
13
16
14
19
13
14
20
9
19
10
12
21
14
17
17
21
12
13
18
8
14
15
18
21
10
12
19
11
15
19
12
14
19
15
12
18
13
10
17
16
19
10
12
17
13
9
12
15
11
6
15
10
15
13
11
7
9
10
11
26
7
18
11
12
11
16
20
8
13
7
14
20
11
8
20
18
10
20
14
10
17
12
11
9
8
15
11
10
9
16
17
16
12
11
12
13
8
16
12
10
10
13
11
14
11
11
14
10
11
7
12
11
9
12
5
18
15
16
10
7
11
11
11
11
11
14
8
13
9
7
8
15
17
9
7
7
9
10
6
9
10
8
8
13
9
10
6
9
12
9
10
4
5
9
6
13
11
6
9
9
9
11
8
9
9
5
10
12
15
10
7
6
7
14
9
13
12
9
15
9
9
13
6
11
6
10
9
5
15
7
8
12
9
9
7
13
7
13
8
5
5
5
11
6
9
7
6
12
7
4
8
12
9
9
13
5
10
4
5
10
10
7
10
7
11
8
6
10
11
7
3
4
6
9
8
9
9
8
6
6
6
7
8
5
8
8
9
5
6
6
14
7
6
4
8
6
11
6
8
6
6
9
4
9
4
8
3
4
4
4
5
7
5
3
5
9
11
4
12
2
5
8
6
9
9
10
5
3
8
9
7
12
6
8
7
7
7
5
5
3
7
6
4
4
3
9
4
3
8
6
8
4
11
4
8
6
3
4
6
5
5
5
7
4
2
3
12
3
4
6
6
4
4
3
4
7
7
4
5
7
8
3
3
2
5
6
4
10
6
4
6
5
6
6
8
7
3
3
4
6
3
4
6
3
4
9
3
5
3
3
5
4
4
6
3
7
8
3
6
3
9
5
2
5
3
3
8
2
7
3
2
4
5
2
2
7
2
6
5
7
1
3
6
2
4
5
5
4
3
6
8
3
3
7
7
3
5
6
8
3
5
2
4
5
3
4
5
6
4
2
4
1
8
1
3
5
4
4
6
4
3
4
3
4
1
4
4
1
4
4
1
7
7
3
3
5
7
3
4
2
5
4
1
2
3
6
10
4
4
3
3
3
4
4
7
5
8
2
2
1
8
4
4
4
1
1
3
2
2
5
3
4
4
7
1
1
3
4
2
6
4
1
2
3
6
0
1
3
2
2
5
3
0
1
4
2
4
4
0
3
5
0
2
0
3
2
3
1
1
4
5
4
3
7
3
2
5
2
3
3
3
2
3
3
3
3
2
4
1
2
2
2
3
5
0
4
1
2
2
3
6
0
1
0
2
2
1
1
3
2
2
3
2
4
3
1
3
1
2
3
4
4
1
1
1
5
0
5
3
3
3
3
2
2
3
1
1
2
4
0
4
1
1
5
2
4
3
3
0
2
4
1
2
1
1
1
1
2
2
2
2
0
3
2
2
0
1
3
1
3
2
2
2
2
0
0
4
3
4
3
1
2
2
6
3
3
0
5
0
2
4
3
1
1
3
0
2
4
2
1
1
3
3
1
5
2
0
0
0
0
2
2
1
3
2
4
0
2
1
0
2
2
4
2
2
4
2
2
1
4
5
0
2
0
2
2
1
3
2
0
2
1
2
3
1
3
2
2
0
2
2
2
3
0
1
1
2
1
4
1
1
1
3
0
1
1
1
1
2
0
1
1
0
1
2
2
1
1
2
4
0
0
3
1
2
3
1
1
2
1
1
2
1
3
2
4
1
0
3
1
2
1
2
2
0
2
2
0
2
1
2
0
0
1
1
2
2
4
3
0
1
2
0
0
3
0
0
2
4
3
0
1
1
2
4
0
2
2
1
0
0
1
0
5
2
1
3
1
1
1
2
0
0
1
2
2
1
2
1
1
4
3
1
3
0
1
0
2
1
1
2
0
2
1
2
1
1
2
0
1
3
0
0
2
1
0
1
0
1
0
1
0
0
1
5
2
2
1
1
0
0
0
4
0
0
0
2
1
1
1
0
1
1
0
2
0
2
0
1
0
1
0
1
2
4
0
1
1
0
1
1
1
0
0
0
0
0
1
1
1
1
1
0
0
0
1
0
0
1
1
2
2
1
2
0
1
2
0
1
2
0
0
1
1
2
1
0
3
1
2
0
0
0
0
0
0
0
0
0
1
1
0
1
0
0
1
0
0
1
1
2
0
0
0
1
0
0
1
2
0
0
3
1
1
0
0
1
2
0
0
1
1
0
0
1
0
1
1
0
0
0
0
1
0
1
0
0
1
0
0
1
0
0
0
0
0
0
0
1
1
1
0
1
3
0
2
1
0
1
0
0
1
0
0
1
0
1
0
1
0
0
1
2
1
0
0
1
1
1
1
0
1
0
1
1
0
0
1
1
0
0
1
0
0
0
0
2
0
0
0
0
0
0
0
2
0
0
2
0
0
0
0
0
0
1
2
0
0
2
0
0
0
0
2
0
0
0
2
1
2
0
0
1
1
1
0
0
0
0
0
0
0
1
1
0
2
0
0
0
1
1
1
1
1
0
0
0
1
0
0
1
0
1
2
1
0
0
0
1
0
2
1
2
0
0
1
1
0
2
0
1
0
0
0
0
0
1
1
1
2
1
0
2
0
0
1
0
0
1
0
1
1
1
0
0
0
1
0
0
0
2
0
1
0
0
1
0
1
0
2
2
0
0
0
0
2
0
0
2
0
0
0
0
0
1
0
1
0
0
0
0
0
1
0
0
0
1
0
2
0
2
0
1
1
1
2
0
0
0
0
0
0
0
0
1
0
0
0
1
0
0
0
0
2
0
0
0
1
0
0
3
0
0
2
1
0
0
1
1
1
0
1
1
1
0
0
0
0
1
0
0
1
0
1
0
0
0
0
1
1
0
0
0
0
0
3
0
0
0
0
0
0
2
0
1
1
1
1
0
0
0
0
0
0
1
0
0
0
0
0
0
0
0
0
0
0
0
0
0
1
0
1
1
0
0
0
0
0
0
0
1
0
0
0
0
0
1
0
0
0
0
0
0
0
1
0
0
0
0
1
0
0
0
1
0
0
1
2
0
0
0
0
0
