0
0
0
0
0
0
0
0
0
0
0
0
0
0
0
0
0
0
0
0
0
0
0
0
0
0
0
0
0
0
0
0
0
0
0
0
0
0
0
0
0
0
0
0
0
0
0
0
0
0
0
0
0
0
0
0
0
0
0
0
0
0
0
0
0
0
0
0
1
0
0
2
1
1
3
2
0
4
7
4
4
6
8
40
145
356
891
2240
4888
9608
17076
27352
40875
54797
66394
72897
72744
66357
54760
41369
28374
17603
9864
5034
2386
966
381
146
44
16
7
4
3
0
2
5
2
0
2
0
1
0
1
0
0
0
0
0
0
0
0
7
69
62
49
59
47
49
41
62
48
64
62
60
53
52
54
46
49
61
61
56
49
43
48
47
51
59
50
45
38
43
31
38
41
38
39
33
38
37
47
46
38
51
46
45
32
47
36
34
42
30
40
35
33
49
37
42
37
46
46
38
37
53
51
46
37
51
55
62
72
60
70
82
93
92
110
103
122
102
104
91
87
77
61
52
51
53
51
41
60
56
48
42
43
53
53
61
66
43
56
51
45
65
59
57
56
57
67
67
85
92
90
83
101
121
135
133
123
146
148
163
167
153
186
221
284
451
668
1221
1971
3309
5132
7646
11215
15285
19852
24134
28205
31111
31922
31875
29677
26200
22240
17880
13643
10000
7301
5097
3715
2545
1889
1383
977
718
519
371
290
246
202
272
308
343
403
463
539
544
537
533
502
411
374
268
183
177
118
87
82
69
52
49
43
40
41
32
28
9
22
17
11
11
7
17
11
5
8
11
12
7
8
12
4
12
8
6
5
13
6
7
5
11
8
9
6
15
7
11
8
6
3
12
12
11
10
4
9
9
20
12
14
26
16
28
25
28
21
32
21
22
21
21
18
22
22
18
29
17
24
21
21
15
18
34
19
21
22
15
17
22
19
22
21
13
10
10
14
7
8
10
8
7
14
8
8
9
3
4
7
6
9
4
7
7
5
10
6
3
6
8
7
5
2
8
5
6
5
9
8
9
6
6
8
10
7
20
21
6
15
20
24
26
26
41
26
30
33
23
27
25
21
17
10
13
17
12
9
8
10
11
11
16
10
15
3
18
9
7
10
9
7
4
10
5
6
4
10
8
4
8
7
7
5
8
3
8
4
7
4
5
6
5
3
7
4
4
8
9
7
7
3
9
5
5
7
6
6
6
4
8
10
7
7
10
5
4
4
6
8
5
12
8
4
8
5
11
9
1
5
8
9
4
7
5
6
6
7
3
10
7
4
2
9
7
8
5
2
8
10
14
10
5
8
7
10
6
3
6
12
5
8
5
4
5
12
7
7
9
8
5
11
5
6
3
4
4
13
12
6
6
3
5
6
10
9
8
9
9
8
11
8
8
11
10
8
4
6
9
9
8
6
3
7
11
8
7
9
5
11
13
7
10
6
9
8
12
8
7
8
7
5
11
14
10
9
7
11
9
12
7
9
8
15
7
11
9
13
12
11
11
14
16
11
15
14
15
11
11
13
10
6
13
14
9
12
13
12
12
9
17
12
15
12
14
22
17
23
14
12
11
16
10
12
18
13
14
15
12
18
16
16
17
20
14
11
18
19
13
25
15
21
10
17
13
14
22
12
19
19
21
18
20
19
8
26
15
19
20
19
20
13
17
22
27
18
19
20
26
19
24
18
16
21
12
19
14
22
22
22
20
21
29
26
22
19
15
31
22
34
23
17
17
41
25
19
35
21
28
34
25
36
28
28
23
21
25
22
26
24
31
31
34
30
30
36
29
25
31
39
35
29
45
25
27
34
33
38
37
36
42
44
26
39
33
46
29
39
36
43
45
32
42
41
47
47
50
41
51
52
39
42
56
39
54
50
49
47
62
53
58
59
43
50
56
50
57
61
55
59
71
74
76
80
76
66
65
72
64
67
73
75
74
49
71
92
63
82
75
75
93
83
92
80
78
87
100
94
81
85
105
88
92
96
73
82
97
77
82
77
69
82
74
75
71
76
67
64
78
81
82
62
70
69
67
69
66
84
65
71
76
79
82
84
69
74
85
78
67
63
64
63
67
60
67
70
78
59
60
74
81
67
60
53
78
76
68
55
65
81
67
81
72
66
66
65
63
70
64
71
66
70
73
62
62
72
66
67
68
70
66
63
68
66
71
76
89
58
69
79
70
85
69
81
80
73
70
62
51
51
75
59
54
71
82
68
82
83
75
73
89
54
72
79
61
79
68
57
71
79
74
73
65
71
77
72
69
84
70
73
88
67
72
75
71
82
71
62
98
74
92
66
101
75
85
99
94
74
91
103
109
90
103
140
159
173
214
233
305
340
368
458
513
578
629
774
835
872
913
987
1008
1022
1031
952
973
864
825
724
643
592
535
502
377
344
309
222
231
175
174
146
118
126
107
110
84
118
105
81
103
102
98
117
92
86
81
84
115
99
110
101
108
97
106
91
82
100
108
109
90
103
87
84
96
110
123
99
98
86
126
105
115
100
104
108
118
106
110
117
129
98
110
115
111
92
116
111
121
106
114
105
127
108
127
136
115
131
126
140
140
153
137
145
169
183
180
197
208
200
231
253
269
242
233
224
263
229
276
229
234
225
192
230
212
133
177
185
177
130
149
166
151
161
131
162
137
151
157
161
158
142
146
164
153
166
148
153
155
161
159
140
163
163
161
159
195
187
181
196
196
196
189
197
227
212
216
213
217
220
229
236
218
205
226
225
257
233
220
267
238
264
234
265
268
247
222
225
217
222
250
240
246
219
237
228
240
208
204
227
229
241
234
216
237
215
212
226
190
252
208
241
239
227
234
205
265
208
225
225
217
228
247
228
206
228
215
214
250
216
198
234
244
226
258
226
241
222
203
242
225
212
225
213
210
250
211
206
227
223
197
197
220
221
214
214
244
216
210
198
216
207
191
227
209
217
179
201
198
231
220
195
203
209
227
174
179
179
202
209
195
217
222
189
199
156
207
209
192
176
179
190
181
196
203
209
190
187
189
202
177
181
184
191
190
200
164
184
186
177
180
195
208
179
206
214
205
192
201
204
188
174
189
210
181
186
182
195
198
203
177
201
201
188
192
180
219
223
169
184
181
195
219
224
238
210
198
214
200
198
172
207
218
214
214
185
203
185
199
208
238
200
222
224
217
202
202
234
222
225
225
201
234
226
211
234
234
214
248
227
247
233
206
211
245
270
237
243
219
225
229
227
208
245
220
239
241
224
244
230
257
217
229
261
225
213
243
221
242
235
258
204
222
217
205
253
241
224
257
235
227
232
226
242
246
267
254
222
265
228
217
216
258
227
246
231
232
216
241
216
229
198
228
242
222
237
229
232
254
219
272
231
246
240
225
255
238
257
225
211
235
239
227
236
238
238
231
223
263
232
238
222
228
237
266
251
247
225
246
230
294
264
234
222
236
242
225
241
242
230
260
277
224
272
238
247
258
236
286
249
243
264
261
225
233
228
242
248
266
266
229
257
251
257
281
268
251
259
264
285
256
264
266
258
271
270
287
257
258
289
251
272
281
271
276
287
269
241
276
269
283
281
248
269
290
222
252
251
273
277
285
269
280
254
251
289
278
274
303
284
306
284
262
267
284
280
300
293
310
327
288
262
285
275
299
295
290
292
294
301
254
291
286
254
271
329
270
295
302
307
292
281
280
293
285
267
307
277
264
310
277
279
266
256
287
291
283
288
310
299
269
261
285
305
269
247
257
278
270
286
301
275
262
276
257
292
282
260
287
263
290
263
277
264
268
276
226
275
271
257
284
259
243
244
240
265
250
263
224
245
253
287
255
232
277
265
236
258
251
256
267
244
238
236
284
223
266
241
278
258
257
237
239
243
239
262
256
260
192
236
242
237
259
249
261
276
272
253
239
258
263
247
231
247
269
246
250
265
255
254
247
263
243
275
246
236
273
235
264
232
248
260
244
273
282
277
253
239
231
249
256
260
257
249
236
272
259
228
265
267
290
257
237
282
250
274
237
243
240
228
250
268
251
235
245
247
243
257
240
249
281
226
258
231
240
249
264
229
253
249
236
251
260
238
226
232
243
228
208
269
239
277
253
258
242
230
251
246
254
273
232
244
260
233
249
253
240
235
234
258
245
252
264
239
240
222
263
274
275
249
243
259
251
243
228
226
270
226
221
217
260
223
238
255
255
266
229
238
223
238
242
232
249
266
258
245
230
271
238
227
237
261
262
253
292
279
253
241
255
273
270
239
261
272
253
286
243
250
248
250
254
274
260
276
265
244
261
281
281
262
269
289
258
249
298
272
290
267
307
281
275
269
273
280
287
283
301
282
281
257
294
269
307
279
289
300
314
287
309
295
317
323
291
317
328
321
326
343
370
356
322
371
368
306
345
327
368
364
349
376
368
404
397
353
395
448
383
403
380
373
451
383
484
441
447
434
431
458
446
494
510
500
496
545
552
546
593
579
582
606
642
673
725
724
648
742
813
757
826
835
818
857
897
880
959
1018
1019
1036
1059
1105
1087
1211
1164
1216
1201
1210
1267
1348
1233
1336
1313
1425
1309
1390
1392
1513
1347
1465
1466
1468
1402
1434
1488
1452
1466
1355
1434
1391
1331
1285
1256
1292
1261
1247
1245
1221
1209
1161
1176
1124
1109
997
1023
974
984
929
870
847
863
802
817
749
709
725
639
634
645
647
583
541
572
533
497
501
469
464
451
455
435
398
430
393
383
325
331
372
332
388
325
344
355
301
337
317
323
324
302
284
269
285
269
286
272
273
250
275
297
273
243
265
241
236
254
220
252
244
249
230
215
214
204
231
204
204
208
231
211
220
233
233
239
262
257
256
283
283
259
293
302
280
316
336
334
365
380
371
378
390
428
405
412
438
425
503
478
457
465
426
479
441
423
454
391
391
390
380
388
330
321
329
284
299
284
258
228
229
198
186
210
179
176
181
166
178
172
173
144
150
157
165
168
171
135
150
148
152
149
151
143
164
162
161
149
152
173
152
161
159
171
150
166
168
150
200
155
167
171
168
194
188
177
199
173
190
176
205
201
207
203
203
220
198
259
207
224
227
244
215
233
238
263
225
239
225
245
254
249
252
261
241
281
253
265
243
274
238
236
228
268
240
251
225
210
248
222
219
228
231
244
205
220
224
235
187
199
213
199
195
203
162
195
192
192
168
156
183
151
177
144
174
161
148
158
147
131
135
150
133
137
136
149
121
143
118
110
136
127
128
100
108
101
109
88
115
86
95
97
86
96
79
89
99
97
83
99
78
84
80
87
72
85
71
67
69
62
71
67
59
82
74
73
79
71
61
69
76
77
80
66
61
58
74
64
64
66
66
70
66
67
49
75
64
61
59
59
53
62
52
63
39
63
52
45
68
60
53
59
59
43
44
54
54
61
55
56
43
55
62
53
59
60
51
47
64
56
60
60
60
60
60
68
59
60
70
59
69
74
77
78
78
75
81
75
63
77
69
59
60
68
60
60
65
58
49
63
66
43
56
58
44
41
35
58
33
51
41
46
51
49
42
49
48
34
44
31
48
37
45
41
48
41
49
42
33
37
48
40
40
53
45
39
45
42
44
48
30
34
44
38
38
33
42
40
35
29
37
34
36
41
31
39
38
43
30
40
35
29
31
34
26
54
36
33
36
40
40
39
26
28
29
33
29
30
37
37
46
33
23
35
36
30
38
35
36
30
34
18
36
31
37
24
31
38
32
25
28
27
26
34
33
29
27
32
32
21
39
31
39
30
34
17
33
23
25
40
23
36
34
37
28
21
35
35
22
27
25
40
27
37
29
24
24
22
32
29
32
39
23
29
21
25
24
35
24
19
22
29
29
22
24
26
31
30
30
32
32
28
32
32
31
27
26
39
22
18
34
20
35
19
28
19
29
24
15
17
21
32
14
18
26
22
24
16
20
29
27
21
23
16
23
22
26
26
28
31
25
23
23
24
20
29
27
23
22
23
21
13
24
18
30
22
23
22
26
26
31
21
27
19
27
23
24
25
22
14
19
18
26
19
13
30
22
18
24
18
26
16
30
19
40
26
29
30
26
27
21
18
15
12
21
23
21
17
24
17
23
19
16
17
21
10
23
18
11
20
14
23
31
18
9
25
26
23
20
22
19
16
19
19
16
17
17
20
19
19
16
18
17
26
18
21
20
12
10
19
20
15
18
15
16
17
21
18
18
15
14
15
18
12
20
15
17
18
18
14
10
33
9
20
23
13
18
21
21
10
18
16
19
14
14
14
12
16
19
15
20
11
13
14
15
11
5
13
16
14
11
13
12
16
20
21
10
19
15
7
19
15
11
15
12
10
7
17
12
13
17
6
20
9
14
12
18
14
16
14
10
8
10
24
9
16
13
10
11
13
19
12
17
13
13
22
14
17
14
20
12
14
7
14
11
9
13
10
15
13
11
17
10
13
13
11
16
4
15
13
11
10
14
15
14
6
18
12
8
15
9
13
9
13
10
16
13
10
8
14
14
12
20
9
9
10
7
12
17
13
8
13
12
17
12
16
12
21
17
5
11
9
9
12
11
7
15
18
9
9
11
5
8
11
7
7
11
8
16
5
13
7
10
13
10
14
12
14
11
14
8
3
9
8
11
13
13
14
10
10
9
11
17
10
14
5
9
6
7
8
14
7
6
5
9
5
9
13
5
9
14
4
11
9
10
7
6
13
5
12
10
6
13
2
9
5
12
16
13
10
13
7
8
8
10
10
9
15
6
10
9
7
7
11
6
12
8
7
10
9
8
9
9
10
7
8
9
10
8
8
9
9
8
7
10
9
7
9
6
5
4
11
7
3
10
10
7
9
10
10
12
7
12
10
8
6
9
6
8
6
8
12
5
1
9
2
13
5
13
5
10
5
15
8
3
6
9
9
4
7
6
4
8
3
6
8
6
4
9
7
7
5
8
6
5
7
6
7
8
6
8
5
5
4
7
3
3
3
11
5
5
4
8
7
5
11
7
8
9
7
5
10
3
5
7
10
9
6
4
7
5
4
9
7
6
8
10
5
10
4
9
4
6
3
3
5
3
8
10
6
4
7
2
6
5
7
3
6
6
4
6
8
6
7
6
2
5
6
4
5
4
5
4
5
5
3
4
6
6
11
8
7
4
2
5
4
5
2
4
3
9
4
6
4
5
2
3
6
5
4
6
6
3
3
5
5
5
6
5
8
7
3
1
4
3
5
4
5
7
3
4
4
5
5
3
4
3
6
2
6
5
3
4
3
1
6
2
4
3
3
6
5
4
2
5
3
5
2
4
8
5
4
4
2
3
4
4
7
3
8
4
4
2
6
4
6
4
5
4
6
6
3
3
3
4
2
2
1
7
2
6
5
4
4
3
4
2
6
10
5
7
5
2
6
5
4
5
6
3
3
5
3
4
5
2
3
0
4
3
2
5
4
0
3
3
2
1
4
4
6
2
2
4
0
1
4
0
1
6
3
1
1
2
3
5
0
3
2
3
1
2
5
2
1
4
3
2
7
4
2
3
3
1
2
4
5
2
2
1
3
3
3
6
1
6
1
1
2
2
1
3
6
2
1
1
4
4
2
4
6
4
1
1
3
2
0
3
2
1
2
3
4
1
2
2
2
2
6
0
3
3
3
7
2
7
1
2
1
2
2
4
6
3
2
2
1
2
1
2
3
3
1
3
3
3
3
3
1
0
0
1
2
0
7
2
4
0
2
1
0
7
1
4
3
5
2
4
2
3
3
3
4
3
3
0
6
6
0
2
2
2
2
3
2
3
4
3
2
3
1
0
0
2
2
5
3
0
2
0
1
3
4
0
0
5
2
1
1
4
4
1
3
1
5
1
1
3
3
0
1
1
3
0
0
0
3
2
2
1
0
2
1
4
2
2
2
1
2
0
1
1
1
1
0
1
1
2
3
2
1
2
1
2
2
0
4
3
2
1
1
2
3
1
1
3
1
2
0
5
1
3
2
0
2
1
0
1
4
1
0
3
2
0
0
0
0
2
4
2
0
1
3
0
0
0
1
1
3
0
2
1
0
2
0
4
3
0
2
0
1
1
2
2
4
0
0
4
1
1
1
3
1
0
0
0
1
1
0
2
1
1
1
2
2
2
0
2
2
2
2
1
1
1
1
2
2
0
4
2
1
2
0
2
3
3
0
0
0
0
2
1
1
0
1
2
0
2
1
2
0
1
3
1
0
1
1
0
3
0
0
0
0
0
2
0
1
0
2
1
2
0
3
2
0
0
0
0
1
0
0
2
1
3
1
1
0
1
0
1
0
2
0
1
2
0
1
1
0
1
0
2
0
0
1
2
0
0
3
0
2
0
0
0
0
0
0
0
2
0
1
2
3
0
1
0
0
3
1
0
0
2
0
0
1
1
1
1
1
1
0
1
0
1
1
0
0
1
1
0
2
2
3
0
1
2
1
1
0
1
1
0
0
1
0
3
1
0
0
2
1
3
1
0
2
1
2
1
0
0
1
0
0
1
1
0
0
1
0
0
2
1
0
1
0
0
0
3
0
0
0
0
1
1
0
0
1
1
1
0
0
2
1
0
0
0
1
1
1
2
0
1
0
2
3
0
1
0
0
0
1
0
0
1
1
1
0
0
0
0
0
0
2
0
2
0
1
1
1
0
0
1
1
0
0
0
2
0
0
1
0
2
1
2
0
0
2
0
0
1
0
0
0
1
0
0
0
1
1
0
0
1
0
0
0
0
2
1
1
1
1
0
0
0
0
0
0
0
2
0
0
0
0
0
0
0
1
0
0
1
0
1
0
0
0
0
1
2
0
1
0
1
1
0
0
1
3
2
1
0
1
0
0
0
0
0
3
0
0
0
0
0
1
0
0
1
0
1
0
0
1
0
0
0
1
0
0
1
1
0
1
0
0
0
0
0
1
0
1
1
1
0
0
1
1
1
0
0
0
0
2
0
1
0
0
2
2
0
0
0
0
0
0
0
0
0
0
0
1
0
0
1
0
1
0
1
0
0
0
1
0
0
0
0
0
2
0
0
0
0
0
0
1
0
1
0
0
0
0
0
0
0
0
1
0
0
0
0
1
0
0
1
0
0
1
1
0
0
1
0
0
1
0
0
1
0
1
0
0
0
0
1
1
1
0
1
1
0
0
0
1
0
1
0
0
0
1
0
0
0
1
0
0
0
0
1
1
0
0
0
0
0
0
0
2
0
0
3
0
2
0
0
0
0
0
0
0
0
0
0
2
0
0
0
0
1
0
1
2
0
0
0
0
1
0
0
0
0
0
0
0
2
0
0
0
0
0
1
0
0
0
0
1
1
0
0
0
0
0
0
0
1
0
0
0
0
1
0
3
0
0
1
1
0
0
0
1
0
0
0
2
0
0
0
0
