0
0
0
0
0
0
0
0
0
0
0
0
0
0
0
0
0
0
0
0
0
0
0
0
0
0
0
0
0
0
0
0
0
0
0
0
0
0
0
0
0
0
0
0
0
0
0
0
0
0
0
0
0
0
0
0
0
0
0
0
0
0
0
0
1
3
0
0
2
2
3
0
0
5
1
0
3
2
4
2
4
6
9
44
102
356
896
2176
4801
9373
17011
27658
40748
54805
65814
73383
73425
66269
54999
41590
28308
17355
9899
5115
2264
958
392
126
42
11
6
3
2
2
3
2
1
2
1
2
1
3
0
0
2
0
0
0
2
0
0
2
51
46
49
50
36
36
70
56
49
49
46
63
31
51
49
51
49
56
51
44
37
49
44
41
49
40
35
45
47
41
37
38
50
48
41
29
52
48
35
33
45
36
42
49
41
44
49
37
31
48
48
51
34
64
44
42
37
47
41
48
52
52
47
62
51
46
38
57
59
75
78
88
90
108
117
104
129
85
89
110
75
68
80
71
65
54
47
53
60
34
43
49
46
49
47
49
51
47
48
55
60
63
71
70
66
65
89
74
95
86
103
99
127
124
126
136
134
179
189
209
210
233
284
292
412
607
882
1425
2125
3500
5570
8291
11869
16068
20623
25338
29205
32668
33842
33222
30604
27563
23369
18854
14277
10578
7755
5513
4027
2776
1974
1436
1089
790
580
467
361
271
253
283
329
335
422
482
481
524
503
565
493
400
312
279
206
166
126
80
56
69
52
48
57
40
36
14
27
20
21
16
9
8
9
14
12
8
8
11
10
7
18
6
11
7
10
7
5
7
10
6
11
13
6
10
8
5
9
17
6
7
11
15
8
9
15
9
5
12
14
18
9
24
21
16
22
24
23
29
28
23
25
27
14
13
14
15
26
17
23
17
19
23
20
20
26
24
21
18
26
20
25
22
21
19
18
18
12
17
12
14
13
10
7
12
10
5
8
8
3
5
7
7
4
6
7
3
7
7
6
5
10
5
4
6
5
5
11
6
9
4
10
6
11
8
13
12
15
17
21
16
28
26
22
32
31
30
30
27
22
24
13
19
13
14
11
4
12
7
4
4
13
11
11
14
10
16
9
15
16
13
10
7
15
8
9
9
9
6
3
8
9
8
4
5
8
9
4
4
6
6
3
4
8
6
10
6
7
8
6
7
8
4
4
11
3
10
4
7
3
7
6
7
5
8
6
7
4
5
8
4
4
2
8
5
5
8
6
3
10
6
4
3
5
5
5
8
8
7
6
7
4
3
7
9
3
10
10
5
5
7
7
8
7
7
4
9
4
6
9
8
11
11
8
6
10
8
3
5
7
8
9
4
7
9
6
3
4
6
8
11
5
7
8
3
8
11
7
14
3
4
11
12
9
15
10
12
14
6
10
9
4
13
7
5
10
10
5
12
8
17
10
11
6
8
10
5
10
6
4
11
8
10
8
6
7
14
8
6
13
8
12
13
18
16
10
9
13
11
6
8
12
10
8
10
11
13
17
12
12
15
12
12
15
14
19
16
20
17
18
12
15
11
18
18
15
18
16
20
25
15
15
17
14
18
15
16
21
14
10
15
22
13
18
18
15
25
14
12
14
24
19
17
21
17
12
21
15
16
15
15
28
14
21
17
17
24
19
12
24
20
18
21
19
26
24
22
17
19
23
23
21
25
17
14
18
18
31
22
23
19
30
25
18
28
19
24
27
20
23
23
29
36
34
29
34
30
24
31
24
39
34
32
29
29
34
29
27
35
36
30
31
42
30
43
27
32
42
35
28
32
35
39
32
35
35
40
36
37
45
36
37
44
32
52
42
29
43
39
35
54
48
53
44
44
52
49
52
56
46
49
53
53
42
52
66
55
53
64
73
69
45
54
52
62
51
52
65
61
57
44
63
76
52
69
68
66
64
68
60
77
77
81
73
97
84
67
78
87
76
83
75
90
87
85
106
87
95
85
91
79
96
96
92
84
96
68
85
66
83
71
68
64
59
81
79
66
83
72
73
73
81
75
74
84
78
67
73
56
74
80
67
88
89
77
70
85
66
72
68
68
66
78
71
64
73
66
72
63
59
70
70
67
71
81
62
76
73
82
86
65
68
65
71
72
70
77
68
60
59
77
73
69
77
73
82
86
68
64
86
68
66
77
72
62
67
75
80
81
70
81
62
74
68
73
71
57
81
63
61
79
69
70
63
82
69
75
60
80
76
64
59
83
81
72
50
91
70
70
78
65
84
90
64
69
71
79
78
77
80
67
88
68
82
79
83
68
84
83
74
89
86
81
64
73
85
88
92
89
93
101
108
125
116
159
155
174
235
267
302
338
444
490
584
679
780
802
952
1012
1016
1079
1097
1067
1044
1028
940
913
827
721
654
528
518
444
363
299
260
243
177
173
140
133
119
119
115
100
97
100
97
90
105
103
109
89
94
93
93
90
93
125
94
115
96
111
93
91
123
97
102
89
106
112
105
100
103
83
96
92
114
102
102
98
118
103
114
98
98
113
111
111
118
119
111
105
112
105
104
104
112
108
113
116
127
125
125
114
129
139
136
161
141
120
152
172
169
172
203
196
222
218
214
236
237
254
262
242
250
249
225
259
229
242
225
202
203
173
161
172
153
164
172
141
144
156
163
148
168
147
142
165
149
154
155
145
156
142
161
174
167
168
148
150
150
165
155
163
165
162
169
167
160
168
181
182
182
167
185
205
193
188
181
178
234
210
216
211
206
219
215
197
208
226
217
196
209
241
222
235
193
208
227
234
232
236
234
234
238
204
205
222
233
222
250
256
211
239
205
247
235
237
231
232
239
233
244
232
256
265
253
272
250
276
228
234
241
253
263
241
246
260
249
266
252
245
259
258
240
228
256
235
264
282
253
230
243
257
248
249
220
237
237
239
213
229
267
246
242
257
223
247
241
246
223
254
225
226
211
231
222
205
245
202
205
234
223
197
236
182
199
212
215
211
201
198
188
200
190
198
189
190
203
203
193
192
197
176
200
210
209
201
221
179
191
211
188
169
212
172
198
196
197
214
211
207
197
201
227
189
193
193
196
238
211
216
214
189
183
203
191
217
222
212
184
192
194
200
190
216
205
204
186
210
203
180
197
217
229
217
192
213
218
193
202
216
223
206
217
216
201
212
213
183
198
236
214
217
243
228
195
220
225
248
207
208
220
232
207
214
204
226
222
258
250
214
250
233
204
238
227
237
229
198
228
255
225
221
211
233
223
231
218
219
250
231
250
221
234
238
221
221
188
210
237
230
243
245
227
213
235
220
217
234
218
217
211
238
216
250
216
242
236
209
228
244
239
237
261
240
207
222
231
238
257
222
247
237
230
230
216
236
222
214
195
247
226
240
237
231
237
248
236
262
232
229
254
215
247
234
237
245
237
249
246
231
241
272
260
236
251
258
246
269
245
292
248
280
261
263
232
243
269
257
257
253
254
269
270
259
200
258
254
263
248
239
255
269
267
253
268
262
251
270
249
234
256
276
250
251
269
269
269
273
248
287
245
280
254
269
273
251
289
258
311
282
298
282
289
268
287
269
263
310
298
289
281
281
261
299
284
301
284
292
292
306
276
295
254
292
288
269
312
286
292
316
293
279
285
293
282
300
264
290
307
312
315
312
301
299
283
276
290
322
288
242
299
281
282
298
298
265
290
285
275
286
248
359
298
280
272
290
346
286
284
302
277
290
320
299
322
269
308
292
272
297
265
294
280
255
258
267
275
277
280
280
276
270
270
276
277
295
284
269
240
257
297
285
274
265
251
274
250
271
307
298
266
242
274
269
239
239
233
239
255
282
240
276
255
262
258
257
252
275
244
271
264
252
246
278
266
241
255
241
242
265
249
244
244
247
269
229
226
227
265
227
234
266
279
247
243
283
268
216
266
238
282
278
268
228
268
260
275
248
270
266
244
248
275
268
259
258
236
273
263
238
266
275
270
231
247
255
252
237
244
247
244
269
256
252
270
241
268
241
279
218
244
251
252
231
244
240
278
239
253
240
248
241
272
236
256
267
240
250
255
231
238
224
254
271
237
235
238
252
240
230
265
242
271
219
240
252
255
215
246
244
247
264
249
239
261
261
258
232
247
252
248
208
235
245
245
278
256
231
264
245
275
251
226
257
240
269
257
238
247
221
260
239
235
251
252
243
235
257
239
234
243
259
217
270
247
277
251
264
231
250
210
244
236
230
260
234
280
241
255
256
231
253
258
259
241
230
279
245
277
271
259
255
276
245
254
252
282
269
245
277
262
257
235
252
261
296
266
291
271
283
282
284
270
272
290
296
278
277
296
305
302
281
297
318
292
297
290
304
268
307
335
333
288
300
292
295
308
340
329
344
335
350
320
350
336
325
373
357
339
364
326
373
363
363
373
347
393
366
358
409
375
385
381
423
416
411
444
438
478
422
471
431
476
485
481
513
520
514
546
575
535
588
586
609
587
658
621
668
719
676
723
775
763
771
815
862
895
904
999
996
999
1012
1041
1040
1035
1128
1110
1183
1209
1207
1211
1285
1310
1279
1346
1339
1408
1352
1364
1437
1389
1314
1439
1398
1376
1437
1414
1420
1425
1392
1404
1402
1318
1333
1384
1328
1265
1284
1315
1207
1273
1234
1173
1101
1142
1059
1048
968
969
960
897
849
855
818
824
747
772
709
708
669
680
604
594
573
537
550
544
515
489
464
473
462
472
423
406
410
396
405
384
375
359
360
336
333
351
356
315
294
281
321
289
327
313
304
282
272
305
279
301
270
297
252
253
252
239
247
209
251
247
239
253
222
203
234
226
217
199
240
239
217
225
218
219
219
223
222
222
224
255
249
275
272
265
291
321
297
302
317
348
352
351
387
379
427
415
418
377
441
459
455
432
449
441
412
413
414
453
450
413
381
363
346
312
342
290
300
298
230
211
230
203
230
157
196
196
178
168
169
169
164
168
148
163
143
129
156
113
140
142
137
146
155
140
156
163
149
160
149
147
157
157
182
160
163
190
174
164
181
147
166
173
212
179
187
192
190
202
186
192
179
200
196
198
194
212
192
186
215
232
219
231
208
267
243
254
260
243
220
254
232
251
237
245
214
259
246
260
239
239
237
231
232
246
268
259
225
239
235
213
247
233
224
213
215
243
208
224
189
205
225
196
212
193
167
198
205
184
177
178
160
160
176
149
141
143
141
171
157
155
142
129
117
153
117
123
129
126
114
138
124
121
102
111
104
87
121
108
115
102
94
91
98
101
93
84
84
81
84
97
92
83
85
117
95
87
97
68
74
76
79
72
86
80
76
63
66
63
78
59
59
49
90
67
60
65
61
70
54
77
63
65
75
55
74
54
62
58
54
56
67
44
70
61
48
49
55
61
51
59
48
45
51
60
57
54
64
48
47
45
56
45
44
59
48
49
68
61
57
55
62
64
62
62
72
59
68
59
89
75
66
65
72
81
83
68
72
73
74
67
81
75
62
72
62
57
59
56
53
75
49
61
54
46
61
58
36
41
42
46
31
35
39
46
37
31
46
40
64
41
38
41
28
33
50
35
39
41
46
46
32
53
38
41
40
45
47
48
45
39
37
35
48
28
35
37
42
38
40
39
41
39
42
29
31
32
38
36
43
41
50
34
30
34
29
28
33
38
32
32
38
33
23
29
29
29
31
32
30
32
28
24
36
29
39
34
28
33
30
35
35
27
28
36
32
23
31
31
32
29
25
25
23
33
29
28
25
27
26
32
25
39
33
28
23
30
36
36
27
16
15
30
24
27
39
20
27
37
26
29
21
37
30
22
26
19
32
31
27
26
35
20
26
24
25
31
31
27
27
32
21
29
27
27
28
24
25
34
31
30
31
21
29
34
20
18
26
29
23
34
29
27
25
24
30
22
26
22
23
24
28
22
24
28
30
17
18
22
27
22
15
28
31
26
25
21
20
20
24
27
21
28
30
18
21
22
19
29
28
22
26
29
17
26
17
13
25
10
18
18
24
15
24
12
24
26
22
24
16
30
15
19
22
23
18
17
24
27
21
22
18
19
28
13
24
24
15
24
11
17
19
23
13
24
25
13
16
15
14
15
18
19
19
13
23
15
17
21
10
13
19
17
23
19
19
18
22
17
18
23
23
9
6
17
17
13
16
15
18
16
23
16
16
21
26
16
15
16
22
27
21
18
17
12
17
14
19
21
18
19
20
18
11
18
19
15
17
20
15
10
15
23
17
13
29
13
21
16
15
13
17
13
15
18
12
16
14
15
16
13
10
20
14
14
16
9
12
17
15
20
15
16
16
11
19
12
17
19
17
17
15
9
19
17
16
13
14
11
19
14
15
14
11
17
14
13
14
13
17
22
11
13
10
17
14
11
18
11
10
15
15
9
14
13
12
20
13
13
15
13
15
17
15
11
10
13
12
14
15
14
9
12
15
18
15
15
16
10
18
9
21
12
18
13
10
11
20
10
17
12
13
11
9
13
19
10
6
11
13
12
11
13
12
14
10
14
8
15
10
15
7
12
11
9
14
7
11
15
9
8
9
11
11
13
12
9
13
13
14
9
12
10
8
10
5
13
12
12
9
11
9
5
5
14
9
10
11
11
14
8
11
6
16
14
6
9
8
12
7
12
5
8
8
7
13
9
11
11
12
5
6
7
7
9
8
14
6
7
10
14
6
10
9
10
8
12
6
10
12
9
6
12
8
6
9
4
12
11
4
6
9
4
15
7
7
6
6
4
5
18
9
11
6
10
6
4
9
9
7
2
5
7
9
13
11
6
11
10
4
10
4
7
5
7
6
8
7
10
6
5
6
6
3
11
8
8
10
8
12
12
8
7
6
8
2
4
10
5
9
3
4
5
9
10
3
4
6
11
7
4
4
6
10
9
5
12
8
5
2
4
6
9
11
10
8
7
4
6
2
9
6
5
5
4
5
5
5
6
5
2
10
5
5
7
8
6
5
7
10
4
8
5
3
2
8
12
1
8
10
9
6
12
5
2
7
6
3
7
9
2
8
5
4
5
6
4
7
7
8
7
2
3
3
6
2
4
4
4
13
11
3
6
4
9
7
4
8
6
2
8
7
7
3
6
3
5
4
7
7
7
2
4
3
6
4
2
6
10
5
8
2
2
2
4
3
2
6
6
11
8
4
2
2
0
4
4
4
4
3
6
7
4
6
4
5
7
6
4
7
7
4
1
4
9
7
6
4
3
5
4
4
8
2
5
3
6
6
2
3
7
3
4
4
3
2
4
10
7
3
1
3
5
4
1
3
3
3
2
4
3
5
3
6
2
4
3
6
1
7
1
2
3
2
0
4
4
5
7
6
5
4
4
5
3
1
2
0
2
1
3
1
5
2
5
1
3
2
6
3
5
1
3
3
1
2
5
0
2
1
3
3
4
4
5
5
1
5
4
2
6
2
2
4
5
4
5
6
3
5
1
5
3
6
4
3
1
2
4
5
0
1
3
2
2
0
4
2
4
3
3
2
2
2
4
2
4
3
4
3
1
2
2
3
4
1
1
6
1
4
0
0
3
3
0
3
2
1
2
0
6
4
3
1
3
1
2
0
2
4
1
2
3
4
4
2
1
6
1
6
0
5
5
3
1
4
2
6
3
5
5
2
4
3
6
5
1
4
3
6
5
0
1
4
1
2
4
3
1
1
2
2
3
2
2
4
5
1
4
1
2
3
3
3
1
2
5
2
1
1
1
1
2
1
1
3
3
2
1
2
2
5
0
6
2
3
3
1
5
5
1
2
5
5
1
2
3
1
4
3
1
4
1
0
3
3
2
2
1
2
0
0
2
2
0
1
4
1
2
0
0
0
2
5
0
1
1
1
3
3
1
3
2
1
2
7
5
3
4
0
1
4
1
0
2
3
2
4
1
1
1
3
1
0
2
0
2
1
0
0
3
1
1
2
1
2
5
3
0
3
0
2
1
1
1
1
0
1
1
1
0
1
1
1
1
2
2
2
2
4
0
3
2
0
2
2
1
3
0
0
4
3
0
0
1
0
3
3
2
1
0
2
0
2
0
3
1
0
1
2
0
1
1
0
2
1
1
1
2
1
1
1
0
2
1
2
0
2
0
0
1
0
1
1
2
3
3
0
2
3
2
2
2
1
1
3
1
1
1
2
1
2
0
1
4
0
5
0
0
0
1
0
2
2
2
1
2
0
1
1
1
1
1
0
1
0
0
0
1
2
0
1
0
1
2
1
0
2
1
1
1
3
1
0
1
0
0
2
0
1
0
1
1
2
0
2
2
2
0
0
2
1
0
2
1
0
1
0
0
0
1
2
0
0
0
3
1
2
2
2
3
0
1
0
1
0
0
1
1
3
1
1
1
1
1
0
0
1
0
0
0
0
1
1
1
0
0
0
2
0
2
3
2
2
0
2
1
0
1
1
1
1
0
0
0
2
0
1
1
0
0
0
1
3
0
0
2
1
2
0
0
0
0
2
1
0
0
0
2
0
0
2
0
0
0
0
0
0
0
1
3
0
0
2
0
0
2
2
1
0
0
1
0
1
1
0
1
1
1
1
0
0
0
0
1
0
0
0
0
0
0
1
1
1
1
0
0
0
0
1
1
1
1
0
0
0
3
1
0
0
3
1
1
1
0
0
1
0
2
1
0
1
0
2
0
0
0
0
1
0
1
1
2
0
1
1
0
0
0
0
0
0
2
1
1
0
1
1
1
0
1
1
0
0
0
1
1
1
0
1
0
0
0
0
0
2
0
1
1
0
1
3
0
0
0
0
0
0
0
1
1
0
1
0
0
1
0
0
0
0
2
0
0
1
0
2
0
0
0
0
0
1
0
0
0
0
0
0
0
0
0
0
2
1
1
0
1
2
0
0
1
1
2
0
1
3
1
1
0
1
0
1
0
2
0
1
0
2
0
0
0
1
0
0
0
0
0
0
1
0
0
0
0
1
0
1
0
1
0
0
3
0
1
1
1
1
0
0
1
1
1
0
0
0
1
0
1
0
0
0
1
0
0
0
0
1
0
0
1
0
0
0
0
0
0
0
0
2
1
0
0
0
0
0
0
0
1
0
0
0
0
1
0
0
0
0
0
1
1
1
0
1
0
0
0
0
0
0
1
0
0
0
0
0
1
0
0
0
0
0
1
0
0
0
0
0
0
0
0
0
0
1
0
0
1
0
0
1
0
0
1
0
0
1
0
0
1
0
0
0
0
0
0
0
1
0
0
1
0
0
0
2
0
0
0
0
0
0
0
0
1
0
0
0
0
0
0
0
0
0
0
1
0
0
0
1
3
0
0
0
1
0
0
0
1
0
1
0
0
0
0
0
0
0
0
0
0
0
2
0
1
0
1
0
0
0
0
0
0
0
0
0
0
0
1
0
