0
0
0
0
0
0
0
0
0
0
0
0
0
0
0
0
0
0
0
0
0
0
0
0
0
0
0
0
0
0
0
0
0
0
0
0
0
0
0
0
0
0
0
0
0
0
0
0
0
0
0
0
0
0
0
0
0
0
0
0
0
0
0
0
0
0
1
1
1
1
2
2
1
2
1
6
2
3
2
3
3
7
12
40
143
371
949
2325
4893
9743
17177
27754
40732
54300
66432
72625
73206
66294
54978
41292
28063
17471
9839
5071
2397
970
398
159
51
22
5
3
0
2
2
2
0
0
1
1
0
0
1
1
0
0
0
0
0
2
0
13
72
52
50
50
50
62
55
58
40
56
47
46
40
39
38
57
47
47
45
55
44
37
45
30
34
44
44
37
50
45
39
47
44
35
42
47
39
47
43
47
34
33
41
42
42
45
45
29
37
37
42
41
43
36
39
48
51
44
37
33
49
49
44
52
43
49
51
49
56
73
79
91
103
77
117
107
105
101
115
102
87
69
78
67
56
63
51
59
39
55
45
32
48
48
42
42
51
45
52
58
61
55
59
70
61
63
80
77
90
83
83
102
96
117
117
125
118
146
153
191
140
174
196
215
311
418
686
1146
1916
3267
5176
7688
11141
15314
19691
24048
27900
30158
31331
30849
29462
25801
21655
17614
13616
9937
7219
5013
3713
2574
1846
1342
975
677
524
369
279
241
222
206
280
338
413
453
501
568
499
492
471
438
363
288
216
159
117
84
78
61
42
60
44
37
32
32
24
19
16
8
24
12
12
8
13
6
9
12
9
11
8
8
7
10
7
7
6
5
17
7
9
5
5
5
8
9
10
7
9
8
8
9
11
11
8
13
12
11
19
6
16
15
13
17
29
25
20
24
22
17
11
13
13
20
13
17
17
14
16
23
20
15
18
18
14
19
17
25
14
19
17
13
13
16
15
18
18
12
10
10
15
12
8
10
9
10
12
6
8
4
11
9
3
5
6
11
6
8
4
6
2
6
4
11
7
8
9
5
7
5
5
4
9
13
10
14
19
13
15
22
35
27
29
24
30
29
24
25
28
14
18
17
17
13
9
18
14
14
12
7
7
8
5
8
14
11
7
15
10
10
11
3
6
5
5
7
6
11
2
7
2
4
7
7
5
4
7
4
12
6
11
4
7
7
4
4
6
7
10
7
6
5
5
8
8
8
9
6
5
4
6
8
3
7
14
9
6
6
5
5
6
10
5
6
4
3
5
4
11
5
4
5
1
8
1
2
5
2
4
7
12
4
5
2
8
5
6
6
7
3
11
4
6
8
7
10
10
5
5
2
8
9
12
4
8
7
7
3
3
3
7
6
9
6
8
7
6
8
8
9
5
12
7
7
1
4
7
11
8
11
9
4
8
5
11
4
5
12
10
9
10
10
10
12
9
13
9
6
5
12
6
14
8
11
9
8
8
4
8
12
8
8
13
10
5
6
11
11
10
11
3
8
10
16
9
11
11
13
6
14
13
7
12
10
3
7
8
12
8
11
11
13
15
16
15
7
15
13
16
15
13
11
10
11
13
12
15
22
8
14
12
19
9
16
9
17
11
13
12
12
13
17
12
12
12
20
12
15
20
25
22
11
16
15
20
16
16
21
13
20
17
12
20
21
17
17
18
19
25
16
13
18
25
22
18
21
18
20
11
25
17
19
21
18
23
21
19
31
12
21
20
21
27
22
22
22
19
22
25
33
25
27
26
16
33
34
29
30
26
20
21
33
29
28
25
16
28
22
28
23
31
29
30
33
37
36
31
33
24
36
33
24
33
36
29
36
44
32
44
31
47
37
39
53
41
37
43
41
40
46
51
37
41
42
36
50
50
47
48
49
45
46
47
53
52
52
52
56
51
48
59
56
53
54
61
59
68
77
72
52
54
58
44
50
76
60
76
63
69
66
68
88
77
69
94
81
90
83
97
89
109
84
77
91
88
79
86
82
95
87
97
81
91
77
93
92
79
83
82
72
83
84
72
70
73
78
80
68
83
76
65
53
77
73
67
71
56
70
61
67
83
80
66
75
69
75
63
81
74
85
67
53
72
62
70
69
73
72
58
57
70
77
80
68
80
78
65
69
77
62
72
63
55
71
87
62
64
70
69
77
77
70
58
66
77
68
77
73
67
56
72
59
58
73
82
57
72
61
76
66
93
56
57
56
72
66
70
72
59
55
72
75
83
71
72
68
76
70
66
73
73
78
82
89
83
73
84
72
62
72
88
72
75
77
70
68
79
75
89
76
69
87
78
62
89
79
84
75
81
75
71
78
88
72
100
95
87
86
92
121
114
101
115
146
169
214
237
290
302
418
478
530
593
642
715
808
926
984
972
1043
1051
999
995
976
902
867
784
687
640
493
457
410
337
276
227
218
164
145
131
149
131
107
111
88
93
80
83
69
104
85
86
89
84
94
98
86
90
112
97
103
79
96
101
84
92
115
87
110
96
91
102
95
107
93
102
103
87
111
88
99
94
97
103
114
95
105
103
89
95
111
91
98
120
93
87
118
94
97
127
103
108
128
115
113
124
108
124
110
129
157
143
149
167
172
178
201
200
205
234
231
260
225
260
249
226
247
248
208
200
191
170
193
200
143
170
170
156
176
134
135
145
164
140
140
158
140
144
137
155
155
185
131
169
161
162
167
162
155
155
144
161
195
186
176
176
193
179
201
196
186
197
194
216
221
188
253
222
222
228
218
227
220
208
233
221
233
238
235
238
235
237
237
214
207
219
223
232
234
233
244
240
234
212
232
224
200
214
232
211
215
229
219
212
233
215
221
220
210
204
193
229
220
225
214
238
238
231
253
230
211
224
236
208
216
197
218
225
248
203
193
248
226
228
236
212
198
204
231
231
215
195
209
233
232
226
210
218
195
199
233
244
198
202
205
209
185
200
211
180
202
186
214
191
197
203
187
191
198
209
201
188
212
220
182
180
184
178
191
188
191
174
206
189
210
200
178
189
207
161
185
185
203
160
195
182
172
201
205
207
178
169
205
202
181
190
198
180
190
201
179
167
191
192
204
191
178
207
191
192
196
190
189
190
204
200
169
185
191
219
183
198
190
192
176
191
198
173
175
200
206
178
188
174
224
190
175
198
206
198
207
206
220
196
234
226
191
193
222
197
224
209
239
212
216
207
179
224
189
215
216
225
222
215
234
219
209
242
214
211
206
248
222
232
234
207
250
212
251
228
246
223
231
227
252
241
237
225
217
255
232
230
242
222
238
241
228
204
217
218
242
241
228
227
240
263
242
219
202
226
206
214
227
242
198
238
225
232
235
237
191
229
219
208
200
210
207
211
215
231
223
211
203
228
193
235
218
222
266
227
212
238
206
222
237
238
248
245
207
212
255
201
235
246
238
210
233
241
220
227
244
242
219
276
238
220
216
244
234
286
239
259
242
260
236
228
264
244
228
235
262
239
240
243
245
247
241
224
240
249
241
234
246
222
253
247
246
238
233
243
249
248
259
249
244
257
234
252
258
255
248
235
241
283
274
240
278
249
254
279
259
258
274
252
263
251
294
276
277
272
265
262
264
272
230
289
279
298
250
270
284
281
234
270
309
256
280
291
247
277
296
279
269
249
253
275
294
287
255
289
289
274
264
258
273
285
252
287
301
300
273
295
321
291
304
285
280
272
251
276
270
261
276
299
253
269
313
291
265
275
283
310
306
287
251
285
263
245
258
265
295
244
294
260
261
260
279
257
277
240
287
271
265
277
277
278
281
272
273
285
253
261
271
275
258
270
247
252
283
251
263
255
271
262
275
250
247
231
255
252
261
252
254
240
244
260
253
249
239
271
255
249
286
266
229
232
233
254
243
248
262
231
241
222
231
236
251
258
246
244
224
231
221
199
228
259
265
203
211
248
243
222
250
252
238
234
247
251
249
242
255
237
239
256
223
256
235
242
261
241
276
280
238
224
249
259
238
244
212
264
233
230
247
245
251
250
253
265
240
276
231
230
250
251
265
239
247
237
237
224
240
222
236
236
246
259
241
234
226
268
240
228
207
203
245
245
238
249
263
231
224
241
264
256
240
257
246
263
259
255
239
248
255
248
237
244
218
243
250
244
227
234
241
246
231
251
227
242
245
227
245
242
238
258
227
218
215
247
239
259
237
241
264
249
225
233
232
247
248
202
255
218
225
253
218
220
221
255
257
245
209
235
220
240
223
241
245
238
249
262
265
265
246
266
259
236
244
254
246
244
244
248
283
230
234
232
255
255
239
244
253
251
260
233
239
257
223
247
272
273
281
280
280
247
272
276
265
243
280
286
282
299
294
280
285
292
293
297
299
310
271
329
306
295
313
276
317
306
339
292
315
330
302
339
315
323
321
321
347
330
338
296
318
316
334
352
337
354
370
367
349
352
391
360
345
416
382
405
423
408
421
459
443
466
468
450
461
475
464
497
520
500
513
560
533
535
570
664
614
626
667
679
689
701
769
756
770
826
850
875
842
895
936
937
988
1026
1025
1067
1104
1100
1121
1170
1127
1178
1243
1285
1207
1311
1278
1294
1323
1394
1329
1364
1395
1321
1482
1380
1374
1422
1399
1390
1395
1339
1367
1335
1312
1299
1252
1279
1290
1224
1146
1176
1213
1138
1139
1078
1010
1033
1005
966
919
939
887
844
779
814
751
743
725
709
587
687
592
567
615
559
515
547
522
478
474
472
407
449
443
422
384
387
384
342
358
355
362
364
343
310
309
319
294
327
344
294
272
300
292
275
280
286
251
260
280
247
243
253
228
214
245
254
208
219
240
210
262
202
205
205
248
207
241
224
214
197
200
183
231
239
234
213
245
252
277
223
242
252
283
272
321
331
338
340
372
357
347
399
418
357
433
409
407
446
424
441
421
446
446
445
394
394
410
362
406
391
339
352
316
320
288
286
252
231
242
232
206
191
177
167
170
160
169
173
174
148
166
178
150
159
145
144
145
129
179
154
122
161
143
130
116
154
142
148
143
165
165
141
148
178
160
149
161
164
183
174
159
168
146
172
180
153
179
209
201
183
178
196
193
191
207
208
218
215
242
238
224
224
236
229
241
217
241
263
254
240
253
253
252
230
267
261
265
223
238
218
232
234
272
219
259
202
239
241
232
224
230
216
202
198
200
224
208
209
210
225
187
172
194
183
169
180
155
178
171
156
158
168
158
145
152
150
146
144
149
147
119
142
142
121
145
112
126
115
106
98
114
89
113
100
120
93
97
92
106
82
104
100
100
79
76
75
102
99
75
75
87
77
75
75
71
87
79
69
72
68
75
59
75
69
72
61
83
69
61
71
68
62
69
48
64
59
60
63
57
62
56
62
63
50
57
48
64
54
54
58
49
57
68
67
55
54
56
50
48
54
46
55
50
38
58
61
49
41
43
61
51
57
47
70
54
52
49
68
69
58
61
61
67
70
65
58
66
66
82
97
66
71
75
77
73
84
82
74
72
62
77
68
61
78
61
75
60
41
54
51
51
47
46
38
54
43
45
42
48
38
47
47
52
43
46
33
48
43
33
30
47
50
40
42
46
33
42
40
38
47
39
56
42
36
33
44
41
47
56
37
35
41
41
43
30
37
32
36
40
34
38
43
33
42
29
30
31
31
40
25
38
35
37
42
25
36
31
21
43
35
33
27
29
35
36
34
32
25
28
26
23
29
40
24
36
39
25
45
29
37
23
31
33
25
30
30
38
30
35
26
39
23
24
32
26
28
20
32
18
36
23
38
34
26
25
24
27
31
28
27
29
24
28
31
28
36
28
28
23
33
31
19
27
17
30
23
22
30
40
34
26
30
28
28
25
22
39
27
31
37
24
21
26
31
28
22
29
26
27
24
22
26
22
26
29
38
20
18
23
26
24
23
25
25
28
26
26
37
20
18
26
23
30
26
20
21
29
27
24
20
30
22
19
22
26
17
29
29
23
21
20
17
24
25
20
26
31
23
22
17
24
19
21
15
16
25
16
15
28
22
24
19
27
22
18
20
21
14
19
24
19
23
20
24
17
22
28
29
15
18
25
24
27
13
21
18
21
22
16
18
14
19
13
12
15
22
19
20
17
20
20
16
26
20
15
8
21
21
15
17
23
17
18
24
17
10
21
21
13
24
15
17
28
14
16
16
22
14
12
31
14
15
15
19
12
15
20
19
20
18
25
11
14
23
26
13
16
17
11
11
11
17
17
17
15
10
22
20
19
20
15
16
13
15
20
15
19
15
12
13
15
9
16
19
10
20
8
11
16
16
17
18
19
16
14
15
23
13
22
19
14
15
19
13
17
15
17
14
12
17
13
13
17
13
16
16
11
15
13
11
15
19
16
14
21
19
20
11
13
12
12
13
11
15
18
10
18
10
13
23
16
13
19
8
9
14
16
17
12
12
15
7
10
14
16
16
14
17
10
14
17
9
17
18
8
10
7
11
5
12
16
12
10
11
11
10
15
10
14
10
11
7
10
12
12
9
12
12
4
9
13
19
8
8
16
11
11
13
12
12
8
12
11
16
6
9
13
16
10
8
9
10
13
8
12
17
7
7
12
5
17
14
9
17
10
5
9
16
12
10
9
13
12
9
8
17
8
9
15
11
11
8
9
6
10
11
7
11
11
13
7
11
8
10
5
10
15
11
9
8
6
2
7
6
6
16
9
10
6
14
8
10
9
12
16
8
9
4
8
10
9
10
11
12
7
5
5
11
12
10
5
11
11
11
9
4
6
11
9
6
11
10
9
6
1
8
3
7
11
6
16
3
6
8
12
8
7
7
3
11
5
6
10
12
5
5
9
6
10
10
5
12
11
3
4
7
8
6
6
5
5
8
4
10
9
6
6
14
9
7
10
10
5
10
1
7
5
7
9
5
5
8
12
5
2
4
2
9
10
7
4
9
9
1
6
6
3
7
11
6
8
5
7
5
6
10
7
8
5
6
7
2
7
8
11
3
8
7
3
8
5
5
7
5
1
4
7
3
5
7
7
10
6
6
4
11
12
5
9
5
9
9
8
6
8
3
10
2
5
6
5
4
7
10
7
6
11
10
9
8
6
5
8
5
4
8
3
5
4
9
8
7
9
3
6
5
7
6
5
7
11
4
7
4
4
6
7
10
2
5
6
3
6
4
3
6
4
7
5
4
6
10
4
5
0
4
2
3
4
4
5
6
5
9
7
6
8
9
5
4
8
6
3
5
3
2
8
6
6
1
7
3
9
6
1
3
4
6
5
6
8
9
6
4
3
4
3
5
5
4
3
2
2
6
2
5
2
7
3
2
4
0
4
5
6
3
4
2
6
9
2
4
1
2
4
0
0
4
5
3
8
7
3
4
2
2
3
1
1
2
3
1
3
2
3
5
5
3
3
3
3
3
3
5
4
5
5
2
0
5
4
2
1
3
1
3
7
3
1
4
4
4
6
3
2
3
3
3
2
4
3
2
3
4
2
1
3
2
3
1
3
3
0
3
3
3
3
4
3
3
5
4
3
7
3
3
5
2
1
1
4
3
3
3
3
5
2
3
1
3
3
1
4
3
2
3
3
2
2
5
1
8
1
3
4
6
3
4
3
2
1
1
5
4
1
1
1
2
2
2
4
2
2
5
4
2
2
0
3
3
3
4
2
4
4
3
4
2
1
1
3
2
3
2
2
1
0
1
2
1
2
2
2
3
0
3
2
1
2
3
2
2
4
1
2
2
3
4
1
3
2
2
1
3
2
1
3
2
3
2
1
2
3
2
1
2
4
2
2
1
3
3
1
2
3
3
4
4
2
2
1
2
3
1
0
2
0
5
0
2
0
4
2
7
2
4
1
3
2
1
1
1
0
1
2
0
4
0
3
4
1
2
2
3
0
1
2
3
2
6
2
0
1
1
1
1
2
0
1
0
2
0
2
2
4
1
3
5
0
2
0
1
1
0
0
3
3
1
1
1
0
1
0
0
1
3
2
3
2
0
1
1
2
2
2
0
2
2
2
0
1
3
3
1
1
3
2
1
1
2
1
3
2
0
0
3
1
1
2
2
2
0
3
1
2
1
1
2
1
0
3
0
0
2
0
0
1
1
0
1
2
2
1
0
1
0
1
2
0
0
0
2
0
0
0
4
2
1
1
2
2
0
3
0
2
1
1
3
1
3
0
0
2
2
0
1
4
0
1
0
0
1
1
2
1
0
2
1
1
0
2
1
2
1
0
0
1
1
1
1
0
1
1
1
1
1
2
4
3
1
2
1
3
0
0
2
3
1
1
1
0
0
2
0
0
2
2
0
1
1
0
2
0
3
0
2
0
0
1
0
0
0
1
1
1
2
1
0
0
1
0
2
1
1
1
0
1
1
2
0
0
1
2
2
0
1
0
2
1
0
1
2
1
2
0
1
0
0
2
0
3
0
3
2
2
0
2
0
0
1
0
0
1
0
0
1
1
0
1
0
2
0
1
1
0
1
0
1
1
0
1
0
0
1
1
1
0
0
1
0
2
0
1
1
1
0
0
1
0
1
1
1
1
0
0
0
0
0
0
0
0
0
1
0
1
1
0
0
1
0
1
2
0
1
0
1
1
1
1
0
0
0
0
0
1
1
0
1
0
0
0
1
0
0
0
0
2
2
0
1
1
2
0
0
1
1
0
1
0
0
2
0
2
2
0
2
0
0
0
0
1
0
1
1
0
0
0
0
0
0
1
1
0
1
0
1
0
1
0
0
1
0
0
0
1
0
1
1
2
1
0
2
1
0
0
2
2
0
1
0
0
1
0
1
1
0
0
0
0
1
0
0
1
1
0
0
1
0
1
0
1
1
2
1
0
1
0
0
1
0
0
1
0
0
0
2
0
1
0
1
1
1
0
0
1
1
0
3
1
1
0
0
0
1
0
1
0
3
0
0
2
1
0
0
0
0
1
0
0
1
2
1
0
1
0
0
0
0
0
0
1
1
1
0
0
0
1
0
1
0
1
1
0
0
0
1
0
0
0
0
0
0
0
0
1
0
0
0
0
3
1
0
0
0
1
1
0
0
0
0
0
0
0
0
0
0
0
0
0
1
0
0
0
0
0
0
1
0
0
0
0
2
1
0
1
0
0
0
1
0
0
0
2
0
0
0
0
0
0
0
0
0
0
0
2
0
0
1
0
1
1
0
0
0
0
1
0
0
0
0
1
0
0
1
0
0
0
0
0
0
0
1
0
2
0
1
0
0
1
0
0
1
1
0
1
0
0
0
0
0
0
0
0
0
0
0
1
0
0
0
0
0
0
0
1
0
1
0
0
0
0
0
1
1
0
0
0
0
0
0
0
0
0
0
1
0
0
0
0
1
0
0
1
0
0
0
0
0
0
0
0
0
0
0
0
1
0
0
1
0
0
1
0
