0
0
0
0
0
0
0
0
0
0
0
0
0
0
0
0
0
0
0
0
0
0
0
0
0
0
0
0
0
0
0
0
0
0
0
0
0
0
0
0
0
0
0
0
0
0
0
0
0
0
0
0
0
0
0
0
0
0
0
0
0
0
0
0
0
0
0
0
0
0
0
1
5
3
6
0
3
1
3
1
3
4
16
40
106
330
994
2269
4955
9646
17235
27635
40970
54835
66126
72733
72960
65904
55141
41264
28269
17345
9871
4999
2370
1021
396
129
23
25
9
2
3
4
3
0
1
0
1
1
0
0
1
0
0
0
0
0
0
0
0
5
54
49
51
55
60
48
46
50
48
51
37
37
47
47
64
53
50
44
56
48
44
46
46
43
47
53
50
55
41
30
41
38
50
46
30
40
23
32
41
35
44
44
41
35
53
40
37
37
43
42
42
52
43
57
40
38
31
39
45
53
30
44
46
31
48
42
58
46
60
82
71
82
71
101
87
117
117
103
91
87
79
61
65
51
60
66
56
38
43
72
51
43
35
41
50
48
58
54
54
60
66
60
55
61
65
70
85
73
94
87
99
97
127
95
119
122
138
143
148
158
147
175
200
210
313
464
701
1237
2024
3317
5178
7807
11237
15314
19779
24335
28029
31253
32235
31726
29725
26247
22006
17672
13843
10201
7408
5184
3664
2583
1895
1357
983
755
533
367
307
247
241
246
278
351
426
494
521
554
563
530
457
388
318
271
219
147
135
100
72
62
49
52
51
41
34
26
18
23
16
11
17
15
16
6
5
10
1
11
7
11
8
7
5
6
9
3
13
11
8
9
11
11
5
9
8
7
13
9
8
12
10
5
8
13
8
13
15
15
11
13
22
15
23
15
22
34
23
23
26
21
24
14
18
12
14
21
17
19
19
25
25
19
26
17
19
13
20
18
12
23
25
15
15
13
13
15
18
9
11
13
12
8
7
5
6
6
5
3
10
2
11
4
3
6
7
6
4
6
5
4
8
3
10
8
7
3
7
7
6
6
4
5
12
5
11
16
16
14
24
28
30
23
22
27
32
17
27
24
21
17
26
13
12
16
15
11
12
10
8
6
4
10
8
11
12
9
15
8
10
7
12
5
12
4
8
7
7
5
4
7
7
8
3
2
7
7
9
10
10
6
7
6
4
12
7
4
6
9
4
4
10
4
7
4
3
10
6
5
6
6
7
3
10
5
6
5
8
5
4
6
6
3
3
4
2
9
10
7
4
4
12
7
7
10
9
8
8
2
4
6
5
3
7
5
7
5
14
5
11
5
7
2
8
9
8
14
6
6
9
12
9
11
11
10
7
8
8
8
11
8
7
4
5
10
4
6
10
9
8
10
6
7
5
8
7
8
9
5
6
12
7
8
8
11
9
8
8
5
9
6
13
13
10
10
4
8
8
14
9
6
11
12
9
7
9
9
6
7
11
7
8
12
17
13
2
10
13
12
11
9
7
20
6
10
10
5
9
9
13
11
12
15
11
12
8
18
14
14
7
15
11
12
13
17
14
8
13
6
19
11
14
12
15
13
14
17
18
16
11
14
5
14
19
18
14
20
14
17
14
16
18
16
14
13
14
15
17
16
20
19
7
16
15
13
14
14
18
16
15
18
15
21
22
17
13
19
15
14
20
18
15
17
23
20
31
24
27
21
24
30
19
24
19
17
21
24
30
35
23
13
21
25
20
19
20
25
29
17
30
24
28
26
25
28
22
32
26
26
17
25
28
27
34
31
23
21
31
27
24
26
34
27
31
35
26
37
27
28
25
53
44
35
30
32
32
35
30
42
32
35
41
45
43
41
51
32
38
24
45
45
37
47
51
35
43
43
45
50
45
71
59
40
40
52
51
53
57
53
48
47
47
52
55
54
54
53
66
64
61
76
62
44
53
51
68
84
77
64
69
66
69
70
71
73
75
78
97
74
79
95
79
93
113
90
104
94
92
75
75
92
100
99
83
69
78
64
69
71
74
74
69
74
85
95
64
72
78
80
75
73
75
63
69
77
69
75
74
80
87
97
69
66
78
70
84
70
57
87
62
70
82
70
73
78
69
67
69
76
62
62
91
69
72
60
52
72
69
81
70
72
70
74
71
69
60
58
69
65
65
61
77
78
64
68
70
59
64
84
63
69
53
72
62
71
54
66
61
72
81
69
74
70
83
76
80
88
67
73
69
76
68
68
77
70
50
68
84
64
73
61
61
81
70
66
74
78
67
70
77
77
79
82
100
69
61
64
90
79
78
67
79
80
65
79
95
89
81
89
80
73
91
81
87
77
92
79
96
75
104
98
120
131
143
146
168
224
243
280
323
381
437
549
600
665
728
811
883
968
969
1024
1037
1008
1047
978
948
807
788
707
601
539
488
399
316
301
249
214
158
164
150
126
114
117
108
96
100
91
100
87
93
87
90
91
97
112
91
94
101
96
102
89
101
93
99
87
101
112
101
90
106
99
115
120
91
102
114
92
106
110
97
97
117
105
101
108
110
103
108
118
106
97
118
105
103
114
108
103
104
116
118
100
142
103
119
113
127
108
128
133
144
152
167
161
166
183
188
217
194
222
227
263
246
247
274
255
242
228
241
265
225
208
200
196
186
170
165
170
154
166
165
138
145
151
147
144
157
126
137
133
155
165
159
163
155
156
150
160
177
153
199
161
162
175
162
164
172
188
190
208
201
206
214
215
202
203
203
226
218
244
208
214
238
233
225
231
220
257
273
241
244
258
251
262
258
247
261
218
226
219
223
228
223
232
243
214
223
245
218
244
222
237
215
220
235
238
211
214
207
235
235
215
217
260
248
213
230
248
214
238
230
263
204
235
195
211
247
234
220
209
242
211
218
218
226
216
234
228
249
239
210
217
222
220
240
245
218
209
219
204
207
218
222
201
210
182
198
222
197
188
210
200
204
211
165
213
207
197
204
205
201
211
181
191
198
207
186
174
203
196
189
187
197
177
192
175
161
221
208
185
182
197
199
179
182
166
174
193
179
173
207
203
208
177
196
195
189
196
188
208
173
193
194
182
180
190
180
194
191
191
212
189
198
209
199
202
175
201
178
216
209
201
214
172
193
195
238
205
207
183
200
219
214
195
202
172
213
190
176
193
204
200
203
198
208
231
208
235
225
214
227
215
231
196
220
217
204
209
231
227
216
219
251
231
226
225
233
194
244
211
252
230
224
223
228
235
239
231
230
230
245
261
198
237
231
226
224
240
246
249
230
227
237
224
214
234
230
214
223
247
222
237
206
215
207
245
197
226
219
218
223
226
258
248
236
203
204
213
230
255
236
216
248
225
222
230
221
212
247
233
237
205
218
207
218
257
247
215
222
238
240
234
205
226
225
262
240
273
252
234
249
262
229
244
212
245
276
237
250
247
243
241
233
229
267
222
240
263
260
257
231
246
279
228
254
249
277
235
250
234
237
254
234
243
239
247
249
260
276
249
248
274
252
257
253
235
290
221
245
260
269
269
219
247
257
268
273
281
265
260
254
273
282
274
280
278
278
279
273
271
273
240
268
278
271
257
265
269
266
258
257
259
256
257
294
283
307
282
252
269
291
307
289
282
252
238
260
273
266
285
281
265
240
301
264
268
277
256
275
282
258
265
275
279
291
310
262
286
305
256
280
330
302
276
272
268
314
296
300
276
301
325
285
289
241
284
268
303
284
262
278
311
296
275
279
271
273
301
270
255
315
266
289
284
272
266
246
266
253
246
279
263
253
286
267
259
254
239
265
295
263
283
279
260
274
271
238
243
245
271
251
267
273
248
300
274
246
281
243
245
230
243
219
252
236
279
237
249
254
248
261
215
247
250
249
249
276
233
265
251
255
241
247
250
257
247
230
239
228
255
256
271
256
257
238
240
230
245
225
235
254
237
232
277
266
280
253
249
259
229
264
239
226
254
226
253
248
249
246
247
237
241
282
266
231
248
249
265
271
218
215
263
263
243
224
273
256
245
227
258
276
229
262
236
224
241
240
246
255
270
236
263
238
230
262
256
235
253
241
251
246
240
258
238
245
211
253
251
233
226
243
234
260
256
228
257
236
228
239
250
245
242
243
222
259
239
230
254
235
238
235
234
258
249
242
236
276
246
251
249
220
221
248
254
217
248
234
257
226
239
229
256
226
251
231
246
222
247
224
283
237
210
236
245
229
226
252
247
267
258
241
227
213
256
241
266
260
236
254
228
241
269
230
236
238
227
257
261
226
218
243
217
242
256
293
259
244
275
256
269
261
243
267
247
276
284
239
242
249
271
265
281
280
276
251
278
290
273
274
265
247
234
280
292
302
292
271
305
279
288
284
294
280
306
324
305
305
318
330
322
292
307
300
337
305
307
328
340
313
364
374
369
308
336
336
360
364
363
350
372
356
400
407
367
384
403
395
397
431
398
400
442
447
441
459
438
430
508
467
473
513
536
490
513
554
555
534
624
635
592
643
661
674
686
731
684
758
833
808
810
864
886
841
923
967
1023
1025
1043
1040
1127
1132
1167
1173
1198
1214
1242
1250
1285
1362
1381
1342
1389
1436
1439
1370
1437
1432
1411
1422
1354
1433
1441
1405
1338
1463
1439
1374
1302
1289
1333
1275
1259
1215
1249
1235
1185
1189
1117
1049
1002
1096
1073
986
906
929
899
892
849
801
775
735
733
728
677
627
640
577
627
594
551
534
553
467
505
485
475
439
463
432
436
355
395
377
350
371
379
347
336
320
347
336
299
327
299
298
296
284
315
259
259
285
265
260
274
269
290
254
232
251
206
237
219
243
232
205
241
215
276
239
220
228
203
235
216
215
208
212
183
238
251
256
234
255
248
258
276
274
316
293
304
303
344
350
390
382
413
386
438
434
436
433
422
447
402
469
475
498
442
442
443
420
423
428
424
388
324
383
327
298
286
295
272
248
223
208
207
190
205
174
138
189
178
164
167
155
184
141
169
152
133
157
148
135
136
156
165
146
157
162
160
142
141
150
144
174
156
156
138
165
186
198
166
153
172
191
178
207
199
151
181
187
224
200
205
216
197
203
223
190
231
235
209
237
221
195
224
226
208
257
239
240
272
249
233
245
203
262
230
254
228
267
273
258
231
245
234
255
272
217
272
240
244
243
219
223
232
198
220
187
206
218
216
194
194
209
205
191
181
182
173
160
181
177
170
174
147
147
157
152
162
141
148
155
117
153
129
115
144
126
127
117
119
123
124
107
117
116
120
109
83
118
94
99
94
93
102
89
100
83
104
92
96
97
84
92
92
75
87
91
78
86
79
65
74
87
63
74
62
79
73
69
78
55
61
57
69
78
77
59
75
64
45
59
59
66
62
73
63
41
66
58
71
57
77
62
63
51
52
64
73
56
58
60
57
54
49
64
66
54
56
62
64
39
56
57
53
52
50
44
55
62
70
50
69
53
61
57
78
54
76
67
57
80
73
71
75
70
91
79
68
69
70
73
68
80
68
66
63
72
57
71
62
53
59
43
60
55
47
53
50
42
47
40
42
53
51
52
47
36
41
37
45
51
49
43
34
37
38
50
33
50
40
43
36
39
38
43
46
37
37
39
40
36
41
38
37
37
34
38
31
42
32
31
47
31
36
31
32
37
33
40
27
27
30
49
41
25
28
26
31
30
31
32
38
33
28
38
35
37
32
35
30
34
35
30
29
25
28
39
30
39
24
36
26
27
25
35
31
31
33
29
29
27
32
25
38
31
32
27
25
24
29
28
31
29
28
30
29
28
36
21
32
30
37
33
26
24
32
28
26
32
24
37
20
20
32
34
25
15
28
37
21
33
29
28
32
22
32
27
22
22
28
31
32
26
18
23
30
30
16
31
22
29
23
34
28
27
23
17
20
34
26
28
22
29
32
27
26
15
25
23
27
26
25
26
27
22
17
24
21
25
21
27
25
27
16
22
22
18
12
16
23
27
23
34
31
25
20
32
30
27
17
16
13
23
14
15
20
17
22
34
27
19
22
15
20
26
16
25
20
34
28
25
22
17
23
18
22
20
20
18
26
26
22
23
23
15
22
14
20
25
19
21
19
23
15
18
18
20
23
22
20
22
13
22
19
19
21
21
16
21
14
25
18
22
17
21
20
22
21
19
27
15
16
20
19
31
18
18
21
17
22
10
22
15
21
16
12
28
22
10
17
10
16
15
18
19
18
14
18
20
8
19
18
17
11
17
21
27
11
17
16
18
13
14
10
18
15
25
19
18
20
17
7
14
17
20
15
14
17
25
15
23
10
19
22
15
13
11
23
13
18
20
13
16
14
18
16
13
26
14
11
19
14
14
11
10
14
14
12
12
11
18
12
16
20
12
15
5
9
17
11
11
12
11
10
16
14
15
15
9
22
14
11
12
14
17
7
21
13
14
15
6
10
12
12
14
14
11
12
13
23
9
13
10
14
15
16
10
10
8
12
9
17
16
16
15
16
11
15
10
11
9
12
6
10
17
13
16
17
7
16
11
7
14
10
15
17
16
11
11
15
15
15
5
13
9
22
9
12
9
12
15
8
20
10
13
13
10
12
7
12
8
8
9
13
11
13
16
12
13
10
8
11
18
11
7
9
14
11
7
9
18
9
9
7
9
14
15
12
11
11
11
10
8
13
14
6
12
8
10
7
12
12
5
15
13
10
7
8
7
3
7
11
8
9
6
6
11
3
8
11
8
5
6
5
10
9
5
14
5
12
9
9
6
10
9
7
4
8
13
9
7
8
5
6
9
8
9
7
8
5
6
7
7
8
14
6
8
11
12
5
12
5
9
9
6
7
14
5
3
7
7
4
8
11
8
12
12
9
7
10
10
5
7
7
8
2
11
8
8
8
4
10
8
4
10
6
4
13
6
5
8
5
7
8
7
5
10
10
11
4
12
8
5
6
8
6
10
6
6
12
4
7
7
9
7
10
12
8
6
2
4
5
6
6
6
8
9
6
2
6
3
5
7
3
7
8
4
6
5
7
7
7
13
2
8
11
9
6
8
7
6
8
10
4
5
7
4
8
6
3
5
8
4
3
9
9
5
6
6
11
4
6
4
6
5
7
7
6
7
5
7
4
3
9
5
6
11
1
8
6
2
5
9
2
4
6
8
4
5
6
6
2
1
7
7
7
7
3
3
4
5
3
7
4
7
3
3
1
1
8
2
3
5
5
4
1
2
3
5
3
1
3
6
1
2
5
4
3
5
5
6
3
6
5
5
5
3
3
3
5
2
4
6
4
4
7
3
4
10
4
3
6
3
5
4
3
7
7
6
6
3
6
3
7
8
1
7
4
7
3
2
1
3
6
7
2
1
5
4
3
4
6
4
4
4
1
2
4
4
4
3
4
3
3
2
4
3
4
4
2
1
7
5
4
2
5
2
2
6
6
4
1
4
4
1
4
8
2
1
3
1
2
1
4
2
3
4
4
4
1
3
2
4
2
7
3
2
3
1
3
2
3
4
6
3
3
2
4
3
4
4
2
9
4
3
1
3
1
5
5
3
3
3
5
5
5
0
5
3
4
2
1
4
5
7
3
2
1
1
3
6
4
2
5
2
1
3
2
2
2
3
6
3
5
0
5
4
2
3
5
1
5
3
3
4
0
2
1
4
4
2
7
3
0
2
3
4
3
3
3
3
2
3
2
2
3
2
3
2
5
1
2
4
1
1
0
1
1
1
7
1
0
0
2
1
2
3
1
2
0
2
3
2
2
3
2
1
1
0
3
4
3
2
2
1
7
3
0
5
3
2
4
4
2
1
5
1
2
2
1
0
0
2
3
1
1
3
1
0
2
1
0
0
1
3
1
0
2
3
1
0
1
0
2
1
1
0
2
2
3
1
4
1
3
5
2
1
2
4
1
1
4
1
1
2
3
3
2
0
1
2
4
1
1
0
2
1
2
4
2
0
2
3
3
2
2
2
2
1
1
0
3
3
2
1
0
1
1
0
1
1
0
1
2
0
2
2
2
2
3
1
1
1
4
1
0
5
1
3
1
1
0
1
1
0
2
0
3
1
0
3
1
0
1
1
2
1
2
1
2
1
1
1
2
3
2
1
0
1
2
2
0
1
1
0
0
3
0
0
1
0
0
0
0
2
2
1
1
1
0
1
1
1
3
0
1
1
2
1
2
2
0
1
0
1
2
1
0
1
0
1
1
1
0
2
2
0
3
2
0
4
1
2
2
1
1
2
0
1
0
2
0
0
3
0
1
0
0
2
0
2
1
0
0
3
0
0
0
1
0
2
1
1
1
0
3
1
0
0
2
0
1
0
0
2
0
0
0
0
1
1
0
0
0
1
0
1
0
0
0
0
1
0
1
0
4
1
0
1
0
3
1
1
1
0
0
0
0
1
1
2
2
1
4
0
0
0
0
1
0
0
0
0
4
2
1
1
0
0
1
0
0
2
0
0
1
1
0
1
1
0
1
0
0
2
0
0
1
1
2
0
0
0
0
0
0
0
0
1
2
1
2
1
2
0
0
0
1
1
0
2
4
0
1
1
0
1
0
1
1
0
1
0
1
2
0
1
0
2
0
0
1
2
0
1
1
1
1
2
1
0
1
0
2
0
1
0
1
2
0
0
0
0
0
1
1
1
0
0
0
0
1
2
0
0
0
0
1
0
0
1
0
1
1
1
0
1
0
2
0
0
1
0
1
2
1
0
0
1
0
1
1
0
0
0
0
1
2
1
1
0
1
0
1
1
0
2
1
2
1
0
1
0
1
0
0
2
1
0
2
0
1
1
0
0
0
1
0
3
0
0
0
1
0
0
1
0
0
2
0
0
0
0
0
1
1
0
0
0
1
0
2
0
0
1
1
1
1
0
0
0
1
0
0
1
0
1
0
0
0
0
1
0
0
0
1
0
0
0
1
0
0
1
0
0
0
1
0
0
1
0
0
1
0
0
0
0
0
1
0
0
1
0
0
0
1
1
0
0
1
0
1
0
0
2
0
0
0
1
0
1
1
0
1
0
0
0
0
0
0
0
2
1
1
0
1
3
0
0
0
0
0
1
0
0
0
0
1
0
0
1
0
0
0
0
0
1
2
0
2
1
1
0
0
0
0
0
0
0
0
0
0
1
0
0
0
0
0
0
1
1
0
0
0
0
0
0
0
0
0
0
1
0
0
1
0
0
0
0
0
2
0
0
0
0
0
0
0
0
1
2
0
0
0
0
0
2
0
0
0
1
0
0
0
1
0
1
0
0
1
1
0
0
0
0
0
0
0
0
0
0
0
0
0
1
0
1
2
0
1
0
0
0
1
1
0
0
0
0
0
0
0
0
1
0
0
0
0
0
0
0
0
0
0
0
0
0
0
0
0
0
1
0
0
0
0
0
1
0
0
0
2
0
0
0
0
