0
0
0
0
0
0
0
0
0
0
0
0
0
0
0
0
0
0
0
0
0
0
0
0
0
0
0
0
0
0
0
0
0
0
0
0
0
0
0
0
0
0
0
0
0
0
0
0
0
0
0
0
0
0
0
0
0
0
0
0
0
0
0
0
1
0
1
1
1
0
0
2
1
2
3
3
2
6
4
5
3
4
5
35
124
387
986
2222
4917
9491
17208
27569
40799
54219
66444
72715
73338
66376
54482
41421
28373
17588
9941
4973
2357
1022
378
117
39
17
5
3
2
5
2
0
1
1
2
1
2
0
2
1
0
1
0
1
0
0
0
7
71
58
65
63
52
63
58
63
55
45
68
51
64
60
62
48
75
48
54
45
55
53
44
48
50
54
56
56
53
48
46
43
52
49
45
40
44
45
50
40
44
38
46
42
49
47
45
53
45
31
41
39
40
30
45
55
48
58
37
48
50
63
48
48
61
54
55
65
64
73
82
68
95
101
119
118
112
101
89
83
98
77
85
54
52
44
48
66
59
47
58
52
59
49
66
57
48
53
44
48
67
62
55
43
71
91
75
72
80
94
97
103
105
120
118
111
140
136
153
156
176
201
204
223
328
433
676
1140
1994
3345
5324
8020
11364
15463
20203
24503
28212
30931
32249
31961
29651
26137
22169
17702
13829
10109
7226
5204
3763
2616
1927
1333
1025
785
576
400
317
230
219
230
282
353
399
469
579
530
569
547
473
409
349
266
232
153
144
107
83
69
46
47
52
36
35
31
34
29
13
13
16
11
13
9
16
6
8
10
6
13
10
11
8
9
9
7
7
5
11
10
12
3
8
6
7
12
6
8
12
10
8
8
12
6
12
13
11
10
11
22
11
19
18
29
21
18
19
29
23
27
26
25
22
20
26
19
23
26
19
24
16
18
12
21
22
18
11
13
18
29
19
20
16
27
16
20
18
13
11
10
16
6
6
12
4
7
3
6
11
14
10
6
12
10
9
5
11
5
4
6
11
6
3
2
7
6
5
8
6
4
7
4
10
6
10
11
14
14
21
27
27
32
25
15
17
30
29
23
30
18
14
19
14
13
12
10
10
12
6
7
13
17
12
10
16
12
10
13
10
11
8
14
11
9
6
9
7
12
9
4
6
5
10
7
6
8
4
6
8
4
4
9
10
6
10
5
8
9
6
6
8
8
7
6
9
3
4
4
6
4
6
8
7
5
4
6
7
4
4
5
3
8
6
4
9
8
10
7
6
7
8
6
3
6
3
3
8
5
9
5
5
7
10
6
10
4
3
11
4
7
8
3
4
6
5
8
4
7
2
6
13
5
4
4
6
4
7
7
4
6
13
5
11
12
10
8
5
9
11
8
6
7
8
4
6
10
5
5
6
14
11
13
10
7
14
12
7
6
9
4
3
10
7
5
9
6
10
6
11
5
13
9
11
7
6
7
8
5
3
6
8
10
9
10
7
9
16
11
11
5
12
14
12
7
12
9
6
11
14
16
7
17
9
13
5
16
7
9
15
17
14
16
11
14
18
19
9
15
14
13
10
11
20
10
10
12
13
15
19
14
20
13
20
16
13
8
12
17
21
22
23
11
24
16
27
19
20
19
12
20
25
14
14
14
15
13
19
15
13
11
21
15
19
18
20
9
18
20
15
19
16
15
17
16
23
13
20
25
24
22
21
16
16
32
22
22
19
24
25
22
20
25
19
21
37
19
24
24
21
28
24
23
21
28
30
26
38
33
23
23
26
27
39
30
35
18
35
31
29
40
44
34
23
37
28
25
31
38
32
30
30
28
38
42
34
43
38
35
24
29
51
28
37
44
41
30
31
38
44
36
42
35
42
42
41
51
42
54
55
42
52
60
56
57
45
63
46
51
56
44
44
36
56
71
81
57
60
62
51
53
65
72
88
61
56
60
54
57
64
69
85
73
94
64
83
77
69
83
99
91
96
86
86
102
82
93
91
91
92
95
88
81
96
78
81
71
99
78
91
60
82
80
96
70
87
65
86
65
70
66
80
82
69
75
85
90
75
75
70
67
78
69
67
78
70
63
67
76
69
76
67
76
93
81
82
80
63
75
69
72
88
63
66
83
64
80
76
65
76
55
66
59
76
66
71
77
70
86
64
72
70
82
63
88
52
71
70
61
75
62
77
67
59
66
65
67
84
59
60
59
75
56
75
76
74
80
81
75
70
64
70
67
78
88
72
66
66
83
47
78
65
77
64
81
68
62
76
74
81
72
71
72
77
95
78
66
64
77
73
80
80
76
74
98
85
95
75
80
86
95
83
89
82
81
69
95
86
103
100
99
111
114
141
143
172
201
228
277
300
375
441
500
590
673
754
847
888
954
971
975
1066
1029
958
934
928
842
786
705
638
594
517
409
338
301
260
211
175
155
113
153
120
129
100
108
133
121
92
110
102
108
105
81
101
111
96
100
81
81
116
98
93
96
80
107
89
113
96
105
94
87
107
99
98
110
102
94
108
111
103
111
128
101
103
110
111
111
122
101
121
109
114
112
104
106
143
107
126
121
124
116
99
124
116
122
142
122
131
130
142
167
153
172
155
188
186
195
214
193
263
238
243
223
259
245
256
224
275
228
215
225
184
202
206
169
170
173
160
144
144
152
150
162
157
136
157
157
141
154
141
160
164
170
186
153
180
169
168
178
196
173
179
180
183
188
198
196
229
189
210
199
196
209
218
202
233
234
220
257
263
265
232
270
267
254
251
241
284
293
242
272
257
228
232
268
271
242
261
239
235
253
246
256
234
231
253
212
262
239
249
212
226
242
241
225
258
232
252
199
218
246
256
243
245
206
252
250
263
244
240
247
255
265
218
234
245
252
242
226
248
248
250
235
235
243
263
237
231
214
263
248
277
261
240
241
235
208
250
221
218
266
221
256
227
255
254
250
212
223
213
230
240
258
233
251
242
231
220
227
188
230
203
231
219
244
233
212
243
208
200
190
232
209
217
212
213
217
247
234
214
225
225
216
225
239
240
202
233
196
203
218
222
202
240
207
228
247
246
231
198
214
196
245
225
248
217
215
195
228
214
215
213
242
236
245
222
249
232
240
224
265
240
227
224
203
235
242
214
234
246
241
199
214
223
237
234
269
247
222
253
247
231
260
234
237
273
235
255
280
276
257
240
273
262
276
244
238
266
255
264
274
260
255
245
273
244
236
248
244
276
228
308
283
283
276
269
261
264
245
284
261
282
274
269
276
290
264
274
259
281
268
288
293
290
276
262
264
270
276
291
274
265
264
266
276
269
307
251
275
288
283
267
283
293
273
276
275
278
266
273
269
259
268
273
283
274
282
275
277
259
319
265
264
281
287
271
295
289
293
287
279
274
307
259
272
322
300
302
309
342
257
262
277
271
284
277
268
277
286
263
308
306
305
292
294
295
297
307
280
329
291
317
335
313
337
302
288
301
328
273
278
311
311
295
291
312
291
310
326
285
299
308
314
291
328
309
307
318
296
315
328
324
336
311
311
313
330
309
341
297
337
334
360
330
346
315
307
319
358
317
323
344
318
325
322
297
309
341
281
359
327
316
325
363
326
343
303
334
352
323
337
337
324
321
335
331
310
328
345
338
345
336
359
290
306
342
367
331
323
352
383
344
332
330
319
316
326
322
327
369
333
371
337
332
345
326
323
351
341
337
331
321
312
343
342
345
327
345
322
325
317
333
342
364
321
302
302
335
364
332
318
332
340
324
362
308
320
328
331
294
300
323
319
323
317
312
340
343
294
319
308
350
285
346
353
340
330
303
319
302
340
362
306
321
289
346
337
310
315
308
299
290
344
294
304
312
327
303
302
299
306
285
276
264
301
285
330
269
334
297
304
279
306
338
281
315
289
283
311
306
293
311
321
310
289
274
276
312
318
299
282
292
323
325
296
309
304
264
282
321
287
311
300
335
305
307
303
288
263
289
290
286
289
299
314
301
290
306
305
304
313
310
319
279
295
285
298
292
284
268
290
303
286
291
269
277
292
278
338
305
281
302
319
304
285
312
294
300
258
306
286
270
275
299
333
308
276
299
278
290
287
287
302
289
312
290
288
268
250
286
293
282
298
284
295
294
285
282
277
275
282
302
282
264
263
292
283
312
263
311
285
281
251
310
300
300
287
283
293
290
275
311
277
287
299
279
272
303
285
247
278
320
255
303
283
318
269
304
277
287
299
275
277
300
272
317
289
279
277
289
259
291
319
316
307
286
317
281
315
273
293
296
287
302
275
310
297
282
284
341
305
284
322
305
329
307
342
316
307
339
332
299
287
304
327
299
303
322
310
338
321
322
340
343
309
309
327
381
351
362
344
349
340
374
352
333
366
326
338
360
378
333
411
387
413
397
376
401
384
367
381
438
423
403
448
410
402
444
435
409
422
461
433
439
436
464
473
503
506
490
484
510
482
527
539
540
561
560
581
599
614
613
664
693
703
694
722
704
755
738
807
781
856
849
855
930
901
938
1008
1067
1015
1079
1155
1180
1228
1239
1198
1275
1324
1342
1418
1418
1394
1488
1460
1534
1541
1540
1555
1533
1632
1599
1620
1587
1642
1649
1684
1621
1629
1666
1602
1627
1621
1609
1589
1551
1541
1473
1484
1433
1420
1457
1402
1340
1419
1332
1300
1244
1206
1171
1128
1116
1098
1058
1042
953
909
929
860
828
795
843
780
732
664
747
650
606
625
578
622
542
550
520
518
479
529
466
442
434
437
468
414
394
443
374
375
360
358
375
372
360
349
350
321
349
287
326
290
316
303
287
300
311
283
298
297
276
266
248
300
263
282
213
253
268
247
274
247
250
252
223
253
268
276
226
249
257
242
258
291
268
259
289
322
331
331
343
345
399
388
399
376
417
446
436
445
448
446
502
508
441
454
527
520
463
533
483
525
454
444
449
444
392
406
397
354
312
336
294
296
291
256
267
236
236
224
202
199
200
172
163
175
175
195
188
153
151
168
166
160
183
167
167
166
183
161
172
151
181
201
148
194
174
198
181
167
187
203
189
184
180
191
217
225
213
229
191
215
228
248
209
219
207
223
207
225
255
259
242
244
255
261
278
268
278
280
278
280
272
274
296
283
275
266
296
293
270
291
289
274
271
297
286
301
275
233
295
281
244
282
274
248
263
257
255
245
216
233
231
227
226
225
214
219
210
239
219
191
196
196
184
198
200
162
177
174
164
162
161
185
163
163
136
139
151
137
116
144
133
135
145
128
112
107
134
119
122
126
107
130
121
107
119
115
116
91
123
84
97
99
91
107
94
104
84
75
79
87
79
74
81
78
77
102
75
79
74
68
76
78
79
86
87
70
84
78
88
79
62
67
59
61
57
64
59
77
72
79
68
74
58
64
78
55
72
55
54
53
60
64
62
69
62
57
57
60
61
60
55
54
54
47
47
46
64
61
50
60
69
67
79
68
68
66
67
59
62
63
69
74
61
85
73
86
89
71
78
84
90
82
84
71
79
91
71
78
61
45
74
74
60
66
70
64
46
55
66
45
68
44
39
41
49
45
37
52
47
41
40
43
47
49
41
57
47
49
38
47
38
47
50
57
42
46
44
37
42
53
45
44
51
34
40
35
46
38
28
39
30
30
43
42
34
40
42
37
38
37
40
35
29
31
39
37
31
42
34
44
35
48
42
38
30
36
34
29
31
28
39
25
37
37
51
41
30
33
33
40
45
29
26
32
28
28
23
33
31
45
46
35
27
36
32
36
30
31
36
25
24
31
26
31
28
30
44
26
35
39
39
12
36
36
31
32
25
29
20
28
25
37
30
40
31
42
28
36
32
25
25
24
26
26
37
19
30
26
27
29
33
32
47
31
26
36
20
27
26
30
27
24
24
25
37
29
27
44
29
27
25
26
25
15
25
21
24
18
44
35
24
24
21
27
15
28
29
25
24
29
31
32
24
18
36
19
20
26
23
24
28
30
17
24
22
39
28
29
29
27
25
27
22
25
31
17
23
25
24
21
35
25
20
23
29
23
25
29
27
25
22
27
23
25
23
20
29
26
29
18
16
16
19
14
22
16
27
24
24
22
26
25
26
24
19
17
16
21
30
13
24
21
32
20
27
15
26
25
25
18
19
17
19
23
20
13
19
19
27
25
16
21
13
27
14
18
22
18
19
25
18
27
15
18
26
18
17
20
18
26
19
24
20
18
19
20
19
13
12
20
19
19
18
25
15
21
12
29
14
16
16
8
10
17
14
19
12
12
17
12
19
28
13
17
18
12
16
14
23
20
15
12
23
11
10
17
17
12
13
11
16
15
16
16
11
18
16
11
10
15
15
19
18
20
11
20
20
11
19
18
18
15
14
17
12
22
15
19
12
13
8
14
13
18
12
10
12
7
15
15
13
17
17
10
15
18
11
14
14
10
21
10
13
12
16
15
12
24
17
13
11
12
11
18
19
9
11
17
9
13
16
12
17
15
16
12
14
14
10
15
11
11
18
10
17
14
9
10
8
12
9
18
15
4
12
15
17
16
9
7
11
12
14
11
19
12
9
9
14
15
14
12
16
14
14
16
16
18
5
13
20
12
10
12
3
8
11
17
13
15
11
14
7
10
11
9
9
10
9
14
10
11
16
16
11
14
6
9
8
10
7
6
14
8
8
15
5
5
9
9
11
10
8
13
17
11
5
12
18
8
9
13
15
10
4
15
11
7
10
11
15
15
9
14
11
4
8
10
4
16
12
9
13
6
8
13
9
9
9
9
6
16
16
7
8
9
7
5
8
4
14
5
5
12
9
6
6
8
12
8
8
7
7
5
5
8
8
9
12
6
5
6
10
4
9
5
4
5
7
7
6
10
10
12
11
6
7
9
5
7
9
9
9
8
5
9
8
13
7
8
10
7
11
11
8
5
7
7
4
9
7
10
6
9
6
4
9
4
8
5
10
9
6
5
8
5
8
5
6
8
7
4
6
5
8
11
8
5
7
8
7
7
5
8
6
8
7
5
7
8
9
6
9
2
4
5
7
11
7
8
7
13
7
3
6
11
2
6
4
8
6
5
6
5
5
5
3
5
6
6
8
4
1
4
3
6
6
6
6
3
7
4
8
5
1
11
9
2
10
7
10
4
10
3
3
4
6
4
6
7
7
5
4
7
6
3
8
6
9
4
7
3
7
6
6
7
5
3
8
7
6
6
2
4
5
3
1
4
6
10
7
4
7
5
5
3
3
7
6
3
4
4
3
7
2
7
3
3
6
2
3
7
5
2
4
5
7
1
4
2
6
4
3
4
7
3
4
2
6
4
4
8
3
5
4
5
3
8
3
9
4
3
4
6
2
5
2
3
3
5
4
10
5
3
5
4
2
6
3
3
5
1
5
5
1
4
2
7
3
4
2
6
3
2
6
5
0
3
2
1
2
4
5
5
2
6
4
2
7
3
4
6
2
3
2
7
3
3
3
3
5
1
6
1
4
3
2
0
3
4
4
2
6
4
6
4
2
8
1
3
6
2
5
5
5
5
6
5
6
2
2
1
4
0
3
4
2
3
3
2
3
5
3
1
5
4
1
6
5
3
5
4
3
3
0
0
2
1
6
1
0
5
7
1
1
3
4
8
1
3
3
3
1
6
5
7
0
1
2
1
0
3
2
0
4
6
1
2
1
2
5
0
6
1
2
1
2
1
1
3
5
3
1
4
3
4
1
0
3
1
1
2
4
1
3
3
3
0
0
3
2
4
1
2
3
2
2
1
1
1
4
2
1
2
0
5
2
1
4
2
4
2
0
4
0
5
1
0
2
1
1
3
2
0
0
2
3
0
1
1
1
1
1
5
1
2
2
2
3
3
2
1
0
2
1
1
1
0
0
3
1
2
3
1
5
3
1
0
6
3
2
3
2
1
3
6
2
2
1
4
1
0
1
0
0
2
1
2
4
1
0
1
3
0
1
3
2
4
6
3
0
2
2
3
2
0
2
1
1
1
3
2
2
2
2
0
2
1
1
1
2
0
3
1
0
1
1
1
1
1
2
0
1
1
0
2
1
2
3
1
2
3
0
1
1
2
2
0
0
4
2
1
0
0
3
3
2
2
0
1
1
1
3
0
3
0
1
2
1
2
1
1
2
0
0
1
3
2
2
1
1
1
0
3
0
0
1
3
1
0
1
3
0
2
1
2
0
0
0
2
2
2
2
0
2
1
2
1
0
0
1
2
0
2
3
2
0
1
4
0
2
2
1
2
3
0
0
1
0
3
0
1
0
0
0
0
1
0
1
2
0
0
0
0
2
0
0
1
1
2
0
1
0
0
0
1
2
1
0
1
2
3
1
1
2
2
1
1
1
0
1
0
1
0
1
0
0
0
1
3
0
1
0
1
0
0
0
1
0
0
0
1
0
2
1
0
0
0
1
0
3
1
1
1
0
2
2
0
1
2
0
0
0
1
1
0
0
3
1
0
0
2
1
0
0
2
0
1
3
2
2
1
1
0
2
0
0
0
2
0
0
2
1
0
0
0
1
1
0
3
0
1
1
1
0
0
1
0
1
0
3
0
1
0
0
0
0
0
1
1
1
1
1
1
0
2
0
2
0
0
0
2
4
1
1
1
0
1
2
0
0
3
0
0
1
1
1
1
0
1
0
1
0
2
0
0
1
0
0
2
0
1
0
3
1
2
0
0
0
0
1
1
1
2
0
0
0
0
2
1
0
0
0
2
2
0
1
2
0
1
1
1
0
0
0
1
0
0
1
0
0
0
0
1
0
0
0
1
0
1
1
1
0
0
0
0
2
0
0
0
0
0
1
0
0
1
0
0
0
2
0
1
0
1
0
4
1
0
0
0
0
1
0
0
1
1
0
0
1
1
0
1
0
0
0
0
0
0
0
1
2
1
0
0
1
0
1
0
1
1
1
0
0
0
1
1
0
0
1
1
0
1
0
0
1
0
1
0
1
0
2
1
1
0
1
0
1
0
0
0
0
0
1
1
0
0
1
1
0
1
0
0
2
0
0
0
0
1
0
0
0
0
0
0
0
0
1
0
0
0
0
0
0
0
0
0
0
1
0
1
0
0
2
0
0
0
1
0
0
1
0
0
0
1
0
0
0
0
0
0
0
1
0
0
0
0
1
0
0
0
0
0
0
0
0
0
0
0
1
1
0
1
0
1
0
0
0
0
0
0
1
0
1
0
1
0
2
1
1
1
0
0
1
0
0
0
1
0
0
1
0
0
0
1
1
0
0
0
0
0
0
0
1
0
0
0
0
1
1
0
1
0
0
0
1
0
1
1
0
1
0
0
0
0
1
0
0
0
0
0
0
1
0
1
0
1
0
0
0
0
1
0
1
1
0
0
0
0
0
0
0
0
0
1
0
0
0
0
1
0
0
1
0
0
0
0
0
0
