0
0
0
0
0
0
0
0
0
0
0
0
0
0
0
0
0
0
0
0
0
0
0
0
0
0
0
0
0
0
0
0
0
0
0
0
0
0
0
0
0
0
0
0
0
0
0
0
0
0
0
0
0
0
0
0
0
0
0
0
0
0
0
1
0
2
2
0
2
2
2
3
3
3
4
6
3
2
4
6
5
1
12
45
114
376
923
2182
4775
9481
17026
27311
40655
54689
66185
73315
73143
66535
55191
41628
28293
17232
9910
5008
2376
977
395
132
55
13
4
4
1
0
2
2
0
3
1
2
2
0
1
1
0
0
0
0
1
1
0
7
64
56
59
74
62
71
46
54
54
60
56
55
60
66
46
66
60
54
58
54
59
49
60
49
43
44
55
53
51
47
46
50
63
53
47
45
53
50
43
47
60
46
57
61
49
50
45
39
55
40
45
41
42
53
43
42
45
53
55
48
46
60
52
51
43
66
53
55
61
82
85
110
89
115
113
133
123
113
105
98
76
85
72
78
52
47
60
61
44
43
51
53
57
58
58
53
61
53
59
62
59
70
64
82
69
79
81
88
85
94
96
110
139
109
122
168
154
155
163
169
200
228
275
270
394
589
832
1368
2246
3470
5428
8178
11682
15867
20465
24837
29088
31847
33494
32902
30697
27203
22525
18153
14301
10384
7546
5391
3814
2672
1961
1474
1104
751
559
408
329
249
262
246
308
356
430
471
514
567
534
528
468
412
348
287
214
155
121
88
80
60
58
58
39
43
32
27
23
16
13
11
16
12
10
10
8
14
7
9
9
17
8
13
9
15
12
11
9
2
3
9
9
12
10
6
12
9
10
15
14
9
11
11
7
11
9
15
13
16
25
20
15
24
28
29
34
21
24
39
28
20
24
16
24
24
20
14
17
18
22
20
26
18
19
26
19
13
18
14
16
24
15
23
22
19
27
16
13
18
4
10
7
9
11
10
5
4
7
7
12
5
3
7
12
10
9
3
7
7
5
11
7
9
14
4
7
4
7
7
9
5
8
5
10
8
13
13
13
14
16
22
18
23
36
39
22
20
29
28
21
23
21
10
20
14
16
21
13
8
14
20
12
14
10
6
15
9
11
9
13
10
10
10
9
7
13
4
5
4
5
11
10
6
9
6
7
7
9
5
4
5
7
6
5
5
4
8
4
8
5
4
4
10
6
6
6
12
12
5
6
6
11
11
3
1
3
6
7
11
3
11
3
6
8
6
8
7
1
4
5
9
6
8
6
6
5
4
12
4
10
6
7
9
5
11
4
7
5
8
3
12
3
5
3
11
9
5
7
6
9
4
7
3
7
10
5
10
9
9
2
3
2
8
9
10
10
10
3
6
10
5
9
8
9
10
7
6
13
11
9
3
8
7
10
8
3
5
12
8
6
5
13
11
8
3
12
11
8
7
6
8
11
13
7
12
8
15
4
11
8
7
4
9
6
8
9
14
13
16
10
5
9
14
10
11
7
12
12
6
5
13
15
15
12
5
15
13
12
10
10
11
10
14
18
12
16
15
18
16
16
20
9
16
11
10
20
16
20
14
15
14
21
12
8
15
12
22
22
18
10
13
17
15
15
17
14
19
23
20
19
16
16
14
19
15
22
15
21
16
21
13
12
19
20
13
20
23
18
22
25
22
17
17
24
27
23
18
21
21
22
25
24
13
21
30
21
29
22
15
26
28
30
20
22
33
17
28
34
28
24
16
18
17
25
32
23
23
24
26
22
39
19
30
31
26
28
32
37
25
34
34
26
35
43
33
23
37
29
46
34
36
31
32
29
39
41
45
35
35
35
45
35
32
37
46
47
33
45
46
42
37
37
53
41
44
52
53
54
48
55
51
56
60
46
61
74
60
54
65
60
54
61
71
48
58
67
70
69
57
61
65
61
60
54
67
60
58
66
68
76
74
81
79
91
85
75
85
86
74
90
83
94
80
103
83
76
80
100
90
91
98
80
76
88
70
77
67
77
87
69
81
72
91
70
75
72
79
94
76
83
73
75
81
75
57
76
78
62
65
92
77
64
70
75
82
70
56
81
57
78
73
61
55
64
76
54
78
52
61
85
70
68
85
59
70
75
94
66
59
67
65
68
61
74
60
69
69
85
73
67
82
82
85
68
80
64
76
82
84
68
77
66
67
80
77
90
68
60
63
63
65
95
83
63
75
83
58
64
72
77
79
73
69
64
81
61
59
69
60
60
74
85
93
81
81
90
80
72
65
73
70
65
87
81
76
73
75
74
94
85
81
79
74
81
81
87
83
97
76
71
83
80
97
90
85
81
92
80
97
93
99
106
105
139
154
172
187
221
246
277
392
436
466
575
661
740
810
913
962
1045
1014
1045
1047
1032
998
909
894
807
702
620
552
508
377
364
278
254
222
208
156
138
129
113
112
120
112
90
105
102
92
79
85
74
95
101
105
99
107
99
94
87
107
93
105
104
109
105
94
110
106
114
88
109
99
95
102
100
111
99
97
107
109
129
94
119
118
123
103
109
114
117
112
135
118
111
134
96
116
116
124
127
127
131
133
135
133
125
143
153
112
136
170
164
162
175
198
208
213
194
241
216
226
255
257
276
276
273
260
236
232
267
218
229
196
195
198
164
188
171
185
163
167
154
168
173
165
151
148
158
145
160
142
162
163
151
158
166
158
177
178
189
166
167
162
190
201
171
210
177
197
196
217
178
210
194
206
231
191
233
189
222
214
235
231
194
221
217
218
229
229
233
241
201
229
228
217
241
246
219
230
211
263
224
250
261
243
268
265
223
264
278
235
264
248
221
251
243
257
255
266
261
275
290
265
262
258
278
274
258
302
261
287
239
272
277
261
297
299
259
302
308
272
270
296
255
283
279
274
284
262
256
274
290
282
262
291
258
242
289
297
295
272
285
269
268
261
253
283
252
270
262
275
269
287
230
254
285
259
236
274
253
264
256
264
259
241
254
251
224
245
218
254
234
252
254
261
239
246
234
240
225
223
234
245
249
243
229
255
248
218
252
265
267
264
241
209
250
262
235
278
253
234
236
234
249
232
254
234
251
266
264
235
243
247
273
246
225
231
235
254
250
256
270
264
227
257
264
239
278
270
234
252
248
242
275
268
249
283
255
246
240
279
271
259
255
286
261
222
298
264
254
280
282
270
261
286
316
260
284
253
259
270
304
295
300
282
278
290
303
283
297
282
294
269
303
279
315
268
316
327
268
299
276
244
306
295
298
305
281
277
284
303
277
321
312
307
280
282
284
289
284
312
273
289
282
295
288
306
301
289
305
312
284
277
271
313
314
315
301
313
263
313
290
312
331
298
306
273
270
319
327
311
302
281
299
313
291
312
313
279
317
312
266
289
310
272
324
300
312
329
339
300
313
326
327
335
281
331
329
379
300
310
333
319
339
323
319
336
310
326
291
347
325
333
335
322
309
335
340
300
359
310
344
388
346
347
342
325
351
324
334
310
330
354
332
337
315
339
314
346
351
344
378
346
348
375
361
342
343
369
327
329
360
359
352
318
310
351
319
364
352
357
378
353
363
348
344
337
357
394
367
328
350
323
311
332
379
375
366
413
372
364
367
351
366
355
381
374
365
358
347
361
341
385
369
373
345
343
370
402
376
349
385
357
390
411
357
396
335
355
360
396
374
393
408
350
384
365
366
362
395
366
381
379
384
348
346
373
377
348
385
365
341
354
351
338
374
341
375
333
361
314
375
339
366
328
347
344
348
353
341
317
331
347
328
323
322
347
324
337
364
337
343
314
320
343
334
339
338
352
297
318
331
308
329
353
343
342
343
337
324
325
344
353
358
327
321
339
329
359
316
337
331
329
321
319
316
296
356
366
295
286
299
339
318
330
354
310
280
330
303
320
317
288
303
320
301
312
330
327
330
336
329
307
343
282
315
306
321
295
345
340
322
310
302
304
310
337
321
325
309
312
331
307
323
328
322
312
321
317
318
351
305
341
298
311
294
314
277
297
311
321
313
311
302
297
305
283
321
309
308
299
295
297
301
328
321
302
296
278
275
265
296
308
307
274
290
289
306
287
320
304
287
291
336
322
305
303
293
312
278
301
327
323
313
316
269
290
274
278
295
291
314
286
273
302
309
288
309
280
274
284
291
308
317
273
263
297
316
274
302
290
306
307
309
283
311
298
302
290
302
287
284
297
289
330
296
308
305
299
299
293
259
310
312
291
287
303
289
286
299
288
297
285
296
339
288
296
310
284
341
347
312
313
300
311
317
339
326
329
326
330
306
353
299
313
311
297
304
333
320
328
358
335
300
332
318
335
361
338
339
354
335
352
291
357
357
377
380
347
353
388
340
378
359
357
377
396
348
373
409
357
405
402
369
371
389
371
397
386
387
428
419
388
428
415
402
423
440
435
439
423
449
454
468
482
481
485
502
520
470
508
493
512
514
574
568
563
575
578
615
600
620
651
652
675
684
746
770
795
794
813
845
836
891
949
943
1011
1001
1035
987
1087
1133
1126
1207
1229
1228
1265
1318
1385
1400
1393
1431
1517
1551
1490
1594
1550
1643
1614
1597
1660
1711
1706
1643
1618
1627
1732
1725
1694
1627
1753
1657
1633
1698
1652
1641
1518
1569
1548
1597
1440
1417
1431
1408
1366
1291
1319
1266
1214
1199
1153
1125
1060
1037
987
964
899
940
902
919
904
798
817
756
708
698
672
663
637
596
596
545
544
522
536
519
501
473
461
453
443
394
434
466
423
392
414
376
388
382
380
368
336
336
347
332
340
334
335
280
305
280
280
265
298
313
266
270
272
270
252
267
271
235
264
277
260
238
243
240
251
254
261
240
249
217
277
258
251
280
284
293
279
301
320
321
323
335
378
362
394
375
421
396
428
436
445
464
456
485
468
515
476
475
462
480
491
477
465
438
456
416
422
409
388
403
365
348
335
300
274
285
279
213
237
222
213
223
217
187
186
173
172
138
179
186
184
174
165
163
154
194
190
166
170
161
186
182
196
179
160
187
154
219
163
170
172
185
200
185
189
177
205
204
231
213
166
219
202
233
240
211
238
204
226
241
233
221
243
218
267
267
256
258
294
271
288
248
268
297
279
269
258
274
288
277
279
288
271
288
270
263
273
284
296
282
274
265
301
257
232
259
262
250
274
279
239
265
229
245
221
235
233
211
221
212
203
213
195
189
206
201
198
176
180
176
173
187
181
171
161
167
139
155
149
173
143
127
155
131
153
133
144
128
115
125
126
131
104
95
122
121
101
112
111
112
88
95
122
105
106
89
88
86
95
90
87
70
85
73
81
92
91
86
89
87
87
95
75
74
82
70
73
70
63
64
77
71
78
73
70
67
71
68
81
57
79
66
73
65
52
59
63
57
70
65
68
59
55
54
69
52
55
61
60
47
62
60
65
71
61
52
61
57
55
49
53
47
49
57
70
69
63
70
71
78
71
69
76
60
80
84
77
87
66
96
89
79
77
96
93
72
79
84
72
79
94
76
59
80
47
66
62
81
61
43
45
45
52
52
47
45
40
50
48
50
53
53
37
36
49
52
49
43
44
57
55
57
53
44
40
49
52
51
37
45
41
49
45
38
48
53
22
40
40
35
38
42
38
45
55
30
44
35
43
31
23
41
29
31
42
32
42
39
43
40
35
30
33
32
39
32
37
42
37
33
38
26
31
36
37
39
36
48
30
29
25
30
36
30
33
35
33
33
23
21
40
33
29
35
31
37
37
33
30
30
27
30
25
38
28
30
30
29
37
19
31
27
23
32
24
24
35
27
22
29
31
35
29
31
32
36
33
37
25
30
31
31
27
29
25
33
25
35
31
37
32
24
25
20
28
35
24
32
26
27
32
23
36
30
27
24
24
28
28
20
21
27
24
26
18
29
18
31
27
35
36
30
29
30
22
32
24
29
22
25
21
18
22
22
28
30
27
32
29
25
24
29
24
26
28
11
29
25
25
18
28
19
26
22
20
23
31
29
32
30
31
12
25
31
32
16
28
22
22
27
20
26
34
21
17
21
16
23
41
24
9
30
16
19
25
22
26
20
18
20
22
20
33
13
20
19
19
22
31
30
27
21
23
16
17
27
24
27
31
20
22
14
20
16
22
12
23
16
19
27
20
20
13
16
17
14
10
20
16
33
15
15
19
27
18
15
12
31
8
13
26
17
18
18
14
13
20
23
26
25
25
12
16
30
15
14
14
21
10
16
24
14
23
19
18
23
24
13
23
15
16
21
19
12
13
13
16
22
16
21
20
12
30
20
17
21
13
12
14
21
14
22
17
13
13
17
12
15
22
14
18
15
10
13
12
14
20
18
11
15
12
12
13
12
28
13
12
22
14
8
17
13
13
11
14
11
15
20
14
13
16
12
14
13
16
18
9
11
10
9
11
13
9
16
10
13
16
15
14
13
13
12
10
13
15
11
14
12
7
6
13
11
14
11
10
12
14
20
19
13
13
7
10
13
7
13
7
11
15
11
14
13
11
10
13
12
15
9
15
10
14
12
11
8
14
13
10
10
18
6
12
9
12
8
13
17
11
10
9
8
7
14
12
21
13
14
6
8
14
9
9
7
9
12
16
12
18
14
14
5
6
14
7
15
9
12
14
12
13
7
10
15
14
10
5
13
9
15
8
13
11
8
13
17
12
9
8
16
9
12
13
14
6
7
8
7
13
14
6
13
8
9
10
13
9
12
7
14
9
9
10
13
12
6
5
7
9
9
9
17
7
11
5
12
10
7
6
13
11
13
8
12
6
11
8
10
5
7
15
6
7
13
3
10
11
11
6
8
7
4
9
6
4
11
13
11
10
9
6
8
7
11
7
11
7
12
5
11
14
6
5
8
8
5
5
6
6
9
3
8
6
13
3
9
7
4
7
7
7
6
3
6
7
6
5
8
11
5
6
8
7
6
5
8
8
5
3
7
3
9
5
4
6
4
5
9
4
8
4
7
8
4
7
5
5
10
3
7
9
10
7
2
3
2
7
6
5
4
6
8
3
2
3
5
5
8
5
5
7
6
0
8
8
5
8
5
7
6
1
9
7
8
7
6
4
5
6
4
9
4
8
7
4
8
2
5
3
10
4
8
7
4
7
7
3
11
2
9
4
11
5
13
9
7
6
0
8
3
6
5
7
6
4
6
6
7
5
5
6
3
8
7
5
7
8
6
3
5
9
4
5
3
7
3
8
5
4
1
4
6
4
1
4
4
6
2
8
5
2
4
10
4
8
8
3
9
10
1
2
4
5
9
4
10
3
3
2
5
3
7
9
4
9
4
7
5
8
6
5
3
4
6
2
8
5
2
3
3
3
5
4
3
4
1
6
3
9
8
10
3
4
4
2
4
4
6
5
6
3
4
5
4
2
1
6
3
1
6
2
5
2
4
4
2
4
2
5
3
3
5
1
4
2
3
5
2
0
5
1
6
5
4
5
4
6
3
3
0
4
5
1
3
4
4
2
5
2
1
3
6
3
0
3
5
2
4
2
0
3
0
2
3
2
1
1
3
3
2
5
1
2
1
2
6
2
4
1
1
1
1
7
3
3
1
2
5
1
2
1
3
4
4
2
4
4
2
0
3
2
7
2
5
2
1
2
1
4
3
5
2
0
1
3
4
2
3
2
3
3
3
5
3
4
4
3
1
1
2
7
1
1
5
2
0
0
4
2
2
4
2
3
4
4
3
1
1
2
2
1
0
4
6
1
3
1
1
3
1
2
5
2
1
1
5
3
1
1
1
1
2
3
3
0
3
0
1
5
4
0
2
2
3
2
1
3
2
0
2
2
2
1
3
2
5
2
1
1
0
3
3
0
0
1
2
0
1
0
0
1
2
3
4
0
2
2
3
2
1
3
2
1
1
1
3
0
0
0
1
2
0
3
1
2
2
2
2
4
2
6
0
3
0
2
2
2
3
1
2
4
1
4
1
1
3
0
1
0
3
1
1
1
3
3
2
1
3
3
1
1
1
0
3
2
2
3
0
1
1
1
2
3
2
1
1
1
0
2
0
1
1
2
0
2
1
3
3
1
4
0
1
1
2
3
4
2
2
0
2
2
3
1
2
0
2
0
2
0
1
2
1
3
0
0
1
2
0
2
0
0
0
0
2
2
0
1
3
4
4
1
0
2
3
0
0
0
1
2
6
1
0
0
0
0
0
1
2
2
1
1
2
2
1
0
0
1
3
2
2
2
1
1
2
1
0
1
1
0
0
0
0
2
2
1
1
0
1
3
1
2
0
3
2
2
0
1
1
3
0
0
1
0
0
2
0
1
1
4
2
0
1
0
0
2
0
1
0
3
1
0
0
2
1
0
1
0
0
0
1
0
1
1
2
0
1
0
1
1
0
0
1
1
0
0
1
0
0
0
0
3
1
2
0
1
0
3
0
0
0
1
1
1
1
3
1
0
2
0
1
2
0
1
1
2
1
0
1
0
0
0
2
1
1
2
1
1
2
0
1
1
1
1
0
0
1
2
0
0
0
1
1
1
1
1
2
1
0
0
2
0
3
0
1
0
0
0
2
1
0
2
0
1
0
0
1
0
1
0
1
0
1
0
1
1
1
1
2
1
0
0
0
1
0
0
1
0
1
2
0
2
2
0
1
2
0
0
2
2
1
0
1
1
3
1
0
2
1
0
0
1
0
0
3
0
0
1
2
2
0
1
1
0
0
1
0
0
0
0
1
0
1
0
0
1
1
1
0
0
0
1
0
0
0
2
0
1
0
0
0
0
0
1
0
0
0
0
0
0
1
1
0
0
1
1
0
1
1
1
1
0
0
0
1
0
0
1
0
2
0
0
1
0
1
0
0
0
0
1
0
0
1
0
0
0
0
0
0
1
0
0
0
3
1
0
1
1
0
0
2
0
1
0
1
0
0
0
0
3
2
0
1
0
0
0
1
1
1
0
0
1
1
3
0
0
0
0
0
0
0
0
3
1
0
0
0
0
0
0
0
1
0
1
1
0
0
0
2
1
0
2
1
0
0
0
0
1
0
1
0
0
0
0
0
0
1
1
0
0
1
1
0
1
0
0
0
0
0
0
0
1
1
2
0
0
1
1
1
0
1
0
0
0
1
0
0
0
0
0
0
0
0
0
0
0
0
0
0
0
0
2
0
0
1
0
0
0
0
0
0
0
0
2
0
0
0
0
1
0
1
1
0
0
0
0
0
0
0
0
0
0
0
0
1
0
0
0
1
0
0
0
0
0
0
0
0
0
0
1
0
0
0
0
0
0
0
0
1
0
1
0
0
0
0
0
0
0
0
0
1
0
0
0
0
0
0
0
0
0
0
0
1
0
0
0
0
0
0
0
0
1
0
0
0
1
0
0
0
0
0
0
0
1
0
0
1
0
0
0
0
1
1
0
