0
0
0
0
0
0
0
0
0
0
0
0
0
0
0
0
0
0
0
0
0
0
0
0
0
0
0
0
0
0
0
0
0
0
0
0
0
0
0
0
0
0
0
0
0
0
0
0
0
0
0
0
0
0
0
0
0
0
0
0
0
0
0
0
0
0
1
0
0
0
1
1
1
2
2
0
2
2
3
4
0
6
15
50
135
354
979
2228
4954
9675
17218
27874
41070
54486
66089
72836
72884
66458
55025
41086
28106
17302
9818
5071
2431
959
341
131
35
13
5
3
1
1
0
1
0
1
2
1
0
0
0
0
0
0
0
0
0
0
0
10
62
57
51
45
49
35
55
50
51
58
52
61
54
45
46
47
50
49
45
36
47
42
45
38
36
35
38
48
43
54
48
35
47
47
36
41
45
37
41
38
47
53
41
38
48
47
37
51
47
42
36
60
38
31
39
36
42
51
50
37
40
47
53
48
50
42
38
55
61
63
93
73
92
109
115
131
122
118
100
92
78
79
73
62
49
52
43
51
43
56
52
42
55
55
48
46
46
46
49
57
62
66
68
63
65
69
79
83
77
84
93
96
97
128
142
132
142
131
133
161
199
209
184
226
324
467
680
1162
1947
3321
5138
7966
11015
15330
19898
24443
27822
30316
32094
31394
29351
25795
21774
17649
13319
10127
7301
5179
3639
2619
1949
1423
1065
766
525
384
301
248
218
247
298
347
437
475
509
545
585
546
473
406
348
279
203
143
142
97
68
63
42
51
43
31
19
31
25
17
17
19
13
11
6
13
10
4
13
9
8
10
10
6
4
4
6
4
5
9
7
4
2
9
8
4
11
10
8
7
6
5
15
14
7
12
10
13
13
16
10
11
13
18
25
27
22
26
21
20
21
19
15
15
26
17
19
15
15
15
16
25
26
19
13
13
25
17
23
14
19
13
18
18
20
16
11
18
22
12
15
14
12
5
12
3
11
8
9
5
5
7
12
7
8
7
8
8
6
9
8
7
5
6
7
4
5
7
7
7
6
3
5
9
3
10
8
7
15
19
20
21
33
16
32
29
30
30
29
22
27
24
22
18
9
10
6
8
5
13
5
8
6
8
9
10
10
13
10
13
11
18
7
12
10
14
10
6
6
10
3
6
2
4
8
5
7
3
5
5
8
9
3
5
3
9
8
10
2
7
3
6
4
4
8
5
7
6
7
8
2
12
3
5
5
5
9
4
4
3
6
4
4
6
5
2
1
3
11
2
5
7
4
3
8
6
6
4
2
3
4
9
3
1
10
6
3
5
9
3
1
5
1
7
8
7
8
5
4
2
5
3
7
10
5
6
7
4
16
8
11
4
9
5
9
7
7
5
12
4
7
6
11
3
14
8
9
11
6
8
15
12
6
8
10
3
9
10
9
4
12
15
8
8
12
17
9
8
5
7
8
11
8
3
3
7
8
7
12
8
7
7
10
8
9
10
9
13
21
10
11
7
10
13
11
16
12
7
8
14
5
10
8
11
4
16
14
9
16
16
11
13
9
17
10
12
13
14
15
10
14
12
14
11
17
13
10
17
20
16
17
19
11
16
9
12
23
20
12
11
23
15
13
10
20
14
12
22
15
10
13
26
23
20
14
21
18
14
13
21
11
18
20
10
14
26
13
22
21
22
15
14
21
13
17
21
11
24
21
21
17
15
25
24
21
22
32
16
15
22
15
21
19
24
27
24
29
24
25
24
33
30
32
22
29
17
27
28
13
26
29
27
25
32
13
31
22
32
27
27
34
34
33
24
27
25
30
37
33
30
35
33
34
38
33
40
32
28
29
27
32
31
33
32
34
32
37
44
40
36
41
44
38
50
33
65
50
40
53
41
54
44
45
38
53
67
37
64
41
51
52
60
56
64
44
61
51
61
53
62
52
61
66
60
67
55
71
59
69
58
48
75
83
66
71
70
74
78
74
91
79
94
89
86
101
112
101
93
90
83
91
75
86
97
66
90
85
70
87
82
70
68
67
76
53
81
68
77
87
85
62
71
59
67
87
70
77
84
72
72
68
71
75
78
75
53
66
60
78
62
80
76
68
70
68
65
84
68
70
72
76
73
72
66
70
79
76
64
72
80
77
75
76
76
66
77
61
75
73
91
91
70
83
64
64
67
80
70
73
68
91
72
64
86
68
73
77
76
73
62
64
80
70
66
58
52
74
64
79
65
71
66
78
70
76
70
63
65
65
60
62
70
75
65
54
81
68
66
74
60
78
66
74
79
57
69
72
72
65
67
78
73
73
79
83
72
78
76
81
82
86
94
75
90
86
85
69
97
82
77
95
101
100
105
108
132
167
173
240
301
315
380
423
500
520
640
720
856
883
947
988
1007
966
1037
1007
937
908
825
791
734
598
493
522
410
319
338
226
207
160
168
154
120
123
129
106
98
104
98
103
82
96
97
84
90
91
87
75
79
89
92
101
99
107
116
98
104
109
107
93
91
110
96
101
86
92
104
106
104
85
107
102
109
115
101
88
113
89
91
100
95
110
109
108
113
109
116
101
116
83
125
114
118
114
121
113
109
130
126
121
141
136
140
149
158
170
169
185
204
211
195
230
233
230
239
240
266
258
246
213
206
233
184
190
166
180
177
143
179
161
167
157
151
176
129
138
174
136
153
150
159
158
178
149
140
153
179
179
169
177
141
166
163
175
172
174
184
187
168
176
202
206
190
218
213
200
214
206
229
223
196
217
224
229
243
218
232
234
258
220
243
232
218
228
233
247
243
237
257
223
238
220
227
252
246
252
217
261
223
218
222
252
194
227
242
232
237
230
225
226
217
227
213
220
215
238
225
214
230
231
203
224
224
236
210
215
214
223
230
262
229
218
198
221
237
248
225
257
223
214
230
211
195
254
209
242
208
238
238
205
216
218
197
200
211
219
203
211
212
209
199
214
197
195
216
184
214
209
223
209
209
184
217
243
214
186
210
179
233
198
202
176
184
188
177
185
183
199
190
183
196
218
194
175
213
192
186
195
199
182
193
200
184
198
180
177
162
192
199
202
205
184
209
202
201
173
199
218
203
164
194
199
185
223
202
201
194
198
214
210
199
221
178
223
207
173
217
197
211
233
206
214
206
206
213
206
217
208
200
208
213
199
220
196
227
222
219
184
220
215
223
230
225
227
222
219
203
202
216
232
194
241
213
222
194
217
218
248
242
216
241
213
252
236
202
200
211
261
221
239
231
226
251
241
234
236
238
261
227
228
224
251
250
256
220
236
247
213
233
259
232
257
216
244
214
253
245
239
233
231
250
245
225
242
204
239
214
230
252
234
235
251
230
199
223
223
254
245
251
216
214
242
229
232
250
253
243
229
225
252
245
247
225
245
265
253
249
243
257
221
237
222
236
263
300
217
266
216
237
239
239
240
247
244
247
255
244
254
267
271
222
264
239
243
245
243
237
270
234
263
231
259
222
257
263
245
244
261
258
268
240
279
250
245
270
262
275
295
269
269
256
273
277
293
264
276
276
270
244
268
256
296
269
267
277
289
287
276
284
309
307
257
256
249
282
285
267
297
243
271
259
313
296
311
257
262
281
270
302
295
273
265
282
299
316
315
257
308
300
311
279
259
295
291
259
309
280
313
281
276
258
289
293
307
261
298
343
308
273
321
316
326
268
294
314
263
295
291
318
312
292
308
310
291
298
270
294
276
281
296
273
290
291
279
286
302
294
317
266
281
284
295
307
293
270
291
279
268
281
258
261
275
279
255
243
282
258
272
267
283
269
289
285
316
257
277
251
262
252
259
256
277
258
267
274
261
277
283
243
277
299
253
262
252
267
262
227
281
289
278
242
294
254
256
264
270
258
255
250
262
260
275
253
245
246
244
248
242
262
278
266
250
254
280
243
259
249
292
259
268
229
264
240
248
279
283
244
258
255
226
256
279
258
273
247
265
268
241
265
281
260
229
256
259
250
245
246
258
298
236
243
249
245
231
252
269
235
240
268
259
240
263
266
278
258
248
262
247
246
235
232
284
281
265
255
258
241
270
240
240
230
259
249
236
258
264
264
239
250
237
258
261
247
270
254
240
277
253
243
256
249
267
241
257
274
279
223
268
255
246
275
257
274
259
236
278
226
266
234
260
269
247
251
253
263
251
260
223
247
268
259
266
247
245
236
255
241
233
224
281
254
247
248
258
244
251
266
241
280
251
263
235
234
244
255
271
248
255
279
261
254
278
258
263
216
303
294
256
253
251
265
288
260
257
256
301
249
283
270
272
282
266
277
256
275
302
284
255
256
266
274
303
251
274
285
313
272
289
282
273
266
301
320
286
297
291
295
277
328
320
312
327
330
332
258
312
316
307
329
322
356
339
313
331
371
366
319
348
346
376
363
337
373
340
355
371
366
395
379
365
356
396
405
398
372
392
448
418
383
399
389
434
463
430
490
478
484
506
517
480
479
554
539
560
545
617
594
565
642
665
670
689
683
725
716
731
820
778
815
836
912
876
979
976
1012
1065
1053
1079
1078
1152
1110
1125
1148
1252
1254
1296
1368
1289
1349
1368
1364
1421
1455
1376
1389
1478
1456
1441
1420
1431
1556
1528
1472
1439
1375
1482
1385
1505
1385
1309
1306
1296
1380
1272
1239
1194
1171
1154
1165
1107
1135
1129
1023
1040
977
933
943
837
805
869
791
735
759
707
724
672
605
616
577
600
604
558
570
436
476
475
479
472
413
453
406
431
401
418
402
387
350
339
353
359
337
328
329
344
331
324
336
284
320
264
319
271
251
302
290
272
265
268
226
257
270
241
256
242
227
247
228
237
248
231
252
231
230
229
230
228
245
228
227
240
255
271
238
278
279
285
266
316
321
303
308
321
339
332
379
359
394
388
436
457
427
472
422
433
440
448
475
437
461
462
424
449
389
412
395
380
388
342
334
295
277
296
265
264
267
221
242
194
193
167
194
192
168
165
159
170
145
177
159
153
146
151
142
157
152
178
147
157
122
143
139
181
151
157
166
154
164
151
159
173
176
175
188
179
193
180
189
203
195
177
165
194
200
204
200
230
205
204
212
230
207
220
263
260
215
221
243
205
227
254
241
291
264
245
232
261
236
252
246
255
246
284
242
230
242
239
239
227
233
277
239
253
212
206
217
219
238
222
221
240
218
253
211
203
225
199
198
179
189
174
228
185
199
186
175
172
160
180
170
161
134
152
139
149
150
140
146
123
148
141
128
135
105
114
115
115
129
107
107
122
107
101
100
89
91
111
100
98
98
92
98
93
88
100
97
81
87
92
95
84
86
92
89
67
96
85
77
77
86
77
80
66
75
74
72
61
76
81
70
77
76
72
69
73
76
66
71
56
83
63
57
63
54
60
65
56
58
57
58
61
61
59
58
53
58
44
52
60
52
40
50
53
58
49
50
59
56
68
51
53
69
54
44
57
67
58
75
77
57
59
73
88
90
72
74
73
107
63
82
85
92
88
75
84
80
70
67
70
83
71
71
72
60
63
61
48
48
43
46
50
59
62
49
48
43
43
45
36
42
39
47
45
48
35
49
27
42
42
35
35
39
37
50
39
39
43
28
46
44
52
50
39
36
34
27
38
31
52
34
41
39
39
39
44
30
36
42
31
33
36
43
32
42
28
30
35
39
37
26
32
39
37
38
22
38
31
28
40
32
37
36
30
32
27
27
32
24
31
31
22
42
33
28
25
32
23
24
33
27
26
17
30
28
25
30
27
26
32
29
37
35
25
28
37
28
25
26
24
32
32
36
28
42
30
28
42
23
27
22
27
32
26
24
25
28
25
32
33
23
35
27
23
24
31
32
33
28
34
32
25
36
23
24
33
30
14
23
25
23
37
33
21
28
23
24
20
34
25
21
17
27
38
29
23
25
23
27
18
19
25
22
28
18
22
30
32
22
16
17
31
24
31
20
26
28
29
22
15
26
20
18
19
20
34
24
25
18
22
21
32
16
22
17
19
16
25
15
29
24
19
13
25
22
17
20
23
17
26
17
23
31
20
12
24
25
20
23
16
15
17
20
20
30
20
18
21
19
19
19
11
20
15
20
25
19
10
23
10
15
20
23
30
26
15
15
18
19
17
16
16
15
16
22
19
21
12
23
25
19
13
15
15
20
24
28
26
17
17
22
12
16
16
24
16
24
23
20
19
12
14
19
18
25
11
22
26
19
30
9
10
19
16
17
16
20
17
17
20
15
14
13
29
15
18
17
15
16
19
14
17
14
19
17
22
13
20
20
19
22
18
17
12
12
12
14
19
19
14
17
12
11
17
13
23
16
15
14
11
16
14
7
21
15
19
19
16
18
15
18
18
12
17
16
13
18
9
10
11
19
11
14
9
11
16
15
13
13
14
16
11
9
14
10
13
17
20
18
12
9
7
15
14
11
9
18
11
11
19
16
10
11
14
13
10
8
14
13
20
17
12
11
15
9
13
8
11
9
16
12
6
14
17
10
15
15
12
14
8
12
8
9
14
11
15
12
7
9
13
15
18
10
12
11
13
6
13
12
13
14
11
9
10
14
15
7
11
10
13
8
9
13
11
7
7
11
14
11
6
8
12
13
12
7
5
12
11
10
15
11
12
15
10
16
10
9
6
11
12
17
16
12
8
5
12
4
8
6
10
9
7
10
9
6
6
11
11
11
7
8
8
7
9
9
8
11
8
5
9
11
12
6
5
14
8
8
10
9
8
14
8
9
13
7
6
10
7
9
9
9
5
7
5
6
9
9
12
11
10
11
6
7
9
5
9
7
6
12
8
9
9
6
9
5
9
7
10
12
12
10
11
5
12
7
9
7
12
6
9
12
3
6
6
5
14
4
4
9
3
6
6
5
5
8
8
5
3
8
8
4
4
7
8
5
2
10
5
3
6
3
7
11
1
5
6
10
9
6
5
5
7
6
6
8
9
8
10
9
5
5
4
8
8
7
4
6
10
10
8
9
4
2
8
8
6
7
8
3
5
8
5
10
3
7
9
7
5
6
4
8
6
1
5
10
6
3
6
4
7
7
6
5
4
5
5
3
6
7
9
5
4
6
3
4
1
3
4
7
5
1
1
11
5
1
7
3
3
4
8
9
5
8
1
7
5
4
5
6
4
4
7
5
3
5
3
5
3
5
3
7
4
7
3
4
6
4
9
5
9
7
5
5
6
1
7
6
6
5
4
5
1
5
4
10
3
6
1
9
6
8
3
4
3
1
1
4
5
6
4
4
3
4
3
7
8
5
2
7
3
5
5
3
3
4
5
1
6
5
1
5
6
3
5
3
3
3
6
4
5
2
0
2
7
6
3
2
3
0
5
1
6
3
7
6
4
2
2
1
4
3
11
9
1
3
2
3
6
4
2
7
1
6
2
0
5
5
3
3
5
3
3
2
5
5
3
4
3
1
2
3
2
8
5
6
3
10
3
2
2
1
1
3
1
2
3
3
4
4
5
5
3
5
2
4
4
1
5
3
2
2
3
2
2
4
4
4
3
4
1
3
2
2
2
5
2
2
5
2
3
5
2
4
3
4
5
3
0
2
0
3
1
0
1
4
5
0
3
1
4
2
3
1
2
0
2
5
2
3
4
7
0
0
3
3
2
6
4
2
4
3
1
4
4
3
1
1
2
1
3
2
2
1
2
2
3
0
4
3
3
1
4
1
4
1
3
2
2
1
0
1
1
1
1
4
2
2
4
3
3
3
3
1
3
2
3
2
2
0
5
1
3
1
1
1
3
2
2
3
0
3
0
1
2
0
3
5
2
1
2
1
4
5
3
4
1
0
4
2
0
1
3
2
2
2
3
3
1
4
1
1
1
1
0
1
3
1
1
3
1
2
3
0
1
1
1
2
1
1
0
1
1
1
5
1
0
2
3
1
2
2
1
3
0
1
1
3
3
4
1
2
0
1
6
0
2
2
1
1
0
2
2
3
0
2
1
3
1
3
0
2
1
1
1
2
0
1
2
1
2
3
1
1
1
2
1
0
3
4
0
1
0
2
2
1
2
1
1
3
4
0
1
3
0
2
1
3
4
0
2
1
0
1
0
0
0
3
3
2
0
0
3
3
1
1
1
0
3
1
0
0
3
1
2
1
0
1
1
2
0
2
1
1
2
1
1
1
0
2
1
1
0
1
3
0
1
0
0
3
2
1
3
1
0
1
0
3
1
1
1
1
2
1
2
0
2
0
0
2
1
2
0
1
3
0
1
0
2
1
0
0
2
1
0
1
1
1
1
2
2
0
0
0
0
0
3
0
3
2
1
3
0
2
1
1
0
0
2
2
1
0
0
1
1
1
1
1
0
0
3
0
0
1
1
0
1
2
0
1
0
0
0
0
2
1
0
0
1
1
1
0
1
0
0
1
1
1
1
0
1
3
0
1
1
2
1
0
0
2
0
0
0
0
1
1
1
0
0
1
1
2
1
1
2
1
3
0
0
1
1
1
1
1
0
1
2
0
1
0
3
0
1
1
2
0
2
0
1
0
0
0
0
2
2
1
0
0
1
0
1
1
0
2
0
0
1
2
2
0
0
1
0
1
0
0
0
0
2
0
0
0
0
1
2
0
1
2
0
1
0
1
0
3
0
0
1
0
2
1
0
0
1
1
2
0
1
0
1
0
0
0
1
1
0
1
0
0
0
0
0
0
1
1
0
0
1
0
1
0
1
2
1
0
1
0
0
0
1
2
1
0
1
0
1
0
1
2
0
0
0
0
0
0
0
0
0
1
2
0
1
0
1
0
2
0
0
2
0
0
0
0
0
0
1
0
0
1
0
0
1
0
0
1
0
0
0
0
0
1
1
0
0
1
0
0
1
0
0
0
0
3
1
1
0
1
0
0
1
0
0
0
0
0
1
1
0
0
1
1
0
0
1
1
0
1
0
1
0
0
0
0
1
2
1
0
0
0
0
0
1
0
0
2
0
0
0
0
1
0
1
0
0
0
1
0
1
0
0
1
1
0
0
0
0
1
0
0
2
1
0
1
0
1
0
0
1
0
1
0
0
1
0
0
1
0
0
1
0
1
0
0
1
0
0
1
0
1
0
0
0
0
1
0
0
0
0
0
0
2
0
0
0
0
0
1
0
0
0
0
0
0
0
0
0
1
0
0
0
0
1
0
1
1
0
1
0
1
0
0
1
0
0
1
0
2
0
0
0
0
0
0
0
0
0
0
0
0
0
0
0
0
0
0
0
0
0
0
0
0
0
0
3
0
0
1
0
0
0
0
0
0
0
0
0
0
0
1
0
0
0
1
0
1
0
0
0
0
1
1
1
0
0
0
0
1
0
0
1
0
1
0
0
1
0
0
0
0
0
1
0
0
0
1
0
0
0
0
0
1
0
0
0
0
0
0
1
1
1
0
0
0
