0
0
0
0
0
0
0
0
0
0
0
0
0
0
0
0
0
0
0
0
0
0
0
0
0
0
0
0
0
0
0
0
0
0
0
0
0
0
0
0
0
0
0
0
0
0
0
0
0
0
0
0
0
0
0
0
0
0
0
0
0
0
0
0
0
0
0
0
0
2
1
0
1
0
1
2
4
3
6
3
1
8
14
55
134
375
984
2332
4947
9879
16869
27670
40834
54545
65941
73069
73428
66671
54937
41015
27928
17332
9681
5031
2322
1033
419
139
55
18
8
6
3
0
2
1
1
2
0
0
0
0
0
0
0
0
1
0
0
1
0
6
69
71
63
46
54
55
57
70
55
62
58
55
62
64
63
64
52
52
44
55
53
47
49
49
59
42
45
54
48
53
49
50
47
41
49
55
45
41
51
40
57
39
47
47
42
42
49
46
38
50
35
37
58
53
43
54
43
51
46
44
42
68
55
43
75
43
53
63
73
56
75
83
89
107
122
112
99
117
107
95
80
79
74
56
67
60
65
54
54
48
55
49
59
39
62
43
54
54
60
56
50
52
68
76
77
68
58
102
111
99
87
85
103
144
123
149
120
132
157
170
167
180
198
249
285
425
666
1164
2008
3254
5055
7832
11152
15378
19915
24141
28024
30661
31950
31228
29204
26069
21959
17473
13562
9923
7186
5146
3558
2575
1786
1384
1000
722
523
375
277
216
216
240
293
329
400
470
469
595
547
530
491
437
370
256
210
152
115
103
82
56
51
54
39
30
44
31
15
21
14
18
15
12
7
10
7
6
11
9
14
11
15
9
14
6
4
8
8
12
11
10
9
7
12
11
14
6
4
6
7
14
8
5
16
7
11
8
12
9
19
13
13
15
26
17
27
31
29
30
19
18
23
19
19
14
16
25
12
16
22
22
11
17
20
22
18
21
25
16
12
18
22
28
15
25
17
21
14
16
8
11
9
14
6
10
8
4
11
3
7
5
4
12
7
6
8
5
4
7
6
6
6
10
5
2
6
8
6
4
10
7
12
8
9
10
11
10
20
19
15
24
27
21
23
34
35
28
26
22
23
19
9
13
12
13
17
12
7
8
6
8
3
14
10
7
6
10
13
15
16
8
14
8
9
3
5
7
7
5
5
12
5
5
5
5
7
3
8
6
6
9
4
6
7
8
4
9
8
9
10
11
10
4
7
4
7
10
6
7
6
6
7
4
7
4
2
10
4
5
9
5
5
7
11
6
8
7
5
4
6
5
7
8
8
8
2
2
6
6
7
8
5
5
9
8
13
8
5
4
6
5
6
7
10
10
5
12
3
5
8
8
10
6
7
5
6
4
4
4
5
4
6
1
12
9
5
10
7
2
5
3
7
5
12
13
9
6
6
8
9
6
10
4
5
8
8
10
10
9
7
5
10
1
8
6
8
10
10
9
11
4
7
10
5
16
8
7
5
5
11
13
7
5
11
6
8
8
5
9
8
16
13
10
15
10
9
12
12
10
14
8
13
5
15
11
14
11
15
10
6
9
8
6
14
18
19
13
9
6
15
16
8
12
16
15
21
15
15
20
14
15
12
21
17
9
16
12
12
14
10
18
20
18
14
20
12
9
16
14
16
13
29
14
16
14
20
26
14
18
18
21
10
17
14
15
19
13
17
14
14
25
19
16
25
21
18
22
15
24
18
15
21
18
25
14
20
16
16
26
23
14
17
26
23
18
26
32
22
16
24
13
31
27
28
19
28
17
26
26
22
31
31
32
31
25
26
16
31
26
21
32
36
25
32
34
36
30
28
36
25
34
29
33
28
35
33
42
26
32
38
29
38
40
32
30
32
40
46
48
37
53
51
48
43
50
51
54
60
38
30
40
43
42
46
51
47
51
43
61
47
55
52
45
47
53
57
49
53
77
57
57
63
51
66
68
68
57
51
56
64
71
77
75
69
64
96
77
60
95
81
79
88
104
87
83
94
88
98
88
86
95
82
89
84
79
80
76
60
83
103
66
82
69
80
62
74
72
69
88
81
73
59
79
64
86
85
70
91
64
76
84
73
66
85
75
66
68
78
66
88
75
69
65
76
70
73
73
72
68
80
80
91
57
66
69
73
73
71
58
69
68
76
65
71
75
72
63
79
85
62
69
72
91
63
73
83
56
74
69
77
66
75
75
74
62
83
73
59
74
68
72
66
65
79
66
71
56
70
70
82
59
59
94
76
62
74
69
88
79
68
70
82
72
72
64
73
74
70
67
91
68
68
76
70
73
73
74
68
68
64
63
86
86
84
69
87
68
79
66
85
77
79
77
89
89
73
75
76
89
103
97
102
111
124
154
173
202
227
290
298
401
447
470
582
613
696
867
914
933
1009
1061
985
1018
957
954
926
869
799
711
606
535
457
392
350
307
251
210
186
131
160
134
131
113
123
113
97
90
85
85
101
87
86
82
80
101
97
97
106
106
110
91
102
104
108
107
107
92
80
118
91
111
85
114
111
101
105
98
107
106
114
108
111
104
106
80
104
115
105
119
102
108
114
129
92
116
95
117
130
110
97
103
121
154
125
94
142
125
121
148
157
151
151
148
176
164
196
229
200
243
240
234
237
251
260
234
268
263
223
233
237
222
239
195
191
185
181
173
167
186
159
156
146
156
130
157
160
144
136
157
166
156
153
164
159
164
192
178
181
160
157
191
185
176
198
179
207
163
212
203
226
224
236
219
212
213
223
229
241
234
237
246
261
258
249
274
215
245
237
247
259
240
239
241
275
269
248
270
268
235
252
228
238
267
263
261
257
256
271
240
230
215
260
261
266
245
210
230
245
232
222
241
239
237
257
250
241
231
218
225
256
257
250
241
292
270
263
235
266
250
255
234
267
259
255
284
226
260
252
267
247
245
251
263
260
248
229
216
242
243
231
244
250
235
241
251
245
236
249
234
243
243
249
256
243
248
239
256
204
255
234
234
235
230
265
216
241
227
226
231
246
250
250
246
231
228
238
219
214
222
234
230
243
213
234
227
209
239
229
247
217
246
225
264
230
248
242
259
238
250
237
245
239
238
246
253
233
247
257
275
208
258
236
228
234
293
236
257
236
268
252
267
231
259
247
247
229
240
250
287
238
261
218
238
265
230
273
284
251
264
248
248
287
274
276
261
274
261
300
260
303
274
266
264
280
294
286
256
255
281
297
256
261
292
266
299
286
295
279
297
275
282
296
298
295
279
343
290
323
296
324
313
306
276
326
297
299
287
298
281
295
317
301
290
312
295
305
307
315
295
276
269
287
282
312
318
297
329
308
324
312
287
288
308
302
263
288
287
316
316
271
313
325
304
292
321
318
275
329
286
307
296
295
292
296
295
310
315
321
312
273
308
322
280
317
334
299
331
312
309
323
302
285
334
300
317
291
326
326
316
312
330
349
307
314
302
325
314
338
324
326
325
327
335
323
318
326
316
335
312
327
338
318
346
315
340
332
338
350
329
347
329
297
353
339
320
338
366
322
339
341
333
293
342
378
348
335
332
331
320
319
346
352
334
376
334
350
339
358
334
353
364
307
356
330
377
350
361
339
358
317
343
350
344
363
343
357
358
333
339
346
349
372
379
388
349
330
350
345
327
361
350
360
384
336
362
360
359
377
348
295
340
343
351
364
402
326
329
326
375
359
377
340
359
364
353
401
343
364
365
355
400
344
358
366
349
376
352
364
318
364
329
362
340
384
353
352
333
338
348
345
360
390
343
341
327
351
311
346
340
359
372
348
349
343
362
331
339
335
326
359
352
312
316
324
316
342
341
352
292
320
345
344
367
313
332
375
300
306
352
353
340
300
323
309
331
324
284
308
326
323
325
313
308
325
327
339
302
320
324
338
300
281
300
332
308
324
331
301
311
324
324
319
322
292
304
294
325
337
317
341
314
332
292
293
315
281
298
288
332
303
310
313
310
297
316
294
294
324
291
284
320
329
284
319
282
287
333
332
320
329
342
314
289
285
287
323
287
310
296
302
315
308
315
306
330
329
304
294
317
284
286
294
327
307
312
316
284
293
292
320
269
326
321
290
279
284
305
290
295
303
280
306
312
269
300
321
314
279
340
314
290
282
329
286
286
279
273
305
297
313
303
312
295
306
300
293
295
291
281
286
272
288
303
292
287
264
326
301
282
337
277
290
256
277
291
317
277
266
300
279
297
310
291
297
304
288
307
333
299
298
280
320
320
292
275
276
287
284
308
266
310
287
312
304
307
321
294
283
312
287
353
289
338
270
300
293
313
324
289
292
298
346
291
336
329
345
332
324
323
306
307
335
316
353
337
307
304
313
359
318
326
327
351
325
342
358
384
351
370
368
346
313
349
341
375
340
391
376
399
377
418
370
390
410
387
389
400
442
419
379
412
436
374
421
443
405
420
429
414
443
473
482
474
430
499
452
486
463
497
510
468
534
544
545
517
510
582
578
581
623
629
600
622
678
661
734
700
756
784
751
725
853
799
848
888
915
984
968
971
1033
1043
1125
1167
1201
1186
1207
1311
1309
1402
1336
1374
1406
1431
1506
1469
1558
1566
1561
1611
1626
1584
1625
1673
1735
1709
1634
1682
1724
1753
1673
1750
1560
1678
1645
1606
1631
1652
1587
1548
1530
1519
1494
1414
1383
1367
1315
1321
1218
1189
1215
1195
1081
1075
1088
1050
936
899
908
877
844
810
776
809
768
702
646
670
658
611
634
568
574
519
519
509
520
513
493
479
464
427
439
410
395
388
403
382
383
381
360
384
395
343
344
349
359
335
308
298
318
306
284
305
301
273
264
288
283
274
263
273
277
273
255
252
220
258
251
250
233
236
226
258
244
227
271
244
247
260
277
255
315
310
290
296
313
298
381
308
389
399
377
382
384
423
490
478
455
465
430
490
477
522
486
477
512
466
482
472
499
470
472
375
438
392
382
356
396
351
318
282
275
264
241
248
226
184
199
189
191
173
207
188
189
172
166
158
186
173
169
178
167
167
192
186
173
154
178
170
198
192
171
198
196
187
183
164
186
181
218
196
195
210
200
203
228
224
240
228
202
209
215
230
212
216
230
245
214
229
270
240
241
232
233
247
264
261
285
277
268
303
294
289
290
285
288
286
305
290
263
259
283
281
284
261
285
273
267
301
244
260
280
263
276
246
231
215
245
237
240
220
206
237
229
207
230
188
224
197
200
190
198
208
191
164
171
167
150
179
177
164
138
176
145
168
132
154
158
145
159
119
123
124
129
131
146
115
117
126
119
124
126
95
100
116
107
99
114
95
105
104
86
100
89
100
97
99
92
95
87
91
82
76
93
89
101
85
82
79
70
74
81
80
70
59
80
72
76
75
70
81
68
71
69
70
64
66
62
73
67
65
64
63
52
71
53
62
71
74
73
70
57
40
66
76
68
64
54
52
54
44
44
59
51
50
70
62
66
63
53
63
58
66
55
67
71
75
60
79
68
77
83
70
92
82
84
82
78
67
74
83
62
83
74
84
80
65
73
63
68
68
59
62
57
64
60
54
47
60
54
45
51
36
39
38
49
48
47
49
43
41
53
40
54
52
47
38
54
50
26
50
37
49
52
45
48
43
38
35
41
47
49
48
52
37
34
51
30
39
35
38
52
42
39
30
35
34
40
47
40
42
31
30
46
35
26
41
38
42
34
38
32
42
41
40
43
38
43
44
32
26
31
35
19
39
27
26
37
36
35
39
29
35
27
32
39
35
32
33
30
29
23
29
33
37
44
31
44
34
24
26
26
32
27
26
33
29
54
25
38
38
30
33
15
43
39
36
41
35
39
32
25
25
41
25
33
30
21
35
37
27
26
34
27
31
34
29
31
28
22
30
23
30
27
40
28
23
29
30
23
27
29
29
29
24
29
28
30
22
20
31
26
34
22
27
26
27
33
26
25
26
17
20
24
31
28
33
26
30
29
29
25
21
22
22
26
33
30
34
20
25
30
25
26
28
21
29
21
25
32
28
26
26
21
24
20
30
31
24
17
21
18
21
23
20
25
28
17
16
18
21
31
22
24
21
19
21
25
16
26
27
24
28
32
21
16
16
19
20
20
12
16
19
22
20
27
20
24
24
28
22
23
18
17
16
24
23
23
18
29
19
26
23
19
20
22
16
21
19
17
20
26
18
19
13
23
16
16
23
19
22
14
23
18
15
14
20
15
26
23
15
20
16
16
17
18
18
22
17
23
12
14
17
23
13
11
27
11
19
20
19
18
16
20
17
21
21
19
19
12
19
19
22
12
14
9
23
22
18
9
13
18
22
21
12
20
13
14
20
13
22
23
14
14
15
18
16
14
20
17
13
15
19
21
15
20
15
18
13
20
11
10
14
16
13
8
17
14
18
12
20
18
13
19
19
13
12
14
11
13
18
16
15
14
16
9
12
13
17
10
12
10
10
17
16
15
15
21
9
13
16
10
21
15
16
13
14
16
10
13
14
17
13
11
13
17
7
6
10
14
10
7
15
16
11
13
16
9
17
11
16
13
12
17
9
8
15
6
15
14
6
17
9
9
15
13
15
7
10
12
10
14
13
14
4
16
20
3
13
15
14
13
10
12
10
13
7
6
16
16
8
11
9
9
6
10
11
12
10
7
14
16
15
13
7
12
9
12
10
8
12
7
14
5
7
7
9
8
7
4
8
15
11
8
13
14
6
13
10
8
6
15
12
10
5
7
6
3
5
10
9
7
8
8
14
11
11
8
11
10
5
8
1
13
9
12
15
9
8
10
10
7
8
7
10
7
10
9
5
3
8
7
8
15
11
11
6
2
6
10
9
16
7
10
6
14
14
8
10
9
2
5
11
9
7
8
6
8
4
10
11
6
7
8
8
13
10
10
12
6
10
7
11
7
6
12
7
6
7
7
5
9
1
11
12
3
7
3
6
8
10
8
11
10
4
9
9
8
6
5
9
4
4
10
9
13
7
9
8
12
10
5
10
5
4
7
9
4
5
11
7
10
3
9
3
5
6
7
4
9
9
5
6
5
4
3
6
5
12
2
5
3
6
8
7
5
6
1
9
5
8
8
3
6
3
11
4
5
5
2
2
4
6
7
6
1
6
10
6
5
9
7
8
6
6
4
7
1
4
8
4
10
6
10
4
11
6
5
5
8
4
9
6
7
5
7
3
6
7
5
2
6
8
4
7
6
5
5
3
3
0
2
8
2
7
5
6
5
4
5
2
1
7
5
7
4
5
0
7
2
5
5
2
6
4
5
7
5
4
3
3
3
7
5
5
5
4
3
2
6
5
2
0
6
5
4
3
8
2
3
5
3
2
2
2
2
5
3
2
1
4
4
3
6
3
5
4
6
2
5
2
2
7
4
1
4
0
4
5
3
3
2
4
6
1
3
3
2
3
0
2
5
3
6
1
4
7
3
6
4
2
1
1
2
4
4
9
6
4
4
2
5
2
3
1
2
5
3
6
7
5
4
4
4
3
3
4
1
6
1
3
2
3
1
1
3
3
7
0
3
3
0
2
3
3
6
1
5
1
5
4
7
4
1
3
4
3
1
5
1
2
6
4
4
2
2
3
3
6
2
3
2
2
4
4
6
4
3
7
2
5
4
2
3
4
2
1
6
2
2
9
5
3
5
1
5
2
3
3
4
0
2
7
1
2
2
2
1
2
5
2
2
3
1
2
3
2
1
6
5
4
4
2
2
0
1
3
1
4
0
1
3
2
4
5
7
4
3
2
2
3
1
3
2
0
3
4
2
2
3
2
3
1
2
1
5
2
1
2
1
1
1
3
2
0
4
3
3
5
0
0
5
2
0
1
5
4
0
0
1
3
2
0
2
1
2
3
4
2
3
2
2
2
0
1
2
2
7
3
2
3
2
5
2
2
2
3
5
1
3
2
1
1
3
3
0
0
4
2
4
0
2
1
2
2
0
0
1
2
0
0
1
1
4
3
1
1
2
2
4
1
3
5
1
1
2
3
1
1
2
2
0
2
4
1
0
0
0
1
1
0
3
3
0
1
4
2
2
1
1
1
0
3
1
1
0
0
0
2
1
0
0
3
0
0
2
5
1
2
0
0
2
1
0
1
0
1
2
1
4
1
2
1
0
1
0
0
3
1
4
0
4
4
1
0
0
2
0
1
2
0
1
1
1
1
1
2
1
2
0
0
1
3
2
1
0
3
0
1
0
2
0
1
2
4
2
0
1
0
0
2
0
1
0
3
0
0
4
1
1
0
2
1
3
2
0
1
1
1
2
0
1
0
0
2
0
0
0
2
5
2
0
0
0
0
0
3
0
0
2
2
1
3
2
0
2
2
0
0
0
0
2
0
0
1
0
0
1
2
1
1
1
0
1
1
1
0
1
0
0
2
1
0
0
1
1
1
1
0
1
2
0
0
0
1
1
0
2
0
1
1
0
2
1
0
1
0
1
3
2
1
1
1
2
1
4
0
1
0
0
2
0
3
0
2
1
0
0
0
0
1
0
1
0
1
1
0
1
0
2
0
1
0
1
0
0
0
1
1
2
1
0
0
1
2
1
2
0
0
2
1
1
0
0
0
0
1
2
1
3
0
0
0
0
1
1
1
0
1
1
0
0
1
0
0
0
0
2
0
0
0
0
1
0
0
1
1
1
2
1
1
1
1
0
2
0
3
0
1
0
3
1
1
1
1
1
0
2
0
0
1
0
2
1
0
0
0
1
1
0
0
0
2
1
1
1
1
1
0
1
0
0
1
0
0
1
0
0
0
0
1
0
0
1
0
0
0
0
3
0
1
1
1
0
0
2
0
1
1
0
0
1
0
1
0
0
0
0
2
0
0
1
0
2
0
1
1
0
1
0
2
0
0
0
1
0
0
0
1
1
0
1
1
0
0
0
1
0
2
0
0
1
1
0
0
0
0
0
0
2
0
0
0
0
0
0
2
0
1
1
0
0
1
1
1
2
1
0
0
0
1
0
0
0
0
3
0
0
0
1
0
0
0
0
0
0
0
0
0
0
0
1
0
0
0
0
2
0
0
0
0
1
0
1
0
0
0
1
0
0
0
0
0
1
0
0
0
0
0
0
0
1
0
1
0
0
0
0
0
1
0
0
0
0
0
1
1
0
1
1
0
1
0
0
0
1
1
0
2
0
0
0
0
0
0
0
1
0
0
1
1
0
0
0
1
1
0
0
0
1
0
0
0
0
1
1
0
1
0
0
0
0
0
0
0
0
0
1
0
0
0
1
0
0
0
1
1
0
1
1
1
1
0
0
0
0
1
0
1
0
2
0
0
0
0
0
1
0
0
1
0
0
0
0
0
1
1
0
0
0
0
0
1
0
0
1
0
0
0
1
0
1
1
0
0
0
0
0
0
0
1
0
0
0
0
0
2
0
0
0
0
0
0
1
0
0
0
