0
0
0
0
0
0
0
0
0
0
0
0
0
0
0
0
0
0
0
0
0
0
0
0
0
0
0
0
0
0
0
0
0
0
0
0
0
0
0
0
0
0
0
0
0
0
0
0
0
0
0
0
0
0
0
0
0
0
0
0
0
0
0
0
0
0
0
0
0
1
0
0
4
0
2
1
2
4
1
4
4
6
14
34
125
347
901
2304
4933
9647
17258
27667
40783
54629
66238
72828
72789
66389
54870
41152
28248
17689
9793
5039
2380
971
382
146
55
16
4
5
2
3
6
1
3
2
1
1
0
2
0
0
0
0
0
0
0
0
0
7
47
48
48
45
54
41
42
43
37
52
52
44
43
70
57
43
44
55
52
39
46
46
40
52
34
39
47
59
46
37
48
33
46
46
46
40
46
51
59
35
44
49
37
44
43
39
35
28
36
42
38
39
43
46
42
30
36
56
30
46
56
42
47
37
45
42
54
48
54
73
79
97
95
115
105
95
122
97
90
86
79
75
77
55
52
41
53
56
54
56
44
35
48
54
47
39
51
56
43
57
62
57
61
64
68
71
56
81
84
97
98
102
105
120
113
149
137
144
137
174
150
180
196
220
277
435
654
1128
1972
3210
5085
7918
11287
15426
19731
24261
27659
30676
31860
31777
29251
25952
21948
17702
13482
10036
7221
5138
3614
2625
1910
1399
1028
790
517
372
302
251
241
242
269
337
403
469
528
538
567
532
457
416
352
293
223
155
130
97
83
58
49
49
52
27
27
26
26
24
19
20
8
7
12
6
14
6
4
8
10
11
8
9
4
12
7
12
7
6
13
10
8
8
7
6
11
9
5
6
7
14
8
7
6
9
16
8
15
8
13
21
14
11
24
22
25
32
24
28
27
22
19
22
18
18
16
21
22
12
23
19
21
18
32
15
19
20
16
16
13
19
18
17
21
20
18
14
16
13
11
13
8
11
2
11
9
8
8
6
5
7
7
7
10
6
3
5
4
8
10
6
5
3
9
5
1
2
7
5
7
6
5
7
10
6
10
15
14
18
14
21
29
30
22
30
27
38
26
14
32
13
22
16
6
10
16
3
3
7
7
7
16
4
4
17
8
17
10
9
13
6
17
5
8
12
8
9
3
9
8
9
6
8
5
9
6
6
7
8
8
8
4
7
7
6
5
5
9
3
11
9
6
7
5
4
3
5
6
4
10
5
3
3
5
5
9
8
6
4
7
3
6
5
10
8
5
8
7
8
2
9
7
5
3
9
5
3
9
3
6
6
7
4
9
14
4
6
8
4
2
9
11
7
4
8
5
6
4
6
2
5
7
8
6
3
8
5
6
12
10
5
6
5
8
4
8
15
12
7
4
4
3
10
6
6
7
9
7
7
7
9
8
15
16
8
2
10
14
11
11
11
11
9
12
14
4
7
5
7
9
5
7
14
7
9
7
6
14
6
9
9
13
11
6
7
10
11
17
6
8
11
19
10
7
9
9
8
10
1
12
10
16
11
7
14
5
11
12
11
7
14
15
10
10
13
13
15
13
16
13
14
17
12
10
8
17
17
13
19
13
17
16
19
16
19
12
8
15
17
13
16
19
14
14
14
15
16
16
13
22
12
12
14
18
15
17
21
18
16
21
15
17
11
20
14
10
18
13
14
20
18
14
17
23
14
17
35
21
24
24
23
23
20
15
19
11
26
15
12
17
25
22
28
29
13
22
24
27
26
28
19
15
18
34
32
25
25
29
26
27
29
35
23
18
28
37
23
29
35
33
32
29
30
27
29
21
32
39
38
27
29
46
27
32
30
36
36
24
43
23
37
40
41
33
43
36
37
52
55
48
36
33
43
42
39
55
43
40
35
46
42
46
49
48
44
42
51
36
45
47
53
53
55
53
57
64
53
55
56
75
66
70
68
75
63
59
82
70
61
76
63
70
75
51
100
86
77
85
104
91
69
118
90
96
98
85
98
98
82
98
97
78
82
86
91
78
86
79
53
91
90
82
73
78
62
78
95
68
72
92
78
76
78
79
70
58
69
79
82
76
60
73
83
71
69
81
58
74
66
69
71
67
66
76
69
76
57
87
77
57
75
75
63
59
63
74
53
80
66
67
60
83
65
66
70
70
80
74
53
75
65
62
89
62
71
65
63
70
63
59
67
74
59
65
54
61
72
45
84
70
76
78
74
55
73
75
61
65
78
67
65
77
64
66
76
52
74
57
76
74
71
79
73
75
89
71
70
60
67
65
74
78
59
75
66
58
71
58
85
76
78
81
86
86
74
76
60
81
81
87
83
81
84
84
72
101
96
97
118
104
102
97
128
118
154
165
192
226
264
318
353
427
539
597
690
681
800
921
948
1005
1043
1026
983
947
1011
924
813
788
699
673
549
444
386
357
253
250
194
178
164
146
110
109
103
113
106
98
97
87
89
102
97
84
109
79
103
99
79
106
94
87
102
84
100
96
85
110
98
87
106
93
93
89
107
98
94
105
96
114
108
94
102
104
117
100
110
101
106
101
117
103
104
108
101
115
116
126
113
107
120
111
110
104
114
124
120
114
136
110
121
158
126
138
151
159
160
182
187
189
211
230
215
269
247
207
271
232
246
238
238
221
213
194
207
178
179
164
150
166
160
154
137
149
144
138
136
135
172
133
122
156
143
136
120
152
164
154
138
163
198
158
166
187
170
189
174
187
189
196
179
177
196
214
202
215
200
216
243
218
226
223
220
222
224
221
240
251
214
246
235
240
242
217
227
231
254
234
236
235
234
231
224
243
216
239
260
232
237
209
232
231
225
214
243
205
195
224
205
228
222
251
217
242
230
229
228
204
240
223
228
217
219
202
250
227
230
232
239
248
240
225
221
197
183
227
192
230
206
233
206
208
235
221
213
223
233
206
228
210
221
227
207
236
198
220
227
227
200
214
243
209
222
174
205
203
213
179
207
217
201
194
207
183
215
199
182
172
162
208
209
177
205
183
157
159
184
170
193
191
182
174
186
190
189
173
188
199
186
182
183
170
206
198
175
188
173
195
191
183
204
197
192
193
206
199
188
184
206
208
191
222
188
192
204
187
208
199
176
202
178
201
200
174
209
199
175
187
207
186
214
208
183
201
209
197
215
188
203
155
197
247
177
198
212
214
218
186
232
218
211
215
204
229
211
218
200
222
194
232
208
228
216
250
228
207
230
231
223
226
235
206
245
231
230
213
226
262
237
230
227
208
220
248
246
194
225
242
234
221
229
236
231
230
227
243
210
247
211
256
217
239
211
223
228
204
205
240
222
240
210
235
227
249
222
221
239
213
215
210
234
221
226
230
215
238
199
223
231
211
220
220
271
224
225
225
223
214
206
235
219
246
212
221
241
225
240
225
244
234
215
260
209
216
230
221
194
248
255
239
275
224
227
223
233
263
269
218
272
208
233
236
257
242
258
229
250
247
244
234
226
248
277
256
270
265
266
237
245
252
226
240
249
260
240
257
247
263
280
261
234
278
260
248
225
295
248
249
274
270
276
249
261
288
225
243
278
270
267
243
275
260
314
254
287
252
294
285
262
287
242
268
229
259
251
286
264
279
253
279
266
243
267
276
271
287
274
261
281
273
282
265
283
276
277
267
296
312
298
245
301
270
300
259
306
286
273
293
286
291
276
276
275
298
296
298
272
281
309
270
272
282
269
280
287
288
239
285
255
285
250
276
295
310
296
254
288
259
279
275
294
262
269
271
265
273
287
257
237
279
286
262
251
280
248
288
279
291
290
308
275
299
259
260
254
265
268
263
250
247
274
267
248
293
239
289
250
259
250
248
277
251
221
296
274
258
232
252
275
260
231
248
247
261
273
259
250
236
267
232
248
240
271
245
219
232
231
272
279
229
263
264
240
243
275
270
293
226
285
238
260
224
222
251
251
252
264
235
260
230
262
229
251
253
236
239
247
263
231
257
255
267
218
244
229
278
250
250
223
285
223
240
262
250
255
228
227
247
229
242
223
247
259
259
247
251
244
236
258
228
251
263
246
250
228
246
232
255
251
256
227
266
252
276
255
246
243
247
255
232
248
243
226
242
228
247
268
219
239
240
231
224
239
229
233
238
235
279
255
221
244
254
228
251
243
250
259
233
220
207
238
228
255
223
235
231
255
220
264
235
273
223
229
258
241
248
237
241
215
234
214
232
226
253
247
222
225
226
232
237
261
235
228
254
237
257
256
237
257
239
256
246
255
243
250
249
220
267
233
233
242
238
266
210
241
229
251
234
256
239
240
258
238
268
281
279
265
313
284
247
266
268
270
255
256
256
273
259
300
298
260
260
289
292
310
269
268
277
277
285
296
310
308
308
283
282
322
328
305
320
335
309
314
315
332
329
339
325
341
344
333
340
352
320
353
316
348
359
360
379
389
375
385
381
351
399
378
461
379
405
386
401
415
438
461
468
464
451
438
486
487
500
506
530
530
550
531
613
580
588
649
636
620
720
740
760
731
753
785
823
875
824
841
893
950
970
980
1015
1034
1013
1110
1090
1133
1159
1229
1237
1190
1285
1324
1299
1345
1364
1294
1346
1402
1394
1389
1467
1381
1437
1413
1412
1443
1360
1372
1328
1378
1359
1325
1343
1245
1244
1245
1204
1253
1220
1180
1139
1099
1061
1050
1071
1009
979
932
918
873
833
827
804
755
761
736
689
654
650
640
602
625
578
525
523
498
458
517
477
458
390
405
387
407
399
360
341
380
369
373
343
355
325
343
320
297
315
309
328
309
320
286
259
297
226
287
282
249
239
265
234
248
247
239
248
219
267
201
239
233
212
213
238
212
206
198
226
229
225
221
243
234
235
245
228
240
268
249
298
305
276
299
294
326
351
315
348
399
323
356
396
408
408
417
431
425
457
465
424
453
407
436
438
440
432
425
389
385
384
326
308
335
316
294
278
280
216
231
240
205
213
211
205
177
167
163
163
153
154
140
154
157
128
153
164
156
131
158
127
162
145
129
149
160
152
143
140
147
151
160
159
174
156
178
171
171
179
166
162
157
175
175
182
187
180
199
174
193
210
220
200
212
207
202
215
195
218
207
238
218
230
219
238
252
256
234
247
230
246
231
265
252
235
212
252
237
241
224
239
240
244
270
258
235
251
221
206
252
228
209
264
222
198
219
217
217
233
202
224
208
205
193
168
193
197
204
186
157
136
173
187
172
162
161
125
129
134
129
111
120
138
140
117
122
133
114
126
100
96
132
112
115
98
93
99
94
96
105
89
117
90
93
102
93
89
79
92
83
86
102
75
86
79
72
82
86
86
96
68
76
69
76
76
82
68
76
73
63
76
73
67
60
61
70
62
68
58
62
54
60
58
49
67
54
66
70
56
59
41
70
59
62
61
45
47
60
53
57
46
47
49
61
55
62
55
67
39
57
52
62
46
58
68
54
49
60
50
71
62
61
64
55
63
71
58
69
67
84
68
59
84
63
65
74
59
68
70
76
71
69
74
58
76
69
53
57
60
61
55
59
65
44
44
43
50
45
49
43
48
47
42
45
36
30
43
37
37
53
37
49
44
44
47
49
41
44
47
41
44
38
48
40
47
48
45
45
38
40
30
38
44
28
33
36
47
32
37
27
36
36
51
27
50
38
37
34
40
48
36
29
23
29
37
29
36
26
37
28
38
31
27
34
27
29
33
28
33
24
28
24
35
30
37
29
31
40
32
25
24
23
24
34
26
35
38
36
30
34
25
33
34
23
39
27
27
33
26
37
26
27
29
39
20
27
33
27
34
26
35
23
23
33
29
24
32
26
27
27
22
30
38
31
20
32
28
31
19
25
25
41
22
35
26
33
21
26
27
24
31
29
29
28
22
27
18
28
21
30
24
29
24
21
25
34
27
35
31
32
28
26
28
29
28
30
21
25
22
23
32
21
28
21
28
23
25
22
22
27
18
26
24
23
20
18
21
22
20
23
27
18
29
23
29
32
26
21
20
19
18
21
23
26
20
21
26
18
24
19
17
20
18
26
23
18
23
18
20
26
14
24
17
13
20
15
22
16
20
17
28
20
26
21
14
19
14
23
16
27
16
13
24
23
19
34
17
19
28
16
21
21
27
19
20
30
19
24
18
19
22
23
15
20
25
18
22
19
23
25
15
17
18
22
17
23
21
17
16
12
17
24
16
16
25
20
15
10
19
15
13
13
17
15
20
20
14
28
14
15
11
13
14
24
16
9
10
20
16
21
10
12
20
14
14
17
18
18
23
14
15
20
23
18
15
18
15
14
16
18
13
15
7
17
25
20
15
18
16
19
16
21
13
7
16
16
14
18
15
12
13
16
13
21
17
14
9
14
11
12
11
21
11
15
16
14
13
11
15
13
16
14
10
15
13
15
25
11
17
14
9
10
12
15
13
12
15
23
16
15
9
15
14
17
8
11
12
10
9
17
12
17
12
16
7
11
9
12
14
12
12
11
8
11
11
13
13
14
10
14
12
15
11
12
8
10
7
10
12
10
9
15
9
6
9
15
10
10
14
10
11
16
14
5
8
12
9
9
7
10
10
16
17
11
10
6
8
9
5
12
13
9
10
14
9
9
5
14
9
3
10
18
11
16
13
5
9
7
14
10
11
9
11
14
8
9
5
7
7
6
10
13
5
14
13
6
6
9
7
7
7
13
12
14
8
8
14
9
12
13
3
15
13
15
5
12
8
7
13
6
12
3
8
7
7
5
8
12
5
11
10
5
5
6
11
8
10
4
10
14
7
10
9
5
10
9
5
4
7
10
9
7
3
11
6
7
5
9
14
10
9
7
9
7
12
10
10
7
5
10
3
6
8
7
8
6
4
11
4
5
10
2
4
10
9
6
4
5
12
8
6
3
6
5
11
11
8
9
11
5
3
5
7
8
13
2
9
5
4
4
8
10
6
2
4
4
6
9
8
3
9
5
5
4
4
4
8
9
3
3
9
5
8
8
2
6
9
5
8
6
9
4
3
6
4
9
1
3
8
4
5
4
6
6
9
5
3
6
4
4
6
4
9
6
5
4
5
4
8
4
7
7
5
3
5
5
4
6
4
6
6
12
6
7
4
4
6
10
6
4
7
3
6
5
6
8
8
10
7
10
5
3
8
5
5
4
4
7
6
5
4
6
3
5
7
3
7
4
1
3
4
5
3
14
6
4
4
4
8
4
4
6
7
8
6
5
6
1
3
2
5
4
1
4
9
5
7
4
6
4
3
1
9
3
5
7
5
5
3
4
5
5
4
4
4
8
4
3
4
8
4
4
3
7
4
5
5
5
5
4
3
2
4
3
4
2
3
5
11
3
3
5
2
2
7
3
5
4
3
5
5
1
5
0
5
9
5
4
3
5
2
1
3
4
5
9
10
7
6
2
4
8
4
1
3
3
1
3
2
5
1
2
3
6
1
4
3
4
4
6
2
4
1
4
4
2
3
1
5
2
1
2
3
1
4
1
1
6
5
1
5
4
5
1
2
1
1
5
3
2
6
2
4
5
3
5
4
2
2
4
7
2
2
4
2
4
2
5
2
2
4
3
5
5
3
5
2
2
2
7
4
6
2
2
4
1
2
2
2
1
1
3
6
3
1
2
2
2
1
2
4
0
0
0
6
2
5
1
2
1
3
0
0
0
2
3
1
1
0
3
2
3
5
1
2
2
2
0
3
2
5
2
0
2
1
2
5
5
3
1
1
1
1
1
1
3
2
2
1
4
2
3
3
3
1
3
4
2
4
1
3
3
1
3
3
0
2
2
0
2
2
0
2
3
1
1
2
2
0
4
1
0
1
2
2
1
1
2
2
1
3
3
7
0
3
2
3
2
2
4
3
6
2
0
0
2
2
2
2
3
4
2
0
4
2
2
5
1
1
2
1
5
2
1
0
3
4
1
4
0
0
1
2
0
1
3
0
3
1
0
3
1
3
3
3
4
4
5
3
2
1
3
1
1
0
1
5
1
0
1
0
1
2
1
1
0
0
2
1
1
2
2
2
3
1
1
1
1
1
1
1
2
0
1
0
2
0
1
2
4
1
2
2
2
0
1
2
2
1
0
1
1
2
0
4
0
2
2
1
3
2
1
1
0
3
1
1
0
0
1
2
1
4
2
1
1
0
0
0
1
0
0
1
0
2
0
1
0
0
1
0
0
1
1
2
0
0
2
3
0
0
1
1
2
1
1
1
0
2
1
2
0
1
2
0
0
1
0
2
0
1
1
2
0
0
3
0
3
0
1
5
2
2
2
1
0
1
1
0
3
0
0
2
2
1
1
0
3
0
0
2
0
1
2
2
2
2
2
0
0
0
0
1
1
1
0
1
1
0
0
1
1
2
3
0
1
1
1
0
1
0
0
1
2
0
1
0
1
1
1
1
0
0
1
1
2
1
1
0
0
0
0
0
1
0
0
1
1
0
1
0
1
0
2
1
1
1
1
2
2
0
0
1
2
0
0
1
0
2
0
1
1
1
2
1
0
0
3
0
2
0
1
3
0
0
1
1
2
1
2
0
1
0
1
1
0
1
0
1
0
0
0
1
0
1
0
0
1
1
1
0
1
0
0
1
1
0
1
0
2
1
0
0
0
0
1
3
1
0
0
1
1
0
1
2
0
1
2
1
0
1
2
0
0
1
1
1
1
0
0
0
1
0
0
1
0
0
0
1
1
0
0
0
2
0
0
1
0
0
1
0
1
0
0
1
0
2
0
0
1
1
1
0
0
0
1
0
1
1
1
0
1
1
0
1
1
1
0
0
3
0
0
0
0
0
1
0
1
1
0
0
1
0
2
1
0
0
1
1
0
0
3
1
0
1
2
0
2
0
0
0
2
0
0
0
0
0
0
1
1
0
0
0
0
0
1
0
2
0
1
0
0
1
0
0
1
0
1
2
0
2
2
0
0
3
0
1
0
0
0
1
0
0
0
0
1
0
0
2
1
0
0
0
0
0
2
0
1
0
0
0
0
0
0
1
0
0
1
0
0
0
1
1
0
2
1
1
0
0
0
1
1
0
0
0
0
1
0
0
0
2
1
0
0
0
0
0
0
0
0
0
1
0
0
0
0
0
0
2
0
0
1
0
1
1
1
0
0
0
0
0
0
0
0
0
0
0
2
1
0
0
0
1
1
0
0
1
0
0
0
1
0
0
0
1
0
0
0
1
0
0
0
0
0
0
0
0
0
0
0
0
1
0
0
0
0
0
0
0
1
0
0
0
0
0
0
0
0
0
0
0
0
0
0
0
0
0
1
0
0
0
0
0
0
0
0
1
0
0
0
0
0
0
0
0
1
0
0
1
0
0
0
0
0
0
1
2
0
0
0
0
1
0
0
0
0
0
0
0
0
0
0
0
0
0
0
0
0
0
1
0
1
1
0
