0
0
0
0
0
0
0
0
0
0
0
0
0
0
0
0
0
0
0
0
0
0
0
0
0
0
0
0
0
0
0
0
0
0
0
0
0
0
0
0
0
0
0
0
0
0
0
0
0
0
0
0
0
0
0
0
0
0
0
0
0
0
0
0
0
0
0
1
0
0
0
1
3
2
3
0
0
3
1
3
2
9
16
41
137
352
905
2222
4997
9707
17182
27501
40766
54318
66141
72783
72894
66633
55010
41414
28393
17291
9935
5014
2326
1018
431
131
43
13
11
3
2
2
3
1
1
1
0
1
0
0
1
1
0
0
0
0
0
0
0
5
75
76
57
49
62
51
50
53
48
43
49
36
49
58
45
61
56
42
44
51
54
35
44
46
41
42
49
39
47
39
38
39
47
40
40
48
40
41
39
45
41
42
37
24
54
47
50
52
44
43
41
49
45
56
45
35
42
46
44
46
46
43
49
36
39
49
62
59
63
71
71
81
106
99
95
117
88
101
96
74
81
74
60
63
67
49
45
38
58
44
59
41
60
57
53
48
60
55
61
47
59
62
51
73
66
76
90
68
96
101
119
109
105
120
148
139
142
152
156
176
160
187
190
239
291
428
733
1214
2071
3371
5195
7906
11454
15571
19796
24472
28433
31190
32247
32148
29754
26454
22123
17836
13887
10114
7404
5222
3594
2666
1931
1340
1080
726
519
408
298
239
219
272
313
380
391
495
504
568
516
518
477
408
331
323
200
152
124
86
63
78
58
40
40
31
44
26
18
16
21
13
15
13
12
13
11
8
7
15
7
7
12
9
12
13
9
7
8
5
13
10
6
10
9
12
11
7
8
9
5
9
13
13
8
7
10
9
12
20
14
15
19
20
28
23
30
23
33
25
21
17
10
18
16
13
19
19
26
24
13
20
19
21
23
18
18
25
21
22
20
14
20
20
13
16
16
13
14
15
13
9
10
6
9
7
10
8
10
8
4
10
7
2
3
9
7
10
8
10
4
4
11
8
6
10
10
9
7
4
2
9
7
4
18
12
12
15
21
11
21
24
21
18
34
34
30
32
22
16
21
20
17
15
18
10
14
13
10
10
10
13
12
12
9
11
9
13
11
11
10
6
9
7
11
17
10
1
8
8
4
5
3
9
6
3
10
5
5
6
2
8
5
4
4
7
5
8
4
5
3
5
7
7
9
5
5
7
5
3
2
4
5
8
6
6
9
7
2
4
2
8
6
5
8
3
4
6
7
1
9
4
8
7
6
5
5
6
9
6
4
8
7
6
5
8
4
8
5
9
7
7
6
8
9
5
4
5
8
8
7
11
13
13
9
7
5
7
2
9
8
7
7
13
6
4
4
6
5
4
11
5
5
6
11
11
12
8
8
12
6
7
8
12
5
4
7
5
6
9
11
16
8
7
7
10
12
7
8
7
10
12
11
9
5
8
4
15
9
9
14
15
5
16
7
9
13
9
8
10
3
14
14
11
10
15
13
7
4
12
15
13
9
6
14
13
11
7
20
14
8
11
14
10
20
11
11
16
16
10
12
17
12
14
18
8
19
11
18
22
13
12
9
15
17
17
12
19
17
11
16
18
11
17
28
26
12
19
19
24
17
13
14
12
18
15
25
15
17
22
21
20
15
12
17
19
21
12
13
14
24
21
23
21
12
17
19
16
22
22
15
23
18
26
18
27
24
19
23
14
29
22
23
18
21
23
20
27
21
30
21
26
23
31
24
24
27
33
29
25
36
33
23
27
27
33
26
32
18
30
32
32
29
35
35
37
30
33
33
37
21
31
32
33
32
25
45
33
29
24
25
41
38
31
41
30
43
34
49
30
41
41
46
40
57
36
38
54
46
56
47
39
45
44
43
55
53
43
59
45
57
41
46
56
62
51
57
42
48
57
76
58
77
59
65
65
63
51
63
71
77
69
64
72
59
54
94
75
84
83
97
84
83
81
91
80
96
101
84
105
80
73
86
91
85
68
86
73
80
83
71
79
80
84
62
82
78
79
70
67
76
72
76
78
83
77
82
79
83
67
70
74
72
62
72
68
75
51
72
75
67
63
69
74
55
67
81
76
72
72
70
72
62
74
83
72
87
74
63
61
74
66
67
57
79
68
68
90
65
71
73
72
72
62
73
58
75
72
56
71
75
72
67
61
80
71
65
82
74
82
66
68
82
80
67
58
64
62
79
87
75
75
68
64
64
82
58
59
62
68
60
57
71
68
88
73
78
74
79
68
71
78
73
78
76
70
86
78
70
90
87
78
61
73
73
82
87
89
87
82
70
97
76
87
78
89
88
88
84
98
106
130
109
118
142
136
148
170
222
294
336
366
467
499
584
680
745
781
906
933
1033
995
1077
1126
1009
1019
879
835
747
658
592
530
448
403
383
297
235
221
179
152
152
143
141
96
117
87
96
108
109
86
101
95
89
90
90
97
95
89
74
93
106
99
101
95
92
102
94
100
101
87
94
96
89
95
109
108
95
101
93
114
103
107
105
113
83
107
98
110
90
85
122
105
114
98
116
134
104
109
117
120
126
104
108
125
127
132
137
131
154
142
136
159
163
176
165
183
200
189
206
213
254
209
234
235
249
231
238
237
237
200
202
212
189
231
172
179
180
149
145
164
150
144
151
153
149
186
149
150
140
139
120
128
129
159
156
177
171
169
156
188
158
165
160
160
196
185
175
175
165
183
217
233
191
253
184
219
214
238
220
240
216
214
237
245
264
250
225
254
219
250
257
257
221
239
241
236
233
250
230
261
223
255
223
222
214
242
232
238
203
246
257
247
250
228
268
205
210
220
220
221
238
220
216
238
204
218
234
228
221
218
241
224
254
225
227
237
234
235
240
226
251
232
218
231
239
235
221
256
231
219
227
217
247
206
199
206
238
237
210
227
223
251
189
204
232
227
221
193
192
217
214
212
201
211
237
215
222
221
185
208
195
198
215
170
187
219
205
202
203
178
201
217
222
200
193
185
170
181
188
209
185
226
184
200
224
215
194
213
209
213
190
219
222
196
182
197
189
195
215
212
188
192
175
179
201
211
220
207
203
203
225
194
204
178
188
219
202
219
221
205
202
194
192
207
207
200
194
216
210
223
202
217
200
220
206
209
209
226
183
208
194
204
220
199
229
207
213
233
225
224
214
206
230
187
215
221
257
219
195
223
230
197
225
205
223
233
239
242
244
239
222
222
277
239
224
237
259
248
238
216
247
251
268
264
224
264
253
249
231
263
237
244
212
248
239
241
221
250
226
230
226
265
270
239
211
239
239
270
233
250
229
255
244
231
242
231
233
248
262
198
239
245
242
217
224
239
216
228
250
223
243
235
233
237
237
260
249
225
235
243
261
246
248
234
271
253
237
243
242
252
262
252
232
245
245
236
249
277
260
256
274
254
246
274
255
274
251
243
256
255
259
252
272
276
239
264
235
230
229
248
269
285
253
251
256
246
300
273
271
264
256
248
247
290
270
265
303
286
267
281
292
251
275
288
252
247
277
295
257
256
279
252
288
251
266
256
245
277
291
290
262
278
281
284
253
278
311
269
295
261
317
255
291
284
271
310
254
277
275
304
272
256
292
295
290
274
293
271
291
290
278
286
314
300
299
290
277
326
291
278
305
302
298
299
311
315
277
309
311
294
289
293
295
308
324
299
293
314
332
304
288
314
314
278
282
304
290
284
288
298
306
285
262
276
289
297
333
301
279
296
281
320
280
259
285
311
334
284
290
281
302
291
292
303
299
259
269
283
286
321
287
279
281
283
277
293
257
288
299
280
283
290
264
287
266
275
300
276
263
305
280
270
283
271
294
237
254
298
263
293
273
274
265
279
253
269
273
289
264
289
303
286
284
258
262
284
254
241
273
276
247
240
247
252
266
266
244
245
253
242
255
250
253
282
275
268
243
246
239
267
275
262
226
235
290
277
277
266
280
248
243
275
289
294
272
268
258
260
270
241
273
282
268
257
250
273
261
241
245
241
256
255
276
229
244
246
243
231
248
278
273
264
254
268
288
242
251
270
278
267
231
236
267
270
251
266
283
241
283
223
230
244
259
252
271
257
229
255
261
286
272
235
248
243
219
239
249
261
252
224
270
268
261
255
249
272
230
247
258
278
275
235
264
244
237
227
231
218
248
267
251
289
258
233
258
243
222
243
256
272
242
271
251
259
243
236
250
286
260
232
248
237
268
256
258
231
280
247
249
283
265
241
246
264
282
260
252
243
251
286
256
282
260
242
270
287
264
262
280
263
258
265
282
252
289
299
292
270
280
274
273
290
313
300
288
288
278
276
294
253
269
301
313
308
284
334
295
286
302
288
351
301
314
287
308
313
313
342
295
340
357
339
321
367
377
326
346
356
348
337
352
403
348
390
377
406
378
362
360
407
396
368
389
425
404
402
405
410
451
427
459
469
478
508
461
494
538
479
548
515
528
586
586
581
593
586
646
680
694
665
742
685
751
780
751
790
835
852
876
965
929
950
986
983
1018
1096
1134
1078
1179
1183
1217
1188
1278
1297
1259
1281
1341
1413
1383
1420
1422
1489
1472
1498
1410
1437
1487
1485
1485
1448
1492
1494
1407
1459
1504
1441
1411
1402
1340
1321
1381
1324
1350
1280
1205
1207
1247
1125
1208
1064
1104
1056
999
1007
965
926
866
853
832
771
809
778
693
755
640
657
642
662
599
561
579
514
501
546
492
488
445
438
436
475
401
404
394
369
361
407
327
310
344
352
346
338
328
292
318
303
301
310
292
247
289
282
272
306
261
264
275
249
264
277
259
235
235
246
240
227
248
235
215
235
234
242
243
233
218
204
214
240
238
232
239
244
263
284
296
266
303
291
344
352
327
408
401
379
354
390
401
438
419
474
464
455
448
468
481
475
436
456
470
430
422
465
429
412
372
388
331
315
336
327
284
282
238
248
218
222
197
194
191
184
193
180
163
158
162
189
149
176
149
149
170
176
150
154
175
132
156
179
168
156
158
161
137
166
168
154
186
171
151
174
208
174
179
171
195
175
179
189
199
200
202
207
227
199
210
206
197
240
212
233
220
217
209
252
240
253
227
257
254
252
275
236
258
261
229
265
274
257
269
245
282
242
263
251
265
238
224
232
259
277
251
245
257
241
226
223
215
228
227
218
216
241
225
225
216
217
183
168
164
164
187
187
207
163
183
178
168
150
141
182
161
154
141
131
154
126
150
126
140
142
131
110
115
123
112
110
105
115
90
99
115
99
101
103
95
88
102
115
88
96
99
101
91
96
86
71
78
89
101
78
85
80
63
84
65
81
85
80
77
67
80
66
66
72
83
64
75
65
73
46
67
58
65
55
72
73
62
63
52
60
59
75
63
61
58
61
68
57
61
54
65
56
53
70
66
56
46
55
41
59
49
57
60
60
57
58
59
64
59
46
53
58
60
70
66
68
58
68
76
51
70
72
85
70
68
64
75
83
90
68
90
77
80
76
66
76
76
56
68
57
64
58
64
58
50
58
49
41
39
56
44
52
57
62
40
50
28
54
40
49
43
44
39
53
45
35
31
49
36
47
48
50
48
36
45
48
31
43
34
48
41
29
27
40
43
38
44
33
55
34
40
26
37
28
35
40
47
41
31
34
34
33
32
39
42
41
45
34
36
37
35
39
38
32
37
32
31
35
46
32
30
34
29
31
34
34
30
38
31
39
38
22
28
42
31
30
42
36
31
32
32
27
37
34
21
28
32
34
36
23
31
31
35
20
15
37
31
29
35
29
31
21
25
26
26
29
26
28
31
27
28
23
25
25
25
29
29
32
24
25
39
21
37
35
34
23
29
26
29
33
22
23
25
31
21
24
36
29
20
29
25
32
20
20
27
35
22
22
30
31
25
28
38
32
34
22
23
22
29
23
19
26
17
33
28
24
25
28
17
35
35
28
23
25
19
26
15
25
36
25
20
28
30
22
18
27
23
25
22
26
23
25
39
27
21
20
20
32
26
21
22
22
19
19
24
18
26
21
25
17
22
23
20
20
20
23
16
34
24
23
22
11
21
24
20
12
28
21
12
15
21
18
22
20
29
18
20
17
20
22
18
38
13
20
17
10
19
19
22
21
17
14
17
20
12
17
18
22
13
17
21
14
21
11
16
15
14
16
19
20
20
20
23
17
18
12
15
17
11
14
19
20
15
19
17
15
18
14
19
21
20
23
20
14
21
27
19
11
14
18
17
21
18
17
25
13
15
17
24
15
27
13
17
20
21
17
18
8
17
13
18
18
16
8
20
22
26
19
10
13
15
15
16
13
16
14
14
18
13
19
22
17
20
11
18
11
14
14
17
16
19
13
11
22
14
14
15
15
14
12
19
16
11
14
11
19
10
18
19
8
12
14
17
14
7
9
15
10
20
12
13
12
12
10
13
15
15
19
15
21
10
16
12
8
17
10
21
11
15
17
14
15
12
10
13
10
17
12
12
10
10
16
13
13
11
13
7
14
7
7
8
7
11
9
8
17
18
12
15
17
10
13
14
17
13
12
18
11
7
10
12
7
11
14
11
10
15
13
11
10
16
15
6
14
10
11
8
17
22
13
13
15
13
8
11
13
15
12
14
14
18
8
15
8
18
10
7
12
11
11
11
11
12
10
12
5
7
11
9
11
12
15
5
17
11
11
6
13
12
8
7
8
13
11
8
10
6
8
10
8
10
10
9
5
12
9
7
12
10
12
11
10
11
9
10
10
13
5
10
14
8
7
13
16
5
13
14
11
8
7
6
4
6
8
6
11
9
10
8
6
12
4
9
4
6
7
10
7
9
8
10
11
8
4
6
9
8
6
6
10
6
9
10
8
5
11
7
7
9
10
5
6
13
6
8
8
9
6
9
7
3
5
9
6
7
13
5
7
10
6
6
8
2
8
8
7
7
7
6
7
5
8
9
7
5
8
9
8
6
5
10
9
5
5
2
5
6
5
8
6
8
14
3
2
10
8
6
5
5
5
5
3
8
9
5
8
6
10
6
3
3
7
8
5
5
5
8
3
4
4
4
1
6
3
2
4
10
4
4
4
6
6
4
9
4
6
1
4
10
4
3
4
4
8
8
4
9
7
10
5
4
6
4
4
1
2
0
2
11
5
5
2
5
4
5
6
8
4
6
9
3
4
5
7
6
5
1
6
8
7
7
1
5
4
4
3
6
3
3
5
3
2
4
4
6
5
8
4
6
6
6
7
3
5
10
3
2
4
4
7
5
8
4
0
8
7
4
3
5
2
2
5
3
9
5
6
5
3
5
4
7
3
4
2
4
1
6
4
1
10
1
2
1
3
2
3
4
4
3
2
2
4
4
5
4
3
6
4
3
3
2
4
4
7
2
6
4
3
3
3
5
3
6
8
3
7
3
3
2
4
2
1
4
5
2
3
1
5
3
0
3
2
4
1
4
1
6
4
5
4
4
1
3
6
5
3
3
7
4
2
0
6
3
2
8
3
9
4
4
3
4
2
2
0
4
4
3
3
2
3
3
5
4
2
1
1
3
5
3
1
2
5
3
5
5
1
2
0
3
2
6
5
0
1
3
2
4
4
2
2
1
3
2
1
3
3
5
1
4
2
3
3
2
2
4
1
2
1
1
6
2
1
1
3
3
1
3
1
0
4
1
5
1
4
2
3
1
4
1
1
3
1
1
2
2
1
4
0
0
0
1
2
3
6
1
5
4
1
0
5
2
3
2
3
0
3
3
3
3
3
1
2
5
1
5
0
2
2
3
1
1
0
1
0
2
3
1
3
4
2
1
2
4
1
2
1
2
3
3
2
0
2
0
1
5
3
0
1
1
5
2
4
0
3
1
2
1
2
1
0
0
2
1
2
3
1
3
2
0
2
1
0
0
0
3
0
2
2
1
3
1
2
3
2
5
3
0
1
2
2
2
3
1
2
4
2
2
0
3
4
1
2
0
2
1
5
0
1
1
2
1
1
2
2
2
0
1
1
1
2
4
3
0
2
0
3
2
2
3
1
3
4
5
0
0
1
0
0
4
5
1
0
0
2
1
2
2
3
0
0
3
1
2
2
2
1
2
2
1
2
2
0
1
3
3
2
1
1
1
0
3
1
0
0
0
1
4
0
0
3
1
0
2
0
1
3
2
1
2
2
0
1
0
1
1
0
0
0
1
1
4
1
2
0
2
0
1
0
2
0
0
1
0
0
0
4
1
0
1
1
1
0
3
0
0
0
0
0
1
1
2
2
1
1
2
3
2
1
1
0
4
0
2
1
0
1
0
1
1
0
1
3
1
1
1
2
2
0
4
3
2
3
0
2
0
2
1
0
0
0
0
1
0
2
1
0
0
2
2
1
2
1
1
1
1
0
1
1
1
1
1
1
1
2
1
2
0
0
0
0
1
0
2
1
2
0
3
0
0
1
1
1
0
1
1
0
0
0
0
0
3
2
1
0
0
3
1
1
0
0
2
1
1
1
0
1
1
2
1
0
0
1
1
0
3
0
0
1
0
0
0
1
0
1
0
1
1
0
2
1
0
1
0
1
1
0
1
0
0
0
0
0
1
0
1
1
0
0
0
0
1
2
0
1
0
1
0
0
0
1
0
0
0
1
0
1
1
1
0
0
0
0
0
0
1
2
0
0
0
1
0
0
0
0
1
2
0
0
1
0
0
1
0
0
1
1
1
2
0
1
0
0
1
1
0
0
0
0
0
1
1
0
0
2
0
3
0
1
0
2
0
1
0
2
1
2
1
0
0
0
0
0
0
0
0
0
0
0
1
0
0
1
0
0
1
0
0
0
0
2
1
1
1
1
0
2
0
1
0
1
1
0
0
2
2
0
1
0
1
1
0
1
1
1
0
1
1
0
0
1
1
0
0
0
0
1
2
0
0
2
1
2
0
0
0
0
0
0
0
0
0
0
0
1
0
1
1
2
1
0
1
5
0
0
1
0
0
1
1
0
0
0
1
1
1
2
2
3
0
1
0
1
0
0
2
0
0
0
0
0
1
1
0
0
1
1
1
0
0
0
1
0
0
0
0
0
1
2
0
0
0
0
0
0
0
0
1
0
0
0
0
2
1
0
1
1
0
0
0
0
0
1
0
0
2
0
1
0
0
1
1
0
0
0
0
0
0
1
0
0
0
1
0
0
0
0
0
0
0
0
0
0
1
0
0
0
0
2
0
1
0
0
0
0
0
0
0
1
1
0
0
0
0
0
0
0
1
0
1
0
0
1
0
0
1
1
0
0
0
0
0
0
0
0
0
0
0
0
0
0
0
2
1
0
0
0
0
0
1
0
1
0
1
0
1
1
0
0
0
0
0
0
1
0
1
0
0
0
0
2
0
2
0
0
0
1
0
0
0
1
0
0
0
0
0
0
0
0
