0
0
0
0
0
0
0
0
0
0
0
0
0
0
0
0
0
0
0
0
0
0
0
0
0
0
0
0
0
0
0
0
0
0
0
0
0
0
0
0
0
0
0
0
0
0
0
0
0
0
0
0
0
0
0
0
0
0
0
0
0
0
0
0
0
0
0
1
1
3
1
0
3
3
3
2
5
3
4
3
4
8
10
55
120
319
928
2245
4817
9392
17049
27675
40521
54044
66338
73225
73444
66558
55201
41696
28303
17279
9799
5067
2263
974
383
138
37
13
5
6
2
3
2
1
1
1
1
0
1
0
2
2
0
2
0
2
1
0
0
8
62
56
55
37
71
57
69
73
62
70
42
45
62
46
52
65
59
69
56
65
61
47
69
50
47
52
55
37
59
50
47
53
50
57
48
46
47
46
38
31
41
53
40
47
44
63
46
53
60
47
46
51
51
46
38
59
43
49
43
56
55
59
48
54
44
55
51
64
60
48
70
83
98
99
113
119
113
86
103
75
82
71
71
76
52
62
44
47
56
58
46
45
57
53
63
42
38
56
43
63
64
70
77
82
63
85
69
93
96
79
96
124
123
130
135
131
135
163
187
209
204
238
255
314
432
563
909
1356
2165
3557
5393
8065
11738
15764
20479
25038
29011
31799
33197
32543
30251
27266
22816
17801
14209
10440
7565
5429
3895
2722
1878
1376
1085
816
554
463
311
302
239
264
284
342
438
444
507
578
535
519
526
409
314
265
198
148
122
76
85
67
53
51
43
28
41
25
43
31
30
23
15
15
17
14
13
15
7
5
5
11
11
13
10
4
14
10
4
8
8
7
9
2
8
14
17
4
7
5
10
5
12
9
12
10
9
14
10
12
15
17
35
27
21
28
30
32
26
25
36
24
26
26
21
17
9
21
20
18
26
23
19
18
28
30
18
28
8
19
19
22
21
25
19
20
17
10
19
13
9
12
9
3
10
7
9
10
7
10
11
12
7
7
13
5
9
4
8
8
6
4
2
8
8
8
3
5
10
9
4
2
5
3
14
9
8
12
10
16
14
25
19
28
23
28
17
40
25
25
16
21
12
22
22
12
10
5
10
6
12
6
16
5
12
12
10
16
7
11
16
7
9
15
7
11
12
7
8
6
5
5
9
6
7
10
3
7
5
4
9
8
3
9
5
4
7
5
6
7
12
9
3
4
7
6
7
4
4
5
6
4
8
9
7
12
3
8
8
8
10
5
4
4
3
5
5
5
3
2
6
5
2
4
4
8
4
5
9
6
11
8
10
4
10
5
14
2
4
8
5
4
11
6
6
13
9
8
5
8
13
10
10
5
6
8
9
7
9
4
4
7
12
12
10
10
9
10
4
8
4
8
7
9
4
11
5
4
9
11
11
7
2
11
7
10
5
12
10
14
10
7
6
7
13
8
8
14
8
8
8
10
7
7
6
9
10
12
11
11
7
7
6
15
12
13
9
7
6
11
13
10
11
14
11
4
11
10
21
13
13
12
14
15
9
13
9
9
17
15
14
11
12
14
13
19
15
18
16
16
12
20
15
8
17
21
16
17
23
12
14
18
5
22
11
19
15
12
21
26
13
19
14
18
15
17
11
17
20
13
14
16
10
16
19
20
18
24
23
16
24
19
17
19
19
16
14
21
25
16
12
23
20
20
24
24
22
16
25
19
20
24
19
18
18
25
16
15
34
20
11
20
31
21
26
14
19
26
24
18
36
24
29
24
25
34
31
25
26
27
29
28
27
35
28
26
30
36
29
30
20
37
23
22
37
32
34
34
29
39
38
24
51
37
34
40
39
34
42
28
33
30
50
37
47
30
32
44
48
40
30
45
42
40
28
42
53
53
60
49
46
40
53
59
47
46
52
48
40
60
51
68
51
52
55
74
56
58
67
72
61
62
58
58
59
68
63
76
68
61
71
74
75
74
76
66
84
58
74
91
75
86
89
86
99
97
101
84
76
77
87
106
104
84
71
79
76
77
57
78
72
84
80
61
84
81
60
77
87
72
81
68
82
66
83
80
65
77
60
75
71
68
83
75
88
81
77
71
77
60
69
70
80
74
74
51
74
76
71
72
62
60
64
65
57
60
82
67
71
73
78
61
71
59
60
73
70
78
76
75
76
64
84
70
69
61
68
65
73
72
77
78
67
69
77
75
74
73
77
60
57
72
76
79
69
63
76
62
70
78
81
66
72
68
65
71
65
63
67
74
79
68
61
74
75
67
86
66
67
73
70
69
76
78
70
73
68
70
79
83
77
63
64
103
85
89
91
60
93
76
94
74
104
75
97
80
95
85
94
94
89
113
118
124
112
116
170
202
237
259
302
379
441
529
607
689
728
820
900
946
1043
1022
1023
1017
990
1034
944
852
810
692
633
579
497
368
368
300
258
201
195
154
148
149
116
122
108
99
110
83
85
102
85
84
116
105
85
75
94
95
94
90
97
98
100
100
89
95
79
103
96
107
106
76
111
115
102
97
107
102
116
110
95
88
99
89
116
115
115
131
103
112
125
105
121
95
104
123
94
114
117
121
143
110
117
107
121
124
118
137
134
131
128
141
157
151
150
178
208
223
196
240
245
245
257
233
243
252
275
280
241
250
256
231
213
197
206
191
171
173
166
140
174
171
147
142
157
154
163
157
160
156
165
161
164
153
165
175
187
178
184
171
170
163
174
191
173
181
183
163
200
203
182
200
204
183
204
186
230
211
208
201
216
219
213
210
222
242
221
240
242
257
237
238
229
248
241
212
243
233
235
236
234
252
235
247
234
226
238
246
244
237
235
243
248
236
254
284
265
278
269
249
268
261
286
247
261
262
247
279
268
283
303
309
288
281
313
227
257
285
293
305
260
264
256
285
271
272
294
325
315
270
258
296
272
294
290
292
249
291
282
292
274
282
268
245
292
254
265
293
269
261
240
281
249
244
228
261
227
225
250
267
265
280
249
257
253
265
249
257
252
261
261
233
253
264
243
240
242
243
214
219
217
239
219
269
216
264
264
198
220
243
259
227
250
213
247
227
244
231
257
245
224
224
253
243
265
252
245
244
267
253
243
242
246
259
258
229
235
234
247
250
247
270
225
256
263
255
270
290
248
234
237
273
264
237
230
227
257
257
250
232
237
255
259
253
281
253
271
274
271
251
263
256
301
286
248
297
291
269
320
263
275
262
269
271
253
289
295
278
280
295
298
274
256
298
278
310
284
297
297
302
299
321
285
280
306
281
273
274
305
320
299
304
291
283
274
287
292
313
301
286
300
304
294
297
274
287
287
279
303
266
303
292
269
299
290
259
293
272
305
315
292
284
292
304
279
282
320
291
307
304
328
302
308
332
319
294
293
340
317
290
319
321
301
282
324
283
323
357
281
320
330
299
322
308
329
301
310
285
333
329
322
332
351
317
346
306
321
300
324
280
312
311
337
327
303
317
308
324
349
317
328
306
351
359
325
328
357
329
307
355
345
312
334
298
333
330
325
353
300
341
343
338
345
319
339
329
313
336
353
357
358
349
357
345
366
318
328
344
342
360
337
341
321
351
345
360
351
367
335
385
334
364
353
355
317
385
351
350
376
381
377
336
356
404
347
368
365
363
354
360
332
351
388
407
381
349
358
348
340
338
356
357
409
384
374
377
390
376
365
365
339
385
373
407
400
377
392
376
381
368
373
356
371
401
369
382
384
352
355
361
377
372
341
356
349
354
368
379
361
371
343
355
337
340
338
345
353
397
339
340
345
344
345
370
325
358
352
338
353
348
360
355
341
319
361
318
319
357
339
361
375
332
323
333
280
323
306
311
306
366
340
340
325
315
303
337
311
312
355
299
352
327
299
302
328
306
309
349
333
329
313
332
307
320
313
280
296
315
307
325
307
328
307
301
344
342
291
302
330
306
325
302
312
290
296
316
331
310
300
308
343
345
288
304
333
261
343
319
328
291
331
308
324
335
329
317
304
311
352
308
309
287
313
339
309
316
272
312
304
345
367
294
293
277
321
297
314
291
336
310
292
292
291
283
282
319
300
290
304
280
308
298
284
315
321
290
313
285
269
312
298
328
310
293
271
280
261
303
310
306
313
275
303
295
316
266
297
289
281
288
303
296
295
301
315
307
260
290
290
313
293
294
316
316
308
329
282
320
277
300
316
273
287
301
309
317
305
307
305
290
317
309
309
285
272
296
288
302
316
301
301
287
305
291
303
285
297
271
309
293
299
280
302
287
316
303
332
293
335
297
308
347
278
319
291
309
324
336
298
329
333
320
297
308
315
313
303
352
316
386
364
308
350
292
335
330
338
325
342
337
350
299
369
333
369
359
333
366
326
354
336
388
351
388
346
383
349
387
361
352
369
361
378
395
402
378
389
386
389
399
413
424
464
466
380
419
436
456
460
483
464
429
421
490
531
465
477
492
481
519
506
523
488
511
555
514
550
541
586
621
612
635
612
672
620
665
711
744
756
710
756
839
862
808
898
913
948
955
1046
1003
1049
1086
1134
1207
1174
1237
1301
1272
1311
1404
1414
1429
1430
1453
1497
1596
1609
1533
1583
1569
1620
1713
1573
1648
1674
1654
1705
1577
1716
1657
1675
1683
1666
1605
1591
1648
1610
1630
1515
1515
1576
1496
1440
1413
1431
1297
1284
1308
1222
1233
1158
1164
1130
1128
1015
1041
1014
924
938
917
864
851
789
787
698
750
710
663
605
614
576
621
544
544
547
495
483
501
501
432
438
447
403
429
422
378
394
397
385
324
346
371
377
355
307
332
330
346
307
317
334
324
313
293
315
321
315
248
280
277
267
262
300
273
270
269
233
256
250
275
256
260
255
233
257
232
245
224
255
270
284
295
290
275
326
264
323
325
350
345
377
356
392
381
430
434
392
419
396
459
461
480
488
509
479
477
467
489
468
442
431
441
418
407
402
359
389
341
324
315
281
289
289
264
244
240
227
212
194
172
182
178
187
177
185
159
168
153
174
177
187
186
187
173
182
159
195
186
162
173
187
187
193
190
161
183
180
175
186
201
192
194
212
192
198
188
209
199
203
203
213
260
238
229
222
229
217
223
242
236
230
274
281
248
246
270
281
242
252
265
253
295
284
298
286
266
276
280
283
303
292
275
262
264
301
261
280
272
259
268
275
256
248
257
263
228
235
259
250
248
242
218
225
223
227
209
210
200
171
187
214
206
173
197
193
195
177
182
177
154
172
142
152
150
165
136
147
156
130
145
148
148
125
123
132
149
128
94
122
125
138
144
106
114
113
114
99
100
114
105
110
94
90
101
81
95
95
86
79
83
68
83
91
92
74
89
75
71
99
83
63
77
61
67
81
70
72
78
75
75
76
93
74
65
57
53
67
69
72
67
48
75
78
58
70
71
63
45
67
53
53
57
70
63
56
59
80
71
52
49
61
57
51
69
50
59
69
57
71
55
56
53
74
62
78
80
67
64
70
80
75
73
80
109
70
80
82
80
80
86
88
76
84
78
77
91
57
71
60
67
73
78
69
65
55
55
61
54
55
51
58
46
49
41
51
41
42
40
41
42
54
50
43
50
54
54
50
46
32
39
41
51
51
44
42
42
54
38
54
37
52
35
38
35
43
46
40
41
30
22
44
41
36
51
37
44
38
36
29
36
38
33
51
36
27
37
35
33
41
40
37
28
43
38
34
42
36
29
36
41
41
45
31
36
46
44
52
36
28
35
25
33
32
27
31
28
43
34
28
33
41
29
33
31
26
34
38
32
28
34
39
25
23
31
30
31
34
30
24
34
43
29
30
39
37
32
31
19
29
34
27
29
29
31
30
29
27
35
38
26
20
29
37
36
39
27
30
36
29
26
19
27
39
29
25
33
35
28
28
23
31
30
22
31
24
21
30
29
28
29
30
24
26
25
24
19
24
28
20
25
18
32
30
25
24
28
22
21
32
27
27
26
23
27
23
17
24
21
17
23
23
33
26
26
37
25
23
23
33
27
34
28
17
28
35
25
23
20
32
21
24
21
33
18
20
28
25
29
26
24
20
22
24
14
22
21
36
23
19
26
16
19
26
26
23
22
31
18
20
32
17
36
12
21
22
22
17
19
23
20
21
23
28
19
23
21
20
22
16
18
11
20
20
21
20
11
14
19
19
18
21
15
22
22
16
16
17
22
23
24
22
20
15
17
19
21
12
25
19
20
16
19
26
19
20
17
16
23
15
20
19
22
25
18
15
19
16
19
16
23
24
18
21
14
20
13
13
22
17
13
16
14
14
16
15
10
23
14
22
19
17
20
15
19
13
17
10
16
13
18
24
18
10
14
15
18
18
20
13
13
14
18
18
11
19
11
15
16
14
18
21
13
17
16
20
13
10
17
17
16
11
15
14
11
21
14
18
14
16
9
13
20
12
15
11
13
10
13
17
23
9
17
9
12
16
13
13
14
8
15
11
13
14
10
16
9
11
27
8
16
11
18
7
8
13
14
16
13
13
14
5
14
15
11
17
5
10
12
12
13
12
9
11
11
4
9
12
12
10
16
12
13
8
10
16
16
9
10
12
11
13
15
16
18
9
5
9
14
8
8
8
17
11
16
10
6
9
16
13
8
15
7
12
9
16
8
5
5
10
8
10
9
5
11
11
8
11
10
8
8
8
8
14
4
13
9
11
15
7
8
7
6
11
10
11
12
6
13
7
6
16
12
7
9
13
7
10
13
10
7
8
9
8
9
12
11
6
15
7
6
8
7
9
6
7
10
10
14
8
12
12
9
10
10
8
7
6
12
10
4
8
9
6
7
7
7
8
7
6
8
7
8
6
11
6
15
6
7
7
7
8
10
6
6
7
6
10
7
7
8
14
9
15
7
17
8
9
18
5
9
9
4
7
9
5
10
11
6
5
6
10
9
6
6
9
6
10
2
8
5
9
14
5
5
7
3
8
5
7
8
6
8
12
8
4
5
4
5
2
4
8
10
13
3
11
7
2
3
9
8
5
4
10
6
7
7
7
7
5
3
10
7
10
9
12
3
6
5
4
7
7
7
4
8
6
3
7
2
11
10
4
4
7
10
6
8
5
10
9
1
7
6
5
6
2
5
8
7
6
7
3
7
6
6
6
3
10
7
6
6
7
5
6
4
6
5
7
7
8
6
6
2
5
6
4
6
4
1
9
1
4
10
5
7
4
5
3
3
11
2
4
7
8
3
4
6
4
5
5
4
4
2
8
8
6
2
3
3
3
3
3
2
4
5
2
3
3
4
4
4
2
5
5
3
3
7
9
7
3
5
5
4
1
9
1
7
3
0
3
5
3
3
1
7
2
4
3
6
4
2
6
4
4
3
7
3
3
1
2
4
7
1
5
6
3
7
5
7
3
2
1
3
3
5
2
4
3
0
3
5
5
3
2
3
5
4
3
8
5
3
2
3
3
4
3
2
1
5
5
1
3
3
3
3
4
5
2
2
3
4
9
1
1
4
4
2
4
5
4
1
6
5
4
0
8
3
5
2
2
2
3
5
5
1
3
0
2
3
4
0
6
2
2
2
4
3
1
4
2
1
3
3
3
2
2
3
2
1
1
5
3
1
3
1
5
4
2
3
1
5
6
3
2
1
6
2
3
4
5
2
6
3
2
3
2
4
3
3
4
1
2
1
3
1
1
1
0
1
1
3
2
2
5
4
1
4
0
1
1
5
3
4
4
2
5
1
2
2
2
2
4
3
2
1
1
5
1
2
1
2
2
3
5
5
3
5
1
1
4
2
4
3
0
3
3
1
2
1
1
4
1
3
3
1
2
2
2
2
1
0
0
2
1
1
0
2
0
1
2
2
0
2
2
1
0
0
3
3
1
1
2
2
5
1
4
1
1
0
2
0
2
0
1
0
2
4
4
2
5
1
2
0
4
0
1
3
1
5
0
2
0
0
2
0
2
0
2
2
4
1
2
3
3
2
3
1
2
1
0
3
4
0
3
0
2
0
0
1
2
3
1
1
1
0
2
1
0
0
0
2
1
1
2
0
2
2
1
3
0
4
1
0
0
1
0
2
0
1
2
0
0
3
1
2
1
1
1
1
0
1
2
0
2
2
1
3
2
0
5
3
1
2
0
3
1
0
0
1
0
1
0
3
2
5
1
1
0
0
1
1
0
3
1
1
2
1
1
0
2
4
2
1
4
1
2
1
2
1
1
0
2
0
0
1
2
1
0
2
3
2
2
0
2
1
2
2
0
2
1
2
0
1
0
1
2
1
0
1
0
1
0
1
0
1
0
1
1
1
0
1
1
2
2
2
2
1
2
0
2
1
0
1
1
1
1
1
1
3
2
2
0
2
0
0
1
0
0
1
0
1
1
0
0
1
0
0
1
1
0
0
2
2
1
1
0
0
0
0
0
0
0
2
0
0
0
0
1
2
1
2
0
3
2
0
1
1
0
0
0
1
1
0
0
0
0
1
0
0
1
0
3
0
2
1
1
3
2
0
1
0
2
0
1
1
1
0
0
1
0
1
1
0
0
0
2
0
1
0
0
1
1
1
2
2
0
1
1
0
2
0
1
0
0
0
2
4
1
1
0
0
1
2
1
0
0
0
1
3
0
0
1
0
0
0
0
0
0
0
0
4
0
2
0
1
0
1
2
1
0
0
1
0
1
0
0
2
2
0
0
0
1
0
0
0
0
0
0
1
0
0
1
0
0
0
2
1
0
1
1
1
1
0
2
1
1
1
1
0
0
0
3
0
2
1
0
0
0
0
0
1
0
0
0
0
0
2
1
1
0
1
0
0
3
0
0
0
0
0
0
0
0
1
0
2
0
0
1
0
1
1
1
0
0
1
0
1
0
0
0
2
1
1
0
1
0
0
0
1
0
0
0
1
1
0
1
1
1
0
0
2
2
1
0
1
1
0
0
0
2
1
0
1
0
0
2
1
0
0
0
1
0
0
0
1
0
1
0
0
0
1
0
0
0
0
0
1
0
0
0
0
0
1
0
3
0
1
0
0
0
1
1
0
2
0
0
0
0
1
1
0
0
0
0
0
0
2
0
0
0
1
0
1
0
1
0
0
2
0
1
0
0
0
1
0
0
0
0
0
1
0
0
0
0
0
1
0
0
0
0
1
0
0
0
0
0
0
0
1
0
0
0
0
1
1
0
1
1
0
0
1
0
0
1
0
0
0
0
0
0
2
0
0
0
0
1
0
0
2
0
0
0
0
0
0
0
0
0
0
0
0
1
0
0
0
0
0
0
1
0
1
0
0
0
1
0
0
0
0
1
0
1
0
1
0
1
0
0
1
0
0
0
1
0
1
1
0
0
0
1
1
0
3
0
0
0
0
0
0
0
0
0
0
0
2
0
1
0
1
0
0
1
0
0
0
0
0
0
0
0
3
0
0
0
0
0
0
0
0
