0
0
0
0
0
0
0
0
0
0
0
0
0
0
0
0
0
0
0
0
0
0
0
0
0
0
0
0
0
0
0
0
0
0
0
0
0
0
0
0
0
0
0
0
0
0
0
0
0
0
0
0
0
0
0
0
0
0
0
0
0
0
0
0
0
0
0
0
0
0
0
0
2
4
3
3
3
2
4
0
3
5
9
44
128
333
916
2262
4754
9557
17040
27592
40705
54765
65860
73056
73130
66482
55303
41327
28096
17403
9882
5014
2327
963
399
149
39
13
4
4
1
2
2
1
1
1
0
1
1
0
1
0
0
1
0
0
0
0
0
9
64
49
52
46
55
57
50
43
40
39
49
46
39
41
42
48
40
39
47
45
52
47
36
46
36
47
44
39
33
38
31
34
31
33
33
27
30
39
33
39
36
32
36
32
42
32
37
34
40
44
31
37
35
50
42
38
47
58
40
38
47
41
53
62
42
60
82
100
111
155
189
212
269
308
375
339
320
319
277
254
224
164
135
121
70
65
66
56
43
55
47
43
53
36
39
37
40
41
33
45
41
48
66
45
46
54
44
49
60
61
60
66
70
63
83
76
93
97
105
110
102
104
137
159
165
290
463
799
1318
2092
3321
5062
7144
9987
12879
15529
18100
19857
20577
20191
19255
16802
14039
11389
8741
6492
4590
3446
2401
1693
1237
950
696
525
423
395
451
527
726
921
1204
1498
1820
2153
2381
2425
2518
2363
2138
1829
1491
1204
897
672
514
384
325
253
209
163
185
138
101
98
98
55
43
35
30
35
20
16
17
9
8
8
8
10
8
12
2
7
13
6
6
7
13
4
12
5
6
7
8
5
12
13
3
4
9
10
7
5
9
17
14
13
15
22
21
17
23
25
23
31
23
23
26
20
20
22
22
14
15
16
18
18
25
17
30
24
20
17
28
24
35
23
19
17
13
17
18
19
16
14
20
13
13
13
13
8
8
5
9
8
9
8
8
6
5
5
5
9
13
9
8
4
6
8
3
6
7
4
7
5
6
4
2
4
7
5
4
7
5
9
10
10
14
12
17
18
18
14
15
15
13
17
13
13
8
10
6
7
10
10
16
10
8
11
10
24
16
16
15
13
13
7
7
10
13
7
8
10
12
6
5
8
8
13
6
5
3
11
2
10
4
8
12
4
8
3
9
13
7
5
4
1
6
11
7
7
10
10
7
6
6
5
4
4
7
5
6
2
6
6
6
5
2
7
7
4
7
6
10
5
2
5
4
5
7
6
4
13
9
7
5
6
5
10
4
5
6
7
6
6
11
8
4
6
13
9
4
10
11
11
8
3
9
9
7
12
6
8
7
5
7
9
5
11
9
4
6
18
7
9
6
6
2
10
8
8
8
7
8
7
12
9
14
12
11
9
12
11
14
8
7
12
8
8
10
14
6
8
7
10
5
8
10
11
8
7
7
8
16
10
16
6
6
8
15
10
6
12
3
8
9
6
12
10
10
6
11
17
12
10
15
11
11
7
9
13
12
12
12
16
13
12
14
16
21
17
17
15
23
15
17
18
20
15
16
20
26
11
17
12
19
14
25
9
17
22
19
22
19
22
16
19
10
28
21
18
16
14
14
16
17
21
21
18
16
17
16
23
25
22
18
15
24
23
23
13
15
14
22
21
21
18
11
20
14
21
20
17
21
18
23
15
24
16
20
19
25
24
21
24
27
25
20
17
30
16
25
19
22
32
29
21
20
25
28
21
33
34
18
30
19
30
24
28
26
22
27
40
25
33
21
32
34
25
22
36
36
32
40
31
35
32
31
31
34
28
40
31
33
34
37
40
44
29
31
39
39
48
34
40
46
42
48
41
41
48
41
47
50
36
55
60
41
56
52
48
46
54
45
53
48
61
61
55
62
66
61
40
72
66
59
67
62
64
68
75
68
71
55
65
61
77
84
65
84
75
81
84
81
81
75
69
84
89
108
103
93
95
86
97
81
79
102
112
96
93
75
86
72
96
76
70
90
80
66
83
73
71
75
62
74
77
86
61
58
101
62
76
67
73
73
68
82
71
60
93
61
79
77
74
64
75
69
60
68
70
60
88
90
64
66
88
69
63
69
64
61
68
67
80
77
76
60
75
68
76
77
66
73
72
72
64
71
70
63
84
80
70
70
82
74
55
69
76
74
86
86
69
81
63
97
66
79
70
57
72
66
62
66
81
69
69
70
72
76
82
79
59
75
85
75
60
78
64
66
74
77
67
82
74
73
72
74
87
93
74
77
68
79
73
73
73
85
84
85
94
88
97
93
85
96
91
84
77
108
90
98
103
108
129
115
136
170
157
242
304
372
466
540
797
956
1215
1468
1801
2051
2520
2937
3384
3747
4117
4523
4826
5250
5234
5369
5243
5329
4899
4609
4282
3862
3601
2981
2696
2217
1769
1510
1250
959
741
567
482
372
295
245
207
160
133
128
122
96
110
113
107
108
109
105
95
95
98
97
104
108
119
88
94
102
101
89
91
80
105
103
105
97
87
110
115
91
106
115
105
109
98
106
114
100
106
107
112
115
122
122
107
107
116
104
132
131
115
113
135
130
116
150
133
131
137
167
218
176
219
238
278
299
382
403
424
461
587
623
647
701
737
805
743
835
770
734
778
765
651
635
563
531
483
436
375
306
299
282
201
236
185
174
172
174
163
145
156
157
143
147
143
157
136
149
164
130
156
141
171
166
144
134
136
171
177
169
143
150
159
141
159
147
164
169
161
155
146
184
171
143
170
195
138
185
197
168
169
188
178
167
168
209
191
215
182
182
191
208
189
184
181
159
200
187
194
212
193
181
191
193
187
196
233
234
229
225
239
217
235
222
214
216
203
235
212
225
223
232
208
222
213
218
231
205
235
216
214
214
179
191
191
197
186
200
189
215
220
178
166
208
191
169
189
203
179
192
179
180
173
173
181
178
185
182
158
152
166
154
199
150
172
177
161
170
142
157
162
165
172
161
154
174
140
155
139
180
156
137
161
144
163
127
164
134
140
144
126
143
163
161
128
140
162
157
137
156
139
150
158
154
166
144
157
152
151
165
137
114
144
161
132
157
149
133
132
159
126
145
162
144
141
138
126
136
157
164
143
150
146
158
149
157
143
147
165
159
149
160
152
147
164
165
141
141
165
147
163
173
141
154
155
160
122
140
149
157
133
143
136
159
142
153
134
143
158
159
185
160
138
159
151
139
139
183
162
149
144
152
163
175
153
159
143
163
159
149
154
158
166
173
152
155
164
184
171
153
156
167
204
143
177
175
157
170
138
165
170
173
185
186
144
175
184
172
180
182
188
170
152
164
165
143
188
160
195
193
187
186
160
171
166
168
158
190
150
156
170
165
172
190
185
154
178
179
146
183
157
167
166
169
160
174
174
193
191
176
218
167
153
158
184
172
186
215
176
172
165
192
189
185
190
208
194
174
195
183
175
204
167
194
190
189
167
179
171
190
204
213
176
176
180
191
176
221
209
185
213
181
180
215
226
196
201
210
209
246
216
198
210
227
179
193
224
201
206
193
217
224
246
167
199
178
233
215
200
202
236
224
236
245
215
230
222
215
234
254
246
249
257
219
232
262
217
251
227
236
241
211
243
225
235
235
243
237
262
235
235
231
222
258
243
215
260
266
271
242
204
248
242
271
245
247
224
249
230
222
289
254
239
242
255
216
238
225
278
241
238
217
233
256
246
231
256
246
235
228
243
224
254
227
233
228
214
245
200
198
235
222
232
244
211
234
194
229
218
214
204
222
208
251
192
213
227
218
221
195
204
212
229
198
219
198
216
216
189
188
205
215
221
191
210
208
205
195
207
196
210
212
178
214
191
196
191
182
186
191
175
193
202
190
191
209
192
189
177
213
191
195
159
195
194
200
189
202
174
192
183
205
200
182
172
192
162
191
197
188
172
201
187
185
198
189
186
211
231
219
207
204
234
230
188
220
190
184
220
174
218
186
178
192
185
201
218
214
172
198
201
213
185
202
187
183
187
190
218
191
203
193
191
170
187
216
205
210
194
216
203
188
213
206
196
201
198
184
173
201
192
206
201
178
204
202
187
188
185
174
178
187
191
186
180
193
209
206
206
202
199
181
183
194
190
181
198
211
182
231
208
183
186
173
191
204
206
197
200
204
194
215
217
179
221
193
201
197
189
171
197
196
204
226
225
212
202
197
192
197
191
197
182
194
199
238
211
185
181
217
203
184
223
186
185
219
226
213
217
181
212
214
214
205
201
199
218
206
184
206
218
198
218
212
213
197
204
212
221
225
222
226
218
208
222
222
200
219
214
230
220
235
209
212
210
215
210
223
220
225
234
219
229
266
243
230
267
265
262
251
259
278
271
248
257
222
246
218
250
276
268
267
254
299
261
264
286
283
254
280
299
299
295
253
334
308
290
271
313
318
313
299
332
303
315
293
329
331
356
355
356
348
333
344
369
427
381
389
399
386
418
424
414
441
460
421
487
472
494
497
562
518
555
517
554
608
581
636
659
665
677
666
724
726
788
786
834
867
797
876
906
973
945
994
993
975
1024
1083
1113
1104
1141
1113
1110
1093
1143
1131
1182
1186
1227
1236
1291
1224
1237
1186
1222
1192
1226
1218
1207
1165
1157
1124
1134
1085
1066
1046
1012
987
997
1030
989
900
887
897
880
813
786
778
772
734
736
656
700
630
614
573
570
576
515
512
470
477
437
457
449
418
412
399
399
388
411
353
341
320
343
298
322
308
308
281
303
311
262
292
297
264
286
237
239
272
236
252
246
255
222
254
217
232
237
236
220
220
223
214
195
205
212
191
183
194
206
209
203
216
244
195
174
193
188
177
196
220
209
213
215
202
221
245
254
258
268
264
256
283
298
302
315
329
326
336
364
351
372
368
353
394
354
373
370
399
375
378
365
347
343
346
295
325
307
311
290
285
248
242
224
222
195
176
192
175
141
154
162
149
170
149
151
151
155
138
151
123
153
124
123
112
135
129
119
146
138
147
150
142
145
140
140
153
165
121
145
121
154
164
164
151
168
154
165
159
153
179
170
153
193
146
170
168
196
188
193
189
209
174
163
197
170
186
212
216
210
220
210
196
202
188
240
222
240
219
235
232
224
231
205
213
213
242
213
227
219
191
229
201
209
198
183
217
202
178
190
164
195
199
212
171
189
201
157
170
166
173
157
172
146
180
156
148
143
163
131
152
159
111
130
125
122
133
133
102
124
107
114
107
97
86
122
104
109
96
92
110
105
99
72
100
88
98
78
76
87
100
90
78
85
81
101
77
71
92
81
65
64
66
60
67
66
68
72
64
76
74
64
54
61
45
56
63
62
61
57
64
68
60
66
65
42
55
60
63
54
53
58
50
57
51
59
58
50
59
57
55
53
48
58
45
54
57
69
51
55
42
50
41
58
53
37
60
44
41
62
45
56
58
49
54
52
53
36
70
54
59
53
63
68
81
80
52
91
75
83
76
72
70
76
64
72
57
54
56
70
49
59
61
45
37
52
36
53
45
41
47
49
44
43
46
54
49
40
36
44
40
32
41
42
30
39
37
31
38
47
49
40
37
30
37
39
43
46
31
42
40
46
42
40
30
38
38
45
39
37
46
39
27
34
27
33
36
32
34
33
29
36
44
24
33
41
27
33
38
31
35
38
28
33
31
24
31
31
29
26
41
29
39
24
32
36
29
41
29
40
19
28
27
36
27
30
28
30
26
36
37
28
28
32
34
23
22
23
25
28
25
46
29
35
24
28
25
30
28
18
21
26
24
31
28
34
28
21
26
27
24
27
26
22
29
18
24
24
28
28
25
22
21
22
27
20
25
27
28
26
21
19
22
27
29
23
19
22
24
21
26
19
21
26
26
26
23
14
23
23
24
24
21
22
22
25
20
22
22
23
25
19
20
25
23
15
19
27
29
37
21
23
20
24
16
18
17
21
24
31
20
31
15
24
28
16
28
23
18
22
24
19
18
23
28
29
17
20
9
17
21
20
23
21
23
16
27
18
27
23
23
18
30
16
21
17
17
22
24
26
15
16
20
29
13
17
27
18
16
21
19
20
25
18
25
20
21
15
18
20
30
27
16
15
14
21
15
23
14
16
18
24
20
20
15
17
20
17
21
13
23
14
14
10
17
24
21
15
39
24
15
17
13
18
16
17
19
17
17
22
15
13
23
12
6
19
11
11
19
18
16
11
18
18
13
11
21
14
18
24
19
13
14
17
12
14
13
13
15
18
19
19
16
13
16
14
18
17
12
11
16
14
12
14
20
12
18
16
13
19
23
9
13
16
20
19
19
19
13
13
12
12
14
23
27
18
22
15
14
14
18
16
13
21
24
14
14
19
14
17
10
9
12
15
13
9
14
10
10
10
10
15
13
14
15
11
10
14
13
14
12
11
17
18
11
8
12
20
7
13
9
12
18
14
8
8
13
14
16
15
11
11
18
13
7
8
9
17
16
8
14
13
14
13
14
13
11
14
7
10
14
12
14
11
17
12
10
6
8
15
11
8
12
18
12
8
10
7
8
11
17
9
8
2
11
11
11
11
16
6
13
13
8
9
15
11
14
9
13
11
14
8
6
11
10
4
5
17
15
4
5
11
9
8
15
14
6
6
2
10
13
6
11
15
8
13
12
9
9
10
10
9
5
7
10
11
6
12
10
8
12
6
9
5
10
6
7
10
17
4
8
7
8
12
10
9
10
8
7
9
4
6
3
12
8
8
11
7
9
6
7
10
13
12
6
10
9
10
11
10
7
2
8
6
7
10
9
7
7
10
8
2
6
12
7
11
5
5
5
7
9
6
6
7
4
5
3
5
9
6
7
5
8
9
6
6
4
17
4
10
11
4
9
6
4
4
9
5
11
9
7
8
11
6
8
8
9
10
11
3
6
3
13
5
8
4
5
8
7
1
6
10
7
7
3
13
6
5
6
2
7
6
8
9
8
6
7
8
6
7
5
6
5
5
13
11
5
6
1
2
4
7
8
6
6
5
5
3
9
4
5
5
9
4
4
6
3
4
7
5
3
6
3
3
6
4
11
6
4
3
4
3
3
7
9
8
8
7
6
6
4
10
5
4
2
4
8
5
6
6
8
5
0
13
3
5
4
6
7
6
9
5
5
4
7
7
7
4
5
7
0
5
3
4
2
3
4
8
4
9
6
3
6
4
7
7
6
3
4
2
4
3
4
5
3
6
3
4
7
7
6
1
6
3
6
8
3
3
8
7
3
1
10
4
1
8
7
2
5
2
3
4
3
1
5
4
3
2
4
3
4
5
4
3
8
5
1
4
8
1
8
5
6
5
4
4
6
4
5
2
8
3
6
3
4
5
2
5
3
0
6
3
7
4
5
4
2
3
6
4
3
4
3
1
4
4
4
7
4
1
4
5
5
2
7
5
4
2
3
2
0
7
4
2
3
3
1
2
7
4
5
1
1
6
2
6
4
3
4
1
2
3
4
3
3
3
4
3
1
5
5
5
3
3
0
3
4
4
2
2
5
2
2
5
5
3
4
1
1
0
6
4
5
5
2
2
3
1
2
0
3
3
4
3
1
6
1
7
3
3
1
3
1
2
2
3
3
1
5
2
2
2
3
2
3
4
3
0
3
2
2
3
2
4
1
6
2
3
2
3
1
1
1
0
2
3
6
7
1
4
3
1
2
1
2
2
3
1
1
2
5
2
3
4
4
1
1
2
0
1
2
4
1
4
1
5
1
3
3
0
1
3
2
1
1
1
3
2
2
2
3
1
2
2
3
1
1
3
1
2
1
2
2
0
2
1
2
0
2
3
2
1
0
3
2
3
2
1
1
1
3
1
1
2
1
2
2
2
2
2
2
1
0
1
2
4
3
0
1
0
1
2
1
3
1
4
3
3
1
2
4
1
3
2
0
1
4
1
1
2
0
0
2
3
3
1
1
2
2
1
2
2
1
1
3
0
3
4
3
1
0
1
2
4
2
1
1
1
1
1
1
4
2
3
0
1
2
0
1
2
2
0
2
1
2
3
3
4
2
3
0
0
1
1
0
2
1
0
0
1
2
0
2
1
1
1
1
1
1
3
0
3
1
2
0
1
1
0
1
1
1
1
0
2
1
1
1
0
2
1
1
2
1
2
1
1
0
1
2
1
0
1
2
4
1
0
3
2
1
1
0
3
1
2
1
1
1
0
1
3
0
2
0
1
0
1
0
0
0
2
1
2
1
1
1
1
1
0
0
0
2
1
2
0
2
1
1
2
3
0
2
1
1
1
0
0
0
3
1
0
2
0
0
1
0
0
0
2
0
1
1
0
1
0
0
0
0
0
0
1
2
0
0
0
0
0
0
1
1
1
2
1
2
1
1
0
0
1
2
1
1
1
0
0
2
0
2
0
0
1
0
0
1
1
0
0
0
3
0
1
2
3
0
1
0
0
0
0
1
1
1
1
0
0
1
1
2
1
0
0
2
1
2
1
0
1
0
0
1
1
0
1
0
0
0
2
0
0
1
1
3
1
3
2
0
1
2
0
0
2
3
2
0
0
0
0
1
0
1
1
1
0
0
0
0
1
0
1
0
1
2
1
0
1
1
0
3
1
1
2
0
1
0
0
0
0
0
1
1
0
0
1
0
2
0
1
1
1
1
0
1
0
1
1
1
0
1
0
0
1
1
0
0
0
0
0
0
0
1
1
1
0
1
0
0
1
0
0
2
0
0
1
1
1
0
0
0
0
0
1
3
0
1
1
0
2
1
1
2
0
0
0
0
0
1
0
1
1
1
0
0
1
1
1
1
1
0
1
0
0
0
0
0
1
0
2
0
1
0
0
0
0
0
0
1
0
0
0
1
1
1
0
0
0
0
0
0
1
0
0
1
1
0
1
0
1
0
1
1
0
1
1
0
0
0
2
1
0
1
0
0
0
0
2
0
0
0
0
0
2
0
0
0
1
0
0
2
2
0
0
1
0
1
2
1
0
0
0
0
0
0
0
0
0
1
1
0
1
1
0
1
0
0
0
0
0
0
0
0
0
1
0
0
0
0
0
1
2
0
0
0
0
0
0
0
0
0
0
0
0
0
1
0
2
0
0
1
0
0
0
0
0
0
0
0
0
0
0
0
1
0
0
0
0
0
1
0
0
0
0
0
0
0
0
0
2
0
0
0
0
0
1
0
0
0
1
0
0
1
0
0
0
0
1
0
0
1
0
0
1
1
0
0
1
0
0
0
0
0
0
0
0
0
0
0
0
0
0
0
0
0
0
0
0
0
0
0
0
0
1
0
0
0
0
1
0
1
1
0
0
0
0
0
0
0
0
0
0
0
0
0
0
0
0
1
0
0
0
0
0
0
0
0
0
0
0
0
0
0
0
0
0
0
0
0
1
0
0
0
0
