0
0
0
0
0
0
0
0
0
0
0
0
0
0
0
0
0
0
0
0
0
0
0
0
0
0
0
0
0
0
0
0
0
0
0
0
0
0
0
0
0
0
0
0
0
0
0
0
0
0
0
0
0
0
0
0
0
0
0
0
0
0
1
1
0
1
0
4
2
3
2
2
3
3
1
0
5
2
1
2
5
3
8
42
142
371
925
2186
4823
9577
17069
27831
40701
54297
66050
73321
73200
66676
54931
41581
28121
17324
9847
5070
2349
1009
360
126
38
16
6
3
1
1
3
2
3
1
1
1
1
0
2
1
1
0
3
0
0
1
0
8
48
44
60
61
58
56
66
49
46
48
44
43
49
39
49
49
50
45
39
46
31
37
44
32
43
22
37
34
35
52
35
45
47
42
26
40
43
34
27
33
36
46
37
45
39
33
38
35
41
32
42
42
49
39
43
55
46
45
49
60
42
63
54
58
56
81
58
105
137
138
164
244
275
267
332
323
350
302
256
238
221
161
135
104
80
79
65
51
39
41
32
48
38
34
37
50
40
48
34
50
53
43
43
40
52
45
50
56
50
61
67
63
76
92
90
75
80
99
104
110
122
145
202
198
240
371
564
866
1422
2169
3626
5294
7415
10207
13046
16211
18755
20437
21689
21053
19671
17326
14624
11837
9113
6593
4980
3457
2445
1877
1366
1100
833
671
573
539
551
654
780
986
1246
1522
1833
2166
2246
2401
2397
2220
2081
1800
1552
1143
901
703
482
367
311
222
216
182
167
134
123
95
79
45
49
37
21
19
22
8
13
14
12
6
7
9
13
7
4
15
8
12
12
15
12
3
11
7
15
15
5
5
8
13
6
10
6
8
8
11
11
10
14
16
20
17
19
23
28
17
23
21
30
33
29
22
21
22
26
24
20
17
24
14
21
22
12
17
39
21
34
28
22
33
28
24
19
27
15
14
13
25
19
12
19
7
11
13
13
5
14
9
7
6
10
8
9
7
8
5
8
8
10
6
6
2
8
8
6
5
8
9
6
5
8
5
8
7
5
5
5
5
6
10
10
11
9
8
13
19
14
10
15
12
12
11
10
9
9
6
9
4
12
9
10
7
12
9
19
11
17
12
13
10
13
9
9
12
10
10
7
7
14
4
8
10
5
5
5
9
5
9
4
9
7
6
6
8
10
5
7
9
11
6
11
5
6
9
7
4
9
3
7
6
8
6
7
4
5
9
8
7
14
4
3
4
4
7
5
7
8
7
10
6
7
11
11
6
8
7
7
8
8
3
10
6
4
8
5
5
8
10
12
9
18
6
6
5
7
10
9
5
12
6
10
5
7
9
7
6
7
9
6
9
5
6
6
4
7
5
9
10
6
6
13
8
5
8
12
11
3
5
7
5
9
16
7
5
11
5
12
5
4
3
12
9
7
15
16
8
8
8
11
10
5
8
13
7
19
8
10
9
9
12
17
9
7
11
10
12
7
9
5
7
6
8
6
9
14
15
14
13
15
13
9
7
18
13
9
13
16
23
13
20
21
14
26
19
21
23
27
25
28
20
26
36
39
22
41
48
36
33
40
39
34
32
41
45
38
42
45
42
51
40
34
35
36
25
41
42
29
34
30
42
32
27
33
24
36
20
29
19
26
27
30
23
28
25
21
25
28
12
16
20
17
27
18
31
20
18
16
20
16
24
22
14
18
26
26
33
22
17
26
18
24
25
23
33
29
32
22
18
16
27
15
21
26
26
25
28
25
24
29
28
23
29
25
30
30
28
39
24
23
30
33
29
32
26
38
38
32
26
36
30
26
24
40
28
28
23
44
34
31
45
30
31
30
26
42
37
42
38
47
40
33
40
37
45
45
48
37
44
46
38
47
46
53
43
42
38
51
46
43
47
52
58
52
58
51
53
54
64
65
66
63
52
62
62
61
62
54
66
67
80
69
65
91
83
72
85
80
96
72
81
105
84
79
95
77
100
94
113
109
97
85
100
92
100
95
83
76
77
87
83
82
77
92
86
79
84
85
96
86
85
83
79
64
74
88
98
83
97
70
58
83
100
87
96
92
75
94
70
98
89
84
92
80
86
74
85
80
82
78
86
81
68
75
75
95
84
66
67
69
73
82
80
83
70
68
85
87
83
87
70
89
82
68
69
81
89
81
76
82
79
77
79
73
77
84
66
89
84
79
86
81
86
73
65
73
79
85
66
86
83
88
71
78
81
77
69
100
71
79
74
90
78
101
83
81
73
104
88
91
97
70
81
99
78
101
80
62
91
89
86
83
95
71
96
82
75
110
99
100
96
110
95
100
94
83
111
111
117
140
155
148
177
239
261
323
407
527
660
881
1101
1365
1649
2002
2428
2875
3339
3645
4174
4562
4941
5194
5337
5414
5309
5498
5114
4897
4462
4190
3589
3178
2758
2297
1937
1575
1257
1042
755
611
438
379
336
246
215
159
151
160
127
109
98
102
105
98
115
113
108
121
137
119
113
102
109
96
92
105
103
79
109
104
117
119
94
120
112
95
112
110
111
125
112
100
98
101
121
110
122
135
93
104
134
125
123
98
137
125
116
143
94
152
134
132
141
156
139
128
136
167
206
227
202
232
275
297
343
404
454
515
551
605
632
741
694
800
811
757
843
724
765
731
638
668
592
549
510
458
392
357
297
286
248
233
203
154
156
185
149
140
159
143
120
158
135
132
153
146
150
142
160
138
145
138
156
149
140
177
141
146
143
134
134
155
128
176
162
170
143
156
177
147
168
156
142
180
164
186
186
178
145
193
158
196
187
185
164
202
204
161
216
217
215
182
202
190
181
228
230
226
229
217
220
226
230
255
260
284
244
267
244
291
290
273
280
294
299
268
292
284
284
308
310
324
349
300
297
326
328
328
359
335
324
376
365
341
374
381
341
367
365
377
328
383
360
364
345
369
322
377
365
379
346
366
359
366
310
328
341
338
349
327
319
317
359
329
317
322
290
281
273
319
247
276
299
262
256
281
262
253
261
251
241
220
238
259
232
243
225
211
222
222
200
198
215
231
213
204
198
193
198
213
204
200
175
171
186
168
179
161
133
170
154
163
165
166
173
174
181
170
169
179
158
164
175
167
154
157
173
171
175
166
147
155
169
160
149
151
160
144
176
175
159
173
178
166
165
189
168
187
153
165
174
153
183
172
192
175
197
196
205
187
170
196
181
205
213
204
216
213
213
233
215
236
228
200
230
238
250
221
218
203
253
237
233
216
201
203
196
222
200
226
195
188
191
227
193
196
193
188
180
209
207
204
207
194
204
178
201
183
176
198
180
163
192
183
185
199
174
166
187
173
170
180
171
179
181
186
176
193
204
203
181
188
160
171
183
148
171
168
189
178
180
173
168
191
184
162
177
186
186
167
165
188
190
168
186
186
198
160
183
163
179
184
182
156
167
194
191
204
196
183
171
183
172
174
171
172
177
191
177
191
186
185
175
166
200
161
212
186
203
190
175
172
186
186
193
188
171
185
196
187
189
200
188
225
196
213
198
199
212
208
182
189
223
205
200
224
240
202
215
176
202
201
187
184
210
186
224
184
190
181
192
192
206
201
207
196
211
202
217
214
195
229
179
191
206
220
189
233
232
199
209
224
220
239
247
226
201
228
238
195
215
254
226
215
211
234
223
224
236
194
244
232
214
209
265
222
265
248
204
254
236
223
266
240
259
253
225
235
251
236
252
219
241
222
236
238
265
218
218
242
244
249
242
230
252
267
267
230
220
230
245
214
262
236
249
238
230
254
232
245
250
235
248
229
222
233
204
215
256
228
246
221
210
229
201
192
228
196
210
187
224
208
210
207
209
227
212
227
228
222
229
207
216
199
198
230
214
182
218
224
210
196
211
219
193
194
204
207
212
207
182
213
180
203
201
201
214
196
189
162
201
201
176
182
193
198
186
195
184
185
186
213
200
185
176
197
198
181
209
194
201
163
213
219
205
222
175
185
212
192
173
197
175
196
200
179
177
186
203
203
224
216
194
208
204
209
232
210
221
186
211
189
221
208
179
200
208
176
234
212
191
211
157
177
201
193
186
213
183
198
192
206
195
212
205
224
193
171
185
189
195
172
209
188
188
202
177
205
194
184
212
179
192
199
201
192
186
208
187
207
197
191
211
202
206
206
197
205
187
172
193
201
210
209
189
177
176
206
195
198
191
185
185
199
210
205
202
184
194
212
167
202
194
201
210
210
213
205
195
213
198
184
192
188
215
209
224
225
210
218
223
210
192
192
214
205
202
188
213
218
180
194
203
199
208
200
188
247
208
188
220
202
224
206
219
204
201
209
215
230
185
211
223
233
223
199
241
237
219
248
235
237
204
212
231
235
240
255
221
219
239
242
225
248
229
272
240
254
245
282
270
241
266
257
293
255
307
262
300
285
274
278
290
295
296
297
280
282
286
336
282
326
326
333
305
350
325
328
313
344
332
353
327
361
359
369
377
386
390
397
419
435
434
465
431
455
513
510
513
516
556
543
603
583
555
606
609
634
680
648
726
723
754
767
795
769
831
882
840
942
935
975
1058
983
1043
1030
1033
1037
1068
1080
1110
1150
1131
1100
1192
1143
1174
1217
1252
1161
1212
1177
1225
1164
1230
1181
1150
1142
1188
1139
1102
1051
995
1056
1026
986
976
967
943
951
909
891
828
821
827
748
750
716
669
649
676
665
581
602
544
517
507
517
491
484
479
432
455
401
405
396
391
378
404
339
315
320
321
309
284
314
319
277
267
273
282
282
291
308
251
228
251
247
247
256
229
236
214
257
203
244
198
216
231
215
207
198
195
182
210
195
186
183
178
191
201
179
160
213
209
183
188
174
203
192
201
197
233
203
216
238
263
224
227
252
288
286
293
307
309
309
324
332
353
411
386
359
377
414
382
398
387
413
381
432
369
394
379
374
313
354
357
286
285
285
249
224
221
201
209
191
159
192
164
150
151
157
143
136
131
148
126
127
128
138
136
139
112
126
129
128
140
150
139
123
138
140
163
130
143
148
143
149
148
152
131
145
142
171
146
136
166
173
139
156
177
193
172
164
164
172
150
183
196
188
183
215
213
219
202
227
220
207
191
209
207
208
196
211
210
208
210
232
218
237
209
201
236
220
202
225
221
220
205
199
186
209
210
207
196
230
205
200
202
182
201
178
198
171
175
191
176
182
167
154
173
164
162
153
149
138
149
138
142
123
145
125
123
122
113
108
96
113
122
142
98
102
102
105
111
100
112
88
101
97
99
87
76
72
103
79
87
79
78
79
93
80
85
80
66
91
83
72
69
80
59
71
66
70
68
65
69
56
67
65
53
68
67
59
61
62
73
59
59
44
61
63
61
52
62
60
51
59
52
59
54
63
56
58
61
43
55
51
38
46
54
51
48
45
48
53
48
43
47
56
51
41
36
49
44
49
68
48
52
45
50
53
49
47
49
59
48
45
66
52
54
57
71
61
60
72
78
70
71
70
68
60
74
62
60
80
68
59
61
69
60
57
51
53
50
37
49
41
42
39
36
41
37
34
39
48
46
37
38
31
29
38
37
34
31
48
30
42
33
39
48
34
36
48
40
27
34
29
38
40
44
37
29
34
35
43
39
28
33
27
42
29
33
40
34
29
40
38
37
30
34
26
25
27
39
35
23
33
34
25
30
25
25
39
34
27
30
25
24
34
29
28
26
36
27
34
24
31
31
25
34
18
31
28
23
29
31
31
33
31
22
34
18
28
32
25
39
26
29
25
28
24
26
36
20
22
33
29
22
23
38
30
25
32
23
18
38
30
40
24
28
17
22
23
26
31
21
26
24
23
28
20
28
26
27
27
24
28
22
30
28
16
18
22
18
21
34
28
25
25
21
28
18
15
19
33
30
25
19
22
23
25
21
19
19
31
20
24
26
18
23
23
27
23
21
20
26
22
20
16
24
26
31
33
24
15
20
30
12
25
26
23
30
21
23
30
21
24
24
20
25
29
20
27
19
24
19
17
19
17
25
23
23
30
30
21
18
26
10
19
22
21
17
27
20
15
19
14
17
23
27
21
15
9
15
19
21
17
11
17
18
16
25
21
24
25
25
12
23
20
27
19
21
20
14
18
19
12
14
13
16
11
14
19
20
23
14
21
22
17
16
14
21
17
24
11
19
14
17
15
18
15
16
23
19
13
19
19
19
14
16
19
21
20
17
11
16
19
13
18
14
10
15
18
21
19
11
16
11
19
11
11
18
18
14
15
17
28
25
15
13
12
13
21
7
11
21
18
23
7
20
15
11
16
22
12
18
17
11
21
10
19
22
18
12
15
11
11
14
16
14
20
16
9
17
14
20
12
14
9
8
14
10
20
11
13
20
6
13
13
10
18
14
16
11
11
17
11
7
22
10
10
5
11
11
14
18
10
14
10
12
17
13
11
8
13
12
15
13
5
9
8
11
14
9
17
12
11
18
17
8
11
12
8
7
11
11
5
7
15
6
19
15
5
14
10
10
14
12
15
5
13
15
9
12
13
12
8
17
8
15
16
12
8
12
12
10
14
12
12
11
11
10
13
10
8
11
10
12
12
4
8
12
10
8
10
8
7
13
14
11
10
12
10
10
11
12
7
11
8
7
11
4
6
12
8
6
9
10
10
6
5
12
10
13
5
10
8
5
12
6
13
5
5
6
7
4
8
8
11
6
12
13
11
8
5
12
9
10
10
6
8
10
10
10
6
11
8
6
5
6
7
7
7
11
5
10
5
8
6
7
10
10
11
6
5
8
10
10
7
8
6
9
5
4
4
5
8
8
13
14
4
7
5
6
5
11
9
5
7
3
5
8
9
15
5
3
6
6
6
9
5
9
6
9
4
7
5
5
6
9
9
6
9
7
4
10
8
9
8
5
8
7
2
9
9
8
5
4
6
5
8
5
5
4
9
2
7
8
5
8
2
1
8
5
10
12
6
5
6
4
9
4
12
7
10
4
5
8
6
8
4
13
8
3
6
5
3
12
2
5
2
8
6
9
6
8
6
4
5
8
5
7
7
7
5
4
7
5
6
1
6
2
5
6
4
4
8
4
9
10
5
5
3
6
9
2
3
9
7
4
4
5
9
3
4
2
7
6
7
6
5
2
2
4
7
3
5
4
9
12
5
4
4
8
4
3
7
3
8
5
6
4
3
5
6
7
4
5
8
3
9
5
2
9
3
1
6
5
6
5
4
7
3
2
6
4
3
5
5
9
3
2
3
0
8
4
4
3
3
4
2
3
8
7
5
4
7
2
5
7
11
7
5
1
6
8
5
3
4
3
3
2
2
2
3
2
11
3
3
6
3
5
4
1
2
3
1
4
5
6
6
3
5
6
3
2
5
5
3
3
6
4
5
4
7
0
0
3
4
1
6
2
4
6
1
3
2
6
0
5
9
4
1
1
2
3
1
4
1
2
4
4
4
2
3
7
1
2
3
2
2
4
1
1
2
2
6
1
5
3
2
1
0
2
3
2
2
0
1
1
2
3
3
2
5
3
5
2
0
4
3
6
4
4
1
1
2
3
2
1
1
5
0
0
2
7
2
4
3
4
3
5
2
2
8
2
1
5
3
4
3
2
2
0
3
2
4
4
2
5
3
2
2
0
2
1
1
3
1
2
2
2
2
3
0
1
5
2
4
1
3
3
2
0
6
2
5
2
2
3
1
2
4
3
3
2
1
2
2
2
0
2
3
1
1
2
6
3
4
3
3
2
1
2
4
2
0
1
6
1
3
1
4
2
4
3
3
3
2
3
2
3
1
0
5
3
0
1
4
2
3
2
3
2
0
1
0
2
0
3
0
2
0
2
0
2
2
3
3
1
2
2
2
1
0
1
2
3
0
2
2
2
2
1
1
1
2
1
3
2
2
2
1
1
1
1
1
1
2
3
1
1
0
2
1
1
1
0
2
2
1
3
1
0
2
1
2
1
4
2
1
0
2
0
6
2
1
0
0
1
2
2
3
1
1
2
0
1
2
2
2
1
2
0
2
0
3
2
1
2
0
1
0
1
1
2
1
1
0
1
0
2
1
1
1
0
3
1
0
3
0
0
3
1
3
1
4
0
0
4
2
3
0
1
2
0
1
1
0
1
0
2
0
0
1
2
1
2
0
2
1
0
3
1
3
0
1
2
2
0
1
0
3
1
0
0
0
0
1
1
1
2
0
2
1
2
0
0
0
0
0
1
1
1
0
0
0
0
0
0
1
1
0
2
3
0
0
0
0
0
0
2
0
3
2
2
1
0
0
1
0
0
0
1
0
0
0
1
3
1
1
0
1
0
2
1
0
1
0
0
0
1
1
2
1
4
0
0
2
1
2
1
0
0
2
2
1
1
1
3
1
0
1
1
1
1
0
1
0
1
0
0
0
0
2
1
0
1
0
0
0
2
0
1
0
0
3
0
1
0
1
0
1
1
0
0
0
1
1
0
0
2
1
2
0
1
0
0
1
0
3
0
3
0
0
0
0
0
1
0
1
1
0
3
1
0
1
1
0
1
0
0
1
1
2
0
1
0
0
3
0
0
2
0
1
2
0
1
1
0
0
0
1
0
2
0
0
3
1
1
1
0
1
0
0
0
0
0
0
0
2
1
0
2
1
0
1
1
1
0
0
1
0
0
1
0
1
0
1
1
2
0
0
0
0
0
2
0
1
1
0
0
1
0
1
0
0
1
1
1
0
1
0
0
0
0
1
1
2
0
0
0
0
2
0
0
1
0
0
1
0
0
2
1
2
0
0
0
2
0
0
0
0
1
0
0
1
0
1
0
0
0
0
1
0
1
0
0
0
1
0
1
1
0
0
0
0
1
0
0
1
0
2
0
0
0
1
0
0
0
0
2
0
3
1
2
0
0
0
0
0
4
1
1
1
0
0
0
1
1
0
0
1
1
0
0
1
2
0
0
2
1
1
0
0
1
0
0
0
0
0
0
0
0
0
0
1
1
0
0
0
0
0
1
0
0
0
0
0
0
1
0
1
0
0
2
1
0
1
0
0
0
1
0
0
0
2
0
0
0
0
0
0
1
1
0
1
0
0
0
0
1
0
1
0
0
0
1
0
0
0
0
1
0
1
0
0
0
0
0
0
1
1
0
0
0
0
0
1
0
0
0
0
0
1
0
0
0
0
0
0
1
2
0
0
0
0
0
0
0
1
0
1
0
0
0
0
0
0
0
0
0
0
0
0
0
0
0
0
0
0
2
0
0
0
1
0
0
0
2
0
0
0
0
1
0
0
0
1
0
0
0
0
0
0
1
0
0
0
0
1
0
0
0
1
0
1
0
0
0
0
1
0
0
0
0
0
1
0
0
1
0
0
0
0
0
0
0
0
0
0
0
0
0
0
0
0
0
0
0
0
0
0
0
0
0
0
0
