0
0
0
0
0
0
0
0
0
0
0
0
0
0
0
0
0
0
0
0
0
0
0
0
0
0
0
0
0
0
0
0
0
0
0
0
0
0
0
0
0
0
0
0
0
0
0
0
0
0
0
0
0
0
0
0
0
0
0
0
0
0
0
0
0
0
1
1
0
1
0
3
1
2
1
6
4
6
4
2
3
5
22
43
112
338
907
2334
4779
9464
16933
27601
40717
54611
66301
72870
73597
66869
54589
41165
28225
17286
9879
5085
2380
984
372
147
44
16
6
2
4
1
4
1
1
1
0
1
2
1
0
0
0
0
0
0
0
0
0
8
76
53
64
54
57
47
52
55
39
40
36
57
44
32
47
50
41
30
48
37
45
42
41
46
45
42
32
32
41
31
39
48
38
36
38
42
34
46
48
34
41
34
40
33
45
41
39
36
36
48
42
37
47
36
34
54
48
35
48
56
45
46
39
49
68
61
70
99
104
165
171
248
254
305
335
350
365
291
264
236
216
162
125
122
92
85
64
55
64
36
43
46
45
39
37
44
41
43
33
46
37
47
44
60
49
40
47
47
50
51
66
70
86
76
71
72
88
104
101
94
117
115
123
131
199
289
432
717
1230
2156
3355
5093
7278
9975
12791
15422
18254
20060
20708
20358
18989
16764
14170
11468
8803
6540
4861
3450
2325
1713
1263
907
675
552
459
431
417
482
717
839
1210
1452
1884
2042
2345
2473
2498
2322
2172
1912
1518
1194
895
708
523
403
335
249
218
186
158
157
131
121
68
55
45
31
36
30
16
15
10
18
6
8
13
19
12
7
11
10
15
8
6
6
8
10
12
16
9
19
5
9
13
14
8
5
9
5
7
15
4
11
15
14
16
14
21
24
16
25
28
30
23
32
36
24
26
16
19
22
18
24
16
23
26
20
14
22
24
17
16
25
22
24
28
17
18
21
23
17
22
21
12
15
14
10
9
5
10
9
5
5
5
3
5
10
4
10
4
8
8
10
14
7
4
4
5
8
9
5
3
5
2
5
5
8
6
9
11
4
7
4
10
9
15
16
17
16
13
7
11
15
19
19
14
11
10
8
8
11
7
9
10
16
7
9
4
14
11
10
18
18
13
13
10
9
13
9
8
13
7
9
9
6
13
9
8
11
8
8
4
6
4
5
9
10
7
9
9
9
7
9
4
11
5
6
8
10
7
6
7
3
5
9
11
8
7
6
6
7
3
5
4
11
5
7
6
6
9
5
10
4
10
11
8
9
2
6
5
9
11
2
5
11
4
7
4
5
4
5
4
2
9
11
4
10
5
5
5
4
7
8
12
5
11
11
2
12
5
2
5
6
12
5
7
12
7
9
6
7
5
9
6
6
9
3
8
6
9
8
7
8
8
7
9
10
5
8
8
10
9
9
12
9
5
10
10
11
10
7
10
8
11
5
11
11
10
8
9
11
9
10
14
10
8
16
9
6
8
12
17
11
14
11
15
8
13
22
6
4
6
6
13
7
17
11
12
12
12
14
10
16
17
13
9
10
22
17
21
20
17
19
9
23
15
10
15
9
17
13
17
30
15
23
16
19
17
20
22
19
15
12
16
19
16
18
20
18
17
26
18
25
13
22
20
18
12
15
13
13
14
12
13
21
20
17
21
18
19
16
24
14
16
25
18
19
21
17
17
24
17
16
13
24
21
23
21
20
18
17
22
16
22
18
27
18
23
25
25
19
24
40
29
19
24
25
32
23
18
23
28
25
36
19
24
24
20
30
36
25
21
24
37
31
29
38
22
24
31
44
31
38
36
39
18
40
36
37
31
36
45
44
30
35
36
35
38
28
40
50
47
35
46
52
38
42
43
55
47
43
48
56
48
59
49
53
51
56
47
49
66
60
57
52
63
48
46
65
65
70
56
52
60
66
56
57
51
62
71
71
65
71
65
69
69
77
71
80
77
80
86
91
84
75
91
98
93
98
98
100
97
92
113
88
107
80
97
88
84
83
96
95
83
82
72
70
75
74
79
72
84
86
83
76
87
78
75
68
85
84
73
73
63
70
75
75
80
95
68
70
60
68
60
66
59
72
71
60
76
72
69
68
73
84
72
69
65
75
62
51
58
65
71
72
80
76
65
62
68
81
70
71
73
62
71
71
75
80
73
73
60
84
69
61
69
80
65
84
79
67
71
66
72
67
71
75
62
71
76
70
71
85
73
74
71
68
67
72
68
61
69
64
65
89
69
78
64
76
62
76
87
67
89
95
86
70
89
82
78
82
74
90
75
66
90
80
85
87
100
81
89
77
88
83
109
108
93
89
96
94
103
120
124
129
167
198
216
267
343
453
596
723
946
1193
1433
1690
2138
2573
2884
3402
3810
4134
4607
4723
5012
5305
5468
5220
5197
4929
4644
4329
3839
3430
3133
2589
2151
1805
1487
1241
1002
751
616
503
349
302
232
163
167
128
126
118
105
113
97
94
94
99
109
102
97
80
100
117
111
113
101
100
97
99
100
118
91
94
106
108
92
88
132
85
95
94
89
110
95
106
122
109
103
98
117
101
99
104
108
107
103
125
121
117
118
113
127
134
121
141
132
140
138
152
157
172
206
240
254
307
292
354
397
480
472
574
589
650
715
755
747
820
778
787
790
749
730
642
608
579
526
460
407
351
334
293
305
257
232
212
181
149
159
163
167
154
142
126
128
161
141
148
147
135
124
150
136
160
136
145
155
152
138
131
129
147
173
143
133
155
199
164
142
171
146
169
150
160
149
166
194
187
156
172
192
171
185
189
171
198
156
155
192
206
168
191
186
206
167
204
199
184
191
206
183
188
228
196
218
229
218
224
228
210
207
250
248
208
215
228
189
233
218
235
246
226
224
181
221
246
230
211
200
217
203
218
207
215
209
200
217
187
193
207
210
190
203
194
212
201
151
180
176
205
182
188
192
181
163
150
167
169
170
149
174
197
165
160
158
167
163
172
167
163
167
163
152
150
144
175
149
164
157
170
183
149
163
164
139
158
159
145
144
146
157
173
176
183
166
144
138
134
142
179
156
151
173
155
155
141
155
140
140
135
133
155
156
142
145
167
142
161
141
150
154
169
166
158
157
167
148
153
150
173
164
151
163
159
148
150
136
145
150
115
161
144
146
134
164
146
139
148
176
127
158
157
160
152
171
148
141
143
156
145
134
157
150
166
167
169
175
152
163
126
171
151
168
142
149
156
169
171
156
153
161
154
161
138
156
163
172
165
172
175
196
173
145
171
166
172
172
163
160
177
179
135
172
151
166
166
167
162
183
176
155
151
182
160
161
153
171
180
159
178
164
160
162
160
181
143
176
165
167
169
161
147
181
171
172
212
161
169
174
188
149
177
179
174
177
173
180
160
158
179
167
156
176
169
175
168
180
164
163
163
181
189
175
169
190
172
183
164
169
160
180
191
163
216
153
184
197
191
166
189
188
204
192
184
181
191
192
158
173
193
191
202
186
192
178
186
190
200
197
201
201
193
221
215
187
190
212
205
243
204
190
202
195
196
217
183
208
189
203
211
206
233
210
236
231
179
217
234
256
207
217
210
206
243
255
233
237
192
237
222
235
228
235
222
222
248
253
243
238
260
264
245
247
231
254
255
240
272
254
239
238
238
257
201
241
235
227
225
252
253
253
223
251
251
257
260
255
247
260
247
238
245
256
258
256
242
265
217
222
239
248
259
224
218
274
237
240
223
223
227
241
240
226
208
217
228
246
231
224
257
241
227
236
245
221
243
223
222
198
208
202
198
191
209
204
226
204
253
171
238
198
187
207
188
191
190
200
219
204
207
217
191
193
209
205
205
213
194
196
190
201
199
217
181
196
181
186
198
183
186
198
202
193
195
209
166
175
190
199
208
193
170
180
187
188
196
215
193
173
192
203
215
179
192
200
174
203
171
208
194
187
196
208
188
209
188
207
197
206
179
218
181
189
207
204
191
205
213
185
191
185
202
196
192
179
195
180
197
197
222
198
202
184
182
168
189
196
179
204
175
194
184
202
210
202
182
195
187
213
205
207
192
213
192
181
203
195
188
177
174
204
195
231
201
197
199
209
179
181
189
198
164
220
201
211
195
183
177
191
195
223
191
165
197
189
205
200
196
225
193
176
172
190
197
185
183
202
194
197
199
205
200
200
208
208
203
213
194
187
203
213
201
198
204
201
202
182
187
193
217
188
181
181
236
224
197
176
207
205
189
219
205
197
174
211
203
209
208
198
212
201
214
241
212
183
209
190
183
203
212
195
202
193
184
215
212
209
218
214
223
204
203
213
244
226
230
214
242
241
209
235
224
256
214
215
222
227
224
224
217
238
232
217
229
248
237
233
234
232
283
242
229
246
239
237
254
272
251
225
258
257
260
266
268
269
250
281
248
305
275
294
287
287
273
279
293
298
298
296
281
296
294
314
351
329
322
308
345
343
364
312
315
345
356
343
378
356
356
420
409
425
422
438
444
434
450
416
490
445
472
453
472
497
528
542
571
597
643
621
630
640
642
705
674
753
775
782
796
830
804
864
876
897
964
918
955
973
969
1098
1160
1029
1036
1128
1161
1148
1103
1174
1155
1172
1185
1189
1266
1229
1180
1113
1215
1127
1180
1165
1172
1136
1150
1115
1070
1061
1065
1051
1043
1026
976
935
969
932
883
839
836
811
790
768
793
733
730
652
626
631
644
518
560
524
520
527
511
475
444
473
437
437
414
397
376
365
341
365
352
319
316
349
312
331
336
295
310
287
297
284
275
296
245
266
231
258
242
241
252
200
245
219
192
233
236
225
214
220
201
224
217
212
209
196
201
212
219
206
178
198
203
185
169
184
207
195
204
191
205
210
208
240
224
222
229
253
247
269
261
296
315
301
315
299
310
359
364
387
351
355
399
365
373
382
378
388
372
401
382
352
386
312
325
289
338
309
288
280
216
228
218
195
185
188
192
159
166
175
142
152
139
133
133
148
138
136
127
144
144
120
120
113
120
118
126
117
133
132
142
144
138
138
142
139
146
130
154
157
161
152
147
147
170
157
153
152
151
152
158
169
161
179
170
187
170
208
141
173
204
182
215
199
210
190
192
209
162
218
222
238
210
196
222
217
245
213
243
210
240
214
229
211
233
222
224
237
229
258
233
211
212
190
181
211
202
170
202
184
192
195
196
208
175
200
141
171
171
186
152
174
144
169
139
181
148
160
121
157
126
110
128
129
119
118
108
117
101
119
113
110
111
119
110
107
97
93
111
95
98
94
96
75
104
84
99
100
84
91
88
90
91
76
59
80
82
75
69
75
66
64
83
65
77
65
65
70
67
55
69
69
58
69
66
72
67
60
64
63
65
59
52
59
63
63
56
51
69
54
57
49
59
45
52
54
53
55
57
42
54
45
65
50
49
44
54
39
38
56
47
58
55
47
55
55
54
56
49
50
45
45
60
62
62
63
57
63
63
61
58
59
59
60
62
77
58
93
81
72
59
79
71
59
65
79
63
79
64
76
59
60
61
65
65
45
51
46
43
53
49
41
37
39
44
50
42
42
45
41
38
39
36
36
32
41
46
40
35
38
40
28
31
46
43
42
32
42
34
39
33
42
46
36
40
39
31
33
29
35
37
29
39
29
38
27
28
33
42
42
37
40
32
41
40
39
29
34
22
29
32
22
32
25
25
35
28
28
34
28
34
21
31
26
25
31
25
27
36
26
28
27
32
29
26
34
25
30
22
28
26
33
35
36
24
43
30
26
25
20
29
24
24
19
26
24
27
32
26
30
24
28
29
19
24
25
32
29
30
27
25
28
23
19
20
26
24
37
26
17
25
24
23
26
30
20
26
31
22
24
34
18
22
20
24
25
16
20
21
22
24
25
23
29
37
22
20
20
18
24
33
26
31
18
17
24
25
20
26
23
24
17
27
22
22
20
21
26
27
14
24
22
19
18
22
26
27
24
15
20
13
15
21
20
25
21
23
16
26
22
21
25
22
20
23
23
26
20
17
22
23
26
15
23
13
26
32
18
16
17
31
22
21
24
22
24
18
16
24
19
23
18
20
23
15
28
23
20
24
24
21
19
21
14
18
22
21
15
20
13
25
13
20
10
11
21
18
18
22
17
21
8
16
22
25
17
14
18
26
18
22
22
16
18
14
21
19
16
20
23
14
20
16
23
18
22
16
17
18
15
13
8
16
18
18
13
19
24
20
16
14
16
13
21
11
18
11
13
17
14
17
18
12
12
13
13
18
23
23
14
10
10
12
25
9
11
17
15
12
15
11
16
10
17
20
12
18
16
14
11
14
13
16
16
21
15
11
14
8
12
13
13
14
15
11
11
11
19
13
18
11
21
12
14
14
20
14
16
14
20
9
16
18
15
10
12
9
11
15
10
14
13
10
10
17
11
11
14
13
13
14
17
14
8
11
11
16
10
7
7
17
11
14
9
12
19
14
13
7
15
18
17
17
13
10
7
14
15
12
12
5
16
11
16
16
13
9
9
10
10
16
17
11
7
13
11
9
8
6
13
12
20
13
12
12
15
10
13
8
19
8
11
7
13
8
5
11
9
10
6
8
6
12
13
7
11
14
8
9
10
10
7
14
10
11
8
13
6
13
7
17
11
10
7
11
10
11
8
6
11
10
10
12
12
10
4
5
6
10
7
7
8
5
14
6
10
17
11
13
6
11
4
6
7
10
5
5
10
12
9
5
9
6
9
12
7
10
7
10
10
9
14
8
9
14
13
9
9
8
9
6
8
4
9
7
14
8
2
7
7
10
6
12
4
10
2
10
12
10
9
9
10
15
11
9
8
8
7
8
8
5
7
7
9
14
7
9
10
8
9
5
10
6
5
9
5
8
9
8
1
7
7
9
13
6
9
9
9
7
6
1
10
8
7
7
5
9
5
5
6
4
9
7
4
4
10
6
5
8
4
8
10
8
1
7
1
5
4
10
5
8
7
5
4
8
4
7
10
4
9
5
2
7
5
2
9
4
7
8
5
10
5
5
7
9
4
7
6
4
4
6
3
7
8
5
9
7
4
11
3
6
5
7
8
4
2
3
6
5
5
4
6
4
3
7
7
1
9
5
4
4
3
5
10
1
10
5
11
6
4
5
5
4
4
9
10
4
7
5
2
5
3
2
5
6
3
3
7
7
5
4
4
5
5
2
2
4
5
3
5
4
2
3
7
5
4
5
6
4
2
5
2
4
4
2
4
1
3
4
6
2
5
3
2
2
4
4
4
3
6
4
4
4
6
5
6
8
4
3
3
9
4
5
2
5
8
4
5
6
5
3
2
4
6
7
3
3
5
4
3
1
1
6
3
2
5
4
4
6
9
6
0
3
4
3
4
5
5
3
2
6
5
1
2
5
4
5
2
4
1
4
4
1
2
2
4
1
1
4
6
4
2
11
3
2
1
5
3
6
2
4
5
3
0
3
2
2
3
4
3
1
7
0
3
1
0
8
3
2
7
5
2
4
6
4
6
1
1
2
5
1
3
4
2
5
2
4
6
2
2
1
4
4
0
2
3
3
2
4
1
3
4
1
2
1
4
1
5
2
1
3
2
3
4
4
3
1
3
3
5
0
4
3
1
1
5
3
4
2
0
1
5
4
0
2
1
3
2
2
3
2
3
3
1
1
3
1
4
2
2
1
1
4
1
2
2
4
2
3
1
4
3
1
1
1
5
3
4
3
2
3
2
1
3
1
0
0
2
4
1
7
7
4
2
3
3
3
2
1
0
2
2
1
3
2
1
1
4
2
5
0
1
1
3
1
2
4
2
3
2
1
1
4
2
3
2
1
0
1
3
1
0
2
3
1
2
2
4
2
1
1
3
2
0
0
2
1
1
3
0
0
3
2
3
3
1
2
4
1
1
2
1
2
1
2
1
4
2
5
3
4
1
1
1
0
1
0
2
1
1
1
4
1
1
3
4
1
2
1
1
1
0
0
1
2
1
1
2
2
3
2
2
2
1
0
2
1
2
2
0
1
0
1
2
1
2
3
1
2
1
0
3
1
0
1
1
2
3
2
2
2
1
0
2
3
0
1
0
1
1
1
2
2
1
2
2
1
0
1
2
1
1
0
1
0
0
2
0
1
1
0
1
1
0
3
1
2
0
3
0
1
0
2
1
1
0
2
3
1
0
1
2
1
2
0
0
0
2
0
0
0
3
1
2
0
1
0
0
1
1
0
2
1
2
0
2
1
1
0
1
2
3
2
1
2
3
0
1
1
0
1
2
1
1
0
1
0
0
2
2
0
0
1
2
0
0
0
0
2
0
0
3
0
2
0
0
0
0
1
2
0
0
0
2
1
0
0
1
0
0
2
1
1
2
0
0
1
1
0
0
1
0
4
2
0
2
1
1
1
0
1
0
0
1
2
3
0
1
0
0
0
0
0
0
0
2
0
0
0
0
2
1
1
0
1
1
1
0
2
1
0
1
1
0
0
2
0
1
1
1
0
0
0
2
0
0
2
1
0
0
0
0
0
1
1
1
0
1
0
1
1
1
1
1
2
0
0
0
0
1
0
0
0
0
3
0
1
0
1
1
0
2
1
1
2
0
0
5
0
0
1
2
0
1
0
0
2
1
0
0
2
0
0
3
0
0
1
0
2
0
0
0
0
0
0
0
0
1
0
1
1
1
0
0
1
0
2
0
0
0
0
1
0
0
1
0
0
1
0
1
0
0
0
0
0
0
0
0
0
0
2
0
1
1
1
0
0
0
0
1
0
0
0
0
0
1
0
1
1
0
0
0
0
1
1
0
0
0
0
1
0
2
0
1
0
0
0
0
0
1
0
0
0
0
1
0
0
1
1
1
0
1
0
0
0
0
0
1
0
0
0
1
0
0
0
0
0
0
0
1
0
0
0
0
0
0
0
1
1
0
0
0
2
3
0
1
0
1
0
0
0
0
1
0
0
0
0
0
1
0
0
0
0
0
0
1
0
0
0
0
0
0
0
0
0
0
0
0
0
0
0
0
0
0
0
2
0
2
0
1
1
0
0
0
0
0
0
1
0
0
0
0
0
1
1
0
0
1
0
0
0
0
0
0
0
0
0
0
0
0
0
0
0
0
0
1
0
0
0
1
1
0
0
0
0
0
0
0
0
0
0
0
0
0
1
1
0
0
0
0
0
0
0
0
0
0
1
0
0
0
0
1
0
1
0
0
1
0
0
0
0
1
0
0
0
1
1
0
0
0
0
0
1
1
0
1
0
0
1
0
0
0
0
0
0
0
0
0
0
0
1
0
0
0
1
0
0
0
0
0
0
1
0
0
0
0
0
1
1
1
0
0
0
0
0
0
1
0
0
0
0
0
0
0
0
0
0
0
0
0
0
0
0
0
0
0
0
0
0
0
0
0
1
0
0
1
0
0
0
