0
0
0
0
0
0
0
0
0
0
0
0
0
0
0
0
0
0
0
0
0
0
0
0
0
0
0
0
0
0
0
0
0
0
0
0
0
0
0
0
0
0
0
0
0
0
0
0
0
0
0
0
0
0
0
0
0
0
0
0
0
0
0
1
1
1
2
3
0
4
3
5
2
3
3
3
2
2
1
1
1
3
13
34
133
355
960
2223
4786
9552
16836
27458
40509
54530
66690
73263
73074
66907
55538
41310
27975
17298
9584
4928
2304
988
370
154
52
18
6
3
1
1
1
3
0
2
1
0
1
1
0
0
0
1
0
1
0
1
0
3
54
54
52
39
57
47
59
49
48
36
40
45
56
50
51
38
24
48
46
32
49
38
44
45
31
29
52
37
40
40
42
42
37
38
34
38
29
34
42
46
42
40
36
40
40
33
35
38
36
42
36
40
44
39
43
32
29
42
40
53
55
57
62
58
50
63
95
105
128
140
211
222
263
298
300
341
350
313
275
246
193
154
154
122
81
75
66
47
57
43
39
39
40
33
44
34
44
58
43
45
39
47
47
39
42
44
63
52
58
61
71
58
71
87
79
90
81
86
96
108
143
145
168
236
266
397
584
897
1422
2260
3575
5231
7706
10197
13237
16406
18594
20701
21239
21006
19804
17505
14749
11835
9025
6694
4819
3555
2510
1857
1376
1028
813
700
555
542
549
670
762
980
1288
1525
1820
2022
2303
2450
2361
2321
2021
1777
1403
1198
879
641
513
411
294
235
195
184
152
146
94
98
94
72
44
45
22
21
14
7
15
5
8
12
9
13
7
10
10
6
13
11
5
6
9
10
8
7
9
6
5
6
7
10
7
10
12
13
12
7
12
14
11
10
16
21
20
24
26
23
36
30
29
24
26
31
17
16
18
22
24
20
20
20
18
24
14
26
25
14
22
21
21
21
13
25
22
13
20
14
24
26
20
13
13
13
8
10
9
8
9
8
11
10
6
3
7
6
10
7
7
5
7
12
5
9
7
7
5
5
4
8
5
7
6
11
6
9
2
5
6
10
8
7
9
6
16
13
16
7
10
17
13
11
7
13
6
10
9
11
15
13
5
8
9
9
10
9
10
16
14
14
12
19
14
9
6
12
7
11
9
7
11
13
9
10
9
9
4
5
12
5
8
7
10
11
9
6
12
11
9
8
8
3
8
8
3
6
11
12
7
10
7
7
5
5
3
9
4
9
5
9
9
1
6
3
5
7
11
4
9
4
6
3
7
7
6
6
8
5
7
6
6
7
5
3
2
8
3
11
4
6
5
7
7
9
12
6
7
4
11
6
9
11
8
7
5
6
7
4
5
6
6
5
5
7
12
6
11
8
2
10
9
11
9
7
6
8
5
5
8
13
10
12
9
9
10
11
7
9
10
13
8
9
11
4
8
13
7
10
5
7
14
6
11
15
13
13
6
7
10
9
8
13
8
7
9
11
9
12
7
9
5
11
19
10
11
11
8
8
10
7
10
17
10
10
15
12
14
20
13
25
24
23
21
24
22
26
28
22
28
25
27
28
23
36
28
37
34
30
33
34
46
44
33
49
34
39
31
36
40
44
38
32
36
32
31
41
34
41
34
25
37
38
23
37
29
27
29
29
26
30
28
26
27
22
20
19
30
28
15
23
25
23
26
22
22
23
14
18
19
26
14
28
20
14
18
17
14
22
17
16
22
24
36
27
23
29
20
26
26
28
18
27
27
24
23
28
28
18
25
27
33
28
25
26
21
25
25
29
29
35
29
28
33
33
19
25
34
34
21
21
18
34
31
30
31
38
43
26
31
32
40
41
39
41
43
31
46
33
32
34
44
31
37
39
42
37
39
50
33
35
56
42
34
45
51
39
54
53
45
56
42
60
40
69
63
57
55
49
54
49
54
67
65
58
50
63
64
73
55
61
70
66
67
65
65
70
59
76
80
60
87
79
94
76
85
109
86
99
95
91
91
96
82
97
97
104
93
82
103
82
85
97
82
92
86
85
89
89
83
74
81
98
80
62
85
81
64
82
84
78
99
95
69
89
81
75
83
85
108
80
86
85
86
83
76
68
86
83
71
95
80
84
91
86
76
73
92
72
79
68
81
81
82
103
96
62
81
65
72
82
73
68
77
71
90
91
79
86
70
83
94
70
82
79
72
74
77
74
76
74
85
86
69
86
97
74
78
71
75
97
74
78
81
55
82
81
72
89
100
75
76
89
65
77
72
80
86
93
88
108
82
90
74
85
97
83
87
76
92
93
75
91
94
93
95
81
115
94
98
91
104
77
97
97
93
104
101
94
96
106
131
158
162
193
255
271
349
407
550
718
838
1058
1359
1761
2040
2475
2882
3224
3744
4205
4524
4935
5167
5310
5396
5461
5425
5064
4590
4481
4038
3623
3062
2773
2333
2000
1576
1351
952
821
613
487
382
275
238
216
162
160
127
132
115
125
122
88
106
139
109
108
100
118
110
106
90
94
95
96
96
81
114
84
103
101
92
119
109
104
131
111
113
117
115
117
118
101
138
114
102
115
98
103
112
123
111
92
114
128
94
142
115
113
116
151
139
140
133
144
148
157
140
169
224
233
262
284
323
340
411
437
535
560
570
616
737
761
783
850
822
840
779
773
752
739
672
625
608
521
437
400
340
295
257
255
212
183
176
177
156
172
149
148
128
140
139
134
128
143
119
154
146
118
155
136
159
147
150
163
127
160
157
142
144
161
150
152
157
140
163
176
160
160
179
175
153
161
155
186
168
168
142
176
182
182
182
198
183
168
212
168
181
219
200
206
175
203
216
236
214
251
203
256
240
215
224
268
233
240
254
263
264
276
270
277
257
287
303
289
268
322
310
304
310
286
312
330
323
332
337
336
357
320
328
353
333
342
339
359
355
351
378
345
380
367
362
358
383
328
360
361
347
380
334
326
343
316
364
347
360
328
319
328
344
335
290
300
302
311
309
307
300
289
293
279
288
254
264
241
266
264
256
231
238
245
244
229
235
221
257
217
236
230
211
203
191
185
228
207
224
167
197
167
200
201
194
174
170
211
200
201
185
169
177
171
171
152
168
180
185
178
177
153
165
160
178
155
151
189
162
187
169
174
160
171
160
172
168
172
181
167
160
166
177
180
162
187
185
158
160
173
175
175
169
189
172
168
199
192
187
173
204
188
182
182
204
221
219
193
224
232
231
234
238
240
205
211
212
239
202
218
226
218
218
218
202
237
243
191
197
185
202
202
229
212
192
188
189
202
229
187
178
200
185
166
195
198
186
167
198
175
189
184
186
189
193
197
196
179
172
197
187
165
174
159
173
172
185
185
159
199
196
172
178
183
154
163
182
172
223
167
179
159
178
192
183
155
206
178
193
187
180
164
183
166
192
181
190
178
188
185
184
173
166
182
178
184
181
185
187
178
181
186
211
179
180
195
188
201
183
180
188
176
181
180
184
184
176
182
165
203
172
176
196
187
204
196
189
179
215
173
182
172
197
203
186
195
155
190
192
220
189
192
205
195
187
193
184
171
193
182
199
214
200
180
206
202
213
193
182
195
219
210
205
188
207
222
201
211
184
205
211
192
211
213
213
200
214
236
238
232
206
246
234
255
203
232
217
236
210
197
221
198
231
219
217
217
203
211
211
231
232
200
215
222
206
240
214
246
224
219
205
238
261
236
222
250
246
243
242
248
252
227
233
237
244
233
225
235
254
229
252
236
241
256
245
233
234
228
226
224
230
270
231
243
219
221
241
218
225
223
233
219
218
208
219
208
221
222
226
217
229
229
204
216
223
216
226
212
217
208
221
207
222
176
213
208
216
190
237
205
232
221
209
218
192
212
235
198
214
199
185
207
205
188
185
186
219
215
211
191
181
212
191
199
211
208
193
170
185
190
206
189
208
212
196
205
216
212
209
219
202
200
197
175
202
197
195
192
185
204
169
184
182
203
200
194
187
174
188
213
207
194
200
196
220
217
200
184
194
197
237
195
204
185
179
214
177
194
199
197
173
196
177
225
202
196
194
196
195
182
185
201
208
207
210
222
203
203
202
201
206
209
177
184
201
186
193
194
196
189
219
218
177
181
193
209
173
191
181
190
187
206
216
194
206
193
175
211
183
190
210
184
207
194
203
187
223
194
185
205
204
192
195
188
185
189
191
224
212
192
184
200
222
207
193
175
185
222
215
200
179
215
193
189
216
205
202
203
191
207
210
180
210
198
178
205
232
184
236
180
216
225
217
198
178
205
224
170
198
201
203
226
219
227
211
193
205
192
205
204
206
219
220
206
222
204
234
227
212
213
203
228
233
201
236
205
209
227
193
224
207
249
258
216
245
233
222
238
217
238
242
213
216
254
256
241
252
267
235
213
253
252
249
272
268
268
303
240
247
298
279
274
297
270
303
253
302
266
302
298
302
319
339
312
330
300
311
312
318
330
348
350
362
332
391
382
391
340
393
385
412
364
423
387
433
439
471
447
510
479
484
560
525
563
535
562
578
598
568
632
634
660
719
693
721
833
819
856
820
807
847
918
937
953
958
994
1037
1042
1018
1102
1073
1115
1064
1160
1117
1113
1112
1162
1163
1174
1173
1172
1224
1123
1247
1135
1146
1179
1148
1172
1158
1060
1176
1142
1093
1123
1048
1053
977
963
975
912
938
906
852
781
791
853
807
758
696
731
704
664
670
604
571
578
503
495
574
510
490
441
442
424
427
394
415
372
361
349
388
314
339
352
355
303
317
297
280
304
298
285
265
290
272
271
273
280
217
223
216
241
231
231
226
217
229
209
209
201
208
199
217
195
212
208
197
205
205
174
168
201
182
202
170
175
169
202
207
164
188
188
205
244
222
207
216
271
243
241
291
278
296
308
350
316
311
313
330
355
382
407
379
349
419
366
372
379
423
371
433
380
390
371
342
313
316
339
295
267
270
249
246
214
222
195
186
178
176
165
142
153
158
119
132
142
135
130
118
131
133
110
137
141
134
137
144
140
128
129
122
97
132
130
144
139
139
145
138
143
138
160
150
164
127
172
154
162
160
171
180
165
178
170
179
193
181
171
175
176
187
203
181
197
202
177
198
188
206
192
208
206
194
215
207
224
201
213
204
212
257
181
206
213
212
225
208
203
212
218
213
220
191
207
205
178
208
212
192
175
195
192
172
178
178
201
171
167
153
166
147
177
154
175
157
151
150
144
167
147
126
164
120
127
134
118
116
125
97
130
111
118
109
93
96
87
123
107
78
87
99
104
81
83
103
86
102
87
88
84
80
74
86
80
90
82
83
83
87
60
76
80
62
63
62
69
70
67
89
52
72
68
76
74
64
70
55
52
61
63
55
59
64
58
77
57
50
60
65
60
38
47
55
47
58
58
54
53
42
46
45
49
54
72
47
46
57
57
50
49
56
50
55
62
50
47
42
47
54
42
45
56
52
38
45
66
58
54
59
65
78
59
69
71
80
72
58
68
58
74
61
66
75
66
59
70
67
62
67
51
53
56
48
51
53
51
38
60
47
38
48
45
36
44
43
41
48
38
40
45
29
29
40
38
42
35
26
30
41
39
30
40
34
45
40
44
43
34
48
39
40
48
30
32
30
32
33
37
56
24
38
35
27
36
31
34
30
26
28
42
22
35
33
26
26
35
31
28
28
30
25
32
36
28
26
29
35
32
38
31
27
31
28
43
25
17
29
25
27
26
27
34
21
34
20
27
32
26
32
31
18
27
29
25
36
31
18
22
26
25
29
24
26
35
21
20
37
23
26
33
32
22
31
20
29
27
35
33
23
26
32
18
20
26
29
31
25
26
24
16
32
22
30
28
19
31
24
36
24
26
20
14
19
22
20
23
30
22
24
27
18
23
23
30
20
22
25
18
22
36
25
33
26
23
28
22
22
23
22
17
20
30
30
29
17
22
21
21
18
26
20
32
22
23
24
23
16
20
17
33
28
18
16
25
22
26
22
22
25
17
21
23
22
28
25
17
22
20
23
23
30
21
24
17
25
20
19
15
18
15
23
19
15
30
11
16
16
20
14
22
17
23
19
12
24
16
23
24
14
23
22
16
19
18
21
17
21
25
19
18
22
18
13
16
24
11
23
11
14
24
15
23
21
23
21
12
21
19
19
16
24
20
16
13
14
13
17
19
21
12
15
20
12
17
30
16
16
17
8
21
17
21
21
20
11
12
14
21
13
13
17
11
18
14
17
18
24
23
11
25
12
18
14
15
22
15
15
16
14
14
17
21
13
15
14
10
18
14
16
9
14
18
14
13
13
13
11
10
12
11
15
14
12
14
10
13
17
12
14
17
15
8
15
9
12
12
18
11
13
15
10
12
13
19
13
16
14
14
9
14
13
17
11
12
12
20
16
12
11
8
13
9
18
14
13
13
12
11
8
9
11
7
11
12
17
16
9
10
14
10
15
12
9
13
16
13
12
7
8
19
12
12
15
7
9
9
12
12
7
13
10
12
7
4
15
16
8
9
16
15
6
15
12
12
24
13
17
14
9
9
19
15
9
11
16
11
18
7
14
7
6
11
7
11
12
6
10
12
16
9
10
14
10
13
4
12
9
14
8
16
6
8
8
9
6
8
7
12
8
6
6
10
3
13
9
14
6
8
6
11
11
7
6
12
7
13
12
9
13
16
9
5
14
2
7
6
6
16
11
9
3
8
9
11
4
6
11
6
7
15
9
8
10
15
11
12
7
6
6
10
7
5
8
9
7
6
7
12
11
11
4
5
8
11
7
9
9
13
12
8
9
2
9
5
11
9
5
6
10
3
6
8
12
12
2
11
8
13
7
4
6
4
5
7
11
8
5
6
7
13
5
8
6
8
9
6
6
11
4
8
8
10
3
7
8
8
10
8
7
6
5
9
6
7
10
5
7
2
8
8
7
4
4
6
18
7
9
3
6
3
3
3
6
3
5
5
6
3
5
8
7
5
3
7
5
5
3
5
8
4
6
7
5
4
5
6
5
8
2
12
10
6
5
6
3
6
8
6
7
4
13
5
5
2
3
5
9
9
8
3
5
6
9
7
4
7
5
4
9
1
4
7
4
4
9
4
4
7
2
7
5
5
7
4
5
3
2
3
4
1
5
6
10
9
2
5
4
6
5
6
6
6
7
6
5
7
6
5
3
6
2
3
5
5
5
6
5
10
7
2
2
6
5
6
6
5
4
4
3
4
5
8
2
3
4
3
3
4
6
2
5
5
3
3
5
5
3
4
2
5
5
5
5
1
3
2
1
4
1
3
3
5
2
4
5
6
2
2
0
6
5
4
6
4
5
1
0
8
5
2
2
3
1
4
2
5
6
2
4
4
2
4
5
2
3
3
2
2
6
2
4
1
1
2
5
2
7
7
6
4
2
3
4
2
6
5
6
4
2
2
2
5
3
2
6
2
6
2
1
4
3
2
1
3
3
7
4
1
1
4
1
3
4
6
5
2
2
2
3
2
2
3
5
5
4
3
2
4
1
0
1
2
1
2
2
3
2
4
4
3
4
1
1
8
2
3
4
5
2
3
4
5
1
0
1
4
1
2
2
1
1
3
2
2
3
4
1
2
2
4
3
4
4
1
4
3
1
2
3
3
2
3
0
2
2
4
1
2
3
5
3
3
2
1
1
1
1
1
3
0
1
1
1
3
1
3
0
2
2
0
4
3
1
2
4
3
2
4
3
3
4
3
5
1
1
1
1
4
0
2
1
1
1
6
4
1
6
3
1
1
2
0
7
1
2
2
1
1
5
2
2
1
1
2
2
0
2
1
1
1
1
1
2
2
1
3
2
2
1
3
1
4
2
1
0
1
2
3
2
5
0
3
1
4
2
1
2
0
1
2
3
1
2
2
3
4
1
1
1
3
0
2
2
3
2
2
2
1
1
1
1
1
1
3
1
2
0
2
3
2
1
2
1
1
1
0
2
4
2
0
0
0
0
0
2
1
0
2
1
1
3
1
2
2
0
1
1
1
1
1
1
2
2
2
0
2
3
1
5
0
2
2
2
0
0
1
3
0
0
2
0
1
1
1
0
1
0
1
0
2
0
0
1
2
3
0
2
1
0
0
1
0
1
1
1
4
1
0
2
0
1
2
1
0
1
1
1
0
0
0
5
0
0
2
3
0
2
1
0
1
4
0
0
1
1
1
0
0
0
0
2
0
1
2
1
3
0
1
0
0
1
1
1
2
0
1
3
1
2
0
1
2
0
0
1
0
0
2
2
1
0
2
0
3
2
0
2
0
1
0
1
0
1
0
0
1
1
4
2
0
3
1
0
1
1
1
0
1
2
0
2
1
0
1
1
2
0
2
0
0
1
2
0
0
2
0
0
0
1
2
1
1
2
0
2
0
0
2
0
1
3
1
0
0
1
1
1
1
0
2
1
1
0
0
1
0
1
0
1
3
0
0
1
0
1
0
1
0
1
1
2
1
0
1
0
0
0
0
1
0
0
0
1
0
2
1
0
0
1
0
2
0
1
0
1
0
0
0
0
0
1
0
1
1
1
1
1
0
0
0
1
1
0
0
1
1
1
2
0
1
0
1
1
0
0
0
1
0
0
0
1
0
0
1
1
2
0
0
2
1
0
0
0
1
0
1
1
0
0
3
0
0
0
0
0
1
0
0
1
1
1
1
0
1
0
0
0
1
1
0
0
1
0
0
1
1
0
0
0
0
2
0
0
0
0
0
1
0
2
1
1
1
0
0
0
1
1
0
0
0
2
0
1
0
0
1
0
0
1
0
0
0
0
0
1
0
0
1
0
0
0
0
2
0
0
0
1
0
0
1
0
0
0
1
0
1
0
0
0
0
1
1
1
1
1
2
1
0
0
0
1
0
0
1
0
0
0
1
1
0
0
0
0
0
0
0
0
1
0
0
0
0
0
0
0
1
1
0
2
0
1
1
1
0
0
2
0
0
0
0
0
0
1
1
0
0
0
0
0
0
1
0
2
0
1
0
1
0
0
0
1
2
0
1
0
0
0
0
0
0
0
0
1
0
0
0
0
0
1
0
0
2
1
0
0
1
0
0
0
0
0
0
0
1
1
1
0
0
0
0
2
0
0
0
0
0
0
0
0
0
0
0
0
0
0
0
0
0
0
0
0
0
0
0
0
0
0
1
0
0
0
0
0
0
0
0
0
0
0
0
0
0
0
0
2
0
0
0
0
1
2
0
0
0
0
0
0
0
0
2
0
0
0
1
0
0
0
0
0
0
0
0
0
1
0
1
0
0
0
0
0
0
0
0
0
0
0
0
0
0
0
0
0
0
0
0
0
0
1
0
1
1
1
0
0
1
1
0
0
0
0
1
0
1
0
1
2
1
0
0
0
1
0
0
1
0
0
1
1
0
0
0
0
0
0
0
0
0
0
0
