0
0
0
0
0
0
0
0
0
0
0
0
0
0
0
0
0
0
0
0
0
0
0
0
0
0
0
0
0
0
0
0
0
0
0
0
0
0
0
0
0
0
0
0
0
0
0
0
0
0
0
0
0
0
0
0
0
0
0
0
0
0
0
0
0
0
0
2
3
3
0
7
3
3
1
2
4
0
1
5
6
5
14
41
128
337
937
2115
4801
9561
17228
28000
40644
53951
66367
73496
73288
66400
55193
41251
28010
17438
9817
4835
2451
1000
399
147
41
13
4
2
3
4
0
0
3
2
0
2
1
2
2
0
1
0
0
0
1
0
0
4
55
58
54
62
45
43
45
50
49
43
45
41
44
32
50
42
54
52
46
43
31
56
48
43
51
41
31
49
43
34
45
50
47
43
34
44
46
51
45
31
38
29
43
37
40
36
39
46
43
30
36
34
42
38
49
51
40
47
62
52
47
57
56
45
58
61
80
129
114
168
160
258
257
297
334
340
317
330
262
247
207
172
131
113
75
62
74
54
59
42
48
42
38
38
34
33
40
47
36
52
42
49
67
53
45
41
46
61
63
57
63
71
78
73
90
88
91
104
112
124
111
152
169
182
255
343
521
884
1412
2344
3582
5167
7372
10126
13002
16194
18560
20398
21047
20749
19370
17294
14723
11917
8845
6660
4945
3577
2490
1844
1313
1044
844
673
595
554
536
626
715
980
1157
1486
1778
2092
2332
2406
2424
2204
2026
1745
1466
1145
876
625
486
391
301
239
200
197
170
150
113
99
92
53
50
42
30
17
17
14
7
8
13
7
11
4
11
6
10
12
8
12
7
9
7
13
9
6
6
7
10
13
10
8
6
13
7
6
9
10
15
10
11
12
12
20
18
24
19
34
22
31
21
35
33
31
38
28
31
10
19
19
24
22
28
11
27
22
22
24
21
26
17
18
15
24
22
27
13
19
22
14
13
16
14
8
12
18
13
9
7
5
7
3
7
7
7
4
6
5
8
9
6
3
10
6
4
5
5
3
4
9
2
6
2
6
3
6
9
10
10
11
9
6
9
14
9
8
15
16
9
14
7
18
15
9
8
9
11
12
9
5
11
10
12
5
11
8
15
7
13
7
9
18
12
11
19
6
17
9
10
10
3
10
8
11
7
6
10
9
5
8
5
2
4
7
4
5
9
3
5
7
8
8
5
3
6
8
4
9
5
10
8
12
6
6
5
5
12
5
7
7
6
8
6
6
10
7
11
9
6
6
8
7
8
1
8
10
8
4
7
9
5
6
7
8
5
4
8
4
6
6
4
5
7
4
2
11
7
7
4
7
2
3
10
5
5
5
4
8
9
6
10
6
12
4
8
5
10
10
3
6
8
7
7
7
10
8
8
8
9
10
12
7
11
5
13
10
6
8
5
9
6
9
5
11
8
5
6
9
5
9
10
4
8
7
8
8
9
9
9
11
6
9
14
10
11
17
9
8
15
12
6
9
13
8
12
10
13
14
6
9
17
10
9
12
16
5
17
20
14
16
15
25
20
19
12
17
21
16
24
29
24
33
32
39
24
38
41
33
38
32
43
33
34
47
36
37
34
43
46
43
34
40
29
46
31
38
38
38
28
33
33
23
30
24
33
14
26
23
28
28
30
27
24
23
16
22
22
16
19
22
23
32
34
19
32
29
19
27
24
18
20
25
18
28
17
12
22
20
30
19
24
26
15
18
23
17
25
20
17
24
14
29
24
26
25
18
24
24
36
25
27
24
22
21
27
36
23
37
29
35
24
28
22
30
30
27
29
39
30
37
22
25
33
38
32
32
24
39
30
34
36
32
40
43
42
47
32
43
33
35
37
26
25
39
50
44
42
40
49
48
43
57
43
42
48
49
51
51
40
44
51
56
55
47
53
58
48
51
56
61
61
66
55
61
72
60
68
57
62
75
71
63
74
69
68
85
78
81
81
95
74
89
80
100
127
103
82
97
106
109
102
96
88
99
79
90
100
88
94
89
99
92
87
75
83
72
82
76
77
73
81
85
69
95
79
77
82
72
76
83
96
68
75
81
78
78
66
77
73
68
72
77
79
75
82
81
73
78
53
74
76
93
102
71
82
80
85
77
84
82
68
85
56
64
73
83
96
75
68
73
71
76
79
66
87
73
86
65
101
79
79
80
81
79
77
64
90
63
85
84
78
84
86
73
68
80
81
86
77
92
72
76
85
70
85
78
82
75
84
73
82
86
66
85
63
77
93
95
89
76
82
81
70
78
90
78
87
82
89
101
87
97
85
88
80
78
95
80
88
96
99
111
104
90
115
96
108
114
126
109
129
141
169
201
215
259
323
419
512
689
873
1098
1352
1668
2028
2389
2869
3220
3763
4107
4415
4910
5153
5269
5378
5339
5357
5004
4714
4423
4091
3501
3157
2680
2304
1919
1589
1275
1031
822
575
468
390
300
253
218
168
166
137
145
135
120
101
115
94
101
111
105
107
126
98
101
83
99
92
100
113
90
125
96
109
109
100
99
123
117
102
119
100
104
104
114
99
102
117
106
114
98
94
105
118
129
116
132
106
125
119
144
118
127
142
127
140
131
121
148
147
147
169
176
204
210
240
279
281
381
421
458
493
530
595
649
733
720
795
841
830
780
839
783
750
666
622
611
519
508
419
341
337
298
247
223
221
195
164
174
165
133
168
156
156
140
143
151
145
156
130
124
157
134
121
160
154
146
134
152
176
152
142
128
146
147
169
160
139
148
162
165
149
170
165
130
172
177
161
178
203
129
173
161
175
155
174
185
172
176
194
210
185
203
177
210
213
206
192
209
185
225
216
226
221
232
244
249
224
241
256
247
278
260
272
255
280
267
262
273
303
307
309
280
297
289
347
314
326
344
299
336
342
361
348
326
353
381
322
364
352
354
336
372
361
348
400
351
359
359
305
356
358
328
369
362
369
349
364
356
339
369
323
353
354
304
318
324
311
321
310
294
272
294
284
283
220
279
260
257
253
255
277
282
241
237
232
219
253
240
249
195
228
232
207
222
200
199
217
216
184
205
190
191
172
183
213
197
184
177
169
184
163
168
150
170
172
174
163
182
174
169
147
168
173
165
177
151
161
177
188
153
147
171
174
168
156
176
163
155
180
144
130
168
155
188
163
160
128
194
167
178
161
164
190
173
177
168
182
186
162
192
160
171
191
219
219
182
206
215
245
207
216
197
216
215
201
229
185
248
213
229
215
191
245
228
235
191
212
242
208
225
211
223
204
202
198
203
215
202
217
210
220
209
177
191
195
195
205
188
185
176
188
213
186
201
209
193
200
175
198
186
186
189
184
183
199
146
183
179
157
183
165
180
188
191
180
175
182
162
174
190
167
179
193
182
201
177
174
205
183
180
176
191
162
177
176
199
175
179
167
152
177
190
207
180
189
152
197
164
188
194
170
196
173
179
171
196
162
171
195
195
188
182
171
186
173
192
197
182
204
192
189
207
176
160
172
182
202
199
201
171
195
202
174
192
195
189
183
194
191
213
191
197
169
200
184
191
201
202
197
213
199
216
187
177
191
190
212
199
195
228
224
199
198
187
248
209
231
172
212
220
210
214
222
185
220
230
213
240
217
229
212
208
201
220
215
201
233
232
222
221
231
241
200
228
216
228
210
227
221
198
226
229
238
218
214
204
246
216
247
220
241
222
230
258
225
242
226
237
255
242
256
255
254
252
239
253
221
239
261
263
239
240
245
248
225
253
227
217
254
244
244
232
254
226
233
231
241
243
227
219
251
232
236
199
202
233
228
194
233
232
250
230
207
229
221
186
229
201
226
218
198
216
233
253
223
226
226
206
206
205
216
236
212
202
186
208
224
182
200
215
200
212
192
216
211
237
206
219
188
206
199
207
223
210
185
208
225
167
231
209
192
225
188
185
207
196
187
207
182
217
204
191
171
183
192
198
211
210
203
179
202
196
202
202
199
172
178
191
190
211
184
191
213
207
226
184
201
205
225
191
196
201
217
208
209
204
215
173
206
226
221
193
207
202
189
214
192
194
200
185
194
179
181
217
183
209
200
201
194
178
210
218
213
192
196
189
190
186
209
198
186
212
224
188
203
201
183
221
202
205
198
193
196
176
176
232
189
199
175
180
194
202
209
200
191
175
185
206
221
213
192
175
222
197
198
213
193
211
173
210
206
208
231
232
196
184
204
183
243
201
231
201
214
190
216
210
196
187
204
186
214
226
183
209
210
205
195
199
196
194
214
187
220
201
203
199
203
197
193
201
203
223
210
196
224
220
195
230
221
198
223
227
239
247
233
190
218
223
241
222
238
228
233
228
212
222
216
228
221
232
218
256
204
236
244
235
224
226
247
224
238
245
257
261
263
254
260
252
256
262
291
294
255
269
239
269
271
303
281
301
264
282
261
303
305
291
258
316
291
306
311
281
320
297
307
333
354
339
339
347
301
344
353
329
355
381
344
395
417
404
413
414
415
429
429
455
462
459
470
479
481
515
527
541
559
588
543
629
600
657
678
649
688
765
740
734
796
837
798
870
870
945
922
976
990
980
1016
1064
1095
1118
1084
1085
1089
1169
1126
1177
1106
1135
1188
1231
1188
1216
1213
1177
1225
1187
1228
1077
1169
1231
1161
1116
1060
1142
1068
1034
996
1010
1042
973
989
946
911
876
881
879
811
784
788
704
753
693
664
652
623
599
621
529
555
546
558
508
461
507
471
452
429
386
388
385
372
367
368
367
381
338
323
324
319
296
319
293
262
275
292
270
237
287
240
243
259
276
254
232
253
228
234
220
218
231
243
209
222
228
209
203
204
191
197
212
217
206
191
188
192
195
187
173
205
174
193
190
201
204
217
224
231
247
215
260
246
249
285
282
296
264
327
311
330
360
340
337
346
406
384
395
382
363
421
373
418
408
384
392
378
352
344
340
344
312
304
296
280
276
277
203
200
205
192
198
195
161
159
162
152
133
135
144
133
134
156
135
141
138
155
135
153
154
130
142
122
101
118
125
147
141
151
135
162
128
130
136
143
143
165
156
154
154
174
169
169
153
164
156
213
161
161
169
152
164
179
185
197
198
198
205
218
208
206
201
212
221
208
231
201
225
218
205
220
207
204
218
237
233
199
214
219
213
220
210
232
225
225
209
201
216
193
199
225
184
195
197
184
182
184
193
184
179
162
172
150
190
174
165
175
167
163
142
156
133
144
162
134
138
130
118
119
116
132
124
112
149
105
125
111
107
107
116
100
91
106
111
88
94
82
85
77
103
80
73
94
64
74
64
76
74
77
84
82
73
65
79
66
74
65
86
70
73
70
68
73
64
74
60
65
57
56
63
64
68
61
70
60
56
55
55
53
68
53
63
50
58
48
55
44
39
51
40
45
46
52
61
73
55
56
63
50
55
60
54
48
60
51
50
44
53
61
45
53
40
56
58
49
41
52
46
47
63
59
65
53
51
59
58
67
60
53
71
72
82
59
72
63
68
65
74
64
60
62
62
67
55
56
50
60
69
51
51
49
50
48
36
53
38
48
33
48
29
28
43
42
48
28
36
36
37
36
39
35
44
41
33
34
49
35
39
49
37
32
55
35
45
32
40
39
38
31
53
27
30
44
41
46
30
40
40
31
31
33
29
40
28
24
41
24
48
35
26
25
41
31
25
26
26
28
25
35
25
36
33
33
25
24
34
25
28
31
32
31
23
14
42
14
38
35
16
33
23
30
24
29
31
20
22
27
27
34
36
21
20
21
23
33
26
23
23
29
27
30
28
29
20
27
17
19
25
23
28
29
21
32
20
27
32
23
25
27
26
18
20
23
28
30
23
25
29
25
23
20
26
33
26
25
19
23
29
29
20
22
30
27
21
24
25
23
27
31
20
22
23
32
29
16
25
20
20
22
20
28
30
17
27
22
19
20
18
34
30
20
20
26
20
22
23
21
22
32
18
19
21
26
19
20
26
27
25
17
25
28
22
16
27
17
20
14
18
30
20
20
17
17
19
13
12
26
22
22
16
22
19
19
18
22
28
21
14
23
16
19
19
21
17
30
15
21
18
16
23
23
23
16
17
30
16
15
22
20
19
12
16
19
19
20
14
25
23
14
22
30
20
21
17
11
18
17
15
13
16
18
18
22
10
17
16
22
12
16
10
22
17
22
17
15
26
11
26
13
22
14
15
25
14
14
12
17
18
20
11
18
27
16
17
16
20
18
17
14
16
14
18
11
13
12
21
16
22
19
16
11
20
15
17
13
17
13
12
18
19
17
16
16
15
10
13
16
15
12
18
17
12
19
14
17
19
17
18
11
14
17
15
12
15
7
7
14
15
12
11
13
17
13
14
15
13
9
7
12
17
10
9
16
8
9
8
13
7
15
11
10
13
15
21
12
10
12
10
19
9
14
17
14
15
13
13
16
15
9
15
10
20
13
11
13
14
11
20
7
6
10
9
8
15
12
15
7
6
10
9
14
13
14
12
11
20
11
17
11
11
10
10
11
11
12
7
12
8
13
11
11
3
16
18
5
10
10
7
12
8
9
11
10
10
9
7
12
13
9
13
10
7
13
6
12
11
9
9
8
8
9
9
12
16
6
11
10
11
9
6
7
14
10
5
10
15
13
6
13
11
9
13
12
6
8
14
3
11
6
6
9
6
6
5
12
9
9
11
7
14
10
8
10
13
7
10
17
13
10
11
9
10
5
10
10
9
7
5
5
4
14
17
7
6
8
10
9
3
11
10
8
4
9
11
7
9
8
7
5
8
3
7
9
7
7
9
6
5
4
8
5
14
6
9
7
3
10
10
9
11
5
11
9
5
6
7
9
6
13
4
14
6
5
9
11
14
10
10
8
9
3
7
5
9
6
7
6
8
10
10
4
9
4
9
2
12
10
6
3
6
11
5
4
14
5
6
5
3
15
6
1
10
4
5
10
7
9
6
3
10
5
7
5
4
6
10
3
9
6
6
2
8
3
8
3
9
3
9
5
7
9
4
7
5
10
7
8
6
7
4
7
14
10
5
3
3
1
7
4
5
3
4
7
1
5
2
6
1
8
5
4
10
5
4
6
2
1
5
0
12
9
5
7
6
3
8
4
3
3
6
9
3
5
6
5
3
3
7
5
3
7
5
3
6
5
3
6
6
6
1
4
4
4
8
1
3
2
6
7
4
2
2
5
5
7
3
7
4
8
2
2
7
2
7
5
6
8
5
3
4
7
7
5
11
5
0
3
3
7
3
3
2
5
7
3
2
4
2
3
7
5
7
3
2
1
4
8
2
1
3
2
7
7
2
5
5
4
8
4
6
2
3
7
8
3
2
1
1
4
3
5
4
2
3
5
5
2
7
4
3
9
7
8
9
3
4
3
6
6
1
2
4
4
4
3
3
1
5
6
6
3
5
2
0
3
3
3
2
2
2
5
2
5
2
4
6
5
3
2
3
5
3
1
0
2
3
3
4
6
5
3
4
5
3
5
2
3
3
3
2
4
1
4
4
4
6
1
3
7
6
5
2
1
5
3
1
3
1
2
1
4
3
2
1
2
1
2
2
5
4
2
1
3
4
1
2
2
4
2
3
3
1
6
1
3
2
2
3
2
0
2
5
1
2
0
5
5
2
0
6
3
2
1
1
4
1
1
1
1
1
1
1
0
3
3
0
2
0
1
2
2
4
3
2
1
2
3
4
2
2
1
2
1
4
2
2
1
2
1
3
1
1
4
0
4
2
5
1
1
5
2
2
1
1
1
1
3
2
3
1
1
0
3
1
3
3
3
2
1
2
0
3
4
0
0
4
0
1
1
2
3
2
4
3
3
0
2
0
1
1
1
2
3
2
1
1
1
3
1
3
0
0
0
1
1
2
1
2
0
2
2
1
3
0
3
2
1
3
0
1
1
3
1
0
3
2
2
0
0
3
1
0
1
1
2
1
4
5
1
0
2
2
0
2
4
1
2
1
0
7
2
4
1
2
1
0
2
1
2
3
1
4
3
1
2
2
0
0
1
2
2
1
1
0
0
0
0
1
1
0
1
1
0
0
1
0
1
0
1
3
2
0
0
0
0
0
1
0
0
2
0
1
2
1
0
1
3
1
1
1
2
2
0
2
0
2
0
3
2
1
4
0
0
0
0
0
1
1
1
0
1
2
1
2
0
1
1
0
2
0
0
0
0
1
2
0
2
0
2
0
1
1
0
0
2
0
0
1
0
1
0
1
2
2
0
1
1
3
2
4
3
1
3
1
0
0
2
1
0
1
2
1
0
0
1
1
1
0
0
2
2
3
0
1
0
1
0
2
0
1
0
4
2
1
1
0
2
1
0
2
3
1
2
0
0
0
0
1
0
0
1
1
1
0
0
0
0
0
0
3
0
0
1
1
2
1
1
0
0
0
2
1
0
2
0
0
0
0
0
0
2
0
1
0
0
0
1
0
1
1
0
0
1
1
0
0
0
0
0
0
0
0
1
3
0
0
2
1
0
1
1
0
0
1
1
0
2
1
2
1
0
0
0
0
1
0
0
0
0
0
0
0
1
1
0
0
0
0
0
0
0
1
2
0
2
2
2
2
2
0
0
0
0
0
2
0
1
1
1
0
1
1
0
0
0
0
1
1
0
1
1
0
1
0
1
0
0
2
0
1
0
0
0
1
0
0
1
1
2
0
0
0
3
2
0
1
0
1
0
2
1
0
1
0
0
0
1
0
1
0
1
0
2
0
0
0
0
2
0
0
1
1
1
1
0
1
0
1
0
1
1
0
0
1
0
0
0
0
1
0
1
1
1
1
0
2
0
0
0
0
0
0
1
0
0
2
1
0
0
1
0
2
0
0
0
2
0
1
1
1
1
0
1
0
0
0
0
0
0
0
1
1
2
0
0
2
0
1
0
1
0
0
1
1
0
0
0
2
0
1
0
0
0
0
0
0
0
0
1
0
1
0
0
1
0
0
0
0
0
1
0
0
1
0
0
0
0
0
0
0
2
1
1
1
0
0
0
0
0
0
0
1
1
0
0
0
1
1
0
0
0
0
0
0
0
0
0
0
2
1
2
1
0
1
0
0
0
0
0
0
0
1
0
0
0
1
0
0
0
0
0
1
0
1
0
0
0
0
1
1
0
0
0
0
0
0
0
0
0
0
0
1
0
0
0
0
0
0
0
1
0
0
1
0
0
0
0
0
0
0
0
0
0
1
0
0
0
0
0
0
0
0
0
0
0
1
0
0
0
0
0
0
0
0
1
0
0
0
0
0
0
0
0
0
0
0
0
1
0
0
0
0
0
0
0
0
0
0
0
0
0
0
0
0
0
0
0
0
0
0
0
0
0
0
0
0
0
0
0
0
0
0
0
0
1
0
0
1
0
0
0
0
1
0
0
0
1
0
0
0
2
0
0
0
