0
0
0
0
0
0
0
0
0
0
0
0
0
0
0
0
0
0
0
0
0
0
0
0
0
0
0
0
0
0
0
0
0
0
0
0
0
0
0
0
0
0
0
0
0
0
0
0
0
0
0
0
0
0
0
0
0
0
0
0
0
1
0
0
0
2
1
1
4
3
4
4
1
2
1
3
2
3
2
3
4
3
12
42
123
342
919
2202
4772
9510
16875
27778
40688
54132
66631
73136
73241
66637
55097
41602
28097
17423
9764
5043
2325
1002
369
146
37
18
3
3
2
1
2
1
1
2
1
1
2
0
2
0
1
2
0
1
0
0
0
6
51
57
54
49
40
50
52
43
40
42
52
32
48
42
53
40
49
52
45
35
48
42
28
40
51
31
51
37
47
42
48
39
38
42
47
38
44
32
37
37
52
34
36
39
39
39
34
40
31
25
41
35
47
58
41
34
40
48
53
48
51
42
51
43
59
68
72
102
115
157
189
212
262
328
326
339
365
326
295
279
178
153
121
108
95
68
61
53
43
46
44
36
30
36
40
44
42
26
41
54
51
36
36
49
51
31
44
68
63
69
66
68
78
77
97
73
83
88
110
122
148
156
168
207
286
373
565
939
1331
2186
3578
5324
7615
10283
13353
16216
18806
20932
21796
21217
19771
17467
14690
11853
9095
6816
4984
3569
2437
1922
1337
1078
835
672
562
554
560
657
774
952
1257
1513
1919
2183
2314
2444
2435
2296
2119
1789
1500
1182
915
660
509
385
295
263
236
192
153
153
111
98
90
46
49
30
26
17
16
20
9
14
20
12
13
13
6
12
9
9
7
10
5
12
10
9
9
5
11
11
9
6
9
10
9
3
7
12
12
7
7
19
9
18
24
19
18
18
19
29
28
31
27
28
23
22
26
21
18
21
18
12
22
23
22
25
18
19
10
16
19
26
23
16
26
23
18
18
24
15
9
27
20
15
13
15
11
9
5
15
6
5
6
6
7
4
4
2
2
10
10
8
6
10
6
8
6
10
5
9
7
8
7
7
6
8
11
4
8
3
11
7
8
8
10
20
20
15
19
19
11
15
15
12
15
9
8
7
8
14
9
7
11
10
8
6
10
11
11
9
8
12
9
12
9
17
13
9
16
12
10
7
7
10
10
3
11
9
7
11
8
3
11
8
2
1
4
7
4
3
3
3
7
10
8
7
7
10
5
6
9
5
9
4
2
3
6
13
3
11
4
3
3
9
8
7
7
4
12
5
6
4
3
3
10
9
5
6
6
6
10
7
6
11
2
4
6
6
8
8
8
8
11
10
11
4
7
5
2
7
7
6
8
9
7
15
14
9
12
6
12
9
6
6
3
13
5
6
7
10
8
6
9
6
10
5
6
7
11
6
7
9
7
6
3
8
8
5
7
9
13
5
15
7
4
7
8
8
6
6
7
11
8
7
7
10
11
8
9
10
8
7
11
7
9
13
4
11
10
14
10
5
12
13
10
12
10
10
10
11
12
14
8
11
8
12
11
16
15
10
20
13
24
20
21
19
17
27
20
23
22
29
31
35
27
27
26
24
36
32
43
38
37
41
31
35
41
49
41
37
39
40
39
28
40
28
37
42
39
26
44
33
34
41
33
30
29
25
24
34
30
21
35
25
18
24
44
26
28
28
28
16
19
27
17
30
29
21
16
27
13
22
22
21
13
17
27
23
20
18
24
24
17
22
11
29
29
21
30
25
20
26
25
37
23
19
29
23
23
26
21
30
25
35
27
26
23
33
24
24
26
32
17
31
34
29
20
40
19
22
39
35
26
36
40
27
33
29
29
27
39
27
38
37
38
35
44
35
38
48
39
41
35
31
40
42
41
45
35
52
54
49
49
52
61
45
51
54
49
49
48
51
63
60
47
52
54
50
57
62
53
53
52
64
68
58
57
51
62
57
66
62
68
65
63
69
72
63
71
77
82
80
57
90
90
88
92
98
88
113
100
103
114
100
100
97
90
93
94
92
60
77
74
88
90
86
84
88
83
87
98
81
87
93
82
88
90
88
93
74
71
83
87
81
74
85
77
72
79
93
87
71
91
80
73
81
93
88
85
82
85
84
87
74
87
77
70
85
78
57
62
71
91
81
66
85
60
89
71
62
71
82
79
85
73
77
94
68
73
88
74
68
90
85
64
85
81
73
80
70
74
79
69
73
94
72
68
80
77
84
81
67
79
71
85
80
97
99
95
76
79
62
87
65
77
73
77
70
79
70
88
82
84
87
86
66
97
86
87
90
90
74
82
85
111
98
92
105
97
82
78
101
94
100
113
90
95
98
130
115
105
133
117
128
142
169
235
261
336
387
583
680
845
1082
1398
1594
2067
2371
2798
3261
3761
4078
4531
4961
5273
5377
5467
5461
5333
5198
4951
4468
4204
3674
3111
2676
2324
1952
1600
1280
979
792
644
494
371
316
252
210
158
126
119
124
106
123
115
106
96
99
110
104
97
113
113
97
114
99
106
105
110
105
129
111
124
112
105
107
94
106
112
100
113
126
90
107
113
96
115
117
112
125
107
124
114
112
116
113
127
101
132
135
124
118
113
141
129
138
141
135
150
141
164
163
200
240
241
258
308
348
399
496
497
561
637
605
720
790
816
767
842
852
809
782
749
699
645
581
564
497
421
379
331
294
296
224
228
207
163
178
175
154
155
129
130
148
132
137
132
130
146
132
140
141
135
129
154
148
168
140
147
155
182
139
155
177
148
158
148
149
149
152
157
155
144
180
152
183
171
162
169
182
167
174
186
193
191
188
180
189
174
197
177
223
205
202
204
197
157
213
200
211
211
239
224
235
221
227
248
254
224
297
238
265
307
287
282
242
280
300
284
309
334
319
316
308
327
331
311
335
341
341
336
322
362
360
377
379
390
348
372
392
388
352
392
384
402
367
372
370
357
356
379
384
366
373
324
345
355
332
364
356
369
327
343
313
327
316
316
297
329
321
300
286
260
312
291
300
256
293
303
277
263
244
223
254
255
229
207
217
234
224
258
240
253
219
208
200
226
193
208
219
196
219
197
169
202
199
167
207
190
174
198
155
146
193
155
177
148
182
179
197
185
183
171
188
164
156
158
156
186
184
168
172
168
180
173
189
157
186
186
153
148
189
161
153
156
175
158
163
138
156
167
185
167
193
191
166
187
190
195
201
210
187
169
187
205
198
206
205
193
193
216
215
242
239
227
235
233
246
226
223
227
230
232
219
214
195
186
228
223
211
257
213
208
201
218
207
229
184
205
186
210
181
194
187
187
204
210
210
214
194
190
199
204
190
197
180
201
211
201
204
201
177
157
169
170
158
167
171
180
203
188
184
173
159
199
174
171
182
188
175
172
158
182
179
160
203
166
189
176
163
192
155
185
171
177
199
143
185
187
175
197
171
176
182
180
173
212
179
194
195
173
187
191
191
189
179
188
183
166
190
168
197
199
180
197
164
165
196
168
189
175
189
200
149
204
193
174
194
189
229
179
173
213
197
207
212
214
222
205
180
212
175
219
211
207
219
204
183
194
208
203
170
216
203
198
214
198
169
213
184
198
192
201
245
203
185
199
212
211
208
206
204
202
203
190
196
204
202
220
246
229
241
219
227
194
195
229
219
228
209
221
222
232
209
209
218
215
221
192
214
201
250
223
249
227
221
212
253
251
250
203
219
227
222
241
254
228
262
232
245
236
237
245
253
226
224
233
222
238
246
258
231
216
244
250
244
213
251
247
234
220
237
226
238
233
219
199
251
251
250
249
244
240
250
197
270
239
207
219
230
210
224
215
212
205
212
232
215
219
238
214
217
225
210
202
233
232
237
210
204
220
200
216
205
195
205
208
226
210
225
212
193
226
208
206
198
202
193
208
209
212
197
196
225
200
185
184
211
209
215
193
220
194
207
210
225
219
195
198
177
184
225
220
195
194
187
203
185
197
186
197
217
200
220
192
230
183
191
192
188
185
209
185
206
209
221
218
179
215
189
205
198
190
198
184
208
184
205
179
193
212
221
210
202
232
200
201
210
211
194
191
196
214
233
180
204
195
212
191
207
200
191
202
192
172
207
205
195
198
208
194
200
202
194
175
186
215
198
201
194
196
182
202
208
196
203
217
209
195
207
193
191
185
188
181
209
169
214
213
189
189
191
197
191
218
196
232
205
201
201
203
194
204
204
172
174
189
178
191
180
217
163
176
201
213
196
204
189
196
196
205
214
224
198
194
202
185
188
177
216
222
205
201
217
208
186
205
186
190
193
201
207
183
209
213
208
196
234
218
191
206
220
207
222
202
200
228
220
215
240
213
224
207
203
215
216
213
249
201
238
240
235
219
254
243
257
213
210
233
234
253
239
259
229
244
277
241
268
245
244
247
267
243
266
278
259
255
258
284
272
318
281
288
263
293
288
313
296
309
298
323
292
342
297
326
287
365
310
342
328
348
315
372
347
366
372
375
367
410
355
378
406
407
404
446
469
471
491
470
454
511
549
486
574
566
563
627
584
606
622
690
693
728
690
782
747
760
823
828
818
860
855
910
933
1010
988
1008
995
1076
1073
1089
1136
1102
1154
1141
1193
1178
1159
1202
1183
1212
1205
1173
1239
1239
1222
1227
1237
1142
1196
1137
1144
1127
1148
1072
1056
1049
1061
1056
992
936
935
914
923
913
846
887
811
765
706
733
726
676
667
635
579
593
563
542
544
541
485
468
484
446
450
454
388
422
411
332
364
368
355
328
314
299
316
296
287
295
275
303
277
286
251
270
260
259
249
230
245
258
252
246
232
225
276
217
223
202
217
236
219
220
240
193
188
211
191
209
200
199
173
183
194
204
167
188
203
212
202
220
193
212
220
248
234
227
260
277
256
267
266
309
305
313
342
349
360
358
363
370
394
399
393
400
394
425
393
403
377
365
374
388
375
361
356
337
318
286
278
277
259
241
200
204
210
197
192
188
161
167
153
160
151
160
145
142
147
143
122
120
127
122
133
131
125
144
151
145
126
146
136
143
136
114
119
118
118
159
129
130
150
158
147
173
146
143
138
147
173
149
148
157
171
176
175
181
186
173
192
196
178
181
228
221
187
177
220
208
214
190
209
214
217
187
216
221
204
222
231
227
236
242
222
217
210
250
225
237
207
239
192
221
229
181
194
181
216
200
189
197
196
193
202
165
157
178
178
181
159
153
161
150
161
154
162
138
127
149
149
120
152
123
135
126
110
131
135
119
123
105
101
102
108
97
108
100
88
107
114
97
89
105
89
88
72
78
103
84
76
90
78
76
64
67
87
82
71
86
65
77
75
71
76
59
75
67
65
64
75
76
52
59
65
64
57
53
63
61
48
60
60
64
71
64
47
48
56
66
67
65
52
57
51
44
46
59
56
55
61
58
58
53
62
45
48
54
39
50
41
53
40
48
44
45
55
55
34
53
60
37
58
46
57
62
61
51
69
60
63
43
60
75
53
65
62
78
69
59
66
66
66
81
67
69
57
49
43
61
58
57
64
47
49
60
58
52
54
42
50
36
48
54
34
57
44
39
38
38
39
49
51
36
38
32
36
43
30
32
39
46
31
32
38
33
46
35
48
48
36
38
33
30
31
40
41
44
33
39
37
35
30
43
37
24
31
30
37
42
31
33
34
28
28
44
27
33
29
27
37
33
31
46
39
27
27
24
42
30
25
37
34
29
29
31
32
28
32
28
40
31
26
25
22
26
25
32
29
27
20
22
35
26
35
32
30
28
32
23
36
48
25
28
25
28
37
21
28
37
29
20
21
29
25
27
28
30
23
14
28
27
24
32
28
31
31
28
29
28
20
20
23
32
20
25
28
24
26
23
30
30
22
27
28
25
16
30
17
22
19
28
23
23
15
26
23
24
25
23
23
28
32
24
23
17
20
21
19
33
27
24
22
27
15
27
19
19
20
21
17
24
31
20
20
23
24
22
11
18
23
25
19
19
18
20
20
21
21
23
25
22
29
34
21
28
23
23
22
19
17
27
28
19
21
12
20
22
19
16
20
21
12
17
19
14
18
23
21
15
18
14
21
17
19
19
34
26
15
21
20
16
15
17
21
25
19
18
14
16
25
15
15
13
15
18
30
18
14
23
14
21
17
15
19
19
16
16
16
19
17
14
18
18
8
25
15
18
15
23
11
16
14
12
14
18
17
14
14
16
13
12
17
28
19
12
12
17
21
6
11
15
14
16
21
17
21
16
18
10
13
13
17
9
18
8
10
23
15
16
22
9
15
10
14
12
14
14
18
15
11
17
13
16
14
19
15
14
10
12
17
15
13
9
14
16
13
14
11
9
15
21
12
10
14
5
16
11
22
16
10
12
9
15
21
21
17
8
16
12
14
16
11
11
16
22
11
13
15
23
15
17
16
11
14
15
9
8
11
12
9
20
15
14
8
14
6
17
13
11
18
16
10
7
6
11
13
11
12
12
20
18
12
4
9
16
17
13
13
8
15
11
10
9
10
9
10
10
13
7
8
7
14
8
12
3
15
13
9
4
16
11
10
7
13
18
19
11
11
13
12
12
13
9
11
10
13
13
13
15
13
8
9
11
8
11
11
8
10
12
9
16
7
16
11
9
8
9
9
1
9
8
11
17
6
6
14
9
12
16
13
9
10
4
19
10
9
10
11
7
14
6
7
14
8
5
7
10
4
8
15
5
5
7
8
7
6
12
16
9
6
10
17
15
7
6
6
7
8
9
9
12
8
6
8
6
7
10
6
3
10
10
12
6
14
4
4
9
8
9
7
12
5
3
12
7
5
15
11
6
6
7
6
4
8
7
9
7
9
10
6
6
9
7
6
8
6
10
7
8
6
6
4
12
11
8
9
9
9
6
6
5
11
9
8
8
2
12
6
8
4
7
6
6
8
7
6
8
4
4
8
9
4
6
7
2
5
9
7
5
11
8
9
6
9
6
5
3
4
7
8
7
8
4
2
3
12
9
8
7
6
7
9
7
2
5
7
9
6
7
8
6
8
6
8
7
10
4
6
7
9
2
8
8
9
6
4
5
8
9
9
4
8
7
7
3
8
8
2
4
7
1
4
11
6
4
4
1
5
0
3
8
6
9
8
5
2
3
7
2
5
6
5
4
2
5
4
5
6
4
3
4
5
7
5
2
6
7
5
7
1
4
5
4
4
5
1
2
1
4
11
6
8
4
5
2
4
2
6
5
5
2
8
3
11
3
3
4
5
1
3
5
11
7
6
4
7
6
4
5
5
1
5
2
5
5
4
4
4
3
1
3
4
4
2
3
5
5
3
1
4
2
2
4
1
3
2
3
2
6
1
0
6
5
8
1
2
3
2
5
1
4
1
3
4
3
3
1
3
1
3
4
2
2
4
4
1
0
1
3
1
6
4
1
2
3
3
2
5
4
2
5
3
4
2
2
5
3
1
6
5
1
4
4
6
4
5
3
0
6
2
3
4
3
5
1
4
1
1
0
3
5
1
4
4
0
0
3
0
2
3
0
5
3
2
2
4
4
1
6
3
5
6
1
2
4
5
8
3
4
1
4
2
2
2
1
4
3
5
2
6
2
3
2
1
1
2
2
2
4
4
4
3
1
4
4
4
2
4
1
3
3
3
1
5
1
1
2
2
1
1
1
4
5
2
6
1
3
2
1
2
1
5
2
4
3
1
2
2
3
1
1
0
0
1
2
2
6
3
2
1
1
2
2
4
2
5
1
2
3
3
1
2
0
2
3
5
6
2
3
1
1
2
4
0
3
2
1
4
3
4
2
2
0
1
3
2
2
2
1
1
1
3
1
2
1
3
3
5
0
3
4
3
4
0
2
3
0
2
3
0
2
2
2
2
4
1
1
2
1
2
2
1
3
1
2
2
2
0
1
1
1
3
4
1
0
1
1
2
0
4
3
2
0
1
0
1
4
1
1
1
3
2
1
1
2
4
1
3
2
0
3
2
1
2
3
2
2
2
1
2
1
0
5
0
0
0
4
5
2
1
1
2
1
3
1
3
1
2
1
1
0
1
1
0
2
0
2
2
1
2
0
3
0
1
2
1
1
0
0
0
1
0
1
1
2
0
3
5
0
1
0
2
1
0
1
2
0
3
2
1
1
0
1
0
0
1
1
2
1
3
1
2
2
2
1
1
3
1
0
0
0
1
2
2
1
1
0
1
1
1
1
2
1
0
2
1
2
0
0
0
2
0
0
0
2
1
1
1
0
1
0
4
0
1
3
0
1
0
2
0
0
0
1
0
1
1
2
0
0
1
1
1
1
0
1
2
0
1
2
1
0
1
3
2
0
2
0
1
0
0
0
0
2
2
1
1
0
3
1
0
0
0
1
1
1
0
1
2
0
0
0
1
1
2
2
1
2
0
0
2
2
0
0
1
0
0
1
2
0
2
2
1
2
3
0
1
0
0
2
1
0
1
0
0
2
0
1
0
0
1
0
1
0
1
1
2
0
1
0
1
2
1
1
0
2
0
0
1
1
0
1
1
0
1
0
1
1
1
1
0
0
0
1
0
1
0
1
1
1
1
0
0
0
0
0
0
0
0
2
0
1
0
3
1
0
0
0
1
3
0
0
0
2
2
1
0
3
1
1
1
0
2
1
0
0
0
1
1
0
0
1
0
0
0
1
2
1
2
0
0
0
1
0
2
1
0
1
1
0
0
0
0
2
0
1
1
0
1
0
0
1
0
1
0
2
1
1
0
0
1
1
0
0
0
2
1
0
0
0
0
1
0
0
2
1
1
2
0
0
0
0
0
0
0
0
0
1
0
0
0
0
0
0
1
1
0
2
0
0
1
0
0
0
0
1
1
1
0
1
0
0
0
0
1
1
0
0
0
0
0
0
0
0
1
0
2
1
0
0
0
0
0
1
0
0
0
0
2
0
1
0
0
0
0
0
0
0
0
1
0
0
1
2
0
0
1
0
0
0
0
1
1
2
2
0
0
0
0
0
0
0
0
1
0
0
2
0
1
0
0
0
1
1
0
1
0
1
0
0
2
2
0
0
1
0
0
2
2
1
0
0
0
0
0
0
1
0
1
0
0
0
0
0
1
0
0
0
1
0
0
0
1
0
0
0
0
0
0
0
1
0
0
0
0
0
0
0
1
0
0
0
0
1
0
2
0
0
0
0
0
0
0
0
0
1
0
0
1
0
0
0
0
0
0
0
0
0
0
0
0
0
0
0
0
0
0
0
0
0
2
0
0
0
0
0
0
0
0
0
0
0
0
0
1
0
0
0
0
0
0
0
0
0
0
0
0
0
0
0
0
0
0
0
0
0
0
0
0
0
0
1
2
0
0
0
0
0
0
0
1
0
0
0
0
0
0
0
0
1
0
0
1
0
0
0
0
0
0
0
0
1
0
0
1
0
1
0
1
1
0
