0
0
0
0
0
0
0
0
0
0
0
0
0
0
0
0
0
0
0
0
0
0
0
0
0
0
0
0
0
0
0
0
0
0
0
0
0
0
0
0
0
0
0
0
0
0
0
0
0
0
0
0
0
0
0
0
0
0
0
0
0
0
0
0
0
0
1
0
1
2
1
3
2
3
2
3
3
0
3
0
4
4
16
38
126
327
888
2138
4903
9503
17087
27654
41109
54324
66331
73236
72878
66600
55038
41426
28168
17469
9766
5080
2306
1022
410
124
38
9
5
3
2
4
3
3
1
2
2
1
0
2
0
0
3
0
0
1
0
1
0
2
53
68
51
49
47
55
47
35
51
55
44
45
43
42
44
52
57
45
49
46
55
45
50
36
37
41
53
46
36
37
46
43
37
50
40
37
39
37
28
44
36
37
36
38
51
38
31
37
45
31
35
38
38
45
35
46
45
50
52
47
70
49
79
63
51
75
84
86
133
164
193
248
263
312
289
378
330
315
309
220
206
185
119
132
95
82
58
57
52
49
39
37
48
40
43
47
42
45
46
40
46
45
49
52
42
59
57
57
69
62
69
62
89
72
79
102
90
99
113
128
139
153
163
229
288
330
548
843
1409
2230
3549
5256
7557
10280
13139
16137
18750
20487
21394
21173
19824
17450
14744
11874
9125
6794
4998
3653
2452
1897
1338
1078
807
674
562
589
559
625
809
995
1281
1525
1775
2118
2319
2414
2419
2356
2063
1796
1504
1143
897
645
520
388
302
235
217
202
146
150
116
101
70
62
49
38
26
19
20
8
18
9
11
1
11
12
7
8
5
8
14
18
11
11
11
12
10
9
16
11
11
9
16
3
9
11
10
18
10
13
9
11
14
11
8
16
19
27
26
26
21
31
30
28
29
23
23
25
19
16
10
23
25
19
24
19
21
30
25
28
23
17
23
25
17
24
17
22
15
18
24
25
10
20
11
17
10
17
8
7
4
6
5
8
9
7
5
8
6
4
9
11
9
6
7
12
7
5
5
6
7
7
3
5
8
4
7
12
5
6
9
6
3
7
10
11
10
8
17
11
13
15
19
14
12
14
14
7
8
6
10
5
9
8
11
13
12
9
11
10
12
16
9
10
15
10
10
7
12
11
12
11
11
7
6
4
9
11
6
6
4
8
2
8
8
3
6
9
7
6
8
7
13
8
2
8
6
9
10
9
6
6
4
5
11
5
3
8
7
7
8
7
1
4
7
5
8
8
6
3
6
4
2
8
10
5
8
7
2
2
4
6
7
7
15
3
6
3
10
6
9
12
6
5
10
6
7
8
4
8
15
6
9
8
8
8
11
7
8
7
3
9
6
10
10
9
16
3
7
11
9
6
12
7
5
7
8
10
6
9
7
9
7
4
2
6
5
5
11
5
9
14
6
7
5
8
7
8
13
7
11
8
7
8
7
5
5
11
10
4
14
17
7
9
4
11
7
15
21
7
13
13
14
10
11
6
12
9
15
7
7
16
15
11
16
14
12
11
11
13
19
17
18
21
15
18
17
24
17
22
22
32
34
22
21
32
30
48
23
36
26
26
36
45
38
42
39
30
44
37
41
36
41
31
53
34
34
36
25
51
34
26
28
30
23
21
29
27
24
35
23
37
33
22
29
22
21
32
29
25
21
27
28
23
14
21
29
26
22
17
16
21
11
17
18
25
19
25
24
23
20
26
18
25
31
20
15
27
20
25
21
20
29
22
22
31
24
30
21
20
29
27
35
26
25
25
39
27
25
24
28
26
32
32
26
29
25
35
38
39
34
33
26
39
35
46
40
39
34
37
33
31
35
36
25
35
42
47
44
43
28
46
36
37
42
36
28
56
37
45
48
36
44
49
36
46
47
45
47
58
42
48
60
39
48
65
49
52
47
64
65
61
53
58
71
66
73
58
60
70
65
64
55
72
61
63
62
65
58
74
82
87
95
93
90
90
97
88
96
114
98
99
98
90
83
100
92
105
103
85
84
77
92
71
77
80
74
76
86
82
71
93
83
64
100
92
83
87
81
84
76
58
92
91
76
93
87
83
82
67
69
75
73
99
80
76
76
78
71
84
67
88
79
62
81
86
79
73
86
80
83
73
83
78
83
77
78
84
84
73
93
70
68
83
94
97
71
69
99
79
88
82
73
89
77
90
73
87
83
73
77
80
71
74
79
67
76
73
81
87
76
98
66
81
77
83
81
73
69
93
71
96
93
88
86
93
85
87
90
86
87
96
94
72
97
87
85
120
81
88
104
95
92
75
85
98
70
96
103
89
90
105
113
81
108
103
100
104
97
91
106
122
142
133
166
180
221
270
346
399
495
679
859
1076
1366
1682
2060
2400
2821
3210
3846
4208
4604
4899
5217
5280
5445
5525
5331
5034
4779
4538
4107
3561
3122
2759
2352
1938
1570
1273
998
753
624
469
382
296
260
209
196
134
137
128
117
119
120
104
100
118
74
120
117
128
104
97
115
90
111
111
112
109
102
96
112
114
94
104
97
97
119
125
106
107
83
109
107
116
111
115
98
110
101
129
104
97
116
122
128
119
136
128
128
122
121
130
128
125
147
145
143
172
172
150
184
227
237
271
319
346
402
418
499
543
598
677
733
780
797
814
818
909
767
806
770
697
622
573
524
488
438
414
373
326
270
263
257
215
165
182
162
166
145
138
170
134
131
139
150
135
134
136
137
156
166
154
153
155
150
175
147
130
169
146
153
165
153
166
152
180
146
152
168
183
163
159
179
159
169
179
182
166
167
176
185
182
206
186
185
177
204
191
168
202
220
199
213
204
209
183
207
215
210
250
211
247
239
237
251
242
219
260
251
272
258
268
270
276
313
290
317
296
306
297
317
328
332
308
300
324
336
310
347
330
371
349
349
370
334
367
336
303
350
386
350
376
388
359
346
347
368
364
380
371
350
354
372
360
347
335
339
357
357
345
342
311
331
331
305
285
308
313
275
292
294
281
285
290
281
271
233
266
257
237
232
278
259
234
262
211
226
247
211
220
218
226
198
222
226
209
208
186
182
181
184
195
197
177
208
167
188
174
174
159
178
167
164
188
140
168
155
181
161
168
161
156
149
158
176
181
173
156
159
179
155
142
160
183
165
169
172
156
160
184
174
144
173
156
164
173
183
169
185
180
177
195
186
191
185
182
217
186
201
182
183
195
201
199
218
220
220
196
203
207
238
224
188
241
240
235
237
227
229
216
222
238
215
206
218
219
248
219
220
207
186
223
215
210
195
210
183
224
186
200
200
217
187
199
187
196
189
180
213
180
189
176
186
194
176
184
195
191
179
190
190
216
180
180
191
199
182
200
195
208
174
176
174
163
204
174
173
166
191
179
173
185
172
179
204
180
196
176
198
176
184
197
199
193
185
177
172
185
167
182
186
163
198
170
203
177
217
165
173
193
176
169
202
195
197
201
189
192
162
168
231
193
202
184
185
191
177
201
169
195
175
168
170
176
182
185
208
195
189
201
193
213
200
204
192
180
177
193
174
184
199
196
172
194
187
200
187
208
226
205
206
209
210
229
177
202
198
205
210
212
204
224
195
265
211
211
215
204
233
218
215
220
213
223
211
193
241
241
229
205
181
221
237
210
228
199
226
238
245
247
210
242
200
219
230
232
230
221
204
227
225
248
237
221
250
256
218
251
224
188
279
253
235
226
270
239
223
241
218
267
260
229
245
252
277
258
207
231
216
245
208
238
223
250
235
241
242
252
220
217
262
264
238
246
247
242
202
246
253
228
225
208
230
223
226
216
263
221
248
239
218
237
223
220
232
253
226
237
224
216
199
201
222
224
220
225
193
219
236
214
222
198
219
206
218
209
217
210
219
187
207
194
211
188
235
215
207
210
189
194
195
201
206
212
212
195
209
198
202
194
163
201
207
169
225
218
200
227
193
187
185
186
198
204
206
198
195
184
205
176
213
177
218
204
175
212
181
186
199
176
198
197
191
181
236
187
206
200
198
178
186
183
208
192
195
218
197
185
215
204
199
218
235
206
208
203
200
201
215
200
195
207
200
182
204
194
193
194
195
212
195
207
206
201
199
196
217
226
197
233
197
205
200
198
221
222
203
198
212
205
186
203
196
200
214
182
188
212
204
207
191
219
206
186
219
220
225
176
193
203
194
193
189
202
226
189
218
191
203
193
179
193
208
180
175
232
191
228
198
218
229
196
194
228
203
196
189
172
207
197
190
225
218
215
208
219
205
219
228
217
239
206
217
203
186
219
195
217
218
187
233
199
201
193
238
224
202
206
203
201
233
203
219
208
237
221
214
222
208
227
240
221
227
223
234
242
239
232
223
225
247
216
207
254
252
220
254
258
224
237
228
222
264
251
257
263
262
240
255
256
250
262
281
261
237
275
270
286
250
278
273
270
286
260
297
261
331
311
330
285
324
356
337
342
318
350
331
345
354
359
349
351
362
354
389
362
365
414
394
418
418
409
445
412
486
491
491
499
480
488
516
523
569
594
581
668
609
694
667
673
739
723
749
769
850
812
812
873
871
905
901
983
959
1004
1054
1011
1053
1049
1060
1144
1090
1180
1141
1188
1202
1260
1162
1187
1131
1239
1215
1170
1179
1246
1235
1150
1147
1180
1156
1116
1148
1130
1146
1067
1131
1017
992
998
1023
945
953
906
854
895
837
777
761
792
722
745
677
650
620
575
596
574
555
511
505
449
465
487
429
461
407
425
408
392
380
379
337
358
339
351
333
308
313
323
305
269
300
314
272
268
293
291
275
255
261
255
260
234
246
245
217
225
243
203
221
202
231
226
222
206
229
190
211
215
195
184
196
194
216
201
179
203
204
218
195
202
202
192
238
231
233
233
230
244
240
289
270
279
290
319
329
327
328
311
332
374
382
383
386
416
426
434
388
405
393
400
404
383
391
364
332
327
343
328
316
327
270
264
248
232
206
197
204
184
175
182
147
133
145
127
146
127
141
142
139
135
144
119
136
147
119
142
125
130
149
132
118
129
154
114
117
152
125
148
162
159
153
142
134
156
144
168
152
165
170
175
161
173
161
195
183
182
177
174
196
181
198
172
176
214
193
208
217
213
246
205
227
220
205
226
219
229
221
241
219
216
242
233
189
220
237
206
211
210
210
244
205
211
220
205
223
211
199
223
200
223
187
172
185
170
171
168
159
178
167
179
148
170
175
166
170
145
133
144
138
140
136
145
124
140
139
141
133
123
127
111
109
111
108
108
114
113
87
90
120
83
102
102
96
95
83
82
92
95
82
95
83
82
74
79
62
89
75
77
76
77
67
86
70
69
66
53
71
67
65
75
71
56
58
76
62
67
64
59
60
64
57
59
56
54
51
49
62
57
46
51
56
58
58
55
47
48
64
54
43
57
60
39
49
35
51
41
51
49
45
40
31
50
46
39
47
45
34
48
45
53
57
50
45
48
59
52
49
67
61
65
55
59
60
58
92
50
68
61
76
76
73
88
76
73
73
56
58
70
59
60
65
66
50
65
49
50
54
50
60
49
41
38
31
40
38
47
45
34
38
47
28
38
45
52
34
43
36
30
35
36
26
48
38
41
28
51
40
27
33
42
43
30
39
47
54
27
38
41
33
34
31
32
33
31
30
34
36
30
35
24
16
24
31
32
39
22
29
42
30
32
31
31
34
35
37
42
22
25
21
19
28
33
27
33
38
31
25
31
26
33
29
36
23
35
30
30
23
28
29
31
34
17
26
30
33
32
25
27
19
24
22
31
32
28
27
31
16
27
30
31
19
27
20
32
34
20
17
26
20
22
26
33
27
25
29
28
22
24
23
26
27
17
21
26
24
31
22
25
22
20
22
26
25
29
32
33
28
32
21
20
37
16
30
22
30
24
17
20
27
29
21
21
24
28
18
20
23
24
28
19
32
8
27
28
23
20
27
19
25
18
19
25
13
23
18
24
33
16
20
18
28
17
23
22
21
26
14
25
12
20
30
27
14
29
23
27
26
28
21
12
19
12
27
18
18
14
20
23
20
29
19
25
21
19
14
23
10
24
18
18
21
20
22
17
25
20
19
29
34
21
14
20
21
13
21
21
13
17
17
16
11
19
24
13
20
21
18
24
20
10
17
12
27
22
18
24
16
13
15
19
18
14
21
14
21
19
23
15
14
24
20
12
19
19
18
20
15
12
16
11
15
16
20
15
14
22
21
19
15
12
17
13
18
19
15
18
11
14
19
25
17
19
15
14
15
22
15
18
17
9
14
15
21
23
20
18
17
22
19
14
13
12
21
8
14
9
16
14
18
13
17
15
18
17
18
19
14
19
19
12
14
13
14
11
16
11
14
16
11
5
14
11
17
18
16
18
9
12
14
14
9
17
14
12
12
9
11
17
16
11
15
12
6
10
14
9
16
8
9
16
8
11
16
10
7
11
19
10
17
15
13
6
8
17
9
13
13
7
11
10
15
14
15
7
8
11
15
14
15
11
7
12
9
7
15
13
3
9
10
7
14
8
18
10
17
11
8
14
11
13
7
12
19
7
9
13
12
11
13
16
13
11
8
12
11
8
13
15
17
15
8
8
9
10
8
13
11
6
9
9
12
15
10
9
7
8
4
10
7
13
6
9
8
6
11
10
14
15
6
8
9
7
5
6
14
6
7
8
6
13
7
5
10
9
5
8
10
9
9
6
8
15
10
16
3
11
8
7
10
9
5
9
4
7
5
14
8
13
6
5
9
14
8
10
13
12
11
10
9
5
9
3
8
10
5
6
9
6
8
4
5
7
4
3
8
15
11
9
6
7
9
12
5
7
6
6
5
4
8
11
9
6
10
5
10
9
10
5
15
7
6
6
6
7
9
2
9
11
4
7
6
9
6
5
8
4
5
8
6
8
9
7
7
5
5
4
10
8
9
6
11
8
7
3
9
2
8
4
6
6
7
4
11
4
10
8
6
10
5
7
6
5
5
3
2
7
6
4
5
8
7
7
5
5
8
1
3
8
4
5
3
5
8
3
6
5
3
6
5
8
5
5
4
6
7
4
6
9
7
1
8
4
4
3
6
12
9
4
2
3
5
3
2
2
4
8
6
2
5
8
4
3
3
2
5
4
4
3
5
5
2
2
4
6
4
7
7
3
7
3
1
1
5
4
7
4
2
3
5
6
4
6
7
2
7
5
5
7
3
4
9
4
5
3
7
6
2
6
4
8
2
2
4
7
5
5
3
4
1
4
6
4
5
8
7
7
6
5
1
3
10
8
4
3
2
3
4
1
1
2
6
4
2
8
3
3
2
2
2
1
6
3
5
6
4
4
3
7
4
3
5
2
5
3
4
2
4
5
4
6
3
4
2
1
3
5
2
3
1
3
3
1
2
3
4
1
2
2
3
2
2
3
3
3
2
5
2
3
3
4
2
4
2
5
3
4
5
0
4
3
3
5
3
2
1
5
1
2
2
4
3
5
2
5
3
4
0
1
2
2
2
6
2
3
2
5
2
6
3
1
3
2
3
7
1
3
3
2
3
1
3
1
4
4
5
2
5
6
2
3
3
5
1
1
3
1
3
3
1
2
2
4
4
2
0
3
1
4
2
6
3
1
1
3
1
3
1
2
2
4
4
5
2
1
3
6
3
1
3
2
1
1
2
3
3
3
3
7
4
4
1
3
1
3
3
3
3
1
2
6
1
0
0
1
3
2
1
1
0
2
1
3
4
5
2
1
3
4
2
3
3
1
3
1
0
2
1
0
2
3
3
0
2
5
2
3
2
2
3
0
1
1
1
1
1
2
1
3
3
2
2
3
1
0
1
1
3
3
0
3
3
1
3
2
1
2
2
1
0
3
2
4
2
1
2
5
2
1
2
1
1
1
2
2
0
2
2
1
3
3
2
2
1
3
0
3
4
2
0
3
3
1
5
1
3
3
3
3
2
1
0
1
0
5
2
2
3
1
3
3
2
2
3
2
0
2
2
2
3
0
2
0
0
3
0
2
1
1
1
3
1
3
1
1
1
1
3
0
1
1
1
1
2
2
1
1
3
2
0
1
0
0
1
0
1
1
0
3
1
1
1
2
1
1
0
0
1
1
0
0
1
3
0
0
0
1
0
2
1
2
2
3
1
1
1
0
1
3
2
3
2
2
0
2
1
1
1
1
0
1
1
2
1
0
1
1
1
1
1
0
1
2
1
1
1
1
1
0
2
0
1
2
0
0
0
0
0
2
2
1
0
1
0
2
0
2
1
2
0
0
0
1
0
1
0
2
1
0
1
0
0
1
1
3
1
1
2
2
0
0
1
1
1
2
1
0
0
1
1
0
1
0
1
1
1
0
0
0
0
4
0
2
1
1
0
1
1
1
0
0
1
2
1
0
1
1
1
1
0
0
1
0
0
4
1
0
0
0
0
2
0
1
0
0
1
0
1
1
1
1
1
0
0
1
2
1
0
2
1
0
2
0
0
1
0
1
1
0
0
0
1
0
0
1
3
1
1
0
5
2
1
1
0
1
2
1
2
0
1
0
0
3
2
0
0
0
0
1
1
0
1
0
2
0
1
0
2
1
0
2
0
0
2
1
0
0
2
0
2
1
0
1
0
0
0
1
0
1
0
0
1
0
0
1
0
1
0
1
1
1
1
1
1
0
0
0
1
1
0
0
0
1
0
1
0
1
0
0
0
0
0
1
0
0
0
0
0
0
0
0
0
0
1
0
0
0
0
3
0
1
0
0
0
0
1
2
1
0
0
0
0
0
0
0
0
1
0
0
0
2
0
0
1
3
0
0
0
0
0
0
0
0
0
1
1
0
1
2
0
0
0
0
1
0
0
0
1
0
0
1
0
0
0
0
0
0
0
0
0
1
0
1
0
0
0
0
1
0
1
0
2
0
0
1
0
0
1
1
0
0
1
1
0
0
0
0
0
1
3
0
0
0
1
0
0
1
0
1
0
0
0
0
0
0
0
1
2
0
0
0
0
1
0
1
0
0
0
0
0
0
0
0
0
0
2
0
0
0
0
0
1
0
0
0
0
0
0
0
0
0
0
1
0
2
1
0
0
1
0
0
0
0
0
0
0
0
0
1
1
0
0
0
0
0
1
0
0
0
0
0
1
0
1
0
0
1
0
0
0
0
0
0
0
0
0
1
1
0
0
1
1
0
0
1
0
1
0
0
0
1
0
0
1
2
0
0
1
1
1
0
0
0
0
0
0
0
0
0
0
0
0
0
0
0
0
0
0
0
0
0
0
0
0
0
0
0
0
1
0
0
0
1
0
0
0
0
0
0
0
0
0
0
0
0
1
0
0
0
0
0
0
0
0
0
0
0
1
0
0
0
0
0
0
0
0
0
0
0
0
0
0
0
0
0
0
0
0
0
0
0
0
0
0
0
0
0
0
1
0
0
