0
0
0
0
0
0
0
0
0
0
0
0
0
0
0
0
0
0
0
0
0
0
0
0
0
0
0
0
0
0
0
0
0
0
0
0
0
0
0
0
0
0
0
0
0
0
0
0
0
0
0
0
0
0
0
0
0
0
0
0
0
0
0
0
0
0
0
0
0
1
1
1
1
4
2
3
1
1
3
2
4
12
20
47
128
415
940
2330
4955
9500
17182
27804
41020
54498
66377
73023
72969
65915
54847
41164
28361
17197
9942
5070
2375
1027
370
124
61
7
7
4
1
5
2
2
2
2
1
0
0
0
1
1
0
0
0
0
0
0
0
11
62
45
59
49
67
47
69
53
44
60
54
43
55
42
49
43
45
34
43
47
33
42
33
43
42
48
46
33
43
32
27
31
40
40
40
35
33
27
42
27
31
39
38
32
39
32
26
30
45
33
44
36
48
40
32
44
35
45
52
47
60
39
44
51
56
65
66
89
122
153
185
226
273
301
316
333
350
298
304
230
228
155
136
110
103
67
64
56
42
45
42
41
39
41
40
37
33
42
40
37
50
33
40
34
55
38
42
49
42
55
64
56
67
74
80
82
90
79
77
101
110
113
122
150
199
293
436
725
1314
2141
3216
4965
7195
9725
12758
15626
17915
19816
20341
20268
18581
16631
14041
11458
8785
6416
4719
3404
2460
1800
1208
990
670
556
443
383
416
502
649
917
1156
1483
1851
2018
2323
2439
2466
2361
2135
1902
1470
1149
940
728
471
399
337
252
243
186
161
155
124
95
72
49
42
34
30
14
15
15
14
12
8
7
10
7
12
7
10
6
15
6
12
8
8
5
12
10
9
6
8
5
8
13
4
9
12
11
7
11
10
11
13
13
13
12
15
22
26
20
29
29
32
24
20
20
18
19
24
19
28
17
26
15
27
19
22
16
21
30
21
30
17
21
13
24
23
25
17
12
20
16
10
11
8
11
4
8
6
3
4
7
10
11
7
5
5
4
6
7
9
5
8
4
5
12
2
4
5
9
7
2
8
4
10
4
6
6
12
11
9
6
12
5
11
15
12
9
22
17
18
16
18
22
16
11
10
11
7
4
5
11
9
6
9
8
3
10
10
11
11
13
13
11
19
11
4
11
9
9
8
3
8
14
11
8
9
6
7
7
4
5
7
8
11
8
3
8
5
6
6
6
4
7
4
5
5
9
5
6
9
7
9
4
8
5
4
8
5
9
7
5
7
5
3
7
6
2
4
9
12
4
4
7
8
7
2
3
5
5
7
5
6
7
2
6
8
10
10
7
5
5
4
3
13
5
7
10
11
6
7
6
14
8
11
7
8
12
7
2
7
6
4
6
6
5
6
8
9
10
3
8
10
6
6
7
9
10
8
7
7
8
7
7
9
5
8
10
11
12
8
11
7
8
7
10
8
11
6
9
6
9
4
7
12
9
7
12
8
10
5
9
6
11
4
9
16
10
9
5
12
9
10
8
13
9
9
18
4
11
11
12
12
9
15
16
13
14
13
15
17
11
16
9
14
17
19
8
14
17
22
13
24
26
15
23
13
29
16
16
23
18
21
20
25
17
23
16
26
15
23
14
19
19
16
17
19
16
22
18
25
25
16
19
15
21
15
22
21
17
12
15
17
17
10
19
26
20
18
14
8
22
22
12
22
14
23
15
19
22
19
27
24
17
13
18
27
27
18
18
26
21
25
19
23
28
30
23
19
21
17
18
29
34
27
23
26
13
21
23
24
21
31
22
35
22
25
33
25
30
19
30
22
27
31
50
31
33
26
35
28
37
32
40
35
32
37
32
43
38
31
34
34
35
19
24
42
41
36
31
33
40
57
42
56
24
43
37
47
54
37
57
62
53
50
53
47
55
51
53
51
58
55
51
51
66
68
52
62
65
62
57
46
73
58
67
55
63
72
80
67
63
70
56
78
58
70
82
86
73
78
71
89
96
83
104
107
101
94
87
95
120
93
94
110
79
86
95
110
102
106
83
86
72
82
61
61
63
77
85
67
70
82
95
69
70
78
80
71
64
70
78
76
79
72
61
71
70
73
56
70
78
82
77
60
57
55
69
74
70
76
85
77
73
59
77
64
66
73
65
75
75
71
59
65
89
74
56
61
73
69
55
80
77
56
68
78
71
80
73
81
73
72
75
64
74
83
89
63
96
47
53
75
65
69
73
75
73
64
85
53
74
72
72
81
82
72
85
51
67
74
77
69
62
76
70
91
62
84
76
70
59
72
63
59
72
80
85
75
76
77
92
83
83
74
80
76
84
86
90
96
91
81
74
109
91
85
91
81
107
101
103
135
129
151
194
228
294
337
474
565
697
921
1092
1476
1684
2056
2480
2845
3378
3734
4199
4567
4751
5066
5241
5284
5239
5179
4781
4519
4289
3687
3505
3106
2598
2205
1824
1511
1205
929
806
601
467
352
295
213
182
164
146
135
130
114
107
109
96
97
102
84
108
95
99
94
96
111
111
93
102
94
88
99
80
107
97
110
106
117
107
101
101
113
90
76
124
87
90
99
102
115
100
90
103
111
117
122
100
114
113
108
116
106
111
106
125
123
136
126
132
148
149
163
174
197
244
243
296
288
333
389
480
496
545
604
715
716
704
800
811
817
781
744
725
672
642
646
565
540
499
429
362
320
269
255
217
211
207
196
190
133
154
153
134
128
141
143
127
137
123
150
137
135
144
129
148
137
146
141
168
156
159
150
137
123
185
175
170
148
144
161
158
133
165
178
150
148
173
169
180
134
199
173
178
155
196
158
160
171
171
165
164
173
186
181
197
190
205
205
207
197
198
216
222
185
216
210
220
209
210
226
203
241
208
220
226
239
217
219
230
223
231
246
233
225
195
226
198
208
189
242
221
215
222
219
190
199
213
196
192
203
203
184
195
205
205
179
208
206
210
206
188
200
203
139
167
157
169
184
176
183
185
148
163
164
182
163
180
141
178
179
165
156
162
159
170
146
133
149
146
159
165
170
171
162
152
139
157
144
150
148
171
144
159
165
129
141
155
143
142
163
170
160
166
156
144
141
138
162
145
151
149
145
166
142
143
150
160
132
176
153
145
146
131
140
161
155
130
151
144
123
137
158
152
152
131
131
129
155
160
149
145
150
141
142
136
150
169
140
125
161
151
149
144
134
148
148
148
163
163
146
138
139
148
167
140
148
170
168
161
173
160
173
141
149
133
134
139
160
145
157
144
141
165
158
174
154
176
169
148
148
167
185
153
146
169
158
152
162
176
164
152
170
153
152
161
178
166
146
158
193
162
166
174
166
184
177
169
163
147
166
175
175
151
180
174
168
158
149
178
159
176
174
171
151
165
190
170
163
184
174
157
164
173
202
186
177
205
162
169
170
153
172
157
181
177
178
192
149
180
170
177
186
183
163
190
160
190
177
187
182
185
178
167
167
168
182
193
160
187
178
194
177
182
181
201
183
181
183
185
220
181
175
196
232
193
187
179
186
188
201
161
184
196
180
186
181
182
202
203
194
210
187
251
204
211
200
210
216
209
202
187
218
207
210
228
217
203
213
215
225
244
212
226
213
221
216
211
229
245
203
237
209
210
217
212
263
228
226
223
237
232
235
238
233
241
244
249
225
224
236
230
241
236
235
219
228
224
220
234
234
227
250
268
221
248
230
247
228
236
265
255
218
267
217
242
250
240
254
241
214
234
263
230
266
238
227
222
191
213
228
212
229
253
236
232
221
214
207
250
214
223
230
209
196
220
187
218
202
173
210
188
217
213
234
227
207
209
189
209
210
205
195
208
201
215
200
215
219
189
187
212
180
189
189
192
164
192
193
192
200
199
195
186
186
192
215
190
184
180
221
159
200
181
192
188
204
174
184
185
214
216
189
194
177
181
176
211
200
173
183
206
193
195
185
173
166
173
199
182
199
157
200
197
180
176
176
205
185
184
213
210
208
181
196
193
205
194
189
198
170
200
177
213
167
189
194
195
189
162
196
187
183
184
206
167
203
161
180
186
177
200
171
224
197
198
200
172
198
208
182
188
200
194
186
190
187
202
217
213
215
189
190
213
211
231
196
198
187
167
215
188
173
174
199
180
227
191
204
184
197
185
182
210
221
198
200
188
186
194
180
199
199
199
197
215
189
174
189
182
198
201
175
174
213
201
199
217
188
194
210
195
210
200
176
201
178
201
196
198
193
181
184
184
193
162
202
166
217
206
196
185
209
190
198
176
221
185
194
190
184
191
199
199
226
187
191
221
214
198
209
206
196
200
196
203
152
203
212
220
234
208
211
205
203
219
204
211
226
208
204
189
201
223
243
212
214
210
214
225
232
223
230
256
248
211
236
248
196
231
222
271
254
233
251
247
252
259
269
257
265
226
259
267
243
264
269
274
266
286
289
277
287
254
285
229
277
272
293
306
295
302
290
305
302
296
304
332
311
320
330
315
346
343
329
334
382
384
390
376
389
385
366
369
385
423
416
425
454
460
462
492
476
475
501
556
530
560
576
625
701
643
632
694
726
799
727
766
755
781
878
891
846
938
863
901
991
1044
1027
1023
1085
1060
1095
1080
1144
1105
1173
1188
1174
1173
1232
1167
1187
1190
1219
1206
1194
1162
1227
1213
1163
1160
1095
1211
1130
1065
1108
1127
1052
1003
977
1025
979
968
903
839
812
854
788
811
775
724
720
654
620
626
617
560
556
541
578
566
464
489
472
435
471
472
419
407
370
405
390
355
383
320
331
391
368
297
339
318
310
318
285
291
271
271
268
278
242
252
261
251
254
249
251
288
229
195
258
241
236
215
219
210
191
197
198
209
195
199
164
190
171
188
162
190
194
194
196
184
203
220
199
180
222
173
230
200
228
236
242
246
269
276
284
311
307
323
294
312
359
326
362
374
349
348
388
382
369
391
402
377
355
382
365
333
340
306
294
296
292
281
243
244
219
208
225
216
192
171
177
168
149
136
143
136
141
125
113
133
131
134
133
137
134
124
134
132
140
126
123
157
135
142
146
147
121
134
118
134
131
145
143
140
139
142
157
154
164
178
189
180
175
177
147
167
161
171
168
188
208
180
211
199
216
191
202
208
200
186
188
174
207
215
209
212
221
201
218
220
213
186
240
234
217
209
232
212
244
191
217
213
195
240
206
212
232
229
211
221
181
201
164
192
176
175
171
195
167
161
177
174
175
155
158
153
170
159
146
157
167
155
127
129
140
130
124
132
118
123
104
123
108
103
119
117
135
103
117
86
92
88
99
99
81
85
76
108
105
92
91
84
86
87
99
82
81
94
80
81
66
74
79
73
65
79
58
75
73
66
56
70
59
60
73
58
67
73
64
64
59
65
54
61
70
60
64
72
51
54
50
48
62
58
49
46
55
52
53
44
56
54
47
56
58
33
47
51
49
59
54
44
54
50
55
47
42
43
53
45
41
41
46
56
46
60
44
58
70
63
52
65
54
65
70
64
83
70
79
62
76
73
86
69
55
72
74
78
66
68
56
77
53
77
46
51
59
58
50
36
65
49
46
32
33
52
42
36
35
41
38
35
38
45
40
38
49
45
34
33
43
32
37
27
44
30
43
33
44
33
42
40
45
36
31
37
29
45
34
38
26
29
29
28
38
36
28
42
29
34
24
27
25
39
29
32
31
28
38
19
37
35
29
24
28
46
35
34
22
28
31
28
23
33
30
29
30
35
30
34
25
27
28
37
26
21
27
31
33
37
26
24
29
32
25
36
20
29
31
32
24
23
21
26
40
28
28
31
33
23
31
40
17
21
26
24
23
28
33
22
28
14
32
21
27
31
39
30
33
35
19
21
28
29
22
26
23
24
25
23
22
33
28
16
15
23
29
25
23
27
28
19
22
19
21
24
21
36
28
25
22
36
19
17
19
30
28
26
22
24
16
21
17
16
22
23
24
27
32
24
28
26
18
23
17
20
23
13
19
14
26
19
13
28
20
34
16
17
21
25
21
20
19
18
21
25
22
17
22
18
25
25
19
25
15
17
21
10
25
23
18
29
21
28
23
22
18
13
24
19
23
26
20
24
11
23
16
23
26
29
15
23
26
22
13
18
19
17
19
19
25
17
19
21
19
22
9
20
20
30
18
12
19
20
13
15
14
20
13
14
13
10
19
20
26
23
16
12
21
18
10
16
13
11
17
20
23
16
21
22
20
14
16
17
12
21
21
19
15
19
12
22
19
20
15
14
25
24
10
10
14
16
16
18
18
13
6
14
11
21
16
18
18
17
15
18
11
19
14
15
14
14
11
19
9
18
9
14
13
12
13
19
13
10
11
21
11
13
15
9
10
15
12
24
14
12
21
14
21
22
8
24
19
18
15
19
13
16
16
12
12
14
20
12
13
13
8
13
13
16
8
18
18
12
9
12
16
17
13
10
17
18
15
19
12
18
14
11
13
10
11
17
10
14
7
13
9
13
11
15
10
12
8
10
9
10
9
14
10
21
12
8
12
9
9
12
3
13
9
12
7
16
16
6
14
10
14
18
10
10
13
13
11
6
10
12
12
12
11
5
10
14
9
13
14
8
6
5
8
6
16
13
11
11
9
12
8
9
12
6
8
5
10
7
8
10
9
8
5
12
12
10
10
10
9
8
12
8
13
15
15
11
13
7
13
6
11
7
9
8
14
9
13
7
10
11
5
5
17
11
12
16
6
6
12
8
8
8
15
6
9
7
10
6
12
7
6
9
8
12
2
10
13
10
8
12
6
11
5
7
7
9
9
12
10
10
3
6
9
6
11
7
10
4
9
2
7
10
9
12
9
9
6
12
6
5
7
6
7
6
6
5
9
9
3
5
6
10
5
7
9
11
8
7
10
6
9
7
7
4
5
5
8
9
6
4
6
8
3
4
5
10
7
10
6
8
9
6
7
15
4
5
10
3
6
8
7
8
3
5
4
3
4
5
5
4
4
5
8
5
1
6
9
9
6
7
5
6
8
5
10
4
6
8
8
7
7
5
8
12
4
5
2
4
3
5
6
6
4
3
6
2
5
6
7
3
9
4
6
4
3
5
5
5
7
9
9
4
6
11
7
3
10
3
3
7
4
5
7
6
7
3
6
8
7
4
2
4
3
6
4
3
6
4
7
7
5
7
7
6
7
6
7
6
5
5
8
4
5
6
8
2
6
4
4
4
5
3
3
5
5
4
5
6
5
2
3
5
4
6
4
7
7
2
3
2
4
5
3
5
3
5
5
5
4
2
4
6
5
2
6
3
3
4
1
3
3
6
5
3
5
2
4
1
9
2
2
5
5
4
4
2
3
3
4
2
5
2
1
6
5
0
4
4
2
3
2
6
0
10
7
1
4
7
5
2
3
2
4
6
2
6
3
5
2
3
6
0
3
1
7
2
5
2
5
2
4
2
3
3
4
2
3
6
2
1
2
2
4
2
4
2
3
4
4
5
2
4
4
2
3
1
4
4
1
4
3
1
6
3
4
1
1
1
5
1
3
2
6
1
1
1
3
3
5
3
5
9
8
3
3
2
2
3
2
1
5
1
0
4
2
0
4
2
1
2
1
1
3
0
4
1
4
4
2
1
3
2
0
0
5
2
3
2
3
3
3
5
2
2
4
7
3
3
2
1
2
2
7
2
0
0
6
2
1
0
0
3
1
2
1
5
5
3
3
2
5
2
6
1
3
1
5
3
3
0
3
2
0
2
1
3
1
3
4
2
0
0
4
0
3
4
2
5
2
0
1
2
2
4
1
1
4
0
3
0
3
1
2
2
1
1
0
1
3
4
1
3
1
1
3
1
4
2
3
2
1
3
1
2
4
3
2
0
2
1
2
0
0
0
1
0
3
1
2
3
2
3
2
0
2
0
0
0
3
1
0
2
3
1
3
2
1
1
0
2
3
1
2
1
1
0
1
1
0
2
2
2
2
2
0
0
1
1
0
1
2
7
2
3
4
0
2
2
0
2
3
3
2
0
2
2
3
1
1
3
1
0
4
0
2
1
0
1
0
0
2
1
0
1
4
1
2
1
2
2
0
2
1
3
1
0
1
2
1
1
1
1
1
2
0
1
0
1
0
2
1
1
1
0
3
1
3
1
1
0
2
2
2
0
2
0
0
0
0
1
0
1
1
1
1
4
2
2
1
0
1
3
0
2
0
0
1
2
0
0
2
1
2
1
1
0
1
1
1
1
1
2
2
0
1
1
2
1
1
0
0
1
1
0
1
1
0
0
1
0
0
0
1
1
1
1
1
0
2
0
2
2
2
1
1
0
0
3
0
0
0
1
2
1
0
0
0
2
0
1
1
2
1
1
2
1
3
2
0
1
2
3
0
0
1
1
1
1
1
1
2
0
0
2
1
0
0
0
0
1
2
1
0
0
1
1
0
1
0
1
0
0
0
1
5
1
0
1
0
1
2
1
0
0
1
0
0
3
2
1
1
1
0
1
2
0
1
2
0
0
2
0
0
0
0
0
0
1
2
2
1
1
2
2
0
1
0
1
0
0
0
0
0
0
1
1
0
0
0
1
0
1
3
1
2
1
0
0
3
0
0
0
0
0
0
2
0
0
3
3
0
1
1
0
0
1
0
2
1
1
1
0
2
0
0
1
2
1
2
0
1
1
1
0
0
1
1
2
1
0
3
0
0
1
1
0
1
1
0
1
2
0
3
0
1
0
0
0
1
0
2
2
0
1
1
0
0
3
0
0
0
1
0
0
1
0
1
0
0
0
0
1
0
0
0
1
1
1
0
0
0
0
1
1
0
1
0
0
0
0
0
1
0
0
0
0
0
1
1
1
0
1
0
3
0
1
0
1
0
0
0
0
0
1
1
1
0
1
0
0
1
1
0
0
1
1
1
0
3
1
0
0
0
2
1
1
1
0
0
1
2
0
1
0
1
1
0
0
0
2
0
1
1
2
2
0
0
0
1
0
0
0
0
0
0
0
0
0
0
2
0
0
2
0
0
1
0
1
0
1
1
0
2
0
1
1
0
0
1
0
1
0
1
0
0
1
0
0
0
0
1
0
0
0
0
0
2
0
0
0
1
0
0
0
1
0
0
0
0
1
1
2
1
1
0
1
0
1
1
0
1
0
0
0
0
0
0
0
0
0
1
0
0
0
1
1
0
1
1
0
1
0
1
1
0
1
0
0
0
1
1
0
0
0
0
0
0
0
0
0
0
0
0
0
0
0
0
0
0
1
0
0
0
0
2
1
0
0
0
0
0
1
0
0
0
0
0
0
0
0
1
0
0
0
1
0
0
0
0
1
0
0
0
1
0
0
0
0
0
0
1
0
1
0
0
0
0
0
0
0
1
0
0
0
0
0
0
0
0
0
0
0
0
0
0
1
0
0
0
0
0
1
0
0
1
0
1
0
0
0
2
0
1
0
0
0
