0
0
0
0
0
0
0
0
0
0
0
0
0
0
0
0
0
0
0
0
0
0
0
0
0
0
0
0
0
0
0
0
0
0
0
0
0
0
0
0
0
0
0
0
0
0
0
0
0
0
0
0
0
0
0
0
0
0
0
0
0
0
0
1
0
1
0
0
1
0
0
2
5
0
0
4
2
1
2
4
4
5
10
38
142
347
963
2177
4774
9706
16879
27671
41045
54251
66567
72554
73707
66417
54825
41497
28329
17264
9857
4971
2318
1003
369
136
45
9
9
4
0
1
2
0
1
0
2
3
0
2
0
3
2
0
0
0
1
1
0
7
62
53
40
61
50
47
65
50
49
54
47
46
37
52
47
39
50
35
45
41
39
35
47
40
42
31
40
34
32
36
36
42
35
45
42
38
38
31
38
33
31
40
37
43
41
34
31
38
44
40
34
42
38
34
37
41
48
44
46
56
54
61
64
59
54
76
64
102
123
152
204
229
271
345
332
334
340
344
265
219
210
162
132
118
89
81
67
53
34
57
35
47
37
38
48
38
44
32
47
37
43
36
41
55
36
48
47
50
69
75
54
83
73
75
96
90
85
83
105
141
123
152
175
208
304
366
546
901
1372
2286
3552
5209
7356
10185
13170
15869
18434
20393
21128
21069
19704
17382
14693
11855
9164
6738
4835
3529
2529
1791
1404
1034
817
706
572
544
583
669
805
1005
1198
1589
1851
2089
2293
2261
2406
2284
2059
1772
1415
1147
891
671
502
428
315
236
203
197
161
145
117
96
74
60
41
43
26
19
16
17
8
12
16
10
6
10
8
11
9
5
6
7
4
7
11
7
10
12
7
11
8
15
8
7
9
11
10
13
10
12
8
11
20
22
17
10
16
17
35
29
49
28
22
27
27
32
21
18
17
27
16
15
19
23
17
22
19
20
28
23
17
23
17
22
21
13
12
21
16
16
19
14
16
8
7
11
8
8
14
9
4
7
7
6
8
8
8
4
8
4
7
4
5
6
8
2
5
7
8
2
6
8
12
6
5
2
6
4
8
7
3
10
8
9
14
15
14
13
10
8
10
22
12
10
6
9
19
7
3
8
9
8
5
6
11
7
7
15
22
7
9
11
8
13
10
9
12
14
13
7
7
13
5
8
3
5
5
8
6
5
10
5
5
5
9
4
3
7
6
5
6
5
12
6
1
9
10
7
9
4
7
8
9
2
8
4
6
5
8
5
8
8
6
10
8
4
7
9
2
7
9
5
7
7
4
6
4
3
10
3
2
5
4
7
1
11
8
9
3
6
6
4
6
6
8
8
6
6
7
7
7
3
3
7
9
5
5
8
9
8
10
7
12
9
9
6
8
8
11
9
7
10
7
8
9
3
7
8
11
2
12
8
9
8
14
14
8
10
10
5
8
8
5
7
11
6
8
10
12
6
19
9
12
9
9
10
7
10
8
11
10
10
9
8
5
9
11
12
14
13
6
9
8
11
9
12
9
8
8
10
9
10
17
7
16
11
14
16
10
18
12
13
21
21
19
26
18
21
25
32
28
24
36
26
29
37
34
38
42
42
35
32
38
45
36
33
38
50
32
39
47
30
45
35
40
31
42
36
35
27
32
29
29
32
33
25
22
39
31
25
18
27
30
28
34
15
21
29
27
19
21
27
16
17
20
20
22
25
23
21
14
17
20
16
23
18
21
19
31
23
22
31
33
22
24
18
23
27
23
29
32
35
28
24
25
26
15
30
22
29
21
20
28
34
21
23
25
19
21
25
21
27
31
21
26
31
23
35
35
31
36
27
34
39
37
40
34
32
34
45
40
29
52
38
30
21
34
41
49
40
40
38
39
44
29
34
34
44
37
33
43
40
46
43
34
34
48
52
50
45
58
62
61
52
64
45
63
47
59
38
52
66
45
51
64
60
56
62
68
75
52
63
77
71
87
71
68
77
69
60
80
74
81
83
67
117
86
83
89
117
97
116
103
107
112
88
100
92
101
82
73
88
102
84
89
89
93
76
81
91
77
87
90
73
70
73
70
77
84
80
94
81
72
89
95
82
80
75
91
62
92
73
70
77
62
88
77
79
87
79
81
78
92
85
83
71
80
67
80
80
82
78
76
74
71
71
81
73
65
80
80
78
72
82
72
69
75
76
91
78
79
88
81
66
95
68
74
92
79
72
83
73
81
80
92
82
67
88
88
82
68
62
70
87
53
63
86
72
86
90
72
90
89
85
79
89
84
78
86
74
84
93
71
72
92
84
86
78
81
84
85
92
74
89
95
96
83
103
107
92
108
106
97
81
76
99
113
110
116
112
111
124
128
137
154
209
208
262
327
402
528
645
850
1062
1296
1672
1997
2394
2909
3195
3651
4199
4523
4855
5078
5327
5403
5371
5220
5133
4762
4437
4059
3712
3108
2657
2287
1892
1533
1292
1056
787
588
504
368
317
249
216
154
152
136
129
100
116
110
98
93
117
112
101
108
88
102
113
101
123
101
116
102
110
110
103
115
104
104
111
123
90
99
120
104
101
111
117
120
111
101
102
116
99
109
101
120
100
114
127
126
116
108
121
111
144
125
133
120
133
124
156
136
153
156
193
159
225
232
294
306
361
384
442
530
582
566
678
746
752
815
807
798
769
827
704
746
715
650
573
561
476
439
389
396
285
287
218
235
203
186
179
156
140
146
140
140
148
155
154
144
133
119
148
165
119
160
138
146
154
149
133
135
141
152
145
135
153
146
164
159
161
148
150
183
153
155
165
158
169
154
155
183
198
176
146
144
204
178
163
188
210
186
187
152
195
203
203
189
214
241
192
232
216
228
214
226
182
220
250
255
246
265
233
283
254
241
245
273
284
276
304
306
286
300
319
295
281
299
325
300
338
330
342
350
322
376
347
339
303
316
337
360
324
398
388
353
353
366
325
359
370
351
368
326
350
338
343
366
389
345
353
368
320
328
309
296
332
345
301
305
316
266
327
288
301
289
292
241
280
263
234
243
257
267
244
244
261
281
251
247
257
222
224
208
230
221
209
199
206
199
181
202
183
154
209
215
188
177
176
189
184
162
184
170
180
181
167
168
177
176
186
150
164
166
201
163
156
170
142
152
181
152
153
144
174
165
153
160
165
141
175
156
146
164
167
169
154
183
179
156
188
163
186
192
170
175
156
180
182
185
187
186
193
204
211
190
204
179
222
224
215
227
215
210
233
204
231
209
226
206
216
261
231
228
234
213
223
212
201
219
201
240
197
203
219
231
228
219
200
187
208
190
205
203
177
195
187
209
200
204
192
187
192
168
181
178
181
194
183
180
219
190
177
201
187
162
180
176
187
201
200
169
186
168
183
198
192
196
171
180
169
191
190
174
166
188
200
159
168
180
156
191
189
186
155
198
170
185
163
172
171
183
187
170
175
198
204
158
198
197
159
192
183
164
191
190
154
167
176
177
192
183
174
196
160
168
183
170
196
209
203
220
180
193
199
186
207
183
183
198
207
157
181
187
209
181
163
218
196
191
175
172
202
201
186
193
186
164
216
190
183
187
210
193
222
189
221
201
196
215
206
222
197
200
214
191
240
205
208
215
221
215
204
193
222
221
221
194
206
201
182
210
228
206
248
212
247
209
203
223
227
212
203
209
197
181
205
239
226
206
269
216
198
227
250
218
215
220
247
238
256
226
211
233
228
216
223
217
244
245
244
230
218
224
250
231
238
247
225
256
253
226
243
210
225
247
260
220
241
205
245
249
233
237
255
265
236
245
244
232
241
239
230
233
212
221
237
215
239
249
241
211
233
234
212
225
227
221
204
222
191
189
206
233
213
226
216
212
223
231
197
214
202
212
206
205
198
185
218
197
215
210
201
182
213
218
197
231
209
205
211
193
179
217
181
222
177
198
213
207
197
225
207
215
201
186
180
210
207
208
196
178
191
181
199
197
207
198
206
165
219
188
191
188
208
186
215
198
205
192
209
183
202
187
182
211
208
202
216
194
183
208
226
210
215
189
172
196
172
191
205
191
186
196
209
211
196
196
215
170
178
204
213
205
180
195
195
206
196
181
191
212
203
193
215
206
171
177
185
213
196
184
198
193
201
215
218
198
176
218
184
218
193
184
190
219
192
195
204
213
180
198
210
221
182
202
197
198
214
203
206
197
201
196
174
195
193
215
184
191
175
209
198
188
203
210
201
217
208
183
228
207
196
200
172
216
192
212
169
217
192
197
205
219
201
207
183
200
203
220
202
191
186
201
227
215
200
177
212
157
194
210
208
184
192
207
202
198
216
209
195
227
230
222
204
188
213
224
224
198
224
225
207
192
195
206
222
232
189
211
198
227
253
214
236
221
209
240
215
239
256
239
228
241
230
270
223
242
240
242
258
245
230
244
263
262
283
262
265
231
287
273
245
248
288
267
295
279
285
302
285
311
318
309
306
308
303
317
329
326
363
311
313
365
357
384
351
320
374
359
368
346
395
388
371
412
414
385
392
488
457
466
460
479
496
524
560
573
563
543
625
642
634
667
681
682
729
728
767
783
774
880
885
847
921
844
904
955
999
999
1022
1021
993
1139
1124
1115
1130
1106
1215
1135
1190
1178
1187
1192
1232
1216
1149
1254
1140
1205
1182
1212
1158
1145
1092
1124
1161
1112
1070
1058
1062
981
989
1023
926
945
888
858
844
763
777
752
773
715
681
712
630
577
573
566
594
522
558
512
493
491
443
440
450
398
415
396
398
381
360
379
401
350
326
328
302
318
290
297
294
275
262
278
268
289
286
261
266
272
234
243
246
258
236
228
220
233
234
235
239
193
202
201
207
196
193
189
219
199
196
190
204
204
201
206
189
178
173
183
176
198
212
230
215
226
233
201
220
270
271
280
263
305
272
316
337
340
341
337
366
368
359
348
373
376
410
394
371
380
383
388
390
385
377
355
340
375
329
276
303
270
269
227
234
230
225
191
196
177
158
169
138
159
129
133
148
128
118
133
125
140
131
137
144
133
129
106
132
134
140
144
154
147
158
147
141
138
143
134
158
141
129
150
128
138
143
144
152
152
174
147
180
176
156
160
167
181
163
173
170
179
186
168
164
188
196
199
209
190
220
223
211
206
228
198
196
201
218
228
228
224
201
207
226
215
232
221
223
223
207
230
228
210
223
211
200
213
189
168
203
180
200
191
179
180
187
187
161
196
179
163
158
157
133
156
154
153
138
151
146
117
135
137
113
129
134
123
116
109
96
103
99
112
118
101
122
90
102
93
104
82
95
95
79
82
73
87
64
78
87
69
78
78
56
71
87
64
82
68
70
72
59
64
63
52
70
67
47
69
69
71
60
52
56
52
79
61
63
77
63
56
47
72
64
73
58
65
58
47
60
48
57
50
69
43
35
46
55
41
51
51
48
48
51
49
57
47
55
52
46
43
53
56
51
43
41
34
46
49
41
60
68
60
54
42
56
64
58
64
64
59
67
75
74
67
60
53
57
71
54
73
61
66
63
73
59
67
66
56
71
57
59
57
48
46
53
55
39
40
43
41
38
60
37
39
39
41
27
41
45
36
30
33
42
38
44
51
36
31
31
29
45
44
38
53
45
37
47
37
32
48
41
45
43
31
28
36
35
32
33
28
37
37
33
37
36
26
31
43
30
44
31
31
23
37
30
43
38
30
37
38
29
33
29
33
34
42
23
25
36
23
24
24
28
31
24
26
28
20
30
31
31
42
30
23
26
27
26
26
21
26
29
20
32
24
25
29
31
27
27
25
26
22
29
18
37
31
37
31
24
25
28
26
32
24
30
30
28
30
25
31
22
22
35
18
32
22
23
21
25
29
28
29
25
24
26
23
28
27
24
26
31
34
24
29
26
27
27
30
23
23
8
32
24
25
38
24
22
31
28
22
23
26
24
20
17
21
20
25
23
16
24
22
22
27
26
24
23
24
29
20
16
27
25
19
24
29
14
14
35
18
15
15
14
21
22
23
25
14
26
19
22
22
30
16
21
27
23
13
17
16
26
21
29
25
23
17
20
12
21
9
13
15
22
24
10
10
21
25
23
21
22
18
21
20
22
24
23
19
21
15
15
21
17
15
14
26
19
20
14
25
14
24
17
20
17
21
21
15
12
13
23
23
18
25
15
14
15
12
18
12
26
20
17
13
11
16
14
23
18
10
21
13
25
10
20
14
15
15
14
16
17
19
13
25
11
7
23
8
13
15
22
17
18
20
14
18
19
8
11
18
12
20
16
17
15
17
17
17
17
15
24
10
17
14
16
11
13
13
8
13
18
16
13
13
20
22
12
10
17
18
16
10
16
11
13
20
9
20
14
15
14
16
11
9
12
12
16
17
12
15
10
15
15
14
14
9
15
10
14
10
13
15
16
8
8
17
19
6
10
16
19
8
16
10
15
14
10
10
16
8
14
14
9
11
15
11
5
15
11
16
15
15
19
19
10
6
17
17
14
9
11
15
16
11
8
12
9
9
11
9
14
12
9
11
17
7
14
9
20
6
6
13
6
12
17
14
7
13
9
11
12
6
13
14
10
14
5
12
9
10
12
12
9
21
14
8
6
10
7
11
12
12
9
12
14
10
17
9
10
4
16
12
9
7
13
10
9
8
12
8
10
13
12
6
13
6
13
5
9
12
10
15
6
10
3
13
11
8
6
10
3
7
9
8
9
13
5
10
8
9
7
8
10
18
9
8
10
2
5
7
9
8
14
4
10
4
9
10
7
7
9
7
9
10
12
10
3
8
10
9
6
13
8
7
10
7
11
11
5
7
3
9
10
10
10
12
10
6
12
9
8
13
7
9
3
8
9
5
6
5
5
6
10
10
6
2
3
13
5
6
10
10
7
9
5
8
4
4
9
7
10
8
11
10
6
6
7
3
14
8
8
14
8
4
4
7
11
2
7
6
8
7
2
6
9
4
4
8
7
11
12
3
7
4
7
13
5
9
4
7
5
4
12
6
7
8
9
6
2
9
6
3
5
4
4
9
4
8
4
6
4
5
5
6
8
9
4
4
5
6
7
8
6
4
7
10
7
8
7
5
6
5
9
4
5
3
2
3
4
5
5
3
4
6
5
6
4
6
10
3
6
7
6
3
7
5
5
4
7
0
6
8
2
3
8
9
4
3
6
4
6
6
4
8
1
2
6
3
5
3
1
6
7
4
5
10
3
2
4
5
6
7
3
2
6
3
7
6
5
3
5
3
3
4
5
12
5
5
6
4
3
6
6
2
6
7
3
5
3
0
4
0
4
3
4
3
7
3
0
4
3
1
2
8
4
3
4
3
2
1
1
3
2
2
2
6
3
2
6
3
3
3
5
4
3
1
3
1
3
3
2
3
4
1
5
5
3
2
5
3
3
4
6
1
2
3
3
3
1
3
2
2
4
3
3
5
5
0
4
2
3
0
2
7
3
5
2
5
1
3
3
4
2
4
0
2
2
3
5
4
6
0
3
1
3
4
2
6
1
0
3
3
6
4
5
1
6
4
2
4
1
5
2
2
4
4
3
3
3
3
1
6
4
1
5
3
5
2
5
4
3
2
1
2
5
0
2
3
2
3
5
1
2
2
4
2
0
4
1
3
1
3
3
1
2
1
3
2
2
2
3
0
1
1
1
1
1
1
2
3
2
1
1
3
1
1
1
2
5
1
5
1
4
3
3
3
2
2
3
1
2
1
3
1
1
3
2
2
1
0
3
1
3
1
1
3
4
1
1
3
4
4
1
1
2
1
0
2
3
1
0
2
1
4
3
1
1
1
3
4
1
2
0
0
0
0
0
4
1
1
3
1
2
3
1
2
2
2
0
2
0
1
0
2
1
2
0
2
2
0
1
3
1
1
1
2
1
2
2
3
2
2
2
2
1
0
0
1
2
1
2
1
1
4
2
5
1
4
1
1
0
2
3
1
3
2
2
1
1
1
2
1
0
1
2
1
0
1
0
0
0
2
1
1
2
2
3
1
0
2
0
0
1
3
4
0
1
1
0
0
3
2
1
3
3
1
1
1
4
0
0
0
1
1
3
0
0
1
2
3
0
1
0
3
0
1
1
2
0
1
0
1
0
1
0
1
0
2
0
0
1
1
0
1
4
1
1
1
0
0
1
1
0
1
2
0
1
3
1
2
1
0
1
0
1
0
2
1
0
2
1
1
0
0
1
1
0
1
0
1
2
0
2
1
1
3
1
2
0
1
1
0
0
0
0
1
0
0
1
1
1
0
0
0
0
1
1
1
1
2
0
0
2
2
2
0
1
0
0
0
0
1
0
2
1
0
0
0
0
0
2
0
2
0
0
0
1
2
1
2
0
1
1
3
1
2
0
0
0
1
1
0
0
0
0
1
1
2
1
2
1
1
1
1
0
0
0
1
0
0
2
1
1
0
1
3
0
2
0
1
1
0
1
0
1
0
0
1
1
0
0
0
2
1
0
1
1
0
0
0
2
0
0
0
0
1
1
1
0
2
0
1
0
1
1
0
0
0
0
0
0
0
1
0
0
0
0
0
0
0
1
0
0
0
1
1
1
1
0
0
1
1
0
0
0
0
2
0
2
0
0
0
1
0
1
1
2
0
2
1
0
0
0
2
0
1
0
0
1
0
0
0
1
0
0
1
1
1
1
0
0
1
0
1
0
0
0
0
0
0
0
1
0
0
1
1
1
0
0
0
2
2
1
2
0
0
1
1
0
1
1
1
0
0
1
0
0
0
1
0
0
0
0
3
0
0
0
1
0
0
0
0
1
0
1
1
0
0
1
0
0
0
1
0
0
0
0
0
1
0
0
0
1
0
0
0
1
1
0
3
0
0
0
0
1
1
0
0
0
0
0
0
1
0
0
0
1
0
0
0
0
0
1
0
1
0
0
0
1
1
1
0
0
1
0
0
1
2
0
1
1
0
0
0
1
0
0
0
1
0
0
0
0
1
1
0
0
1
1
0
0
0
1
0
0
1
2
0
0
0
0
0
0
1
0
0
0
0
0
0
1
0
0
0
0
0
0
0
0
1
1
0
0
0
0
1
0
0
0
0
0
0
0
1
0
0
1
0
1
0
0
0
1
0
0
0
0
1
0
0
0
0
0
0
0
0
0
0
0
1
0
0
0
0
0
1
0
0
2
0
0
0
0
0
0
0
0
0
0
1
0
0
1
0
0
0
0
0
0
0
1
0
0
0
0
0
0
1
1
0
0
0
0
0
0
1
0
0
0
0
0
0
0
0
0
0
1
0
0
1
0
0
0
1
0
0
1
0
0
0
0
0
0
0
0
1
1
0
0
0
1
0
0
1
0
0
0
0
0
1
0
1
0
0
0
0
0
0
0
0
0
0
0
0
0
1
0
0
0
0
0
0
0
0
0
0
0
0
0
1
0
0
0
0
0
0
0
0
0
