0
0
0
0
0
0
0
0
0
0
0
0
0
0
0
0
0
0
0
0
0
0
0
0
0
0
0
0
0
0
0
0
0
0
0
0
0
0
0
0
0
0
0
0
0
0
0
0
0
0
0
0
0
0
0
0
0
0
0
0
0
0
0
3
1
0
2
4
1
2
1
4
3
2
0
3
3
3
2
6
4
5
12
41
109
318
951
2269
4794
9773
16900
27597
40776
54903
66041
72880
73237
66637
55029
41475
28027
17391
9858
5062
2347
1049
409
130
46
17
5
2
1
3
0
2
1
2
3
1
1
2
1
0
1
0
2
0
0
0
0
6
55
51
65
48
47
53
46
55
51
57
51
45
38
60
56
51
55
43
48
62
51
37
47
42
48
48
48
43
36
44
36
36
43
39
52
34
36
36
39
48
39
39
45
46
41
38
38
39
49
35
42
29
51
33
42
37
36
48
49
58
55
50
50
57
56
77
71
89
125
161
183
225
283
277
352
331
322
308
278
221
223
157
146
115
81
79
68
59
40
55
37
49
41
47
30
48
53
40
28
35
47
51
47
40
50
55
61
69
50
70
64
77
74
84
88
98
93
121
105
122
123
137
155
195
272
363
574
804
1453
2253
3535
5370
7524
10140
13197
16270
18792
20604
21398
20969
19610
17658
14827
11879
9187
7036
4884
3533
2594
1819
1466
1077
828
690
545
521
585
633
748
974
1289
1527
1861
2119
2324
2402
2442
2304
2030
1784
1496
1230
931
683
470
367
302
218
194
163
157
132
125
95
81
53
40
26
25
22
29
17
16
8
7
7
10
11
11
11
6
8
12
9
5
7
4
8
9
8
7
6
9
12
11
5
7
11
6
8
9
7
13
17
17
17
14
14
21
28
17
26
30
34
32
33
21
25
28
16
29
20
19
18
18
29
19
18
21
21
24
20
25
27
22
19
18
26
20
25
28
17
15
25
10
28
14
17
11
5
12
4
12
10
15
7
4
7
4
9
8
10
2
1
11
6
15
9
5
6
8
8
8
4
4
5
7
5
8
8
4
11
6
14
4
10
8
14
13
20
14
18
20
18
17
11
9
13
10
13
9
12
3
7
6
3
10
6
8
9
8
12
14
18
15
10
6
14
18
11
7
13
11
7
12
7
10
5
3
6
10
5
5
8
12
12
7
6
5
11
7
3
3
8
5
4
5
10
4
6
7
11
8
8
1
4
5
3
10
9
5
4
8
9
7
9
5
6
5
10
6
9
6
8
5
3
3
5
7
6
7
6
6
5
9
10
12
6
6
3
9
5
6
8
6
12
7
11
4
16
4
7
8
7
6
5
8
6
12
6
6
8
9
7
11
8
3
11
6
8
3
6
7
11
10
9
10
8
11
8
9
5
9
15
5
4
9
8
6
2
8
7
5
7
8
14
11
17
10
15
6
5
8
10
5
3
9
8
8
9
4
6
9
9
13
9
13
7
13
16
15
9
12
14
12
11
7
10
5
12
11
12
16
20
12
17
14
15
19
11
16
16
20
17
20
21
18
15
21
32
27
24
30
21
32
32
32
32
33
27
35
40
35
35
27
54
37
42
39
39
31
41
36
38
26
44
32
30
46
34
35
33
42
33
30
42
28
26
31
41
33
20
35
23
23
22
24
19
18
24
20
23
18
22
27
24
20
12
19
27
21
22
18
24
26
17
27
25
26
24
25
22
19
30
19
20
33
22
21
19
22
26
24
29
16
33
31
23
28
29
24
21
24
28
25
21
32
30
25
25
29
36
23
27
32
28
36
27
28
33
41
33
23
35
42
32
42
27
40
32
36
32
21
39
31
29
30
41
27
35
55
51
39
42
39
39
49
35
38
44
33
44
59
44
33
40
35
53
56
45
47
45
40
48
67
56
58
49
38
56
60
64
52
52
54
48
58
71
64
67
58
80
67
55
74
58
74
70
83
70
77
87
86
102
81
85
84
106
97
103
108
98
112
94
104
109
101
104
87
101
107
86
86
98
91
86
86
79
73
88
90
83
79
76
98
89
84
89
91
67
89
82
87
90
84
99
69
92
83
63
83
87
78
60
68
85
80
73
74
75
87
80
81
69
89
69
77
90
88
83
71
68
78
80
81
77
59
82
79
84
82
69
86
69
89
72
76
78
81
76
85
92
94
88
75
85
88
64
71
79
78
78
75
82
78
70
74
59
74
78
81
74
93
90
82
81
87
94
91
77
83
74
96
89
77
80
83
70
86
75
77
84
73
68
82
72
91
103
79
89
88
97
81
82
87
86
90
99
86
84
104
91
101
96
90
92
107
83
82
115
109
87
116
119
127
125
157
182
208
253
292
387
545
679
863
1102
1359
1669
1998
2376
2754
3312
3792
4197
4633
4850
5158
5323
5477
5375
5232
5111
4923
4535
4136
3616
3172
2718
2345
1970
1609
1238
1033
736
674
494
376
305
245
212
169
140
146
115
116
130
130
113
107
88
110
95
100
110
97
98
119
97
96
113
109
97
103
125
125
97
111
124
110
126
126
138
124
109
88
103
106
108
100
125
126
142
110
119
127
129
124
119
136
104
131
110
113
143
132
121
125
145
113
124
135
172
192
181
208
195
217
262
295
360
375
428
509
541
602
644
697
751
783
813
804
800
785
732
767
735
688
568
531
460
435
408
323
319
270
238
248
201
188
174
153
142
165
149
137
151
149
153
121
133
134
130
158
153
157
120
153
167
143
140
150
175
168
146
168
150
165
152
135
159
135
133
164
150
127
167
167
175
162
177
171
177
171
159
171
167
178
188
180
198
178
165
178
174
204
194
200
197
208
221
212
243
199
199
209
216
273
234
239
224
243
254
235
273
272
276
320
277
272
282
288
281
342
298
300
316
309
309
340
345
334
362
333
309
339
338
341
355
346
379
393
386
332
355
355
350
387
376
379
344
359
387
364
362
342
371
327
363
384
378
355
304
323
345
328
329
322
317
291
320
313
312
292
318
288
286
284
311
289
281
274
249
264
232
258
236
256
233
226
241
242
237
242
222
218
191
225
203
241
235
211
196
221
179
193
199
197
182
174
177
173
173
205
178
200
184
191
151
166
152
192
165
183
182
186
183
168
170
165
175
170
158
171
176
168
167
161
167
178
182
159
182
168
170
168
149
148
190
148
190
187
190
207
177
176
168
159
218
200
185
190
206
226
198
203
186
200
214
226
216
253
207
251
237
229
216
243
223
233
229
229
252
249
257
233
208
218
244
217
235
242
258
219
206
227
192
227
232
217
209
229
232
232
205
180
223
221
214
186
199
204
199
207
201
203
218
199
208
185
198
225
183
198
199
214
192
188
173
187
191
188
204
188
187
172
211
191
192
176
199
184
214
180
209
183
162
201
184
187
166
189
180
183
201
202
180
210
175
184
189
206
181
178
189
198
195
217
186
208
190
174
210
191
193
222
194
198
199
204
213
187
210
182
194
177
200
208
227
209
216
205
217
213
216
186
193
213
218
202
211
176
188
200
216
192
207
224
208
208
196
231
209
218
208
244
189
211
214
227
219
221
207
223
244
186
216
213
222
212
223
208
223
227
231
210
219
223
228
226
228
234
216
253
216
223
242
246
216
218
249
211
215
224
230
255
224
220
211
256
218
212
225
228
254
266
244
231
223
235
254
251
246
219
242
284
257
254
247
249
247
247
269
236
241
255
249
289
269
241
253
249
241
258
272
266
255
244
275
288
291
252
270
257
273
260
243
272
279
262
273
257
274
243
240
259
246
235
264
266
234
257
223
262
235
236
234
246
240
220
273
269
231
237
227
247
227
247
229
220
246
242
229
236
215
231
258
241
237
223
213
228
227
232
213
229
223
220
225
214
219
217
205
224
219
248
241
225
232
195
221
206
228
251
207
245
212
208
217
228
230
216
218
214
203
230
209
211
204
220
235
218
202
187
196
231
229
204
219
249
215
206
239
211
207
223
215
207
222
259
213
193
238
219
235
240
211
237
204
205
225
220
229
205
223
200
207
232
221
222
248
220
219
212
253
223
239
218
230
195
204
250
212
204
204
218
202
221
239
192
188
209
238
240
226
233
240
219
226
236
223
204
227
224
193
234
203
220
227
226
236
213
207
224
213
199
204
190
203
187
197
236
231
193
219
200
221
241
233
246
214
217
188
217
246
220
207
214
229
209
221
215
236
215
221
202
220
237
240
231
185
198
226
221
215
231
218
224
221
242
229
223
212
215
206
224
226
234
207
218
246
232
238
210
205
183
193
255
237
210
225
240
217
219
219
265
240
235
220
218
235
226
237
235
217
219
228
230
243
231
236
242
222
194
224
221
229
237
256
227
232
221
211
247
291
244
225
253
238
261
283
272
264
241
263
253
287
255
243
314
255
283
279
300
274
302
268
284
290
270
278
310
312
301
305
304
293
270
298
314
320
355
301
306
320
337
352
372
380
378
355
350
374
372
374
391
393
400
425
393
407
426
422
449
460
433
437
494
530
484
517
516
515
549
572
583
612
556
609
624
670
719
740
683
704
780
776
818
843
835
926
956
976
937
1004
1009
1064
1035
1076
1114
1111
1172
1122
1175
1181
1221
1259
1220
1254
1198
1301
1290
1330
1292
1303
1380
1250
1300
1297
1292
1253
1201
1294
1241
1143
1188
1179
1169
1163
1160
1123
1092
1052
1025
942
1016
910
916
868
853
842
841
873
758
741
746
670
708
665
624
674
617
583
535
602
503
498
483
476
429
451
385
399
451
382
372
400
349
373
376
366
346
338
337
301
318
306
283
296
290
281
263
292
258
258
272
265
257
229
250
251
248
248
211
217
219
233
222
204
221
210
245
217
204
193
203
195
226
189
207
201
199
219
226
188
216
211
232
211
263
248
238
247
287
279
290
310
300
306
303
341
341
357
378
363
399
395
398
398
441
436
430
429
406
401
457
432
355
394
388
341
342
312
326
299
284
254
260
228
208
232
200
206
180
195
152
146
169
179
165
150
141
140
160
137
146
156
146
129
146
145
152
135
148
132
149
137
147
159
155
144
144
174
152
153
158
132
157
172
171
167
162
155
175
173
185
181
180
188
198
195
190
203
195
197
221
189
195
212
227
220
240
217
223
204
229
239
230
236
206
253
225
256
241
235
251
226
248
247
234
211
246
288
216
249
240
221
249
208
216
209
233
198
206
230
172
201
218
204
189
180
196
171
217
177
180
148
156
163
164
133
136
152
148
144
116
149
131
137
136
151
149
126
107
125
125
117
107
93
114
110
113
101
84
108
101
99
96
95
93
94
96
86
85
87
97
90
88
89
83
75
84
84
83
72
80
86
88
94
79
62
79
73
69
65
66
58
88
73
54
73
60
62
58
58
73
60
54
54
62
60
50
64
62
59
70
60
45
66
47
56
61
65
45
56
55
62
65
47
57
70
55
40
51
55
62
51
58
54
55
62
53
46
51
46
56
59
45
59
68
47
46
61
58
78
76
48
73
73
72
60
63
58
85
82
71
59
65
80
73
69
61
62
75
70
55
57
50
59
64
52
59
54
41
40
48
41
45
42
53
54
43
33
40
35
42
44
40
32
50
42
42
39
44
31
39
37
37
38
45
35
46
31
35
52
39
40
43
36
52
30
41
36
40
43
39
33
28
31
37
34
39
27
32
29
42
39
35
25
33
43
33
28
28
29
39
34
27
26
32
32
36
27
26
33
36
21
31
24
32
27
29
28
40
24
29
27
38
34
30
27
26
34
25
39
20
27
26
17
31
29
33
26
33
27
25
45
34
32
28
41
17
36
14
33
21
35
28
22
30
25
23
30
25
26
20
32
30
24
24
29
29
29
25
32
30
22
25
29
26
19
31
23
22
26
36
34
24
22
24
22
25
46
18
26
22
28
27
25
17
26
25
30
24
36
31
26
28
19
31
18
33
27
23
24
25
29
21
11
29
27
28
18
27
23
16
15
22
25
25
27
28
19
17
22
23
26
20
21
28
23
30
16
21
30
23
16
25
18
20
17
26
19
20
17
21
19
20
16
29
19
16
25
19
16
13
21
25
21
19
17
21
20
22
17
23
29
20
20
10
21
18
18
25
18
15
18
19
18
12
25
21
14
15
25
16
15
17
13
11
21
20
25
22
15
17
11
19
19
21
23
20
20
18
24
15
10
25
25
13
19
16
20
19
24
13
17
12
18
11
19
16
15
14
19
15
10
12
12
17
16
12
10
21
14
19
20
20
18
13
16
14
27
14
15
17
16
13
13
20
12
16
7
19
17
18
13
19
23
15
16
14
14
10
16
14
13
18
12
17
24
20
17
21
13
22
16
6
20
13
18
17
12
22
12
23
19
16
20
13
11
18
9
13
8
11
7
10
13
13
14
21
17
11
14
11
13
7
13
13
14
13
9
11
5
7
16
17
16
12
12
15
9
17
14
14
15
6
10
14
11
8
18
11
11
14
11
15
20
14
15
18
12
12
12
9
12
8
7
16
9
15
16
9
14
24
15
15
15
14
10
13
16
12
9
9
9
7
7
11
11
3
12
8
10
11
13
14
11
7
11
7
10
14
13
14
9
9
8
6
6
4
13
9
8
9
8
14
10
16
5
10
14
9
11
9
19
12
4
11
10
8
11
13
3
9
9
6
10
3
11
5
10
6
7
12
6
11
8
6
6
12
9
7
10
6
9
6
8
10
10
11
12
5
10
5
13
10
4
9
12
4
9
15
6
7
14
10
9
13
12
8
6
6
11
6
4
3
8
10
4
12
9
8
8
7
8
9
12
7
3
9
7
9
2
6
3
8
8
11
8
10
7
7
9
6
4
2
10
8
6
6
5
10
9
11
7
8
6
6
7
10
6
6
6
10
9
8
10
11
10
6
14
3
13
9
6
8
6
14
14
8
7
7
3
9
4
8
5
10
8
7
10
6
8
9
4
8
6
3
8
5
7
7
3
11
6
9
7
10
5
9
5
6
8
7
7
5
10
7
9
11
4
3
8
10
13
9
6
9
15
1
6
7
9
5
6
3
5
3
7
4
4
11
6
3
5
6
0
4
4
3
6
10
8
5
9
6
10
9
5
10
2
9
11
6
8
7
2
8
10
5
11
7
2
5
8
4
6
3
6
2
9
2
5
7
4
3
8
2
6
5
7
3
7
1
4
6
3
3
5
10
5
5
6
2
4
6
9
7
4
5
4
6
2
6
9
5
2
5
2
3
2
7
1
7
4
7
5
2
5
4
2
6
2
9
8
2
3
8
7
0
3
5
2
3
4
4
4
3
3
2
6
4
3
1
2
4
4
4
5
4
5
4
5
4
4
3
0
4
4
4
4
2
5
4
6
1
1
4
4
1
4
10
3
4
7
1
5
7
2
4
2
3
12
11
9
5
3
4
5
6
8
1
2
2
2
2
5
3
4
7
3
2
3
5
2
5
3
4
4
4
4
0
4
6
3
3
2
4
3
5
4
1
1
3
3
5
4
5
2
5
3
3
1
3
6
5
2
4
3
0
4
1
4
0
2
3
5
3
0
4
5
3
3
2
3
0
3
3
3
3
5
1
5
2
6
3
2
1
2
5
5
3
5
4
2
1
2
1
2
5
1
2
2
1
2
4
2
3
3
2
0
4
4
4
5
4
4
6
1
5
1
3
2
0
4
2
2
0
2
0
5
3
4
1
5
2
1
1
2
3
2
2
2
1
2
2
1
1
3
3
1
1
2
3
0
0
0
1
2
0
6
1
1
2
1
3
1
2
1
6
0
1
3
2
2
0
0
3
1
3
1
2
2
1
0
3
3
2
2
2
4
2
3
1
2
1
0
3
0
2
2
1
1
1
2
3
1
3
3
3
6
3
2
1
0
1
2
0
2
3
1
1
0
3
2
1
3
1
4
1
3
6
0
0
3
1
1
1
0
1
3
1
1
0
0
1
0
2
0
3
0
0
3
0
5
3
2
0
2
3
2
0
1
2
1
3
1
2
1
1
2
2
1
1
2
3
1
3
2
2
3
1
2
0
2
2
0
3
1
0
3
2
3
0
3
1
2
1
0
0
2
1
2
1
2
3
0
0
1
1
1
2
2
1
1
2
2
0
3
3
2
2
2
0
1
0
0
2
2
1
1
3
0
0
1
1
0
1
0
0
3
1
3
2
1
2
2
0
0
0
0
2
3
1
1
1
2
0
0
2
2
0
1
0
2
0
0
1
0
3
0
2
2
1
3
0
1
1
0
0
1
0
0
2
2
1
1
1
0
1
0
0
3
1
0
1
0
0
3
0
2
0
1
1
0
1
0
0
2
0
1
0
1
0
1
0
0
2
1
1
1
1
4
0
1
0
1
3
0
0
2
1
1
1
1
1
3
1
1
0
0
0
2
4
1
0
0
0
2
1
1
0
0
0
0
0
0
4
0
1
1
0
3
1
0
2
2
0
0
2
0
0
1
2
0
0
2
1
0
0
0
1
2
1
0
1
0
0
1
1
1
0
0
1
2
1
0
1
1
1
1
0
1
0
1
1
0
0
1
0
0
0
0
3
1
0
0
0
0
1
0
0
1
3
0
0
4
0
1
2
0
1
0
2
2
0
0
2
1
0
0
0
0
1
0
0
1
1
0
0
0
0
0
0
0
0
1
1
0
1
1
0
0
0
0
0
1
0
0
0
1
1
0
0
2
3
0
0
0
0
0
1
1
1
0
0
0
2
1
1
0
0
1
0
0
0
0
1
1
0
0
1
0
0
0
0
0
0
0
1
2
0
0
0
1
0
1
1
0
0
0
0
0
0
0
0
0
2
1
0
0
0
2
0
0
1
0
1
1
2
0
0
0
0
0
1
0
0
0
0
0
0
0
0
0
1
0
0
0
0
0
1
1
0
2
1
0
0
1
0
0
0
0
0
0
0
0
0
0
0
1
0
0
1
0
1
0
2
0
1
2
0
0
0
0
0
0
0
2
0
0
0
0
1
0
0
0
0
1
2
0
1
0
0
0
1
1
1
1
2
0
0
0
1
0
0
2
1
0
0
0
0
0
1
1
0
0
0
0
0
0
1
1
0
1
0
0
0
0
1
0
0
1
0
0
0
1
0
0
0
0
0
0
0
0
0
0
0
0
0
0
0
0
0
0
0
0
0
1
2
0
0
0
0
0
0
0
1
0
0
0
0
0
0
0
0
1
0
0
0
0
0
0
0
0
0
0
0
0
1
0
1
0
0
0
0
3
0
0
0
0
0
0
0
0
0
0
1
0
0
0
0
2
1
1
0
1
0
0
0
0
0
0
1
0
0
0
1
0
0
0
0
0
0
0
0
0
0
0
0
0
1
0
0
1
0
1
0
0
0
0
0
0
0
0
0
0
0
0
0
0
1
0
1
0
0
0
1
0
0
1
0
0
0
0
0
0
0
0
0
0
0
1
