0
0
0
0
0
0
0
0
0
0
0
0
0
0
0
0
0
0
0
0
0
0
0
0
0
0
0
0
0
0
0
0
0
0
0
0
0
0
0
0
0
0
0
0
0
0
0
0
0
0
0
0
0
0
0
0
0
0
0
0
0
0
0
0
0
0
0
0
0
1
0
1
1
0
2
3
0
1
1
3
3
7
13
44
125
366
970
2171
4925
9679
16648
27881
40785
54520
66206
72995
73119
66438
54885
41356
28081
17460
9972
5082
2366
1023
392
123
47
23
8
6
1
3
3
2
0
1
2
0
0
0
1
0
1
0
0
0
0
0
0
14
59
58
40
35
45
42
53
51
54
43
46
50
38
45
41
37
50
38
43
53
42
40
35
42
39
34
47
31
33
37
43
44
36
32
40
34
33
35
32
40
35
28
33
44
27
40
35
33
30
38
50
42
41
35
38
42
45
38
45
49
51
56
44
45
54
61
65
79
112
154
199
222
247
319
354
345
312
310
282
227
215
170
108
97
72
66
58
38
52
33
45
48
29
41
37
35
50
46
42
31
45
33
32
31
37
48
43
63
34
60
59
47
55
70
89
85
90
84
96
105
127
106
128
129
202
292
457
772
1287
2143
3389
5050
7125
9856
12959
15565
17856
19873
20649
20289
18915
16886
14343
11407
8972
6556
4693
3341
2376
1739
1281
951
725
543
455
374
412
558
647
835
1205
1570
1812
2188
2346
2493
2405
2212
2135
1863
1529
1138
967
692
503
393
314
251
199
173
153
148
110
111
56
60
51
33
26
17
14
11
9
11
6
10
13
8
9
7
18
13
3
11
9
15
8
9
8
14
9
5
14
14
7
9
10
9
7
10
8
10
8
12
7
19
20
14
21
21
36
24
29
19
28
24
20
31
24
25
23
19
15
17
24
14
19
17
19
20
22
21
22
24
20
14
17
29
14
22
10
23
15
19
20
11
12
8
10
11
8
10
9
8
7
3
6
6
5
6
6
15
8
8
4
4
8
11
4
1
6
6
5
5
7
11
4
5
8
3
1
12
9
7
10
8
13
8
15
10
14
12
21
18
12
12
9
10
7
7
14
5
12
12
8
9
16
9
7
9
19
12
10
7
10
13
6
14
14
15
10
10
12
10
7
4
3
10
2
9
10
6
7
8
9
7
5
8
4
7
3
2
11
15
2
12
3
2
7
3
4
4
5
7
8
9
3
4
6
8
6
11
8
5
8
4
6
7
5
4
5
5
3
4
8
9
8
2
6
5
6
6
7
6
5
8
6
8
9
8
7
6
4
6
3
9
7
6
8
5
4
4
6
6
6
7
11
14
8
9
10
6
10
5
6
10
6
7
7
7
10
6
9
6
9
2
11
7
6
10
12
4
6
16
9
6
7
9
12
6
4
8
9
7
9
9
12
8
4
6
8
7
11
7
7
10
10
11
4
13
9
11
8
9
11
7
11
9
12
5
8
16
5
11
5
10
7
5
9
14
12
12
8
15
10
12
13
8
10
15
14
10
15
19
13
16
22
12
13
21
11
12
22
14
17
18
15
10
18
25
15
15
13
22
19
18
32
19
20
18
13
18
13
12
15
26
21
21
15
22
23
20
15
14
18
12
21
9
12
24
19
10
15
14
21
21
15
13
5
21
18
15
19
17
21
14
23
17
21
17
25
16
10
23
17
22
18
26
18
24
20
19
17
19
19
30
20
17
23
16
20
27
32
17
37
20
28
18
24
30
24
29
30
29
26
27
26
25
27
22
34
28
31
31
26
36
32
32
32
44
29
30
38
34
24
39
29
34
32
35
40
33
34
41
37
34
33
45
35
39
38
36
51
31
42
43
39
42
46
54
39
44
45
47
47
38
52
47
48
39
56
50
54
54
58
62
67
59
50
45
53
69
66
64
62
58
52
64
60
82
56
61
73
81
66
59
75
84
74
75
87
81
78
69
96
84
94
103
91
79
96
95
110
91
101
128
92
99
87
93
94
85
83
77
76
92
85
72
70
72
66
83
77
64
73
72
81
82
81
70
74
76
87
64
72
73
79
62
66
81
73
66
74
71
78
65
64
67
64
89
72
65
76
69
61
69
65
78
87
89
63
66
63
83
61
69
77
76
89
72
74
76
71
74
69
77
76
84
56
79
62
73
80
70
64
74
63
83
73
67
76
89
75
82
67
59
67
65
74
74
69
79
67
71
87
72
67
84
75
78
75
59
77
83
62
71
73
83
68
74
68
63
90
67
72
83
70
90
85
85
60
84
80
75
81
85
78
97
84
97
86
76
105
88
82
84
93
88
85
104
94
105
106
102
124
157
157
230
233
317
349
436
574
704
908
1164
1398
1841
2090
2502
2875
3247
3743
4115
4576
4903
4973
5378
5414
5294
5105
4931
4593
4271
3823
3402
2979
2622
2186
1833
1614
1264
969
750
587
451
370
283
251
181
159
109
150
100
121
102
107
106
86
95
102
95
102
99
126
93
111
97
91
87
86
85
112
111
106
78
109
119
101
112
103
115
99
98
89
107
102
100
117
112
100
89
103
126
107
139
97
109
129
99
112
117
122
112
110
124
141
130
133
138
135
173
167
169
196
206
264
276
353
374
374
456
509
553
586
675
707
728
736
840
863
809
812
716
759
649
626
615
534
465
401
375
326
274
265
258
209
207
175
164
182
166
152
143
141
154
140
144
167
162
144
131
143
153
142
147
140
153
128
153
131
145
140
156
173
147
157
175
174
137
165
174
180
172
154
161
160
170
160
163
183
188
147
175
175
162
174
175
209
188
176
192
187
203
188
194
160
192
214
197
194
220
220
196
211
231
207
228
225
196
249
196
213
195
227
219
212
237
207
209
234
218
227
218
223
246
233
223
238
219
194
229
208
239
213
208
190
211
206
194
215
201
188
221
164
175
194
201
196
185
195
160
195
182
215
194
177
184
165
169
185
195
158
166
158
168
162
185
164
172
172
165
164
147
158
167
161
154
172
156
159
135
151
145
163
165
163
149
165
168
145
180
169
183
143
147
148
152
140
183
147
129
150
211
160
169
166
147
158
136
161
122
143
127
135
140
165
144
156
133
144
148
157
154
161
166
155
146
181
156
154
139
154
166
151
149
165
141
141
151
160
156
155
160
168
142
156
146
146
148
135
173
149
167
165
163
152
158
167
154
133
170
168
138
149
157
165
167
173
129
157
127
144
142
176
149
133
165
131
149
145
178
173
153
158
157
154
145
148
132
159
160
176
156
165
137
152
163
187
137
163
165
143
165
161
170
181
170
166
173
148
167
166
186
163
146
175
177
197
158
169
173
176
161
186
169
150
177
181
165
168
187
140
167
165
149
171
174
189
198
171
156
167
159
191
183
159
154
188
203
197
175
206
168
169
160
179
177
167
174
165
175
191
200
198
148
185
204
148
170
171
193
178
165
182
169
183
183
189
172
158
206
231
181
191
188
190
169
192
204
201
181
161
190
212
187
178
172
194
216
200
199
183
217
223
208
221
203
241
173
206
203
224
194
184
217
196
243
241
207
212
212
196
236
217
245
235
198
185
209
233
198
239
222
230
224
184
224
227
233
236
244
225
203
214
233
228
230
224
217
242
261
262
233
201
228
218
262
261
220
226
250
239
236
232
222
258
239
260
269
201
236
234
231
268
246
241
232
250
229
239
250
255
231
234
251
240
249
240
272
229
250
244
260
233
236
239
249
231
223
204
237
231
222
242
238
221
221
229
201
218
201
233
233
209
199
237
224
224
209
237
221
183
211
227
236
203
192
201
201
195
204
212
222
211
197
211
196
183
186
198
198
153
192
190
183
200
196
197
213
193
186
208
191
193
209
195
176
212
225
190
187
189
176
202
211
194
202
175
213
213
198
221
183
189
171
162
204
213
215
212
230
189
175
196
182
162
207
177
182
198
185
177
230
211
174
204
189
196
219
191
207
197
194
172
210
210
211
182
186
203
184
202
214
178
185
186
209
195
225
186
181
210
206
198
191
188
196
163
202
195
175
185
217
196
199
198
182
214
187
195
217
173
227
192
211
185
192
214
185
202
210
219
177
191
193
187
174
195
209
217
199
178
188
206
201
194
193
170
173
168
199
190
168
217
208
179
198
169
196
169
159
191
228
193
200
201
208
197
224
181
209
208
192
184
204
197
204
164
199
196
198
183
201
225
201
195
216
207
214
206
191
197
198
202
193
191
188
202
231
184
213
200
197
212
217
201
194
205
231
213
196
184
208
193
212
221
197
191
204
190
207
216
207
221
197
204
212
206
225
206
194
205
203
218
222
241
211
214
242
215
211
222
227
219
230
216
243
217
241
246
232
222
239
240
244
245
246
244
216
249
266
241
241
261
244
260
239
226
272
250
227
249
246
251
277
254
281
272
283
268
269
309
275
293
268
286
299
265
292
290
305
300
289
324
308
291
345
298
335
315
337
338
325
341
332
371
331
378
416
391
377
387
390
417
432
450
409
421
485
499
496
465
513
525
504
554
575
552
625
632
636
673
657
718
713
746
740
741
771
811
839
863
890
950
937
942
999
982
1037
1060
1067
1096
1120
1121
1120
1161
1175
1116
1171
1178
1200
1159
1253
1152
1217
1200
1211
1145
1228
1131
1095
1126
1152
1168
1065
1119
1078
1033
1056
1067
962
993
957
920
899
848
805
753
817
774
765
737
712
685
644
612
586
578
523
559
553
508
477
442
467
426
441
458
390
421
425
386
364
375
325
327
304
308
341
299
313
287
301
302
273
244
270
293
261
262
298
265
246
239
240
256
231
204
228
264
232
203
235
204
221
217
198
196
185
192
202
204
197
194
195
179
203
186
189
189
176
211
193
228
197
226
216
187
221
239
220
267
259
289
306
255
273
288
301
339
323
322
350
351
415
358
365
364
372
396
367
405
381
394
369
361
335
371
324
328
336
304
286
274
271
238
201
220
206
178
197
159
154
162
167
171
145
139
138
130
131
128
143
132
135
120
124
148
131
128
136
140
143
138
137
145
154
126
139
141
145
131
150
142
133
151
150
163
143
172
153
167
174
165
154
163
167
204
164
194
183
173
184
189
182
192
175
172
182
199
198
201
196
213
202
218
169
232
212
206
224
225
216
235
219
236
203
211
225
212
216
223
193
214
209
222
190
190
213
200
190
183
196
200
188
190
179
175
172
161
151
167
167
172
184
170
190
151
143
153
155
144
149
117
136
127
139
127
116
132
123
118
122
102
133
123
121
108
102
123
110
99
86
89
95
97
107
96
91
94
91
86
95
86
92
80
89
77
77
89
65
70
68
73
65
62
65
74
59
53
73
73
82
64
52
69
51
69
63
56
61
60
69
62
55
51
67
41
57
45
56
59
64
68
55
38
44
64
63
47
58
45
49
47
39
47
60
49
39
56
51
58
45
62
41
47
44
62
43
54
57
59
54
52
51
42
60
59
57
59
46
56
64
58
57
56
66
69
65
73
61
62
64
69
85
75
77
57
76
63
65
65
49
68
49
48
50
46
47
31
50
58
45
51
42
34
45
37
34
53
39
39
41
46
44
44
49
27
29
41
35
29
37
32
35
49
36
35
36
40
43
38
35
35
38
29
39
38
30
35
43
25
47
33
33
34
33
35
22
38
22
29
33
44
39
43
26
36
33
34
38
39
23
35
32
25
19
39
32
30
31
27
40
28
29
23
34
23
26
28
30
31
24
25
32
27
24
26
37
23
37
24
26
22
30
40
29
28
33
37
27
22
29
24
28
26
19
29
18
39
34
31
31
26
29
29
31
25
36
34
24
23
28
32
27
27
27
30
28
33
29
27
26
23
35
20
20
26
25
31
28
25
33
16
18
31
27
26
17
20
18
22
18
24
19
25
28
22
21
23
22
28
35
19
28
22
22
14
29
23
21
24
25
23
21
18
13
30
21
20
25
24
21
29
30
17
33
17
22
19
20
17
22
22
18
16
22
14
16
16
13
25
25
20
23
22
25
19
21
20
19
17
23
13
16
25
21
16
13
25
22
18
22
20
20
20
23
17
23
20
16
18
18
32
15
22
28
25
22
15
22
18
23
22
23
22
23
21
23
19
19
21
16
25
14
21
19
20
16
20
23
14
20
21
16
22
19
11
21
20
18
15
24
17
14
10
16
28
18
17
15
14
17
20
13
13
16
19
24
15
19
25
12
19
17
11
26
18
13
19
12
12
15
26
17
20
14
21
16
17
17
14
12
23
14
19
22
19
11
14
18
18
15
22
16
17
17
12
11
13
15
19
17
10
15
15
16
20
20
20
16
13
10
8
11
17
21
11
20
16
8
13
15
10
15
17
12
13
22
13
13
18
15
9
18
16
20
19
16
13
18
15
17
8
14
22
14
16
16
7
15
14
10
14
12
8
21
10
11
15
18
14
13
14
12
7
14
12
14
18
14
9
17
14
8
12
20
15
10
9
9
12
9
9
9
18
16
9
11
14
14
10
12
7
13
12
10
9
12
10
10
8
7
16
12
17
10
7
14
17
17
7
8
19
11
8
11
12
11
12
13
13
13
5
15
7
10
6
13
6
10
11
7
10
14
12
13
13
9
9
8
14
12
7
12
9
14
11
8
9
11
10
7
9
15
7
5
12
8
6
6
8
15
10
13
13
12
8
9
13
14
8
13
8
7
7
7
13
8
12
14
7
8
8
9
12
8
9
11
7
9
14
14
12
8
8
5
6
7
6
9
11
5
7
9
7
14
6
8
10
11
5
12
12
8
5
5
8
5
6
7
3
9
8
5
6
8
6
6
10
11
8
7
11
5
7
15
4
9
12
10
11
4
4
10
12
8
9
13
10
9
11
2
7
7
7
7
5
6
7
5
6
2
4
6
8
7
7
5
9
4
3
10
9
3
7
9
6
14
5
8
6
4
8
3
5
10
6
10
4
9
10
10
11
1
5
7
9
7
4
7
11
5
11
5
3
5
11
4
8
6
7
5
5
2
3
11
6
7
6
5
7
3
5
2
6
8
9
5
2
10
3
6
2
6
3
6
8
5
7
7
9
5
5
6
4
5
6
7
6
7
6
3
8
3
5
5
3
3
5
6
6
6
4
7
1
3
4
6
0
2
6
2
6
4
4
4
5
4
6
6
1
9
7
5
5
1
4
7
3
9
1
5
1
7
7
3
4
5
2
3
2
5
1
7
4
6
5
7
10
7
6
2
4
8
3
4
1
5
5
8
3
5
4
7
4
7
6
4
5
6
6
3
3
4
6
4
2
6
1
3
3
1
3
4
6
8
8
3
4
2
4
6
2
5
4
5
5
2
6
9
7
5
6
3
3
3
6
5
4
8
4
5
6
6
1
3
3
4
7
1
3
1
3
7
3
6
2
5
5
7
2
2
3
8
5
8
3
1
5
2
5
5
3
4
3
4
3
2
2
2
2
4
4
1
5
4
2
2
5
5
1
3
1
6
6
3
3
3
3
3
3
2
1
6
2
2
3
6
2
2
4
2
2
3
3
4
4
0
5
4
2
4
6
2
3
1
4
4
1
2
0
0
1
1
1
0
4
4
4
1
2
4
1
2
1
2
1
3
1
0
0
6
4
4
2
0
2
1
1
1
5
0
4
3
1
6
1
2
1
4
3
4
1
3
0
3
2
0
3
1
3
0
1
1
4
0
4
2
3
1
3
2
3
1
1
1
2
1
5
3
2
3
3
4
4
0
4
4
2
0
3
0
0
2
2
3
4
3
2
1
2
2
1
3
2
1
0
3
1
0
5
1
1
0
2
4
2
0
4
1
2
0
5
1
2
0
4
5
0
2
2
2
2
0
4
4
5
1
1
1
1
1
2
1
3
1
0
2
4
1
1
0
2
1
1
2
1
3
1
3
1
2
1
1
0
2
1
0
3
0
1
2
1
2
1
1
1
2
2
0
1
0
3
2
2
2
3
0
2
1
1
0
2
1
2
4
1
1
4
2
1
3
1
2
4
2
1
1
1
4
3
0
1
1
1
1
1
2
1
0
0
1
0
3
0
0
1
0
1
0
1
2
1
5
0
1
2
0
3
0
1
2
0
0
1
2
0
2
3
0
1
1
2
0
1
1
4
1
0
2
1
1
0
1
1
1
1
2
0
3
0
3
0
1
0
0
1
1
1
0
1
3
2
1
0
0
1
0
0
0
1
1
1
0
1
0
0
1
1
0
0
1
1
3
4
0
3
0
0
2
1
1
3
2
0
1
2
3
1
0
1
0
0
1
2
4
2
0
0
1
3
0
1
1
1
1
0
0
0
1
0
0
1
1
0
0
1
1
0
0
1
0
0
2
1
1
0
0
1
2
1
1
2
0
0
1
2
2
1
1
2
1
0
0
1
3
0
0
2
0
1
1
1
0
2
1
2
1
1
0
1
1
0
0
2
0
1
0
0
3
1
2
0
0
0
0
1
2
1
1
1
0
2
0
2
1
1
0
0
0
1
1
1
1
0
0
1
0
0
1
0
1
1
3
0
0
2
0
0
0
2
0
2
1
0
0
1
0
1
0
0
0
0
1
0
0
2
0
1
1
0
0
0
0
1
3
1
1
1
0
2
1
0
0
1
0
2
0
0
1
0
0
2
0
1
1
0
1
1
0
2
0
0
1
0
1
0
0
1
0
0
2
3
0
1
1
1
0
1
2
0
2
1
1
1
2
0
0
1
0
0
2
0
0
0
1
0
0
1
2
0
0
0
1
1
0
0
1
1
3
1
0
1
1
2
0
0
2
0
2
2
0
2
3
0
0
0
0
0
1
2
0
1
1
0
0
0
0
0
1
0
0
0
0
0
0
1
0
2
0
1
0
0
0
1
1
3
0
1
0
0
0
0
0
0
1
1
1
2
3
0
1
0
1
1
0
0
0
0
0
1
1
0
0
1
0
0
0
0
3
0
0
0
0
0
1
0
1
1
0
0
0
0
0
0
1
0
0
0
0
1
0
0
0
0
0
0
0
0
0
0
0
0
0
1
0
0
0
1
0
0
0
2
0
0
1
0
0
0
0
0
0
1
0
0
1
0
0
0
0
1
0
1
0
0
0
0
1
0
0
0
0
1
1
0
0
1
0
0
0
0
0
0
0
0
0
0
0
0
1
0
1
0
0
0
0
1
0
0
1
3
0
1
0
0
0
0
0
0
0
0
1
0
0
0
1
1
0
0
0
0
0
0
0
0
0
0
1
0
1
0
0
1
0
0
0
0
0
0
0
0
0
0
3
0
0
1
0
0
0
1
0
0
0
0
0
0
0
0
0
0
0
0
1
0
0
0
0
1
0
0
0
0
0
0
0
0
1
0
0
0
0
1
0
0
0
0
1
0
1
0
0
0
0
0
0
0
0
0
0
0
0
0
0
0
0
0
0
0
0
0
1
