0
0
0
0
0
0
0
0
0
0
0
0
0
0
0
0
0
0
0
0
0
0
0
0
0
0
0
0
0
0
0
0
0
0
0
0
0
0
0
0
0
0
0
0
0
0
0
0
0
0
0
0
0
0
0
0
0
0
0
0
0
0
0
0
0
0
1
0
0
2
0
0
1
1
3
0
4
2
1
5
2
6
13
48
136
385
958
2280
4845
9661
17244
27679
40630
54364
66188
72850
72864
66756
54810
41451
27997
17611
9869
5029
2294
977
361
136
41
8
8
5
1
0
1
2
0
1
1
1
0
0
0
0
0
0
1
0
0
1
0
10
67
53
54
41
52
42
55
57
37
43
58
47
51
38
44
49
43
34
34
39
43
39
43
49
45
28
33
40
39
33
30
35
31
45
46
40
25
35
37
36
37
46
39
35
36
27
39
42
40
43
35
40
42
36
43
43
40
40
52
48
41
52
40
48
56
66
76
101
107
153
190
232
267
294
316
327
337
305
291
248
177
173
126
116
83
77
65
44
45
42
42
48
41
38
39
37
43
44
39
46
47
35
48
47
44
57
51
48
58
52
61
66
70
89
96
79
79
90
99
111
91
100
129
136
184
307
444
758
1267
2173
3269
4970
7287
9739
12652
15439
17864
19762
20330
20033
19041
16620
14000
11313
8769
6287
4643
3282
2440
1736
1251
857
691
519
472
406
448
537
673
867
1161
1530
1800
2115
2371
2477
2494
2294
2068
1897
1483
1240
891
719
496
413
274
265
208
186
157
163
124
106
82
71
39
31
25
20
22
9
7
10
9
10
10
14
15
7
11
8
7
4
7
7
7
11
10
8
6
10
8
10
6
11
10
9
10
8
11
10
9
8
11
8
17
17
12
21
21
33
22
25
30
22
27
30
32
19
28
12
18
23
16
20
16
22
22
26
19
20
24
17
15
16
17
27
11
25
15
22
21
20
19
7
19
22
13
10
8
11
11
9
5
8
6
9
11
2
6
4
9
9
7
5
9
5
3
6
2
4
4
5
5
6
10
5
3
9
1
4
10
10
7
16
13
8
11
13
14
16
15
16
12
8
10
12
6
12
10
12
7
10
1
10
11
9
8
8
15
16
9
7
12
10
5
7
12
6
8
9
5
12
13
5
8
9
4
7
4
8
5
6
5
4
3
7
7
8
5
4
4
7
5
3
6
3
7
8
5
12
7
3
3
4
5
4
5
11
6
5
6
3
2
11
6
9
8
2
8
4
5
4
7
8
4
8
7
2
7
5
6
4
10
10
7
7
4
10
6
6
5
6
6
6
11
6
4
7
6
8
4
6
6
8
7
8
7
9
7
7
9
7
8
7
7
4
4
11
7
12
8
10
13
16
11
5
9
9
5
15
6
8
5
8
12
8
9
8
8
6
11
11
7
10
10
7
8
12
3
14
9
6
9
9
12
6
9
5
7
8
13
7
8
14
10
8
13
9
10
14
7
15
11
7
8
9
17
11
11
10
13
13
8
7
10
8
18
13
15
15
19
14
14
16
21
9
15
17
16
18
16
18
21
22
17
20
17
23
27
18
17
22
24
19
14
19
16
18
18
16
19
16
17
19
18
18
21
16
18
19
13
17
19
20
21
14
18
19
14
13
22
19
21
15
24
23
21
16
14
23
21
15
23
20
18
23
21
20
28
11
12
27
12
17
17
22
21
18
18
23
25
23
17
27
26
20
28
26
30
34
31
29
29
31
25
33
29
26
24
31
30
23
35
25
25
31
36
31
25
23
31
34
29
24
38
31
26
24
35
44
31
37
24
33
32
33
32
25
34
36
28
38
37
33
37
46
35
44
45
33
60
35
44
40
41
36
50
51
33
41
41
37
44
49
53
46
40
58
70
51
52
59
54
55
60
52
54
49
64
56
57
69
49
69
50
41
68
67
55
66
60
71
74
67
87
76
70
63
66
88
78
93
71
78
91
107
91
104
115
111
108
92
104
86
91
86
97
97
83
93
72
75
89
72
73
75
77
72
70
71
69
92
89
66
79
77
86
76
64
77
75
65
78
77
77
62
70
78
73
70
72
78
64
72
76
69
77
83
69
81
63
77
64
78
83
62
67
68
71
85
66
67
51
74
68
65
63
85
83
69
56
68
67
78
79
65
76
67
73
62
70
69
72
81
73
69
85
77
64
70
60
86
85
68
67
74
65
74
75
64
79
78
62
58
65
84
80
78
76
65
73
78
61
63
68
68
84
63
84
84
64
75
74
70
94
69
80
78
92
64
77
78
92
95
94
94
80
87
70
85
86
99
88
97
87
105
79
100
122
109
103
115
122
148
147
184
225
266
355
428
557
674
936
1135
1393
1755
2003
2430
2974
3295
3739
4187
4449
4869
4992
5171
5282
5110
5052
4921
4660
4251
3887
3536
2926
2661
2159
1830
1435
1183
955
785
583
465
342
255
221
209
154
136
122
115
106
106
107
96
92
98
111
92
95
82
81
87
103
106
85
121
109
88
101
98
91
111
111
97
102
108
98
106
114
92
103
106
101
108
104
89
101
94
97
112
106
103
113
130
113
132
114
101
108
136
104
111
117
137
136
146
151
164
149
173
199
216
257
291
319
371
383
447
505
571
623
621
665
748
780
782
763
776
774
756
718
691
646
575
526
479
426
364
314
270
236
252
207
192
183
180
165
151
138
131
150
150
141
142
124
105
121
134
146
140
144
122
153
157
166
137
145
154
138
142
147
146
199
144
167
149
150
163
149
157
157
147
183
162
174
180
146
201
173
161
179
177
186
196
194
171
161
200
199
185
186
173
180
219
181
182
189
184
190
225
179
213
201
209
209
204
206
200
200
206
226
227
237
231
223
233
249
221
236
228
216
224
203
208
210
217
223
185
188
200
217
204
189
194
208
185
218
227
189
193
179
198
182
193
199
186
182
188
179
189
150
187
173
172
190
182
196
175
183
158
185
167
148
169
161
163
165
142
160
138
174
168
161
170
153
151
170
157
159
141
148
166
167
162
143
158
166
169
161
141
174
133
135
151
140
151
147
137
130
162
147
168
151
171
132
170
145
135
168
154
160
146
154
138
132
183
147
141
171
156
132
174
145
151
159
151
145
139
164
136
148
154
143
166
148
137
147
158
147
132
152
130
166
133
155
154
154
161
156
151
169
141
136
154
155
151
154
130
118
137
142
144
126
149
158
174
133
162
146
152
164
138
169
161
147
158
161
147
154
149
172
170
142
136
179
176
150
188
156
168
166
157
177
155
155
154
144
163
153
162
147
160
169
158
161
164
169
160
174
187
156
172
145
167
189
160
167
147
158
197
164
179
152
161
159
183
185
173
172
149
163
164
170
178
170
159
169
162
179
172
172
176
178
171
179
146
169
178
193
167
157
198
162
184
168
185
181
180
179
145
195
192
176
189
178
189
182
196
175
164
176
183
173
188
166
191
181
196
198
184
170
202
169
183
178
197
175
189
205
200
208
182
214
192
187
188
197
171
179
199
191
188
192
189
181
201
208
193
187
198
195
200
211
186
218
206
192
213
222
221
218
206
200
210
200
190
199
207
230
196
247
222
226
227
240
255
219
254
191
238
206
220
207
206
224
238
240
258
224
245
214
232
218
234
241
248
239
255
237
261
217
209
239
244
241
229
286
244
250
249
233
260
246
231
251
243
230
259
225
233
252
252
225
242
249
244
227
237
235
213
232
239
240
220
215
271
233
239
252
228
245
228
232
213
251
231
186
212
218
254
217
224
236
217
217
226
205
219
221
204
185
210
183
206
199
213
221
202
216
180
213
216
184
198
203
195
213
213
198
213
236
186
199
216
208
218
217
181
202
199
161
187
153
195
201
167
193
202
206
201
206
175
179
200
190
194
167
204
184
181
202
205
178
200
189
207
166
178
201
176
191
197
205
217
175
180
183
212
181
198
184
193
179
198
179
202
198
191
187
188
183
186
193
195
231
206
177
209
178
193
204
175
201
213
201
180
204
181
168
180
204
193
205
190
195
175
217
184
190
178
193
196
195
194
190
191
178
190
176
181
149
189
210
203
192
190
206
187
177
185
202
170
208
169
184
185
184
209
203
171
201
179
197
224
199
206
199
193
190
192
204
215
191
207
206
192
204
204
206
181
195
205
191
202
209
219
197
192
198
196
225
203
181
221
232
203
206
205
203
199
207
206
197
187
218
189
210
210
207
199
191
206
195
176
216
206
194
196
212
191
181
209
244
220
196
227
196
193
186
209
211
204
221
189
228
177
227
214
232
213
190
196
242
216
210
203
209
214
194
234
213
224
234
221
200
229
248
212
223
207
213
262
194
216
237
230
234
217
223
203
227
217
256
249
249
224
259
269
250
238
266
264
237
281
235
251
251
264
270
264
285
230
281
273
257
291
266
285
293
291
277
302
281
293
307
287
309
322
301
320
292
320
336
315
323
335
366
331
366
371
394
367
335
365
392
382
364
398
383
396
418
413
429
416
464
469
467
477
524
524
518
517
554
556
582
573
629
637
660
711
655
741
738
809
772
785
825
859
835
942
909
960
885
997
997
1075
1004
1105
1096
1134
1166
1089
1124
1176
1183
1183
1156
1125
1205
1176
1172
1190
1183
1273
1218
1164
1188
1169
1158
1101
1133
1089
1076
1066
1037
1043
1021
1004
951
926
946
900
873
889
779
834
739
768
719
694
663
673
616
621
583
564
558
541
487
501
478
473
446
448
433
422
413
368
404
349
346
318
358
327
321
321
329
276
282
268
275
307
270
286
281
250
254
260
274
253
263
233
234
233
230
245
211
228
212
221
219
220
203
213
233
197
173
169
176
210
212
202
200
174
183
204
187
185
195
188
194
230
200
189
223
235
250
210
227
258
279
268
276
324
327
285
365
314
347
350
347
364
390
398
361
396
366
387
402
415
373
371
355
389
348
347
319
301
290
278
266
235
240
217
224
201
195
183
181
185
146
135
182
129
120
123
140
132
151
118
140
129
152
145
143
154
143
125
139
129
148
148
120
129
129
157
132
127
141
154
160
132
157
168
165
167
158
159
170
185
161
175
154
151
185
189
176
204
175
192
177
173
198
196
231
211
200
200
216
218
212
207
226
235
204
203
218
218
209
226
218
194
196
243
212
213
217
222
223
200
201
207
214
210
221
214
222
209
187
187
196
209
196
198
188
165
191
173
185
166
170
174
175
155
152
163
141
151
153
120
146
137
146
138
119
137
131
134
107
97
110
115
112
100
103
117
100
103
84
104
79
84
73
79
83
72
86
98
81
82
94
68
84
96
78
78
92
81
83
77
83
78
73
77
72
71
60
57
63
69
54
77
69
62
80
67
68
56
85
52
72
61
48
51
71
50
57
48
51
68
53
52
50
56
41
68
55
55
61
57
39
53
55
51
43
51
63
49
60
48
46
46
47
56
42
50
43
38
51
65
47
54
53
70
56
51
61
58
48
69
56
61
81
60
55
55
68
64
55
58
60
57
69
63
78
64
60
63
64
64
58
63
54
68
57
51
51
52
49
47
38
52
54
45
29
39
34
32
31
40
48
50
51
31
28
36
40
43
34
39
38
41
40
40
39
41
36
26
47
45
27
39
34
39
35
30
26
43
29
38
38
42
22
31
28
26
45
31
33
37
44
26
24
28
30
33
29
24
32
28
24
18
25
31
31
33
29
26
31
29
43
29
26
28
26
27
28
24
26
34
23
24
22
26
38
25
24
33
33
32
19
37
26
21
34
29
34
27
31
24
39
24
33
31
24
36
29
29
29
24
37
32
16
35
39
32
29
26
30
26
20
22
34
17
30
23
25
25
22
22
19
24
30
22
19
31
17
24
22
33
27
28
29
29
16
24
34
30
21
31
24
24
22
26
22
26
27
27
18
28
24
29
20
26
32
22
14
16
26
28
27
22
27
20
34
21
25
29
31
30
29
23
19
26
18
21
20
23
31
21
15
25
26
27
24
17
21
25
28
24
26
16
17
26
22
19
25
22
18
16
18
17
23
25
14
22
30
16
21
22
20
24
25
29
21
21
24
29
20
16
15
19
24
24
15
15
16
15
23
19
22
20
20
18
20
21
14
29
22
19
21
18
29
13
24
18
15
22
18
13
27
20
23
20
19
18
15
23
27
22
18
27
23
27
16
17
11
23
13
12
15
14
15
15
11
15
17
19
13
20
16
18
20
12
13
23
14
9
12
16
17
12
21
18
22
17
19
25
14
13
10
19
16
16
10
20
16
16
14
21
17
15
10
22
20
15
14
26
21
15
12
9
17
21
17
13
17
8
9
12
16
11
12
8
16
14
13
14
11
10
21
18
17
10
21
13
12
17
17
13
13
15
13
19
11
11
9
12
17
12
12
18
10
11
15
13
19
12
10
16
16
20
12
12
8
13
10
8
17
21
10
7
13
7
10
11
12
11
14
15
10
12
12
14
16
10
10
8
17
12
19
12
10
15
10
17
8
12
6
8
12
11
11
6
11
6
12
16
14
8
10
11
19
13
14
14
11
9
9
11
13
14
8
10
12
15
6
13
10
10
7
8
8
7
12
13
10
9
7
14
10
11
15
12
18
8
11
8
12
9
14
12
8
10
8
13
12
13
15
7
8
21
7
14
14
8
8
7
12
16
11
20
10
12
6
8
11
6
6
10
11
10
6
8
9
16
8
7
6
3
5
4
11
8
13
16
10
9
11
8
11
6
11
12
10
9
5
9
9
11
8
10
9
11
11
6
9
13
9
12
14
7
10
8
7
7
6
11
7
14
10
5
10
6
5
3
6
8
9
10
9
7
8
6
7
11
12
5
10
9
11
10
7
9
6
14
10
6
8
6
5
4
7
8
4
7
8
6
3
3
7
8
6
7
9
7
3
7
12
5
10
6
7
9
5
9
10
4
9
3
6
7
4
9
5
5
2
10
0
6
7
4
6
8
3
7
10
10
10
7
6
10
6
6
6
5
3
9
6
6
8
4
9
7
9
9
7
4
6
10
8
5
9
3
2
2
8
6
3
2
6
4
8
7
6
4
2
3
5
6
4
4
4
13
2
4
5
9
8
1
8
7
7
3
4
2
3
3
3
3
11
4
3
12
5
3
6
2
5
2
3
8
5
3
6
4
4
5
2
5
6
6
0
5
4
2
5
6
12
4
4
1
6
4
2
3
2
3
6
3
3
3
5
3
2
5
2
7
6
8
3
4
3
3
2
4
6
5
4
1
5
6
6
4
3
5
7
4
6
5
6
5
6
7
3
3
2
3
4
3
6
4
4
7
6
6
4
1
3
8
8
4
6
3
4
7
5
4
3
2
2
5
3
5
3
4
3
5
6
5
5
4
6
3
6
6
5
2
6
4
2
4
5
3
5
2
4
7
6
2
4
4
2
2
2
3
1
8
1
4
3
3
1
1
2
3
3
2
2
0
3
5
5
1
6
2
1
3
4
2
6
3
4
1
4
1
4
4
1
4
6
4
9
1
0
8
2
3
6
3
2
4
0
9
5
1
2
2
3
4
2
0
2
8
1
2
5
7
2
1
2
1
3
3
2
4
1
6
1
1
2
3
3
5
2
1
3
3
3
4
3
1
4
2
1
4
4
3
2
3
2
7
1
1
0
1
1
5
3
4
4
3
2
4
5
2
3
1
3
5
2
3
3
2
0
3
3
2
5
3
0
2
1
0
3
2
1
5
1
1
2
2
1
3
3
2
2
1
2
2
2
0
4
1
2
3
3
1
1
2
1
1
0
3
1
1
5
1
2
2
0
3
2
1
1
0
1
3
2
2
2
1
3
3
5
2
2
0
2
2
2
1
4
0
3
0
1
1
2
1
2
2
5
3
1
1
2
2
1
3
1
0
3
2
1
2
0
1
1
0
0
1
2
2
3
3
2
3
2
2
2
0
3
1
1
1
1
3
2
1
1
1
0
2
3
1
0
1
2
1
1
0
0
0
1
1
2
2
0
1
3
1
5
0
0
0
1
0
2
3
1
2
1
2
0
2
0
3
0
2
2
1
3
0
0
0
2
3
3
2
0
1
2
0
2
1
2
2
1
2
1
1
1
2
1
1
0
0
1
2
0
1
0
0
1
1
1
1
1
2
0
2
0
0
2
1
1
1
3
0
0
2
0
1
1
1
0
3
4
2
0
2
0
1
2
1
1
0
0
1
2
1
0
0
1
0
1
0
0
1
1
3
0
1
1
1
4
1
3
0
0
1
1
1
1
0
1
1
1
1
0
0
0
0
0
1
0
1
3
2
1
2
0
0
0
0
0
1
0
0
1
0
2
0
3
2
0
0
0
0
2
2
0
0
1
1
1
0
1
0
3
1
1
1
2
0
0
0
0
0
1
1
2
0
3
1
2
1
1
1
0
1
2
1
1
2
0
0
1
1
1
0
0
0
1
0
0
0
1
1
1
0
1
1
0
0
0
0
0
1
1
0
1
0
1
0
0
1
2
1
1
1
2
1
1
1
1
0
1
0
0
0
2
0
0
0
2
0
1
1
0
1
3
1
0
0
0
1
0
0
0
0
2
0
0
0
0
1
0
1
0
0
1
0
0
2
1
2
1
0
1
0
2
0
2
1
1
1
0
0
0
0
0
1
1
2
2
0
3
0
0
0
1
2
1
0
1
0
1
1
0
0
0
0
1
0
0
0
1
1
2
0
1
0
1
0
0
0
1
1
1
0
3
1
0
1
0
1
0
0
1
0
1
1
0
0
3
0
0
1
0
0
0
1
1
1
0
0
1
0
0
1
0
0
0
1
0
0
3
0
0
1
0
2
0
1
0
1
2
0
0
0
1
3
1
2
0
0
0
0
1
0
1
0
0
1
0
3
0
0
0
0
0
0
1
1
0
0
0
1
0
0
0
0
0
2
0
0
0
1
0
1
0
0
0
0
0
0
0
0
1
1
0
0
0
2
0
0
1
2
1
0
0
0
0
0
0
0
1
0
1
0
0
0
0
0
0
0
0
0
0
0
0
0
0
3
1
1
0
0
0
0
0
0
0
0
0
1
0
0
0
1
0
0
0
0
0
0
1
1
0
0
0
0
0
0
0
1
0
0
0
1
0
0
1
0
1
0
0
0
1
0
0
0
1
0
0
1
0
0
0
1
1
0
0
1
0
0
0
0
0
0
1
1
0
1
0
0
0
0
1
1
1
0
0
1
0
0
0
0
0
1
1
0
0
0
0
0
0
0
2
1
0
0
1
0
0
0
0
0
0
2
0
1
1
0
0
0
0
0
0
1
0
1
0
0
0
0
1
0
0
0
0
0
0
0
0
1
0
0
0
0
0
0
0
0
0
0
1
2
0
0
0
0
0
0
0
0
0
1
0
0
0
0
1
0
2
0
0
0
0
0
0
0
0
0
0
0
0
0
