0
0
0
0
0
0
0
0
0
0
0
0
0
0
0
0
0
0
0
0
0
0
0
0
0
0
0
0
0
0
0
0
0
0
0
0
0
0
0
0
0
0
0
0
0
0
0
0
0
0
0
0
0
0
0
0
0
0
0
0
0
0
0
0
0
0
0
0
0
1
0
0
2
2
3
3
1
2
5
4
7
7
20
40
124
375
964
2270
4871
9475
17118
27702
41262
54332
66145
73075
72984
66468
54813
41383
27958
17435
9820
5040
2264
969
354
131
51
23
9
4
1
1
0
1
1
0
2
0
1
0
0
0
0
0
0
0
0
0
0
7
60
48
59
53
47
53
44
47
47
45
49
44
41
47
40
34
36
52
56
49
38
36
31
36
44
38
33
42
44
33
49
37
38
36
50
42
46
35
26
40
40
42
34
40
40
45
42
55
29
41
27
45
29
38
43
44
39
47
55
39
52
48
38
58
63
64
77
93
110
143
182
210
278
289
302
340
331
287
288
241
209
165
147
108
89
78
61
45
47
41
45
39
40
34
34
42
48
56
39
44
47
38
47
45
49
55
57
53
39
60
70
81
79
75
85
90
75
92
101
106
106
112
143
170
182
292
438
755
1293
2125
3237
5126
7121
9823
12633
15692
18117
19869
20462
20360
18914
16810
14238
11370
8732
6435
4649
3427
2352
1721
1264
955
697
591
461
407
434
517
642
971
1185
1565
1778
2063
2364
2466
2407
2262
2113
1867
1499
1197
944
620
534
411
324
235
219
178
174
125
123
110
74
70
50
29
31
17
22
14
7
14
13
11
10
7
9
6
6
11
10
4
7
11
2
13
11
6
9
11
8
11
13
11
7
7
5
8
7
5
8
11
11
19
12
11
24
24
27
18
24
29
23
38
26
26
24
29
18
20
21
27
13
22
26
23
18
23
13
24
17
23
18
29
16
21
23
25
17
22
13
16
15
14
11
10
10
10
5
10
5
2
9
5
3
7
4
8
6
8
2
7
3
5
3
6
6
7
3
7
6
3
3
4
5
9
4
8
9
5
7
11
9
8
12
16
15
18
20
20
17
12
15
10
8
13
8
11
11
14
14
6
7
7
8
11
8
11
16
14
17
13
11
16
13
9
15
9
5
8
5
9
11
7
11
4
11
8
4
3
3
6
10
4
5
9
5
8
6
5
9
4
8
10
9
7
4
11
8
10
6
5
14
5
5
6
3
8
3
9
7
9
7
4
6
5
4
4
5
4
10
9
3
5
4
5
8
10
6
5
2
7
8
7
7
13
3
11
9
6
9
7
11
5
10
10
5
10
5
6
9
7
4
8
8
9
6
13
3
5
10
8
10
10
10
3
4
5
6
7
6
3
6
7
7
15
7
5
10
11
11
12
10
6
4
7
7
7
5
10
12
8
11
8
3
6
11
10
6
13
10
8
10
12
10
7
10
10
12
8
12
7
8
14
13
5
6
10
11
15
10
14
8
11
8
7
7
9
11
5
11
14
9
8
13
10
12
9
15
18
14
14
12
19
13
10
16
15
18
16
17
9
19
18
21
23
26
12
18
13
14
23
18
21
22
18
16
12
16
22
17
20
19
18
14
18
20
25
25
25
16
19
18
21
20
18
12
21
11
21
18
18
21
15
12
18
23
20
12
23
18
16
8
29
24
16
25
24
20
22
26
18
17
17
22
13
14
15
24
23
15
20
21
25
16
22
26
18
20
28
24
25
22
23
25
34
24
23
34
17
23
31
19
30
32
33
25
25
24
26
42
39
33
22
29
36
36
19
33
36
27
37
32
26
39
32
24
31
42
43
33
40
32
33
39
45
49
36
35
38
41
48
37
42
53
46
41
49
43
43
43
53
41
43
41
53
57
57
49
52
56
51
52
56
54
45
54
52
55
68
56
65
58
68
57
76
60
56
69
73
62
72
76
61
65
61
82
65
71
94
88
84
80
88
92
90
90
99
84
98
106
105
89
115
107
84
85
79
81
75
95
72
92
89
77
66
75
76
77
85
85
81
70
78
75
75
63
74
64
70
83
78
69
51
66
81
66
71
59
70
81
75
66
65
80
61
74
74
74
65
73
57
81
53
53
61
73
69
88
84
69
82
77
69
64
68
66
68
60
77
73
93
72
64
94
56
71
75
76
67
76
73
72
59
64
75
70
64
69
80
78
73
66
69
59
69
76
72
77
74
59
83
72
74
67
74
63
67
76
79
67
87
73
83
76
86
86
68
91
79
83
78
68
68
62
75
59
67
80
69
86
66
89
77
78
93
85
82
101
81
100
98
89
88
80
81
98
106
111
95
104
120
127
133
160
203
219
268
344
425
554
652
928
1128
1440
1822
2078
2588
2991
3303
3748
4137
4450
4805
5027
5250
5304
5321
5080
4890
4712
4251
3849
3389
2942
2671
2197
1860
1491
1189
965
788
650
477
368
306
245
191
155
132
114
99
124
95
110
91
121
109
106
99
98
97
93
103
102
92
80
122
92
102
105
100
96
95
92
117
113
100
112
110
96
107
97
91
109
130
109
119
105
106
105
117
100
108
113
126
113
123
110
113
112
128
120
122
150
121
121
139
145
161
190
180
202
186
267
283
310
381
413
452
541
529
627
640
687
731
749
751
809
818
729
729
742
673
638
564
536
431
415
409
353
291
246
255
207
200
178
147
174
137
136
155
146
155
117
155
136
150
161
120
147
148
140
143
144
156
156
151
137
144
144
152
145
178
168
147
159
173
168
199
162
157
179
173
177
173
163
175
172
172
174
186
184
177
216
208
167
173
167
188
183
194
198
198
184
180
206
177
216
194
195
220
181
223
209
193
206
210
216
221
237
223
242
261
213
224
251
253
212
235
241
270
232
203
237
235
224
220
253
219
205
203
207
205
197
184
230
192
207
192
185
196
187
188
243
188
200
178
184
216
189
166
169
178
170
186
176
176
169
191
162
174
153
191
160
154
162
174
166
168
172
186
175
133
165
162
162
131
141
163
147
149
166
178
159
150
161
159
144
152
155
149
142
151
161
140
150
151
141
151
162
156
170
147
131
153
151
147
155
135
143
147
141
164
166
164
133
168
147
140
141
139
152
133
148
134
158
179
161
139
155
143
154
148
148
172
150
155
164
163
164
154
157
126
134
135
167
153
177
137
150
150
138
133
149
157
142
166
170
155
162
150
158
148
144
168
162
162
151
167
165
173
159
160
161
171
164
143
167
147
156
150
163
153
143
170
149
167
137
162
155
180
134
156
162
158
161
167
163
199
178
170
148
182
178
160
159
165
158
148
149
166
173
180
147
149
175
174
176
161
164
166
180
167
160
174
167
169
149
141
162
173
179
178
161
165
180
166
161
169
190
191
162
170
164
197
178
185
178
199
176
170
173
162
165
195
179
182
187
160
168
152
166
172
186
187
187
172
204
182
194
217
200
199
179
189
170
191
191
183
210
196
153
195
174
190
173
183
193
178
199
187
190
193
223
182
213
187
191
191
220
204
200
209
208
221
184
177
223
188
196
206
187
202
215
216
224
175
207
222
188
224
240
221
212
218
206
184
214
234
210
219
233
236
228
232
252
249
231
228
229
210
238
256
217
232
251
250
251
252
249
223
243
228
246
252
248
231
244
253
244
263
217
274
254
247
230
263
230
254
244
244
243
261
236
241
228
229
232
252
239
243
219
239
237
240
240
208
246
228
223
264
239
241
252
224
249
230
235
247
228
245
250
237
236
223
226
228
238
225
218
217
217
227
237
246
218
223
226
208
211
218
210
211
216
212
225
191
201
215
203
203
219
225
211
194
220
228
218
194
216
188
216
201
222
204
186
173
205
193
182
177
194
202
185
194
185
170
188
212
205
187
203
223
187
209
199
186
162
181
205
181
174
201
206
214
200
166
208
181
200
196
198
210
195
207
180
196
167
195
168
183
204
174
195
182
213
180
190
218
207
174
212
212
203
216
225
191
196
210
186
187
195
196
209
181
166
182
177
212
198
199
194
199
197
180
182
206
208
215
180
189
212
208
185
185
193
178
187
203
173
191
207
182
175
187
199
182
215
179
184
195
177
180
159
194
211
205
188
207
195
212
176
212
215
222
216
175
185
210
184
202
193
220
198
204
186
187
191
196
203
182
196
208
193
176
194
178
185
197
177
197
185
214
180
199
214
175
199
234
207
224
194
222
207
177
201
183
189
212
200
213
189
181
219
194
195
212
193
190
229
219
193
188
205
182
198
190
177
201
199
201
225
205
211
197
225
190
211
201
217
208
227
220
198
199
209
205
217
214
197
226
212
202
224
205
228
210
205
234
195
204
212
224
200
240
218
215
234
256
235
241
253
255
241
243
223
236
244
249
259
257
247
243
250
260
259
256
254
270
229
288
259
282
252
284
295
258
257
287
266
268
299
303
285
299
318
285
287
299
270
313
341
311
294
314
331
340
323
323
326
342
310
333
378
390
341
413
373
377
428
391
421
388
402
455
485
444
457
498
516
540
525
506
540
573
578
588
608
592
674
718
720
726
733
762
800
820
831
883
860
892
989
949
914
1008
958
1020
1075
1065
1100
1181
1124
1111
1122
1194
1129
1135
1138
1225
1215
1204
1246
1136
1264
1181
1185
1230
1188
1161
1144
1178
1148
1104
1053
1088
1017
977
1048
971
976
971
881
933
899
857
820
838
786
759
721
671
664
677
621
661
602
560
576
544
536
497
452
490
453
439
435
392
404
393
379
329
372
337
343
311
322
328
315
336
296
328
301
280
278
296
274
269
254
259
254
225
235
238
231
242
235
233
207
277
222
234
212
215
209
201
197
233
181
194
208
210
183
205
196
192
182
199
211
209
227
199
215
194
229
203
226
242
212
218
238
259
279
269
287
281
316
311
300
292
326
314
343
332
400
376
356
384
391
391
380
361
360
362
363
364
344
332
306
308
284
288
250
262
242
222
218
166
199
180
165
171
171
155
145
144
136
115
139
125
121
147
143
127
127
121
143
131
126
117
124
126
147
126
140
142
130
146
144
138
133
143
136
152
151
148
155
148
167
156
151
160
175
150
167
178
185
174
168
191
177
191
193
200
199
187
202
190
185
200
206
191
235
213
236
225
213
212
209
224
229
231
229
237
221
191
212
245
211
234
228
221
233
216
204
216
205
202
208
224
202
214
170
202
187
182
161
177
167
164
176
159
168
161
145
148
145
157
146
148
123
117
146
140
127
142
137
127
123
124
122
100
123
123
106
113
115
89
81
116
92
93
96
100
103
93
86
88
90
75
76
77
86
85
87
93
80
78
78
77
81
84
74
61
74
87
74
76
65
60
63
56
72
74
72
55
70
65
62
55
69
69
67
63
63
49
55
49
66
42
60
59
57
66
53
51
42
68
44
51
51
58
63
46
51
36
58
55
49
51
42
45
39
60
49
41
38
44
38
50
56
50
38
57
57
44
66
59
49
46
48
67
59
61
62
66
84
75
56
67
68
69
66
65
66
71
72
51
79
82
70
56
52
60
54
54
52
47
47
51
37
41
50
44
57
49
51
52
36
34
39
39
60
47
32
35
48
46
39
37
40
48
46
39
32
32
34
39
34
30
42
38
33
40
43
39
42
33
45
27
43
36
34
26
44
32
29
45
34
42
38
40
31
28
29
32
35
26
32
30
29
37
31
36
33
23
26
32
25
30
23
30
28
32
32
30
26
34
26
29
31
23
32
29
27
30
23
24
29
38
36
25
27
35
23
30
32
28
28
22
30
43
16
29
35
34
30
34
30
32
33
21
24
22
28
34
26
23
12
19
31
33
23
25
24
31
36
22
20
26
26
23
29
25
23
23
27
21
23
38
18
19
27
24
25
29
25
29
25
22
28
22
19
22
23
25
25
20
14
30
16
28
17
25
24
24
21
15
24
26
22
20
22
26
26
21
29
28
22
21
32
24
19
25
24
19
27
23
17
18
22
19
20
24
20
19
19
25
16
18
24
18
18
27
23
19
21
11
23
25
17
31
21
13
25
16
16
21
30
15
19
18
17
18
28
21
13
21
13
21
22
20
17
13
14
19
19
19
17
26
18
21
21
25
16
19
26
14
10
20
17
28
24
15
16
19
15
15
19
26
23
19
16
17
15
20
25
23
20
24
19
14
21
11
15
17
14
10
22
14
18
21
18
15
13
16
22
21
15
17
15
18
12
20
14
17
14
11
16
14
20
13
21
18
11
17
18
13
14
22
17
12
21
11
13
23
10
17
14
17
14
19
13
19
19
20
14
16
19
17
20
14
12
15
17
20
14
14
7
8
13
16
15
13
11
17
13
13
7
17
15
17
20
13
17
13
11
19
16
10
14
12
14
13
11
12
12
21
12
8
17
20
18
10
16
14
12
17
10
12
17
8
12
14
21
17
15
9
10
10
8
5
14
12
18
11
15
15
7
12
5
15
18
11
12
13
10
9
11
15
11
4
17
5
14
10
11
14
7
9
11
15
11
12
9
9
10
8
13
16
10
7
11
9
10
11
9
15
15
16
16
10
11
12
8
12
18
4
10
6
8
12
13
14
11
10
9
12
8
15
8
13
16
9
8
5
14
13
11
11
7
12
17
10
8
10
11
8
6
11
7
7
8
12
9
12
6
12
10
11
9
12
11
9
17
13
11
8
7
12
12
7
7
8
13
10
13
8
7
12
11
7
17
9
8
14
12
13
8
6
11
11
3
13
7
14
7
7
8
6
7
7
12
12
5
10
5
17
10
9
6
5
10
11
8
8
10
4
8
5
7
14
9
11
5
13
11
9
12
9
11
6
9
12
9
5
8
4
9
5
12
10
6
5
5
13
7
6
9
8
9
7
7
10
9
7
5
11
3
6
7
6
6
8
15
12
7
7
6
6
7
9
6
2
4
7
5
11
8
5
7
3
9
4
7
4
7
11
8
6
8
5
3
7
9
7
6
8
6
3
3
7
6
2
2
6
5
11
8
4
8
4
3
8
8
4
3
4
4
6
8
4
7
7
6
2
2
2
7
6
5
4
1
6
1
8
8
4
8
6
6
9
3
4
4
5
4
5
2
6
7
3
6
6
5
8
3
9
9
10
0
6
4
7
1
6
3
7
9
6
3
7
7
5
8
4
9
2
4
5
3
4
5
4
4
5
8
7
3
6
5
5
9
4
2
5
4
1
4
1
3
2
7
9
8
2
6
3
7
5
6
13
3
3
6
6
7
4
5
4
3
2
4
1
4
4
5
4
3
2
7
2
6
8
3
2
2
1
1
2
2
5
4
1
3
5
3
3
9
4
2
3
7
1
6
5
2
2
4
4
3
1
4
6
6
2
7
4
5
6
4
2
1
1
1
3
6
1
7
1
9
3
4
9
5
1
4
2
1
5
1
4
4
4
4
3
7
2
7
7
2
1
3
3
3
6
4
1
0
4
5
1
3
6
2
2
4
4
4
3
2
3
3
7
3
5
3
1
2
7
4
5
5
3
2
5
2
6
3
4
3
2
2
5
2
2
7
3
3
4
2
1
3
2
2
7
5
2
5
5
2
3
4
1
3
2
4
0
1
3
2
7
6
5
6
2
4
2
2
6
0
4
2
2
1
2
1
1
3
1
7
0
3
4
3
3
2
4
0
3
1
2
2
1
2
2
4
2
7
4
7
1
3
1
3
3
4
2
0
3
1
1
3
0
2
1
3
3
3
2
3
5
4
0
2
4
4
2
1
0
2
2
0
4
3
2
1
0
1
1
1
5
2
1
2
3
1
3
3
1
3
1
2
2
3
1
4
0
2
0
1
3
1
3
1
2
2
2
4
2
2
0
3
3
1
3
0
3
1
1
0
0
2
2
2
1
5
4
1
1
2
4
0
1
2
5
2
1
3
0
2
1
1
1
2
5
2
2
1
2
2
2
3
1
3
3
1
1
1
0
2
1
2
0
1
1
1
2
0
3
1
2
1
0
0
3
0
0
2
0
2
2
1
1
1
2
3
0
2
3
2
1
2
0
0
2
4
1
5
0
1
1
1
0
1
1
3
3
1
2
3
2
1
0
2
2
1
5
0
1
1
1
2
1
0
3
3
2
2
4
1
1
2
2
1
0
1
0
0
3
2
0
1
0
2
2
2
1
3
3
0
0
0
2
0
1
3
1
3
0
0
1
1
3
1
1
0
0
1
1
0
0
2
0
0
0
2
2
1
2
0
0
0
1
0
3
1
1
1
0
1
2
0
2
0
0
0
0
1
2
1
2
0
1
1
1
0
0
1
0
1
1
1
0
2
3
0
1
0
0
0
1
2
1
0
0
1
1
0
0
1
0
2
1
0
0
0
0
1
1
0
0
2
0
0
3
1
0
0
0
2
1
1
3
0
0
0
0
0
1
0
1
0
1
1
2
1
0
0
0
0
0
2
0
0
0
1
0
1
0
0
2
2
1
1
0
1
0
1
0
0
0
1
0
2
1
1
0
0
1
1
0
0
0
2
1
0
1
1
2
1
0
1
1
0
0
1
2
0
3
1
0
2
0
0
0
0
0
0
1
0
2
1
0
0
1
1
1
1
1
1
0
2
0
0
0
0
0
1
0
0
0
0
0
1
2
1
1
0
1
0
1
0
1
0
1
2
0
1
0
0
0
0
0
0
0
0
2
0
0
0
0
3
1
0
0
1
0
1
0
0
1
1
1
1
0
1
0
1
0
0
0
0
0
0
0
2
1
0
1
0
1
0
0
0
0
0
0
0
1
0
0
1
1
0
0
1
0
1
1
0
1
0
1
0
1
0
0
0
0
3
0
3
1
1
1
1
0
1
1
0
0
0
0
0
0
0
0
0
0
1
0
1
0
0
0
0
1
1
0
0
0
2
1
1
0
0
0
1
1
0
1
0
0
2
1
1
0
1
1
0
0
1
0
0
0
0
0
1
0
2
0
0
0
0
1
0
2
1
0
0
0
0
2
0
0
0
0
0
0
1
0
1
0
0
0
0
0
0
0
1
0
0
0
1
1
0
0
0
0
1
0
0
1
0
0
1
0
0
1
0
0
0
0
2
0
1
0
0
1
0
1
0
0
0
0
0
0
0
2
0
1
0
0
0
0
0
0
0
0
0
0
0
0
1
0
0
1
1
0
0
0
2
0
0
0
0
0
0
0
0
0
0
1
0
0
0
0
0
0
1
1
0
0
1
0
0
0
0
0
1
0
0
0
1
1
0
1
0
0
0
0
0
0
0
0
0
0
0
0
1
0
0
1
0
1
1
0
0
0
0
0
1
0
1
1
0
0
0
0
0
0
0
0
1
1
0
0
0
0
0
1
0
0
0
1
0
0
0
0
1
0
0
0
0
1
0
0
0
0
1
0
1
0
3
0
0
1
0
0
1
0
0
0
0
0
0
1
0
0
0
0
