0
0
0
0
0
0
0
0
0
0
0
0
0
0
0
0
0
0
0
0
0
0
0
0
0
0
0
0
0
0
0
0
0
0
0
0
0
0
0
0
0
0
0
0
0
0
0
0
0
0
0
0
0
0
0
0
0
0
0
0
0
0
0
0
0
2
0
2
0
3
3
2
1
3
3
3
2
1
5
4
4
10
13
34
123
357
907
2190
4774
9450
16777
27483
40731
54444
66416
73472
73380
66477
55157
41350
28430
17410
9640
5021
2384
1034
352
121
42
12
3
3
2
1
1
2
4
1
0
3
1
0
1
0
1
0
1
0
0
0
1
3
56
48
51
56
51
43
53
44
60
50
48
40
43
45
54
42
47
58
47
43
49
52
30
46
32
38
48
31
35
46
52
47
41
45
34
41
33
40
39
34
41
47
34
24
40
37
47
39
35
44
52
29
38
45
47
47
46
51
46
57
44
54
53
57
69
66
88
115
116
159
168
232
256
294
338
352
332
338
279
232
201
183
118
86
83
76
66
54
52
54
39
48
36
33
48
41
46
43
29
41
52
59
39
50
46
49
55
41
63
69
55
65
80
70
98
91
93
102
103
126
99
146
174
179
239
343
568
898
1445
2340
3539
5254
7636
10373
13392
16233
18902
20676
21598
21073
19772
17556
14783
12040
9146
6829
4931
3686
2567
1917
1389
1061
822
726
561
504
591
635
755
1010
1307
1518
1823
2155
2382
2469
2405
2309
2030
1804
1517
1152
905
687
489
350
275
228
203
181
167
135
118
81
91
56
50
48
27
22
18
13
9
7
7
12
12
9
8
9
8
12
11
5
21
10
6
9
13
14
9
11
6
12
8
4
11
8
11
9
13
7
8
15
14
16
13
20
20
25
22
33
29
22
24
32
29
26
27
25
22
21
23
20
15
18
25
18
28
18
29
27
20
19
22
12
12
17
26
22
13
14
21
18
16
15
12
12
21
6
10
6
4
7
8
10
6
9
5
4
6
9
13
11
9
8
7
11
6
6
6
2
7
7
4
6
8
6
5
6
6
9
11
8
10
12
13
11
12
11
10
12
12
11
24
10
14
9
10
10
8
5
15
11
9
13
7
9
8
14
13
11
10
11
9
8
12
13
10
11
8
14
8
8
6
9
4
4
6
6
6
2
10
4
5
4
3
4
7
6
8
8
6
9
12
4
13
3
9
7
6
7
6
8
6
6
9
5
5
2
5
7
6
6
9
8
8
8
7
7
2
5
6
4
4
4
10
8
5
11
6
7
7
8
5
8
9
8
2
8
5
9
6
5
2
7
7
7
7
12
7
7
13
10
10
7
6
4
8
5
10
11
11
9
7
8
5
7
10
3
6
10
8
6
8
3
9
6
8
9
6
8
11
7
10
8
4
10
12
8
5
7
13
11
6
7
7
6
5
9
10
12
5
14
9
8
11
14
14
9
9
10
10
8
7
9
11
15
12
14
11
15
14
16
5
19
13
10
8
15
11
14
14
11
10
9
7
11
15
11
9
13
22
13
15
14
18
19
28
26
31
31
18
26
30
30
33
26
39
46
44
37
32
41
40
48
43
43
28
30
39
41
38
27
35
38
36
40
31
35
32
32
41
35
28
36
37
36
31
32
27
38
30
23
20
26
26
21
31
26
23
16
14
13
23
24
19
21
29
18
27
18
20
14
19
21
18
24
17
24
16
24
19
18
19
29
19
22
29
24
17
13
22
36
27
29
30
20
31
33
29
30
26
22
20
35
24
24
30
24
32
22
26
29
25
29
27
28
21
27
27
23
24
28
33
29
33
36
35
43
34
33
40
38
42
30
53
35
32
30
38
38
34
51
35
32
44
47
41
40
49
37
54
34
40
37
44
50
42
50
40
33
58
63
57
48
46
47
61
46
55
49
53
62
54
60
59
67
51
74
57
70
71
73
91
78
66
56
68
86
63
72
73
82
96
79
89
113
97
95
102
88
102
83
82
104
94
104
102
83
91
94
97
99
85
84
119
73
82
70
94
73
81
96
91
83
95
100
81
102
70
67
76
98
92
77
85
72
85
86
74
87
83
78
69
84
81
81
89
80
84
75
75
75
77
82
82
74
79
87
99
82
82
76
87
74
76
63
73
75
79
87
78
78
97
69
82
79
87
92
73
82
84
78
73
77
79
94
102
84
87
87
78
80
87
82
89
72
70
72
76
72
69
103
67
87
92
68
85
83
76
80
79
93
103
71
100
88
82
75
80
74
67
84
82
78
95
79
91
74
66
80
93
89
102
97
96
88
94
96
100
90
87
113
93
96
87
86
103
106
116
105
98
126
119
151
164
197
217
265
317
439
526
709
911
1092
1375
1752
1941
2379
2907
3194
3744
4135
4554
4860
5231
5437
5463
5475
5339
5125
4879
4527
4046
3609
3218
2728
2356
1916
1634
1270
976
824
667
499
378
296
242
202
187
167
132
105
107
113
101
126
119
110
113
119
102
105
112
114
102
114
100
109
87
112
101
116
97
121
107
102
97
115
113
106
106
110
122
118
118
97
107
117
113
121
104
119
127
145
123
116
117
110
107
137
136
117
138
101
129
129
149
151
166
175
171
172
191
219
260
292
325
334
433
464
511
571
593
643
709
732
797
814
760
836
803
778
744
702
652
588
528
479
406
397
329
340
277
272
231
197
186
193
181
165
150
166
152
144
176
153
133
161
134
166
150
143
131
148
156
153
130
137
166
149
158
184
137
141
149
134
133
179
157
157
140
171
154
157
146
186
150
155
156
158
170
199
171
178
156
193
174
173
197
172
193
203
181
204
216
207
226
192
197
221
230
193
217
247
224
248
254
274
279
276
230
277
275
275
267
268
257
274
292
317
324
287
299
303
274
317
343
331
348
329
271
350
341
314
362
360
358
390
334
338
373
363
379
310
382
356
330
311
365
343
366
387
358
362
355
283
350
347
352
350
350
358
315
335
328
314
321
310
309
272
306
284
272
267
278
274
296
280
293
263
243
239
229
244
216
226
244
237
238
234
207
240
243
222
200
236
212
219
220
214
198
217
180
190
182
180
153
178
165
166
196
173
165
169
165
156
193
190
149
154
130
179
177
161
188
160
168
174
164
153
176
179
146
163
143
177
142
172
169
146
176
150
153
180
182
175
175
163
184
183
135
164
203
167
195
185
167
176
176
193
194
161
194
220
223
231
181
217
199
221
208
230
193
208
203
213
203
237
214
207
206
226
231
216
207
220
248
227
229
221
193
196
216
205
210
194
196
209
201
208
205
199
205
186
183
219
193
213
201
196
195
181
219
190
194
185
197
172
172
190
158
169
196
209
194
164
185
172
203
194
185
174
200
170
187
197
182
181
167
173
190
159
208
163
182
156
175
170
190
186
147
192
157
175
192
181
189
206
150
204
177
190
172
177
179
208
188
188
194
201
171
167
188
174
178
176
176
198
194
188
190
189
193
180
204
202
194
191
187
167
188
186
179
193
197
207
191
203
204
205
206
179
193
195
195
207
193
185
180
209
177
219
177
196
219
189
173
238
212
192
191
191
220
193
187
219
197
217
251
203
215
215
209
193
221
212
197
220
216
222
239
224
206
214
230
221
201
216
212
212
224
194
224
206
223
208
215
226
262
222
234
218
238
232
227
219
199
219
177
225
229
239
256
203
238
203
233
246
233
213
217
252
243
258
253
202
235
237
262
235
241
226
249
236
266
260
230
268
271
228
261
248
256
254
245
230
221
230
229
243
220
235
228
246
224
231
227
214
229
211
235
217
214
217
213
234
229
231
216
237
238
224
207
213
211
231
254
216
252
220
235
223
204
195
196
199
173
210
232
193
215
204
210
185
228
212
182
185
180
182
227
214
205
219
200
193
189
195
219
205
194
198
219
208
214
211
225
207
189
176
209
192
203
186
206
194
204
188
195
219
183
193
177
170
196
201
192
179
178
191
199
214
173
192
200
197
227
218
207
215
183
224
176
212
187
209
211
218
212
208
209
218
236
222
216
175
204
193
229
198
207
197
217
200
189
196
180
188
196
192
195
208
215
162
193
180
216
210
203
201
204
176
213
185
187
239
201
190
181
192
189
209
201
205
188
193
180
209
181
220
214
202
215
190
203
224
183
167
196
200
191
221
202
197
180
205
207
181
202
174
202
207
206
171
191
186
212
195
235
190
190
202
209
201
198
214
221
219
207
200
174
220
195
211
205
196
196
193
203
206
188
210
223
202
212
198
199
177
183
239
197
202
205
214
198
216
204
213
195
210
221
226
244
209
212
206
226
209
245
218
199
211
213
223
257
218
226
229
220
240
255
228
224
217
211
224
224
234
245
206
241
225
244
237
226
245
223
247
234
252
248
242
253
255
257
265
244
243
267
254
234
249
260
254
262
252
277
309
269
293
274
329
271
300
273
308
288
287
288
311
309
295
314
310
298
324
349
338
344
377
341
348
376
393
354
375
357
380
382
405
393
423
422
420
414
442
414
480
467
495
517
513
532
567
551
563
583
603
649
672
691
680
713
713
721
818
767
807
840
859
879
888
920
938
997
954
984
1017
1029
1015
1090
1120
1136
1158
1089
1188
1239
1171
1203
1148
1207
1170
1193
1217
1192
1237
1182
1258
1223
1204
1156
1098
1103
1117
1111
1039
1082
1074
1024
983
954
969
918
947
877
852
832
771
760
768
719
715
618
648
627
569
571
575
566
537
470
495
458
497
456
444
436
445
378
399
349
395
373
341
332
343
368
342
298
340
322
306
298
273
276
248
273
240
222
283
250
258
223
243
237
252
239
250
203
206
242
212
200
225
203
222
205
194
186
197
177
177
217
199
186
197
191
219
202
190
186
204
187
206
226
205
225
240
240
240
273
227
258
265
288
301
297
323
315
305
355
354
365
364
385
391
387
396
410
381
388
408
396
399
384
352
356
333
354
315
307
282
251
253
246
252
223
185
203
197
182
163
153
157
150
167
156
146
136
123
139
136
131
120
127
149
125
138
140
130
161
144
115
123
136
108
131
130
146
134
135
162
141
142
127
135
173
157
150
152
157
191
153
170
174
190
158
165
154
191
172
183
170
190
204
218
184
209
192
209
202
224
199
215
222
224
230
229
228
227
215
218
210
211
232
226
233
218
218
203
204
246
242
221
218
203
212
194
191
188
189
194
199
182
189
203
200
181
169
172
162
156
174
167
136
140
146
158
152
150
161
108
133
113
113
136
120
131
130
123
122
95
134
119
111
120
116
112
126
97
104
93
88
106
73
87
74
88
78
78
83
84
81
89
75
94
80
92
78
83
85
66
61
60
62
68
78
68
58
72
64
74
70
63
70
67
58
62
63
53
71
73
62
49
55
61
38
62
54
57
58
51
64
60
50
49
49
54
47
50
60
67
51
61
53
58
49
53
52
55
48
51
42
48
45
49
51
44
50
47
45
56
51
56
54
51
54
58
56
49
62
64
63
44
60
69
69
73
75
80
68
62
87
76
72
75
61
71
74
62
60
65
62
58
58
54
66
54
45
49
34
45
29
38
48
46
48
30
47
34
42
43
37
40
39
35
34
35
31
41
28
40
33
38
31
36
32
46
36
43
34
38
31
54
33
41
42
26
42
40
27
31
37
29
28
33
46
37
41
26
30
37
32
36
30
36
30
26
28
37
29
38
26
30
30
25
33
20
24
37
31
21
23
30
21
28
30
26
29
25
34
32
27
37
25
40
33
42
26
35
20
28
29
32
19
27
26
28
23
27
28
22
30
35
25
25
27
30
23
37
22
27
31
32
20
29
29
27
20
15
21
26
20
22
25
19
33
31
25
32
34
26
24
24
16
25
22
25
30
42
34
29
27
24
27
29
19
23
28
28
13
33
27
26
14
26
17
15
17
35
18
18
25
25
32
23
30
21
24
20
18
26
19
24
19
28
20
13
14
21
14
19
25
17
30
16
22
20
23
24
16
12
30
32
19
23
23
24
26
20
19
17
19
25
23
15
16
17
28
27
18
25
18
11
15
19
14
15
32
18
21
18
23
22
19
18
13
28
16
20
18
20
18
25
24
27
13
13
22
20
21
19
9
18
20
13
23
14
18
15
25
12
23
14
28
19
17
16
22
28
18
16
17
19
15
18
18
18
21
13
20
15
20
19
24
12
13
12
17
20
13
19
9
15
15
19
17
16
17
13
18
18
17
22
21
18
19
13
13
15
19
17
8
18
17
19
15
16
9
10
24
16
14
21
18
17
17
12
21
16
11
14
18
23
7
13
20
12
18
8
15
11
17
9
20
16
17
20
18
13
15
10
13
12
10
12
12
20
12
19
13
13
8
18
15
12
19
22
13
11
14
10
14
13
21
13
13
16
12
11
13
11
14
10
18
16
9
12
17
15
10
10
15
11
21
10
14
15
8
12
13
9
16
10
8
14
9
13
11
12
12
9
12
11
11
11
9
13
13
14
8
12
8
6
10
14
9
17
10
13
10
7
15
15
19
12
10
7
8
12
13
9
10
12
6
11
11
12
14
6
6
11
5
12
9
7
13
10
9
12
15
7
5
8
12
9
5
9
16
14
9
13
6
10
8
10
12
12
6
7
11
12
7
11
4
8
8
5
10
12
8
10
11
9
7
10
11
10
6
12
9
12
11
12
7
4
10
5
5
5
6
12
7
7
7
11
12
12
9
5
12
7
9
5
9
5
5
10
7
10
10
11
7
13
14
8
5
12
12
7
6
5
8
4
11
11
8
11
4
15
8
6
12
7
8
8
11
6
4
10
12
12
5
12
8
8
7
10
8
10
11
8
8
9
3
8
7
6
10
7
5
6
7
7
10
6
7
6
7
7
5
5
14
12
3
4
6
7
11
8
6
7
6
7
4
3
6
5
6
6
10
10
7
7
5
7
11
5
11
7
8
6
6
4
5
7
9
5
5
5
9
7
8
4
5
14
6
8
2
9
7
5
4
7
13
4
7
7
12
6
3
9
8
4
4
7
3
2
9
5
6
3
11
6
4
6
8
5
4
10
4
4
4
5
6
8
6
7
2
6
6
2
4
6
7
5
5
6
5
4
6
6
6
3
3
5
4
5
1
5
7
3
4
7
4
3
6
1
4
5
2
7
7
4
10
5
4
3
6
3
6
3
0
6
6
3
2
7
5
2
6
10
6
3
2
3
2
11
3
8
3
6
5
1
6
5
5
9
6
5
6
3
5
6
2
6
7
4
0
3
2
4
8
4
10
3
3
5
2
5
0
4
6
5
9
4
2
3
0
2
4
5
3
3
5
4
6
4
2
3
7
4
2
2
3
2
2
1
3
2
2
7
7
4
3
5
5
2
3
6
4
5
4
3
0
4
2
1
2
1
4
4
4
3
0
4
3
3
4
5
5
2
6
5
3
3
9
4
2
4
2
5
4
5
3
2
5
3
7
5
4
2
9
1
5
2
5
3
6
1
7
3
3
2
1
1
6
0
3
0
6
3
6
1
5
4
0
4
6
1
2
2
1
4
1
2
4
3
6
4
3
2
2
6
4
4
3
5
2
3
1
3
4
2
1
1
2
1
3
2
6
5
2
4
4
1
1
1
3
1
3
4
1
3
3
4
0
0
1
6
3
2
1
3
1
3
6
0
0
3
1
2
3
4
2
2
1
1
2
4
0
0
3
1
2
0
3
3
2
5
1
4
1
2
2
2
3
2
2
2
3
1
0
6
4
1
2
1
4
1
2
1
2
3
2
2
3
2
1
1
2
3
2
2
3
3
3
2
3
4
3
1
3
4
5
0
2
3
4
2
6
1
0
0
3
3
2
2
5
1
3
2
1
1
0
0
2
0
1
2
2
3
2
0
2
1
2
2
1
1
1
1
2
1
2
1
3
4
1
1
1
3
1
2
2
0
2
1
0
2
3
2
3
1
1
1
3
1
1
0
1
3
1
1
2
1
5
4
1
0
4
1
0
1
0
0
3
2
2
2
2
1
1
1
0
1
1
0
1
2
2
0
1
2
1
2
0
3
0
1
1
0
1
1
2
1
1
2
1
0
3
1
1
2
0
1
1
1
1
2
1
2
1
0
0
2
3
1
2
1
1
1
3
1
0
2
0
1
0
0
2
3
1
0
2
1
0
1
1
2
0
1
0
0
0
0
0
1
0
1
1
2
3
1
0
4
2
1
2
0
1
1
2
1
3
0
0
0
1
1
1
0
0
0
2
3
1
1
1
0
1
0
1
1
0
0
0
1
1
0
0
0
2
1
1
1
1
2
0
0
1
2
0
0
0
1
1
0
2
1
4
0
2
0
0
0
2
0
0
1
1
0
0
0
0
0
0
0
0
0
0
1
1
0
0
1
0
1
1
0
1
0
1
2
0
0
0
0
1
0
0
0
0
0
3
1
1
2
1
0
0
1
0
2
0
1
1
0
1
0
0
0
1
1
0
0
3
3
0
0
0
0
1
1
0
1
2
1
0
1
4
0
0
0
1
3
0
0
0
1
0
0
1
1
2
0
0
0
0
0
1
0
0
1
0
0
0
0
0
0
0
2
0
0
1
0
0
1
0
0
1
2
0
1
1
1
1
1
0
1
1
1
2
0
2
2
0
1
0
0
0
0
0
1
0
0
1
0
0
0
0
0
0
0
2
0
0
2
1
1
0
1
0
0
0
3
0
0
1
0
1
1
0
1
1
0
0
1
1
2
0
0
0
0
0
1
1
0
1
1
0
0
2
0
0
1
1
1
0
0
1
1
0
1
0
1
0
0
0
1
1
1
1
0
0
0
0
0
1
0
1
0
1
1
0
0
0
0
0
0
0
1
0
0
1
1
0
0
0
0
1
1
0
1
1
0
0
0
0
1
0
0
0
0
0
0
0
0
1
0
0
0
0
1
0
0
0
0
0
0
1
1
1
0
0
2
0
1
0
0
1
1
1
0
0
1
1
0
1
0
0
1
0
0
0
0
1
0
0
0
1
0
0
0
0
0
0
0
1
1
0
0
0
0
0
0
0
1
0
0
0
0
0
0
0
0
0
0
1
0
0
1
2
0
1
0
0
0
0
0
0
0
0
0
0
0
2
0
1
1
0
1
0
0
0
1
0
1
2
0
0
0
1
0
0
0
0
0
0
0
2
0
0
2
0
1
1
0
0
0
0
0
0
0
1
0
0
0
0
0
2
0
2
0
0
0
0
0
0
0
0
0
1
0
0
2
1
0
0
0
0
0
0
0
0
0
0
0
0
0
1
0
0
0
0
0
0
0
0
0
0
0
0
1
0
0
0
0
1
1
0
0
0
0
0
0
0
0
0
0
0
0
0
1
0
0
0
0
0
0
1
0
0
0
0
0
0
0
0
0
0
0
0
0
0
0
1
0
0
1
0
0
1
0
0
0
0
0
0
0
0
0
