0
0
0
0
0
0
0
0
0
0
0
0
0
0
0
0
0
0
0
0
0
0
0
0
0
0
0
0
0
0
0
0
0
0
0
0
0
0
0
0
0
0
0
0
0
0
0
0
0
0
0
0
0
0
0
0
0
0
0
0
0
0
0
0
0
0
0
1
0
2
1
2
2
5
5
1
6
2
5
0
4
4
8
51
116
365
908
2223
4918
9625
17074
27655
40685
54810
66461
72991
73025
66420
54558
41400
28122
17380
9849
5054
2393
970
361
154
47
11
4
3
2
4
2
2
1
1
1
1
0
0
0
0
0
0
0
0
0
0
0
11
59
45
68
48
38
65
41
49
60
54
65
47
51
51
44
35
41
47
49
36
44
47
27
42
50
43
44
50
44
34
39
38
35
47
39
37
34
31
39
37
33
41
46
42
42
34
33
40
44
31
40
38
41
35
40
42
41
36
49
42
45
46
66
58
57
62
86
103
107
138
177
199
265
329
352
316
317
302
299
214
192
146
136
92
90
85
65
68
45
44
47
42
32
48
38
35
38
47
45
41
40
42
52
48
42
49
56
49
49
73
65
50
89
83
79
80
95
109
98
87
113
93
122
143
182
266
453
723
1342
2139
3336
5089
7021
9832
12883
15511
17855
20000
20724
20289
18863
16889
14061
11436
8728
6404
4742
3324
2407
1749
1279
951
741
526
463
397
448
498
631
888
1154
1493
1834
2160
2342
2520
2532
2438
2134
1880
1539
1241
948
683
536
399
318
261
215
199
169
153
125
81
74
57
42
38
28
19
14
11
10
7
5
11
11
7
4
9
7
8
7
12
6
9
10
9
10
8
6
13
9
9
5
10
8
6
5
7
7
11
7
7
8
18
5
10
18
11
24
24
18
36
22
36
16
20
17
21
18
22
22
21
22
22
18
26
24
17
19
21
22
16
24
19
14
13
15
29
24
22
16
19
19
12
11
19
15
8
4
6
7
6
4
5
5
10
6
10
5
5
3
12
7
6
5
3
3
11
9
2
6
6
4
5
7
6
10
3
11
7
6
11
5
6
8
14
8
10
19
17
12
13
16
16
14
16
16
9
4
13
9
6
7
10
13
11
8
9
7
10
12
14
14
11
14
6
12
14
11
9
10
5
8
7
7
7
7
4
3
5
7
4
3
7
4
9
6
8
9
6
3
9
11
11
5
12
6
9
4
5
9
6
6
6
4
3
7
7
11
6
3
4
5
7
10
6
9
4
6
6
6
5
6
5
8
3
9
6
3
3
7
5
12
6
10
5
5
7
9
9
5
11
10
3
7
10
7
9
6
8
6
9
7
6
11
8
8
9
10
9
7
7
6
4
6
9
9
6
6
11
6
3
4
8
10
9
15
5
14
3
6
5
7
5
14
13
9
9
6
7
9
8
7
4
8
3
13
5
11
11
12
9
8
4
13
7
5
9
9
8
7
5
7
9
8
6
12
14
7
12
10
10
15
14
16
7
17
12
11
7
12
12
16
17
15
17
14
7
11
7
12
14
16
11
14
18
13
14
17
12
18
21
11
17
22
20
18
26
19
23
16
20
17
20
9
16
12
16
19
19
16
20
19
13
17
26
19
17
25
15
26
13
16
17
20
9
15
19
16
30
18
19
21
11
21
21
28
17
17
17
26
19
18
19
26
18
27
19
12
17
23
18
30
24
16
24
20
19
16
21
25
19
23
21
14
21
20
27
21
20
20
20
33
16
18
29
24
29
28
28
27
25
19
17
26
33
24
26
30
22
23
24
26
31
30
33
34
31
31
38
29
20
32
34
32
28
32
40
40
36
32
34
36
28
40
39
41
38
24
38
34
42
45
44
56
50
52
44
32
45
40
43
46
39
48
43
44
50
51
69
59
43
57
67
53
65
64
51
61
72
59
70
50
53
69
88
78
71
71
63
55
63
67
76
68
67
63
74
79
82
91
99
94
91
89
95
92
98
92
104
112
99
102
102
97
74
97
92
83
87
107
90
88
94
61
76
57
70
77
76
76
70
76
60
78
63
88
73
71
75
58
74
72
82
80
71
80
66
75
68
67
80
54
81
69
64
73
57
80
87
50
77
60
62
73
67
65
59
74
71
64
69
67
82
69
83
65
86
74
71
49
77
72
61
72
75
62
67
69
75
86
71
76
64
74
63
63
70
69
66
68
67
70
69
81
71
71
57
72
72
84
86
74
82
85
74
72
70
61
80
70
72
57
75
78
73
81
80
81
74
82
86
73
83
84
68
74
74
80
80
83
73
84
78
80
66
84
101
64
76
84
88
81
100
85
88
102
94
111
107
112
116
134
134
157
185
201
304
321
468
555
757
925
1160
1399
1682
2105
2559
2946
3306
3786
4231
4640
4853
5254
5265
5316
5212
5176
5045
4677
4314
3945
3551
3069
2693
2173
1750
1484
1243
978
781
627
499
349
299
220
216
161
139
135
116
113
92
110
112
99
81
113
105
106
97
96
115
111
92
93
86
90
101
98
87
115
99
97
99
95
91
120
90
91
111
84
113
94
108
105
96
124
95
104
93
92
116
92
109
122
113
119
96
111
122
131
148
121
134
126
127
158
150
163
164
219
227
257
311
290
386
396
426
488
616
570
625
725
761
712
869
831
802
785
767
690
678
613
639
538
462
413
383
316
297
264
276
198
185
193
175
149
156
134
161
142
142
130
159
147
147
160
134
137
130
160
157
138
164
144
170
156
138
150
155
153
155
170
151
156
148
177
172
174
173
161
169
181
185
156
183
181
187
168
195
195
168
186
184
189
176
166
207
174
191
222
198
212
205
177
209
203
220
199
187
181
233
200
213
219
227
215
240
220
227
235
225
235
206
247
238
222
223
225
211
212
214
214
233
223
212
198
209
222
204
233
193
202
206
190
238
211
179
189
199
208
198
211
192
201
221
185
192
179
174
171
194
186
178
192
164
179
157
161
174
180
168
177
199
174
181
161
151
171
160
153
161
183
152
149
142
175
180
161
167
176
162
159
164
166
154
144
156
164
136
154
154
157
164
159
156
155
185
151
174
160
159
147
161
136
126
162
148
150
148
166
164
141
153
155
153
124
152
141
132
149
159
142
143
150
126
142
157
139
156
144
148
155
160
158
154
149
146
145
157
153
135
152
147
173
145
156
174
153
137
141
154
170
172
155
142
147
175
156
173
162
166
169
185
173
155
147
154
161
143
147
160
151
175
145
172
154
128
179
169
143
150
170
177
160
191
150
162
157
166
160
153
155
159
138
164
158
169
150
172
170
150
151
156
156
182
156
179
171
143
182
140
169
162
161
159
173
134
176
164
170
191
151
192
176
169
171
153
175
173
173
184
178
158
158
179
175
180
177
182
161
188
180
183
173
162
182
153
193
174
165
152
180
201
178
177
201
177
195
164
152
186
180
179
167
202
168
188
190
168
165
169
198
194
176
177
168
195
212
192
156
182
187
201
207
180
196
208
187
203
181
204
185
198
206
211
174
193
208
186
181
209
196
232
187
194
191
213
196
195
218
190
223
202
213
217
201
238
237
215
211
229
219
220
214
239
212
185
227
223
205
214
220
234
233
196
214
244
239
224
212
266
236
227
224
236
234
261
221
217
227
231
252
245
241
231
251
249
234
233
237
252
225
259
218
239
269
240
250
256
248
254
263
240
250
241
233
219
225
256
249
256
233
233
237
239
252
221
253
216
225
235
247
258
250
239
212
243
251
231
229
209
259
215
203
227
190
221
249
233
248
201
213
215
239
202
192
222
201
212
214
224
206
213
234
221
218
216
252
246
193
192
210
190
186
193
217
196
217
177
174
203
198
181
194
232
195
180
202
168
167
201
201
190
184
216
235
184
184
175
186
214
192
163
199
199
200
183
203
181
170
204
209
199
177
190
185
202
197
188
200
178
184
167
180
203
209
200
195
195
197
189
192
196
214
192
182
218
183
191
210
204
208
174
206
207
193
231
199
203
205
183
207
195
205
189
203
159
185
193
206
183
203
212
221
184
177
179
213
184
174
183
197
201
205
237
202
182
207
183
187
190
199
190
195
164
225
193
189
206
210
189
193
208
198
223
193
191
189
190
186
182
205
247
228
171
198
203
179
194
192
192
191
230
178
198
205
192
230
208
200
201
197
204
178
217
174
220
175
197
188
204
191
173
185
176
212
183
207
203
199
192
222
200
207
201
181
184
203
213
203
208
195
197
227
207
208
212
188
185
196
225
226
212
227
203
200
198
182
206
205
189
234
229
212
207
227
204
203
205
205
220
203
206
221
207
216
210
227
231
237
211
210
210
179
230
214
217
214
213
208
223
224
236
230
256
239
234
204
246
221
220
244
221
223
255
239
259
250
239
278
230
241
258
263
255
280
275
265
278
279
302
269
261
289
270
292
288
268
290
293
318
319
276
312
329
308
332
287
325
312
322
324
321
352
336
349
332
338
360
346
374
378
378
366
383
409
397
386
404
428
425
423
435
438
492
470
493
494
515
542
507
556
530
635
614
595
628
674
684
737
740
777
755
815
772
801
912
870
932
965
927
964
948
1054
1045
1024
1120
1089
1087
1089
1179
1094
1126
1185
1182
1207
1229
1193
1226
1125
1222
1192
1255
1186
1217
1153
1211
1176
1123
1146
1109
1132
1074
1106
1000
1058
958
941
929
906
867
792
900
780
798
778
733
778
695
704
687
656
628
587
568
533
533
490
538
480
442
477
482
414
420
392
372
379
362
342
365
326
348
333
340
317
287
278
278
291
290
291
303
265
259
266
273
246
242
252
258
246
259
247
230
212
258
239
232
214
188
212
216
209
189
220
195
189
209
196
174
208
189
175
174
223
216
193
215
206
186
214
199
217
228
275
258
224
245
277
264
310
300
310
294
314
337
323
359
346
375
361
361
359
407
368
383
381
395
380
375
382
329
355
337
325
320
313
321
282
245
247
229
212
225
188
176
157
156
156
136
144
129
120
117
132
151
126
140
138
144
134
141
131
127
155
134
140
122
144
135
133
149
143
127
149
126
150
144
134
152
145
157
163
164
171
164
177
178
158
140
166
183
176
168
182
196
172
187
194
195
187
191
211
223
207
198
211
216
227
188
184
224
247
217
231
240
217
205
218
218
250
223
225
220
220
230
224
210
239
188
215
246
209
205
196
196
201
168
197
215
189
208
183
217
168
188
195
162
147
187
146
180
145
164
154
135
148
134
157
135
145
161
125
111
107
114
117
104
116
123
114
126
108
115
101
97
98
113
109
105
87
109
91
83
100
92
78
93
97
91
83
92
75
73
91
72
92
75
77
67
72
73
69
69
93
72
77
67
59
58
73
62
68
48
62
65
67
57
67
64
62
51
62
49
57
50
64
67
51
52
49
46
61
69
50
49
51
56
47
56
55
51
59
59
40
51
55
51
43
42
50
40
45
55
48
53
46
42
58
57
54
62
58
64
50
63
50
56
67
75
70
60
58
58
64
72
67
72
81
65
72
66
73
84
74
63
75
81
72
53
68
64
50
66
45
41
40
59
42
38
35
42
52
42
30
44
43
32
58
43
44
55
41
38
44
46
30
41
35
45
37
45
36
33
30
25
44
32
49
27
30
42
51
24
36
42
32
31
35
37
28
39
33
29
32
41
24
32
28
26
29
27
34
34
30
28
30
24
33
35
32
29
29
25
34
34
32
28
35
34
33
26
32
30
27
25
33
33
26
38
29
22
31
23
33
34
25
25
37
30
27
27
38
30
29
31
24
25
21
32
26
31
32
27
28
27
29
29
31
23
31
27
33
30
24
26
26
19
34
19
22
21
20
30
32
29
21
18
21
29
19
24
21
24
24
30
24
26
30
18
22
27
21
21
20
20
28
15
27
29
22
24
27
25
21
20
18
25
25
22
21
35
28
19
17
19
19
24
33
28
18
27
20
19
26
20
20
27
21
22
32
23
25
35
18
17
22
19
26
19
29
20
18
19
14
21
19
17
26
27
22
24
23
12
21
15
21
22
28
7
30
22
22
22
30
20
13
24
20
18
22
26
19
23
18
19
16
18
22
15
21
18
18
17
18
19
18
25
13
11
19
28
16
21
16
21
26
19
18
16
16
24
20
22
12
18
18
16
20
17
21
16
15
21
20
13
16
21
16
17
13
16
21
18
20
18
20
18
20
15
23
20
16
23
19
22
16
13
17
14
15
14
16
18
19
21
13
14
17
17
24
17
7
18
15
13
16
13
18
24
12
14
20
8
19
14
19
13
11
26
15
12
17
18
17
16
12
16
23
19
16
13
14
16
10
15
10
15
16
12
12
19
15
13
17
12
9
14
14
19
14
19
15
19
13
12
7
16
9
11
17
15
13
6
10
21
15
12
18
12
15
11
17
22
16
19
8
13
11
17
12
14
7
6
16
13
15
7
10
11
17
6
9
17
16
15
12
16
12
11
9
7
12
8
18
13
17
16
9
16
15
11
10
9
13
11
17
9
8
6
14
9
16
15
10
17
11
12
11
11
10
10
16
13
8
8
7
10
11
10
14
14
18
14
13
12
9
6
11
6
15
7
11
8
9
6
14
8
19
11
16
13
5
5
11
13
12
5
7
8
12
13
11
6
8
11
14
6
8
7
12
8
5
12
15
10
11
13
10
13
10
9
6
10
11
13
12
9
12
6
4
9
6
9
3
6
12
8
7
16
14
7
5
13
5
14
6
6
9
10
18
8
4
9
13
13
9
9
7
3
9
11
10
10
5
7
10
13
12
11
4
14
7
5
8
6
10
8
8
7
3
13
10
12
5
8
9
10
9
8
9
10
8
8
17
5
7
17
5
6
10
9
10
6
12
6
11
7
11
6
9
12
9
4
11
11
6
6
12
7
11
6
6
8
1
10
8
5
9
6
4
5
3
9
7
4
13
5
9
6
7
9
6
12
9
7
5
13
1
5
7
10
10
7
10
8
11
8
6
7
9
8
10
7
3
9
7
8
5
8
8
6
11
11
9
9
7
3
7
7
5
7
8
4
9
8
5
8
1
5
8
3
6
8
7
7
3
6
8
4
5
3
13
3
12
8
9
6
10
3
5
7
1
8
6
6
5
6
2
4
4
4
3
4
5
10
5
4
4
2
6
8
4
1
5
5
6
6
7
9
6
5
4
8
9
6
6
7
7
6
4
4
8
5
3
4
3
6
2
4
5
7
2
4
3
3
6
1
5
3
7
2
3
2
4
6
5
2
3
3
4
1
3
5
3
0
2
8
5
5
4
6
6
2
3
1
5
7
2
5
5
5
3
6
6
1
4
5
5
3
4
2
4
1
2
10
2
4
8
5
2
4
2
4
2
4
6
4
3
2
8
3
8
5
4
2
2
6
5
1
2
1
3
2
4
5
4
4
2
6
6
2
1
5
1
7
7
2
3
6
3
4
8
2
5
6
6
4
2
3
1
2
3
1
6
2
3
5
4
5
1
3
6
4
2
1
5
2
4
6
2
3
1
4
4
3
3
2
0
8
8
4
4
4
3
5
6
0
3
2
7
1
5
4
2
2
3
5
5
3
2
4
2
2
4
8
4
2
3
1
4
3
4
2
3
5
4
6
3
3
2
0
2
2
5
3
2
1
2
1
1
6
0
1
2
2
2
5
2
1
1
5
1
1
2
5
3
5
2
0
1
0
2
0
3
3
1
0
4
2
1
1
2
0
1
3
5
4
2
2
1
2
3
4
0
1
3
4
3
1
3
2
3
0
1
3
2
2
3
1
2
5
4
1
2
1
3
2
2
2
2
1
2
1
1
2
1
1
1
1
2
2
1
2
1
6
1
4
3
3
3
0
3
2
1
1
1
1
4
1
0
3
0
3
2
0
2
0
0
2
5
4
1
4
3
2
4
3
1
1
3
2
3
1
1
0
3
2
4
1
2
3
1
3
2
0
1
3
2
4
3
2
5
1
1
1
1
1
3
2
0
2
2
3
2
1
1
2
0
1
3
1
2
2
2
1
3
2
2
0
1
3
3
1
0
2
3
1
0
2
1
1
0
2
1
2
4
0
0
2
0
1
2
1
0
1
1
1
0
0
1
2
1
1
3
1
1
0
0
1
3
0
0
0
2
2
0
2
2
3
1
3
3
0
1
0
0
2
1
0
3
1
1
0
0
0
1
1
2
1
3
2
0
1
2
0
0
2
1
1
1
2
0
0
0
3
3
0
0
0
1
1
2
2
2
0
1
0
2
0
1
2
0
0
2
0
2
1
0
1
1
2
0
2
3
0
0
0
1
1
0
0
1
0
0
1
1
2
1
1
1
1
1
1
3
2
1
2
2
0
0
0
0
1
1
0
0
0
2
2
1
0
1
1
0
1
0
1
0
0
0
0
1
0
0
1
1
2
1
1
1
1
1
0
1
3
1
2
4
0
1
0
1
0
0
0
0
1
1
1
0
1
1
0
1
2
0
0
0
1
0
1
2
1
1
0
1
0
0
2
1
1
2
1
2
0
1
0
0
1
2
0
1
0
0
0
1
3
0
1
0
0
1
1
0
1
0
4
0
0
0
0
0
2
1
1
0
0
0
0
0
1
0
1
0
0
1
0
0
0
1
0
0
0
0
0
1
0
0
0
0
0
0
1
0
0
0
1
0
0
0
0
1
1
0
0
1
1
1
1
0
2
2
0
1
0
0
0
2
0
0
2
0
0
2
0
1
0
1
1
0
1
0
0
1
0
0
3
1
1
0
0
0
1
0
0
0
0
0
0
0
0
0
0
1
0
3
2
0
0
0
0
1
0
0
0
1
2
0
1
0
1
0
1
1
1
1
0
0
1
1
0
0
0
0
1
1
2
1
0
0
1
0
1
0
1
1
0
0
2
0
1
0
0
1
0
0
1
2
0
2
0
0
0
0
2
0
2
0
0
0
0
0
1
0
0
0
0
0
0
3
0
0
0
1
0
0
0
1
0
1
0
2
1
0
2
0
0
0
1
0
0
0
0
0
3
1
0
1
1
0
0
0
2
0
0
0
0
0
0
0
0
0
1
1
2
0
0
0
1
0
0
0
1
0
0
0
1
0
0
0
0
1
0
0
0
2
0
0
0
0
0
1
0
0
0
1
0
0
0
0
1
0
0
0
1
0
1
0
0
1
0
1
0
0
0
0
0
1
1
0
1
0
0
1
0
0
0
0
0
1
0
1
0
0
0
0
0
0
1
0
0
2
0
1
0
0
0
0
0
1
0
0
0
0
0
0
1
0
0
0
0
0
0
0
0
0
0
0
1
0
1
0
0
0
0
0
0
0
1
0
0
0
0
0
0
0
0
0
0
0
0
0
1
0
0
1
2
0
0
0
0
0
1
0
0
0
0
1
1
0
0
0
0
1
0
0
0
0
0
0
1
0
0
0
0
2
0
