0
0
0
0
0
0
0
0
0
0
0
0
0
0
0
0
0
0
0
0
0
0
0
0
0
0
0
0
0
0
0
0
0
0
0
0
0
0
0
0
0
0
0
0
0
0
0
0
0
0
0
0
0
0
0
0
0
0
0
0
0
0
0
0
0
1
2
0
2
1
1
1
1
3
3
4
8
1
2
2
4
5
20
38
140
359
879
2185
4766
9395
16971
27832
40704
54473
66815
72735
73593
66297
54805
41632
27997
17477
9909
5085
2334
935
352
133
44
15
6
2
1
0
4
0
0
1
1
3
1
0
0
1
0
1
0
0
1
1
0
4
53
64
57
61
47
45
47
51
47
33
42
46
48
28
48
45
44
57
51
35
41
35
37
40
27
38
31
36
43
42
43
36
46
32
42
38
38
49
31
34
38
35
39
38
51
53
39
43
37
44
23
39
38
40
48
62
34
36
43
47
53
58
46
50
57
61
69
100
133
160
189
262
285
278
337
359
352
342
256
263
200
165
113
113
85
79
66
56
51
57
42
48
48
51
47
35
41
48
36
50
46
44
47
49
45
41
48
58
41
56
81
70
71
85
75
87
96
102
108
120
133
155
151
182
285
374
531
924
1437
2298
3475
5346
7380
10245
13178
15989
18792
20482
20931
21153
19347
17426
14697
11622
9210
6723
4846
3548
2447
1855
1336
1058
890
675
583
555
593
645
782
937
1285
1517
1876
2091
2288
2418
2427
2290
2086
1676
1494
1220
850
700
503
386
301
271
237
183
161
169
93
90
75
48
46
29
20
16
12
14
9
9
12
10
13
10
14
6
8
9
5
6
13
6
5
3
12
8
9
12
11
9
6
9
7
9
10
9
11
11
10
10
8
19
16
15
18
37
28
25
27
27
29
26
22
27
29
18
22
18
20
23
19
20
24
33
8
24
24
14
18
24
26
22
18
22
25
14
18
17
15
19
21
18
18
14
9
7
7
10
13
5
6
4
5
11
4
7
5
6
3
11
11
5
5
4
4
7
6
6
6
4
7
4
5
9
6
4
9
10
5
13
7
12
14
11
9
11
15
16
19
15
13
13
13
8
15
11
14
7
7
9
7
6
11
9
11
10
6
9
13
12
14
17
16
11
13
13
9
9
5
7
10
12
4
12
10
5
5
9
6
8
3
11
5
8
1
5
3
9
7
10
9
10
6
12
6
8
6
7
4
10
7
5
6
8
6
4
3
7
5
4
4
7
4
7
5
9
5
7
7
10
4
8
4
6
5
6
9
7
2
8
9
5
6
4
8
8
10
7
7
6
8
12
8
4
7
10
8
8
7
7
4
9
9
11
12
7
4
7
6
2
13
7
6
6
11
10
8
13
7
14
9
7
8
7
11
10
8
16
7
6
5
7
12
10
11
10
8
11
7
9
5
9
7
8
10
8
11
9
11
4
7
9
14
12
8
10
6
6
10
9
5
16
11
6
8
14
9
7
13
10
10
12
9
11
14
18
13
21
11
15
10
14
16
11
13
11
11
15
13
16
22
14
25
19
28
21
26
17
33
37
32
27
36
33
38
28
27
38
32
34
41
38
28
38
45
26
36
40
43
41
32
35
32
34
34
29
36
29
38
44
30
22
40
30
26
28
22
37
26
32
24
23
24
26
26
26
26
22
17
25
26
19
15
22
15
25
22
20
22
18
34
25
24
16
18
20
18
17
26
20
19
16
32
19
18
23
19
22
23
18
24
20
18
23
22
18
26
24
35
31
29
28
30
23
28
23
29
24
24
39
28
32
29
46
32
32
29
21
35
43
36
29
33
29
30
24
39
33
32
45
31
33
37
37
42
28
35
40
42
39
27
42
36
40
42
24
45
37
37
40
46
38
44
41
50
38
45
48
56
47
45
47
44
42
49
45
55
51
49
68
47
47
59
69
57
59
68
65
70
54
70
78
73
76
74
59
73
74
81
69
97
91
84
81
71
79
88
106
114
96
104
93
95
97
96
89
91
94
86
81
92
117
84
73
89
83
84
83
84
65
84
86
73
81
75
78
79
82
79
64
75
74
82
83
88
97
82
78
74
74
72
98
66
81
96
71
85
70
78
86
77
88
65
88
68
87
72
85
86
67
80
70
79
58
70
84
76
82
89
92
89
98
79
82
75
70
80
90
80
75
76
76
60
74
103
93
73
84
78
78
93
87
74
93
88
65
78
75
64
92
90
91
69
101
76
81
80
82
74
80
87
74
60
78
74
102
84
72
70
92
85
78
78
96
83
77
77
108
88
96
93
68
81
72
87
107
97
85
107
105
93
95
116
88
115
83
113
110
99
129
136
135
149
192
212
259
332
405
500
699
854
1087
1316
1715
1949
2432
2750
3214
3823
4089
4617
4616
5037
5328
5448
5345
5245
4996
4768
4451
3938
3725
3138
2644
2317
1843
1599
1281
1024
811
617
500
353
296
240
204
191
146
147
128
117
109
123
99
100
101
105
113
112
109
88
114
102
97
106
111
103
117
114
104
113
118
117
98
117
116
136
99
121
132
115
106
99
92
118
109
104
109
112
116
109
106
120
104
120
118
130
110
122
125
110
112
131
133
128
160
151
169
140
170
207
211
247
284
305
373
387
429
508
584
632
693
673
770
748
802
864
758
794
803
763
692
643
606
569
514
424
369
351
318
264
274
204
199
185
164
174
159
168
134
142
117
146
131
136
139
130
139
157
137
134
151
143
161
161
152
133
148
154
136
146
150
143
168
153
130
156
147
167
146
193
149
166
162
150
182
188
170
173
186
158
150
191
201
168
197
168
163
210
202
197
202
206
207
221
179
212
237
207
214
212
258
232
221
226
256
236
249
233
242
248
281
266
284
294
277
298
270
309
319
287
279
323
304
329
326
321
290
355
307
370
345
344
336
398
342
368
380
316
363
386
340
353
350
324
390
382
352
352
336
341
333
340
331
337
341
352
344
327
310
300
308
311
338
304
281
291
269
305
291
253
282
279
277
257
248
234
249
267
251
226
235
245
227
208
198
210
205
237
221
217
189
214
192
199
200
167
190
195
188
180
198
181
211
169
203
163
171
178
179
188
179
171
163
166
170
154
142
157
158
166
181
167
178
158
167
153
174
158
159
153
178
173
163
138
165
155
192
148
158
177
165
155
185
172
187
162
145
184
147
171
162
185
183
177
172
176
193
149
206
201
206
187
199
211
244
207
236
203
215
213
219
196
215
217
223
207
200
228
178
205
199
201
230
231
245
214
203
224
252
177
203
222
225
196
187
204
219
197
214
205
201
194
193
230
196
208
196
193
179
161
205
187
171
167
183
178
196
200
207
171
164
184
167
189
172
174
173
165
161
153
153
172
175
170
149
182
205
162
164
166
170
170
153
178
185
189
192
178
164
175
176
191
169
163
189
161
149
170
159
190
167
180
214
179
174
178
189
171
180
160
177
181
172
190
181
199
210
179
202
161
188
187
162
183
177
193
170
201
167
174
184
191
177
181
161
196
164
164
223
208
208
177
193
186
191
204
197
176
197
169
200
199
184
211
200
217
208
228
182
202
188
199
241
203
193
206
205
223
199
201
181
212
204
199
217
212
213
184
244
190
196
194
216
207
231
219
206
206
205
196
207
213
220
223
190
201
203
211
233
210
212
240
214
234
219
238
220
231
223
252
218
216
230
238
217
221
222
225
255
207
224
216
228
253
241
233
218
219
249
222
241
219
247
226
259
232
219
255
222
238
249
255
252
257
223
243
222
256
227
258
228
233
245
248
233
228
221
249
232
229
228
221
246
226
207
238
237
225
222
226
233
248
188
193
214
225
216
203
230
197
203
236
224
225
207
202
188
188
226
186
184
202
219
196
201
187
186
196
222
213
192
187
191
189
207
193
179
193
210
213
222
202
185
193
213
209
195
198
220
188
199
189
196
178
199
206
203
209
187
184
181
205
211
208
196
192
205
165
205
199
185
223
183
209
193
167
191
179
203
205
217
192
177
194
206
204
215
205
163
186
191
189
203
196
190
218
210
196
206
182
182
174
195
216
208
216
193
210
180
210
174
182
207
184
209
202
191
197
216
201
194
183
208
188
183
203
213
211
197
193
193
189
188
186
194
198
219
181
182
208
186
215
194
184
208
191
178
191
197
208
209
213
238
197
185
191
191
198
195
170
199
190
173
194
209
212
213
190
237
207
189
175
231
217
178
220
203
191
189
196
209
222
215
184
196
194
189
207
189
199
211
203
210
190
192
202
213
193
211
209
207
225
175
171
211
205
199
200
211
194
178
214
242
186
211
185
212
210
217
192
219
253
200
170
204
194
196
213
207
188
203
230
235
226
230
213
224
223
240
235
220
241
220
211
225
227
222
250
234
234
258
244
236
261
237
257
231
261
244
239
255
273
253
252
276
267
245
251
254
265
281
274
279
276
290
292
302
286
283
308
319
318
316
322
331
323
347
337
361
333
317
358
316
374
394
367
366
400
381
421
392
426
396
470
414
475
502
532
497
511
537
587
576
602
573
634
654
660
650
705
697
701
724
737
780
808
853
832
906
915
988
913
932
1001
1061
1021
1064
1093
1074
1013
1151
1084
1149
1195
1203
1226
1220
1201
1166
1202
1155
1190
1182
1180
1208
1163
1101
1145
1144
1082
1120
1028
990
979
983
1013
990
969
934
934
871
857
912
807
749
713
705
704
698
681
668
682
564
603
595
567
531
481
493
492
458
448
406
435
413
388
376
365
355
373
351
343
330
326
308
325
277
256
316
297
270
269
299
274
271
275
269
248
271
229
225
210
217
242
208
225
197
221
202
208
210
185
212
229
170
218
204
199
198
210
204
170
193
211
190
189
185
195
191
195
178
189
191
203
204
217
256
253
260
268
302
294
303
293
346
328
297
332
364
374
415
344
404
371
407
386
407
403
411
408
373
383
385
335
328
329
328
289
281
305
250
211
201
218
183
188
178
174
154
159
140
145
143
131
131
143
133
147
158
148
108
126
124
128
130
145
123
126
126
127
122
144
148
156
121
128
155
152
155
124
152
170
151
130
144
149
152
161
176
164
131
156
166
171
154
169
180
204
193
164
197
189
209
199
201
178
201
204
209
200
190
199
215
198
229
188
241
211
194
220
207
198
214
221
192
199
192
182
206
178
200
215
215
212
193
194
188
211
180
209
183
164
196
183
173
191
184
180
170
152
165
124
173
162
165
143
126
140
148
121
133
129
119
115
140
112
118
124
106
109
104
137
90
117
97
73
95
78
94
102
92
99
90
86
98
92
104
88
95
84
84
83
82
68
83
77
73
75
65
67
77
64
56
63
66
68
65
71
68
51
61
53
66
81
70
68
57
63
58
65
67
43
53
70
52
55
43
64
61
60
50
56
42
46
51
49
60
53
37
46
48
43
40
48
32
54
44
40
53
43
46
46
38
52
43
47
39
48
51
47
58
57
42
61
52
62
51
57
62
53
60
71
50
55
67
81
76
52
65
77
76
61
70
65
56
67
69
56
63
66
52
59
51
42
44
49
43
47
48
49
42
47
43
43
34
38
38
32
43
38
39
44
33
31
36
37
38
38
30
37
44
32
42
39
39
35
36
42
41
41
30
28
49
44
40
37
41
39
37
36
32
39
32
28
37
20
30
37
26
25
30
27
35
30
29
25
37
22
26
30
21
26
26
33
24
24
29
26
30
36
31
20
23
27
33
30
30
31
35
24
27
29
25
23
26
16
30
22
28
21
18
32
21
27
25
19
31
28
27
26
18
28
21
24
17
30
26
21
29
28
30
19
19
37
26
29
23
32
21
27
25
26
35
33
26
18
25
21
30
29
25
23
15
25
30
20
19
19
28
20
23
22
27
26
18
20
23
17
25
23
22
28
22
23
19
29
32
19
25
27
24
34
30
32
15
27
19
28
26
28
23
22
17
24
21
22
20
12
20
16
26
28
18
23
27
21
19
17
19
13
22
22
18
20
21
31
27
27
16
18
22
24
15
17
15
25
17
21
26
17
13
13
19
20
19
17
22
20
23
32
21
20
19
14
15
25
23
21
21
25
11
19
19
18
23
16
17
16
29
19
24
19
20
16
28
12
13
15
14
13
18
15
20
13
16
23
14
10
21
12
31
19
11
20
19
20
18
10
17
23
14
16
16
15
12
12
21
21
16
13
18
13
14
16
18
20
12
16
19
17
10
14
19
18
16
12
12
19
10
19
20
20
12
14
20
24
20
13
23
14
15
16
10
19
19
16
16
15
18
17
15
12
16
14
18
17
11
20
19
18
13
12
22
16
16
15
8
17
12
13
13
16
24
23
6
10
15
12
14
17
13
17
13
15
13
17
23
21
10
14
12
12
7
18
15
22
17
13
16
13
16
15
13
16
18
11
23
9
10
9
11
11
8
17
9
9
14
10
13
8
12
14
17
6
17
14
13
7
17
9
10
8
16
9
6
14
8
19
14
11
18
8
15
7
12
12
8
13
16
14
13
12
15
12
6
10
8
11
13
16
13
6
16
8
7
13
5
14
11
11
8
14
12
13
5
10
17
12
12
8
9
6
13
10
9
11
10
5
7
9
11
7
10
6
13
8
12
14
17
13
12
10
13
6
8
11
10
17
11
15
10
15
20
11
6
8
8
7
8
5
10
15
10
12
8
10
9
12
11
9
9
13
5
6
8
6
7
7
14
9
14
8
5
11
7
12
12
11
10
11
11
11
8
7
14
7
5
7
10
6
6
13
10
8
11
13
9
11
8
8
2
9
9
12
8
10
3
17
5
8
10
10
7
6
7
4
11
9
8
8
9
8
8
7
4
3
7
8
11
7
10
4
10
6
8
8
9
3
8
10
9
8
14
5
4
4
6
10
4
7
8
5
2
4
11
10
5
7
5
11
7
5
7
11
7
7
5
3
5
4
6
4
10
10
10
3
6
4
6
5
9
6
5
2
5
4
9
8
6
5
8
8
6
9
6
10
5
2
2
9
13
6
11
4
2
3
6
10
7
7
3
5
8
3
6
6
4
5
2
5
5
7
10
6
7
8
7
6
3
4
3
4
5
13
2
8
7
7
4
3
2
6
4
5
6
7
7
6
5
4
3
7
3
5
8
8
7
11
6
2
4
6
5
3
1
7
3
3
7
5
3
3
5
2
4
9
4
3
3
2
3
6
6
3
3
3
4
2
1
3
8
6
4
6
6
3
8
2
1
1
4
1
1
4
2
3
4
5
3
0
5
4
4
2
2
4
1
0
6
5
4
4
3
2
4
3
5
8
7
4
3
3
5
3
6
4
6
3
3
5
4
4
6
5
6
2
3
3
2
2
3
4
3
8
7
4
4
4
6
1
3
2
4
2
1
9
5
4
2
5
3
2
4
3
5
2
1
1
2
2
1
3
5
0
3
3
2
6
2
1
3
5
6
4
1
3
0
5
4
5
2
4
7
2
3
3
2
3
2
2
3
5
9
5
3
5
3
4
1
1
2
2
1
4
2
5
2
3
3
6
1
2
4
7
2
4
4
5
2
2
0
2
2
2
1
5
4
2
3
6
3
2
1
1
7
3
2
2
4
2
2
4
2
1
0
3
4
4
2
3
1
0
3
3
2
4
8
1
1
1
2
5
1
3
5
1
7
2
1
2
1
4
1
3
5
1
2
2
0
4
3
1
2
1
1
3
2
1
2
1
4
3
3
1
2
6
3
5
0
2
2
1
1
1
1
1
4
3
2
0
2
3
1
1
2
0
1
5
2
0
0
1
2
0
1
3
0
1
2
1
2
1
2
3
4
2
0
2
0
2
0
0
0
0
2
4
1
3
4
4
1
3
1
2
1
2
2
0
2
1
1
1
2
1
3
0
1
1
0
1
1
0
0
1
5
2
1
4
2
2
2
1
2
0
4
0
1
0
2
2
1
5
1
2
1
3
1
5
2
1
0
2
0
1
1
2
0
4
0
0
4
1
1
1
2
3
1
1
1
1
0
2
1
1
0
1
2
0
2
3
1
1
0
2
1
5
1
2
2
1
0
1
3
2
3
2
1
2
0
2
0
1
2
4
2
1
1
1
0
0
1
4
2
0
2
0
2
2
1
2
0
3
0
2
3
2
1
0
1
2
2
2
2
1
2
1
0
1
0
1
1
0
1
0
2
0
2
1
1
0
3
3
3
1
2
2
2
0
1
1
2
0
2
1
0
0
1
2
3
1
0
3
2
0
1
0
0
0
1
0
0
0
0
2
1
2
1
2
1
1
1
0
0
0
1
0
0
1
1
1
3
0
1
0
0
2
1
1
0
0
2
1
3
0
2
0
0
0
2
2
0
1
3
0
1
1
1
2
0
2
1
2
1
1
0
0
1
0
1
1
1
2
1
1
3
0
0
0
1
1
0
1
2
0
1
1
0
1
0
0
1
0
0
1
0
0
2
0
1
1
1
0
1
1
2
0
0
0
0
1
0
2
2
0
1
1
0
2
1
0
3
0
3
0
0
3
0
0
0
0
0
0
3
0
1
0
2
0
2
1
1
2
1
0
1
1
0
2
0
2
1
1
1
0
1
1
1
1
0
1
1
0
0
0
1
1
0
0
0
0
1
1
0
0
1
1
0
1
0
1
0
0
1
1
1
0
0
0
0
0
0
0
0
1
1
0
1
0
1
0
0
0
0
0
1
1
0
1
1
1
0
0
0
2
1
3
0
0
1
0
0
0
0
0
1
1
0
0
0
1
0
1
0
2
0
1
0
0
0
1
0
1
0
1
0
0
1
0
0
0
0
2
0
1
1
1
1
1
1
1
0
0
0
0
0
0
1
0
4
0
0
1
0
2
0
0
0
0
0
0
0
0
0
1
1
0
0
0
0
0
0
0
0
2
0
0
1
1
1
0
0
1
0
2
1
1
0
1
0
0
0
0
0
1
1
0
2
1
1
0
1
0
0
1
0
0
0
0
0
0
0
0
1
0
1
0
0
0
0
0
0
0
0
0
0
1
0
1
0
1
0
1
0
0
0
0
1
0
1
0
2
0
1
2
0
0
1
0
0
0
0
0
1
0
1
0
0
1
0
0
1
0
0
0
0
0
1
2
0
0
0
0
0
0
1
1
0
0
0
0
0
0
0
0
1
0
0
0
0
0
0
0
1
0
0
1
0
0
0
0
0
0
0
0
0
0
1
1
0
0
0
0
0
0
0
1
0
0
1
0
0
0
0
1
1
0
1
0
0
0
0
0
0
1
1
0
0
1
0
0
0
1
0
0
0
0
0
0
0
1
0
0
0
0
0
0
1
0
0
0
0
0
0
1
0
0
0
0
1
0
0
1
0
0
0
0
0
1
0
0
0
0
0
0
0
0
0
0
1
0
0
0
0
0
0
0
1
0
0
1
0
0
0
0
0
0
0
0
0
