0
0
0
0
0
0
0
0
0
0
0
0
0
0
0
0
0
0
0
0
0
0
0
0
0
0
0
0
0
0
0
0
0
0
0
0
0
0
0
0
0
0
0
0
0
0
0
0
0
0
0
0
0
0
0
0
0
0
0
0
0
0
0
0
0
1
2
1
1
0
1
6
2
1
3
1
3
5
4
1
5
3
19
37
121
349
924
2221
4839
9362
16803
27535
40769
54986
66214
72790
73767
66425
55009
41110
28425
17413
9906
4968
2266
957
404
128
40
9
7
1
0
1
2
3
3
2
2
1
1
0
0
2
1
0
0
0
0
0
1
5
45
60
52
48
49
50
49
57
49
46
37
35
49
61
54
56
46
59
48
43
41
43
42
46
51
38
36
37
50
46
33
43
39
39
38
45
37
52
43
43
42
43
34
35
39
41
56
28
49
45
39
43
44
43
36
46
44
34
43
43
45
53
48
66
74
51
95
114
135
149
175
267
274
314
328
365
328
295
283
238
192
165
141
102
83
70
64
56
53
38
40
57
42
25
34
42
44
38
41
41
36
51
43
42
35
66
60
60
55
65
76
68
67
80
77
81
70
117
115
104
154
132
175
203
265
384
577
829
1382
2351
3598
5271
7421
10232
13110
15998
18593
20745
21133
20804
19741
17555
14909
11817
9171
6813
4920
3417
2493
1825
1324
1084
813
696
614
543
548
647
777
980
1254
1487
1927
2128
2269
2456
2349
2345
2100
1784
1488
1237
924
675
473
419
298
281
222
179
180
132
130
80
57
65
52
37
19
24
17
17
11
9
6
10
7
7
11
10
10
9
7
7
13
7
8
10
13
13
10
4
7
13
9
8
13
6
10
10
5
10
13
11
6
18
16
15
20
22
14
26
35
29
26
20
19
25
28
17
26
19
25
22
20
22
19
16
25
30
19
13
22
17
19
18
24
26
23
21
23
12
23
20
15
14
12
16
13
7
9
6
3
13
6
7
5
9
8
5
7
4
4
7
4
5
6
4
6
4
3
6
5
5
2
4
7
10
5
9
10
5
8
2
14
10
9
3
7
12
15
22
12
12
11
12
13
13
6
10
14
12
8
10
10
8
8
5
13
15
5
6
5
6
18
8
9
16
11
7
10
9
6
6
4
7
6
6
6
2
5
8
6
6
8
7
12
11
6
5
4
5
8
8
7
7
4
8
5
6
6
9
10
10
5
8
12
5
6
6
12
8
4
5
10
5
8
4
6
4
6
7
1
5
11
3
9
7
8
7
2
7
7
6
11
7
8
10
8
7
7
4
12
5
8
6
6
5
9
6
11
6
6
7
5
13
7
7
7
10
9
7
10
5
10
11
9
5
6
4
13
7
6
11
9
5
4
7
7
6
12
8
8
15
15
11
5
8
9
12
6
9
8
9
8
8
8
12
11
14
9
11
11
10
10
5
10
9
10
11
6
8
14
13
11
10
13
8
11
14
11
10
20
8
19
12
12
10
7
10
18
10
12
7
17
11
18
9
15
7
8
18
21
11
19
16
16
22
23
27
19
20
28
24
32
26
31
25
27
33
32
36
49
43
28
36
42
41
42
26
39
53
32
41
50
42
37
41
31
41
37
41
37
27
34
30
38
29
25
27
25
27
27
29
23
25
24
27
13
24
28
26
29
21
23
23
18
20
18
21
23
17
25
20
16
17
17
24
23
30
17
22
21
21
30
22
30
22
25
25
28
27
24
28
33
25
26
25
32
17
12
26
33
28
20
24
35
21
19
29
32
31
26
34
22
34
30
26
31
40
21
40
37
36
27
23
22
29
34
27
35
49
31
35
36
50
39
40
38
36
40
31
38
31
46
49
37
31
49
40
43
45
39
40
35
41
32
43
56
44
48
47
57
43
57
60
68
45
60
51
49
57
62
54
65
58
56
55
74
62
65
69
65
52
60
70
83
73
82
86
69
81
80
84
73
74
86
73
95
93
106
93
99
95
99
110
98
93
88
87
81
97
89
96
80
86
100
85
78
90
87
75
89
65
75
78
83
83
104
91
80
84
82
88
87
87
93
101
64
75
96
97
85
97
86
74
90
78
75
85
93
86
86
72
85
88
76
83
81
80
57
78
82
79
72
91
85
89
79
72
75
74
70
71
88
75
67
96
84
82
74
81
76
87
68
91
79
71
87
72
75
78
74
82
78
59
86
95
75
82
75
75
86
77
91
79
70
76
83
87
73
88
76
95
93
87
79
80
84
83
76
93
73
71
87
85
84
79
108
88
95
85
83
88
88
76
94
108
81
95
86
94
112
109
81
93
81
81
105
98
90
129
117
114
147
122
150
195
215
279
338
459
526
662
835
1038
1309
1721
1976
2444
2925
3366
3739
4222
4371
4865
5083
5337
5397
5297
5226
5057
4753
4456
3969
3567
3202
2690
2399
1831
1562
1268
1046
813
618
489
409
345
267
238
192
120
127
124
115
110
114
115
72
114
90
103
108
113
110
93
108
115
94
116
110
110
126
119
114
117
108
113
102
114
100
108
121
97
120
109
112
104
116
114
114
127
121
126
137
125
125
113
131
125
104
118
112
105
133
132
121
124
139
138
181
163
151
182
189
218
284
258
305
314
406
457
479
558
636
687
720
769
771
814
849
838
816
774
741
718
703
613
555
478
386
353
348
299
291
246
216
171
184
161
159
154
159
169
145
154
134
161
143
137
168
140
162
182
169
132
139
152
140
159
136
152
147
145
139
151
164
150
141
156
159
161
137
126
144
173
197
158
162
164
155
155
170
163
150
192
177
181
182
204
190
188
189
161
182
180
195
213
193
228
210
229
213
230
224
230
246
209
236
258
245
237
257
270
283
278
286
284
301
282
313
280
292
256
332
298
322
338
335
306
311
299
315
341
359
314
352
382
371
349
367
335
355
354
349
356
362
320
368
352
343
356
382
348
340
342
335
373
343
320
286
340
335
333
327
303
332
319
325
274
333
274
307
272
295
295
279
265
291
276
267
250
262
242
265
256
256
221
212
212
212
236
246
222
222
197
230
212
196
187
179
197
209
168
197
194
193
148
182
171
155
202
182
179
204
206
180
194
155
162
166
160
166
165
197
176
158
171
158
156
167
168
143
175
144
168
157
147
156
157
156
149
165
178
173
178
159
174
173
179
178
175
172
163
161
155
173
166
175
195
191
179
174
186
202
203
187
230
210
201
223
209
236
202
222
214
237
213
230
226
224
228
226
216
217
218
189
261
223
252
222
200
202
217
196
181
207
191
221
219
190
217
174
223
207
205
190
194
213
202
183
178
191
178
219
166
185
186
166
212
165
184
198
198
189
180
165
198
170
179
185
172
191
173
160
156
177
163
171
180
163
175
179
174
178
179
212
168
173
193
201
181
182
199
157
176
190
188
172
202
205
171
185
176
170
184
199
167
168
211
167
199
180
190
191
187
187
187
171
197
169
160
191
198
171
207
178
183
174
172
197
193
189
217
181
209
196
197
178
166
193
167
189
193
189
199
199
211
191
184
188
206
173
224
230
175
198
202
231
209
187
190
199
187
191
194
186
237
193
201
172
212
220
227
198
211
184
197
231
208
242
196
222
213
193
205
199
191
224
250
221
193
221
219
211
227
253
221
209
235
213
219
229
197
231
209
220
249
233
233
230
250
234
244
257
203
224
241
238
244
215
255
230
248
233
244
268
246
243
238
261
279
231
230
247
244
239
237
265
269
221
235
236
219
229
211
278
226
218
260
220
247
237
231
230
241
218
236
228
227
201
215
220
233
252
229
213
221
231
211
227
245
203
214
211
204
211
196
220
211
213
226
223
222
220
198
190
225
215
218
259
227
231
216
198
197
228
193
202
191
216
252
227
225
226
197
232
185
205
216
223
207
219
224
199
195
203
202
188
191
198
212
205
203
193
179
198
228
191
196
217
212
196
201
186
196
201
199
205
201
218
196
206
206
234
190
202
203
184
203
208
180
183
186
194
212
207
195
221
212
209
230
190
192
243
210
207
179
229
216
207
186
197
182
187
206
216
202
208
182
200
213
169
210
193
193
213
195
193
211
219
191
222
209
217
191
199
212
175
191
205
191
201
215
211
176
214
194
176
198
208
220
207
202
186
194
210
198
191
194
184
227
191
204
184
194
198
189
187
193
191
199
213
210
164
219
197
210
202
227
185
193
194
198
210
212
174
174
209
180
178
218
211
207
186
211
182
184
203
216
216
184
206
204
188
176
214
193
195
214
211
227
202
201
209
212
194
231
175
213
225
219
240
210
215
197
203
221
215
216
216
187
205
204
211
224
208
198
228
225
231
204
197
211
228
234
180
240
229
221
236
258
242
198
224
201
224
274
249
276
234
227
263
255
235
276
261
272
253
241
265
255
274
251
244
270
249
263
281
282
295
248
232
292
293
252
300
293
290
293
335
324
331
300
323
297
305
318
317
343
324
336
376
411
353
323
371
338
401
370
420
396
366
426
450
426
433
482
446
467
476
478
504
502
504
555
499
613
584
621
587
656
683
722
679
720
733
706
790
824
800
884
942
900
932
949
996
910
1011
1067
1049
1069
1074
1156
1168
1134
1174
1147
1164
1183
1156
1226
1193
1225
1233
1193
1212
1291
1193
1223
1185
1126
1161
1169
1084
1134
1118
1107
1052
986
1057
962
933
893
933
911
868
867
808
821
788
764
731
711
663
623
625
561
596
558
539
546
551
462
493
482
461
425
406
413
401
403
377
383
335
333
383
357
351
309
319
327
283
299
295
275
280
275
317
292
278
261
246
236
259
251
232
265
233
220
227
191
235
235
206
217
221
199
179
231
204
196
184
199
196
196
202
192
188
201
193
185
189
184
196
222
209
233
224
220
268
249
252
254
299
277
295
281
273
324
370
347
356
363
424
394
364
357
389
408
377
412
411
387
382
398
412
354
380
312
339
325
319
320
281
274
262
223
211
205
228
184
192
155
154
152
159
132
145
129
126
146
151
140
141
122
134
119
131
126
128
111
145
147
126
132
148
144
171
143
126
155
166
133
144
151
150
153
147
165
151
150
165
163
165
182
150
190
166
199
181
160
167
180
179
175
213
218
195
194
207
229
188
225
192
226
241
241
241
220
209
243
210
246
213
224
224
215
220
214
249
219
198
234
230
196
186
223
199
202
240
225
196
207
187
197
178
204
177
176
167
199
155
176
167
153
154
168
146
165
145
145
139
134
116
128
139
122
124
118
151
121
103
133
121
115
108
101
108
102
99
109
90
108
96
105
110
78
91
92
90
78
72
89
72
73
59
102
102
84
75
72
88
92
77
79
78
68
66
76
69
60
67
70
83
61
64
75
59
71
69
59
74
63
66
53
58
69
48
63
48
63
59
52
64
46
54
56
61
57
50
48
51
48
47
43
48
60
49
51
44
52
39
59
43
40
55
45
46
46
36
37
50
56
34
36
58
50
57
58
46
45
55
57
56
73
62
67
69
84
72
63
65
64
63
68
60
63
79
65
65
63
75
71
48
56
53
47
52
40
46
55
51
47
45
41
38
43
40
39
43
35
37
45
36
41
46
34
38
32
41
37
41
40
37
49
49
54
38
34
41
41
43
40
33
46
31
47
39
29
36
40
34
27
24
32
37
37
29
34
33
28
35
26
33
24
25
35
25
42
36
24
41
42
30
31
32
42
21
30
28
28
27
31
38
33
23
33
28
32
27
38
26
33
29
30
37
19
22
29
28
35
30
26
29
31
19
29
23
32
28
32
23
22
23
24
23
22
29
28
28
34
19
27
29
18
26
36
18
23
30
24
27
27
30
21
37
29
21
17
27
27
25
25
22
28
26
18
25
24
28
22
26
25
34
27
27
22
34
23
17
22
19
21
22
24
19
21
37
21
15
29
24
16
23
20
30
33
25
25
19
35
29
21
28
22
17
24
23
25
21
25
22
31
31
26
24
25
21
23
32
18
16
19
18
17
22
23
19
23
21
28
15
25
22
21
16
20
23
27
17
20
22
28
26
21
21
25
30
21
24
22
17
24
23
21
17
25
21
20
26
24
22
20
17
19
19
18
23
22
12
17
16
15
24
17
23
17
23
18
17
16
21
24
31
14
18
21
18
12
22
20
16
16
14
25
19
21
18
9
20
17
25
17
15
19
16
16
14
22
21
16
14
19
25
24
24
20
21
23
14
21
16
15
24
16
9
18
17
15
18
19
11
17
9
13
15
19
15
17
20
14
19
19
14
15
20
17
20
9
13
10
18
14
20
14
25
22
15
17
14
6
13
17
19
19
19
18
14
12
16
16
15
18
11
14
13
14
15
17
21
17
11
21
13
7
12
12
18
13
13
8
16
6
11
15
9
11
11
8
16
17
16
17
18
13
8
12
12
10
10
10
12
11
8
16
14
17
11
4
20
11
19
8
16
14
16
5
12
15
14
6
13
9
14
11
9
13
10
16
14
11
13
18
15
10
9
13
9
9
10
14
8
9
9
21
8
7
9
13
11
12
14
8
4
9
16
16
7
11
10
8
11
13
6
9
5
12
7
13
13
11
14
6
4
13
17
14
9
6
8
13
14
11
9
10
8
10
9
9
6
5
14
4
13
10
12
11
9
7
4
8
11
10
6
11
10
9
4
9
3
8
11
7
14
10
12
3
3
5
10
13
10
13
10
10
8
7
10
12
18
6
7
6
16
9
9
14
11
4
7
9
9
3
7
11
6
8
7
3
8
11
8
8
13
10
8
10
5
6
10
9
9
8
8
4
7
6
4
11
6
8
6
7
7
4
9
6
8
5
7
11
5
5
5
10
3
6
7
7
3
8
5
5
7
2
7
4
4
5
5
8
8
6
6
9
7
9
7
6
11
3
14
6
9
13
9
8
6
6
8
9
7
6
6
3
8
4
4
5
6
6
8
9
8
4
13
5
4
7
3
7
8
10
11
4
9
8
9
9
13
13
6
6
4
4
9
7
3
7
5
4
6
7
4
8
7
2
6
3
4
6
2
6
5
9
5
2
6
7
4
4
10
5
5
3
7
8
2
4
5
2
8
5
9
5
7
8
6
6
8
10
4
6
4
8
5
7
6
2
8
13
7
6
4
5
4
0
7
10
6
2
8
2
7
5
5
3
6
2
3
4
8
5
8
4
5
7
4
7
3
7
4
3
4
1
3
3
5
5
7
2
4
11
7
3
9
3
3
4
1
4
6
3
7
4
3
3
8
5
4
1
4
3
3
6
2
7
2
4
5
2
3
4
2
3
7
8
4
2
8
4
4
5
2
4
0
6
0
6
6
7
7
7
7
8
6
2
3
3
3
2
2
7
4
2
4
3
2
1
2
6
3
4
6
7
2
6
5
4
6
2
2
2
5
4
5
2
3
6
4
2
9
4
7
5
6
1
6
2
3
0
2
2
4
2
3
3
2
4
0
4
3
6
3
1
5
7
3
2
3
6
3
2
3
4
4
1
3
2
3
1
8
3
2
4
1
4
3
2
4
2
5
7
4
1
4
4
4
4
1
3
0
4
5
2
1
5
1
2
3
3
3
5
2
2
3
7
5
2
5
2
1
3
1
2
3
2
3
2
3
2
1
2
4
5
4
4
6
1
3
0
1
3
3
0
1
1
2
1
4
2
2
3
7
3
2
2
2
5
4
4
3
3
1
3
2
0
3
1
4
1
3
1
1
2
2
3
1
2
2
2
4
1
0
3
3
4
0
1
1
2
3
2
2
2
2
3
1
2
3
2
1
0
1
3
2
2
4
2
2
1
1
2
3
1
3
1
2
0
6
1
2
1
1
1
1
3
3
0
2
5
2
2
0
2
2
1
1
6
3
1
1
1
2
0
3
2
0
3
2
0
2
5
1
0
1
1
1
1
2
3
5
2
1
1
0
2
0
3
3
1
2
1
1
0
3
0
0
2
1
2
1
3
3
2
3
0
3
1
3
2
1
2
1
2
1
1
4
1
0
1
2
2
3
0
5
5
1
0
1
4
1
1
1
0
2
1
1
3
1
1
2
1
0
2
1
1
1
0
2
5
1
3
0
1
3
0
0
1
2
2
2
0
2
0
0
0
0
0
1
3
1
2
1
2
0
0
1
1
1
0
0
1
1
2
1
1
2
2
2
3
0
0
0
1
0
1
0
1
0
1
0
2
1
0
0
1
4
1
0
0
1
1
1
0
1
5
1
0
0
1
0
2
1
2
0
0
1
0
2
0
1
1
1
0
1
1
2
1
3
0
0
0
1
0
0
0
1
0
2
1
0
0
1
0
2
1
0
1
0
1
0
1
2
1
1
1
1
1
0
0
2
1
1
1
2
1
1
1
0
1
1
1
1
0
0
1
0
1
0
1
2
1
1
0
1
0
1
1
1
0
3
0
0
3
0
0
1
0
1
3
0
0
2
1
1
1
1
2
4
1
1
0
2
1
1
2
0
0
0
0
1
0
0
0
0
1
1
1
2
0
1
1
1
0
1
1
0
0
0
2
2
0
0
0
1
0
0
0
1
1
0
0
0
0
1
1
3
0
3
0
0
1
0
0
0
0
0
0
0
0
1
1
1
0
0
2
0
0
0
1
0
0
2
0
0
0
0
1
1
0
0
0
1
0
0
0
1
0
0
0
1
0
0
0
2
0
0
1
0
0
0
0
2
2
0
2
1
0
0
0
1
2
0
0
0
0
0
0
0
0
0
1
1
4
0
0
1
1
1
0
1
0
1
0
0
0
0
0
0
0
0
2
0
0
1
1
1
0
0
0
0
1
1
2
0
0
0
0
0
0
0
1
0
1
1
1
0
0
0
1
0
1
1
0
0
0
0
1
0
0
1
0
0
3
1
2
1
0
1
3
0
0
0
1
0
0
1
0
0
0
0
0
0
0
0
1
0
1
0
0
0
1
0
0
1
0
0
1
0
0
0
1
0
0
1
1
0
0
0
0
0
0
0
0
1
0
0
0
1
1
0
0
0
0
0
0
0
1
0
0
0
0
0
0
0
0
0
0
0
0
0
0
0
0
0
0
0
0
0
0
0
0
0
0
0
0
0
0
0
0
0
0
0
0
1
0
0
1
1
1
0
0
1
0
0
0
0
0
0
0
0
0
0
0
0
0
0
1
0
0
0
1
1
0
0
0
0
0
0
0
0
0
0
0
0
1
1
0
0
0
0
0
0
0
0
0
0
2
0
0
0
0
0
0
0
0
0
0
0
0
1
0
0
1
0
0
0
0
0
0
2
0
0
0
1
0
0
0
0
0
0
1
0
0
0
0
0
0
0
0
0
1
0
0
0
0
0
0
1
0
0
0
0
0
1
0
0
0
0
0
0
0
0
0
0
0
1
0
0
0
0
0
0
0
0
0
0
0
0
0
0
0
0
0
0
0
0
0
0
0
0
0
