0
0
0
0
0
0
0
0
0
0
0
0
0
0
0
0
0
0
0
0
0
0
0
0
0
0
0
0
0
0
0
0
0
0
0
0
0
0
0
0
0
0
0
0
0
0
0
0
0
0
0
0
0
0
0
0
0
0
0
0
0
0
0
0
1
2
2
0
1
3
2
2
2
4
1
0
0
3
2
2
5
2
18
36
114
324
872
2194
4863
9487
16948
27603
41295
54482
66551
73254
73317
66207
54958
41303
28006
17539
9653
5085
2357
964
374
132
56
12
4
3
3
2
2
0
0
0
3
0
0
2
2
0
1
0
0
1
0
0
0
7
54
54
42
46
61
30
57
57
52
38
50
55
48
48
55
38
51
40
56
37
48
39
50
37
47
32
40
42
32
31
41
36
28
48
39
46
53
35
41
45
35
42
38
46
42
39
51
30
45
38
36
32
37
35
38
52
61
39
55
55
51
43
58
61
65
68
73
89
109
161
197
236
231
288
313
338
323
316
267
226
173
164
113
102
92
69
54
44
51
48
34
53
36
36
37
45
25
47
35
40
41
52
58
41
40
51
57
59
50
60
58
64
67
66
74
86
114
104
119
119
132
140
148
214
258
407
596
887
1368
2209
3456
5253
7626
10462
13339
16080
18829
20581
21664
21100
19832
17546
14872
11898
9313
6789
5100
3537
2559
1902
1416
1001
871
667
575
582
567
617
730
984
1272
1537
1863
2213
2293
2391
2435
2239
2048
1838
1517
1225
923
675
511
386
291
260
226
189
138
148
120
93
79
65
44
39
17
19
22
13
16
8
12
11
11
5
4
5
3
7
12
9
5
12
7
7
11
7
12
13
9
8
5
11
9
13
7
7
6
9
18
9
9
10
17
14
22
32
29
20
27
25
26
24
26
18
27
25
23
20
29
22
22
17
27
22
28
22
16
19
19
21
19
25
16
14
30
18
22
21
15
12
15
17
17
11
9
9
8
6
7
5
6
13
5
4
8
7
8
7
5
3
10
9
10
6
9
7
5
9
5
13
7
4
3
4
6
6
4
7
9
6
9
16
7
10
16
15
17
11
16
11
10
14
20
15
10
13
11
7
8
10
9
7
9
8
9
9
11
18
15
11
11
9
15
14
12
11
7
8
5
8
4
7
6
8
12
6
8
6
8
4
4
8
5
4
8
5
7
6
3
10
11
6
2
6
12
8
5
7
7
5
9
7
9
5
5
4
9
5
7
9
8
4
3
7
6
14
5
7
8
5
5
7
9
5
6
2
6
4
10
10
5
10
3
7
8
6
6
11
9
6
11
10
6
8
6
6
6
9
11
6
5
10
8
8
10
7
4
8
1
10
6
8
10
9
8
10
6
14
4
12
11
11
6
11
13
7
9
9
12
15
12
1
11
7
10
6
9
11
6
6
7
11
6
5
14
7
5
5
11
12
11
8
18
7
14
10
8
16
8
10
4
6
11
12
7
20
11
12
8
11
8
12
9
10
11
12
9
12
15
10
8
10
13
13
15
18
15
18
18
28
20
20
23
16
22
24
23
21
26
24
34
28
23
32
34
34
42
44
37
44
26
42
44
49
43
36
36
36
44
48
34
33
44
51
41
34
33
33
44
27
32
28
32
29
37
24
32
39
25
27
20
36
28
15
19
20
21
18
20
31
23
15
20
25
34
24
32
22
15
17
20
19
22
19
18
18
23
15
19
28
10
35
22
21
22
26
11
28
25
28
23
27
19
30
24
29
18
29
22
25
19
29
27
30
22
24
28
24
20
19
36
27
23
30
37
32
30
39
24
47
32
31
47
32
26
27
34
46
37
42
27
29
41
35
37
50
32
38
29
37
35
40
47
31
42
39
41
39
35
43
46
46
56
44
49
45
52
47
44
35
51
47
54
61
50
37
52
64
60
62
53
47
63
72
63
59
77
60
67
54
70
59
56
58
74
61
72
60
77
76
83
85
87
95
81
114
93
105
90
93
109
89
80
83
90
86
113
102
95
81
96
95
96
79
70
78
78
76
85
80
81
90
72
98
97
84
80
89
77
87
69
91
66
73
70
74
84
94
73
79
92
91
98
86
72
82
72
81
75
69
78
67
81
90
86
66
84
78
91
83
84
86
89
65
70
67
77
84
70
64
88
95
92
81
95
69
70
83
73
73
65
95
56
108
77
70
80
79
75
79
79
71
68
83
78
77
81
67
70
72
73
86
70
79
77
73
68
67
73
76
88
79
90
89
91
97
78
77
90
80
70
65
67
79
94
78
81
97
102
91
82
86
86
78
77
89
87
116
104
113
87
80
105
88
83
104
116
93
100
131
127
125
145
147
205
239
331
399
499
666
859
1058
1371
1741
1970
2494
2831
3328
3727
4090
4582
4942
5154
5299
5333
5562
5233
5047
4765
4396
4081
3565
3176
2746
2284
1930
1577
1267
1045
847
669
459
411
326
272
203
166
151
131
130
139
107
110
111
107
107
95
115
89
103
91
117
112
102
106
112
93
110
122
106
109
92
104
108
106
107
101
116
116
111
122
104
100
94
103
105
111
115
126
114
120
134
123
126
120
119
123
145
129
138
120
126
142
136
136
137
170
153
171
155
187
196
272
305
309
346
388
457
504
579
614
611
686
749
758
791
847
816
806
769
712
750
619
599
553
478
431
347
355
318
296
262
206
204
176
171
161
145
128
140
142
151
132
141
145
128
124
132
137
147
130
139
137
162
125
145
156
161
158
148
152
150
136
131
158
160
157
138
143
178
155
164
151
173
154
178
179
200
170
190
179
168
198
174
176
192
191
211
203
188
191
209
202
218
223
217
218
204
238
226
250
236
248
226
241
241
260
241
271
264
245
269
262
296
287
290
300
292
287
296
289
306
300
358
323
347
352
320
346
315
342
335
329
340
360
348
388
346
378
382
364
358
371
344
393
341
341
380
363
314
375
362
339
328
315
352
347
323
337
328
326
309
342
316
347
329
321
304
284
312
283
279
248
278
270
251
283
278
269
228
259
265
257
261
204
239
204
224
227
221
196
224
182
184
205
210
195
207
171
201
213
176
194
181
158
175
172
191
188
184
178
189
174
170
160
169
166
176
176
153
166
192
179
171
151
161
158
165
184
163
162
182
172
164
175
167
167
167
160
142
173
156
154
190
174
148
163
190
167
200
171
171
185
181
182
188
197
194
212
187
196
220
207
191
205
216
226
202
204
201
247
219
203
212
226
216
218
222
213
223
219
212
230
229
190
219
208
225
219
194
216
215
205
230
213
224
220
202
169
189
201
172
201
205
201
189
169
183
185
183
190
193
192
201
186
176
184
182
190
186
186
177
190
165
192
188
177
177
203
198
180
167
161
163
157
176
191
187
171
175
181
165
187
181
170
162
179
161
174
161
169
167
173
204
197
172
186
190
171
195
190
193
187
187
197
186
170
185
182
175
187
179
195
213
194
204
193
182
173
195
175
197
184
177
187
190
173
187
189
180
226
179
202
169
187
194
190
178
212
187
199
175
186
200
184
202
201
208
211
195
197
218
208
205
209
187
189
197
198
196
191
191
195
217
184
181
183
181
209
201
217
208
222
201
210
193
203
212
196
205
198
209
200
211
217
239
214
230
165
212
224
201
203
186
217
218
227
220
236
206
213
216
237
227
199
253
218
234
224
256
267
232
224
240
235
239
255
244
242
253
255
250
252
243
220
245
253
217
257
258
216
269
246
247
237
224
240
255
226
247
233
251
221
262
241
249
236
230
225
226
242
241
244
254
219
249
229
208
251
239
244
238
211
234
234
196
218
222
215
239
235
218
235
235
222
219
232
214
235
210
201
209
201
240
228
237
247
208
214
196
188
196
216
183
233
207
200
204
248
221
190
208
200
204
225
218
192
184
229
202
178
199
210
183
205
196
212
199
180
202
188
204
194
174
214
183
216
202
188
189
197
194
190
188
175
226
212
189
191
204
200
194
198
185
199
232
198
176
211
190
223
176
171
178
198
209
208
213
226
202
211
197
202
207
193
193
169
217
188
202
214
185
210
226
195
217
176
203
215
206
192
212
185
202
225
232
185
181
203
180
188
203
191
182
183
202
182
177
190
212
204
187
178
219
194
198
209
196
218
210
189
181
239
190
199
199
188
172
188
185
199
177
193
205
181
203
213
194
187
176
184
181
188
184
187
203
183
216
184
191
205
199
167
208
212
195
205
195
217
188
193
191
205
189
202
190
212
204
202
171
176
220
197
224
191
190
215
196
212
218
197
191
213
199
198
226
205
216
211
213
192
208
205
207
213
218
180
227
228
230
207
207
210
214
208
232
223
203
230
203
205
215
228
207
220
230
215
229
231
244
243
235
221
245
236
238
216
235
234
214
226
247
244
238
275
267
289
252
258
281
280
289
265
285
248
248
262
258
268
298
272
310
263
297
287
289
294
268
297
320
324
324
308
319
323
326
323
316
359
365
367
361
335
381
358
372
404
409
418
408
399
395
435
417
446
443
477
490
449
506
513
553
510
609
609
563
631
657
629
667
699
743
760
781
835
805
846
790
892
862
960
879
1003
1032
950
1062
1059
1174
1080
1117
1080
1110
1170
1185
1157
1190
1167
1155
1210
1172
1229
1192
1227
1239
1246
1214
1153
1163
1112
1137
1091
1108
1130
1047
1077
1068
1009
1045
968
921
949
944
842
828
809
767
770
758
723
670
667
624
659
620
554
556
536
542
518
483
439
438
455
460
394
417
403
376
385
371
330
367
346
333
317
307
300
276
301
333
290
282
299
283
264
266
249
262
244
264
255
253
251
206
227
177
213
227
198
224
216
220
236
234
203
199
226
190
181
195
208
186
172
212
177
179
192
162
203
221
205
212
219
205
251
215
247
227
259
235
249
275
283
288
353
323
319
373
353
346
358
372
387
379
391
408
413
417
410
395
377
372
385
372
376
321
325
343
303
265
269
264
241
251
247
207
196
180
176
161
174
182
146
146
142
124
136
134
127
126
127
130
135
130
123
123
139
119
136
140
127
138
115
123
130
142
145
159
137
153
133
132
153
148
155
136
160
166
161
147
200
149
182
153
194
163
142
181
211
186
194
236
178
226
210
211
173
214
221
216
209
221
215
227
215
194
232
214
203
214
237
235
221
239
220
227
256
211
221
214
209
203
222
223
190
194
196
193
175
217
191
194
176
188
184
174
185
163
156
165
183
155
152
163
158
149
134
150
143
136
103
146
121
152
141
121
118
124
132
100
103
119
105
114
105
103
88
96
90
83
95
82
85
83
80
85
83
82
82
78
86
62
85
81
65
72
88
80
70
85
85
70
81
57
79
65
87
59
59
61
76
64
52
61
63
69
64
64
60
68
61
47
81
49
63
63
50
45
63
50
58
54
72
50
47
41
43
60
49
45
47
50
48
44
51
64
56
58
41
48
56
44
45
47
41
46
42
36
51
60
54
36
60
67
45
44
53
51
59
57
61
62
66
64
80
61
73
68
64
67
55
63
73
68
70
71
70
56
89
53
55
64
50
45
61
42
40
52
41
30
42
46
42
41
43
35
25
37
60
43
36
48
32
35
35
30
38
35
37
33
40
42
40
44
31
39
42
40
39
37
40
34
41
39
34
39
30
33
37
31
37
24
40
34
30
36
32
37
24
34
34
39
29
31
27
29
40
39
36
19
35
28
34
32
30
40
45
29
25
26
36
30
32
29
31
29
34
15
31
26
20
24
35
17
26
33
34
39
25
31
28
25
24
30
23
30
23
29
28
35
33
20
31
31
26
28
36
26
25
28
27
28
25
24
24
22
23
24
22
16
30
20
21
22
21
28
30
29
28
26
30
25
30
28
18
23
20
28
23
18
27
17
19
32
14
21
23
34
30
22
28
18
26
23
31
25
20
22
27
26
33
33
26
27
29
30
20
31
21
21
28
27
35
28
22
19
15
25
30
21
32
29
23
21
18
23
18
33
21
22
23
19
18
29
20
20
24
17
12
15
27
20
22
22
20
21
17
23
18
16
13
22
20
20
15
20
24
28
18
25
21
19
18
17
17
27
17
8
15
26
17
11
25
18
19
25
16
21
15
21
16
27
17
19
22
13
19
20
26
14
20
21
26
25
13
14
23
18
20
18
20
21
14
18
15
21
12
17
16
15
24
15
11
21
21
19
25
14
15
22
23
18
23
14
18
26
19
18
21
18
19
20
15
13
20
11
21
17
16
12
10
10
13
8
18
20
16
11
15
8
14
8
17
17
13
17
21
21
17
16
21
18
15
10
13
17
11
18
8
20
15
24
15
9
14
14
10
10
11
12
16
11
20
12
17
18
14
18
21
16
11
14
11
20
11
15
14
12
11
13
13
15
18
13
11
9
18
14
17
8
12
15
11
15
14
16
12
16
8
15
12
16
16
13
9
13
10
11
14
11
11
9
10
13
10
11
19
13
9
19
6
14
16
9
19
12
9
10
16
11
14
9
8
10
18
15
13
16
11
13
12
6
14
16
10
15
7
14
18
24
13
10
8
11
11
4
13
14
11
10
6
8
12
13
13
15
5
7
11
11
12
17
6
7
9
12
12
12
10
15
8
13
9
6
10
12
12
13
12
8
12
11
9
17
15
7
10
8
14
8
7
7
11
8
7
6
10
12
7
10
9
15
16
10
11
9
7
7
12
11
13
7
11
7
9
6
9
12
8
9
6
11
8
8
12
8
8
9
11
7
7
9
11
9
9
8
2
7
8
13
10
10
11
7
9
6
5
11
1
5
8
3
7
12
9
5
7
3
2
8
8
17
5
7
5
12
7
8
10
6
12
18
6
9
6
11
5
6
4
7
8
9
12
5
7
11
13
11
7
8
7
9
7
13
8
9
5
5
10
6
8
8
7
11
5
9
7
8
5
14
6
6
10
3
8
6
8
13
12
7
6
10
5
10
5
7
10
10
9
5
2
2
3
7
5
13
7
4
5
8
2
6
4
6
5
6
8
10
4
8
12
8
8
7
8
8
10
4
4
12
7
8
9
5
3
8
6
9
7
9
6
6
7
7
5
5
5
2
7
3
7
8
6
2
6
7
7
7
5
2
3
5
5
2
13
9
4
13
7
2
3
8
4
4
6
5
4
8
7
5
11
3
4
6
6
6
7
6
6
3
5
8
6
7
5
2
4
3
4
9
6
5
5
5
6
5
3
7
8
10
5
2
3
4
4
8
4
4
5
6
5
3
6
3
1
6
3
1
4
6
4
5
5
2
2
2
5
5
5
7
3
11
3
3
4
3
2
2
6
5
5
3
7
6
6
3
7
8
5
1
4
8
2
5
3
7
3
0
7
6
5
4
2
3
3
4
4
3
2
4
4
3
6
3
3
3
4
4
3
3
3
4
4
3
4
2
0
5
2
3
5
0
1
4
7
6
4
6
4
1
2
6
4
4
5
5
2
1
5
8
5
1
4
3
5
3
2
0
5
2
2
5
3
3
3
4
5
2
4
4
5
3
1
3
1
2
6
5
7
6
3
5
3
1
2
2
4
2
2
2
3
4
2
2
2
1
3
3
1
6
3
4
3
2
3
1
4
2
2
2
0
3
3
2
2
1
0
1
5
3
2
0
4
4
1
8
3
3
3
4
3
4
3
2
3
1
2
0
0
4
5
4
1
4
0
1
3
4
2
2
0
4
2
2
6
1
2
4
4
4
5
1
2
5
3
4
1
3
1
2
3
1
2
4
2
1
1
5
2
0
5
1
0
2
2
2
0
1
1
1
3
2
2
3
4
3
2
1
3
1
2
1
1
4
1
3
3
0
1
2
5
1
0
0
3
2
2
1
2
3
2
0
4
1
5
0
3
1
1
1
5
4
3
0
2
1
2
1
2
4
1
0
2
3
3
2
3
6
2
1
2
0
2
3
1
0
2
3
1
0
2
2
2
4
2
4
2
2
1
2
0
1
0
4
5
2
2
2
0
0
3
0
2
3
0
2
5
1
0
3
3
1
0
0
4
2
1
0
1
2
3
1
0
1
1
0
3
0
2
2
1
1
0
1
0
0
2
0
0
1
3
0
0
0
0
1
1
0
0
2
0
1
0
1
1
1
4
0
0
0
1
2
0
4
3
2
2
2
3
3
0
2
0
2
2
1
2
2
0
0
0
0
4
0
1
2
2
0
0
1
0
0
1
3
1
1
2
2
1
1
0
3
1
1
1
2
0
0
0
2
2
1
2
1
3
0
0
1
1
3
3
0
1
3
3
0
0
0
2
0
1
1
3
2
1
0
0
1
3
0
2
1
0
4
0
0
1
3
1
2
1
0
0
0
1
1
1
0
1
0
0
0
2
1
1
1
2
2
0
1
2
0
0
0
0
1
0
2
1
0
1
2
0
2
1
0
1
1
0
1
1
0
1
0
0
1
2
1
0
0
0
1
0
1
0
0
2
2
0
1
1
1
2
0
1
0
2
0
2
1
0
0
0
1
0
0
1
0
0
2
1
1
1
0
2
1
0
2
0
1
1
1
0
1
0
0
0
2
2
0
0
1
2
0
0
0
1
0
0
0
1
1
0
2
0
0
0
0
2
2
0
2
0
0
0
1
0
0
1
0
0
0
0
0
0
0
0
0
0
0
1
0
0
1
0
0
1
0
1
0
0
0
0
0
0
0
0
2
1
0
0
0
0
0
0
0
0
1
0
0
0
0
0
2
0
0
0
0
3
1
1
0
1
0
1
1
0
1
0
1
2
0
1
2
0
0
1
2
1
0
0
0
0
2
2
0
1
0
1
0
0
0
0
2
0
1
2
1
1
0
2
0
0
1
1
0
2
0
1
0
0
1
0
0
0
0
0
0
0
0
0
0
0
1
1
0
1
0
0
1
0
0
0
0
1
3
1
0
0
0
1
0
0
1
1
1
1
1
2
0
0
2
1
1
0
0
0
0
1
0
0
0
0
1
1
1
0
0
0
1
1
0
0
0
0
0
0
1
0
0
1
0
0
0
0
0
0
0
0
0
0
1
0
0
0
0
0
0
1
0
1
2
0
1
0
0
0
1
0
1
0
0
0
0
0
1
0
1
0
0
0
0
0
1
0
0
0
2
0
0
0
0
0
0
0
1
0
0
1
1
0
0
0
0
0
0
0
0
0
1
0
0
1
0
0
0
0
0
3
0
0
0
0
0
1
0
1
0
0
1
1
0
0
0
0
1
0
0
0
0
0
0
0
0
0
0
0
0
1
0
1
0
0
0
0
1
0
0
0
0
0
0
0
1
0
0
1
0
0
0
0
0
0
0
0
0
0
0
0
2
0
0
0
0
1
0
0
1
0
0
0
0
0
1
0
0
0
0
0
0
1
0
0
0
0
1
0
0
0
0
0
0
0
0
0
0
1
0
1
0
1
0
0
0
0
0
0
0
0
0
