0
0
0
0
0
0
0
0
0
0
0
0
0
0
0
0
0
0
0
0
0
0
0
0
0
0
0
0
0
0
0
0
0
0
0
0
0
0
0
0
0
0
0
0
0
0
0
0
0
0
0
0
0
0
0
0
0
0
0
0
0
0
0
0
0
0
0
0
0
1
0
0
2
1
1
2
1
4
2
5
3
4
10
35
142
379
955
2284
4857
9539
17256
27635
40738
54735
66128
73103
72689
66471
54948
41437
28190
17479
9630
5007
2366
951
408
130
45
23
8
2
1
5
2
3
1
3
0
0
0
0
0
2
1
0
0
0
0
0
0
2
61
39
49
49
58
47
45
61
49
36
64
50
38
47
40
37
35
33
50
32
40
46
38
28
42
45
41
34
36
45
37
40
35
32
39
44
44
32
40
34
40
45
47
44
38
46
33
44
41
36
49
43
44
34
36
45
47
34
45
48
46
60
47
60
55
54
73
98
104
137
195
221
253
304
352
361
343
319
279
233
192
166
140
105
76
70
57
61
49
49
48
36
45
34
40
35
34
40
41
43
53
36
53
38
43
39
49
61
71
73
69
86
53
79
97
80
78
99
100
96
123
94
130
165
179
280
427
768
1270
2167
3276
5092
7137
9880
12601
15513
18026
19822
20311
20132
18832
16743
13976
11375
8747
6415
4702
3437
2422
1691
1346
917
696
560
472
391
442
541
697
922
1128
1465
1736
2167
2304
2423
2431
2281
2147
1869
1543
1203
939
691
521
381
302
261
202
204
174
141
126
124
82
59
45
41
29
15
13
6
11
14
4
15
14
9
14
4
11
12
16
2
10
11
11
5
8
13
4
8
10
13
12
13
13
6
7
7
6
11
6
4
13
7
10
12
22
13
23
22
33
34
20
25
22
24
18
22
15
21
18
22
26
20
16
20
18
27
22
16
22
24
21
26
28
21
22
24
18
16
15
21
15
12
9
12
9
8
8
11
8
12
6
8
8
6
11
4
8
7
4
9
7
9
4
3
2
1
9
7
10
4
5
4
4
9
5
7
8
10
7
8
11
11
10
16
13
14
12
13
14
12
14
14
16
11
21
9
13
9
9
10
8
8
2
11
6
10
11
6
8
10
18
16
15
17
8
14
14
15
11
5
10
11
9
5
6
11
2
6
8
13
5
9
3
3
2
4
3
4
6
6
8
8
10
6
7
5
9
5
8
8
7
14
7
7
10
1
7
7
11
5
11
5
6
6
5
6
13
7
6
7
7
4
8
7
7
6
5
6
6
10
4
7
10
5
2
6
7
9
10
4
7
10
7
13
7
11
13
3
5
4
7
2
4
9
8
2
6
5
10
8
8
7
6
9
7
12
9
8
6
1
8
12
6
4
5
5
10
8
13
7
6
6
8
10
8
14
11
15
6
10
5
7
10
7
6
7
10
13
7
6
8
11
11
13
7
7
11
8
11
9
11
11
12
13
6
7
11
4
8
9
11
11
12
13
10
15
12
9
11
9
8
7
10
14
10
14
12
15
11
9
13
13
18
14
17
17
12
15
23
27
19
21
22
19
22
18
20
19
12
22
24
14
15
18
19
22
18
20
16
24
23
25
23
20
14
13
19
22
15
16
14
17
14
20
13
17
23
10
17
11
25
17
13
18
18
9
14
24
13
18
14
17
14
18
18
17
21
16
13
21
20
27
18
22
19
22
26
29
18
31
26
20
31
23
23
24
20
23
28
24
23
26
23
23
32
30
24
24
31
29
16
31
23
33
34
27
22
30
37
28
34
32
38
28
36
31
43
47
30
30
37
37
31
28
34
40
27
43
46
40
43
37
41
34
31
43
44
31
37
43
42
51
47
31
52
49
40
44
56
45
43
50
43
60
47
48
43
60
58
59
54
57
53
42
56
56
63
41
69
68
66
74
62
70
59
60
57
56
71
67
58
63
58
66
71
82
76
83
71
98
73
77
81
88
99
106
98
98
118
96
113
94
88
94
89
77
88
97
78
84
63
90
71
79
80
88
72
79
69
77
83
69
88
76
79
78
69
75
66
71
70
62
64
74
70
64
73
85
53
79
67
81
74
70
68
79
77
77
72
67
67
83
75
86
74
75
65
63
71
64
62
66
63
69
87
85
64
77
65
62
61
79
67
64
73
79
73
80
68
87
84
80
75
63
62
61
64
79
64
73
66
78
65
81
73
63
61
63
78
78
72
70
63
89
76
75
65
60
55
80
74
69
74
75
72
79
81
68
92
75
73
76
88
77
72
72
84
91
78
83
76
83
84
88
71
72
81
70
77
95
77
92
97
89
114
85
113
103
112
89
130
131
156
166
217
300
362
460
506
755
881
1129
1431
1756
2084
2420
2931
3350
3621
4077
4557
4835
5073
5084
5116
5264
5154
4751
4698
4199
3828
3489
3024
2594
2176
1855
1515
1258
955
762
547
464
369
291
228
185
170
142
116
108
106
121
98
114
104
106
105
87
100
90
100
92
104
93
99
105
111
102
101
86
93
107
92
116
94
97
126
115
107
105
108
125
118
118
92
110
109
100
123
124
121
106
92
108
117
124
124
109
116
107
115
120
128
142
116
123
147
157
187
158
187
233
255
284
333
335
398
452
467
561
683
623
692
748
753
829
774
788
770
759
751
660
635
560
467
484
428
370
330
307
276
203
227
186
145
175
165
151
171
143
142
147
161
138
145
124
155
146
158
140
119
143
157
137
145
131
147
160
151
161
160
150
141
165
155
149
159
161
157
148
176
177
154
171
179
160
164
199
163
193
182
158
170
175
179
182
189
197
205
204
218
198
207
184
199
187
212
184
230
214
214
207
193
216
207
203
240
228
227
233
212
209
232
226
239
243
189
238
193
226
240
204
237
208
215
209
223
234
223
224
209
203
192
198
202
207
197
163
211
200
192
190
211
190
200
189
175
167
187
182
194
204
188
190
171
178
180
189
190
164
191
183
154
193
159
134
142
157
154
139
184
152
164
172
160
176
145
184
157
152
150
149
149
155
170
155
141
136
158
154
176
157
186
165
144
155
153
155
161
165
137
150
141
158
133
143
168
160
143
162
157
163
180
154
152
160
151
184
131
162
172
157
154
148
153
160
179
135
157
146
155
141
154
147
153
160
168
178
143
163
164
162
136
165
150
146
171
154
174
186
147
163
169
176
168
150
178
156
169
160
162
189
160
146
157
179
141
169
180
165
156
167
179
160
146
153
166
174
176
177
177
179
160
210
176
141
130
181
155
166
169
186
169
188
176
149
153
158
199
154
176
189
163
181
169
172
181
177
169
173
162
188
180
185
149
167
184
185
164
169
170
173
169
181
159
154
207
180
174
175
179
175
171
218
167
192
169
159
214
199
180
192
205
168
178
170
208
194
173
187
176
197
196
205
169
215
198
182
198
182
202
181
189
186
195
184
199
214
196
174
166
184
195
188
172
203
185
212
190
207
195
191
212
197
186
208
193
181
211
201
208
213
190
175
218
219
202
198
225
192
196
206
198
217
244
226
210
218
209
234
210
223
197
205
249
249
234
236
227
200
216
225
258
235
228
229
239
243
221
228
243
251
223
256
271
243
239
245
250
239
212
265
241
252
251
259
260
224
245
282
246
249
273
269
257
255
273
255
271
263
237
256
266
264
254
274
267
247
237
293
275
236
253
246
264
313
265
274
239
258
255
267
267
244
246
242
268
212
234
270
243
246
245
234
228
261
231
262
263
235
259
263
238
239
246
237
239
214
251
216
248
236
248
232
222
217
228
238
229
233
219
215
241
209
232
224
211
200
238
205
224
218
213
200
217
186
222
206
200
206
246
231
237
220
208
191
213
221
211
237
205
229
200
217
219
234
186
208
226
214
223
224
219
217
202
186
225
190
203
223
211
221
202
185
220
205
217
199
209
240
193
212
198
194
203
230
226
190
211
230
206
200
214
201
204
197
213
237
203
208
209
213
216
204
221
206
212
231
236
212
217
222
215
206
224
204
220
227
206
213
178
193
227
182
208
220
209
214
197
214
191
209
210
217
223
203
221
192
196
206
199
188
195
203
211
222
177
221
199
187
240
182
199
210
205
206
214
227
196
209
233
223
209
195
216
207
220
189
213
213
210
206
203
207
208
217
208
199
214
220
222
218
215
209
219
207
194
220
209
192
181
216
207
229
226
219
233
205
208
226
220
222
182
194
227
197
187
186
217
207
188
240
209
244
244
233
214
223
231
220
215
208
229
205
214
237
241
233
236
196
211
227
215
214
207
197
215
216
232
212
227
214
224
233
234
240
246
202
211
220
246
220
231
200
242
251
233
238
277
226
226
250
239
267
240
242
257
247
237
240
256
242
232
252
256
247
279
272
276
256
238
248
290
275
288
277
246
272
307
293
275
288
306
282
314
292
270
295
289
331
312
280
291
352
330
310
324
327
313
342
334
350
345
361
356
369
362
403
364
351
390
381
396
371
432
418
395
412
435
450
450
483
496
498
503
545
505
493
560
573
515
614
545
604
628
648
645
686
716
750
759
760
789
804
853
860
906
877
969
942
962
1073
985
1013
1091
1103
1144
1131
1143
1212
1198
1183
1230
1176
1248
1313
1271
1273
1236
1260
1217
1329
1233
1301
1282
1257
1288
1185
1157
1246
1126
1180
1161
1130
1092
1082
1037
1016
1022
956
994
975
946
884
881
916
859
777
737
719
692
689
676
639
636
624
607
562
581
505
536
493
468
459
426
416
418
390
386
384
356
343
339
358
366
359
301
315
310
303
354
297
285
278
316
312
273
280
265
286
238
262
274
246
267
252
228
235
234
226
226
209
190
223
212
235
189
202
210
199
208
202
194
205
231
211
214
220
224
204
224
213
213
211
230
237
262
296
273
241
308
287
259
296
327
319
357
325
358
320
362
370
352
403
394
362
404
421
399
398
449
393
361
360
353
352
335
332
306
278
281
234
248
228
217
219
187
196
179
163
162
174
176
192
167
125
156
168
162
133
142
123
138
122
157
151
153
151
138
148
121
152
154
128
165
141
173
146
147
136
147
166
130
167
160
158
165
178
188
189
175
184
171
201
187
177
194
189
193
211
196
194
199
207
194
225
206
202
212
228
213
207
210
219
223
245
228
221
215
223
221
223
222
200
230
225
236
226
237
254
207
207
208
201
211
234
236
209
204
214
199
208
200
194
195
176
179
176
186
193
173
164
173
189
181
139
132
165
156
153
137
145
150
155
109
141
114
149
133
118
126
106
124
112
102
110
102
112
96
107
87
95
83
101
87
75
104
89
86
86
86
80
76
99
79
79
81
77
86
84
69
79
65
76
69
69
82
71
63
65
60
66
63
65
66
62
67
63
53
62
72
64
64
63
62
61
52
64
67
60
69
65
56
60
41
43
57
69
47
56
52
58
59
47
51
52
38
51
52
52
54
54
52
44
68
56
46
45
55
49
44
54
51
58
47
61
55
56
65
56
58
69
76
70
60
67
66
78
79
82
71
74
69
72
77
72
78
51
58
64
62
60
64
57
63
63
42
45
50
33
45
43
40
39
45
44
37
41
41
46
44
47
33
35
39
35
40
42
37
41
21
47
33
41
45
34
47
41
41
40
39
47
40
34
38
31
34
38
34
37
44
32
31
30
44
44
35
31
31
31
36
33
44
46
24
31
37
21
35
46
19
32
37
33
31
47
43
21
31
26
29
34
24
26
26
32
25
32
29
37
19
30
29
33
34
24
32
39
31
38
19
34
33
39
30
32
23
31
31
31
25
22
36
28
21
29
29
15
30
29
23
26
26
25
31
24
24
29
35
38
27
26
22
28
29
21
29
37
34
26
30
34
26
24
27
24
24
25
29
16
28
25
25
21
29
22
30
21
19
37
19
21
20
22
40
24
26
23
21
28
23
26
34
27
20
21
21
23
26
26
23
26
24
26
29
16
34
15
12
26
19
23
23
25
18
20
26
27
23
21
29
28
25
20
22
32
14
17
23
26
22
33
15
27
11
25
22
21
23
23
16
14
24
19
22
26
21
26
19
13
21
16
19
26
11
21
16
25
12
19
15
18
20
21
20
21
25
16
16
18
19
13
21
18
16
23
17
15
17
21
15
25
23
23
17
19
24
16
24
14
22
30
23
25
19
21
15
19
17
26
17
20
15
22
20
15
17
14
15
19
20
14
9
19
15
18
22
24
11
11
16
21
14
11
13
15
14
11
14
17
17
11
20
14
16
20
17
13
13
15
20
17
12
18
13
15
13
8
12
17
8
18
11
21
9
16
19
15
17
18
14
21
17
15
23
10
14
17
9
13
15
23
15
14
17
8
12
8
18
19
16
9
12
12
15
18
16
14
13
17
18
21
20
14
12
11
21
14
16
12
22
13
5
19
21
17
20
12
16
13
6
17
4
9
15
12
16
16
15
12
13
14
10
13
10
10
10
11
17
11
9
11
14
9
9
13
13
18
8
12
9
7
14
12
10
10
12
13
11
16
21
13
11
9
20
13
12
11
9
7
10
16
5
9
12
7
14
9
8
15
5
8
13
11
22
12
10
10
8
4
10
14
7
12
11
11
7
11
10
17
8
9
15
15
14
13
9
15
10
10
15
10
13
11
13
15
10
10
18
5
10
11
8
11
7
9
5
7
12
6
9
8
9
7
16
10
9
9
16
11
10
6
5
6
7
14
7
10
9
2
10
10
10
7
21
11
10
11
8
8
10
10
8
14
12
3
8
8
7
4
11
4
6
11
4
8
7
7
2
4
7
6
5
13
5
9
9
4
3
10
9
11
7
5
5
4
11
10
8
12
11
10
8
5
12
4
2
6
10
8
8
9
7
15
5
6
11
6
7
5
8
12
11
9
7
6
8
9
6
8
6
9
10
6
4
5
7
5
5
6
7
3
4
6
6
9
4
10
7
4
7
13
5
2
8
6
12
4
10
6
9
7
12
6
9
7
4
1
5
6
1
6
5
3
10
8
9
5
4
12
6
9
2
5
5
6
5
10
5
12
5
4
7
8
6
4
6
9
9
9
7
7
3
6
16
3
7
1
7
2
11
9
5
5
6
8
3
6
4
6
7
5
9
5
3
6
6
1
7
5
5
2
9
4
3
5
4
3
3
10
3
3
3
7
10
12
6
4
0
2
7
7
7
1
6
6
5
4
3
7
5
5
4
6
7
3
2
2
6
1
2
6
5
8
5
3
7
4
3
7
6
7
6
6
6
9
0
3
4
4
2
5
2
4
6
6
4
3
5
4
3
3
3
2
3
5
7
2
5
0
3
3
3
5
6
4
4
3
3
3
2
7
3
4
3
4
4
4
8
3
3
4
0
3
7
4
3
2
1
4
4
7
1
4
6
5
1
4
4
4
5
7
5
6
3
4
2
1
2
8
6
6
4
5
5
8
1
8
2
4
0
4
3
5
5
2
6
8
2
3
11
5
1
1
3
4
1
3
2
2
4
3
3
4
3
1
2
3
3
4
4
2
2
3
2
2
4
1
3
1
6
1
8
0
1
3
4
1
4
2
5
6
3
2
2
1
5
3
2
3
3
2
4
3
3
3
2
1
5
5
2
3
3
1
6
3
4
5
0
4
4
5
1
5
2
1
2
4
4
3
1
1
2
0
4
0
2
2
2
5
2
0
1
0
1
4
3
0
3
1
4
2
2
4
3
2
1
0
2
2
3
2
2
2
2
2
1
5
0
2
5
2
3
2
2
0
6
1
1
3
1
4
2
1
3
1
3
0
3
1
3
2
2
4
2
2
4
2
1
1
0
4
2
1
3
2
0
2
1
5
1
4
0
2
1
1
6
1
3
4
0
3
3
6
2
1
3
3
2
1
1
2
0
3
4
1
2
2
1
2
3
1
2
1
1
2
2
2
3
1
1
0
0
0
0
2
3
3
0
1
2
0
0
0
2
1
2
2
1
1
2
1
2
1
0
0
0
2
1
1
2
3
1
2
1
0
0
1
0
0
1
2
1
0
1
2
0
0
1
0
1
0
0
1
1
2
3
0
0
0
0
1
2
0
1
0
0
2
0
0
1
1
4
0
1
2
2
4
1
1
0
0
4
0
1
2
1
2
1
1
2
1
1
1
3
4
2
1
2
1
3
0
2
1
0
2
1
3
0
2
0
0
2
1
3
3
1
0
3
7
1
0
1
2
2
0
2
0
3
1
0
2
1
0
2
1
1
1
0
0
1
1
1
1
2
1
0
0
1
2
0
1
1
1
0
0
1
2
1
0
0
1
1
2
0
1
0
0
0
1
0
0
0
1
0
2
0
0
2
2
0
1
1
0
2
0
0
0
1
3
2
0
0
0
0
0
0
0
0
2
0
0
0
0
0
0
2
1
1
0
0
0
1
1
0
1
4
0
1
2
2
1
0
1
1
0
1
0
0
1
2
0
1
3
0
1
1
0
1
1
0
2
1
0
0
0
1
1
0
2
2
1
1
1
1
1
3
1
1
0
0
0
1
0
1
0
1
2
0
3
1
0
1
0
1
0
1
2
2
0
1
1
1
2
2
2
0
1
1
1
0
1
1
0
0
0
0
1
0
0
1
1
1
0
0
1
0
2
0
0
0
0
2
0
1
0
0
0
0
1
1
1
0
0
0
0
1
0
3
0
0
1
0
1
0
1
0
1
1
0
0
0
0
2
0
2
1
0
1
0
0
0
0
3
1
2
0
0
0
0
0
0
0
0
0
0
0
0
0
1
0
1
0
2
0
0
0
0
0
0
0
0
0
0
2
0
0
0
0
0
0
0
0
0
0
0
0
0
0
1
1
1
0
1
2
0
1
1
0
1
1
0
1
0
1
0
1
1
0
0
0
0
0
1
1
0
4
0
1
0
0
1
2
0
0
0
0
1
1
1
1
1
1
0
1
1
0
0
3
0
1
0
0
0
0
0
0
1
0
0
0
1
0
1
0
3
0
0
0
0
0
0
0
0
0
0
0
0
1
1
0
0
1
0
0
2
0
0
0
0
1
0
1
2
2
0
1
1
1
1
0
0
0
0
0
1
0
1
0
0
0
0
0
1
1
0
1
0
0
1
1
0
0
0
0
0
0
0
0
0
0
0
1
0
0
0
0
0
0
0
0
0
0
0
1
0
0
1
0
0
0
0
0
1
0
0
0
0
0
1
2
0
0
0
0
0
0
0
0
0
0
1
0
0
0
1
0
0
0
0
0
0
0
0
0
1
0
0
0
0
1
0
0
0
0
0
0
0
2
0
0
0
0
1
0
0
0
0
1
0
0
2
0
0
1
0
0
0
0
0
0
0
0
1
0
0
1
0
0
1
0
0
0
0
0
0
0
0
1
0
0
0
0
0
3
0
2
0
0
0
1
0
0
0
0
0
0
0
0
1
0
0
0
0
0
0
0
0
0
1
