0
0
0
0
0
0
0
0
0
0
0
0
0
0
0
0
0
0
0
0
0
0
0
0
0
0
0
0
0
0
0
0
0
0
0
0
0
0
0
0
0
0
0
0
0
0
0
0
0
0
0
0
0
0
0
0
0
0
0
0
0
0
0
1
0
0
0
0
0
0
1
4
2
0
0
4
2
3
4
3
2
11
16
54
125
346
932
2273
4793
9650
17328
28127
40788
54673
66161
73127
72805
66214
54829
41061
28011
17357
9966
4936
2474
998
368
134
46
12
4
4
4
4
2
1
1
0
2
3
0
0
0
0
0
0
0
0
0
0
0
7
68
47
40
42
46
65
49
51
49
48
36
52
35
51
43
54
43
37
41
29
46
45
45
43
38
36
34
34
30
40
23
44
33
38
49
37
41
35
31
40
44
41
32
27
36
34
42
42
34
41
39
43
50
38
36
48
44
31
47
54
38
49
45
68
40
69
89
93
117
157
148
256
270
337
345
302
333
306
296
222
218
159
128
109
83
83
61
64
45
57
46
40
42
41
53
49
36
29
46
52
42
44
43
40
43
43
34
61
51
63
50
68
63
79
83
71
100
95
96
79
95
114
124
123
205
282
396
757
1319
2096
3357
4981
7206
9763
12787
15588
18238
19600
20495
20221
19090
16640
14112
11339
8738
6513
4673
3342
2519
1700
1230
890
713
556
455
390
448
506
704
911
1227
1506
1764
2109
2337
2412
2451
2321
2085
1871
1501
1170
915
709
543
368
234
243
233
209
149
133
132
92
81
53
40
38
29
15
10
11
5
9
6
6
8
8
5
6
11
11
11
11
9
8
5
7
8
7
8
7
3
11
8
11
10
6
3
5
11
15
13
11
10
10
14
14
13
21
17
24
32
22
20
32
19
26
15
23
17
15
16
13
21
19
18
14
29
21
18
17
16
29
26
21
19
24
10
25
15
19
15
21
12
9
10
13
12
14
2
5
5
7
10
8
4
11
7
7
9
3
6
7
4
10
2
7
6
8
7
8
8
4
9
5
4
7
7
8
5
8
9
7
7
11
12
8
14
10
13
12
15
16
13
10
9
9
12
9
8
10
11
10
4
9
4
14
6
12
14
7
11
12
12
10
8
10
10
13
6
8
6
12
8
12
8
10
12
4
6
6
6
7
4
8
9
7
6
8
10
5
8
4
11
10
10
7
10
6
9
4
8
5
5
7
7
6
7
7
6
8
2
8
5
9
5
7
6
4
7
5
4
7
4
5
6
6
9
4
8
6
5
5
5
3
4
4
7
9
3
8
6
6
5
5
7
3
4
8
3
12
7
12
6
7
7
10
10
7
12
8
10
8
8
6
9
12
8
7
7
5
1
2
8
6
14
10
8
10
6
9
9
5
9
11
6
9
11
10
8
6
12
7
11
5
12
11
3
7
6
18
10
4
13
11
16
18
6
11
6
9
6
12
4
4
6
9
9
12
13
7
7
14
4
13
9
9
13
6
9
9
11
12
14
17
12
13
8
7
9
12
14
14
6
9
10
9
13
27
16
15
22
21
18
16
16
17
20
19
22
15
23
27
25
22
17
27
18
28
17
20
19
20
24
19
17
10
15
13
25
23
12
18
21
18
16
15
19
18
16
15
18
20
11
19
7
9
17
24
17
17
17
21
19
25
19
17
15
15
20
19
20
15
13
14
21
19
21
19
21
22
22
19
17
28
20
23
20
25
23
29
20
20
26
27
28
25
25
25
30
22
27
29
24
26
27
38
33
26
34
35
32
20
23
41
38
39
34
37
30
36
41
27
40
32
38
35
26
42
30
33
31
39
34
36
40
28
37
41
35
46
48
47
53
46
51
33
45
42
50
56
44
44
42
41
50
50
60
55
47
54
41
54
62
73
46
59
48
54
46
54
65
60
63
60
76
53
68
54
60
61
62
56
83
66
67
71
88
67
70
96
70
82
91
93
87
83
104
91
96
112
104
82
101
100
99
98
87
96
77
89
82
89
88
76
77
84
83
83
91
69
83
75
74
81
78
64
62
77
69
80
63
62
61
64
78
69
65
64
67
59
68
80
69
85
81
87
65
66
54
79
79
69
94
76
73
77
66
66
62
75
51
75
68
75
75
56
62
79
67
73
57
68
59
69
68
63
70
80
60
59
84
68
63
71
68
83
72
85
67
65
87
81
73
82
66
83
73
74
79
79
70
65
55
57
63
78
88
67
60
66
75
66
76
64
81
71
72
76
60
77
80
90
64
61
54
81
74
78
60
78
84
93
86
81
83
73
69
68
84
90
88
98
102
91
103
82
87
114
91
110
114
118
121
140
170
205
240
276
371
413
562
748
973
1115
1367
1742
2079
2501
2849
3225
3654
4189
4510
4729
4986
5191
5171
5194
5240
4910
4544
4244
3790
3469
2988
2562
2151
1853
1525
1266
959
745
562
466
383
293
233
183
154
122
151
128
112
126
108
112
91
95
76
123
106
103
99
107
105
98
92
98
85
86
88
102
102
98
112
105
105
91
97
91
127
105
127
106
100
106
104
104
113
110
86
90
109
109
122
112
118
129
100
129
102
113
132
125
111
142
126
140
142
154
172
193
203
231
252
281
324
357
402
444
509
553
606
663
682
693
752
725
759
807
770
688
746
679
619
538
503
458
404
400
347
282
262
236
207
208
167
169
161
164
160
156
136
135
130
166
139
145
147
128
140
146
153
131
155
144
164
150
158
136
136
154
164
139
141
171
148
165
155
167
149
170
162
190
155
147
142
167
180
170
159
185
172
183
194
177
209
183
191
195
214
190
186
183
198
182
182
200
176
183
221
193
193
202
211
209
226
220
203
223
230
230
218
236
228
223
225
223
225
238
214
226
196
210
205
203
222
228
231
224
219
207
222
201
207
231
227
223
188
189
184
187
205
181
205
193
193
170
145
172
172
187
168
177
169
193
151
202
194
161
166
187
150
160
166
178
194
185
190
162
171
155
174
155
156
133
146
136
151
136
134
152
156
128
161
159
156
159
148
155
152
156
137
155
152
156
151
143
148
131
168
173
147
155
139
143
141
159
140
158
156
149
141
154
144
154
150
148
165
163
149
153
142
140
146
158
139
162
148
138
145
131
165
151
152
147
161
165
152
166
168
124
156
164
156
144
152
160
157
156
179
149
157
160
132
170
153
166
155
153
160
172
155
166
151
147
161
143
137
157
150
152
133
143
154
178
167
147
149
152
141
145
174
159
189
158
171
156
163
151
157
157
173
141
154
147
165
162
173
162
153
146
139
160
156
184
138
136
172
165
173
190
179
168
141
177
163
168
140
171
154
146
160
154
160
152
167
144
164
193
171
189
186
177
173
178
158
183
153
183
186
171
178
175
178
187
175
197
188
180
170
185
191
184
178
168
198
170
183
181
186
178
172
178
187
174
184
186
193
192
179
182
194
169
190
186
185
175
205
166
194
199
182
193
200
185
202
198
181
189
177
188
185
223
215
204
178
216
193
190
199
209
190
186
189
194
206
203
208
199
231
171
224
201
227
240
192
198
185
207
198
211
213
219
181
204
215
214
228
229
227
204
238
224
233
228
221
228
225
245
241
211
247
231
232
209
266
245
237
204
246
238
223
246
243
245
236
257
226
247
240
236
268
256
247
241
247
272
222
251
230
245
246
234
275
249
254
264
243
244
255
239
244
238
246
259
247
249
252
252
255
231
228
250
232
232
219
236
216
234
217
248
234
227
224
210
245
248
240
227
225
236
236
246
200
244
208
230
198
215
232
197
212
243
214
215
205
188
199
195
195
200
208
203
203
187
187
172
181
190
201
213
221
209
172
216
216
215
208
216
200
204
196
207
200
205
232
185
205
213
192
222
189
173
185
182
198
196
219
178
214
173
195
187
196
177
183
193
209
189
194
168
203
210
204
184
180
210
177
210
206
221
198
205
188
197
202
178
199
208
203
191
197
200
209
193
185
170
190
203
205
171
187
159
203
220
206
181
201
200
185
185
191
213
193
208
187
214
192
200
194
209
214
199
184
191
200
176
207
214
195
220
203
188
186
201
195
198
180
198
210
191
208
189
177
198
193
187
187
195
192
211
186
188
189
175
210
177
182
176
206
194
181
203
196
198
192
220
213
189
205
180
189
187
190
213
171
219
210
191
158
196
181
203
170
219
203
190
187
203
200
184
170
207
228
227
195
207
209
197
219
212
175
206
202
189
221
171
205
197
178
209
196
195
184
191
207
215
202
244
230
203
205
218
212
173
241
227
185
213
201
210
204
209
208
222
219
204
197
230
212
212
207
220
207
214
199
227
226
238
228
198
215
229
206
208
222
217
235
190
234
216
223
251
226
252
259
222
245
245
261
238
247
265
223
269
256
252
250
281
286
293
281
273
276
254
273
297
322
281
290
283
280
299
300
304
301
333
283
302
302
281
302
327
317
305
321
365
312
317
321
314
338
356
355
364
359
393
397
369
356
394
409
450
433
427
454
473
516
505
480
528
494
560
594
570
603
609
628
652
660
695
669
728
756
741
778
780
827
893
923
843
927
930
983
941
1036
994
1066
1080
1125
1136
1117
1153
1130
1170
1170
1207
1175
1175
1225
1232
1138
1230
1136
1237
1159
1200
1179
1196
1152
1133
1110
1075
1113
1064
1060
982
1006
967
965
906
924
956
863
825
854
762
728
763
708
710
677
593
635
552
589
567
570
537
527
490
483
520
451
402
423
358
362
387
412
370
358
360
353
338
352
315
300
300
317
312
288
276
282
260
267
240
276
271
233
236
250
256
223
231
238
227
220
220
242
214
206
234
223
226
219
190
224
165
214
189
189
185
185
185
207
178
165
189
197
206
198
211
195
230
229
222
252
246
251
278
255
285
286
314
316
305
313
319
347
326
341
347
383
398
368
393
388
367
372
379
372
411
374
374
329
325
335
297
294
280
235
224
246
220
216
219
184
163
178
188
151
128
155
153
112
147
140
151
134
118
124
117
119
123
143
134
136
132
145
138
137
135
153
146
117
142
135
161
123
125
136
135
132
154
145
156
158
156
156
172
161
160
158
182
172
197
203
164
194
201
158
189
196
173
223
207
198
175
226
202
204
193
223
196
233
209
245
221
244
231
233
207
218
226
202
207
214
183
233
219
187
226
222
205
210
193
205
206
213
219
195
185
210
197
182
165
179
202
181
167
147
163
142
148
152
171
133
141
151
142
130
124
138
117
140
122
126
113
114
126
119
129
119
120
90
121
103
101
98
108
119
102
86
109
82
81
97
95
97
91
78
89
78
82
65
69
64
75
61
78
83
68
73
53
63
74
78
64
76
62
72
66
69
60
69
73
57
51
59
63
60
73
50
63
72
45
62
45
55
48
58
50
46
52
61
46
56
61
52
63
57
53
52
49
61
48
47
50
50
58
52
53
40
50
42
48
51
41
56
49
42
49
61
38
53
59
31
61
68
58
60
70
63
75
62
57
67
69
72
65
72
72
76
68
67
63
54
51
69
66
57
60
74
64
53
43
53
31
52
49
38
38
29
44
41
46
36
45
46
38
35
45
39
45
42
54
34
37
43
34
46
43
40
38
45
36
31
33
48
28
36
37
34
37
38
29
34
40
34
35
36
30
34
32
33
30
18
35
31
30
35
31
27
30
33
29
35
28
38
22
27
26
22
29
31
35
31
39
29
29
24
23
18
31
27
36
33
27
28
36
32
19
27
26
33
46
24
23
25
26
28
33
37
16
29
26
29
28
33
28
19
24
34
29
33
27
27
33
24
34
24
25
25
31
28
26
17
16
23
25
27
19
25
28
27
20
26
20
37
22
27
25
30
14
22
28
29
35
26
24
29
28
29
24
21
32
21
16
20
21
17
21
30
27
30
23
28
30
24
27
23
30
28
19
25
20
23
22
19
14
16
26
23
20
22
24
31
12
18
17
19
19
23
26
23
28
19
20
27
20
23
17
20
21
21
20
21
22
19
20
26
19
27
17
21
25
17
25
17
27
18
16
24
17
14
25
18
15
21
21
36
18
17
19
26
31
18
21
24
19
24
21
18
11
22
30
19
17
9
20
27
20
20
19
19
23
9
19
22
10
20
16
21
27
14
22
18
20
21
20
12
9
18
22
17
21
11
21
26
17
24
15
21
20
23
14
16
22
19
16
15
24
21
20
18
15
23
19
25
15
24
20
18
13
18
21
10
15
16
19
21
13
19
21
17
20
10
22
10
17
11
20
9
18
5
18
16
11
15
11
18
15
19
15
20
12
25
14
15
16
17
15
18
11
17
9
16
19
15
12
13
14
16
13
9
12
17
15
5
11
15
13
23
18
16
17
14
11
16
15
16
17
13
18
16
15
15
10
16
7
11
12
18
10
13
18
12
17
18
8
12
12
15
13
12
8
14
13
18
18
15
11
16
12
12
13
8
9
15
11
10
14
11
18
13
7
9
11
16
11
9
8
13
8
17
11
10
10
8
14
13
11
9
15
10
10
10
11
6
8
8
9
14
11
12
9
10
8
7
16
17
7
12
14
11
12
9
8
8
12
6
14
9
4
11
7
8
10
6
12
7
15
9
9
7
8
10
13
15
12
19
3
6
9
15
12
5
6
15
10
14
9
10
7
14
10
13
9
10
13
13
13
9
9
12
12
15
9
10
7
15
10
4
10
7
7
11
8
6
14
9
10
7
6
10
13
7
7
5
12
12
9
6
11
8
9
6
11
6
5
10
13
10
10
11
5
6
7
12
7
12
5
7
9
13
6
13
6
7
12
6
9
8
7
9
13
7
5
12
6
7
11
5
7
4
11
10
8
10
8
8
12
9
9
10
9
4
8
10
9
8
11
9
8
11
9
9
5
8
4
5
5
5
4
8
4
8
6
9
8
10
8
6
4
11
8
9
7
4
8
3
5
8
9
5
6
9
11
7
4
14
6
8
7
5
9
9
5
5
3
4
6
5
10
6
4
9
4
4
4
4
8
1
8
8
9
4
9
3
8
5
6
9
3
5
8
4
3
3
4
6
5
2
5
6
7
5
7
9
3
9
5
5
5
3
6
2
6
1
1
10
5
5
9
7
6
6
3
9
5
10
7
9
5
3
5
2
5
6
3
4
2
9
7
12
8
5
8
3
8
5
3
8
2
5
3
7
6
2
2
1
2
9
1
4
4
5
5
2
4
7
2
4
4
1
6
11
3
4
8
3
0
2
3
1
10
6
2
3
5
7
4
4
2
3
3
3
3
5
4
11
4
2
6
1
6
0
4
2
7
0
3
6
1
7
8
4
1
4
6
2
2
1
2
4
4
2
6
2
2
2
5
5
6
3
5
4
1
8
6
3
1
4
1
1
2
4
1
6
1
6
1
5
3
2
5
5
2
5
3
4
1
7
8
1
3
0
6
3
12
4
3
3
2
2
1
1
3
8
2
0
3
3
2
5
3
5
4
6
8
5
3
2
2
3
4
0
1
4
4
3
7
1
2
3
2
3
4
5
2
3
3
1
5
1
5
4
1
3
3
2
3
4
2
2
1
4
2
1
3
4
3
3
0
2
2
0
5
3
4
4
2
6
3
2
3
2
2
3
2
1
0
3
2
2
1
3
2
1
3
1
6
2
1
1
2
5
2
3
3
2
2
4
4
1
5
3
3
3
3
2
2
2
2
2
0
1
1
6
4
4
5
2
1
3
3
1
3
2
3
3
3
3
2
3
1
3
2
1
2
2
0
3
1
4
4
0
1
1
2
2
4
2
2
0
5
3
2
5
1
2
3
2
1
2
2
4
2
0
1
4
2
1
3
5
3
2
1
3
4
0
3
2
1
3
2
0
4
1
5
0
1
4
1
1
4
2
3
2
4
3
2
2
1
2
0
1
1
1
3
1
2
1
3
2
1
4
1
0
3
1
1
2
0
3
3
0
2
1
1
1
3
0
0
1
1
2
2
4
0
1
0
1
0
1
1
3
2
1
2
0
1
0
3
2
3
1
2
3
3
1
2
1
2
0
4
3
3
2
4
2
2
5
0
1
0
1
1
0
1
1
1
2
1
1
1
0
2
3
2
1
1
2
0
1
2
0
0
0
3
2
0
0
2
0
1
3
1
0
5
2
1
2
0
0
1
1
2
1
0
2
0
1
0
0
1
0
1
1
0
0
0
0
1
1
0
2
1
1
2
0
0
0
0
2
2
2
1
0
1
0
2
1
2
2
2
1
5
2
0
2
2
0
0
1
1
2
0
1
0
1
3
1
5
0
2
0
2
0
0
1
1
0
1
2
2
0
1
1
1
1
0
2
0
0
0
1
0
1
2
0
2
1
2
0
0
0
1
2
0
0
0
1
0
1
1
1
0
1
0
3
0
0
3
1
2
2
2
0
2
0
0
2
0
1
0
0
1
0
1
0
0
0
0
0
1
1
1
1
0
0
0
0
1
0
0
0
2
3
0
0
0
0
2
2
0
2
1
0
0
0
2
1
0
0
1
0
2
1
1
0
1
1
1
1
0
2
1
0
1
1
1
0
1
0
1
0
2
0
0
1
0
0
0
1
0
0
0
0
0
1
0
0
0
0
0
0
0
3
0
3
0
0
1
0
0
0
1
0
0
0
1
0
0
0
1
1
0
0
0
0
0
1
3
1
1
2
0
0
0
0
0
0
0
0
1
0
0
2
0
0
1
0
0
0
1
1
0
0
1
1
2
0
0
1
0
0
0
0
0
1
2
0
0
0
0
0
1
0
3
0
0
0
1
1
0
1
1
0
0
0
1
0
1
1
0
4
1
1
1
1
1
0
0
0
0
0
0
0
0
1
0
0
0
2
1
1
0
0
0
0
1
0
0
1
0
0
0
1
0
0
1
0
0
0
2
0
0
0
0
1
0
0
0
1
1
0
0
1
0
0
0
1
2
1
0
1
0
0
0
0
0
1
1
0
0
1
1
0
1
2
0
0
0
1
0
1
0
0
0
0
2
1
0
1
0
0
0
0
0
2
1
1
0
0
1
2
0
0
0
0
0
0
0
1
0
0
0
1
0
0
1
0
0
1
0
0
0
0
0
0
0
0
0
1
1
1
2
1
0
0
0
0
2
0
2
0
1
0
0
0
0
0
0
0
0
0
1
0
0
2
0
0
0
1
0
0
0
0
2
0
1
0
0
0
0
0
0
1
0
1
1
0
1
0
0
0
0
0
0
0
0
0
2
0
0
0
1
0
0
0
0
0
0
0
1
1
0
0
0
0
0
0
0
0
0
1
0
0
0
0
0
1
0
1
0
0
1
0
0
0
0
0
2
0
1
0
0
0
0
0
0
1
0
0
0
1
0
0
0
0
1
0
0
0
0
0
0
0
0
1
0
0
0
0
0
0
0
0
0
0
0
1
0
0
0
0
0
0
0
