0
0
0
0
0
0
0
0
0
0
0
0
0
0
0
0
0
0
0
0
0
0
0
0
0
0
0
0
0
0
0
0
0
0
0
0
0
0
0
0
0
0
0
0
0
0
0
0
0
0
0
0
0
0
0
0
0
0
0
0
0
0
0
0
0
0
0
0
0
1
0
1
0
1
5
2
1
1
1
0
3
5
15
45
106
359
930
2288
4964
9676
17440
27661
40841
54532
66294
72150
73232
66447
54856
41297
28289
17405
9817
5108
2341
1029
400
138
35
18
7
3
3
4
1
0
0
1
1
3
0
0
2
1
1
0
1
0
0
0
0
10
68
54
48
52
47
52
51
52
48
40
52
48
46
48
47
42
37
52
36
32
44
37
39
33
27
34
40
43
39
50
33
42
40
41
29
37
33
40
47
32
41
29
47
35
34
37
50
36
29
47
33
49
43
35
23
46
59
46
48
48
49
45
52
42
57
62
59
86
109
155
175
237
249
309
318
339
327
315
267
229
195
171
134
108
83
78
58
49
55
44
37
60
36
44
48
48
37
37
37
43
43
41
39
35
37
46
46
56
50
64
56
66
80
77
85
89
95
86
85
105
110
92
123
134
172
306
420
760
1274
2124
3332
4897
7201
10061
12712
15378
18249
19755
20607
20213
18840
16809
14128
11265
8798
6429
4765
3307
2464
1701
1279
948
695
563
457
409
424
555
647
868
1214
1486
1855
2041
2355
2451
2430
2411
2225
1839
1512
1264
926
726
518
373
314
264
199
166
140
136
114
107
76
68
45
27
24
27
10
11
12
10
16
8
11
8
11
13
7
10
7
5
10
11
8
10
11
15
8
3
6
7
7
10
7
8
6
10
9
7
12
7
9
12
10
12
29
16
19
24
17
24
33
28
30
24
22
21
22
18
22
27
19
20
13
19
22
19
26
24
17
28
21
23
28
27
20
22
23
17
19
13
16
21
13
8
7
12
7
7
5
10
9
14
6
6
10
8
11
5
6
9
6
5
6
5
5
3
7
3
8
3
8
6
7
7
7
1
7
8
7
10
1
7
8
9
13
16
18
16
18
14
10
16
8
6
6
11
8
13
9
14
7
5
11
9
7
1
12
7
7
14
5
15
9
9
12
13
10
13
12
8
10
15
6
6
10
9
8
6
7
6
8
13
6
5
7
8
4
6
6
8
9
8
5
11
7
8
12
5
5
4
3
8
3
6
4
8
6
5
9
8
9
3
8
7
8
5
6
4
7
6
4
4
6
6
9
8
7
8
6
9
4
4
6
5
9
4
6
7
5
7
11
3
3
4
7
4
6
3
9
2
7
4
5
6
7
7
6
5
11
10
5
3
10
11
4
4
10
7
15
11
9
8
3
10
4
8
5
5
10
10
8
6
7
5
11
9
8
10
8
6
10
9
7
7
12
12
8
13
14
7
11
6
8
11
10
10
10
9
8
12
13
5
6
8
16
10
11
2
10
17
15
13
9
9
19
11
14
15
7
3
13
6
10
18
16
19
9
12
15
15
15
16
12
13
8
25
11
21
15
15
14
23
21
11
10
15
12
15
18
11
22
21
25
18
18
20
22
17
21
17
16
27
20
12
10
11
19
16
20
24
18
13
12
15
17
20
17
21
11
15
16
27
31
19
8
18
11
12
16
22
21
22
18
24
16
21
17
15
19
21
16
20
18
22
13
11
20
21
18
19
18
26
22
26
24
22
32
29
24
31
17
15
29
32
29
22
27
31
27
18
30
25
36
46
32
33
33
26
27
21
20
24
31
32
26
34
28
33
31
35
25
34
41
36
32
36
36
37
40
33
45
38
28
32
42
39
42
42
33
42
36
48
38
54
45
54
43
40
53
41
42
52
44
33
58
50
41
50
48
65
52
55
66
72
53
52
58
48
59
58
54
59
59
70
64
63
75
75
72
76
65
77
66
64
69
75
66
84
83
103
72
92
102
87
85
101
94
96
93
83
97
98
97
94
108
91
92
79
77
87
66
67
81
55
66
72
67
84
80
74
76
80
57
79
71
75
78
82
74
69
54
86
82
77
65
70
70
72
83
66
68
54
71
70
59
72
55
69
68
58
81
71
79
74
69
79
75
71
60
77
64
69
74
57
73
68
81
65
57
70
77
71
64
74
73
74
67
68
67
80
68
61
80
73
74
65
68
74
67
78
71
70
81
76
78
77
57
78
95
63
70
82
69
89
90
69
56
76
74
62
72
74
79
77
85
91
75
69
81
70
78
69
81
76
67
73
75
89
84
74
86
68
80
81
82
91
91
82
89
79
96
75
103
85
111
85
95
103
82
113
111
144
155
190
262
289
361
436
557
693
935
1168
1434
1819
2084
2424
2886
3229
3701
4064
4558
4798
5109
5149
5270
5392
5116
4923
4661
4424
3792
3457
3022
2578
2198
1840
1492
1165
937
797
623
462
379
285
230
190
165
149
121
111
103
100
112
99
99
99
98
98
91
88
98
104
98
104
107
116
104
117
92
106
99
85
95
103
112
114
104
105
119
109
116
97
99
115
119
96
125
112
101
115
106
104
129
92
118
137
103
126
116
91
123
118
123
126
129
144
155
145
153
176
184
259
254
247
325
340
387
438
507
563
616
640
683
673
777
824
786
750
787
770
754
661
620
582
544
472
421
367
336
302
278
236
219
187
182
173
171
155
150
123
146
133
157
133
138
135
151
135
133
149
156
144
132
149
151
158
155
145
160
154
153
140
154
151
178
149
147
141
161
140
159
134
168
168
180
170
167
173
183
177
171
166
180
211
201
198
188
204
192
197
207
209
205
192
184
181
210
200
200
212
230
237
220
225
218
182
200
215
194
234
213
188
226
208
248
241
238
247
226
209
222
218
206
225
223
208
205
193
214
200
200
207
218
212
197
192
230
196
193
171
208
184
219
193
203
203
219
178
180
188
158
159
175
168
168
185
184
162
163
148
163
194
166
164
159
159
161
162
208
171
162
169
150
158
130
166
158
140
147
160
143
174
158
148
142
152
154
153
150
134
160
146
137
152
162
153
161
165
140
144
156
162
163
137
137
138
172
146
153
167
158
174
155
160
137
165
164
171
140
155
130
151
117
165
131
151
146
150
137
147
151
149
152
156
148
157
158
166
166
155
165
163
160
175
152
147
160
156
156
153
172
151
146
146
182
126
148
142
145
154
144
147
150
156
126
155
155
152
152
145
148
155
171
157
162
157
142
144
163
172
177
151
148
140
154
150
150
173
159
157
174
152
162
149
169
160
150
154
154
148
175
157
142
167
201
157
142
154
172
163
175
137
188
149
177
173
189
145
178
163
159
156
172
161
182
184
176
177
182
177
188
174
166
174
196
172
201
188
137
178
178
171
141
166
166
156
162
184
197
192
177
179
185
160
172
169
178
172
153
179
176
173
179
164
168
172
195
174
181
186
192
204
175
164
169
176
193
171
188
203
184
195
198
175
201
164
205
177
168
185
173
223
185
196
199
225
191
209
199
189
211
210
192
219
210
219
196
217
215
199
221
202
221
202
194
200
195
189
234
215
220
214
219
195
188
217
233
225
215
204
205
254
242
232
220
245
241
214
221
239
221
217
248
253
236
244
226
244
235
246
255
248
222
261
238
232
244
244
231
253
215
218
226
257
242
233
249
254
248
246
228
235
250
241
223
231
255
253
252
271
260
247
238
248
254
256
228
233
236
237
243
267
233
218
250
217
224
220
238
231
202
237
242
227
213
238
215
208
216
211
215
242
212
236
222
222
198
234
217
219
209
215
236
223
197
194
194
228
212
228
196
186
193
202
204
214
189
199
194
181
210
250
205
199
190
182
193
210
200
191
184
183
207
188
189
194
214
198
194
217
195
191
197
191
182
199
204
182
165
188
198
230
187
188
201
188
204
198
201
172
217
190
193
186
185
184
226
180
194
175
188
215
196
180
197
207
195
206
178
227
223
188
193
183
207
172
207
211
204
186
180
214
202
176
185
202
191
186
208
195
176
216
193
181
201
185
222
209
201
182
175
202
206
189
209
202
205
222
192
185
195
171
201
191
204
196
175
177
202
184
186
179
187
183
183
183
211
187
181
205
154
199
175
219
202
170
163
215
207
174
198
197
222
190
172
171
201
194
222
212
209
219
207
208
195
160
190
200
189
188
168
208
201
190
201
180
219
210
210
202
225
190
212
165
216
208
200
189
201
179
205
209
197
193
206
187
203
229
209
180
227
196
213
198
166
194
213
222
189
218
213
210
201
194
166
190
212
210
201
207
207
200
192
197
207
188
218
241
193
193
221
199
238
224
201
210
214
229
209
222
223
234
224
241
207
222
223
231
231
251
233
242
220
253
243
272
210
267
260
224
229
260
262
247
231
261
270
297
273
282
256
254
292
275
301
268
280
282
275
259
267
295
287
298
291
274
324
305
289
316
301
312
326
277
333
364
350
320
351
351
340
360
366
347
354
359
404
431
394
402
381
409
406
464
487
429
461
455
432
452
499
509
566
570
575
617
633
637
651
665
746
755
729
766
752
865
836
818
874
890
944
1016
1031
989
972
1104
1036
1109
1091
1102
1142
1150
1184
1144
1181
1202
1122
1165
1227
1182
1214
1194
1193
1200
1115
1208
1207
1171
1149
1132
1176
1138
1129
1056
1056
1018
998
1049
957
916
870
921
814
800
855
771
769
719
706
708
649
696
675
664
631
554
553
507
514
463
469
514
422
473
433
412
399
394
354
387
361
361
363
343
337
326
280
318
313
320
267
273
277
275
234
270
274
275
267
238
261
211
268
218
239
222
247
196
220
222
215
200
213
174
216
214
183
178
202
204
174
211
162
178
171
202
166
198
191
210
187
187
193
220
221
236
236
228
259
255
267
261
284
300
310
311
328
343
356
364
343
366
335
373
393
387
398
376
361
350
379
368
405
361
334
346
332
340
310
286
274
231
256
257
217
195
184
172
165
166
147
148
172
151
132
145
153
162
120
123
140
118
134
125
157
135
147
139
131
126
126
145
121
130
122
135
142
123
150
147
149
121
171
151
149
148
158
157
171
169
166
156
161
158
143
176
175
165
156
171
211
206
199
165
216
223
180
215
186
196
210
218
207
226
220
214
238
237
218
220
240
222
246
229
217
237
224
202
236
243
202
224
245
220
183
223
201
215
207
193
169
199
180
186
209
162
193
183
173
164
180
148
170
157
143
140
148
149
148
123
160
118
130
130
134
117
120
124
119
112
104
120
118
122
115
105
96
113
102
96
98
103
84
97
82
98
106
85
98
75
81
96
100
83
89
86
90
83
77
87
62
79
61
87
67
68
88
65
62
86
63
70
76
61
61
56
58
58
63
56
72
61
45
61
54
61
55
58
63
49
54
62
46
56
68
49
46
48
46
66
47
45
52
56
41
57
41
53
55
52
43
43
48
48
48
55
56
55
56
57
59
58
52
51
37
50
54
54
57
62
63
86
55
79
87
74
62
63
77
64
74
87
68
69
64
69
70
61
50
57
76
48
52
70
61
52
54
38
37
42
46
38
48
31
37
34
43
40
37
40
43
49
35
32
40
31
29
34
34
43
32
42
43
40
42
31
47
34
50
42
37
43
43
30
34
45
41
34
35
27
27
32
25
24
33
35
40
35
35
23
32
29
25
24
32
23
33
33
30
36
26
40
20
42
25
25
21
22
40
35
28
32
38
29
36
39
30
25
24
33
29
22
23
25
39
27
28
29
31
27
25
36
23
35
27
26
30
29
35
21
22
28
36
25
26
28
28
21
19
35
34
20
24
41
22
27
29
43
26
25
35
29
35
30
26
25
22
29
25
34
24
17
34
26
30
21
26
26
24
20
22
21
30
23
26
21
28
24
24
29
17
22
26
19
30
21
22
26
31
26
17
23
22
19
25
26
19
24
26
20
20
21
25
24
29
21
16
27
19
26
17
24
24
16
20
17
26
26
19
23
21
23
17
16
22
24
20
17
22
21
19
24
22
19
26
16
22
27
33
13
16
14
32
17
21
26
25
20
19
15
22
29
23
14
28
15
21
16
16
16
24
15
18
25
21
27
15
30
21
31
18
22
20
22
16
16
21
27
17
25
11
20
18
14
19
18
11
17
22
13
19
23
24
19
18
19
21
22
20
16
13
16
17
15
17
17
13
21
22
22
20
15
20
13
18
14
16
24
15
12
21
12
19
21
17
15
20
21
16
15
17
18
13
8
20
11
20
16
24
16
9
19
17
12
14
20
12
17
16
13
20
11
13
17
20
14
12
12
13
19
24
14
22
10
13
11
19
17
13
20
12
16
18
18
6
14
13
18
18
16
17
16
14
15
16
19
8
21
16
12
17
13
15
21
10
19
10
14
12
13
18
10
15
8
13
9
18
21
16
19
12
12
19
20
12
13
7
11
20
19
16
11
12
10
9
9
8
20
12
11
9
12
10
14
11
11
12
7
19
12
14
15
13
8
11
7
10
19
7
9
11
13
11
15
18
10
14
11
14
8
11
13
12
13
13
10
14
8
7
4
8
11
12
13
14
9
7
9
13
9
10
12
9
11
7
14
11
7
9
13
9
10
14
7
11
13
5
9
11
7
10
7
7
9
11
6
15
10
9
6
14
5
8
11
9
9
10
11
11
9
8
8
10
13
12
6
9
12
15
8
8
8
5
13
10
11
10
8
9
6
7
12
8
5
13
14
8
8
10
9
11
13
4
12
14
4
9
7
13
7
8
6
7
7
11
9
11
14
11
6
11
10
6
11
5
9
11
5
5
14
5
12
9
11
15
10
6
4
6
8
4
13
10
6
5
2
4
9
9
9
10
8
9
9
8
13
12
4
5
11
8
10
11
6
6
7
3
8
14
6
9
1
9
9
8
10
12
8
4
12
8
2
11
5
2
5
7
8
8
12
3
8
5
7
4
7
4
5
8
5
5
8
4
4
7
7
4
8
6
5
9
11
5
3
11
6
7
9
6
6
4
6
6
3
5
6
7
5
7
8
6
7
7
6
4
10
6
5
4
9
6
5
12
6
5
5
8
6
5
3
4
4
4
6
6
10
5
6
6
5
3
4
7
6
7
6
3
7
2
5
5
8
4
3
2
5
5
7
6
2
8
5
4
3
6
5
7
4
4
7
3
5
3
4
4
5
4
2
4
7
5
4
5
7
3
5
4
6
4
7
5
1
7
1
5
6
5
6
7
9
9
5
4
3
5
1
3
2
3
7
2
2
6
3
1
2
4
6
9
7
2
4
5
4
7
2
5
4
6
0
0
4
2
4
6
3
3
7
4
3
3
5
7
4
3
3
6
1
6
7
7
3
4
5
2
2
6
9
2
2
7
4
4
2
4
4
4
1
6
5
4
4
5
3
0
5
5
2
6
1
2
3
4
3
2
7
3
4
6
4
6
3
4
4
3
1
3
5
4
2
3
2
4
3
1
6
3
1
2
3
2
5
1
8
5
6
6
6
5
3
4
3
2
3
5
2
1
6
5
3
2
2
3
4
3
2
3
4
2
3
2
2
4
0
4
3
4
5
6
2
5
1
2
1
2
3
2
2
5
1
4
2
4
3
1
2
3
1
1
5
4
4
3
2
3
2
3
1
1
1
4
4
1
3
2
3
5
0
4
2
2
2
1
0
1
2
2
0
1
3
3
3
2
3
3
0
0
0
4
5
1
4
2
2
1
1
2
4
3
1
2
5
2
1
1
1
0
1
4
2
3
2
3
2
1
6
3
4
2
3
2
3
4
3
0
1
1
4
1
3
0
3
4
0
0
2
3
2
2
1
1
3
3
2
0
4
2
1
0
2
2
2
2
4
2
0
0
0
0
1
0
0
1
2
2
1
1
4
2
1
0
2
0
2
0
3
2
1
1
1
2
2
1
1
1
5
2
0
2
4
4
3
5
1
2
0
5
5
2
0
0
1
1
1
1
3
1
2
3
6
3
0
2
0
1
1
2
1
2
5
0
3
2
1
1
0
0
0
1
1
0
5
3
1
2
4
0
2
3
1
0
2
4
1
3
0
2
3
1
3
1
0
2
1
4
0
1
0
1
1
0
2
0
2
2
1
1
2
2
1
2
1
1
0
1
1
2
2
1
1
1
2
0
1
1
1
2
3
3
2
0
0
1
2
1
2
3
0
2
1
1
3
1
1
0
0
0
1
1
1
2
0
1
0
1
0
0
1
3
0
1
1
0
1
0
1
3
2
1
2
4
0
0
1
1
2
0
5
0
1
1
3
2
0
2
2
1
2
0
1
0
2
0
1
1
1
0
1
1
1
1
0
1
0
1
0
1
1
2
2
0
0
1
0
0
2
1
1
1
0
1
1
1
1
0
0
0
1
0
1
1
2
1
0
1
2
2
0
0
0
1
0
0
0
0
0
2
2
0
0
0
1
1
0
0
1
0
0
1
0
0
0
1
0
3
1
1
0
0
0
0
0
0
0
3
1
3
0
0
1
1
0
2
1
0
2
0
1
0
1
0
1
0
0
0
0
2
0
2
2
0
0
0
0
2
0
0
0
0
1
1
0
2
2
1
0
0
1
1
0
0
2
0
0
0
0
1
1
1
1
1
0
0
0
0
0
0
0
0
0
2
1
0
1
1
1
1
0
0
1
1
1
1
0
0
3
0
0
3
0
0
3
1
1
0
0
0
1
0
1
1
2
1
0
1
0
1
1
0
0
0
0
2
0
0
0
2
0
0
0
0
2
0
1
0
0
0
3
2
1
0
2
0
0
0
0
0
0
1
1
1
0
1
0
0
1
0
1
1
0
1
1
0
1
1
2
0
0
0
1
1
0
0
0
0
0
0
0
0
2
1
0
0
0
0
0
0
0
1
0
0
2
0
0
1
0
0
0
1
1
0
1
1
1
1
0
0
0
1
1
0
0
0
0
1
1
0
2
0
0
0
0
0
1
1
0
1
0
0
0
0
0
2
0
0
0
0
0
0
1
0
0
0
0
0
0
1
0
0
0
1
1
0
0
0
0
0
0
0
0
1
0
1
0
0
1
0
1
0
0
0
2
1
2
0
0
0
0
0
0
1
0
0
1
0
0
0
0
0
0
0
1
0
1
0
0
0
0
1
0
0
1
1
0
1
0
0
0
0
0
0
0
0
0
0
1
0
0
0
0
1
0
0
2
1
0
0
0
1
0
1
0
0
0
0
1
0
0
1
0
0
0
0
0
0
0
1
0
0
0
0
0
0
0
0
0
0
1
0
0
0
0
0
0
1
1
0
1
0
0
0
0
0
0
0
0
0
1
0
1
0
0
1
0
0
0
0
0
0
1
0
1
0
0
0
0
0
1
0
0
1
1
1
0
0
1
1
0
0
0
0
0
0
0
0
0
0
0
0
0
0
1
0
0
0
1
0
0
0
0
