0
0
0
0
0
0
0
0
0
0
0
0
0
0
0
0
0
0
0
0
0
0
0
0
0
0
0
0
0
0
0
0
0
0
0
0
0
0
0
0
0
0
0
0
0
0
0
0
0
0
0
0
0
0
0
0
0
0
0
0
0
0
0
1
0
0
0
1
2
4
3
1
3
2
2
2
5
1
1
0
3
3
13
34
123
349
891
2248
4879
9547
17070
27558
40773
54529
66249
73066
73424
66480
55105
41341
28157
17406
9785
5036
2311
1014
381
159
52
12
3
4
4
3
2
1
2
3
1
2
0
1
1
1
0
1
1
1
0
0
1
2
70
54
51
37
49
44
51
52
48
57
49
57
48
43
45
37
41
44
51
38
47
51
49
36
40
39
43
32
45
46
26
42
47
29
31
39
28
33
52
25
34
35
39
32
43
30
33
30
30
44
34
35
41
46
50
42
37
46
51
48
48
60
49
57
73
78
78
91
107
151
177
232
281
319
303
355
319
322
275
238
197
182
140
102
92
67
58
52
57
46
45
31
38
54
51
39
39
45
36
45
36
43
35
54
42
60
65
53
49
56
64
84
66
93
88
95
101
95
106
133
147
152
162
209
262
372
581
865
1351
2307
3530
5175
7615
10226
13322
16134
18633
20629
21137
21025
19664
17591
14710
11811
9112
6677
4921
3609
2564
1804
1390
1052
793
712
598
535
590
636
780
1021
1272
1581
1830
2132
2301
2372
2341
2254
2102
1756
1514
1196
938
690
488
377
274
240
181
179
162
159
129
107
81
60
40
30
13
19
19
12
11
13
10
13
15
9
12
14
8
8
8
18
8
5
12
12
8
4
10
8
8
14
9
8
7
12
6
10
9
5
12
17
16
11
12
21
22
26
30
22
21
21
22
24
30
20
17
27
21
14
17
18
20
24
22
24
26
21
20
18
25
18
23
17
20
14
25
18
25
20
19
27
10
9
16
9
9
6
10
6
7
6
6
7
8
9
6
8
5
5
6
5
4
10
11
4
9
3
7
7
7
11
2
5
5
6
8
5
7
12
5
11
7
11
9
10
16
13
12
10
15
22
15
10
17
12
11
5
5
11
8
8
12
10
5
14
4
12
13
10
11
6
12
17
11
11
10
15
5
7
12
6
6
4
1
5
8
7
9
3
6
9
13
3
6
7
7
6
7
4
7
6
7
11
8
5
8
6
9
6
12
6
6
8
9
2
9
8
6
8
7
10
1
8
9
5
5
9
14
2
5
3
6
8
8
11
3
6
7
4
3
5
7
6
6
10
9
10
10
5
4
11
12
5
6
8
12
10
7
13
9
8
9
10
6
9
4
5
9
6
5
4
8
2
9
8
8
6
5
7
4
10
12
6
11
9
5
7
8
8
6
6
9
6
10
7
7
13
9
9
12
9
8
11
8
6
14
16
9
6
12
10
7
9
9
17
10
6
5
5
8
10
13
14
7
11
9
14
3
9
11
8
12
14
7
13
9
6
10
11
17
4
7
16
10
10
8
12
12
15
16
23
23
25
17
30
31
25
29
23
35
25
21
35
29
37
29
32
33
45
33
33
44
31
33
47
32
35
31
42
51
38
44
44
47
42
32
43
39
35
29
37
41
30
35
32
29
35
25
33
30
26
25
27
21
23
18
23
23
32
17
21
21
19
14
18
19
26
27
14
21
22
15
20
18
18
17
19
23
14
22
15
17
26
24
16
19
24
24
31
22
36
28
24
25
28
26
27
22
23
37
35
29
31
29
25
23
32
27
23
28
30
28
22
31
26
31
24
26
36
23
31
27
42
28
36
35
33
37
36
24
46
33
40
30
47
40
29
37
28
31
38
45
34
42
43
44
42
39
38
42
36
44
53
49
50
48
58
46
48
43
43
55
56
47
48
46
59
56
49
63
56
50
57
63
67
58
66
54
73
63
62
66
63
78
68
64
62
63
67
69
94
89
81
74
88
81
108
90
95
106
108
120
104
114
103
102
84
92
103
85
91
86
83
102
81
87
83
83
76
76
84
70
79
79
92
81
76
75
73
71
79
83
79
90
86
65
76
93
87
74
94
78
85
95
73
77
71
89
98
79
83
64
79
83
91
93
77
71
76
75
75
73
74
71
78
64
73
64
81
87
73
83
85
93
70
77
90
85
75
84
83
84
85
72
70
76
90
78
80
79
83
74
77
72
89
85
74
69
66
84
77
79
80
77
86
66
75
77
80
82
76
82
76
84
75
73
92
74
77
74
80
82
82
94
100
86
83
92
79
87
83
90
91
86
86
78
93
88
96
84
104
118
96
98
102
99
109
109
127
109
124
136
132
145
182
206
253
370
432
529
702
853
1051
1345
1685
2052
2444
2905
3313
3769
4116
4487
5059
5185
5284
5480
5477
5345
5263
4935
4587
4083
3688
3180
2664
2273
1946
1518
1303
985
819
601
486
395
314
240
218
157
135
111
120
113
132
108
124
96
92
78
97
100
106
116
100
103
97
81
94
98
108
92
100
105
113
99
112
111
110
110
117
108
100
105
108
110
102
122
111
113
125
101
109
104
112
136
106
111
121
115
121
97
112
141
142
129
120
141
122
165
164
162
177
201
236
250
285
322
364
420
404
512
511
541
632
711
740
782
807
804
817
809
781
767
733
631
627
543
468
477
396
350
297
286
255
204
206
188
174
166
150
164
157
145
150
153
148
157
139
142
140
142
119
153
143
161
153
145
150
140
159
140
161
155
168
134
159
153
138
180
141
154
153
169
180
163
156
168
167
170
176
166
173
194
188
183
186
214
171
182
198
180
195
198
194
232
204
215
191
196
223
205
222
238
215
253
237
213
257
251
237
257
292
257
286
271
231
309
270
309
297
332
308
304
333
347
315
311
342
334
317
339
338
333
325
366
341
344
348
332
367
359
336
373
345
362
348
357
353
368
360
351
324
355
350
341
348
342
332
351
321
329
286
316
305
302
326
305
296
305
305
315
309
291
281
298
264
277
259
267
257
254
281
258
252
262
236
191
229
195
231
223
193
224
228
187
212
198
201
209
203
174
190
190
163
199
163
160
164
172
161
149
165
160
185
165
175
153
159
184
176
183
205
163
146
174
150
196
170
154
178
168
169
129
164
153
153
163
147
167
165
179
158
168
177
175
137
168
178
184
179
161
166
183
196
195
168
181
201
216
196
179
173
195
184
231
210
194
178
193
203
198
232
208
207
229
220
223
213
207
216
189
225
230
246
202
237
216
234
232
199
188
185
235
216
199
195
207
203
209
206
201
176
200
196
193
201
188
193
199
184
205
184
203
169
169
172
200
188
167
174
197
192
191
181
193
166
176
175
165
192
164
199
189
227
182
180
162
186
182
191
203
168
204
168
173
186
186
198
177
148
189
162
180
168
209
156
180
160
199
190
187
176
152
208
171
186
177
176
155
167
166
177
191
172
175
165
163
207
192
169
189
183
195
177
190
191
180
208
189
180
229
185
210
199
208
214
201
204
197
190
189
186
193
212
176
199
202
213
184
218
193
179
186
178
200
187
195
213
202
225
180
225
212
197
205
182
189
187
219
201
212
204
176
227
201
215
204
198
191
182
197
230
215
211
213
197
188
207
179
201
228
198
233
228
216
227
216
206
215
222
216
224
234
211
232
244
216
201
228
208
219
227
238
243
217
230
202
235
251
243
243
230
238
225
245
243
232
243
236
254
240
256
233
233
223
228
234
221
248
256
227
212
237
254
243
247
226
256
235
256
218
243
225
241
227
244
257
238
254
239
258
217
226
234
216
252
213
210
226
224
240
226
204
229
234
218
220
193
220
187
186
224
203
187
215
221
233
205
235
204
215
217
192
204
223
210
186
236
191
196
206
205
226
206
201
215
210
215
199
196
200
213
207
209
203
190
186
210
205
192
203
207
207
182
198
203
192
182
189
207
204
193
189
181
200
207
195
192
207
207
201
168
197
205
204
188
229
213
149
211
196
205
223
199
213
193
203
196
202
199
219
152
194
228
212
206
200
201
214
211
187
204
193
221
200
200
187
197
225
211
205
181
204
206
182
219
227
202
204
192
216
201
191
191
194
190
196
173
208
182
178
197
168
194
214
216
163
193
176
200
190
194
209
169
194
228
222
201
199
189
177
204
199
206
188
194
197
224
196
187
219
196
209
203
177
203
201
201
198
194
190
188
212
211
198
215
203
180
181
188
204
194
181
160
197
186
247
205
217
207
206
209
209
233
190
196
192
220
220
197
184
203
233
200
210
177
188
197
208
227
219
206
212
212
200
228
182
230
214
217
201
253
209
209
243
205
235
195
218
224
221
234
236
224
219
219
213
242
191
220
219
240
221
212
202
220
261
226
221
235
223
230
234
257
226
231
233
257
288
258
256
239
261
259
266
264
282
286
268
259
296
271
260
268
258
255
298
325
307
288
306
323
305
284
307
284
303
337
349
336
320
350
344
364
355
349
396
380
338
382
396
420
414
444
416
439
466
447
448
514
513
521
513
542
546
555
589
597
593
624
681
692
690
747
764
804
721
790
811
848
924
922
898
913
1005
981
987
1042
1039
1074
1132
1151
1124
1077
1147
1150
1133
1186
1162
1219
1203
1215
1225
1257
1186
1237
1132
1155
1205
1197
1131
1120
1094
1056
1112
1079
1044
1028
1039
1016
992
944
901
847
857
880
763
791
807
741
696
746
641
702
640
599
619
597
508
517
514
514
469
498
444
456
421
381
408
380
392
344
355
376
321
336
313
294
324
332
289
282
270
295
265
280
267
260
300
278
260
250
250
236
244
222
217
253
229
196
205
232
222
206
182
185
217
212
205
172
199
207
203
220
183
187
168
200
196
179
214
188
207
202
208
212
224
234
243
229
243
254
246
250
275
299
316
322
312
379
341
369
395
360
391
375
389
379
374
402
410
399
435
372
358
357
350
307
292
301
305
269
261
237
250
219
231
209
225
182
168
167
150
150
170
135
153
130
146
124
149
144
131
129
120
125
116
135
137
126
106
132
143
134
139
122
156
138
141
124
146
137
150
144
160
170
176
147
151
175
162
171
174
162
157
164
175
159
190
203
176
174
204
191
227
201
167
190
218
203
219
222
210
212
175
202
218
197
192
221
209
200
226
232
233
249
229
226
237
209
223
234
212
238
194
204
207
231
203
194
215
182
176
191
199
191
174
189
203
152
191
163
160
167
167
154
155
169
155
156
134
147
142
126
124
138
135
124
117
108
119
115
115
120
151
124
102
102
106
105
115
96
89
90
108
97
86
92
83
78
87
85
89
70
96
71
72
79
89
83
69
67
69
76
73
63
53
68
65
86
62
66
85
72
65
53
64
55
71
73
56
66
54
64
63
63
52
61
60
54
47
41
66
58
48
55
53
63
51
56
40
41
59
55
49
51
47
50
46
39
55
37
45
55
43
43
39
65
50
56
65
55
53
45
48
51
49
57
49
57
60
62
53
54
72
65
64
60
62
74
73
77
62
64
65
68
68
77
56
49
55
52
52
57
51
63
41
61
47
45
49
57
42
40
52
48
40
42
44
45
39
48
41
43
49
41
30
40
40
47
35
39
34
43
39
49
42
44
42
41
36
40
41
35
41
30
31
46
35
35
35
32
30
34
31
33
26
40
32
26
36
32
28
26
40
30
38
29
27
37
36
34
39
34
30
25
22
33
32
29
30
27
29
27
32
31
29
27
27
24
37
28
27
25
32
26
35
35
33
23
21
33
27
31
28
21
27
25
32
17
25
23
35
30
26
33
22
35
34
34
31
28
23
31
23
20
23
29
32
31
27
35
28
32
17
27
25
25
28
19
18
24
23
20
32
17
23
29
21
21
23
23
26
31
25
14
23
24
22
24
28
28
17
26
26
24
33
14
19
19
16
23
20
25
15
21
30
23
16
27
20
19
19
22
25
26
27
15
23
20
17
22
17
19
18
19
25
23
19
31
22
15
18
21
26
16
23
18
22
20
25
24
24
16
21
11
19
24
25
27
17
13
14
25
23
16
24
22
26
20
26
14
20
15
26
18
13
23
15
23
20
12
22
21
19
25
28
15
17
13
21
15
18
19
19
14
21
20
17
15
22
18
19
25
16
14
17
18
19
20
19
16
16
12
22
22
17
22
22
5
16
13
19
18
28
21
17
11
17
23
14
16
16
18
15
22
21
25
21
22
21
19
16
23
12
15
22
15
13
22
17
16
18
12
24
17
18
13
11
21
13
14
21
19
21
16
26
15
17
14
20
17
15
17
19
9
11
16
10
17
8
21
15
12
18
11
21
22
15
9
20
10
14
17
18
18
11
10
15
14
14
11
14
13
20
14
8
5
9
10
16
19
16
16
21
10
14
12
12
11
13
13
13
11
10
16
10
13
9
10
16
8
13
10
15
19
15
16
11
13
11
11
7
11
16
12
14
15
20
12
14
12
12
16
16
13
4
13
13
14
14
10
12
15
9
7
7
12
19
15
13
6
16
8
17
7
14
13
10
10
5
15
12
8
9
8
9
11
9
12
8
8
11
14
9
14
14
16
12
12
10
10
8
9
6
10
16
7
9
11
12
8
11
12
7
10
13
15
11
11
5
15
6
5
8
14
13
7
10
7
7
8
11
10
9
8
16
10
6
8
10
8
12
8
9
10
5
3
7
7
8
10
10
8
5
4
4
8
10
12
7
6
12
12
7
10
6
7
10
8
9
13
13
14
6
11
4
7
6
13
6
11
6
8
8
8
7
8
7
6
8
3
5
10
12
9
11
4
7
8
5
2
12
7
8
12
7
12
8
12
9
3
6
8
5
11
7
9
4
11
8
9
6
6
4
7
6
9
5
3
10
5
9
11
8
12
9
7
4
7
10
3
4
11
12
7
7
8
7
3
9
6
10
4
8
9
12
5
7
3
10
9
7
6
7
10
7
9
6
7
11
8
9
6
5
7
5
6
6
2
5
2
5
8
4
4
7
7
6
6
10
9
5
4
12
6
4
4
5
5
3
9
14
6
6
10
4
8
7
8
4
2
4
6
8
3
6
8
6
6
8
5
6
2
6
5
7
3
1
2
6
5
10
6
6
7
5
4
1
6
4
8
2
5
4
7
4
5
7
6
4
3
3
5
3
5
7
8
5
6
3
4
4
2
1
6
5
3
10
7
4
3
3
4
6
6
3
7
4
7
1
2
6
3
7
3
7
4
5
3
8
8
3
6
3
3
8
7
9
6
5
4
3
4
2
1
9
9
5
5
8
5
4
3
8
5
2
5
4
2
4
1
4
4
8
2
4
2
1
4
4
2
4
5
3
5
4
3
4
4
3
4
3
4
3
6
2
3
4
6
2
5
6
1
2
3
5
3
3
1
2
3
3
4
3
5
3
3
2
4
3
7
3
2
4
2
3
7
2
7
4
2
2
2
3
1
3
1
1
3
5
3
3
4
4
3
4
4
3
1
2
5
0
2
2
2
2
3
2
2
4
4
2
3
1
4
1
7
6
3
2
4
2
4
0
3
8
5
2
4
2
2
2
2
2
2
3
4
1
0
3
0
1
6
0
2
5
3
1
1
1
4
5
3
4
1
0
3
0
2
2
5
3
2
2
3
1
3
1
3
1
3
2
2
3
2
0
4
3
4
1
0
4
3
1
2
3
3
1
0
2
2
1
1
0
0
3
3
2
4
4
3
2
2
3
1
1
7
1
1
2
4
2
0
2
0
1
2
1
1
0
2
1
2
3
1
0
2
3
3
1
2
1
1
1
5
2
2
5
3
0
1
3
2
4
1
3
1
0
2
2
1
1
0
1
1
1
1
1
0
4
3
2
5
3
2
1
1
3
1
1
7
2
2
1
0
3
1
5
1
2
2
2
3
0
0
1
1
2
1
3
4
1
0
4
1
3
2
2
1
3
2
0
0
1
4
0
1
3
1
2
4
3
4
2
1
4
2
1
5
1
1
1
1
2
1
1
0
1
0
2
1
3
2
1
0
2
1
1
1
1
1
2
1
1
1
0
3
1
1
2
2
3
1
0
2
1
1
0
0
1
1
2
0
0
2
3
2
3
1
3
1
1
1
2
3
0
0
2
1
1
1
4
0
3
1
1
0
1
0
2
4
2
1
3
1
1
3
1
2
3
1
0
2
1
1
1
1
2
1
1
3
1
0
1
1
0
0
0
0
0
3
1
1
2
1
1
1
0
2
2
0
0
0
0
2
1
1
1
1
0
3
1
1
2
2
0
1
0
1
2
1
6
1
0
0
1
0
1
2
2
2
2
1
2
1
3
0
0
0
1
1
1
0
1
1
2
0
2
1
0
0
0
1
0
3
0
1
0
2
0
0
1
2
2
1
1
2
1
1
0
0
1
1
2
0
0
0
0
1
0
0
0
1
2
0
0
2
0
1
2
0
0
1
0
0
3
0
2
1
1
2
0
0
0
0
0
1
1
1
1
0
0
0
0
0
0
0
1
1
0
0
0
1
1
1
2
0
0
1
0
0
0
0
0
1
1
2
1
1
1
0
1
0
1
1
0
0
0
0
1
0
2
1
2
1
0
1
0
1
1
2
0
0
0
0
0
0
0
1
2
0
0
2
2
1
1
0
0
0
2
0
1
0
1
1
2
0
1
1
0
0
1
2
0
2
0
2
0
0
0
1
0
0
0
0
0
0
0
0
0
1
0
1
0
2
1
1
0
1
1
0
0
0
0
2
1
0
0
0
0
1
0
0
1
0
0
1
0
1
1
0
1
1
0
2
1
0
0
1
2
1
2
1
2
0
1
2
2
2
0
0
0
1
1
1
1
0
0
1
1
0
0
0
0
2
0
0
0
2
1
0
0
0
0
1
0
0
0
0
1
0
1
1
0
1
1
2
0
1
1
0
0
1
1
2
1
0
1
0
1
0
0
0
1
0
2
1
1
1
1
1
0
0
0
0
2
1
1
1
0
0
0
0
0
1
1
1
0
1
0
0
0
1
0
0
0
0
1
0
0
1
1
0
0
0
0
0
0
0
0
0
0
1
0
0
0
0
0
0
0
0
1
0
0
0
0
1
0
0
0
0
2
0
0
0
0
0
0
0
0
0
0
0
1
1
0
1
1
0
0
1
1
0
0
1
0
1
0
1
0
0
0
1
0
0
0
1
0
0
0
0
0
0
0
0
0
0
0
0
0
0
0
0
0
0
0
0
0
0
0
0
1
0
0
0
0
2
1
0
0
0
0
0
0
0
0
0
1
0
2
0
0
0
0
0
0
0
0
0
0
0
1
0
0
0
0
0
0
1
0
0
1
0
0
0
0
1
0
0
0
0
0
0
0
0
0
0
0
0
1
0
2
0
0
0
0
0
1
0
0
1
0
0
0
0
0
0
0
0
0
0
0
0
1
1
0
0
0
1
0
0
