0
0
0
0
0
0
0
0
0
0
0
0
0
0
0
0
0
0
0
0
0
0
0
0
0
0
0
0
0
0
0
0
0
0
0
0
0
0
0
0
0
0
0
0
0
0
0
0
0
0
0
0
0
0
0
0
0
0
0
0
0
0
0
1
0
3
1
2
3
1
0
3
3
4
4
1
1
2
3
2
4
2
11
46
127
370
948
2220
4799
9493
16645
27311
41044
54564
66110
73468
73344
66733
54802
41574
28046
17616
9754
5020
2360
974
366
143
51
11
4
5
2
1
2
1
1
0
0
0
0
2
2
1
0
0
0
1
0
0
0
4
45
43
45
54
60
57
50
41
35
62
39
50
55
51
44
39
36
33
29
56
37
47
41
45
37
46
36
45
37
33
45
52
38
30
49
41
46
40
32
37
36
39
30
38
35
38
35
37
27
38
39
42
45
43
48
52
44
38
57
52
58
55
59
48
49
63
60
83
119
142
195
216
238
302
361
336
341
341
274
217
220
145
109
102
84
59
55
48
47
51
46
43
48
51
34
35
51
32
42
41
33
53
34
60
49
49
53
58
53
55
57
83
66
80
92
91
105
102
104
95
123
143
165
192
284
376
561
881
1464
2191
3574
5167
7466
10288
13199
16164
18833
20643
21630
20747
19321
17528
14586
11780
9107
6825
4962
3592
2557
1759
1373
1122
869
708
581
541
552
570
795
1012
1243
1555
1854
2080
2248
2429
2417
2263
2114
1850
1482
1196
873
697
529
397
286
233
205
175
143
127
123
107
77
56
52
46
30
20
15
8
10
12
13
15
9
13
9
6
7
9
9
14
14
8
12
8
8
12
10
6
7
16
7
7
7
7
9
10
10
4
4
16
12
11
13
18
17
17
29
27
31
25
28
29
24
31
21
19
20
19
23
26
27
36
19
23
24
19
17
24
20
18
24
19
21
18
25
15
13
21
21
19
18
14
10
12
9
7
7
8
7
6
5
7
8
8
10
7
6
3
7
4
9
5
6
14
7
6
9
6
9
5
11
7
6
4
4
6
4
9
4
5
6
4
8
12
16
19
21
18
16
16
14
12
13
12
10
9
9
16
12
3
6
6
8
13
11
6
11
8
14
14
11
18
5
13
15
8
9
11
6
12
6
6
11
8
7
7
7
6
7
10
4
6
7
8
7
5
7
11
7
5
3
5
5
5
9
5
9
11
7
4
4
6
8
4
4
8
8
9
1
8
5
2
7
7
7
7
5
7
9
6
5
6
8
5
5
3
8
7
8
8
6
6
6
6
9
7
6
7
4
4
12
6
6
15
8
4
8
7
10
5
10
10
6
7
5
11
5
6
12
8
7
8
11
10
7
5
9
10
4
5
5
6
5
5
4
9
7
5
6
5
8
9
9
2
3
14
10
2
5
7
12
7
9
4
5
6
8
14
8
8
8
8
15
7
9
12
11
10
8
13
9
12
15
9
8
9
7
12
14
16
7
12
10
15
15
10
10
15
8
4
14
7
11
17
13
14
18
11
12
12
17
16
19
11
22
20
25
29
21
39
18
37
43
33
18
26
29
27
36
38
35
32
32
33
29
27
36
43
41
39
40
29
36
35
36
33
29
40
35
34
33
33
28
27
35
33
29
20
26
23
31
30
22
22
20
17
25
27
21
20
28
23
24
23
24
23
25
15
19
20
19
18
14
19
27
18
19
21
21
19
24
17
21
18
22
25
18
31
18
29
21
24
27
30
19
28
29
21
33
21
26
27
28
26
20
35
23
26
22
38
29
30
26
30
25
34
26
33
31
25
28
36
24
39
40
34
25
24
38
32
34
40
27
43
41
39
34
34
43
39
35
51
35
38
52
36
34
56
43
35
46
50
41
49
38
53
55
44
43
46
52
49
48
43
52
51
58
59
48
52
48
72
45
56
59
74
64
66
58
60
65
66
60
64
71
96
72
78
74
87
86
80
85
96
90
107
108
95
103
117
108
114
96
112
93
107
86
97
84
76
82
92
97
84
74
71
78
86
93
80
90
92
74
74
83
92
90
92
59
84
71
89
72
102
79
67
90
98
69
86
92
88
93
71
79
70
82
82
86
62
82
71
98
86
85
64
71
71
74
90
98
67
69
83
91
82
70
74
64
67
72
74
62
78
70
76
67
68
75
73
81
72
59
81
87
91
74
73
92
101
73
79
76
66
66
88
84
67
78
71
91
68
79
91
73
84
86
70
70
76
83
82
104
90
78
80
72
61
85
76
87
61
83
57
78
92
87
100
97
87
90
101
83
94
90
96
90
80
93
94
104
116
94
124
127
109
98
109
118
121
125
135
154
176
221
249
325
398
535
692
819
1077
1368
1638
1980
2425
2774
3285
3765
4217
4435
4848
5042
5191
5420
5377
5363
5092
4748
4440
4088
3671
3248
2564
2328
1909
1562
1297
1026
799
632
479
410
302
232
181
151
141
144
123
123
106
98
120
111
110
117
123
107
109
108
104
105
95
105
107
96
112
95
86
95
88
94
105
107
122
121
117
106
100
103
112
112
116
116
124
128
117
132
109
121
122
127
134
133
127
109
122
130
124
128
146
119
129
134
140
147
154
155
175
191
222
224
272
299
357
393
444
506
597
651
671
690
731
742
755
815
805
862
774
749
661
710
589
575
500
434
425
376
293
277
254
194
225
171
165
159
147
149
161
148
183
145
163
150
131
138
152
133
140
147
143
132
156
145
134
139
130
134
116
146
155
175
142
179
144
143
163
163
165
152
129
161
154
175
173
158
163
175
188
177
158
201
202
189
191
190
172
206
205
192
218
216
188
217
232
221
236
218
231
212
212
232
210
228
263
254
245
243
211
285
280
253
270
285
278
278
281
269
305
292
302
327
317
330
315
317
330
356
344
372
339
326
331
360
328
369
357
368
366
392
346
329
382
370
338
364
353
353
322
336
329
350
348
319
295
335
339
354
310
328
332
318
319
327
288
267
252
277
281
289
297
262
292
259
261
262
227
252
258
239
223
256
239
250
253
220
214
225
223
184
217
224
211
201
213
192
206
205
190
197
192
186
192
170
176
180
164
190
172
185
174
179
183
183
166
175
183
196
186
185
164
164
161
168
156
152
148
177
139
156
175
157
154
151
156
190
155
149
175
154
158
161
152
171
158
176
190
174
187
180
162
176
168
190
187
189
189
181
178
181
208
190
208
201
203
232
219
191
203
214
230
209
223
222
216
217
202
229
229
203
238
214
227
210
200
212
186
214
230
243
178
215
191
204
211
183
196
209
176
226
182
195
186
200
180
179
188
189
182
200
197
170
194
191
204
178
197
163
210
167
197
169
168
183
171
178
172
170
187
193
188
178
187
184
197
185
171
159
186
186
177
190
201
174
187
180
180
180
175
177
176
160
197
172
170
180
159
174
175
187
192
174
154
184
184
176
174
189
219
169
181
164
189
162
184
171
178
176
190
187
190
171
175
186
194
203
200
188
179
185
210
183
191
202
174
181
197
207
224
174
200
207
171
184
199
204
215
210
197
223
192
178
204
180
204
204
170
172
171
185
191
214
235
201
211
188
222
198
198
196
222
200
206
203
195
155
211
216
218
210
224
178
205
202
213
214
212
233
216
204
214
216
217
203
233
208
215
248
231
236
241
202
197
210
206
234
262
246
235
220
215
268
213
259
235
233
200
228
215
221
242
244
233
235
239
240
221
244
238
256
251
234
259
230
242
226
244
224
220
253
253
231
251
249
235
234
233
225
245
226
252
239
229
245
246
239
233
218
255
211
268
214
232
223
248
250
250
209
222
250
236
219
205
190
218
184
222
199
218
229
213
198
202
202
185
201
206
216
221
206
211
204
180
202
184
215
213
187
231
187
184
186
208
184
192
185
203
205
225
209
204
198
196
186
171
194
189
190
189
188
191
199
200
207
214
208
181
191
198
177
183
205
202
205
194
202
205
214
209
204
193
183
179
205
187
192
179
180
201
205
172
186
217
195
196
197
177
213
197
190
205
164
195
190
169
198
186
178
210
204
202
198
180
182
218
198
206
183
224
205
200
175
197
182
190
204
201
204
207
209
204
192
213
217
192
217
205
172
197
204
192
197
175
205
179
191
226
185
178
196
209
165
192
220
209
192
182
194
184
214
182
175
187
178
201
194
221
222
200
179
183
217
201
195
188
210
182
200
226
172
196
192
213
212
221
207
198
186
195
184
212
210
200
198
206
228
204
198
215
204
200
211
197
212
219
217
188
196
175
235
218
214
192
235
207
190
202
210
204
207
207
205
202
215
199
235
219
221
212
206
185
196
212
188
213
228
231
195
217
218
249
247
246
219
235
230
236
227
225
232
217
255
240
234
223
232
269
254
224
259
260
227
244
264
277
259
255
250
239
264
269
263
301
267
294
268
290
291
262
281
267
313
272
285
266
280
284
337
354
288
290
310
325
312
322
346
332
336
351
335
352
344
345
373
403
384
400
403
418
421
417
431
442
444
441
491
494
468
506
478
514
537
542
606
609
632
639
663
610
703
682
775
698
744
784
758
936
932
851
903
944
974
995
1031
1005
1029
1054
1126
1097
1106
1141
1163
1127
1214
1172
1179
1227
1203
1127
1195
1157
1221
1202
1194
1203
1202
1154
1113
1178
1111
1114
1139
1044
1064
1077
993
1000
959
989
924
915
811
828
820
839
762
745
726
701
692
613
610
578
624
546
575
526
530
522
497
468
407
434
410
396
436
417
362
368
356
338
330
336
339
277
308
297
303
295
286
296
262
281
266
269
247
268
262
249
257
260
237
225
216
214
230
265
214
199
213
230
204
189
207
197
186
188
197
212
184
207
203
183
185
170
191
173
156
180
208
198
218
223
212
245
235
218
233
269
271
267
283
291
304
318
325
297
346
365
394
353
352
386
374
375
374
381
377
418
441
385
336
342
382
318
314
321
324
298
276
277
202
243
216
209
198
202
177
154
181
148
144
150
153
162
105
144
137
110
127
133
144
135
123
130
117
128
134
134
132
156
131
158
150
161
163
145
126
128
123
134
143
137
147
145
148
152
162
162
135
160
185
174
174
179
170
162
160
182
160
175
191
171
186
186
182
190
187
191
205
243
200
218
217
210
209
224
221
258
210
218
196
222
234
195
236
225
211
177
219
229
202
211
198
186
201
195
172
179
174
193
181
198
190
191
196
146
139
136
161
164
161
158
142
129
143
118
146
144
136
129
147
141
124
101
120
96
123
119
123
119
100
99
104
115
96
107
95
97
84
94
86
86
75
85
95
91
81
83
86
84
96
83
83
81
72
88
58
81
65
51
69
67
81
70
68
68
58
73
62
69
72
66
75
62
67
53
63
55
67
62
46
67
60
60
64
62
50
57
49
64
48
56
42
49
48
57
47
48
34
46
37
47
45
36
47
50
53
48
61
45
66
47
41
50
53
39
46
33
50
56
59
48
49
56
55
45
54
52
61
66
59
62
73
75
63
68
64
68
66
84
64
51
72
66
78
65
66
49
63
60
59
58
65
47
61
47
49
45
44
52
35
40
47
45
36
34
42
38
41
34
41
35
40
41
40
41
29
35
41
39
37
48
27
34
48
44
41
42
44
39
34
44
44
34
37
29
29
45
31
29
33
41
28
38
33
32
26
29
37
29
39
36
27
25
29
36
29
28
25
28
30
28
30
21
17
45
25
29
35
30
21
26
26
34
31
23
27
23
20
25
37
24
30
23
23
22
43
21
29
24
28
34
26
25
22
31
27
29
31
24
30
33
21
28
26
26
32
16
27
21
24
29
32
34
20
27
21
28
33
20
22
23
23
32
22
27
23
35
23
15
18
26
13
25
23
27
21
26
26
28
17
20
27
31
23
21
25
27
29
16
37
17
25
19
23
24
26
16
27
25
23
21
20
20
21
18
22
20
30
19
19
26
20
26
13
18
28
18
34
23
21
21
17
22
24
18
29
22
36
29
18
24
19
19
19
22
31
17
24
25
20
21
21
15
17
29
20
20
21
22
21
18
17
21
24
21
18
19
20
28
13
21
15
27
15
14
22
13
29
19
14
18
22
18
16
25
22
17
19
26
26
15
14
32
18
13
21
22
24
17
15
15
12
19
16
15
16
13
17
20
12
18
17
9
15
19
14
15
11
15
16
18
13
16
9
13
22
20
22
17
18
14
12
18
23
19
18
20
21
14
14
11
15
12
9
15
17
9
17
16
25
14
12
18
12
23
16
14
23
15
18
18
20
13
12
18
17
17
19
14
18
10
13
11
17
9
19
18
15
15
15
18
15
16
11
13
17
9
12
16
15
13
15
13
22
12
13
19
13
15
16
14
15
19
15
9
12
19
16
10
10
12
12
17
11
14
11
7
10
15
6
13
12
12
15
9
14
17
15
11
9
12
19
14
12
15
12
12
15
14
7
25
13
10
17
12
10
13
15
15
9
14
15
15
14
16
11
10
14
16
12
13
12
14
12
12
15
10
15
16
10
14
10
7
13
10
11
7
15
7
6
14
11
9
12
11
17
15
8
8
12
9
9
7
12
6
7
12
6
7
9
7
3
9
10
11
15
10
14
13
8
17
10
13
11
14
5
8
8
7
13
9
10
14
6
12
15
5
8
12
9
10
7
9
11
12
8
6
8
6
12
8
13
10
7
9
12
7
8
9
3
10
7
8
8
13
10
17
9
9
6
11
8
4
11
5
16
10
10
12
12
12
7
12
8
13
7
7
6
4
14
10
10
9
9
8
3
6
6
4
8
7
8
5
10
6
13
6
5
7
9
8
12
7
10
7
8
13
9
3
6
6
6
12
8
9
5
10
9
6
6
5
5
6
8
6
3
2
5
10
8
10
4
13
8
6
11
10
7
6
8
6
6
5
7
10
7
3
3
6
4
5
2
8
8
4
6
7
1
7
7
5
5
9
4
5
4
3
8
5
3
4
5
7
5
5
7
12
6
10
7
9
5
3
10
5
6
8
1
9
4
8
6
7
5
8
5
8
5
4
3
7
8
5
3
4
8
6
10
5
3
3
4
5
7
8
9
4
3
10
2
5
4
7
2
6
5
6
4
4
2
3
6
6
4
4
3
4
3
8
3
6
5
3
4
5
6
5
6
5
4
4
4
8
4
6
4
5
6
8
8
3
3
7
5
5
5
4
5
8
4
3
8
6
5
4
8
5
2
7
7
7
2
4
4
5
6
6
5
4
6
7
1
2
4
1
1
5
3
5
8
3
2
4
3
8
3
5
5
6
5
1
5
11
5
0
4
6
2
5
10
6
6
3
4
6
6
3
3
2
2
3
5
6
1
7
6
2
6
3
5
2
4
3
1
4
4
1
5
4
1
3
6
2
6
3
2
3
1
3
3
2
2
4
4
5
4
1
2
6
3
2
6
3
5
1
6
3
5
3
2
2
5
7
4
5
1
1
1
1
2
2
2
1
2
0
2
6
4
2
3
1
4
3
4
1
3
3
0
4
2
2
4
6
2
2
2
0
3
5
3
1
0
2
3
2
2
2
2
2
0
1
2
2
3
2
5
2
0
1
0
2
2
0
5
5
2
0
1
5
8
5
1
1
4
4
2
0
2
2
2
2
2
3
1
3
2
1
4
0
1
1
2
5
4
1
2
4
1
3
2
2
3
2
3
2
1
1
1
2
2
0
1
6
2
3
1
3
2
3
1
0
3
1
2
5
3
0
1
2
4
3
3
1
3
3
0
3
0
0
3
2
2
6
1
0
0
3
3
1
1
2
1
2
1
1
4
1
1
4
3
2
3
2
3
3
2
1
1
1
2
2
2
1
0
3
3
2
2
2
3
0
3
0
1
3
2
1
1
1
1
1
0
0
1
0
1
1
2
3
1
2
3
2
1
2
2
0
1
2
2
1
3
2
4
2
4
4
1
2
2
3
5
1
1
1
2
1
1
1
2
1
1
0
2
1
0
1
0
0
1
0
0
1
1
1
2
1
2
2
0
1
1
3
0
1
0
0
1
0
1
2
1
0
3
1
2
1
1
2
1
2
3
1
0
0
1
0
1
0
1
4
1
0
2
2
1
2
0
1
1
1
2
2
0
3
1
0
2
0
2
0
2
0
0
2
2
2
1
2
1
1
2
1
0
1
1
0
0
2
1
2
3
0
1
0
0
3
2
1
2
0
3
2
0
0
1
0
2
1
1
3
1
0
0
1
1
1
3
3
1
3
0
0
0
0
1
2
1
0
2
2
1
0
0
0
1
0
0
1
0
1
2
2
0
1
0
1
1
2
0
1
3
0
0
3
0
0
0
1
2
0
1
0
2
1
3
1
1
0
1
0
1
1
2
0
1
0
0
2
1
1
0
0
0
0
1
0
1
1
1
1
2
0
1
4
0
1
0
1
1
1
0
3
3
0
2
0
1
2
0
1
0
1
1
1
1
1
0
0
2
0
1
0
2
0
1
0
1
0
0
0
1
0
0
0
2
1
1
1
0
1
0
1
3
0
0
0
0
1
2
1
2
1
1
0
1
1
1
1
0
0
0
0
0
1
0
1
0
0
2
0
0
0
0
1
0
0
0
0
2
2
1
0
1
1
2
0
1
2
1
0
0
0
1
0
0
0
0
0
1
1
1
0
2
0
1
0
1
0
1
0
0
0
1
0
1
0
1
0
0
1
0
0
0
0
0
3
1
1
2
0
0
1
0
0
0
0
0
0
0
1
0
1
2
0
1
1
1
2
2
0
2
0
0
2
1
0
0
3
0
2
1
1
1
2
1
1
0
0
1
1
1
1
0
2
1
0
0
1
0
0
0
0
0
0
0
1
1
0
1
0
0
0
0
0
0
0
1
0
0
1
0
0
2
0
0
0
0
1
0
0
1
0
0
0
0
0
0
0
2
0
0
0
0
0
0
0
0
0
2
0
0
0
0
0
0
0
0
1
2
0
1
0
0
1
0
0
1
0
0
1
0
0
0
0
0
1
0
0
0
0
0
0
0
1
0
1
1
1
0
2
0
0
0
1
0
2
0
0
0
0
0
1
1
0
1
0
0
0
1
0
1
0
0
1
0
1
0
0
1
0
0
0
1
0
0
2
0
0
1
0
0
1
1
0
0
0
0
0
0
0
0
0
0
0
0
1
1
0
0
0
0
0
0
0
0
0
1
0
0
0
0
2
0
0
0
1
1
0
0
1
0
0
0
0
0
1
0
0
1
0
0
0
0
0
0
0
0
1
0
0
0
0
0
1
1
0
0
0
0
0
0
0
0
0
0
0
0
1
0
0
0
0
0
0
0
0
0
0
0
0
1
0
0
0
0
0
0
0
1
0
0
1
0
0
1
0
0
0
1
0
0
0
0
0
0
1
0
1
0
0
0
0
0
0
0
1
1
0
1
0
0
0
0
0
0
0
