0
0
0
0
0
0
0
0
0
0
0
0
0
0
0
0
0
0
0
0
0
0
0
0
0
0
0
0
0
0
0
0
0
0
0
0
0
0
0
0
0
0
0
0
0
0
0
0
0
0
0
0
0
0
0
0
0
0
0
0
0
0
0
0
0
1
0
2
4
1
1
2
4
2
5
2
3
3
7
2
4
6
12
35
120
356
920
2205
4847
9515
16738
27447
40729
54342
65818
73235
73370
66933
55238
41458
28201
17587
9915
4973
2287
966
396
116
44
19
6
8
0
1
0
0
0
2
1
1
1
1
0
0
1
0
0
0
1
0
0
6
57
45
49
56
42
47
55
59
36
51
53
43
47
49
43
55
53
49
45
46
38
41
35
40
46
55
30
54
43
43
31
32
28
29
34
37
34
39
45
35
38
45
41
48
44
25
30
43
40
47
32
51
49
42
38
48
47
46
40
45
57
54
50
50
60
72
81
103
139
139
186
252
267
304
344
331
331
330
290
225
194
170
118
108
81
69
66
56
46
52
38
35
51
52
39
37
40
45
34
37
52
43
47
51
53
57
41
58
56
66
61
67
100
68
88
76
99
99
114
101
132
138
158
209
262
386
550
946
1490
2333
3493
5356
7469
10398
13085
16349
18722
20650
21271
21033
19549
17445
14948
11976
9171
6944
4932
3544
2459
1903
1397
1090
823
641
588
497
595
666
817
1021
1208
1559
1853
2081
2217
2415
2421
2370
2067
1843
1405
1206
862
647
500
361
295
229
228
184
158
130
114
94
83
67
60
26
16
26
14
14
14
10
8
13
11
11
10
11
11
7
11
8
9
15
4
7
8
6
6
7
4
10
11
8
7
10
7
4
10
6
13
12
12
16
20
20
21
15
20
20
22
32
19
28
23
29
19
12
20
17
21
16
21
23
21
25
25
26
30
22
23
19
26
20
15
29
20
17
18
15
21
14
19
12
13
17
10
7
12
5
7
3
4
10
6
6
10
5
8
12
6
3
8
9
6
6
7
6
6
4
4
4
6
5
6
7
5
11
11
13
5
7
5
8
8
14
17
10
13
19
21
14
7
16
16
9
10
9
13
6
6
8
9
6
8
7
10
5
11
4
9
11
10
14
15
17
13
10
10
8
8
7
4
4
4
6
9
7
7
5
5
3
6
8
7
4
10
7
5
8
10
6
9
7
9
8
5
5
5
10
8
8
8
6
6
7
5
9
6
6
7
6
7
8
4
3
3
5
11
5
10
7
8
7
9
5
5
3
8
4
2
7
7
2
5
8
4
7
8
7
6
8
9
9
5
10
7
7
6
6
6
1
9
6
5
14
7
6
6
4
3
8
6
6
6
18
4
8
7
5
7
8
5
5
8
6
4
9
4
5
7
13
8
6
8
9
7
13
8
10
7
8
8
7
4
4
7
5
8
8
17
12
4
8
12
16
11
10
13
21
15
10
7
7
10
9
9
11
8
8
9
11
13
8
13
6
12
12
8
8
16
7
16
17
19
14
14
18
13
16
17
15
14
14
20
25
12
19
26
19
24
28
29
31
39
28
26
30
36
35
43
38
39
38
49
34
40
38
44
43
34
33
31
29
44
27
37
31
37
40
35
36
35
37
28
29
27
29
29
23
30
26
23
24
30
30
20
16
21
20
21
21
15
20
26
24
21
26
18
21
21
23
17
23
26
29
17
23
19
19
17
19
26
17
28
27
23
23
24
17
27
22
24
24
24
28
26
29
32
24
28
21
23
32
39
34
26
28
32
30
25
32
36
29
31
28
46
27
22
25
31
29
27
38
38
22
24
37
44
34
51
28
32
43
25
44
32
49
45
39
39
32
42
46
38
37
28
42
47
30
36
59
43
41
36
41
51
54
54
41
48
57
48
47
53
47
44
57
55
54
54
47
48
57
63
86
57
57
61
59
63
61
67
78
77
64
76
85
77
74
94
76
93
98
111
92
98
108
105
94
92
103
112
106
101
111
96
103
104
70
75
94
62
90
75
88
101
82
86
82
71
90
67
70
77
67
88
80
77
100
88
90
81
83
72
66
83
71
79
68
81
88
75
71
74
78
80
73
110
80
97
96
78
84
86
69
72
89
75
74
65
77
82
92
74
82
72
82
92
75
77
80
62
76
78
80
89
110
78
94
74
88
74
88
85
98
75
69
99
78
73
78
82
73
86
83
96
71
76
79
89
63
75
81
92
81
97
67
72
88
76
77
92
90
89
92
80
76
86
83
79
84
94
90
95
77
77
91
85
87
84
75
67
99
77
100
96
82
81
83
94
88
100
103
114
98
101
94
105
124
123
108
132
160
151
182
229
263
349
428
587
703
897
1116
1354
1632
2098
2450
2763
3335
3652
4178
4622
4886
5194
5519
5521
5340
5368
5153
4857
4426
4063
3589
3173
2670
2363
1909
1595
1235
1047
812
605
468
403
315
244
218
176
151
135
123
136
110
123
106
113
113
104
105
95
113
106
92
100
116
112
120
109
104
112
106
98
106
128
117
98
97
120
115
124
100
105
130
106
110
124
118
111
127
117
99
113
145
99
108
120
125
132
120
115
104
137
112
118
144
132
132
159
187
176
175
161
219
278
304
301
340
375
479
554
555
627
690
732
691
791
791
783
830
820
795
728
709
679
600
539
520
472
398
375
327
291
224
226
218
180
182
187
180
163
159
121
138
155
132
128
149
136
146
150
164
133
148
162
145
141
175
146
134
149
172
185
137
138
143
161
147
169
152
159
162
174
173
158
184
160
176
190
169
180
187
172
176
178
195
179
199
191
171
189
193
203
204
190
215
199
208
218
192
240
240
246
240
254
220
244
251
264
249
276
274
286
251
255
271
248
295
262
262
303
302
296
305
332
347
343
296
313
317
313
331
338
374
332
321
379
353
367
362
336
362
353
353
377
367
330
343
316
339
355
338
405
327
324
331
335
313
364
331
333
322
329
292
299
347
326
269
284
297
286
284
283
277
277
259
250
250
275
240
228
274
234
250
243
235
242
244
243
237
193
235
205
209
199
205
213
217
180
213
166
208
198
176
174
151
196
184
202
189
190
168
190
162
173
162
195
144
162
183
164
146
146
168
180
140
153
148
153
182
155
185
193
178
149
152
169
162
157
158
157
157
168
172
163
187
178
177
176
176
161
169
153
183
189
200
187
199
192
181
183
168
215
192
192
215
220
205
231
227
225
206
231
211
216
225
238
198
243
224
244
193
220
239
209
251
221
195
210
204
207
233
216
221
220
204
183
207
201
174
212
208
211
204
208
205
192
203
179
190
186
202
187
203
212
181
186
200
206
173
198
164
197
153
178
200
179
168
167
171
194
180
185
189
170
193
163
186
175
179
191
178
169
176
181
188
164
176
181
164
176
158
166
187
172
166
172
181
194
162
172
200
198
193
160
173
189
176
194
199
179
163
183
202
193
204
168
192
166
197
211
201
203
181
180
168
189
189
189
188
195
191
172
197
174
185
189
192
202
175
195
204
209
192
194
200
188
193
193
180
199
176
188
205
190
201
191
221
196
177
221
187
180
192
190
202
211
202
190
203
219
195
213
192
192
197
212
216
191
227
211
202
208
239
201
209
194
231
235
193
224
228
234
206
223
228
214
207
221
226
221
252
218
223
227
240
234
227
233
214
217
261
266
220
241
248
233
238
236
232
252
198
225
240
227
222
290
229
223
226
229
240
218
231
237
252
240
285
252
247
224
250
221
239
237
235
244
247
239
241
238
241
241
242
254
230
239
214
208
245
225
239
216
236
264
223
230
216
219
239
207
250
237
214
231
233
219
243
186
234
235
230
223
226
238
192
216
216
201
204
210
236
205
192
210
220
223
208
222
189
214
212
195
217
202
189
208
189
201
201
217
227
198
197
207
198
173
184
221
207
194
172
191
177
172
191
196
210
207
206
212
185
224
189
182
238
206
228
190
203
204
207
178
178
218
209
197
187
204
216
215
191
227
220
223
185
186
200
197
188
187
213
203
214
187
203
215
209
189
209
215
218
198
186
174
184
215
194
193
216
198
209
192
182
201
181
228
214
200
194
207
190
199
204
197
202
188
197
207
189
195
226
194
168
175
205
200
188
208
164
190
180
188
178
203
220
201
211
196
201
201
192
229
188
198
192
179
207
192
226
206
189
212
196
222
186
207
214
192
208
176
225
204
175
199
186
185
207
189
215
209
197
220
176
193
194
187
192
183
208
211
199
198
214
188
212
200
206
191
222
190
211
200
195
217
197
208
204
182
177
214
221
219
205
220
224
219
211
211
208
213
223
180
214
201
214
208
214
200
207
232
206
220
244
248
249
214
227
232
223
249
253
245
222
236
233
236
230
289
240
246
243
240
256
266
269
259
226
277
259
259
249
252
251
271
265
273
243
279
315
273
260
313
270
269
307
311
295
274
305
287
305
336
309
303
351
326
313
333
321
346
345
362
334
348
398
322
400
392
384
354
411
405
392
395
426
479
495
471
474
542
521
592
552
597
553
569
610
627
613
635
659
756
747
709
769
772
789
793
885
864
923
885
956
983
1018
1035
1026
1044
1046
1119
1130
1108
1167
1137
1168
1172
1159
1203
1165
1151
1187
1184
1247
1210
1226
1172
1134
1214
1139
1153
1162
1164
1077
1082
1033
1007
1054
1031
1025
974
940
990
865
857
828
888
816
765
738
706
667
669
717
609
652
582
544
551
512
482
532
488
462
440
413
441
489
403
404
398
400
349
347
370
378
315
350
334
319
275
282
297
273
283
248
266
256
292
270
254
251
258
246
246
245
232
235
228
220
222
235
223
224
226
194
198
205
222
195
196
176
194
202
168
169
184
165
178
199
205
180
182
224
228
229
249
246
249
239
252
312
265
257
297
308
309
305
365
338
362
354
354
386
396
335
381
405
358
424
359
383
408
395
390
378
369
353
310
309
300
300
265
262
228
228
197
213
200
179
180
182
142
144
159
153
139
128
139
142
123
130
140
140
144
132
122
147
121
131
140
139
133
120
132
147
157
137
148
151
145
152
137
141
152
155
170
162
153
168
161
143
182
181
190
167
170
173
201
182
174
185
165
195
193
210
205
224
209
194
193
227
215
196
240
220
243
218
218
218
212
224
208
204
231
222
210
215
217
223
215
223
209
222
188
211
190
188
202
193
217
177
194
176
180
202
164
148
177
171
168
156
170
147
181
162
179
149
163
126
128
155
142
155
129
128
114
132
115
122
115
125
115
113
97
80
102
109
95
86
106
93
96
95
94
108
85
93
97
89
92
62
108
81
86
91
95
96
82
79
98
62
68
69
68
89
83
63
78
74
83
72
78
52
83
58
44
49
61
56
48
52
52
56
69
61
53
62
66
55
51
46
61
59
56
59
54
48
47
50
45
48
54
56
48
57
55
53
55
44
39
56
35
58
63
50
47
45
49
44
62
39
52
53
41
56
64
57
56
69
50
62
53
74
43
70
73
71
56
72
69
65
80
58
64
63
73
64
56
80
66
46
59
58
54
48
60
51
63
45
52
43
48
44
46
44
38
40
43
33
39
44
50
31
41
43
40
49
41
34
26
47
38
31
45
36
47
36
34
41
40
35
38
39
50
47
45
44
34
32
39
31
41
21
30
33
34
27
22
30
37
29
33
22
23
37
30
27
32
28
31
29
31
33
35
21
26
33
31
26
39
28
37
37
31
22
21
29
24
33
27
38
25
28
32
37
35
30
23
31
25
27
29
21
25
31
33
22
31
33
30
31
21
23
29
33
32
25
29
33
26
25
15
29
25
26
27
21
29
20
28
22
32
32
28
30
26
30
22
22
24
28
27
36
26
26
28
16
31
32
26
30
26
17
27
28
23
30
31
27
30
16
20
30
19
30
25
26
30
28
24
23
23
26
18
22
19
25
18
20
21
29
22
16
25
22
18
23
27
18
25
21
25
14
22
22
29
25
18
31
18
27
18
27
24
17
27
23
27
25
24
15
20
25
23
14
21
23
20
18
22
9
22
18
22
26
20
27
17
21
8
31
13
18
18
20
15
16
19
16
22
18
14
19
16
26
20
24
15
15
19
21
22
18
17
12
17
12
14
17
25
23
17
25
23
12
19
11
16
11
15
29
18
24
16
19
24
18
19
22
22
15
16
21
31
16
17
22
24
17
22
9
14
9
24
13
21
24
17
15
16
25
17
13
13
20
10
15
8
15
15
17
15
12
17
10
18
13
17
19
18
15
14
17
13
12
13
23
7
12
17
10
15
13
17
16
19
19
15
10
15
15
13
19
22
14
15
8
8
15
18
11
18
12
12
14
23
17
13
13
13
13
9
17
18
13
16
20
10
16
19
9
13
17
9
25
18
12
13
18
17
12
9
16
8
12
19
11
13
13
15
12
9
17
11
20
16
18
14
16
7
19
15
15
15
11
13
18
11
16
12
19
17
8
14
10
12
8
6
15
16
10
5
9
15
5
6
13
16
9
9
10
11
9
10
16
12
7
15
12
11
9
9
8
10
11
8
8
9
10
16
14
10
11
8
14
13
9
14
17
9
9
11
12
16
12
11
10
6
8
10
7
13
15
8
13
6
15
8
6
5
11
13
10
8
8
7
6
12
13
8
8
15
7
13
4
9
9
10
3
8
8
10
6
12
11
7
8
9
11
5
10
9
8
3
11
7
5
7
7
5
6
9
13
7
9
13
11
7
7
6
16
5
13
6
8
7
7
8
12
8
9
12
7
11
5
5
7
8
11
6
13
10
11
5
9
10
8
8
9
12
6
9
9
5
8
7
8
8
7
4
7
12
7
6
10
5
12
4
7
4
5
5
8
11
6
10
4
12
9
13
3
3
7
10
2
5
7
6
4
3
5
9
8
5
4
10
11
10
4
13
3
4
7
11
7
5
6
7
5
7
9
6
3
4
7
4
4
7
7
5
7
4
3
6
7
12
7
6
6
6
7
9
8
2
4
9
7
7
6
8
12
5
10
8
5
4
7
5
4
5
8
8
4
5
2
6
12
4
9
6
4
5
5
5
8
5
10
7
2
6
3
4
6
7
3
5
6
5
5
9
4
9
4
9
2
5
8
8
4
10
7
7
6
6
1
9
3
8
0
4
5
5
7
6
7
3
5
6
4
2
5
5
4
8
4
6
4
4
4
9
2
5
4
3
5
4
1
8
3
3
4
3
4
6
2
8
1
9
6
4
4
10
10
6
5
3
5
4
6
3
4
7
3
3
3
3
4
3
2
5
6
4
3
4
3
4
5
6
1
0
3
3
4
7
4
2
3
3
7
4
3
4
4
3
6
3
6
2
7
4
3
3
5
3
0
1
6
2
2
3
2
4
4
1
4
1
1
5
2
1
3
4
7
5
2
5
4
6
1
5
5
1
2
5
1
5
3
1
0
3
8
1
0
4
1
2
4
1
3
1
7
2
2
1
6
1
2
6
0
2
4
5
3
2
2
2
2
2
2
6
3
2
5
2
0
4
2
2
1
3
0
1
1
4
3
2
3
2
3
1
2
3
4
3
3
3
3
1
2
3
2
3
5
3
0
3
4
5
2
3
2
4
3
3
5
2
3
3
2
5
1
0
1
1
1
2
0
1
5
3
2
3
5
1
1
2
1
0
3
2
1
1
2
2
2
4
6
2
5
4
3
2
3
3
3
3
5
2
4
3
3
3
1
2
3
1
1
1
1
3
1
2
0
1
3
3
1
2
2
3
1
2
2
2
2
1
2
2
3
2
3
2
2
0
2
1
1
3
4
1
2
3
2
0
4
1
5
1
2
1
1
1
2
2
4
1
2
0
3
2
2
3
0
1
2
3
1
3
1
4
1
2
1
1
0
2
1
2
1
1
5
2
0
2
1
3
1
1
0
1
2
1
3
3
2
2
3
1
0
5
0
1
3
0
0
1
2
2
1
2
0
0
1
1
3
1
1
1
0
4
1
2
2
1
1
2
1
1
1
2
0
2
4
1
1
0
0
3
0
0
0
0
2
1
1
1
1
0
0
0
1
1
0
0
0
2
1
1
0
1
2
1
0
0
1
0
1
2
0
1
3
1
0
2
2
1
1
0
0
1
3
2
0
1
2
2
0
3
1
0
3
3
1
2
3
1
2
0
1
1
2
1
0
0
0
1
2
2
1
2
1
0
1
3
0
0
0
0
1
1
1
1
0
1
3
2
0
1
0
1
0
3
1
1
0
1
1
1
2
1
2
0
1
2
1
0
2
1
0
1
2
2
1
2
1
1
1
0
0
0
2
2
1
0
0
0
1
2
1
0
1
1
1
1
1
0
1
1
0
0
0
0
1
0
1
0
1
0
1
0
0
0
0
4
0
1
0
3
3
1
0
2
1
1
0
0
0
1
2
1
2
2
1
2
0
1
0
2
2
1
0
2
0
1
0
1
0
0
1
1
0
1
0
0
2
0
1
1
0
0
0
0
1
2
1
0
1
1
1
1
1
0
0
0
0
1
0
0
0
0
1
1
0
0
1
0
0
0
1
1
2
1
0
0
1
0
0
1
2
0
2
2
0
0
0
0
0
2
0
0
1
0
0
0
1
0
0
1
1
0
0
1
0
1
0
0
1
0
0
1
1
0
0
0
0
0
0
1
0
0
0
1
0
0
0
2
1
0
1
0
0
0
0
0
0
0
1
1
0
0
2
0
0
0
0
0
1
0
0
1
0
0
2
0
1
0
0
1
0
0
1
0
0
1
0
0
1
0
0
2
1
0
0
0
0
0
0
0
1
0
0
0
1
0
0
0
0
0
0
0
0
0
1
1
0
0
0
1
0
0
2
0
0
0
0
0
1
0
0
2
2
0
0
1
0
1
2
1
0
0
0
0
1
0
2
0
0
0
0
0
0
2
1
0
0
1
0
1
0
0
0
0
0
0
0
0
1
1
1
0
0
0
0
0
0
1
0
0
0
0
1
0
1
1
0
0
0
2
0
0
0
0
1
1
0
0
0
1
1
1
0
0
1
0
0
1
1
0
0
1
0
0
0
0
0
0
0
0
0
0
0
1
0
1
0
1
2
0
0
0
0
0
0
0
0
1
0
0
0
0
0
0
0
0
0
0
0
0
0
0
0
0
0
0
0
1
0
0
0
0
0
0
0
0
1
0
0
0
0
1
0
0
0
0
0
0
0
0
0
0
1
0
0
1
0
1
0
0
0
0
1
0
0
0
0
0
0
0
0
0
0
0
0
0
0
0
0
0
0
0
0
1
0
0
0
1
0
0
0
0
0
0
0
0
0
1
0
0
0
1
1
1
1
0
0
0
0
0
0
0
2
1
1
0
0
0
0
0
0
0
0
0
0
0
0
0
0
0
0
0
0
0
0
1
1
0
0
0
0
0
0
0
0
0
0
0
1
0
0
0
0
