0
0
0
0
0
0
0
0
0
0
0
0
0
0
0
0
0
0
0
0
0
0
0
0
0
0
0
0
0
0
0
0
0
0
0
0
0
0
0
0
0
0
0
0
0
0
0
0
0
0
0
0
0
0
0
0
0
0
0
0
1
0
0
0
0
2
2
2
2
0
3
1
0
2
2
5
4
4
3
4
0
7
14
40
133
351
895
2258
4863
9454
17007
27750
40477
54572
66077
73129
73100
67267
55098
41126
28202
17422
9787
5121
2341
1045
401
137
42
20
6
7
0
3
1
2
0
0
0
1
3
4
0
0
0
1
1
1
0
0
0
3
60
47
48
46
47
40
47
45
42
41
41
47
46
40
40
45
49
45
41
44
32
45
52
43
40
39
42
33
39
27
49
45
49
48
44
31
40
44
39
42
31
36
43
41
34
33
42
38
44
42
39
40
36
43
40
37
41
53
43
48
45
35
57
50
50
62
81
122
111
165
191
246
260
291
343
337
357
334
296
229
211
174
152
104
90
66
63
57
55
48
39
35
40
34
40
41
29
45
37
36
46
40
42
53
52
62
58
61
43
49
49
65
71
95
75
100
104
117
123
131
121
144
135
223
267
377
556
886
1461
2312
3691
5310
7568
10316
13430
16280
19036
20919
21661
21217
19729
17790
14804
11703
9176
6784
4976
3634
2515
1897
1331
1062
873
622
574
535
571
675
792
958
1235
1580
1821
2198
2319
2437
2401
2340
2093
1822
1502
1188
947
708
511
371
312
266
215
180
165
146
110
113
89
52
46
25
27
16
19
12
10
19
18
12
11
6
14
12
3
10
15
12
11
7
8
8
11
9
8
9
6
14
8
13
11
6
3
9
4
8
10
11
15
19
18
22
23
28
22
28
28
29
40
28
23
30
28
22
20
25
25
20
24
27
25
30
25
23
22
28
14
19
16
26
17
24
19
20
27
12
13
19
19
12
19
17
7
3
10
14
13
11
5
7
5
5
8
4
5
7
4
5
4
10
8
7
8
4
9
7
4
10
5
5
8
8
12
5
5
9
6
7
7
7
7
11
15
9
8
21
11
13
13
10
7
21
7
16
9
6
6
6
9
10
9
12
3
16
13
12
11
8
15
13
16
10
12
11
9
11
16
12
15
11
9
8
8
9
10
10
9
5
9
4
10
6
9
5
4
10
7
11
5
10
9
7
7
12
6
9
9
7
8
8
6
8
7
7
4
6
10
10
2
7
7
3
8
6
4
7
6
10
4
9
5
3
2
0
5
6
8
3
8
6
5
4
9
4
11
6
10
5
5
6
6
9
9
3
15
4
7
5
12
6
7
6
8
9
8
9
7
14
11
3
10
8
11
11
6
8
15
9
11
6
9
11
14
12
14
10
6
8
11
9
7
8
11
5
9
18
8
5
7
8
9
11
10
11
8
4
5
9
7
13
8
8
10
11
12
17
5
9
2
6
15
12
9
12
16
14
10
11
11
9
10
10
10
6
10
11
12
13
15
11
16
10
11
15
16
19
13
19
24
29
22
23
31
24
24
26
30
31
33
29
26
27
33
45
31
37
35
30
33
32
45
44
40
42
47
47
45
41
40
44
50
38
37
40
35
30
42
34
36
33
28
25
33
21
36
30
41
17
27
29
19
18
27
25
27
19
13
22
20
23
14
24
26
27
27
20
18
26
21
26
27
23
20
23
22
15
27
23
29
20
18
21
26
28
21
31
23
27
19
21
21
29
24
22
23
30
27
24
22
25
28
19
26
22
29
18
35
40
30
29
31
29
28
31
24
27
29
29
31
32
32
28
31
29
31
43
40
32
44
31
36
35
36
38
36
30
31
43
46
38
28
44
47
35
44
41
51
38
42
42
66
51
39
49
48
51
55
45
47
50
54
44
50
46
65
63
45
71
49
51
66
68
49
53
60
63
77
79
91
76
76
80
72
71
67
79
92
87
91
82
89
107
93
99
85
95
110
101
96
104
106
115
89
87
90
78
86
81
69
97
83
81
90
61
89
86
93
90
83
72
81
104
77
98
70
86
86
87
76
82
79
74
75
91
80
83
68
90
97
81
86
73
86
68
95
83
83
67
74
81
81
86
94
77
76
79
101
74
93
82
95
101
84
91
79
91
79
82
80
75
62
76
60
79
91
82
84
77
74
91
89
84
81
85
68
69
81
95
71
88
78
98
65
83
85
71
79
77
93
85
81
64
71
78
75
77
82
87
84
92
62
67
75
94
80
84
91
88
81
70
86
90
120
69
83
81
95
81
95
87
102
100
93
94
104
103
108
88
113
110
110
103
106
88
101
96
120
111
129
146
164
193
207
279
351
439
541
719
880
1109
1406
1643
2062
2473
2869
3234
3779
4217
4710
5026
5155
5443
5601
5662
5370
5147
4892
4456
4097
3623
3172
2746
2308
1966
1631
1324
1027
795
629
494
397
312
246
223
191
139
136
136
107
109
118
143
119
102
113
121
101
98
103
107
91
122
110
102
104
83
137
106
119
97
107
106
121
94
124
108
104
115
115
98
115
111
97
116
96
115
109
118
126
129
111
138
112
148
113
113
103
115
115
132
131
140
165
163
149
158
171
164
196
216
265
262
313
344
423
475
509
575
616
635
733
799
786
827
805
834
801
830
740
731
618
597
498
522
435
400
334
306
281
250
235
181
200
184
157
169
145
140
140
155
156
135
113
136
146
136
136
151
136
136
149
144
144
157
135
149
148
158
152
144
153
162
152
177
159
161
160
169
138
181
191
176
131
159
147
178
146
155
190
167
190
166
168
186
169
172
203
177
221
197
230
205
218
199
222
240
218
193
243
207
241
262
249
255
251
264
245
273
254
298
312
278
293
296
281
289
266
292
358
329
330
344
294
332
324
359
334
320
342
330
340
334
347
316
359
387
378
357
341
333
386
382
361
380
354
379
370
356
360
365
347
372
334
316
330
323
357
345
319
363
303
320
315
316
298
309
305
315
292
286
301
266
290
258
282
232
295
230
253
238
265
254
251
247
235
237
223
213
216
217
203
190
204
186
200
197
197
217
206
182
196
187
178
179
191
170
168
172
147
175
170
171
175
140
195
152
156
187
163
162
173
152
164
149
156
167
150
163
152
163
169
174
139
145
156
148
154
159
165
190
139
169
148
143
141
203
171
195
175
185
194
191
173
162
190
171
194
182
161
204
166
217
222
228
208
236
242
204
250
218
222
217
203
222
260
238
208
197
220
191
200
209
234
227
213
215
206
210
223
193
215
186
199
182
192
172
232
220
180
181
196
171
184
192
199
165
193
195
190
183
222
178
216
182
206
170
189
169
179
198
176
197
148
173
175
197
173
192
187
174
183
163
180
160
183
182
172
167
153
179
187
182
175
176
163
171
187
181
185
196
173
176
164
161
169
173
183
190
184
198
173
179
162
175
188
199
149
180
175
208
174
163
180
192
173
150
185
186
189
179
181
194
200
164
154
202
183
202
213
193
198
184
179
187
193
184
190
207
204
212
165
171
226
182
211
191
170
208
187
187
179
182
183
182
167
186
207
212
200
193
223
213
201
237
192
202
189
197
213
203
193
193
215
171
203
225
208
214
211
242
193
212
224
222
210
190
217
242
224
237
209
225
213
215
212
216
228
220
224
198
247
221
229
219
200
197
196
211
212
221
221
242
259
245
206
243
249
243
227
235
260
229
269
261
254
241
217
254
220
248
224
223
244
263
237
244
236
269
248
224
229
185
232
229
238
232
218
241
242
210
234
241
271
227
241
216
228
210
241
241
226
248
235
240
235
228
215
235
228
211
211
209
211
223
248
217
194
218
210
219
212
236
201
217
234
210
216
184
223
230
230
184
223
217
199
212
216
199
204
174
206
170
196
183
256
189
182
206
228
214
206
203
200
201
191
197
197
197
175
204
186
186
206
215
197
186
194
185
180
213
209
186
187
205
193
172
206
191
200
170
204
203
208
211
184
198
211
201
216
190
200
214
213
194
181
183
204
206
193
190
234
199
201
187
204
179
203
195
194
206
203
188
189
189
204
199
204
208
187
192
193
201
198
209
212
195
203
192
190
203
189
185
192
192
188
186
176
211
182
191
184
196
190
192
173
196
202
171
200
209
209
202
196
176
209
204
210
197
197
188
205
197
183
187
189
179
205
181
194
208
200
184
205
207
194
211
185
212
197
226
190
194
214
213
193
200
169
201
213
203
209
199
165
203
222
197
210
200
183
210
188
190
180
206
207
197
207
213
230
185
189
196
183
222
213
208
237
211
229
204
211
193
230
205
227
222
197
239
194
207
206
216
203
201
225
200
210
209
212
236
202
220
204
239
224
256
248
228
264
248
249
260
236
222
245
241
252
238
212
231
257
272
263
246
254
243
240
282
257
288
259
268
258
268
300
275
285
253
321
252
277
319
275
302
292
282
343
302
320
327
326
329
322
336
337
322
335
340
328
339
365
354
355
355
376
369
407
431
445
411
436
435
465
457
499
480
540
547
534
535
526
578
570
634
621
662
676
662
680
679
722
765
779
812
817
854
846
875
918
933
997
1046
1070
1025
1052
1063
1037
1120
1093
1099
1134
1217
1149
1155
1223
1132
1181
1236
1233
1254
1217
1147
1204
1205
1194
1200
1121
1146
1113
1138
1076
1095
1018
1020
998
1068
983
914
889
895
826
841
812
767
743
742
684
695
667
682
633
634
601
562
595
497
494
516
460
496
487
431
437
399
409
371
345
339
353
327
330
333
323
290
319
333
282
282
278
318
303
247
306
261
284
240
267
250
247
232
221
224
222
220
229
230
223
242
231
210
209
212
211
186
203
208
202
196
177
198
183
195
221
197
173
200
198
197
230
209
220
208
195
233
262
266
255
300
264
267
295
299
341
306
312
328
336
352
369
387
353
373
397
428
407
419
399
372
400
393
404
394
384
325
327
303
294
296
282
270
234
237
218
206
206
182
154
179
156
158
138
137
149
118
127
130
143
129
118
126
140
154
161
123
144
153
115
129
111
129
137
132
116
127
163
148
162
139
174
141
162
173
183
173
160
155
163
160
173
150
182
170
177
183
170
193
183
197
185
192
195
196
196
181
208
216
203
183
207
184
218
197
239
202
194
224
210
203
195
230
241
219
235
227
214
216
216
206
196
223
219
218
209
202
214
170
179
195
184
174
191
189
199
186
159
180
164
164
142
176
177
156
155
149
146
162
145
132
140
140
121
143
142
111
131
91
129
107
125
106
117
107
98
99
120
98
94
80
84
88
98
101
95
74
110
103
91
81
75
79
82
86
63
90
94
78
66
64
69
75
66
79
68
73
75
74
60
68
62
68
54
66
64
60
67
67
54
46
51
54
76
58
46
63
47
65
54
64
47
57
50
47
60
57
44
51
44
63
50
37
50
48
47
44
54
51
50
53
50
42
48
59
46
34
35
55
41
59
41
52
46
54
67
49
38
63
67
64
69
50
80
69
79
71
76
61
67
71
71
69
66
62
78
72
72
65
56
59
64
52
67
41
52
48
34
53
44
38
42
36
32
40
42
38
42
41
36
45
45
36
35
30
41
40
38
35
34
40
36
43
39
29
47
42
34
30
35
36
38
29
38
37
34
29
35
38
35
32
25
37
33
37
36
31
30
39
33
32
31
33
27
35
33
23
33
35
31
36
32
33
22
31
25
29
25
24
23
35
41
33
28
18
26
36
33
32
24
31
28
28
24
26
31
29
25
31
45
23
34
25
26
17
21
36
32
23
30
31
23
26
34
28
30
26
29
16
31
13
27
20
20
37
26
29
30
22
19
21
18
30
32
31
21
31
29
30
27
19
21
20
40
30
27
33
24
21
26
24
22
30
25
28
27
27
25
27
24
35
25
24
29
18
21
25
28
16
24
25
27
19
20
26
24
20
30
25
22
28
30
22
22
14
19
10
32
21
21
15
30
30
20
17
20
25
17
23
15
23
14
28
18
19
15
18
12
21
19
24
27
16
18
25
14
22
26
14
21
26
19
18
17
30
22
21
23
21
17
16
22
17
17
15
17
14
21
17
21
15
19
22
19
16
18
22
17
16
28
17
17
22
23
23
24
24
23
26
21
28
9
26
18
20
15
22
16
22
20
15
19
19
18
13
10
17
17
20
20
13
16
15
15
12
18
14
18
22
19
20
13
23
15
15
15
14
14
21
21
13
19
12
17
15
14
18
14
26
25
22
14
11
14
12
13
16
11
15
22
14
22
13
13
16
22
17
18
14
11
17
21
14
23
12
11
13
19
13
16
9
18
19
12
13
20
13
14
15
15
12
10
11
10
10
17
15
13
11
17
13
18
14
14
10
9
12
8
12
11
9
12
19
18
17
12
21
12
11
14
10
18
12
9
14
15
18
11
12
15
14
10
15
11
8
8
15
10
18
16
14
11
15
15
5
18
11
12
14
10
14
12
12
15
13
11
19
9
9
10
16
10
10
13
15
16
13
15
11
11
10
9
16
16
9
12
3
15
9
8
5
11
9
7
11
7
11
12
17
8
13
14
9
15
13
13
5
11
7
10
13
12
13
12
12
11
8
13
13
6
10
8
8
11
12
8
13
10
10
12
6
8
10
12
6
13
10
17
8
7
5
12
8
9
13
5
6
2
8
10
13
9
9
4
7
11
14
9
7
11
7
10
11
4
11
10
11
10
14
14
6
8
6
10
11
1
10
14
10
11
7
10
12
10
5
14
10
10
10
8
5
7
7
12
8
5
13
11
9
17
8
4
11
11
7
5
12
5
11
8
11
10
9
6
9
12
11
8
10
5
9
2
5
13
9
10
6
9
6
9
5
8
3
15
10
8
7
11
11
4
8
9
4
10
10
8
9
8
6
9
7
3
4
15
7
7
6
8
5
6
9
4
6
5
12
9
6
5
5
11
6
6
8
5
4
8
7
5
8
8
5
7
6
9
3
2
4
9
4
5
5
5
6
9
4
7
1
8
5
3
11
3
7
6
4
2
3
7
3
7
1
9
6
6
3
6
6
6
8
6
8
6
6
8
6
5
3
7
12
7
7
5
6
5
10
9
7
6
2
7
5
3
7
6
5
6
5
5
6
2
3
3
8
10
8
2
5
4
3
0
3
5
5
5
2
2
5
9
3
6
6
6
3
4
3
8
7
6
7
6
5
9
4
7
7
5
9
1
7
0
3
2
3
1
5
3
7
6
3
3
2
4
3
5
4
7
2
2
3
4
7
4
1
6
5
4
7
5
4
4
5
6
3
4
3
5
7
5
4
2
5
4
6
3
5
2
4
5
1
4
4
0
5
6
6
8
4
7
1
1
8
4
10
4
6
2
3
6
3
2
3
2
4
3
4
2
5
5
4
1
6
7
2
5
5
7
2
6
1
4
3
6
5
4
5
5
3
5
4
4
1
2
3
1
6
4
1
2
1
4
1
0
2
4
2
3
4
5
6
5
2
1
2
4
3
1
0
1
3
3
7
5
3
1
3
3
1
4
3
4
3
5
8
6
4
3
1
2
6
4
1
3
5
2
2
2
1
4
3
2
1
1
1
5
3
3
4
3
5
2
4
3
4
4
7
4
4
3
3
2
2
4
2
2
2
3
3
4
4
2
4
4
2
1
0
2
3
1
3
0
3
0
2
4
3
1
5
5
2
1
2
5
0
2
2
2
3
2
1
5
2
3
2
4
1
3
0
1
0
5
1
4
1
5
1
0
4
0
3
2
7
4
0
3
1
2
2
3
0
2
3
2
3
2
3
1
3
0
2
2
0
4
0
0
3
3
1
4
0
3
4
1
1
3
1
2
2
2
4
1
3
3
0
2
3
2
4
1
1
5
0
0
2
0
1
2
2
2
3
1
3
3
3
2
1
2
3
1
1
0
1
0
2
3
2
0
1
2
1
2
2
1
0
0
0
2
2
2
1
8
4
1
2
1
1
2
4
1
1
4
2
2
3
1
1
3
3
2
1
1
5
2
1
0
1
0
4
3
4
0
3
0
3
3
0
3
1
1
4
1
1
2
1
0
3
1
3
1
2
1
3
2
1
3
0
2
2
1
0
1
2
2
2
2
3
3
2
0
0
0
0
0
1
0
1
0
0
1
1
0
0
2
2
0
1
2
2
1
1
3
1
1
2
0
3
0
1
2
0
4
0
0
0
1
0
1
3
2
1
0
0
0
0
0
0
0
2
1
0
1
0
2
0
1
1
1
1
1
1
1
3
0
1
1
1
0
0
1
0
1
0
1
1
2
2
1
1
1
2
2
0
0
0
0
0
1
1
2
1
0
0
0
0
1
1
3
1
1
1
1
0
1
0
0
0
1
0
0
0
0
1
0
0
1
2
0
0
2
1
0
1
2
0
0
0
0
1
0
2
3
1
1
0
0
0
1
0
1
1
1
3
1
0
0
1
0
1
0
1
0
1
1
0
1
1
0
1
1
1
0
0
1
0
0
1
0
1
0
0
1
0
0
0
2
1
0
2
1
0
2
2
1
0
1
0
4
0
1
1
1
0
2
0
2
2
0
0
0
0
0
0
0
2
0
0
1
1
1
0
1
3
0
2
1
2
0
1
1
0
0
1
1
1
0
1
1
0
1
0
1
2
0
2
0
0
0
0
1
0
0
0
2
0
0
0
0
0
0
0
1
0
1
1
2
0
0
0
2
0
0
1
0
1
1
1
0
0
1
1
1
0
2
2
0
0
0
0
0
0
0
1
0
0
2
1
0
0
1
0
0
0
0
1
0
0
0
0
1
1
0
0
1
0
0
0
0
1
1
0
0
0
0
1
1
1
0
0
0
0
1
0
0
0
0
0
0
1
0
1
1
1
1
0
1
1
1
0
1
0
0
1
0
1
0
1
0
1
0
1
0
0
0
0
0
2
0
0
1
0
2
0
0
0
1
1
0
0
0
0
0
1
0
2
2
0
1
1
0
0
0
1
2
2
0
0
0
0
1
0
1
0
0
1
0
0
0
0
0
0
0
0
0
3
1
0
0
1
0
1
0
1
1
0
0
0
0
0
0
0
0
0
0
0
1
0
0
1
0
0
1
0
1
0
0
0
0
1
0
0
1
0
1
0
0
0
0
0
0
0
0
0
0
0
0
0
0
0
1
0
3
0
0
0
0
0
0
0
0
0
0
0
0
0
0
0
0
0
0
0
0
1
0
0
0
0
0
0
1
0
0
0
0
0
0
1
0
0
0
0
0
0
0
0
1
1
0
0
1
0
0
0
0
0
0
0
0
0
0
0
1
1
0
0
1
1
0
1
0
0
0
0
0
0
0
0
0
0
1
0
0
0
1
0
0
0
0
0
0
0
1
0
0
1
0
0
0
0
1
0
0
0
0
0
0
0
0
0
0
0
1
0
0
0
0
0
0
0
1
0
0
0
