0
0
0
0
0
0
0
0
0
0
0
0
0
0
0
0
0
0
0
0
0
0
0
0
0
0
0
0
0
0
0
0
0
0
0
0
0
0
0
0
0
0
0
0
0
0
0
0
0
0
0
0
0
0
0
0
0
0
0
0
0
0
0
0
0
0
0
1
1
1
0
2
2
2
5
2
5
1
1
2
2
6
12
46
127
355
946
2248
4881
9503
17182
27714
40861
54615
66236
72884
73258
66492
54725
40925
28011
17696
9925
5120
2471
1014
389
122
33
17
5
3
1
2
0
2
0
2
1
0
0
0
2
2
0
1
0
0
0
1
0
5
62
59
58
65
57
43
46
56
49
51
41
41
37
47
44
45
50
60
36
38
50
32
54
42
47
44
42
47
46
36
46
31
53
43
39
34
34
33
35
30
44
31
50
33
42
46
32
34
43
28
35
36
36
47
43
50
40
51
49
60
43
50
44
51
53
66
79
86
131
151
177
221
264
323
322
331
300
302
272
225
211
175
127
100
82
71
71
54
60
40
55
44
36
47
37
40
48
40
36
42
41
38
36
56
41
58
47
52
54
59
78
73
59
73
74
77
106
109
107
118
121
102
144
153
168
318
449
810
1338
2125
3240
5030
7333
9741
12531
15589
17893
19753
20486
20259
18725
16825
14060
11135
8509
6442
4673
3368
2401
1657
1290
918
699
548
450
437
436
484
684
951
1193
1441
1752
2151
2312
2311
2367
2382
2081
1872
1484
1223
909
685
477
369
283
268
205
207
165
134
127
86
86
65
49
38
33
21
16
19
6
8
12
9
9
17
13
10
11
10
13
8
15
6
9
8
5
4
9
9
10
7
9
4
11
11
10
7
17
8
10
11
14
12
19
14
17
26
26
26
28
20
29
28
24
26
24
22
14
16
22
8
17
15
20
24
17
22
19
20
19
19
25
25
23
13
18
17
17
20
14
15
14
12
15
6
4
9
16
12
6
8
7
9
2
10
7
6
3
4
7
7
5
10
5
7
7
9
8
8
3
8
7
4
8
8
8
6
4
12
9
10
8
8
14
9
18
11
16
14
15
16
18
13
12
13
14
10
17
5
5
11
6
9
9
8
8
12
8
3
10
6
10
14
14
18
14
16
9
7
5
9
6
6
10
7
4
10
11
10
11
6
4
11
1
9
6
3
6
7
4
13
9
4
4
11
9
5
3
7
11
9
7
5
6
9
7
6
7
6
4
6
6
4
5
7
5
6
7
12
7
7
9
5
3
10
6
5
9
8
7
5
7
8
7
4
6
4
6
7
9
9
8
10
7
5
12
9
8
10
9
16
2
5
6
6
5
5
9
6
5
6
5
5
7
10
8
8
8
6
10
2
7
10
8
7
7
5
9
9
15
12
9
5
13
7
5
8
8
10
6
11
8
5
3
5
8
8
12
8
8
11
13
16
11
10
9
9
9
12
6
8
8
11
11
6
14
20
7
8
17
12
10
5
5
10
11
11
14
15
9
6
8
13
5
8
6
11
12
14
9
11
15
13
19
21
12
11
16
17
25
19
11
20
18
21
12
27
29
13
14
14
15
21
18
22
20
17
20
25
18
27
20
14
21
18
15
24
16
16
21
18
21
17
18
19
23
16
18
13
25
21
18
20
22
15
17
23
18
17
17
18
16
25
20
23
22
25
19
23
27
28
15
15
22
21
21
20
16
15
17
22
18
28
15
23
29
23
24
24
23
28
26
25
31
25
30
31
24
29
24
29
30
32
23
25
26
27
31
24
37
29
35
29
36
31
32
28
24
31
26
37
29
38
32
35
33
32
32
42
47
35
50
42
37
47
46
38
49
32
39
41
44
36
37
32
47
40
49
45
56
49
40
49
46
35
58
57
54
68
46
45
63
50
55
41
61
50
61
56
72
60
68
60
72
80
81
67
66
62
63
55
78
76
74
79
75
77
67
69
93
87
81
92
75
87
80
104
101
106
104
107
91
84
114
90
95
92
77
98
98
94
77
69
80
85
78
83
89
76
66
85
83
70
73
68
74
70
89
68
72
68
82
74
75
63
75
81
73
61
64
72
64
80
57
64
70
82
65
80
76
58
77
68
70
67
53
72
88
77
61
75
79
69
72
61
68
63
77
71
71
64
76
74
73
62
63
77
83
60
69
68
88
81
80
68
80
68
80
64
71
75
77
72
73
70
73
54
65
81
80
68
66
59
87
63
73
77
67
80
72
75
78
63
77
87
76
72
81
66
73
89
83
107
74
75
84
83
79
74
88
70
96
82
69
92
84
72
87
80
91
98
86
80
100
95
91
89
88
108
108
105
128
142
166
179
211
282
397
435
548
692
902
1138
1405
1740
2103
2424
2841
3216
3666
4175
4527
4764
4921
5190
5207
5118
5111
4924
4619
4260
3945
3394
2944
2572
2178
1835
1511
1206
949
745
585
478
356
273
233
179
154
128
137
130
108
101
91
98
80
113
96
106
86
112
104
102
87
96
102
112
108
80
105
96
107
114
110
107
114
96
83
89
117
94
99
104
90
126
126
110
112
89
109
89
104
104
121
121
96
116
113
116
105
121
132
128
123
142
130
148
155
164
162
203
187
228
224
262
295
361
353
457
501
514
610
678
728
762
725
811
838
823
728
709
694
658
602
565
550
426
416
382
339
314
249
247
190
195
170
155
147
164
152
145
151
127
165
146
136
141
138
130
160
133
114
149
147
149
141
125
149
138
131
142
133
151
166
154
138
176
150
145
157
164
166
175
202
184
155
182
167
162
191
213
168
154
167
169
198
175
182
184
190
180
204
201
183
196
172
174
206
230
204
196
184
200
221
218
187
223
215
200
226
233
231
230
227
207
216
209
258
238
219
209
242
227
210
228
198
225
232
205
201
217
220
216
228
205
192
205
228
205
202
197
194
210
200
204
193
176
161
177
191
177
193
198
172
167
193
183
192
191
180
178
166
167
178
179
183
146
139
169
142
169
148
163
170
166
158
143
151
178
158
153
165
159
156
166
146
163
146
173
175
164
144
161
158
156
187
148
157
148
149
141
138
151
156
152
150
155
155
168
153
140
142
155
145
143
147
151
153
152
116
170
149
167
163
156
158
153
169
144
175
144
162
165
178
151
179
162
127
172
137
143
168
167
149
159
169
149
150
146
166
141
165
166
143
167
159
151
165
174
154
180
149
150
170
139
158
151
165
138
172
177
178
158
145
148
147
172
165
149
178
158
175
159
168
154
173
148
138
177
162
147
153
168
165
185
171
177
170
203
169
156
171
189
172
188
177
170
191
194
166
192
174
165
203
167
153
212
192
183
157
175
172
197
162
191
162
188
202
211
163
171
191
181
185
191
193
186
174
173
170
202
190
181
171
197
192
180
186
185
195
177
190
182
171
166
177
184
177
202
171
182
203
187
188
201
176
192
210
188
180
192
194
193
199
199
218
185
193
177
186
190
176
201
211
183
211
218
182
218
213
201
195
191
217
198
200
219
230
228
189
215
204
217
220
221
222
203
198
229
220
195
227
232
217
214
219
212
247
235
228
208
230
208
246
245
235
237
232
242
232
208
214
251
228
223
236
245
239
238
234
249
282
248
243
230
241
228
250
261
252
251
274
232
247
262
246
270
258
239
274
250
267
239
239
261
263
246
268
230
244
270
246
255
248
235
252
277
257
248
265
243
255
255
261
251
259
253
222
249
286
224
268
235
245
212
258
225
226
249
258
247
222
231
272
242
247
244
205
224
254
258
205
244
246
251
232
259
206
219
229
221
232
248
240
213
235
211
215
226
247
212
234
203
244
230
218
225
203
229
216
201
188
226
207
249
207
211
219
246
214
243
210
207
206
199
203
213
230
242
234
209
192
221
213
218
237
229
208
199
206
241
197
206
192
203
201
202
183
164
195
210
201
205
234
200
216
218
203
205
190
200
181
210
211
226
219
203
219
203
236
203
200
241
220
204
212
186
200
217
238
209
218
193
201
206
236
215
200
214
185
237
223
196
222
226
204
216
214
221
216
201
219
213
232
208
226
241
200
209
190
193
237
182
212
207
191
213
218
223
215
208
209
222
211
208
224
205
204
195
206
209
218
212
217
206
182
205
201
217
202
196
222
200
217
228
203
189
228
198
230
228
196
244
234
207
197
205
227
194
207
236
203
226
212
203
223
207
192
209
220
226
207
201
218
212
223
199
200
182
212
204
214
231
200
214
217
214
246
206
201
219
251
224
193
232
251
211
209
243
191
231
219
227
233
219
224
227
211
237
221
205
222
237
236
213
209
227
216
228
226
223
225
226
246
228
223
227
233
242
233
215
218
216
236
258
239
234
242
245
245
244
240
222
257
260
252
252
283
266
261
269
281
248
235
258
243
279
281
248
258
262
282
266
270
303
271
275
282
291
300
281
296
314
313
313
331
343
315
338
309
353
324
346
319
296
353
349
338
412
372
378
376
394
381
391
419
411
399
420
424
419
463
481
461
493
519
466
483
469
541
580
585
542
606
606
646
631
668
638
700
745
786
762
823
860
807
864
893
912
952
974
951
1049
978
1109
1123
1039
1111
1148
1168
1147
1251
1186
1218
1233
1250
1217
1199
1251
1257
1232
1236
1272
1290
1263
1291
1236
1211
1239
1253
1234
1152
1171
1117
1175
1139
1090
1045
1091
1017
961
957
928
932
842
850
854
855
749
757
714
697
627
649
677
595
593
570
555
537
507
495
497
485
458
443
455
408
413
378
382
364
358
370
365
322
327
306
320
332
334
276
299
324
293
282
268
306
287
263
301
255
249
260
244
274
230
245
237
239
235
252
209
209
210
235
200
223
214
216
201
215
180
176
178
192
200
190
223
184
189
216
193
222
211
216
240
244
256
248
253
263
315
269
313
325
318
278
347
352
333
388
360
362
417
396
432
369
377
369
374
370
372
390
377
363
357
321
297
281
286
255
246
266
215
251
210
195
210
186
187
168
163
135
151
145
160
135
135
132
146
121
127
147
121
141
148
153
137
152
144
131
132
160
134
172
149
157
167
187
161
163
169
144
147
160
180
153
175
167
173
179
178
173
189
186
197
201
185
213
211
230
213
211
207
214
180
212
194
189
232
210
242
217
231
223
239
256
204
249
232
237
240
201
212
222
235
234
237
216
236
234
197
209
210
231
211
243
216
233
218
191
199
196
202
177
199
173
175
191
152
178
170
188
152
162
141
150
140
152
135
131
143
143
144
119
129
125
120
126
128
124
138
131
125
109
109
115
113
90
96
94
92
97
114
92
96
85
101
88
105
73
98
79
75
91
96
84
102
88
76
71
69
76
67
73
87
86
61
62
66
73
69
53
56
73
59
75
63
70
76
54
65
73
55
64
60
56
53
70
59
44
48
60
53
40
55
45
54
48
47
70
62
51
49
40
48
55
57
56
46
58
54
37
51
60
56
55
55
56
58
50
46
35
61
47
47
61
60
59
59
73
60
56
59
68
73
68
65
74
88
66
73
72
71
76
95
72
60
90
59
67
46
58
34
59
45
52
60
44
47
45
41
46
39
37
56
39
39
45
47
28
27
30
38
44
43
47
45
37
34
35
30
29
46
39
37
45
34
31
52
39
41
42
42
37
39
34
42
36
42
34
39
31
37
39
35
40
46
28
32
40
29
34
37
27
20
31
40
38
31
23
32
30
33
37
36
26
41
41
39
35
43
30
27
28
34
33
32
34
28
34
28
27
33
35
22
29
24
45
34
32
32
29
24
37
30
27
29
17
31
33
26
35
27
18
31
37
23
26
31
26
29
33
30
30
19
27
27
28
39
21
20
20
30
28
28
30
19
22
35
30
37
18
29
26
23
29
18
22
26
19
30
22
35
32
28
21
23
24
26
31
20
30
18
22
24
22
34
23
21
21
20
25
21
26
21
29
17
27
34
19
20
38
24
23
28
26
23
28
22
14
20
20
24
32
20
25
20
31
24
22
24
17
15
27
24
15
17
26
16
26
18
23
18
20
24
14
13
18
15
14
17
25
15
27
20
22
17
19
26
26
18
18
29
14
21
13
14
22
22
14
17
22
14
19
24
19
21
24
31
19
19
25
15
21
22
19
11
17
23
19
13
18
24
27
20
15
13
21
16
23
14
16
19
27
16
23
14
16
21
25
22
23
25
25
21
21
18
10
17
16
16
26
19
11
14
16
19
18
13
21
11
9
12
13
19
16
11
18
12
18
14
24
11
20
17
13
9
19
13
14
14
14
13
21
15
12
18
10
10
13
10
13
19
13
10
16
18
14
14
7
15
26
9
15
17
21
16
13
7
17
10
17
20
17
15
11
19
17
19
21
11
15
13
14
15
15
14
13
8
11
15
11
17
14
14
16
16
14
23
14
16
17
11
13
10
18
16
10
12
4
9
12
16
10
12
5
15
12
13
20
7
13
10
12
16
15
10
9
8
8
12
17
11
12
10
13
11
13
10
13
19
11
10
10
8
15
17
11
12
15
14
15
8
8
7
8
13
12
11
10
14
12
13
9
17
11
9
12
13
14
12
9
13
21
7
8
8
14
18
9
8
9
11
13
9
16
9
8
10
15
14
13
13
10
13
12
5
9
14
7
11
14
4
13
8
18
13
8
10
12
14
12
6
9
13
6
4
8
5
8
14
14
12
15
9
7
11
13
4
13
8
8
8
9
10
4
5
9
10
10
10
7
14
7
11
12
10
11
11
11
9
12
12
5
7
3
9
13
10
17
4
7
9
4
7
14
7
5
2
6
5
12
14
9
9
9
9
15
4
5
7
7
13
8
8
4
12
8
9
2
10
7
9
4
8
11
2
11
4
7
8
8
7
5
10
4
7
9
13
6
6
7
7
10
8
9
6
6
8
5
7
5
5
9
11
6
7
5
8
6
11
7
9
6
7
6
11
5
8
9
9
8
5
4
4
8
6
2
9
2
4
7
4
5
5
6
7
4
6
8
4
8
6
3
6
9
5
6
9
9
5
7
9
6
10
8
6
4
8
9
8
5
2
6
4
7
10
6
7
8
6
7
7
9
8
6
8
8
7
8
6
9
8
7
5
6
5
2
3
7
13
3
5
2
3
6
4
4
10
6
7
7
8
4
6
9
2
6
5
5
3
4
6
3
10
3
4
5
9
6
5
3
8
3
8
4
1
6
1
3
1
5
9
5
8
4
12
7
3
6
7
8
4
6
4
7
2
3
3
9
3
6
6
5
2
6
3
8
7
3
0
4
3
6
4
5
9
10
4
3
4
1
6
6
2
4
2
8
4
4
2
3
3
4
5
3
5
3
3
3
3
5
5
3
3
6
4
4
11
3
3
4
2
2
4
7
3
3
3
6
4
7
2
3
2
6
3
3
6
3
0
4
1
2
4
4
7
3
5
4
4
5
3
3
5
3
4
4
7
0
3
2
4
3
4
2
7
2
6
2
4
3
3
5
1
3
3
6
4
7
1
2
6
4
0
3
2
2
3
3
3
2
0
1
3
3
5
7
4
2
4
2
2
3
4
0
4
1
3
4
1
8
3
3
5
2
4
0
4
2
6
1
2
4
3
5
4
2
2
7
1
3
5
1
0
4
1
2
2
2
3
0
6
1
1
2
0
0
3
3
1
0
1
5
4
2
2
5
0
3
3
3
5
3
3
5
1
4
4
3
3
3
0
5
2
3
1
2
5
0
2
2
2
3
4
2
2
3
3
1
2
6
1
4
1
5
5
0
0
1
2
1
2
3
2
4
1
1
0
1
1
2
0
1
0
1
1
2
2
1
1
3
2
2
4
4
1
1
1
0
3
1
1
3
1
3
4
1
3
2
1
1
4
0
1
2
1
0
0
0
2
1
3
0
3
2
1
2
3
0
2
1
3
2
0
2
0
2
2
0
2
0
3
2
3
2
0
3
1
3
2
0
3
3
1
1
4
2
1
0
0
3
4
2
3
0
1
1
3
1
2
1
0
1
2
1
2
1
1
1
0
1
0
3
0
2
0
2
3
3
1
2
1
3
0
0
2
1
1
3
0
2
3
1
0
1
1
1
1
1
1
0
0
1
1
0
1
0
1
1
0
0
0
5
0
0
1
1
2
1
2
1
2
2
0
2
0
1
2
1
1
0
1
1
1
1
3
0
2
1
1
1
0
1
0
1
1
1
1
3
0
3
0
1
3
3
1
0
2
0
1
2
0
3
2
0
0
3
0
2
2
0
3
0
1
0
0
2
3
3
1
2
0
1
1
2
2
2
1
4
1
0
2
1
0
1
0
1
0
1
0
1
3
0
1
0
1
0
1
1
1
1
1
0
1
0
0
1
0
1
0
1
0
0
0
0
3
2
1
2
2
1
3
2
2
0
1
1
1
0
1
1
0
1
0
1
1
0
1
2
0
0
1
2
0
4
0
0
0
0
0
0
1
0
0
0
2
0
3
0
0
0
1
0
0
1
0
0
1
0
0
0
0
0
0
1
0
0
1
0
0
1
0
0
0
1
0
0
1
2
1
0
0
1
3
1
0
0
0
0
0
2
1
0
2
2
1
0
1
0
0
0
2
0
1
1
0
1
1
0
0
1
1
0
0
0
0
0
0
0
0
0
1
2
0
1
0
0
1
0
0
1
1
3
0
0
0
1
0
1
1
3
0
1
0
1
1
1
0
1
1
0
0
0
0
1
0
0
0
0
1
1
0
0
1
1
0
1
2
0
0
1
1
0
1
0
0
1
2
2
0
0
0
0
0
1
1
0
2
2
0
1
1
0
1
0
0
0
0
1
1
1
1
1
0
0
0
0
0
0
1
0
1
0
1
2
0
0
2
0
1
0
0
0
0
0
0
1
2
0
0
0
1
0
0
1
0
2
1
0
1
0
2
0
1
0
0
0
0
0
1
1
0
0
1
1
0
0
0
1
1
0
1
0
1
1
1
0
0
0
2
0
1
0
1
1
2
0
0
1
0
0
0
0
0
1
1
0
0
0
0
0
0
1
1
1
1
0
0
0
0
1
1
0
0
0
0
1
0
1
0
1
0
0
0
0
0
1
1
1
0
0
1
0
0
0
1
0
1
1
0
0
0
0
0
1
0
0
0
0
0
1
0
0
1
0
0
0
0
2
0
0
0
0
0
0
0
1
0
0
0
0
0
0
0
1
0
0
1
1
0
1
0
2
0
1
1
0
0
0
1
0
0
0
0
0
1
0
0
1
0
2
0
0
0
1
0
0
1
0
0
0
0
0
1
0
0
0
0
1
0
0
0
1
0
0
0
0
0
0
1
1
1
0
1
0
1
0
0
0
0
0
0
1
0
0
0
0
0
0
1
0
1
1
0
0
0
0
0
0
0
0
0
0
0
0
0
0
0
0
1
0
0
0
1
0
0
0
0
0
1
0
0
0
0
0
0
0
0
