0
0
0
0
0
0
0
0
0
0
0
0
0
0
0
0
0
0
0
0
0
0
0
0
0
0
0
0
0
0
0
0
0
0
0
0
0
0
0
0
0
0
0
0
0
0
0
0
0
0
0
0
0
0
0
0
0
0
0
0
0
0
0
0
0
0
0
0
0
1
0
1
2
1
2
2
2
4
7
3
4
2
10
43
135
340
917
2194
4898
9610
17088
27741
40963
54816
65922
72777
73484
66511
54575
41249
28069
17358
9943
5069
2411
993
381
135
43
10
8
3
3
1
1
2
3
0
1
1
0
0
1
0
0
0
0
0
0
0
0
7
55
48
46
58
43
53
54
35
42
43
47
59
40
48
48
46
52
40
49
33
44
44
34
34
45
46
48
33
43
41
33
37
34
45
35
38
37
36
46
38
29
45
43
35
48
46
41
39
36
33
39
48
46
39
49
35
40
51
42
49
42
54
52
53
45
65
67
95
118
126
186
211
267
291
286
318
325
290
283
249
202
172
141
119
93
75
73
53
69
45
53
48
38
41
35
35
44
29
48
37
39
46
49
43
50
51
53
53
56
54
48
53
61
81
81
97
88
96
111
89
116
109
140
150
198
286
436
679
1330
2149
3338
5049
7241
9847
12562
15692
18070
19717
20602
20248
18909
16762
14242
11189
8697
6523
4619
3291
2336
1769
1269
903
725
568
445
415
413
514
687
938
1193
1536
1829
2097
2277
2492
2419
2377
2146
1846
1527
1299
938
713
500
369
318
249
203
200
158
130
117
105
67
76
38
31
23
24
20
19
7
14
7
8
14
9
4
9
9
11
8
11
6
7
10
11
7
11
11
9
13
9
10
7
7
3
11
11
18
9
11
13
14
8
14
18
15
17
23
25
23
25
23
27
25
30
21
34
24
14
27
28
14
19
21
24
30
22
25
27
14
36
21
19
14
12
24
24
25
15
19
21
11
15
7
7
4
14
5
14
7
4
6
7
1
3
10
5
6
6
12
9
12
5
6
4
8
5
6
4
9
9
3
7
5
3
8
6
5
2
4
9
11
14
12
7
16
19
17
14
20
18
11
13
17
7
14
12
11
10
6
8
8
7
10
9
9
5
10
13
14
10
10
13
10
25
7
12
2
10
9
3
6
7
6
6
8
11
6
4
8
5
7
5
8
12
7
4
5
4
8
2
4
6
7
6
6
7
9
8
11
8
9
8
8
7
7
6
2
5
7
6
5
8
8
5
7
8
6
7
7
11
6
11
6
8
7
9
3
6
5
9
4
7
6
5
6
5
9
4
10
7
7
3
5
8
6
6
9
6
9
9
7
10
9
8
10
11
11
6
5
10
4
14
3
9
4
8
10
10
8
12
7
6
4
7
6
9
7
4
8
8
8
6
7
9
7
7
9
6
8
7
10
11
6
4
5
10
4
3
8
5
6
4
10
2
9
10
12
15
7
12
5
8
8
9
13
11
7
11
13
8
9
4
11
7
7
11
13
10
9
11
14
15
15
10
9
9
17
9
13
13
15
18
11
15
14
19
15
16
12
16
16
15
13
28
8
16
17
22
24
19
10
23
10
24
22
19
23
28
17
14
21
21
20
23
20
15
22
21
23
27
20
17
26
19
13
18
14
18
9
17
17
18
14
8
14
17
21
20
24
19
18
12
17
20
27
16
24
25
19
22
19
32
20
33
22
22
19
25
22
24
28
22
30
16
20
16
16
26
29
25
16
16
35
23
27
24
23
23
33
23
22
25
29
30
26
24
33
29
39
25
27
28
32
23
29
32
24
26
26
50
33
19
43
29
26
36
32
45
36
50
36
36
29
37
32
45
39
46
54
46
36
56
52
47
47
36
44
35
49
46
57
54
37
57
61
52
53
56
68
41
51
45
58
55
57
60
56
56
54
54
50
58
76
61
71
66
65
56
55
74
67
64
74
69
75
70
80
94
114
93
72
77
102
109
79
92
95
110
93
123
94
99
100
103
87
84
78
82
78
90
79
77
93
76
75
80
83
90
63
75
68
69
80
74
88
85
85
72
72
61
58
60
72
77
60
74
72
75
69
77
68
83
61
77
69
71
70
76
72
61
60
65
79
70
62
74
61
72
72
75
80
77
80
83
77
72
76
76
66
72
84
71
62
72
79
77
71
66
65
69
67
97
80
79
67
57
70
86
61
69
91
75
66
77
75
64
74
76
57
80
82
77
73
84
72
78
83
68
73
76
84
73
76
83
71
77
76
79
81
83
76
78
76
76
93
71
65
72
67
79
74
78
84
71
74
72
90
78
91
91
86
78
99
112
88
94
89
96
108
106
127
144
176
187
251
253
358
443
582
716
926
1146
1385
1768
2090
2477
2731
3414
3585
4130
4392
4740
5022
5115
5334
5222
5055
5038
4590
4201
3741
3438
2860
2594
2249
1815
1482
1180
961
735
580
464
346
282
228
185
147
116
121
120
109
112
106
97
120
104
104
97
106
92
120
105
107
121
97
100
96
93
91
99
111
96
105
94
93
94
116
114
115
99
123
122
108
95
125
108
102
118
111
105
108
77
113
127
116
111
124
114
123
118
111
129
151
132
119
146
146
147
167
171
249
219
258
290
345
351
394
437
515
544
604
641
695
730
728
778
824
765
771
731
744
633
596
532
515
448
400
367
360
298
247
236
221
187
173
177
161
157
140
127
143
133
135
162
137
157
125
143
128
143
128
151
137
168
154
151
169
135
139
142
149
169
177
169
182
150
141
147
144
179
150
156
154
164
177
161
178
160
188
190
184
181
167
182
178
161
188
184
168
189
208
189
194
176
198
199
234
187
197
219
219
223
225
198
200
215
225
212
214
203
208
212
222
236
246
240
223
241
208
216
211
246
209
214
200
224
240
209
203
212
219
192
206
190
189
197
196
197
203
204
217
195
186
194
220
188
207
204
180
183
169
204
189
186
175
182
205
179
150
147
168
170
153
167
146
173
175
178
168
151
181
154
158
179
176
164
164
167
164
168
162
158
154
135
182
147
144
146
167
160
140
155
148
142
153
167
146
132
163
157
171
142
143
151
149
160
154
123
157
131
158
154
147
164
140
167
148
138
149
141
141
141
135
142
148
167
141
138
138
153
151
151
145
155
153
147
143
159
145
149
152
135
132
142
147
178
156
138
160
167
160
166
160
153
151
173
156
149
157
155
155
161
145
178
168
165
147
157
161
156
167
169
148
142
147
148
179
164
152
162
158
160
160
146
182
158
156
147
180
161
148
145
150
138
178
159
145
184
171
150
159
158
174
179
167
139
184
164
173
170
168
152
178
201
175
170
169
193
177
190
169
167
185
178
157
189
172
159
171
189
181
163
194
161
181
172
183
189
196
196
184
186
161
173
181
193
194
157
184
169
195
182
185
216
186
169
170
182
190
187
176
169
177
193
157
181
204
203
201
190
172
190
172
166
191
190
183
183
197
169
167
166
198
196
171
166
206
210
178
187
208
199
195
192
198
202
196
208
216
183
194
205
201
224
216
221
191
196
209
187
201
200
219
193
215
225
209
189
226
260
220
235
210
195
206
229
206
243
202
215
222
211
233
214
227
217
240
250
227
235
256
229
203
231
261
205
228
219
246
230
233
252
249
235
239
252
253
256
266
274
240
236
226
235
237
277
256
252
232
236
274
250
245
244
247
267
237
266
236
263
231
242
234
236
248
229
241
223
261
250
237
253
223
234
244
233
224
231
224
201
218
243
222
257
237
232
240
223
252
220
254
205
216
193
208
239
190
216
223
225
202
202
199
183
210
224
217
200
193
241
179
200
218
196
215
189
191
199
211
214
206
205
207
213
184
199
208
201
196
214
202
211
187
195
189
187
185
215
210
184
224
192
207
188
180
221
187
188
202
212
186
177
183
199
211
190
210
190
195
197
181
191
198
208
212
180
211
186
204
173
197
198
227
208
163
209
176
248
163
179
200
201
202
188
184
205
215
206
203
198
191
184
183
181
200
186
178
209
213
194
201
207
204
202
167
218
209
202
221
200
219
180
196
195
216
179
189
181
199
191
206
201
204
209
191
179
208
184
196
200
191
201
196
190
173
216
198
204
174
206
196
213
210
215
196
206
228
194
208
181
200
161
180
199
208
221
181
184
202
206
209
205
193
224
208
192
194
189
206
209
201
196
201
225
196
208
206
211
185
204
195
215
207
211
201
184
213
218
221
194
203
199
221
193
220
202
207
193
226
216
237
216
203
194
187
205
203
208
205
222
205
200
193
192
217
196
221
228
219
210
185
222
216
215
222
249
206
216
236
213
219
196
231
206
242
220
192
222
193
209
252
235
244
212
213
248
237
218
242
214
263
253
253
248
263
235
262
228
248
238
225
239
274
268
259
262
259
239
279
307
270
279
287
284
274
299
269
283
265
283
286
296
292
338
318
306
343
315
291
310
321
352
332
330
319
320
333
352
368
372
360
358
369
371
411
392
414
401
393
426
463
451
451
424
474
464
480
467
485
514
527
549
553
582
626
575
611
656
667
694
742
722
731
749
749
851
820
880
880
920
971
960
982
976
1017
1037
1106
1080
1041
1156
1199
1165
1139
1192
1131
1220
1181
1219
1173
1220
1240
1235
1262
1232
1220
1272
1245
1166
1174
1124
1101
1110
1123
1097
1068
1117
1020
1007
1012
955
957
872
923
837
798
844
809
744
716
671
652
663
733
563
601
573
570
525
492
510
475
479
468
437
390
438
436
391
408
370
359
367
356
348
350
307
331
290
299
301
294
274
288
288
273
269
269
296
260
267
225
264
255
242
233
245
241
222
222
205
211
215
228
207
187
203
195
234
195
183
212
186
197
198
185
202
212
191
209
190
193
209
199
204
244
255
223
243
276
261
276
264
282
294
331
340
298
336
352
358
343
346
359
352
393
417
387
397
387
385
354
371
362
355
317
319
306
313
274
271
286
266
269
210
213
217
174
191
149
215
178
170
157
159
154
139
113
128
151
145
119
130
128
151
140
129
137
130
162
145
125
133
147
143
135
133
146
121
148
142
132
139
161
155
160
170
177
162
168
153
163
158
163
161
172
202
191
192
198
198
171
195
190
202
171
203
191
203
203
223
222
217
221
225
209
238
218
218
235
218
224
220
224
236
216
262
225
255
190
227
230
234
202
199
226
208
189
197
206
213
202
189
190
210
191
173
190
192
186
169
160
179
147
150
151
149
147
162
150
136
157
140
141
126
117
116
126
128
121
110
125
117
111
73
112
108
88
108
115
106
113
99
94
96
94
90
88
88
98
91
80
84
85
66
75
91
79
66
74
82
68
85
66
54
75
75
67
59
72
73
74
80
91
67
65
61
68
74
55
48
65
60
70
53
67
46
59
66
52
54
52
72
58
52
64
58
69
61
55
51
61
49
49
48
57
53
46
45
46
48
43
48
48
38
50
59
48
59
47
55
50
47
51
46
68
53
49
44
64
55
57
59
61
64
50
75
72
72
76
66
67
70
72
76
60
67
80
56
63
65
56
70
55
48
44
39
53
57
48
49
47
43
48
39
36
42
45
37
33
40
34
29
44
46
37
44
41
39
38
44
43
41
43
44
40
41
32
42
47
32
35
36
45
42
32
39
28
32
30
25
32
35
40
34
43
34
39
32
32
37
43
21
32
26
28
15
29
18
38
27
24
37
34
30
31
37
27
34
32
28
25
35
33
26
28
34
25
37
27
31
25
30
23
27
31
30
20
27
33
26
36
22
26
26
24
22
32
21
27
25
33
28
29
27
19
26
30
29
32
36
18
30
29
28
27
26
31
19
31
26
25
19
27
24
30
26
18
35
19
25
23
29
28
31
27
28
7
21
33
40
17
31
22
22
19
23
17
36
25
19
27
26
32
27
23
18
22
20
20
27
31
26
28
20
29
21
22
29
19
29
22
19
21
25
23
15
18
19
30
20
20
15
22
20
19
27
30
22
21
19
30
16
29
16
27
21
17
32
22
29
23
22
23
15
26
21
19
26
18
21
22
19
26
22
23
18
24
18
13
26
25
12
26
17
24
29
23
21
28
19
22
25
17
22
18
16
24
16
21
23
9
20
19
19
25
14
19
20
20
20
20
14
20
18
28
17
20
23
19
14
15
17
20
16
15
15
21
15
17
26
22
12
10
18
13
20
24
20
19
25
13
21
17
20
16
18
21
20
11
16
15
12
15
24
16
11
18
19
21
19
16
16
16
17
11
13
16
12
12
12
14
20
17
20
17
13
22
22
19
18
18
16
8
22
9
18
17
19
13
14
13
18
26
18
14
18
6
8
18
13
14
13
23
11
19
10
20
9
12
21
6
16
10
10
12
20
16
17
16
16
14
13
16
13
12
7
23
17
13
11
10
12
11
15
14
14
18
15
10
14
15
10
14
7
10
18
11
12
18
12
17
11
7
16
21
15
12
10
16
7
14
10
9
8
19
8
16
15
13
9
8
12
15
12
3
13
7
16
15
12
13
9
23
13
9
12
13
9
12
8
12
12
12
11
8
13
14
9
18
16
8
16
10
12
8
10
13
9
11
12
6
11
8
8
8
6
10
8
11
10
11
10
8
13
16
11
13
11
7
7
11
6
13
13
9
14
7
11
11
4
15
10
8
16
10
13
11
15
12
5
8
8
7
5
9
12
12
8
5
9
14
11
12
13
10
13
6
10
8
5
7
12
14
10
11
13
8
13
9
10
10
8
9
5
9
12
10
11
13
4
9
10
9
6
12
9
7
8
9
3
6
6
9
8
10
8
11
6
9
10
9
10
9
10
9
8
8
5
5
4
5
8
11
7
9
7
5
4
12
6
4
5
11
13
11
7
7
8
4
6
6
5
8
10
11
2
11
6
11
6
13
4
7
7
3
10
5
5
6
1
6
15
3
6
7
7
9
8
11
4
8
7
10
6
5
7
6
6
4
7
9
9
9
6
3
3
7
8
3
8
9
8
5
9
8
5
5
5
10
7
11
4
9
8
6
8
8
9
5
7
2
12
4
5
3
11
6
6
3
6
8
5
12
5
3
3
7
2
5
7
2
5
6
6
6
5
7
4
4
7
12
6
9
7
6
4
7
4
4
7
3
4
3
4
8
2
5
4
7
8
3
4
7
5
2
7
2
5
3
5
2
7
3
4
3
4
5
5
1
3
7
6
5
2
6
7
5
3
5
3
4
9
5
4
6
5
3
4
3
3
5
5
5
3
4
6
7
5
7
6
4
2
7
3
4
3
6
6
5
7
5
3
3
4
6
6
4
4
6
4
3
1
4
6
3
6
7
3
5
8
8
3
5
6
3
2
8
2
3
1
2
4
1
2
3
5
7
2
4
4
3
6
3
3
2
3
5
5
2
2
2
2
4
3
2
4
2
3
1
5
1
4
3
3
1
1
3
4
1
7
7
4
5
3
5
5
4
5
2
2
5
2
1
6
3
6
2
2
3
5
4
2
5
1
4
3
4
2
0
3
3
6
5
2
3
2
3
1
7
5
4
2
2
3
3
0
5
2
1
4
3
3
2
3
2
6
3
3
5
3
3
1
4
0
4
3
4
5
2
1
2
4
3
3
3
3
3
3
5
6
5
2
2
3
0
2
2
2
6
4
3
4
2
3
4
1
2
4
3
1
0
4
1
3
4
3
6
2
1
2
4
4
4
0
1
2
1
0
1
0
2
0
3
2
1
0
4
0
3
2
1
2
3
2
3
3
0
3
2
1
3
5
2
1
4
4
2
3
1
0
4
6
2
2
1
2
2
1
1
3
4
1
3
2
5
4
0
2
1
2
0
2
1
2
3
1
2
2
4
2
2
2
2
2
3
3
2
2
1
0
2
3
3
2
3
1
0
1
3
1
0
2
2
4
3
1
1
2
0
2
0
2
1
0
2
1
1
2
1
2
3
2
2
0
1
3
2
1
1
2
1
3
3
1
2
1
2
3
1
1
1
2
2
1
2
1
3
4
2
1
3
0
1
2
3
0
0
0
1
2
2
2
0
2
5
0
0
2
5
1
0
0
0
1
2
0
0
1
1
6
1
1
1
2
1
1
2
3
1
1
1
1
0
1
1
2
0
2
1
5
2
1
1
1
0
0
1
4
0
2
3
2
1
0
2
2
0
0
2
2
0
1
3
0
0
1
0
0
0
1
2
1
0
1
2
1
2
2
1
0
0
1
0
1
1
1
0
1
1
1
2
1
0
0
1
2
0
1
1
0
2
3
0
3
0
1
0
2
0
1
0
2
1
1
0
0
1
1
0
0
2
1
2
0
0
0
2
1
1
2
1
2
1
3
1
2
0
0
0
0
3
2
3
1
1
1
0
4
0
0
0
1
1
1
0
0
3
2
0
2
0
0
2
1
3
0
0
3
2
0
3
1
0
1
1
0
1
0
0
0
1
0
1
1
0
0
0
1
1
1
0
1
0
0
0
0
1
1
0
0
1
0
0
2
2
0
1
0
0
1
0
2
1
2
0
1
2
1
1
2
0
2
0
0
4
0
0
1
1
0
1
1
0
0
0
2
0
1
1
1
0
0
1
0
0
1
0
1
0
0
1
2
0
0
0
0
1
0
1
0
0
0
0
1
0
1
0
0
1
0
2
0
3
1
1
1
1
0
0
0
0
0
0
0
0
0
0
0
0
0
1
0
0
0
1
2
1
0
1
2
0
1
1
0
1
1
0
0
1
0
1
0
0
0
1
0
1
0
2
1
1
0
1
0
1
1
0
1
1
1
0
0
0
1
1
0
1
2
2
1
0
1
1
1
0
1
2
0
1
0
0
0
0
1
1
0
0
0
1
0
1
0
0
0
0
0
0
0
0
0
1
0
0
2
0
0
0
0
0
1
0
0
1
0
1
0
1
1
0
0
1
1
0
0
0
0
0
0
0
0
0
1
1
1
0
0
1
1
0
0
1
0
0
0
1
2
0
0
0
0
1
0
0
1
0
0
0
0
1
0
0
1
1
1
0
1
0
0
0
1
0
1
0
0
2
0
0
0
0
2
0
1
0
0
0
0
0
0
0
1
0
3
1
1
2
0
1
0
0
1
1
1
0
1
1
0
0
1
0
0
0
0
0
0
0
0
1
0
0
1
1
0
1
0
0
0
0
0
0
0
1
1
1
0
0
0
1
0
0
0
1
1
1
0
1
2
0
0
0
0
0
1
0
0
0
0
0
2
0
1
0
1
1
1
0
1
0
0
1
0
0
0
0
0
0
0
0
0
0
0
1
0
0
0
0
0
0
0
0
0
0
0
0
0
0
1
2
0
1
0
1
0
1
1
0
0
0
0
0
1
0
0
0
1
0
0
0
0
0
0
0
0
2
0
0
0
0
0
0
1
0
1
0
0
0
2
0
0
0
0
0
0
0
0
0
0
0
0
0
0
