0
0
0
0
0
0
0
0
0
0
0
0
0
0
0
0
0
0
0
0
0
0
0
0
0
0
0
0
0
0
0
0
0
0
0
0
0
0
0
0
0
0
0
0
0
0
0
0
0
0
0
0
0
0
0
0
0
0
0
0
0
0
0
0
1
1
0
2
4
4
2
2
2
2
3
3
3
1
4
2
4
8
12
41
130
324
889
2235
4708
9476
16954
27707
40781
54167
66049
73416
73048
66510
55565
41251
28275
17530
9951
5045
2364
989
390
148
41
14
8
1
2
1
0
4
0
3
1
1
2
2
2
1
0
0
0
0
0
0
0
10
51
55
54
58
43
53
41
58
50
48
47
46
59
46
41
56
72
42
48
35
44
48
40
48
43
45
33
47
43
45
39
47
39
31
33
31
41
42
44
47
41
36
38
47
31
27
41
49
31
46
34
32
34
41
40
39
30
42
50
49
50
59
50
64
50
65
69
97
131
156
185
226
294
338
343
334
343
329
274
219
196
169
125
124
87
69
73
57
54
48
48
54
33
23
39
38
42
43
47
61
47
47
40
41
44
51
85
50
53
65
70
87
81
96
86
102
98
96
93
110
131
160
175
194
290
383
538
845
1396
2269
3561
5326
7472
10482
12974
16532
18827
20871
21526
21280
19694
17399
14799
11835
9111
6827
4985
3518
2571
1907
1398
1070
825
697
575
502
586
664
817
1066
1276
1503
1845
2099
2402
2392
2328
2323
2107
1833
1509
1110
923
644
492
409
332
229
217
185
178
150
94
95
86
56
43
42
22
20
19
8
10
6
10
14
7
9
8
14
12
5
9
11
5
4
12
6
12
8
9
9
9
12
12
11
11
11
14
12
10
12
12
8
11
11
15
16
16
22
35
17
38
29
28
26
30
21
18
25
22
19
23
23
18
18
28
27
29
16
29
25
27
16
26
28
20
22
14
21
17
11
18
19
18
18
15
11
12
13
8
5
12
6
8
6
5
8
6
9
5
8
6
7
3
6
2
12
8
9
4
4
7
5
4
6
7
5
6
4
6
5
6
8
10
9
11
13
13
19
9
17
18
14
13
15
11
13
7
11
9
11
6
7
9
7
7
7
13
11
9
12
16
9
10
12
8
15
8
14
11
9
9
9
6
11
8
7
8
10
6
8
6
7
9
13
8
9
8
7
12
2
9
9
7
11
7
6
7
7
4
9
7
14
8
5
3
13
6
6
4
9
6
6
6
6
5
8
7
6
8
12
5
8
4
3
2
9
3
7
4
6
6
6
2
10
5
7
5
7
5
2
8
10
6
6
6
10
4
4
5
11
6
8
5
6
7
5
4
8
7
9
8
6
8
7
7
6
6
6
4
13
7
5
8
8
3
8
12
10
6
9
11
6
9
5
8
2
5
14
9
8
7
7
8
13
10
9
6
8
10
10
3
6
9
6
8
8
10
14
5
12
12
9
12
11
6
16
10
9
15
9
12
10
10
9
9
11
9
12
10
9
11
9
12
11
19
14
15
12
12
6
15
24
23
26
24
14
18
21
24
23
30
23
22
20
23
31
33
31
32
42
40
32
34
33
39
45
38
33
41
34
39
44
45
37
42
37
35
28
34
29
34
30
32
29
23
36
34
28
37
32
25
29
27
23
24
17
25
22
22
22
20
29
17
20
26
27
18
23
23
26
24
25
30
24
19
27
14
21
22
23
26
28
22
16
21
19
21
30
18
21
16
30
35
16
30
28
24
39
37
22
21
24
27
27
28
29
33
33
28
28
28
23
25
31
35
29
27
33
33
24
25
35
23
36
40
47
25
33
36
36
48
43
34
31
24
35
32
30
46
35
40
38
46
44
40
45
43
54
47
42
32
42
51
45
46
35
44
51
57
52
65
35
42
45
51
54
46
53
50
63
57
59
56
58
62
60
59
67
76
65
62
68
70
64
82
85
79
91
80
72
85
99
91
86
92
81
96
86
115
101
110
101
107
106
104
98
85
99
85
85
84
68
85
76
87
83
104
83
76
85
88
90
89
95
75
93
83
82
79
74
78
82
62
79
69
77
80
89
81
95
81
76
98
78
79
73
98
73
81
85
93
84
81
78
85
73
79
82
73
82
89
77
84
66
77
79
90
66
83
86
83
83
84
93
79
88
71
79
109
90
71
80
91
67
73
90
81
84
83
82
66
86
77
85
81
78
84
83
91
69
77
72
74
83
76
78
75
76
74
77
71
67
72
80
66
97
80
73
71
96
88
91
102
75
103
88
76
88
83
87
90
90
71
77
103
95
109
106
98
80
86
83
87
98
82
108
82
109
104
103
113
140
136
122
143
187
231
245
352
406
559
670
872
1129
1412
1657
2005
2322
2915
3309
3753
4242
4560
4862
5254
5511
5403
5436
5451
5104
4981
4565
4033
3628
3214
2784
2375
1925
1559
1296
953
802
615
504
372
316
247
217
164
145
119
137
118
127
101
106
101
99
104
85
104
110
107
116
112
108
94
111
105
119
118
110
104
115
105
109
119
103
105
126
109
112
124
124
143
124
128
112
108
115
117
135
119
135
122
121
115
132
124
115
120
130
131
122
145
125
134
144
134
139
182
186
189
214
233
284
322
404
403
416
510
567
666
645
764
743
817
811
830
771
833
790
752
682
644
549
550
485
462
385
372
314
252
232
225
198
173
168
164
160
129
148
142
142
156
131
129
154
145
149
159
153
140
140
152
155
154
160
161
148
159
172
158
149
155
165
174
136
147
159
165
151
143
173
181
196
161
162
192
170
180
164
192
162
194
181
179
200
199
183
206
195
192
220
200
206
208
217
189
207
251
220
213
260
256
231
263
271
284
280
262
261
277
286
278
270
299
259
309
324
280
288
301
311
326
335
330
329
319
335
339
325
332
351
340
339
344
354
367
371
374
360
382
359
346
372
378
376
378
365
360
375
345
357
351
345
377
360
328
342
335
351
309
341
334
298
300
318
284
307
296
290
269
300
281
275
284
239
267
263
276
300
234
266
248
250
219
250
269
239
231
214
249
209
173
210
180
192
172
203
205
206
211
196
184
176
152
171
188
200
177
183
187
169
170
146
166
173
162
174
176
165
185
195
177
173
171
153
179
172
137
162
190
176
180
172
151
181
156
177
143
172
158
185
162
161
176
183
166
172
155
143
168
172
189
193
174
189
205
187
201
198
197
217
220
200
202
215
218
183
225
209
211
200
236
220
214
241
217
239
240
220
212
225
205
203
224
252
223
246
219
202
218
211
216
208
220
212
202
192
221
211
180
187
194
212
177
199
169
152
185
190
171
211
198
185
170
200
200
208
175
174
180
203
167
187
175
208
177
195
208
216
197
172
174
184
222
179
173
162
178
180
142
178
184
166
172
196
204
199
180
181
179
188
166
180
176
202
191
216
184
177
193
169
184
185
200
187
190
159
167
213
156
188
207
173
183
183
192
190
208
187
192
170
178
210
173
186
180
183
189
192
180
191
204
168
178
176
169
194
190
193
201
180
178
180
206
185
215
197
210
205
208
181
182
220
185
193
195
196
179
215
184
199
214
201
190
194
195
194
203
226
212
200
180
231
195
220
213
171
203
212
195
211
223
226
213
212
200
245
199
221
222
204
190
205
226
206
206
232
223
211
214
231
224
224
236
232
223
221
240
245
198
217
223
246
256
253
213
231
245
221
237
246
254
231
253
236
235
239
247
234
257
229
217
255
218
235
245
203
244
221
266
227
255
214
228
240
209
233
245
237
249
235
242
248
242
247
238
218
217
235
222
220
253
241
218
252
227
225
223
240
202
219
251
208
199
207
201
212
199
215
213
225
226
178
199
207
224
199
211
237
235
194
213
209
212
195
200
191
182
212
200
200
212
201
169
210
217
190
190
211
200
205
186
180
192
190
200
190
205
182
209
220
201
224
178
181
190
197
193
189
193
194
183
197
207
195
181
204
183
187
197
221
205
197
217
199
183
210
222
198
207
194
201
204
200
224
197
198
207
226
196
185
212
213
174
211
180
210
194
194
198
202
202
216
193
184
171
199
183
187
198
210
214
192
175
211
167
183
215
196
197
188
207
180
204
192
223
199
203
205
188
219
203
164
184
196
215
213
191
189
170
194
196
224
176
166
204
213
223
192
188
195
187
199
189
199
195
185
185
215
206
169
245
192
197
192
222
212
203
178
197
201
203
195
198
209
212
200
172
193
212
207
203
170
194
198
204
219
230
205
181
192
212
194
192
217
194
210
200
205
215
209
190
203
197
221
222
187
213
206
203
195
211
201
224
211
181
217
229
224
208
204
219
198
224
226
198
206
223
205
230
210
201
253
252
244
262
209
223
248
218
238
227
257
245
244
244
264
253
233
235
269
245
232
241
253
233
266
265
253
244
259
285
228
258
253
261
272
281
264
271
266
297
257
289
291
300
293
322
339
285
291
303
313
311
318
312
332
349
386
354
338
379
364
373
419
384
412
382
404
439
412
425
443
464
450
425
508
512
513
544
527
526
549
596
637
617
662
678
661
722
743
708
758
762
801
819
893
885
901
910
899
1033
1005
1006
1009
1055
1084
1025
1055
1114
1115
1166
1205
1158
1178
1221
1153
1179
1226
1207
1221
1201
1211
1233
1224
1163
1187
1159
1096
1102
1116
1088
1078
1143
1068
990
986
961
952
935
900
839
832
792
770
819
749
748
729
699
665
694
625
553
556
536
527
533
449
493
451
463
404
408
394
383
382
389
388
400
359
360
320
316
308
315
295
316
303
309
294
294
273
270
249
251
233
247
253
245
224
241
242
229
229
219
205
209
212
223
232
201
210
198
192
204
206
170
198
202
186
209
201
191
184
191
206
212
231
208
204
183
196
230
223
244
240
245
255
256
283
290
320
305
321
293
315
361
368
363
336
413
410
390
410
365
429
411
392
385
369
406
364
376
350
295
320
274
258
302
264
256
196
235
188
212
195
171
145
177
142
150
134
150
153
127
127
134
111
134
131
127
138
140
109
123
142
143
122
132
131
151
141
143
137
166
131
137
144
162
146
154
165
176
162
147
165
173
151
174
160
169
167
172
168
178
156
171
165
192
200
190
179
183
191
164
206
205
229
196
203
197
222
238
255
212
184
274
222
232
222
211
242
220
232
233
230
218
218
197
191
192
219
181
230
234
198
214
218
209
189
198
201
168
189
170
171
183
175
148
163
137
165
144
135
146
157
142
152
147
136
124
124
104
129
136
118
120
113
122
107
120
100
99
108
118
102
101
86
87
81
119
81
92
94
96
101
102
78
92
77
79
82
84
75
64
67
58
59
68
70
79
73
79
75
70
52
77
53
75
56
71
60
44
68
58
58
56
83
59
61
58
64
60
59
49
55
66
50
51
49
45
57
51
55
52
58
58
44
44
56
54
51
52
48
49
44
50
53
34
53
46
54
59
51
47
35
53
50
54
65
47
39
52
62
57
62
57
69
47
64
68
80
52
68
73
83
68
59
79
70
66
81
63
71
60
73
79
63
58
62
64
47
54
45
36
63
39
42
35
41
45
41
41
42
41
39
34
41
38
31
44
48
45
34
37
34
36
38
42
44
47
54
46
34
37
35
34
33
26
38
34
36
42
38
34
31
36
36
41
24
34
29
30
27
22
34
28
25
24
38
29
32
33
30
30
26
30
35
28
38
34
16
30
38
21
28
30
17
28
38
27
24
32
37
26
34
32
28
23
31
23
21
25
32
29
31
26
23
23
35
40
28
39
24
33
31
29
32
20
27
38
23
26
35
30
24
37
23
21
28
27
30
26
17
31
25
31
28
25
25
23
20
27
17
28
22
22
24
21
24
14
25
31
25
26
19
30
26
19
38
21
25
26
21
32
22
16
19
23
25
31
33
27
34
22
16
26
17
25
24
17
22
27
24
30
20
18
22
27
22
22
30
20
32
17
14
18
24
24
24
19
24
24
17
18
17
17
20
22
16
25
14
24
17
25
16
21
17
20
23
25
25
20
18
18
19
16
24
27
27
21
12
30
24
10
16
25
24
23
19
23
36
28
23
27
14
24
19
24
19
17
24
25
19
16
18
17
19
20
27
16
14
15
16
21
16
22
16
21
15
12
15
16
20
16
23
23
20
20
15
19
20
19
16
19
18
25
16
16
21
7
19
12
22
21
19
14
13
15
9
18
10
21
22
19
20
15
15
8
5
15
18
22
15
16
10
14
12
13
19
14
12
16
9
11
12
18
18
17
16
15
15
8
15
15
9
15
12
24
19
18
15
26
12
12
12
14
16
15
9
17
21
17
12
16
16
12
8
10
13
14
12
15
13
18
9
15
13
18
18
13
15
18
16
17
19
9
13
11
11
12
7
14
14
11
10
16
15
13
12
7
15
13
11
16
12
9
9
14
3
10
17
12
12
15
19
12
10
12
10
9
19
6
21
12
14
11
17
15
6
11
8
23
12
11
12
10
11
15
10
8
11
19
6
16
11
12
8
8
9
15
12
8
12
4
16
13
13
15
15
13
12
13
10
4
9
9
9
19
12
18
9
11
15
3
14
10
8
14
12
14
12
5
11
11
7
7
12
8
7
18
12
9
6
10
8
9
13
5
15
5
9
5
9
9
7
9
12
5
12
9
9
11
6
10
13
13
8
11
6
11
8
7
8
8
16
15
9
14
8
12
13
15
6
9
6
14
9
8
8
7
11
6
4
9
5
8
8
6
11
13
10
6
9
7
4
9
7
11
9
14
7
9
8
8
3
15
11
10
3
5
6
4
9
5
4
11
6
6
7
9
8
13
6
5
5
10
7
9
4
9
8
8
9
5
7
7
10
7
10
12
4
8
9
9
10
7
3
3
7
7
11
14
5
3
9
8
6
5
5
5
5
8
3
11
3
9
3
2
5
12
10
9
10
6
8
8
7
4
4
4
5
7
9
9
5
7
5
8
7
9
12
5
3
9
7
8
6
7
6
10
10
9
7
6
8
6
3
9
10
7
2
10
6
3
10
7
2
10
6
11
3
4
3
8
4
5
5
3
3
5
5
5
11
4
2
4
4
7
6
5
4
3
7
1
6
8
5
5
6
4
6
4
7
4
5
6
6
7
4
2
4
8
4
8
4
4
2
2
8
2
6
1
6
7
3
7
2
3
6
4
5
4
3
5
6
8
4
4
5
6
4
7
6
3
2
5
4
5
3
9
4
2
3
5
2
4
4
6
2
8
3
6
5
5
4
7
5
4
1
6
3
6
5
1
2
2
2
6
4
4
3
2
3
2
6
1
2
1
2
4
1
7
8
5
4
4
5
4
4
5
7
5
2
2
6
4
7
1
3
5
3
6
5
5
3
3
3
5
3
3
2
5
3
3
2
6
3
6
2
4
6
3
4
4
1
2
3
3
1
3
2
3
4
4
1
4
1
3
4
3
2
4
2
3
5
8
0
6
4
4
2
5
2
3
5
4
1
1
3
4
3
1
5
3
4
4
4
3
3
8
6
3
6
7
3
4
3
2
5
2
1
4
5
2
5
0
1
4
0
7
5
1
2
2
5
2
2
0
2
4
4
3
1
2
6
3
3
3
2
1
3
1
2
3
6
0
2
4
1
3
3
6
1
3
0
1
4
2
4
3
4
2
2
2
1
2
6
3
3
4
2
2
2
0
3
2
1
1
2
0
2
3
2
3
1
1
3
4
2
3
1
3
2
3
6
2
2
0
3
3
3
1
4
1
0
1
3
1
2
0
2
3
2
1
0
5
2
2
1
1
3
3
4
0
0
0
3
1
2
1
0
4
2
4
2
1
2
2
1
0
5
3
2
1
1
3
1
4
2
4
1
1
1
1
0
2
1
1
2
1
3
2
2
3
1
1
1
1
2
3
2
1
4
2
3
0
2
4
0
0
1
1
3
3
3
3
2
1
2
0
2
2
3
1
0
4
2
0
1
0
1
0
2
1
0
0
1
1
1
1
0
1
2
2
0
3
2
3
0
0
1
1
1
1
2
2
2
1
3
0
0
0
1
2
1
0
1
1
2
4
1
1
2
0
0
2
1
2
0
1
2
3
1
2
2
0
0
1
3
0
1
1
1
0
1
2
2
1
1
3
1
0
0
0
2
1
0
1
1
3
1
0
2
3
1
1
2
1
2
1
2
1
2
1
1
2
1
0
2
0
0
0
0
1
0
0
3
1
2
1
1
0
1
0
0
0
1
0
1
2
3
2
1
1
0
1
2
1
0
0
3
1
0
0
0
2
0
1
2
0
0
1
0
1
0
0
0
1
0
0
1
2
0
1
0
2
0
2
0
1
0
1
1
0
1
1
0
1
0
0
1
1
0
1
2
1
2
1
0
1
0
2
0
3
0
0
1
0
1
3
1
1
0
0
2
0
1
2
2
0
0
0
0
2
0
1
1
1
3
2
1
0
1
0
0
1
0
1
2
1
0
1
0
1
0
0
0
1
0
0
0
4
1
2
2
0
1
2
0
1
1
1
0
0
0
0
0
0
0
1
0
1
0
0
0
1
1
1
1
1
2
0
2
0
0
1
0
1
0
1
1
1
1
1
1
0
0
0
0
0
1
1
0
0
1
0
1
0
1
0
2
0
0
0
0
1
0
0
0
0
0
0
0
0
0
1
0
2
1
0
0
0
1
0
1
2
0
0
1
0
0
2
0
0
1
1
0
2
0
1
0
0
1
0
0
0
0
1
0
1
0
0
1
0
0
0
0
0
0
0
1
0
1
0
0
1
1
0
0
0
1
0
0
0
0
1
0
1
0
0
0
1
0
0
0
0
0
2
0
0
0
0
1
0
1
2
0
0
0
1
0
1
3
0
0
0
0
0
1
0
1
0
0
0
0
0
0
0
0
0
0
1
2
1
0
0
0
1
0
0
0
0
1
0
0
1
1
2
0
2
0
0
0
0
1
0
0
0
1
1
0
0
0
1
1
0
0
0
0
0
0
1
0
0
0
0
0
0
0
0
0
0
1
1
0
1
0
1
0
1
1
0
1
0
0
0
0
1
1
0
0
0
0
2
0
0
1
0
0
0
0
0
0
1
0
0
2
1
0
1
0
0
2
0
0
0
1
0
0
1
0
0
0
1
0
0
0
0
0
0
1
0
0
0
0
0
0
0
1
0
0
1
0
0
1
0
0
0
2
1
0
0
0
0
0
0
0
2
0
0
0
0
0
0
0
0
0
0
1
0
0
0
0
0
1
0
0
0
0
1
0
0
0
0
0
1
0
0
1
0
0
0
0
0
0
2
0
0
0
0
0
0
0
0
0
0
0
1
0
0
0
0
0
0
0
0
0
0
0
1
0
0
0
0
0
0
0
0
0
0
0
0
1
0
0
1
0
0
0
0
0
0
0
0
0
0
0
0
0
0
0
0
0
0
0
0
0
