0
0
0
0
0
0
0
0
0
0
0
0
0
0
0
0
0
0
0
0
0
0
0
0
0
0
0
0
0
0
0
0
0
0
0
0
0
0
0
0
0
0
0
0
0
0
0
0
0
0
0
0
0
0
0
0
0
0
0
0
0
0
0
0
0
0
0
0
1
1
2
0
1
1
3
1
3
1
1
3
5
4
12
29
151
376
981
2236
4824
9590
17069
27993
40739
54978
66292
72812
72897
66441
54519
41357
28011
17428
9905
5206
2406
1028
363
129
45
20
7
4
0
1
2
1
2
2
1
0
1
3
0
0
0
0
0
0
0
0
1
11
53
52
54
49
50
45
41
26
50
37
45
42
42
50
45
32
43
40
48
46
37
39
49
43
30
35
49
40
28
35
36
41
40
48
41
34
38
31
39
28
38
27
21
37
27
43
20
38
48
40
36
33
41
42
41
30
43
42
47
58
49
71
42
59
62
56
72
81
120
133
170
220
275
310
345
342
303
303
261
209
201
133
137
93
90
78
56
52
57
52
40
33
43
37
39
32
46
36
49
34
44
55
39
43
40
65
50
47
46
62
62
69
60
72
72
84
83
89
92
129
101
116
133
127
164
293
434
789
1237
2029
3401
5029
7221
9790
12711
15479
18131
19677
20435
20304
18771
16601
14007
11371
8652
6423
4671
3245
2363
1682
1228
895
693
557
479
423
399
520
656
909
1211
1429
1824
2028
2323
2396
2433
2406
2056
1822
1527
1231
979
713
501
411
297
259
181
183
165
145
128
94
79
74
41
38
29
17
8
12
14
13
10
15
15
12
11
7
10
8
6
7
9
12
6
6
7
7
14
10
5
14
5
5
9
12
14
10
7
10
11
11
9
5
13
14
18
20
17
22
23
20
19
23
35
32
28
22
20
14
22
22
23
20
9
14
24
15
21
23
17
17
17
11
19
17
21
22
16
14
10
18
16
11
10
10
10
3
11
8
11
9
7
6
5
7
9
10
9
4
7
7
5
6
4
5
5
5
4
8
5
4
4
6
5
4
6
3
7
9
8
12
11
10
7
9
18
11
12
15
9
22
15
17
13
18
12
13
6
7
5
10
11
10
7
13
12
13
13
9
10
14
18
7
17
14
11
8
16
5
13
9
7
8
10
9
11
8
5
8
12
6
6
10
1
4
5
7
5
10
10
8
6
2
10
6
6
12
11
10
10
11
4
6
9
7
4
4
2
6
13
5
9
5
8
5
5
8
2
11
7
4
3
1
3
9
6
4
5
6
6
8
6
11
5
8
8
8
3
5
3
3
4
5
6
9
2
6
4
10
12
9
7
7
4
8
7
2
5
8
9
12
4
10
10
4
2
9
8
6
5
10
7
4
11
7
5
5
6
8
8
6
8
4
7
7
9
6
7
11
12
8
7
8
4
8
6
5
4
11
10
6
6
10
8
9
11
5
6
6
12
9
10
13
16
9
8
4
12
12
14
8
8
6
13
5
11
10
16
19
9
6
12
11
6
15
10
6
16
6
9
12
11
13
10
11
13
13
17
12
11
24
16
12
10
22
36
16
21
19
17
23
21
20
15
13
15
24
16
16
17
16
15
26
21
14
13
16
16
13
19
14
16
14
17
19
18
11
16
17
15
22
15
20
15
19
18
5
20
18
21
14
18
21
22
13
17
22
21
15
18
23
13
19
19
19
32
18
18
24
15
22
25
17
26
23
27
25
20
23
29
27
27
27
27
19
21
20
38
26
33
27
26
21
18
25
46
24
35
30
24
29
25
30
31
32
36
32
27
34
27
40
32
32
34
23
35
23
26
40
25
38
36
36
49
30
39
38
45
47
35
31
35
38
56
44
54
49
45
42
50
46
36
42
47
49
69
48
53
54
52
43
50
50
49
65
44
59
57
67
58
60
61
75
57
66
55
55
62
86
62
65
62
72
64
52
84
86
73
86
84
71
74
95
87
85
86
89
108
114
108
100
100
96
106
114
88
82
80
80
73
90
83
74
109
81
84
79
73
81
74
77
83
69
72
80
88
69
75
58
75
72
71
59
78
85
66
69
64
67
68
72
68
86
73
69
71
63
81
66
84
83
79
72
71
62
74
55
68
79
84
62
72
65
66
55
73
59
72
64
73
82
66
58
70
69
65
69
64
77
73
73
64
69
63
68
75
67
73
70
51
80
79
53
75
62
62
72
75
69
72
73
66
69
73
57
67
69
74
81
84
71
72
67
79
67
73
75
65
85
76
82
61
84
90
75
88
73
76
76
102
77
84
80
82
90
84
87
87
83
96
92
85
91
114
101
97
100
97
92
104
129
126
126
192
191
228
296
341
490
587
744
891
1138
1438
1739
2057
2495
2843
3305
3727
4158
4422
4885
5102
5027
5412
5289
5213
5010
4611
4130
3966
3508
3058
2628
2136
1753
1490
1200
982
740
608
436
377
300
232
198
143
142
120
126
105
122
106
119
102
99
106
101
91
92
112
99
111
95
109
116
107
102
101
96
111
87
114
100
100
96
87
108
107
104
97
105
94
103
116
105
108
108
105
104
125
101
107
100
118
122
110
101
109
134
117
124
128
144
127
128
143
158
154
172
171
206
242
276
356
340
428
445
507
561
598
666
699
742
752
792
836
770
793
731
701
661
595
624
507
447
407
391
374
288
281
233
198
186
176
174
172
156
150
145
120
145
143
125
131
137
125
150
136
157
162
152
136
133
161
134
150
178
142
163
157
162
146
144
163
159
147
167
138
159
169
156
171
171
168
188
195
159
169
191
179
180
210
194
183
189
174
190
192
195
199
163
210
189
199
199
192
204
217
206
217
224
211
208
236
240
203
199
241
267
224
211
224
226
219
238
241
230
218
227
235
237
214
230
221
212
208
196
193
217
205
188
183
177
204
223
197
197
177
191
180
192
202
200
183
204
178
213
156
197
191
185
178
161
172
185
171
134
171
161
179
163
177
169
141
160
180
187
192
167
146
141
169
165
156
167
138
170
163
141
157
188
141
128
155
152
157
146
152
171
159
129
139
138
147
140
162
146
170
149
118
131
132
145
151
171
139
165
115
166
168
137
135
159
145
138
140
143
142
149
164
145
167
145
167
156
150
140
147
152
145
154
152
161
155
166
149
135
139
147
143
148
154
155
139
140
135
148
160
173
170
165
162
165
132
166
141
164
171
164
148
141
153
144
169
148
174
164
172
174
155
157
153
147
160
148
156
176
187
133
162
149
144
167
145
146
169
163
157
171
169
158
147
165
158
167
165
158
168
185
179
144
166
173
170
156
157
175
142
155
141
161
163
159
149
152
170
171
165
175
157
180
149
179
175
174
197
156
162
175
210
170
179
177
174
189
182
155
163
167
163
156
172
164
155
172
183
170
151
172
171
183
164
176
171
171
196
184
189
173
155
158
188
181
174
191
178
170
177
178
188
190
180
166
178
200
185
179
173
178
167
197
203
212
201
192
182
202
172
194
174
191
180
204
194
181
166
188
202
179
192
188
202
185
203
204
195
214
180
189
207
206
201
197
180
182
211
197
191
228
204
191
242
219
225
214
213
234
224
221
212
226
220
249
221
223
238
229
222
237
214
227
221
233
236
248
217
242
202
219
223
209
242
240
269
229
225
240
218
228
227
224
262
231
229
215
253
242
250
268
237
267
245
250
236
244
248
234
247
245
223
253
233
204
231
221
242
224
226
259
238
239
247
250
224
234
223
243
216
236
221
221
219
231
231
213
235
236
205
214
198
202
244
201
227
220
205
206
234
227
197
234
209
208
203
210
214
224
224
213
216
197
207
186
215
189
183
214
219
208
236
179
212
216
195
219
203
190
214
195
202
195
205
197
224
193
192
190
200
201
189
203
185
201
186
204
182
163
190
234
185
203
217
175
212
188
195
209
191
222
195
184
174
184
191
162
208
190
173
175
196
191
204
204
202
199
217
208
193
176
184
189
185
203
191
192
202
207
200
201
197
149
171
169
200
179
198
185
207
218
184
190
182
204
177
199
205
174
205
196
207
204
223
195
210
197
195
209
203
190
211
196
246
184
177
188
200
197
186
199
199
175
190
174
176
201
186
189
199
183
179
171
197
195
207
178
214
199
183
193
223
199
174
195
210
203
217
179
201
220
198
186
208
189
168
191
195
218
219
193
165
210
187
208
202
207
190
209
209
225
217
195
209
179
199
196
212
195
193
211
195
195
200
228
192
215
193
223
158
203
152
222
204
222
211
191
174
198
199
206
191
178
201
197
205
210
212
205
178
204
214
224
225
195
198
209
193
219
224
189
198
191
211
182
232
201
241
229
241
209
230
239
208
213
223
212
259
241
229
219
254
228
208
224
243
220
258
232
251
225
229
246
248
244
251
277
262
242
259
249
241
254
265
271
246
269
263
265
293
269
287
287
299
280
302
295
294
295
288
311
331
300
313
315
303
329
347
326
301
326
359
338
363
376
351
403
373
372
404
386
394
403
400
460
431
498
442
489
499
521
550
546
530
525
531
569
623
640
675
653
710
695
713
755
780
786
811
799
896
946
860
890
918
980
1026
1015
1049
1044
1106
1046
1110
1102
1111
1121
1128
1243
1199
1176
1152
1129
1163
1214
1177
1171
1225
1200
1160
1226
1176
1083
1118
1115
1099
1098
1084
1018
977
975
915
963
881
900
862
844
785
752
777
783
694
708
680
656
655
669
597
554
567
532
478
513
481
487
446
451
437
428
379
391
356
384
335
341
341
342
309
300
291
302
299
286
302
267
281
230
275
278
244
242
243
254
217
246
236
231
250
218
208
203
210
206
208
220
186
209
221
184
179
185
197
212
209
207
182
198
178
192
179
183
171
217
174
191
208
216
218
229
234
239
222
253
284
274
274
308
297
329
315
304
320
324
361
368
407
391
371
358
403
376
369
373
366
349
375
358
338
311
306
297
286
282
267
260
243
202
204
167
185
167
175
152
166
138
133
151
130
160
132
144
148
137
133
113
133
131
98
134
123
123
137
130
114
153
133
123
110
142
149
150
137
148
146
146
131
158
149
156
176
167
149
152
170
157
152
167
183
180
163
168
181
201
187
182
212
188
201
187
187
216
227
199
231
207
202
222
224
233
193
232
226
234
211
224
247
194
206
217
257
203
238
186
203
214
238
222
203
188
223
204
209
187
213
195
176
187
180
192
191
162
167
157
143
142
159
153
138
172
154
162
155
122
131
135
141
121
123
130
111
119
115
108
110
124
89
105
91
111
120
103
91
86
86
78
98
94
105
75
96
89
71
87
74
86
87
73
80
80
83
63
73
70
89
74
69
65
77
63
82
66
59
50
68
70
58
65
63
70
59
52
57
46
62
73
48
54
64
62
62
47
66
52
61
59
46
56
48
74
49
54
48
50
55
50
52
65
40
56
56
43
62
43
49
48
50
41
44
48
61
62
55
44
42
56
48
47
57
57
59
56
66
49
60
49
75
61
71
61
61
66
62
74
62
66
92
68
59
65
73
60
69
53
51
55
52
58
57
52
41
39
52
47
46
34
46
41
45
44
39
41
35
50
27
46
41
31
41
46
28
42
37
36
46
28
39
45
41
32
32
48
35
42
41
35
34
34
35
38
37
38
42
48
31
39
44
30
36
37
25
24
31
32
33
35
26
29
35
30
38
40
30
38
28
33
29
31
33
21
31
21
35
24
36
34
28
33
29
26
33
23
32
32
34
31
34
41
31
33
23
32
36
27
24
31
22
36
23
24
28
37
30
25
23
31
28
31
20
23
29
24
33
30
28
30
24
26
24
26
27
30
25
25
27
29
32
20
28
14
26
24
25
23
31
26
23
25
28
26
22
33
27
28
26
26
15
24
17
23
29
16
19
32
27
24
29
31
17
23
13
29
24
35
22
28
24
22
29
23
26
34
21
31
18
20
22
20
32
10
23
17
16
16
21
24
36
21
24
22
28
16
20
27
30
26
18
18
39
24
18
16
15
23
22
27
23
24
26
17
17
25
21
16
23
19
20
24
20
17
16
22
22
21
25
16
16
22
15
24
22
19
22
15
18
19
18
18
12
19
19
16
14
19
24
16
22
14
21
25
19
14
14
26
20
13
20
16
19
15
19
12
14
14
21
23
20
15
19
19
22
18
22
29
14
18
17
19
16
16
18
11
19
18
13
18
17
22
14
18
19
19
11
26
26
11
22
26
13
22
16
13
13
17
25
13
17
16
21
8
11
17
13
15
16
9
23
9
14
18
16
13
15
16
18
21
18
10
9
10
22
18
17
15
17
16
11
22
16
17
17
14
13
14
12
9
18
11
18
19
11
11
11
10
15
25
13
17
18
17
11
12
16
12
7
15
18
15
10
20
10
13
10
9
13
13
12
16
11
15
17
14
16
15
11
12
16
8
11
16
16
10
15
11
5
15
13
9
12
15
11
4
10
13
5
8
11
6
8
11
12
16
19
16
18
14
9
11
10
15
13
13
10
12
8
7
14
9
14
14
17
10
15
9
9
15
10
9
15
13
7
12
12
12
9
10
7
7
10
10
10
14
17
13
8
14
12
15
7
9
9
9
7
10
13
9
9
6
11
12
8
15
8
15
12
7
8
15
5
8
13
4
11
13
8
15
9
7
10
12
2
14
8
13
13
11
8
9
15
11
9
12
9
5
6
10
10
11
11
6
12
6
6
6
11
14
6
5
9
10
6
12
7
10
12
12
11
7
8
11
8
7
9
5
7
8
11
12
8
11
11
10
12
8
4
5
14
6
5
7
7
5
5
9
6
8
7
9
7
2
6
6
7
7
6
11
5
4
10
6
10
12
10
9
4
6
13
6
9
10
3
9
6
12
7
6
5
4
4
7
6
8
4
9
6
3
7
9
7
10
2
7
4
6
7
6
5
5
6
8
6
4
4
4
4
7
7
8
9
8
9
5
8
5
5
2
13
10
4
6
9
7
2
10
5
5
6
8
5
4
7
6
5
7
7
4
7
2
8
3
8
2
5
1
6
5
7
8
8
7
4
7
9
6
6
10
5
7
4
8
4
8
4
10
3
3
6
7
5
4
7
9
7
7
10
4
3
4
3
3
9
4
6
7
4
2
3
3
6
3
10
4
3
2
5
5
9
4
6
7
7
4
6
3
4
5
5
6
3
7
8
4
5
6
4
4
10
4
6
9
3
3
6
3
3
4
3
1
3
3
2
3
3
4
5
6
5
4
6
6
4
8
6
3
6
9
7
6
6
2
1
5
2
4
2
5
5
3
4
1
7
6
5
5
2
4
5
6
8
4
3
4
5
7
7
6
1
1
7
9
1
5
0
1
2
2
7
6
5
2
2
3
1
6
4
5
7
3
5
2
4
5
3
3
2
1
3
5
1
1
2
1
2
4
2
5
4
3
6
4
3
6
3
4
1
2
4
0
5
2
2
4
2
1
3
7
4
5
3
5
3
4
3
3
2
4
3
3
2
6
4
3
2
1
6
2
1
1
5
3
6
4
5
2
3
1
3
1
5
1
1
8
3
4
1
5
7
2
7
1
3
3
2
2
3
3
5
3
2
5
2
2
5
4
4
0
4
3
4
3
0
3
0
0
2
0
4
0
2
6
3
0
5
1
2
5
1
2
3
2
6
5
2
1
4
0
3
3
2
3
1
5
4
1
1
0
1
0
3
1
2
4
0
0
3
5
3
1
1
3
0
5
0
4
0
2
1
3
3
2
3
3
2
1
4
3
0
1
3
1
4
0
2
2
1
2
3
2
4
3
3
1
3
0
4
0
2
1
3
2
1
4
2
2
3
1
3
2
0
1
0
0
0
2
1
2
3
2
2
2
2
3
2
2
1
4
2
3
1
1
0
5
3
3
2
1
0
5
3
2
1
4
1
2
2
1
5
5
3
3
1
0
1
2
3
3
0
2
2
3
1
3
0
3
3
2
2
1
0
0
3
2
0
1
0
2
0
1
0
0
0
2
2
2
0
0
3
1
2
1
2
3
0
1
2
0
2
1
3
3
4
2
1
0
4
3
3
1
2
1
1
0
1
1
2
3
0
0
0
0
0
0
0
2
0
1
1
0
1
1
4
1
1
0
0
0
1
1
1
1
0
0
3
0
1
3
1
1
1
1
0
1
0
2
1
1
0
0
1
3
1
1
2
0
0
1
2
0
1
1
0
2
0
0
2
2
2
1
1
1
0
1
1
0
1
2
1
2
2
3
1
1
0
0
0
0
0
0
2
1
2
0
0
0
1
1
1
3
2
1
1
1
2
2
0
2
1
1
0
1
0
0
2
1
0
1
1
0
0
0
2
1
1
2
1
2
0
1
1
0
1
2
2
2
1
1
0
1
0
1
0
1
1
0
0
1
2
1
0
2
1
0
1
0
1
2
0
1
1
1
0
0
0
3
1
0
2
0
1
1
1
0
0
2
1
0
1
0
0
1
0
0
0
2
2
1
0
2
0
0
1
1
0
1
0
2
0
1
0
0
1
0
0
0
2
0
0
3
1
0
0
0
1
1
2
1
1
0
0
0
2
2
0
1
0
0
0
0
2
0
0
1
1
1
0
0
0
0
0
0
0
1
0
0
0
1
0
1
1
0
2
0
1
1
1
0
2
0
1
0
1
1
1
1
0
0
0
0
1
1
0
1
0
1
0
1
1
1
0
1
0
0
0
1
0
0
1
0
0
0
1
0
3
1
0
0
1
0
1
0
0
0
0
0
0
0
0
0
0
0
1
1
1
0
0
0
0
0
5
1
0
0
1
0
0
1
2
1
0
0
0
0
1
0
0
0
0
1
1
0
1
1
0
0
0
1
0
0
0
0
1
1
1
0
1
1
1
2
0
0
2
0
1
0
0
0
0
0
0
1
0
0
1
1
1
2
1
0
1
0
0
1
0
0
0
1
1
1
0
0
0
1
0
0
0
0
1
2
1
0
2
0
0
0
0
0
0
1
0
0
0
1
1
0
2
0
0
0
0
0
0
1
1
1
0
1
1
0
0
0
1
0
1
0
0
0
0
1
0
0
0
0
0
0
0
0
0
1
2
0
0
0
0
0
0
1
0
0
0
0
0
0
0
0
0
1
0
2
1
0
0
0
1
0
1
0
0
0
0
0
0
1
1
0
0
1
0
0
0
0
0
0
0
1
0
0
0
0
2
0
0
0
0
1
0
0
0
1
0
0
0
0
0
0
0
0
0
0
0
0
0
0
0
0
0
0
0
1
0
0
0
0
0
0
0
0
0
0
0
0
1
0
0
0
0
0
1
1
0
0
0
0
1
0
0
0
0
0
0
0
1
0
1
0
0
0
1
0
0
0
0
0
2
0
0
1
0
1
0
0
0
0
0
0
0
0
0
0
0
0
2
0
0
0
0
0
0
0
0
0
0
0
0
0
