0
0
0
0
0
0
0
0
0
0
0
0
0
0
0
0
0
0
0
0
0
0
0
0
0
0
0
0
0
0
0
0
0
0
0
0
0
0
0
0
0
0
0
0
0
0
0
0
0
0
0
0
0
0
0
0
0
0
0
0
0
0
0
0
0
0
0
0
0
1
1
0
3
3
2
5
3
4
3
6
1
7
13
37
136
358
973
2280
4799
9571
17338
27841
41093
54549
66041
72953
72810
66516
54736
41149
28110
17448
9887
5006
2370
1015
422
142
40
13
10
2
2
0
1
2
0
1
3
3
1
0
0
0
0
0
0
0
0
0
0
10
67
53
61
57
53
51
66
54
46
44
39
30
50
50
36
37
34
39
34
28
41
49
43
46
33
49
47
43
48
38
36
42
39
32
41
38
53
33
38
35
31
35
33
53
27
47
29
33
39
26
35
37
35
48
42
31
42
50
43
32
54
41
53
48
48
78
84
69
130
130
182
228
262
269
339
307
340
286
256
258
197
191
134
90
84
62
71
51
57
42
33
44
32
31
29
35
40
29
38
36
44
44
46
41
50
44
50
57
47
72
66
57
67
73
70
84
78
82
99
112
105
86
120
144
181
292
464
774
1293
2062
3280
4943
7046
9796
12510
15592
17887
19573
20703
19940
18673
16749
14070
11276
8726
6533
4645
3276
2447
1740
1273
981
701
557
406
403
439
545
657
923
1208
1452
1802
2186
2389
2482
2430
2381
2248
1844
1490
1222
919
668
537
377
325
248
209
171
171
141
122
113
85
67
47
37
25
18
12
10
13
12
10
10
8
11
13
7
8
7
7
7
12
11
9
7
7
9
3
4
8
10
10
12
6
11
6
6
10
4
16
17
7
10
12
16
24
14
25
16
24
30
35
27
28
23
25
15
13
20
18
19
15
19
19
27
19
26
18
20
25
18
19
17
16
22
21
15
14
24
15
17
17
17
15
10
10
9
10
10
3
9
6
7
13
6
11
7
10
13
13
6
3
5
16
6
8
2
4
8
7
4
4
1
3
8
4
7
6
9
7
10
7
7
10
14
10
9
15
15
14
21
13
13
10
11
9
8
8
13
9
6
6
8
11
7
20
15
15
12
15
8
11
12
9
17
12
11
10
5
8
10
12
6
7
6
10
14
5
12
8
5
5
8
6
5
4
7
5
8
4
8
8
6
6
3
5
4
6
4
6
8
4
11
5
3
6
4
6
6
7
8
1
6
5
6
6
1
2
5
8
5
10
4
8
6
7
8
3
2
9
4
11
9
7
5
8
7
5
11
4
15
4
6
4
4
6
6
6
10
7
4
4
7
6
11
6
7
10
6
4
7
7
8
11
8
6
8
8
5
10
5
6
10
4
5
7
8
8
11
3
4
10
7
8
11
11
5
8
10
4
9
10
6
11
8
11
6
7
7
10
6
13
4
4
9
6
15
9
10
8
6
12
13
13
14
4
10
6
6
9
14
15
8
9
14
8
20
8
16
16
7
9
8
8
13
6
11
6
15
13
19
13
19
15
10
27
18
12
17
20
13
11
23
21
24
16
18
26
19
18
25
26
24
15
17
23
22
26
23
15
21
19
15
20
21
18
10
8
12
9
16
26
20
18
10
12
19
14
19
11
16
11
17
21
16
20
17
15
16
13
26
21
13
21
17
23
25
18
22
26
18
17
20
23
24
20
23
18
16
22
15
20
30
20
23
24
24
30
22
30
21
25
27
22
29
29
27
26
14
27
33
21
23
18
33
26
29
25
35
34
32
33
31
29
25
26
31
24
40
31
40
38
26
28
28
40
28
30
42
29
35
34
30
30
52
38
37
47
34
42
38
42
54
46
48
35
47
47
42
43
51
53
38
52
44
58
46
56
62
53
43
58
48
50
60
53
69
55
61
52
52
58
69
60
50
63
51
69
66
67
78
71
76
67
76
68
70
68
75
93
81
84
87
91
86
113
110
89
110
97
86
86
111
71
106
88
84
88
100
79
90
82
94
79
78
73
88
76
65
75
70
70
65
79
75
87
62
71
65
75
68
63
67
84
72
82
68
73
66
68
86
78
70
58
67
76
65
73
82
65
68
58
73
66
61
78
76
60
71
79
64
61
79
62
70
68
66
74
85
73
80
57
82
71
75
72
69
67
59
61
58
72
78
77
63
86
83
85
84
66
87
76
87
73
88
73
74
73
71
63
67
55
76
82
69
59
78
74
80
63
73
83
86
84
53
83
73
81
70
70
81
72
81
84
74
76
74
81
78
85
77
82
68
96
82
98
84
99
83
91
102
96
104
87
106
89
85
94
110
94
119
143
131
160
204
222
268
380
447
565
707
904
1225
1381
1778
2071
2434
2942
3381
3787
4112
4439
4780
4972
5133
5366
5206
5158
4887
4683
4277
3980
3559
3102
2592
2174
1856
1470
1198
970
742
576
436
373
290
266
156
147
150
142
110
126
119
109
109
83
99
105
92
96
110
119
102
92
102
97
111
97
98
109
93
100
91
102
113
98
108
105
107
99
121
122
104
106
114
83
117
101
93
110
94
121
118
118
97
112
118
114
108
127
117
120
144
142
124
142
131
141
146
183
169
213
215
243
261
336
374
357
462
515
544
594
647
653
746
762
819
772
809
779
723
709
698
629
568
515
488
437
363
360
313
243
255
203
202
203
157
168
148
150
143
145
154
126
135
123
128
139
125
138
151
147
140
154
129
137
156
166
147
147
166
139
162
171
162
155
143
149
167
152
159
165
175
150
155
186
188
160
184
162
161
162
174
175
200
210
179
176
171
157
187
180
187
177
196
209
190
204
196
200
190
169
199
214
200
228
247
208
206
206
221
216
224
243
204
223
224
235
233
198
265
190
197
239
219
194
220
203
213
219
181
212
202
199
206
197
191
182
208
194
184
197
202
214
150
193
203
176
188
179
165
199
183
159
166
179
190
188
172
159
162
186
159
161
161
162
185
151
145
158
153
175
158
140
177
168
155
141
129
153
126
146
141
152
162
159
139
149
140
144
136
139
148
144
168
180
159
149
169
146
166
130
178
143
129
143
154
154
162
145
172
156
156
140
163
143
158
161
156
131
144
144
162
141
168
142
145
138
157
144
147
172
148
142
155
172
160
152
144
175
137
150
149
147
152
156
156
176
132
148
155
167
147
155
152
142
152
132
154
176
153
143
152
160
149
136
130
156
139
139
155
140
160
161
135
164
168
154
186
144
135
149
163
164
169
148
163
171
132
158
169
186
167
150
148
174
166
157
161
175
156
164
169
175
176
164
142
161
138
154
185
150
183
148
158
161
174
173
148
170
144
170
168
185
168
169
164
171
170
166
192
165
177
176
179
162
165
172
185
161
172
185
183
167
158
166
180
186
186
154
157
180
172
164
193
163
191
183
182
140
177
178
189
176
185
160
177
220
185
175
175
163
172
177
179
192
177
187
196
187
189
185
198
193
168
186
211
202
163
180
177
181
177
200
184
186
200
213
180
224
179
185
186
203
180
208
184
194
202
200
212
181
214
217
200
200
212
221
194
173
228
203
207
204
229
206
208
204
215
188
230
205
227
214
215
208
221
219
215
257
248
211
201
263
209
256
225
243
210
229
254
222
238
235
230
235
256
256
214
227
245
267
245
241
205
230
220
249
250
229
271
237
250
255
246
265
240
223
252
226
280
239
238
272
251
263
207
229
238
210
230
224
229
235
251
244
219
237
221
250
224
269
228
235
230
230
224
233
231
227
239
196
228
228
214
211
198
197
214
211
232
171
193
217
180
218
210
189
214
198
206
206
197
171
208
185
190
197
175
192
198
209
198
185
166
213
196
216
189
198
194
204
191
201
160
171
197
196
195
172
197
209
196
191
182
169
194
206
194
173
172
166
183
176
185
202
204
170
196
157
186
201
185
173
198
191
179
181
174
210
167
200
187
173
194
204
202
178
177
206
222
207
197
195
196
185
196
209
179
189
192
206
188
213
216
207
194
208
166
167
216
177
187
200
166
204
192
190
213
190
187
205
193
190
203
213
220
221
215
205
199
173
177
187
198
184
211
177
202
171
206
203
191
199
194
168
194
189
202
199
158
191
187
200
192
198
220
206
192
193
165
186
194
195
181
221
201
180
183
174
208
174
178
199
180
163
172
187
205
180
200
181
188
202
169
178
175
176
186
230
185
211
189
186
218
213
203
207
190
175
179
204
215
223
221
218
189
179
199
200
200
203
197
200
209
187
186
198
202
201
217
160
196
220
203
199
196
210
248
207
209
197
217
184
234
199
189
205
218
193
221
196
211
204
216
220
227
211
235
201
212
223
236
198
235
195
235
249
222
269
207
223
221
233
237
207
235
229
236
256
245
248
266
255
240
243
256
222
263
270
287
266
278
257
235
275
291
273
284
267
291
317
298
277
301
290
281
293
325
306
318
307
311
330
339
317
309
329
324
347
317
356
357
360
363
410
336
377
407
380
414
426
452
396
414
449
447
469
435
486
504
528
492
508
554
576
658
613
635
682
715
698
729
758
763
780
768
852
849
875
875
909
967
944
959
1019
1044
1041
1005
1076
1053
1121
1115
1138
1123
1168
1193
1140
1167
1180
1138
1160
1187
1240
1225
1179
1125
1160
1145
1174
1128
1149
1163
1101
1036
1015
1010
986
961
925
961
859
895
878
871
844
787
783
746
731
680
673
611
595
590
594
553
545
536
530
499
463
460
454
452
409
408
386
373
400
369
350
329
345
317
351
298
299
289
331
287
261
273
257
262
269
252
250
238
257
272
252
268
253
228
237
230
218
203
238
238
199
208
202
219
206
200
205
197
186
184
196
184
207
188
186
188
190
185
183
188
200
208
195
222
231
218
221
209
237
216
250
273
263
281
308
305
341
319
315
343
366
366
329
355
357
385
380
414
340
403
375
355
364
327
363
346
343
306
283
286
277
244
238
216
197
195
200
174
180
161
154
146
127
170
139
153
154
123
129
118
144
144
134
132
143
115
121
139
133
113
137
125
140
145
124
145
147
145
139
161
157
136
157
180
164
135
130
131
168
175
159
167
179
180
174
169
197
177
222
187
177
182
199
209
196
207
200
212
206
195
192
208
204
220
230
253
218
201
219
202
193
219
222
204
225
231
234
206
223
206
211
202
202
209
210
217
196
190
214
186
205
178
178
186
184
169
189
198
179
166
191
168
156
157
168
178
150
133
148
162
102
120
123
141
123
128
137
123
139
133
121
102
111
117
105
110
105
89
103
70
95
83
82
92
100
101
88
92
94
72
88
87
84
82
94
79
99
70
76
67
87
86
64
58
86
79
75
80
73
63
69
60
83
54
63
56
68
70
65
54
58
57
66
57
46
56
60
53
53
59
56
52
71
50
48
48
52
49
43
59
56
58
54
46
51
60
52
43
54
36
46
48
53
49
50
61
51
47
46
49
49
61
46
36
53
54
45
52
71
54
55
67
52
71
53
69
63
54
61
79
81
79
81
59
64
70
67
57
91
50
54
64
49
53
63
50
51
29
35
41
46
43
31
43
35
43
35
34
49
34
41
42
40
45
37
35
36
54
42
34
40
35
43
39
34
41
36
33
43
32
26
33
30
37
37
48
28
39
35
23
36
33
34
24
36
28
25
29
37
31
35
28
23
33
29
23
29
24
27
34
29
23
36
38
33
23
27
31
36
32
22
36
24
22
27
29
43
29
26
29
37
33
34
27
38
30
20
23
23
24
33
32
28
23
28
28
23
19
24
28
28
26
30
30
37
29
21
26
25
28
27
21
28
18
29
24
25
26
16
26
28
31
27
25
30
22
28
23
13
33
23
27
27
14
33
21
24
28
19
22
19
24
24
21
19
22
23
24
21
24
24
22
26
32
28
21
19
15
27
31
20
16
23
24
23
27
23
19
21
14
28
31
32
25
28
23
27
16
25
23
26
12
31
24
35
14
29
27
19
19
18
19
21
19
21
24
31
18
20
23
11
27
23
22
24
27
25
12
22
16
21
21
18
21
23
20
25
26
16
23
20
21
17
20
24
20
21
16
24
12
15
16
17
21
24
20
19
19
20
19
15
15
24
15
15
16
21
12
18
19
14
12
18
25
17
19
14
29
19
19
16
16
18
22
14
15
17
10
22
15
21
17
14
22
10
25
15
14
10
15
16
14
18
18
16
19
13
18
18
25
15
13
17
17
13
17
16
26
14
21
17
16
22
16
19
17
15
20
15
10
17
15
15
17
18
15
16
17
17
14
10
13
15
16
19
18
12
20
11
10
13
10
20
13
13
12
14
18
10
20
20
17
16
11
18
11
16
15
14
17
6
14
11
17
14
11
12
10
10
15
13
10
8
13
15
19
14
14
13
12
12
20
20
10
13
16
12
7
18
17
20
10
10
12
11
15
7
23
6
7
7
16
9
10
8
8
11
7
11
9
13
9
13
17
12
6
13
10
12
12
7
17
13
14
12
7
13
14
17
14
15
13
8
13
8
10
13
15
11
7
14
9
13
11
15
6
11
4
10
7
12
6
15
10
9
13
10
5
10
6
12
11
8
20
12
9
15
8
13
9
8
13
5
10
7
13
12
9
9
12
13
9
7
14
15
13
7
9
10
10
9
13
13
12
16
8
8
14
8
16
14
11
13
13
16
5
7
11
7
2
9
12
13
5
10
10
11
10
8
9
4
10
7
15
12
8
10
11
8
6
6
6
13
4
11
4
4
5
5
6
11
13
9
18
9
11
7
9
7
12
10
11
8
8
5
4
8
5
11
9
5
9
8
5
8
7
7
8
6
6
10
5
4
4
7
7
4
10
5
6
5
6
6
11
6
6
10
10
9
4
8
5
6
11
7
9
7
10
7
7
3
6
7
11
11
11
6
5
3
11
6
8
12
6
6
4
5
13
6
7
5
7
7
6
6
5
4
6
7
4
8
9
6
6
8
7
5
5
4
8
7
10
4
6
6
7
9
4
9
1
6
2
1
7
3
5
8
3
2
9
10
1
12
6
7
7
7
6
4
4
7
7
3
6
8
6
2
4
1
5
7
5
3
3
9
9
5
3
6
4
9
7
5
4
5
2
5
9
9
4
2
3
2
2
5
8
11
2
0
3
4
5
7
4
4
8
3
4
5
4
1
6
7
4
5
4
5
3
3
2
7
5
6
2
7
8
11
7
6
1
5
4
5
5
6
12
5
5
3
4
7
5
4
7
8
4
4
6
4
7
5
4
7
5
2
2
3
4
5
6
1
3
4
3
1
4
5
5
8
1
5
6
4
6
5
6
2
4
6
2
2
3
7
4
3
7
2
2
5
1
3
5
2
4
4
3
8
6
7
3
4
5
5
5
5
3
3
2
6
3
4
3
6
2
5
5
3
5
4
3
2
5
2
5
0
2
0
2
5
2
3
3
4
1
3
2
4
6
3
2
5
3
2
1
4
6
4
2
4
3
5
1
3
0
8
4
2
2
6
1
1
3
1
1
4
2
2
5
4
1
0
1
4
4
3
5
2
2
1
3
2
2
1
2
2
4
6
2
1
6
4
2
3
4
5
2
2
4
2
1
1
6
2
3
2
3
0
3
2
1
2
3
1
8
2
4
0
6
3
3
2
0
0
3
1
6
3
0
4
4
3
6
5
3
1
5
3
3
0
3
0
5
3
2
2
1
1
1
3
2
2
1
2
1
0
2
3
1
1
2
1
4
1
3
2
5
2
1
4
1
0
3
1
3
2
0
4
2
0
2
3
3
2
5
4
2
2
2
3
2
1
1
4
2
0
2
3
1
1
2
0
2
1
0
2
3
1
5
3
3
1
5
1
3
1
1
2
1
1
5
0
2
1
2
0
1
2
1
1
4
0
2
1
1
3
2
2
2
5
1
3
0
1
0
5
0
0
2
1
3
1
1
2
1
1
1
2
2
3
3
2
2
1
1
1
2
5
1
0
2
2
1
1
2
0
4
1
2
1
2
0
1
1
1
2
2
0
3
1
2
2
0
0
4
2
1
2
4
1
0
0
0
3
1
3
2
0
0
0
0
0
3
3
4
0
1
1
0
2
4
0
0
1
3
1
0
1
1
1
1
1
2
1
2
1
2
0
2
0
2
0
0
2
0
0
1
2
1
2
0
0
1
2
2
0
1
1
0
0
1
0
0
2
3
1
3
0
1
4
1
1
1
0
0
0
3
3
2
3
1
1
3
1
1
2
1
0
0
3
3
1
0
1
2
0
2
0
1
0
1
1
0
0
0
1
2
1
0
1
0
1
0
1
3
1
0
1
0
4
1
2
0
1
0
0
0
2
2
0
1
0
0
2
1
2
1
0
0
1
0
0
0
2
0
1
0
1
4
1
0
0
0
1
0
0
4
0
2
1
0
1
0
0
2
0
2
1
0
0
1
1
0
1
1
0
1
2
2
0
0
1
1
0
0
1
2
1
0
1
0
1
2
1
1
1
1
1
0
1
1
1
0
0
0
0
0
1
2
1
0
0
3
4
1
2
0
0
0
0
1
3
1
0
1
0
0
1
0
0
1
1
0
0
1
0
0
3
0
0
0
1
0
0
3
0
0
1
1
1
0
0
0
1
0
0
0
1
1
0
0
1
2
0
1
2
0
2
1
0
0
0
1
2
0
0
0
0
0
0
1
1
1
0
0
0
0
2
1
1
2
1
1
0
1
1
0
0
1
1
0
0
0
0
1
1
2
2
1
1
1
0
1
0
0
1
0
1
0
0
0
0
0
0
1
0
2
0
1
1
1
0
0
0
0
1
1
1
0
1
0
0
1
0
2
0
0
0
0
1
0
0
0
1
1
1
0
1
1
1
0
1
1
1
1
0
0
0
0
0
0
1
0
0
0
0
0
1
0
0
0
0
0
0
0
1
0
0
0
0
0
0
0
0
1
1
0
0
0
0
1
0
0
0
0
1
1
0
0
0
2
1
0
0
1
0
1
0
0
1
0
0
0
0
0
0
1
2
0
0
1
0
0
0
1
0
0
0
0
0
3
1
1
0
0
0
1
0
0
0
0
1
1
0
0
0
0
0
0
1
0
0
0
0
1
1
0
0
0
0
0
0
0
0
0
0
0
0
0
0
0
0
0
1
0
1
1
0
0
0
0
1
0
0
0
0
0
1
0
0
0
0
1
0
0
0
0
0
0
0
0
0
0
0
1
0
0
0
0
0
1
0
0
0
0
0
0
0
0
0
0
0
0
2
0
0
1
0
0
1
0
0
0
1
0
1
0
0
0
0
0
0
0
0
0
0
0
0
0
0
0
1
0
0
0
0
0
0
0
0
0
0
0
0
0
0
0
2
0
0
0
0
0
2
0
0
0
1
0
0
1
0
1
0
0
0
0
0
0
0
0
1
0
0
0
0
0
0
0
0
0
