0
0
0
0
0
0
0
0
0
0
0
0
0
0
0
0
0
0
0
0
0
0
0
0
0
0
0
0
0
0
0
0
0
0
0
0
0
0
0
0
0
0
0
0
0
0
0
0
0
0
0
0
0
0
0
0
0
0
0
0
0
0
0
0
0
0
0
0
1
0
0
0
0
2
5
0
2
7
1
4
1
3
14
36
124
381
943
2191
4794
9637
17248
28084
40621
54411
65946
73098
73153
66796
55113
40656
28249
17417
9732
5022
2365
1028
369
142
41
16
6
4
1
3
4
4
3
3
0
2
2
0
0
1
0
0
0
0
0
0
0
8
55
52
48
44
53
54
54
47
36
40
41
43
35
51
51
47
48
31
43
36
45
38
45
51
34
39
39
36
36
41
35
36
44
37
25
32
40
33
42
26
39
42
33
40
40
30
41
37
46
39
44
32
29
32
42
39
48
43
38
39
50
47
47
63
76
59
71
90
118
140
194
222
252
314
303
334
341
323
296
231
228
149
129
95
76
75
64
48
56
53
45
42
38
38
47
39
38
37
30
31
46
39
44
49
51
42
58
71
48
61
60
60
60
75
89
81
105
99
102
90
90
106
120
146
184
285
479
769
1256
2104
3292
5013
7259
9805
12611
15881
18157
19563
20632
20071
19055
16936
14019
11513
8644
6652
4748
3346
2341
1735
1274
933
691
538
489
372
446
502
726
860
1142
1491
1790
2049
2327
2519
2421
2419
2087
1836
1578
1240
926
693
514
412
303
243
222
197
162
137
118
98
74
58
42
46
27
14
17
15
10
10
16
6
10
6
11
12
12
11
9
4
6
6
8
8
6
17
9
11
15
10
13
11
11
4
14
3
13
8
5
11
13
15
11
16
16
28
22
22
23
16
39
24
21
21
25
16
20
31
22
20
19
20
25
15
18
17
23
35
24
23
16
22
22
17
15
20
13
18
20
18
18
17
12
7
12
5
6
6
15
10
6
13
2
10
6
8
9
4
12
12
3
13
2
6
8
8
9
7
3
6
4
5
3
6
5
10
13
5
11
7
5
7
13
20
8
17
12
12
19
9
14
9
11
12
3
8
6
4
7
11
7
7
6
13
8
7
11
12
4
14
8
2
14
11
10
17
12
10
7
7
8
11
13
4
12
5
6
3
6
4
9
7
8
6
3
4
4
9
11
10
8
8
5
9
2
8
9
10
11
8
5
3
6
7
14
4
4
3
4
6
3
9
5
6
8
1
1
4
5
6
1
5
9
5
5
5
3
6
5
7
9
5
7
2
10
6
10
9
5
11
8
5
6
6
8
6
4
5
8
7
1
4
12
11
3
6
6
7
9
9
10
6
6
5
4
9
9
6
9
5
5
8
10
4
13
4
7
11
8
8
8
7
10
4
8
15
7
9
10
7
2
5
7
5
13
10
6
4
11
5
12
4
14
14
5
10
8
8
10
10
10
6
5
13
9
10
12
11
9
5
15
10
8
12
10
6
11
7
11
10
12
10
8
7
6
8
12
16
9
17
13
16
14
16
9
19
8
25
13
17
24
14
14
22
21
15
26
16
19
19
16
18
16
21
20
22
20
22
18
14
15
16
21
15
23
10
29
21
17
17
16
16
21
21
23
17
11
17
20
20
10
22
15
13
12
18
23
14
15
20
21
18
23
24
18
19
16
23
18
19
24
19
13
18
26
13
21
16
23
23
24
16
24
23
27
28
19
23
21
17
42
24
29
24
27
26
26
31
25
27
29
28
24
22
29
32
31
25
31
32
22
28
21
29
34
48
30
24
26
38
36
25
38
36
25
26
28
38
42
41
38
30
37
37
40
34
36
42
34
43
40
50
34
48
46
50
52
54
42
50
65
48
39
46
53
61
58
52
59
65
46
62
55
46
75
58
52
49
45
67
58
66
66
56
55
53
81
81
54
75
66
72
63
68
68
75
82
74
66
95
95
89
87
78
95
93
122
111
88
104
101
112
97
115
95
89
83
89
64
70
93
70
66
80
70
77
80
55
75
76
78
83
88
75
101
62
82
81
74
58
65
83
60
81
74
82
58
80
66
75
70
69
59
68
71
81
73
73
83
78
78
67
64
76
74
73
61
58
69
70
88
63
71
75
66
72
74
81
70
78
66
75
66
73
73
83
69
71
73
69
71
66
77
78
79
79
69
58
66
63
84
77
76
74
65
59
73
81
75
80
70
82
67
74
74
79
78
77
72
72
87
65
94
72
76
74
80
75
68
74
81
69
82
81
80
71
88
78
88
81
95
89
83
96
92
87
81
82
77
80
85
98
80
113
107
88
110
90
111
130
103
143
155
171
223
306
350
468
573
763
910
1113
1437
1737
2095
2494
2880
3314
3828
4117
4574
5026
5050
5199
5191
5369
5053
4839
4656
4283
3923
3569
2994
2544
2168
1845
1519
1246
938
768
622
457
388
324
229
169
151
128
122
117
101
103
93
99
82
113
112
98
110
89
108
101
97
81
90
105
113
94
110
98
112
115
101
106
99
78
124
102
106
84
94
107
120
120
139
108
109
97
106
94
109
118
117
111
109
101
108
127
106
122
136
124
145
137
139
138
143
154
162
186
189
213
260
254
283
378
442
465
479
546
592
674
667
717
757
812
804
843
786
724
703
681
675
579
559
497
455
378
359
277
271
249
203
204
168
180
162
140
139
156
144
139
146
149
145
155
148
158
154
155
150
145
143
147
151
133
155
155
142
133
146
147
148
148
160
166
148
155
181
184
156
152
180
164
173
174
169
171
171
158
168
175
189
201
187
188
193
184
206
211
172
195
174
199
168
195
164
207
181
208
226
202
213
194
230
232
205
213
199
214
229
214
231
198
224
220
214
236
252
228
226
210
225
198
246
217
196
225
232
199
218
205
218
231
195
190
220
200
179
190
196
199
189
175
221
187
208
188
186
158
205
173
164
171
178
208
169
172
169
166
180
199
178
150
176
168
148
186
162
159
170
152
165
164
165
168
145
147
146
160
175
157
161
142
159
144
159
154
170
153
144
146
152
149
138
131
153
140
156
154
153
168
155
148
125
153
146
175
147
159
153
155
174
140
188
162
156
170
150
132
134
154
139
147
165
151
137
148
141
147
155
148
163
180
169
157
151
134
152
155
147
141
159
144
151
165
156
158
132
150
152
154
173
127
156
157
147
145
156
154
133
163
153
147
179
151
171
151
172
132
179
154
167
174
179
138
153
142
157
154
180
150
126
141
153
176
147
142
158
170
160
130
131
171
161
161
144
156
166
170
181
156
162
151
158
154
198
149
162
155
178
161
150
168
188
158
164
157
184
151
164
172
160
162
179
160
160
177
178
190
175
187
183
163
162
157
172
168
170
152
199
197
171
156
178
158
155
178
156
171
172
184
166
169
190
167
205
185
161
184
168
171
207
180
191
196
158
175
178
163
187
187
180
192
187
168
190
187
200
167
188
158
164
182
183
186
218
191
194
198
179
195
190
193
189
194
182
221
200
241
198
185
181
190
191
187
192
209
210
191
216
196
219
196
172
209
223
213
207
213
226
219
220
212
228
195
209
215
217
198
209
238
232
196
257
213
219
233
221
241
209
229
217
251
248
208
229
247
271
243
238
240
243
265
212
225
274
251
232
263
241
228
246
243
242
246
250
250
233
249
236
249
259
230
239
244
251
234
259
236
222
226
265
226
234
249
243
225
254
257
221
244
226
234
237
243
231
221
233
242
217
200
216
227
218
231
231
218
261
206
186
214
229
217
212
213
234
236
215
202
203
205
211
214
213
221
207
236
222
217
209
195
186
173
215
203
214
191
180
214
218
213
193
194
212
209
177
196
185
217
192
199
180
225
219
176
188
174
215
188
194
177
186
188
184
193
219
199
197
156
186
201
173
195
192
180
193
181
202
188
166
196
195
210
208
196
221
203
198
189
194
188
181
199
186
191
196
180
174
181
202
184
184
176
200
182
183
174
175
180
185
188
199
193
205
204
220
192
159
188
179
196
188
181
197
187
185
184
184
223
206
212
187
224
208
216
202
184
181
184
201
189
208
194
194
192
179
208
198
194
182
213
189
167
193
178
192
205
201
215
189
201
197
189
174
179
182
201
192
168
203
224
192
184
179
188
216
191
188
169
194
190
173
230
209
219
192
211
218
198
177
192
217
233
202
193
225
202
182
206
169
183
200
200
213
201
182
190
177
216
203
193
192
200
195
219
185
197
197
227
207
223
205
204
222
193
176
210
223
217
201
201
219
193
219
224
198
217
196
211
186
234
205
180
221
203
231
221
217
213
227
207
211
216
197
251
232
224
235
211
241
182
235
221
218
234
230
243
187
244
227
233
260
238
243
223
221
288
246
237
236
246
243
245
261
268
236
246
254
262
261
269
277
295
277
293
289
264
280
298
274
268
320
320
291
301
279
320
288
326
324
287
288
323
343
363
319
343
362
351
352
361
333
401
418
384
391
365
407
383
454
427
434
430
444
439
490
502
493
527
538
532
514
606
602
607
607
653
618
669
725
769
731
774
793
833
810
819
849
917
913
955
940
961
1030
997
1018
1085
1016
1130
1089
1092
1155
1134
1113
1173
1233
1209
1196
1178
1177
1249
1226
1194
1198
1203
1222
1114
1139
1084
1147
1131
1113
1084
1068
1045
1054
972
945
967
953
917
840
909
838
840
740
787
730
730
703
678
691
604
588
598
548
471
503
503
481
485
472
427
415
419
417
388
374
387
343
361
310
340
337
307
316
309
283
278
295
304
274
272
293
276
248
264
276
264
239
225
248
223
211
224
237
197
221
220
235
212
217
222
210
186
197
214
197
187
175
183
195
181
202
200
199
177
182
179
186
190
198
219
209
207
211
252
237
245
271
271
323
316
275
310
310
343
332
323
359
376
391
351
374
375
399
371
388
382
398
376
357
347
322
333
347
310
282
305
270
244
233
219
224
213
169
171
185
145
153
163
133
123
149
158
147
133
134
134
145
125
120
110
142
138
134
146
153
154
118
143
148
126
146
130
145
141
139
135
130
155
141
150
153
147
161
171
168
146
191
146
163
199
165
193
170
161
159
193
180
211
197
173
197
191
238
194
202
241
205
225
224
216
212
208
217
223
225
210
214
218
224
209
261
200
230
186
192
209
233
189
201
233
219
229
172
215
208
208
193
207
218
168
181
165
175
173
166
166
149
167
162
167
123
155
144
156
142
140
155
151
124
134
122
134
112
91
122
117
120
123
124
108
113
102
74
101
88
121
96
82
90
89
112
90
71
89
82
91
81
94
74
73
87
88
72
75
72
62
69
52
82
79
62
63
69
65
75
68
56
65
64
66
60
51
50
72
61
41
63
47
49
57
45
47
59
52
41
50
64
62
43
52
55
53
39
38
57
63
50
53
45
43
45
45
52
46
55
62
41
47
50
46
42
59
50
52
66
45
48
50
49
52
49
56
65
60
51
57
46
76
60
60
62
62
63
63
60
67
53
71
59
62
82
78
69
74
73
72
50
48
51
54
49
37
53
48
52
48
41
42
44
41
39
32
54
45
44
27
42
36
53
38
34
36
31
32
37
42
38
40
35
37
35
42
38
37
42
35
46
37
37
40
39
38
33
28
30
37
35
36
26
26
29
43
33
27
26
31
31
37
32
45
31
30
43
33
27
30
23
27
26
31
34
30
30
23
24
43
33
35
28
23
27
30
24
25
37
23
31
23
30
33
34
30
24
26
33
32
28
38
21
22
22
19
24
29
26
26
25
41
25
28
33
24
16
32
23
22
22
33
33
27
21
20
13
24
28
20
32
18
19
33
20
22
24
29
29
35
28
24
27
35
26
18
27
21
22
38
28
22
31
26
31
28
31
17
20
25
20
30
27
37
32
25
30
19
26
20
23
21
18
32
17
21
23
18
26
16
23
25
23
22
22
19
21
24
27
24
28
24
21
24
26
27
24
18
23
18
20
24
17
22
31
22
24
18
25
19
27
26
22
19
26
22
15
23
13
23
22
27
33
16
33
18
19
25
21
23
21
18
15
15
24
19
21
16
27
18
28
22
24
22
11
16
19
25
15
12
24
18
20
12
19
16
27
19
17
20
20
21
28
20
21
16
24
23
24
20
20
29
18
14
18
23
17
23
17
26
17
27
20
13
12
21
14
24
19
18
14
25
22
17
16
21
18
14
13
17
20
18
18
11
19
24
17
11
17
27
11
15
15
13
21
15
20
21
14
15
11
15
17
14
16
13
16
13
15
20
22
17
11
20
16
11
8
17
17
14
8
15
11
14
13
13
14
11
22
17
14
16
7
11
11
12
12
16
11
18
14
12
17
15
16
17
16
12
18
12
12
13
15
7
16
13
13
8
18
13
11
9
13
13
14
21
15
8
13
13
10
9
12
21
12
17
11
10
15
15
11
12
9
13
8
12
10
14
8
13
17
15
13
13
16
12
14
10
7
12
11
12
14
9
10
11
16
16
19
8
11
9
12
17
15
11
14
6
10
11
4
11
9
14
13
16
11
12
12
7
12
10
12
16
14
13
12
10
6
9
11
12
13
11
6
15
12
9
12
3
10
7
12
12
6
7
10
3
8
11
21
4
12
6
12
10
14
10
13
13
9
7
8
15
14
21
13
17
10
12
12
12
8
14
12
6
16
12
9
9
9
11
6
10
11
9
11
7
7
12
2
5
15
14
8
13
6
8
7
9
13
12
7
6
17
8
9
10
11
10
9
6
8
3
9
7
19
7
11
8
6
9
4
4
5
15
4
6
11
4
9
7
6
9
6
5
11
10
9
7
8
4
4
14
11
9
6
5
6
7
7
9
7
8
6
10
10
4
7
9
9
10
8
7
11
7
7
4
9
10
8
7
8
8
0
6
6
9
5
8
8
3
11
8
3
6
4
5
8
8
5
9
6
4
13
8
5
8
8
8
5
10
8
11
3
9
3
7
11
5
4
5
9
7
7
6
5
8
5
5
3
6
9
5
7
7
4
3
10
9
5
3
6
5
7
7
8
2
5
6
6
3
5
6
2
4
9
7
8
6
3
4
12
1
6
5
5
6
4
3
2
7
4
4
4
6
7
5
5
3
9
7
2
6
2
9
6
7
2
6
3
8
1
7
1
7
1
2
7
4
6
9
3
4
3
7
3
4
1
10
1
8
3
5
8
8
5
6
8
3
5
4
4
4
3
4
3
6
7
5
4
11
7
2
4
4
6
3
6
2
5
5
4
6
3
3
7
2
5
4
7
2
4
6
4
2
7
2
5
6
5
6
3
8
7
4
1
5
1
7
7
5
7
4
5
4
7
2
1
5
2
9
2
2
6
4
5
6
2
6
4
6
10
4
4
3
2
6
4
0
3
2
7
4
3
3
2
3
1
2
1
3
2
1
4
6
4
3
5
4
1
3
3
5
7
4
5
7
4
1
4
4
3
2
3
0
5
6
5
6
5
9
4
1
5
3
2
7
3
4
3
4
4
2
2
1
4
1
5
4
6
2
5
3
2
0
1
3
4
4
5
6
3
2
4
2
5
4
5
0
3
2
3
2
4
3
3
3
3
0
1
0
1
4
2
1
2
1
1
3
5
6
2
4
0
3
3
2
0
4
1
3
4
2
6
4
2
5
0
3
3
0
4
3
3
2
2
2
4
4
4
2
5
3
0
5
2
0
4
3
1
0
4
0
2
5
1
4
1
1
3
1
3
4
6
2
3
4
1
6
3
1
3
4
1
0
2
2
4
1
3
4
3
1
0
2
1
2
2
1
0
3
3
2
2
2
1
1
3
3
4
1
1
1
2
0
2
1
1
4
1
2
1
2
2
3
3
1
1
6
1
2
2
2
2
1
3
2
0
2
3
2
1
2
2
2
1
4
0
3
1
1
1
3
2
2
3
2
1
0
4
4
2
0
0
0
4
0
3
2
3
0
1
1
5
1
1
2
0
1
2
1
2
5
0
1
1
2
2
0
6
1
0
1
0
3
0
1
1
1
2
1
3
1
1
2
0
0
0
1
0
1
2
0
1
2
3
1
2
2
2
1
3
0
3
1
1
0
0
1
3
3
0
2
2
0
0
0
1
1
4
1
3
1
2
0
3
3
0
0
0
0
0
0
2
0
1
0
0
1
2
3
0
4
0
1
1
1
1
1
2
0
2
2
2
2
1
1
0
2
1
0
1
1
0
0
0
1
0
2
3
0
1
1
3
0
4
0
2
1
1
0
2
2
0
1
1
1
2
2
4
1
1
0
0
0
2
1
2
2
2
0
4
1
1
0
2
2
2
2
3
1
1
0
1
1
3
1
0
0
0
1
1
0
0
0
0
1
0
0
1
1
2
0
0
2
3
1
1
1
0
1
0
0
0
0
0
1
0
0
1
1
0
0
0
0
1
1
1
2
1
1
1
0
2
0
3
1
0
4
0
3
0
1
1
0
1
1
0
0
0
0
2
0
1
1
1
0
0
1
1
2
0
1
2
2
2
2
0
0
0
2
0
2
0
1
0
0
1
0
0
1
0
2
1
1
2
0
0
2
0
1
0
2
2
1
0
0
0
2
1
1
1
1
0
0
0
0
1
1
1
1
0
0
3
1
0
1
0
1
1
0
2
0
0
0
0
0
1
0
1
0
2
1
1
1
0
1
0
3
1
0
0
0
1
1
0
0
1
1
0
1
2
0
2
1
0
1
0
0
2
0
0
1
1
0
0
0
1
0
0
0
1
2
1
1
1
1
0
0
0
0
0
0
1
0
1
0
0
0
1
0
0
2
0
0
0
0
2
1
0
1
0
0
0
1
0
0
0
1
0
0
0
0
2
0
0
0
1
0
0
2
0
0
0
0
0
1
1
0
0
1
0
1
0
0
0
0
0
0
1
0
1
0
0
2
0
0
1
0
0
1
1
1
0
0
0
2
0
0
1
1
0
1
2
0
0
1
0
1
0
0
0
0
0
1
1
0
0
0
0
0
0
1
0
0
0
1
0
1
0
0
0
3
0
0
1
0
0
0
0
0
0
0
0
0
0
0
0
2
0
0
0
0
0
0
1
1
1
0
0
0
1
2
2
2
0
0
0
1
0
0
0
1
0
0
0
0
0
0
1
0
0
0
0
0
0
0
0
0
0
2
1
0
0
0
1
1
0
0
0
0
1
0
0
1
0
0
0
0
0
0
1
0
0
0
0
1
0
0
0
0
0
1
0
0
0
0
0
0
1
0
0
0
1
0
2
0
0
0
0
0
1
1
1
0
0
0
0
0
0
0
0
0
0
0
0
0
0
0
0
0
0
0
0
0
0
1
0
0
0
0
0
0
0
0
0
0
0
0
0
0
1
0
0
0
0
0
0
0
0
0
0
0
0
0
1
0
0
1
0
0
1
1
0
0
0
0
0
0
