0
0
0
0
0
0
0
0
0
0
0
0
0
0
0
0
0
0
0
0
0
0
0
0
0
0
0
0
0
0
0
0
0
0
0
0
0
0
0
0
0
0
0
0
0
0
0
0
0
0
0
0
0
0
0
0
0
0
0
0
0
0
0
0
0
0
0
0
0
0
0
2
2
1
3
2
1
1
2
3
5
5
17
34
142
344
956
2248
4853
9777
17137
27786
40583
54368
66414
72534
72860
66749
55297
41272
27869
17467
9932
5014
2367
1014
370
145
45
13
7
4
4
0
1
4
0
0
0
2
0
1
0
1
0
0
0
0
0
0
0
8
74
56
67
59
35
48
56
38
54
52
44
38
50
39
46
39
64
46
50
50
27
37
43
46
48
46
49
35
34
30
44
40
35
32
45
26
32
47
34
30
37
35
40
27
47
33
25
30
37
41
36
47
33
33
39
35
43
46
50
50
53
38
52
50
67
59
65
102
107
147
181
224
258
326
335
347
327
326
256
221
188
165
137
108
70
76
57
57
42
54
51
34
31
26
43
34
42
40
41
38
49
40
34
39
55
46
76
51
57
78
79
69
60
76
94
88
81
108
92
103
100
120
127
141
188
279
440
745
1322
2187
3270
5112
7255
9870
12634
15700
18087
19732
20804
20190
18793
16567
14157
11506
8815
6506
4780
3245
2345
1728
1300
963
690
572
462
432
425
484
671
858
1143
1553
1823
2110
2359
2465
2551
2292
2225
1789
1524
1226
925
684
517
387
287
287
234
189
157
146
112
107
72
70
39
38
34
22
16
10
9
10
4
7
7
12
11
8
8
7
8
14
10
7
14
12
9
5
8
12
5
7
11
6
9
10
11
7
14
12
9
13
14
11
14
19
20
27
18
26
25
22
21
28
23
26
19
15
25
20
16
24
22
25
24
31
27
17
13
19
26
22
25
25
20
25
17
15
23
18
16
13
19
13
9
13
7
9
15
7
9
5
8
7
6
0
3
6
9
4
7
8
6
5
3
7
10
8
9
6
1
7
1
7
10
10
9
13
4
9
7
6
6
10
16
16
16
12
17
14
17
17
14
14
9
9
8
13
11
11
10
10
7
11
6
4
6
9
9
10
17
10
13
10
12
18
15
15
10
7
9
11
9
11
12
5
10
11
8
3
6
11
8
5
7
9
4
1
9
8
4
10
9
5
9
8
6
9
8
7
6
9
10
2
3
10
3
4
2
3
7
11
5
4
5
6
8
7
5
6
6
14
5
8
4
6
3
7
5
8
7
6
6
6
5
4
9
3
6
3
3
4
9
6
12
5
7
8
7
7
10
4
11
6
10
9
11
5
6
7
7
9
4
11
8
8
8
3
10
6
4
4
7
8
7
6
9
6
9
7
8
9
5
10
4
12
7
10
9
6
10
9
11
7
7
16
9
9
8
11
1
5
10
4
9
6
14
5
11
7
9
8
11
12
10
5
8
6
3
10
12
11
11
11
10
7
16
9
6
11
9
10
19
4
17
14
13
13
15
17
12
16
14
20
8
16
18
19
17
14
24
9
18
22
14
15
18
13
24
20
19
18
19
14
22
19
22
21
16
22
20
20
17
19
14
21
14
6
18
8
20
19
15
16
17
10
22
13
24
19
14
17
18
14
22
10
14
16
13
26
18
15
16
20
10
23
18
19
21
16
22
21
29
19
20
16
26
30
29
28
18
30
25
26
28
25
29
19
27
20
30
24
17
25
32
17
22
23
25
22
21
32
21
26
25
28
28
32
22
31
34
35
20
25
33
31
35
39
28
30
25
31
39
38
32
28
35
28
43
35
40
28
52
33
35
43
43
48
46
33
42
29
46
35
51
50
34
40
37
48
40
55
46
56
53
61
53
60
61
47
47
61
48
67
63
46
55
68
41
61
62
68
69
58
60
75
50
66
56
54
66
61
67
65
91
86
79
81
80
99
84
90
88
102
92
89
113
92
115
118
95
108
98
99
92
98
95
99
88
88
64
71
96
90
73
66
81
92
91
65
77
86
83
81
69
75
81
62
74
74
68
75
66
70
71
73
68
76
74
79
71
68
66
63
59
83
72
86
65
61
75
63
86
69
90
64
71
62
77
56
63
72
69
75
62
75
63
76
64
81
73
71
70
72
80
66
68
76
85
80
70
73
61
80
59
70
82
73
64
77
70
69
63
80
76
80
64
74
65
84
61
70
67
74
66
76
65
68
72
72
87
79
83
75
96
68
79
67
80
75
78
79
68
77
81
83
68
58
92
75
64
83
89
81
86
95
85
63
108
80
93
89
105
85
89
100
94
116
85
111
110
106
124
135
165
196
246
262
355
451
551
753
983
1133
1457
1817
2121
2538
2943
3314
3760
4246
4643
4870
5092
5178
5327
5297
5214
4979
4604
4323
3847
3476
3098
2684
2220
1851
1582
1209
995
706
597
505
401
327
194
185
162
151
130
126
109
96
110
106
97
103
91
92
97
98
112
86
109
108
98
90
97
93
103
96
95
121
112
106
88
115
112
105
99
117
105
111
108
113
102
100
115
104
118
107
104
129
120
113
119
137
117
125
115
123
115
137
127
120
138
139
152
168
168
174
196
226
264
309
281
360
389
470
514
533
655
684
688
740
769
794
731
820
752
776
706
678
577
586
511
457
420
366
334
300
256
264
193
215
208
160
130
162
165
151
153
131
138
140
116
154
133
143
174
139
134
163
144
150
150
146
153
164
149
158
153
156
145
164
170
164
185
166
188
165
161
187
173
144
185
176
167
140
186
180
175
170
187
192
179
159
175
191
186
180
185
217
215
154
205
175
202
188
186
227
193
232
227
191
237
229
240
203
237
215
240
234
232
236
225
235
236
214
220
226
213
236
216
230
216
213
195
211
204
198
204
203
247
202
224
211
220
182
225
194
200
198
192
199
193
201
197
189
190
206
174
183
183
207
157
175
187
188
159
174
172
165
173
167
161
183
158
158
165
162
163
170
176
171
176
159
156
158
148
136
145
160
146
154
144
152
136
155
149
150
164
153
154
167
164
134
171
151
161
156
146
128
156
136
155
158
140
156
144
163
155
133
146
152
148
182
146
172
164
131
150
142
163
160
150
146
141
166
154
172
182
156
156
168
152
149
143
165
143
150
192
173
153
155
151
142
155
154
161
129
158
152
165
147
152
144
137
167
147
164
154
165
157
159
135
154
133
164
166
160
161
180
173
189
145
156
164
155
164
162
131
142
164
157
158
141
159
159
153
161
152
164
148
166
178
159
152
162
175
155
166
163
179
152
149
155
122
165
142
181
156
166
174
180
169
161
196
165
155
167
167
167
148
171
189
164
177
176
201
154
179
167
163
162
189
177
209
155
188
167
161
179
180
191
157
163
186
189
197
174
156
181
193
166
177
187
180
146
198
192
181
161
187
201
181
208
198
162
194
179
178
174
177
188
184
188
194
171
197
169
186
164
206
184
175
202
197
188
215
195
219
194
196
175
205
195
172
194
203
225
166
211
198
209
209
230
200
195
198
195
219
194
196
200
198
225
208
195
217
245
207
215
217
225
201
243
207
210
246
223
241
203
210
203
219
197
239
220
248
225
235
240
232
252
234
259
252
228
246
245
235
253
239
262
230
246
261
216
229
254
285
255
235
221
239
272
260
207
246
240
239
247
268
226
270
244
239
243
264
246
251
234
254
218
241
223
231
230
249
210
264
229
252
242
236
244
238
246
208
237
240
214
233
226
215
228
234
203
197
220
242
200
203
216
227
193
227
188
213
205
194
227
188
210
187
208
213
180
197
203
212
191
208
212
165
205
223
198
197
217
202
177
185
222
232
194
189
200
205
192
211
204
203
209
215
182
208
181
209
189
224
214
194
197
173
216
210
213
187
178
164
234
202
183
205
237
187
197
187
181
198
197
185
208
196
190
228
185
194
185
193
178
181
192
208
196
193
200
217
200
190
185
199
214
218
193
198
212
218
217
204
177
206
209
214
190
226
203
212
168
197
218
203
189
211
216
207
192
168
196
208
206
199
208
190
172
210
210
213
183
187
189
203
181
187
197
202
169
177
192
200
194
194
195
183
189
191
221
206
174
194
188
193
186
196
177
197
182
171
200
177
217
186
197
177
177
193
190
217
181
186
177
179
193
173
184
176
197
221
219
221
199
187
221
184
191
190
230
191
199
178
183
196
216
227
204
222
191
216
202
190
211
204
213
164
198
208
220
192
187
204
185
215
199
190
185
218
193
211
196
180
205
200
216
228
220
190
218
215
199
206
216
186
204
243
229
212
235
238
217
196
228
211
212
233
248
197
234
225
225
200
204
227
230
243
257
214
250
216
214
225
214
222
264
230
270
217
248
252
233
237
256
209
289
265
264
252
252
277
258
268
266
251
266
257
265
276
281
281
299
306
269
275
277
315
300
286
312
308
315
323
322
344
303
303
324
348
342
345
335
349
347
350
386
372
383
376
408
410
408
415
409
435
441
422
480
477
483
479
535
528
507
519
577
548
599
566
623
623
715
703
727
774
779
786
835
866
846
900
920
917
944
1000
953
1009
1046
1058
1012
1118
1111
1147
1133
1202
1187
1214
1156
1177
1170
1217
1153
1167
1222
1200
1209
1234
1248
1170
1161
1149
1132
1128
1127
1092
974
1019
1038
1000
1023
944
924
887
956
877
820
801
771
773
713
720
661
635
675
649
611
576
584
599
514
506
472
446
469
449
447
400
416
395
379
378
365
340
379
351
326
279
332
368
313
279
271
282
340
271
290
269
252
277
259
263
300
242
223
256
229
243
202
220
224
215
238
232
206
200
198
222
201
202
198
194
162
165
189
203
191
204
178
194
208
196
195
216
196
219
231
241
245
236
238
222
246
257
266
317
310
322
324
301
314
354
368
375
362
361
363
371
405
384
386
373
396
382
341
365
371
358
351
278
316
325
287
271
254
226
206
199
208
195
183
179
169
172
164
150
154
147
133
132
133
142
157
143
121
132
139
154
118
129
127
138
150
142
129
123
142
145
126
155
128
143
139
123
140
155
157
161
134
159
176
162
137
167
168
153
172
187
166
198
178
178
194
159
183
178
208
194
200
202
203
206
208
206
212
222
217
217
222
190
228
190
206
241
208
208
214
259
255
196
216
206
237
216
223
210
215
209
206
204
182
199
203
193
201
180
177
186
156
172
183
173
162
166
167
165
155
147
172
150
167
151
123
149
126
163
128
147
138
133
118
128
96
109
110
113
116
112
101
98
100
97
111
98
93
87
85
99
66
82
92
103
85
81
93
79
75
71
102
83
79
57
86
73
77
71
69
67
73
59
59
74
51
73
58
58
68
56
64
59
62
59
65
60
64
67
62
36
48
61
74
56
48
55
52
52
60
57
56
46
58
56
39
42
58
61
55
38
44
54
54
45
47
48
45
51
53
33
57
53
52
61
52
47
49
37
56
56
57
71
79
46
69
59
74
60
75
63
72
71
66
83
81
65
60
77
59
66
58
67
61
63
74
56
55
55
60
53
54
30
66
56
36
44
45
38
39
46
49
34
36
47
39
37
33
53
35
28
51
26
39
44
43
39
35
37
42
51
45
35
50
33
43
34
37
40
29
22
28
40
35
30
32
34
29
25
29
31
34
28
28
31
31
27
40
33
33
31
30
31
29
25
23
26
32
26
26
36
24
42
43
32
32
31
28
29
39
27
32
39
30
35
31
26
35
27
22
28
31
34
30
31
26
35
25
30
33
36
25
26
34
42
20
31
30
21
28
34
30
28
24
26
35
27
23
24
31
30
30
30
26
21
25
20
27
30
22
25
29
25
19
29
22
26
26
19
21
26
28
29
30
20
27
34
25
20
19
22
20
25
13
24
32
27
18
27
25
31
27
18
20
22
25
17
35
21
21
27
28
26
30
28
25
27
20
21
26
27
26
22
30
32
19
22
27
23
32
19
24
21
16
19
24
22
21
24
38
19
27
30
24
17
32
20
26
20
19
27
21
14
18
24
19
19
21
22
17
30
26
24
21
13
20
20
26
22
19
24
24
27
22
21
13
20
21
16
23
18
21
23
17
29
27
25
24
20
16
21
21
20
13
19
15
17
20
8
26
19
26
25
29
16
18
18
17
16
19
26
20
18
22
21
16
23
16
20
17
18
21
17
16
24
31
8
13
17
30
15
28
25
18
17
19
14
22
16
18
19
12
14
14
25
20
23
11
11
25
15
30
15
21
7
16
23
20
23
15
18
14
16
15
21
15
14
12
12
26
13
18
15
14
13
14
19
18
9
11
14
15
16
14
12
16
20
16
16
10
12
17
19
15
17
16
18
19
12
9
15
12
9
10
11
21
12
10
7
10
4
7
23
10
19
17
16
16
15
17
15
14
11
12
16
12
14
9
9
13
16
9
18
12
16
12
13
10
15
18
11
11
13
12
4
13
16
10
12
18
15
14
19
11
15
12
8
12
11
17
9
8
9
14
12
14
14
14
7
13
14
8
8
16
12
10
16
11
6
12
12
11
13
6
11
12
9
11
16
15
15
9
10
7
13
7
14
10
12
10
15
12
11
13
7
10
11
8
7
11
9
8
11
13
14
7
9
12
9
8
10
13
6
14
13
18
6
9
11
9
11
8
9
11
9
7
6
12
12
9
9
9
14
12
7
11
13
12
10
6
8
8
6
11
14
10
6
8
5
10
9
7
10
7
12
7
9
10
5
10
15
7
7
8
10
9
12
6
11
13
6
11
11
9
6
4
8
8
13
10
16
12
16
14
13
7
8
11
9
5
9
11
9
4
10
7
9
12
4
7
7
6
6
7
7
6
8
7
9
10
8
8
7
12
12
5
5
6
8
10
7
13
7
5
8
11
10
7
9
10
5
7
9
10
7
10
5
4
6
10
11
1
6
5
6
10
7
6
4
8
3
7
10
5
8
4
9
6
2
7
2
7
12
9
3
7
4
6
8
6
12
7
5
9
6
9
7
6
6
5
9
8
7
2
4
7
8
7
12
10
4
6
3
10
2
5
6
8
11
6
8
3
6
11
4
6
1
3
4
6
6
11
5
7
3
7
11
9
6
12
7
7
9
4
4
5
10
7
2
4
5
4
3
8
6
6
5
5
8
5
4
7
2
4
4
1
6
8
2
7
4
4
6
3
5
8
9
4
6
4
7
1
5
4
7
7
10
13
5
0
6
4
5
5
6
7
11
3
5
11
6
5
4
7
4
4
8
3
6
8
5
6
2
4
1
7
4
3
5
4
3
5
4
5
6
2
6
1
5
4
1
5
2
6
4
6
3
4
2
7
1
7
3
5
4
5
6
1
6
6
1
4
5
3
5
6
1
2
2
2
1
4
2
5
4
2
2
2
2
4
3
3
3
3
2
1
2
4
1
1
6
3
4
5
4
5
7
4
4
5
1
4
4
2
7
5
6
6
5
3
3
5
4
2
1
2
6
3
1
1
5
3
2
3
1
2
3
2
4
4
1
1
3
2
1
4
1
4
1
6
2
3
7
2
3
1
2
3
2
1
2
5
4
4
7
2
3
5
2
1
3
3
7
2
1
3
2
2
3
2
3
4
2
2
1
5
3
1
4
1
1
4
2
3
2
3
4
6
4
5
4
3
1
5
1
2
1
5
1
2
1
0
2
0
3
2
1
6
7
2
0
1
1
4
5
4
2
5
6
3
1
1
2
0
3
1
1
2
1
2
4
1
6
1
8
1
2
1
0
1
3
2
1
4
5
1
1
2
1
3
7
1
3
0
1
1
4
1
2
3
0
3
1
1
2
1
0
4
2
2
3
2
4
2
0
0
1
0
2
2
6
1
3
2
0
3
1
1
3
1
3
2
0
3
2
2
2
3
2
0
0
0
1
2
3
1
1
3
3
1
1
2
4
3
2
0
1
3
4
5
0
3
0
2
0
3
0
1
1
0
0
3
2
1
3
1
1
4
1
0
1
3
2
4
2
0
1
1
0
2
0
1
5
3
2
1
3
1
3
7
5
2
2
1
1
1
0
2
2
1
2
1
2
1
2
4
0
0
0
0
1
1
1
1
2
0
4
1
1
3
1
1
3
1
0
1
2
1
0
0
0
2
1
3
1
3
0
1
2
1
1
1
1
1
2
1
0
1
1
3
0
1
2
0
2
0
3
1
2
2
1
3
0
0
0
0
1
1
1
4
1
1
1
0
3
2
0
2
2
1
3
1
1
1
0
1
1
1
1
3
1
2
0
0
2
1
1
1
3
1
1
2
1
1
3
1
0
0
2
3
2
1
1
1
0
0
3
0
0
1
0
0
0
1
2
1
1
0
1
5
0
1
1
2
0
2
1
1
3
1
1
3
1
0
0
0
0
1
0
0
1
1
0
0
1
1
2
0
1
3
0
1
1
1
0
0
3
1
1
0
0
0
1
0
1
1
0
1
1
0
1
0
0
1
4
1
0
1
1
0
1
0
0
0
1
1
3
0
0
1
0
2
1
0
0
0
0
0
0
1
0
1
1
0
0
1
0
0
0
1
1
0
0
1
1
2
1
2
1
1
1
0
0
0
0
0
0
0
0
1
2
2
0
0
0
0
0
1
2
0
0
1
3
1
1
0
0
0
1
0
0
0
1
0
0
0
2
2
1
1
0
1
0
0
0
1
2
0
0
0
1
1
0
2
0
1
0
1
2
1
1
0
0
1
0
0
0
1
0
1
0
0
0
0
0
0
1
1
1
0
0
0
0
1
2
0
0
0
0
0
2
1
0
2
3
0
2
0
1
1
1
0
0
2
0
1
1
0
0
0
0
3
1
0
0
1
0
0
0
0
1
1
1
0
1
0
0
0
0
1
0
0
0
2
0
1
0
0
0
0
1
0
0
0
0
0
1
0
0
0
0
1
0
0
1
0
0
0
0
0
1
0
0
0
1
0
0
0
0
0
1
1
1
1
2
1
0
0
1
0
0
0
0
1
0
1
0
2
0
1
1
0
0
0
0
0
0
1
0
0
0
0
0
0
1
0
0
1
0
0
0
0
0
1
1
0
0
1
0
0
0
1
0
0
1
0
0
0
0
0
0
0
1
1
1
1
0
1
0
0
0
0
0
0
0
1
1
0
0
0
1
0
0
1
0
0
0
0
1
0
0
0
0
1
0
0
0
1
0
1
1
0
0
1
0
0
0
1
0
0
0
0
0
0
0
1
1
0
0
0
0
0
0
0
1
0
0
1
0
0
0
0
1
0
1
0
0
0
1
1
0
0
0
1
0
0
1
0
0
1
0
0
0
0
0
0
0
0
1
0
0
0
0
0
0
0
1
0
0
0
1
1
0
1
0
0
0
0
0
0
0
0
0
0
1
1
0
0
0
0
0
0
0
2
0
0
1
0
0
0
0
0
0
0
1
0
