0
0
0
0
0
0
0
0
0
0
0
0
0
0
0
0
0
0
0
0
0
0
0
0
0
0
0
0
0
0
0
0
0
0
0
0
0
0
0
0
0
0
0
0
0
0
0
0
0
0
0
0
0
0
0
0
0
0
0
0
0
0
0
0
0
0
1
1
1
0
2
2
5
3
3
0
6
2
2
2
6
5
9
32
119
330
969
2168
4760
9487
17088
27891
40699
54404
66181
73153
73897
66260
55026
41197
28097
17378
9875
4994
2363
981
353
132
47
16
5
2
2
1
3
2
1
0
3
2
0
1
1
1
2
1
0
1
0
1
0
8
43
38
68
57
63
47
52
40
39
60
51
52
57
36
50
46
56
43
50
36
38
51
49
48
49
36
34
33
31
44
32
42
51
36
35
40
36
27
32
39
42
43
38
33
44
44
39
44
30
39
42
42
38
44
48
45
41
51
54
50
39
61
58
46
63
51
72
93
103
159
176
231
262
326
305
350
331
304
273
242
195
164
129
94
86
79
49
51
45
31
42
42
42
52
34
28
48
38
41
38
40
35
36
42
60
40
63
55
57
49
65
81
82
88
102
87
97
96
119
112
121
141
161
195
263
348
534
871
1442
2320
3437
5229
7587
10278
13140
16150
18486
20336
21650
21279
19947
17601
14523
11702
8887
6790
4995
3592
2504
1945
1403
1056
808
714
568
589
586
639
773
941
1233
1523
1795
2141
2416
2285
2459
2218
1939
1869
1469
1210
915
641
536
379
299
240
220
188
183
115
120
98
102
64
38
28
27
18
13
5
13
11
10
13
9
9
8
6
11
5
10
7
7
10
8
6
5
9
10
5
6
6
11
12
9
7
11
11
9
14
12
7
17
22
13
23
16
19
25
21
29
35
29
25
28
28
22
18
25
22
20
24
20
26
23
22
21
12
24
24
21
16
28
17
20
18
27
21
25
23
25
19
18
14
22
13
9
12
3
9
7
6
8
10
6
2
6
5
4
8
2
1
5
9
9
4
13
6
4
5
6
9
4
6
7
4
1
4
4
7
8
10
13
17
5
13
12
13
16
15
12
12
9
11
14
6
11
8
9
9
6
10
10
9
7
8
13
12
11
9
13
14
12
13
18
11
14
12
8
7
3
7
10
11
8
8
4
10
9
4
8
8
9
5
7
6
6
6
10
5
10
7
5
7
3
5
8
7
7
8
10
7
7
10
4
5
7
7
7
10
6
7
5
7
4
5
4
9
7
0
4
5
8
4
4
6
3
10
5
11
11
2
6
5
4
2
9
10
8
4
5
10
6
7
5
6
5
5
7
6
8
9
4
14
8
15
14
3
6
8
9
9
9
6
14
7
7
12
6
8
11
5
8
7
8
10
10
11
6
5
17
6
4
14
7
3
12
10
17
12
6
10
8
9
8
13
8
12
9
6
10
13
9
13
6
8
9
11
14
14
11
11
11
11
11
17
16
11
10
11
13
11
10
7
14
12
11
11
7
9
4
13
11
14
13
9
6
13
15
18
10
21
17
23
20
14
26
18
20
33
29
25
21
33
39
31
27
22
22
33
53
35
38
31
36
37
32
32
43
35
37
34
45
39
34
33
40
37
29
42
40
33
41
32
29
36
37
28
36
25
21
26
11
20
21
25
18
24
18
23
21
19
17
14
24
26
20
26
24
25
21
19
19
20
25
25
17
26
25
22
24
10
28
11
25
19
29
23
26
13
28
29
23
19
26
23
30
36
20
26
21
31
25
28
36
25
30
23
31
25
29
30
24
37
36
28
24
30
29
35
29
26
41
30
45
14
37
35
38
37
40
31
39
31
37
36
34
33
22
31
34
37
38
35
33
41
46
35
30
35
33
44
44
47
41
46
41
50
47
43
32
50
46
42
47
50
63
72
49
47
59
48
52
65
49
58
63
56
48
53
74
64
62
66
70
78
66
75
69
76
85
92
68
70
110
90
86
99
106
107
111
89
84
114
84
100
85
93
91
80
80
87
75
74
81
97
75
77
99
75
77
91
88
70
81
84
90
84
77
72
82
74
80
77
81
66
67
90
90
79
88
94
80
80
87
71
83
77
77
93
81
74
84
78
74
77
88
83
82
80
77
83
80
81
73
86
77
82
71
92
83
80
74
73
91
89
79
87
84
80
75
73
74
79
80
88
84
82
79
75
84
63
78
88
86
76
88
64
77
86
64
83
77
85
84
93
84
83
93
78
69
66
76
73
78
73
91
87
101
63
83
80
76
103
89
68
88
61
84
80
85
91
83
102
81
101
73
96
99
83
88
83
98
93
91
101
102
106
115
110
119
106
138
143
157
181
215
258
335
332
562
691
849
1042
1342
1645
2044
2416
2806
3257
3725
4154
4432
4942
5089
5314
5367
5414
5315
5138
4783
4394
4115
3591
3185
2711
2448
1900
1560
1281
1022
798
676
456
358
291
248
202
187
158
119
101
124
101
145
107
109
89
102
115
92
97
109
112
114
87
103
107
109
98
102
110
101
101
100
107
110
124
103
115
124
105
110
112
117
94
93
103
118
114
119
105
114
116
90
132
109
132
126
125
125
120
108
127
124
118
135
138
151
156
155
174
211
252
244
274
320
339
402
440
501
554
619
634
679
774
759
840
747
858
788
747
756
690
672
641
495
472
463
383
358
311
274
252
211
181
159
165
169
134
159
157
146
139
132
142
150
138
179
152
154
130
125
149
133
135
139
149
158
158
181
142
141
131
161
156
138
153
163
156
164
145
144
169
170
135
150
138
176
168
165
168
160
178
154
172
177
185
197
167
182
195
190
215
200
194
224
212
227
195
208
204
228
240
234
266
223
252
247
265
269
243
255
267
282
275
267
310
292
271
306
323
282
313
302
354
315
337
327
285
328
319
346
313
333
330
343
332
359
343
347
380
335
356
363
354
338
383
323
301
329
366
371
335
352
307
342
321
321
341
328
313
292
311
335
350
328
271
303
309
313
285
277
290
300
248
244
231
267
287
254
250
258
228
225
238
221
230
239
241
206
215
182
209
199
190
190
216
211
209
198
202
200
193
204
197
177
180
149
157
176
183
176
178
173
146
176
173
164
163
170
167
183
163
169
169
156
159
155
161
169
150
173
152
160
172
159
148
170
191
168
167
177
168
177
203
152
191
159
180
160
175
163
188
168
160
190
164
201
204
212
193
187
214
188
207
189
204
197
205
220
229
214
213
221
211
211
216
228
235
224
226
206
215
225
229
217
207
219
197
205
210
206
209
200
210
207
197
187
199
215
201
188
204
211
190
201
193
179
162
180
205
178
211
211
163
203
180
186
181
201
179
198
181
165
161
185
175
166
191
190
146
176
191
156
176
192
173
155
175
175
175
197
172
180
177
165
189
167
172
201
185
160
190
165
197
159
172
178
202
189
190
164
171
173
169
176
191
170
158
170
187
192
199
172
173
199
207
179
169
180
193
207
196
169
227
189
183
191
184
193
179
195
186
171
191
189
203
187
210
171
193
175
188
185
193
186
205
191
186
241
188
217
194
174
186
194
189
178
228
183
197
225
197
214
202
182
219
200
215
187
201
210
192
230
210
187
205
191
218
219
222
229
211
222
202
224
193
211
205
208
228
224
210
227
202
207
227
199
204
184
223
206
221
213
212
235
216
215
221
220
222
246
217
217
239
231
232
229
236
217
233
256
237
247
231
270
244
242
247
253
245
211
257
205
281
227
237
247
228
224
225
235
230
261
240
231
229
255
244
265
255
257
245
232
228
238
235
209
241
239
232
217
217
212
200
224
228
248
204
230
237
227
207
217
202
191
226
227
221
224
199
219
214
189
235
211
185
225
219
210
212
202
212
206
194
188
203
248
204
204
202
233
221
195
190
203
189
189
201
198
207
212
185
196
189
217
221
201
176
202
197
211
189
203
185
187
180
230
194
191
220
194
199
194
210
187
190
185
191
185
209
217
234
193
187
187
206
210
224
219
199
197
218
208
218
195
208
205
187
192
191
184
200
199
189
195
191
200
209
208
211
197
201
222
223
191
229
199
196
194
223
206
210
224
214
219
210
204
183
185
222
177
190
183
209
199
201
209
192
200
206
226
188
177
206
188
201
205
177
180
187
188
198
178
208
188
187
189
188
203
169
204
179
176
222
230
222
186
189
181
163
184
216
202
223
209
191
188
201
190
191
192
208
221
182
190
195
182
203
195
194
216
188
196
192
179
220
197
192
189
223
215
222
204
186
219
214
189
183
192
195
192
188
193
191
189
204
222
199
195
190
207
218
224
206
228
211
197
235
222
238
215
215
240
227
218
194
211
200
205
228
190
214
207
202
195
221
210
247
195
248
229
236
223
206
256
240
207
262
266
282
246
268
269
243
248
224
227
251
268
252
234
263
269
269
278
257
258
308
288
292
280
313
271
280
301
289
320
288
312
339
290
328
295
265
331
304
322
335
297
333
316
380
342
415
384
357
386
352
364
386
406
440
440
416
465
461
427
527
519
518
518
555
552
589
541
598
647
603
638
701
636
700
746
737
765
823
804
863
863
907
932
952
979
1021
1032
1031
1033
1099
1062
1117
1120
1148
1132
1199
1177
1181
1236
1207
1170
1233
1138
1205
1195
1176
1238
1258
1182
1170
1121
1087
1137
1128
1110
1024
1063
995
1012
1022
994
905
899
868
912
837
782
797
764
768
679
731
691
614
631
626
576
584
528
508
500
506
448
493
437
409
429
428
399
367
361
356
344
371
312
310
303
311
324
324
300
294
275
277
270
305
251
255
232
258
256
237
230
242
242
235
258
244
224
239
226
225
204
223
216
224
204
206
188
199
184
195
203
187
223
164
197
201
213
209
172
193
194
189
208
203
240
218
267
235
234
228
277
267
311
312
301
307
317
342
323
365
332
384
364
395
410
410
410
367
422
390
423
357
350
349
360
338
322
299
297
276
291
244
251
222
243
180
192
185
195
172
141
151
172
141
143
136
137
132
121
130
123
131
125
122
130
139
112
137
141
110
138
153
122
140
141
147
153
138
147
143
143
159
164
161
155
154
162
166
159
161
159
181
152
168
169
180
189
179
149
191
180
178
189
176
189
201
214
179
202
216
204
204
208
201
207
211
211
198
206
202
211
242
226
218
203
213
220
220
196
209
226
206
211
194
223
236
174
191
163
205
169
196
178
188
160
179
194
179
174
146
159
165
166
136
154
141
145
175
133
145
115
124
153
131
140
141
122
108
119
110
117
107
101
119
91
107
100
84
104
102
96
95
92
104
84
94
92
93
96
85
80
85
68
90
67
70
63
81
58
75
55
71
84
75
69
58
61
57
64
62
67
64
56
68
59
64
62
56
48
67
58
60
53
54
58
47
66
55
45
56
46
53
73
48
52
60
59
59
51
57
51
57
42
44
51
38
52
42
50
41
39
53
63
49
47
49
43
46
37
59
55
55
51
47
52
73
59
52
68
54
54
68
65
72
65
55
83
72
56
73
79
62
76
80
69
63
80
59
46
66
54
54
55
60
50
43
54
53
54
52
45
39
35
39
48
41
36
38
47
45
39
46
35
47
45
35
40
41
27
42
45
37
31
52
24
28
31
36
29
38
32
39
41
45
39
35
37
39
45
40
34
30
28
44
33
26
41
29
29
33
24
29
24
33
38
34
35
27
31
26
27
28
30
27
32
25
23
26
25
33
29
32
40
31
27
30
33
31
32
31
21
40
24
32
33
19
26
28
26
37
31
27
30
32
22
18
27
25
30
19
26
33
21
22
28
30
30
32
31
25
27
25
29
23
34
20
16
33
30
21
20
30
22
25
16
34
27
20
26
22
26
25
21
29
26
39
18
31
20
30
23
15
24
25
22
20
27
22
21
25
30
22
20
18
31
27
27
17
30
24
21
19
20
23
22
26
31
32
15
22
34
33
19
23
18
18
29
23
25
19
15
23
23
25
24
21
20
18
25
21
24
22
13
14
20
15
21
16
29
19
19
24
19
17
22
21
26
25
21
24
17
21
12
21
20
26
29
20
15
28
21
19
19
21
30
21
18
15
22
13
20
16
27
11
16
15
29
17
14
16
18
19
13
19
17
24
10
18
17
16
19
16
19
24
15
16
12
11
25
18
18
20
17
15
12
22
16
25
16
17
16
10
16
19
15
17
19
12
15
15
26
17
19
19
22
13
14
13
16
20
10
16
18
14
14
13
12
23
15
15
17
18
21
21
6
19
10
14
15
21
16
16
14
9
14
16
14
17
15
20
13
14
13
18
19
12
18
10
10
11
20
16
17
17
20
12
8
15
12
13
25
13
17
16
5
17
16
10
16
12
13
19
8
12
17
14
17
11
14
11
9
11
11
11
22
13
11
16
17
12
8
11
13
12
7
13
14
11
9
9
17
14
14
25
10
18
11
8
7
8
17
7
8
9
16
16
12
11
9
8
14
12
11
15
12
8
8
10
17
13
9
14
11
8
8
12
11
13
12
8
5
10
14
15
8
13
12
6
9
20
10
17
7
13
14
9
12
16
14
10
9
8
14
13
17
10
12
12
6
9
11
12
7
5
10
14
6
8
8
13
11
10
13
8
8
7
11
4
8
16
5
12
11
5
8
8
15
11
12
8
10
6
5
12
8
8
4
7
5
11
8
9
11
9
5
9
10
6
6
9
9
10
7
6
6
9
11
6
9
9
6
5
13
14
4
10
8
4
9
4
12
10
8
16
7
7
11
11
8
7
9
10
9
8
4
11
4
10
9
11
12
9
9
9
8
5
5
7
11
11
8
5
4
7
7
6
9
10
7
8
7
11
8
8
7
9
4
6
7
5
10
10
6
6
8
7
5
7
9
7
8
5
9
6
1
3
5
7
5
4
7
5
3
10
2
7
8
7
6
11
10
3
6
4
5
7
4
6
7
5
12
3
6
3
5
5
8
4
6
9
7
7
10
3
8
2
7
5
4
4
1
4
4
6
5
6
3
6
7
8
12
6
9
5
5
4
10
12
6
5
7
3
2
5
4
4
9
6
4
6
4
5
6
14
4
9
5
2
3
4
8
5
7
12
4
4
2
4
4
7
6
8
8
2
6
3
4
9
6
9
4
6
4
3
1
3
4
2
3
4
7
10
2
6
5
11
6
4
5
8
4
8
6
6
3
9
3
2
8
1
2
4
8
3
1
2
2
7
3
5
4
3
3
7
4
5
3
8
4
3
6
8
2
2
6
5
6
3
3
3
2
4
5
4
4
7
1
2
5
3
8
3
4
4
4
5
3
7
7
7
1
2
4
2
2
7
3
3
3
6
2
2
9
1
4
5
5
8
3
3
3
4
2
7
5
5
0
3
1
2
5
3
1
5
4
3
2
4
3
2
1
2
5
6
1
1
3
3
3
4
1
2
4
6
4
5
3
4
0
4
5
4
5
3
2
3
4
3
4
3
3
3
5
2
6
0
1
5
1
2
5
3
3
5
6
3
4
4
4
3
2
4
4
2
1
6
3
1
4
1
1
4
2
3
0
3
3
3
4
1
4
1
3
0
2
3
0
3
2
4
4
2
1
2
4
5
2
4
1
3
1
4
3
2
5
3
1
5
5
5
2
1
3
4
3
7
2
3
3
1
4
3
1
4
3
5
1
2
3
2
1
1
2
4
1
3
4
5
1
2
2
1
1
0
0
3
3
0
0
0
1
2
5
3
2
5
0
3
2
4
2
0
1
8
3
1
2
5
1
0
0
3
4
3
1
2
3
0
2
2
1
1
2
2
4
2
1
2
1
0
1
1
1
3
2
1
3
0
4
2
0
4
3
2
2
0
1
0
2
1
2
3
1
5
0
0
1
2
0
5
0
2
0
4
0
0
1
0
2
1
3
1
2
1
2
3
2
2
3
0
1
0
3
1
2
0
1
0
0
1
0
1
4
3
2
1
4
0
0
1
0
0
1
1
0
1
1
1
2
2
2
1
3
1
3
1
1
2
1
3
3
1
1
0
2
2
2
1
1
1
1
1
1
2
3
0
0
2
2
1
1
3
0
2
2
1
3
0
0
1
1
2
2
0
1
2
0
0
1
1
1
2
2
0
2
2
3
1
5
4
1
2
0
0
2
0
2
0
1
0
1
0
0
3
0
2
1
0
1
2
1
4
2
0
3
2
1
0
1
0
1
1
1
3
1
0
3
2
1
2
5
1
1
3
1
0
0
0
0
1
1
0
0
0
0
1
2
1
0
0
1
0
0
0
2
0
0
1
0
2
3
1
0
1
0
0
0
0
3
0
0
2
3
0
0
2
0
1
2
1
2
2
1
1
2
1
1
0
0
0
1
1
0
1
0
0
1
2
1
1
0
1
1
1
2
1
0
0
1
1
0
0
1
1
0
3
1
3
1
1
0
0
1
0
0
3
1
0
1
2
0
2
1
1
0
1
1
0
0
1
0
0
1
2
1
1
0
2
1
0
1
1
0
0
1
0
0
0
1
1
3
0
1
2
0
0
0
2
0
1
0
1
0
0
0
0
0
0
1
1
1
1
0
0
0
1
0
1
0
1
2
1
1
0
0
1
1
1
1
0
0
0
0
0
0
1
0
1
0
0
1
0
0
1
0
1
1
1
0
0
1
0
1
0
0
1
1
0
0
0
0
1
1
1
0
1
0
0
1
0
0
1
0
2
0
0
0
1
0
1
0
0
1
0
1
0
0
0
0
1
0
1
1
0
1
1
0
0
0
0
0
1
0
0
0
0
0
0
0
1
0
0
0
1
0
1
0
1
2
1
0
1
0
1
0
0
0
0
0
1
0
1
0
0
2
2
0
0
0
0
1
1
0
1
2
0
0
0
1
2
0
0
0
0
0
0
0
0
1
0
1
1
2
0
1
0
0
0
1
0
0
0
0
0
0
1
0
0
0
0
1
0
0
0
0
0
1
0
0
0
0
0
0
0
0
1
0
1
0
0
2
1
0
1
0
1
0
0
0
1
1
0
0
1
0
0
0
1
1
0
0
0
0
0
1
0
0
1
0
0
0
0
1
0
0
0
0
0
0
0
2
0
0
0
0
0
0
0
0
0
0
0
0
1
0
0
1
0
0
0
0
0
0
0
0
0
0
1
0
1
0
0
0
0
0
0
0
0
0
0
2
0
0
1
0
0
0
0
0
1
0
0
0
0
0
0
1
0
0
0
0
0
1
0
0
0
0
0
0
0
2
0
0
0
1
2
0
2
0
0
0
0
1
0
0
2
0
0
0
1
0
1
0
0
0
1
1
1
0
0
0
0
0
1
0
0
2
0
0
0
0
2
0
0
0
1
1
0
0
0
0
0
0
1
0
0
0
0
1
0
0
0
1
0
0
0
0
0
0
0
0
0
0
0
1
0
0
0
0
0
0
0
0
0
0
0
0
0
0
0
