0
0
0
0
0
0
0
0
0
0
0
0
0
0
0
0
0
0
0
0
0
0
0
0
0
0
0
0
0
0
0
0
0
0
0
0
0
0
0
0
0
0
0
0
0
0
0
0
0
0
0
0
0
0
0
0
0
0
0
0
0
0
0
0
0
0
1
2
2
3
3
4
4
6
3
3
2
4
3
0
1
3
16
44
134
333
942
2193
4764
9375
16887
27868
40733
54320
66257
72843
73517
66839
55248
41347
28178
17303
9888
5083
2294
1000
361
141
57
16
7
3
4
3
2
1
0
1
2
0
0
3
0
0
0
1
0
0
0
0
0
4
58
40
47
61
43
41
40
44
48
54
47
57
41
46
57
52
54
38
40
43
45
40
37
53
40
48
60
42
41
44
44
32
30
35
38
40
36
34
35
42
30
30
34
36
45
42
45
43
38
42
49
40
48
42
51
37
44
45
55
33
47
60
53
48
69
74
83
117
103
126
196
223
298
306
343
331
352
323
269
256
218
178
123
93
81
68
60
52
55
45
43
36
37
47
45
44
38
46
39
51
48
46
52
47
44
53
52
55
78
71
61
76
81
83
79
101
117
106
90
112
126
152
165
206
281
365
570
920
1475
2286
3614
5306
7845
10382
13216
16352
18748
20816
21600
21042
19942
17601
14923
11989
9215
6940
4919
3586
2605
1895
1408
1044
820
737
577
546
545
649
817
1045
1224
1536
1862
2117
2219
2444
2442
2230
2128
1851
1523
1213
950
665
523
355
291
259
222
179
147
143
133
104
85
64
41
34
30
24
20
16
8
9
10
10
9
6
13
9
10
8
14
10
9
8
8
14
12
14
12
7
6
12
15
12
11
10
6
8
14
13
9
10
8
14
17
18
22
22
23
27
31
32
31
39
35
25
37
21
26
21
17
18
13
25
23
18
33
26
13
35
26
25
14
13
26
23
17
16
19
13
12
17
21
18
16
16
12
15
6
9
11
4
9
11
5
6
11
8
6
6
9
7
7
7
8
8
8
1
9
2
3
7
5
8
7
4
4
8
1
4
9
6
5
10
16
14
9
6
14
20
9
11
10
17
14
13
12
8
12
8
5
7
8
3
5
12
11
14
6
11
15
8
12
10
14
11
14
12
8
7
10
11
6
4
5
5
4
7
8
7
5
6
9
6
7
8
12
6
7
7
11
8
6
9
9
12
3
8
10
6
5
11
5
3
7
6
5
7
4
3
8
7
8
4
6
5
4
6
8
5
11
2
3
6
6
11
10
3
1
8
5
6
10
7
1
9
2
5
6
9
8
7
11
4
5
9
5
7
10
5
4
5
10
6
10
3
4
11
7
7
5
11
3
8
7
12
7
7
6
7
14
3
9
7
10
4
5
5
8
13
2
8
9
11
7
12
12
10
11
12
12
4
11
6
10
14
14
9
4
9
7
5
8
6
6
8
11
10
6
12
6
3
11
10
12
8
12
12
15
11
8
11
10
17
9
10
11
7
12
17
13
7
12
10
6
10
14
18
15
14
10
14
15
19
22
24
28
27
21
24
37
38
31
31
30
38
38
37
41
41
32
39
32
35
34
38
44
40
33
41
41
40
32
25
43
33
35
24
37
38
28
37
23
26
30
30
27
18
20
19
27
19
29
21
28
24
18
26
29
21
22
20
15
26
29
23
28
22
31
33
23
21
22
14
25
21
21
26
25
20
18
17
24
16
28
26
35
20
20
26
25
34
27
29
23
17
25
24
20
37
42
25
33
27
34
25
27
22
39
31
30
27
28
29
43
30
28
32
33
38
30
41
29
35
38
33
45
33
33
30
27
31
30
38
36
38
36
41
36
39
35
38
42
41
40
47
53
47
37
46
53
56
56
33
56
43
48
56
37
43
45
48
49
50
56
42
45
58
49
50
63
51
52
57
60
77
60
59
75
77
69
52
70
77
59
74
81
81
76
82
70
86
80
94
96
97
86
90
96
88
101
102
82
83
100
102
88
90
88
77
85
76
77
87
97
82
80
77
70
74
75
79
71
92
98
82
74
66
97
71
93
78
78
90
84
73
90
80
89
88
82
91
72
75
84
67
96
99
84
72
81
86
91
81
81
86
74
87
59
101
86
79
86
84
84
89
78
84
65
69
66
72
76
82
94
85
72
78
72
68
80
60
72
85
77
74
87
72
94
86
97
82
86
83
77
66
84
83
82
76
87
77
69
78
86
68
92
71
85
87
84
77
83
73
80
87
93
69
74
71
91
80
89
80
104
93
92
92
96
93
96
86
105
94
95
123
87
100
93
70
102
88
86
88
96
97
113
136
101
122
114
121
144
150
148
178
189
275
346
414
526
704
873
1107
1427
1709
2119
2522
2941
3404
3697
4126
4600
4960
5256
5404
5469
5544
5282
5086
4891
4488
4011
3560
3068
2675
2337
1866
1588
1256
1017
795
603
508
359
326
246
189
182
167
143
118
108
114
98
124
96
120
109
103
115
99
116
109
105
103
101
125
131
101
94
103
129
119
120
115
130
105
90
91
100
98
110
101
96
114
105
145
92
113
108
104
133
110
133
109
109
123
140
113
116
135
121
126
135
137
126
149
144
159
183
202
203
220
237
266
314
368
425
448
484
561
604
735
698
782
785
821
863
853
788
791
791
654
646
593
506
490
460
401
353
271
290
230
227
198
187
176
175
154
157
151
138
140
142
151
167
145
164
156
164
158
143
142
148
142
125
145
159
165
160
151
155
159
136
165
150
159
174
190
188
139
146
156
170
158
161
167
168
170
181
184
177
171
152
187
187
194
191
195
203
184
216
211
184
200
209
234
207
232
209
224
215
216
264
251
246
248
277
251
270
258
250
235
246
255
272
300
273
287
302
274
313
315
304
317
307
351
340
323
346
309
330
339
389
335
331
326
349
349
354
368
361
353
422
362
381
358
404
331
392
381
327
422
362
312
335
315
340
311
366
353
326
343
278
283
342
294
317
313
286
300
305
281
327
278
266
280
257
274
272
249
294
253
244
238
234
241
205
221
213
208
198
227
213
207
218
195
181
217
187
215
186
195
198
193
171
152
179
153
164
188
185
161
166
193
167
152
182
162
188
165
161
160
154
176
180
183
163
180
155
184
156
163
157
174
169
171
186
169
149
136
162
163
163
170
161
168
169
165
168
177
168
187
166
183
188
154
196
182
194
189
201
190
216
191
235
206
192
201
208
229
197
222
229
212
227
255
227
235
211
229
228
201
240
220
199
233
218
210
211
227
217
227
213
227
215
240
201
195
192
209
180
199
207
195
168
212
182
203
194
195
183
201
194
205
208
194
207
188
182
176
192
177
181
205
178
191
181
176
193
188
167
205
170
161
180
169
183
191
165
171
180
170
197
187
177
174
177
180
193
194
168
178
172
186
188
162
200
193
197
167
194
189
171
168
191
218
201
201
187
170
193
170
162
182
162
212
167
180
173
177
191
176
194
201
186
199
202
161
182
211
160
188
191
182
187
196
207
200
191
168
199
175
177
188
185
208
190
201
189
211
217
215
206
182
198
173
197
179
222
197
188
217
185
215
200
209
199
201
221
200
209
195
217
201
216
220
221
211
199
212
205
225
213
216
226
191
204
220
211
200
206
241
211
231
210
228
237
223
225
229
217
220
227
205
233
239
246
224
216
199
245
248
240
207
243
240
231
245
235
230
250
257
231
233
259
233
234
260
262
222
244
266
247
249
218
232
266
291
258
230
217
222
248
227
249
224
237
270
225
237
256
227
220
237
236
222
265
210
222
226
217
215
232
238
221
217
232
232
216
243
205
228
227
222
211
237
226
226
235
214
180
201
226
226
194
232
201
180
211
215
203
209
210
219
206
222
199
209
207
191
196
206
210
203
213
213
185
183
234
190
191
213
211
204
195
175
176
221
214
197
194
205
184
190
216
203
185
202
161
201
174
233
193
203
218
179
227
179
185
199
196
193
173
197
216
189
199
210
189
206
190
178
189
194
185
180
182
200
183
200
205
201
173
201
203
180
246
225
186
199
219
208
192
187
203
197
193
207
215
188
197
185
212
208
207
179
193
217
184
202
203
212
181
217
191
207
187
217
169
195
202
191
167
203
211
188
211
234
187
200
193
194
193
186
180
189
193
176
220
181
205
193
215
212
181
197
192
194
200
228
202
184
200
206
208
191
166
188
227
194
197
192
200
205
189
190
205
198
203
222
175
180
177
185
203
217
198
199
213
190
216
186
189
184
195
194
202
205
213
204
211
224
213
227
211
198
181
230
201
190
214
191
217
211
236
200
223
210
190
189
216
208
239
215
225
219
230
224
233
236
229
229
252
229
237
209
223
227
224
215
206
243
257
218
256
238
250
236
257
204
226
220
231
255
252
278
255
243
271
258
270
249
262
272
266
300
258
302
259
284
280
259
274
296
294
264
296
300
316
326
316
313
332
342
323
300
341
333
355
352
322
347
380
383
373
374
387
377
411
392
428
432
430
442
454
491
464
482
510
512
496
546
562
575
601
594
596
639
659
624
650
682
760
701
785
798
821
850
894
907
927
987
964
965
976
1026
1036
1105
1096
1095
1101
1164
1106
1160
1215
1177
1185
1200
1134
1222
1222
1163
1240
1214
1233
1199
1212
1201
1133
1123
1103
1077
1105
1093
1081
1013
1082
966
951
909
853
908
845
865
824
793
798
742
721
706
672
588
632
644
603
575
547
543
471
480
499
476
477
455
436
412
385
374
367
387
349
398
328
360
327
345
304
299
284
285
323
290
275
292
293
255
244
283
261
243
254
236
238
257
249
242
225
191
203
231
231
218
192
191
192
207
215
214
188
219
179
198
191
154
200
169
199
198
218
190
220
201
210
218
204
232
205
263
249
288
300
267
293
286
330
312
330
335
343
336
394
371
366
372
393
397
400
393
392
382
387
353
398
361
321
338
336
298
304
255
259
247
226
229
222
209
192
168
183
164
165
150
162
140
126
130
151
148
131
124
135
133
153
141
147
130
127
113
132
132
127
153
117
141
141
149
127
130
134
140
141
131
164
155
140
154
160
148
157
141
142
159
193
160
180
185
171
177
208
189
187
193
192
196
208
171
163
204
195
220
228
232
209
225
238
223
207
213
227
222
228
212
217
248
257
223
231
213
239
217
232
218
215
221
184
217
216
198
202
189
224
186
191
172
189
163
160
172
164
184
161
157
157
157
136
145
159
149
135
149
146
127
126
127
112
114
145
131
137
112
114
120
98
74
105
98
108
97
84
102
100
92
103
89
90
94
84
82
92
94
104
94
82
87
72
91
82
81
80
75
78
79
79
79
70
53
70
77
66
64
66
65
64
57
64
77
65
67
54
54
66
59
59
55
61
48
57
46
54
68
58
61
64
47
47
50
53
64
52
62
48
52
48
59
43
47
55
39
48
48
51
50
42
46
48
60
54
49
49
47
52
52
49
53
54
67
64
61
71
63
67
56
55
58
61
68
69
80
65
64
73
79
64
68
73
75
77
74
70
60
61
60
43
56
49
50
61
43
37
43
43
36
43
32
36
35
40
34
39
41
40
35
44
36
36
38
40
47
35
37
35
35
37
35
43
43
34
35
28
44
28
45
45
32
46
34
33
33
38
30
44
34
29
36
38
32
33
35
42
39
28
34
35
24
30
32
26
43
25
35
36
31
38
41
28
38
32
29
26
31
32
33
31
31
29
33
24
31
39
18
28
19
24
25
21
26
34
17
24
32
26
34
36
28
25
26
14
21
26
31
24
26
37
24
21
39
29
25
20
22
28
30
24
28
32
28
33
34
26
31
30
25
33
21
20
29
24
25
25
20
24
24
22
21
17
21
27
25
20
28
27
23
16
24
24
28
22
26
25
35
21
16
25
16
27
31
31
24
12
21
25
35
22
25
18
13
19
20
20
26
29
20
18
21
21
32
28
20
18
30
19
25
21
15
25
21
23
13
22
23
32
27
30
19
28
32
18
25
17
21
22
23
23
26
23
17
16
20
28
22
20
22
19
15
21
27
22
20
14
13
18
23
17
13
14
19
16
22
26
21
24
20
18
20
24
13
16
15
20
14
21
18
17
21
21
27
16
23
20
22
22
19
23
20
11
25
21
17
16
21
26
12
9
19
19
20
14
18
25
22
17
16
27
21
10
11
20
18
11
14
18
16
18
18
17
12
22
19
17
18
15
16
22
12
18
16
9
19
17
11
14
14
15
19
15
14
13
26
15
17
27
21
12
16
14
20
13
11
17
13
14
13
17
14
19
9
15
13
15
8
22
15
15
10
11
16
17
17
13
12
11
5
12
5
14
13
11
15
12
11
8
8
14
20
17
12
12
9
16
9
18
15
22
16
10
10
15
11
11
9
15
19
16
9
14
11
9
8
13
14
14
13
14
10
9
11
13
14
9
14
14
12
14
9
12
17
10
9
9
13
14
14
14
21
8
11
14
12
15
18
16
13
14
13
11
15
10
15
9
15
11
14
14
11
8
15
10
8
19
16
9
13
8
14
8
12
8
9
14
16
11
8
11
13
9
12
12
9
9
18
8
15
8
17
9
9
8
10
10
15
7
15
14
10
14
14
15
7
10
11
11
10
10
13
5
11
12
8
12
11
8
5
15
11
13
8
10
7
9
9
11
8
6
9
10
8
6
9
10
12
15
14
9
8
9
8
9
10
8
13
10
9
14
14
10
9
10
12
7
9
9
9
7
11
16
5
10
8
11
10
5
7
11
11
8
6
8
7
10
8
3
9
7
9
11
11
8
7
6
5
10
7
13
4
8
12
9
13
5
10
12
10
11
10
8
6
7
7
12
6
11
10
5
6
6
6
12
12
6
10
9
4
6
11
7
11
11
1
6
4
11
8
7
8
11
10
11
8
3
7
6
8
6
8
4
8
10
11
3
7
9
8
6
3
4
8
3
7
4
2
11
5
7
4
3
13
9
5
5
5
6
9
7
6
4
10
3
5
8
4
8
5
9
7
9
8
9
9
6
5
2
1
6
4
5
7
5
12
7
8
3
3
3
4
5
3
3
8
9
6
2
6
7
3
4
6
5
10
8
4
2
3
6
9
8
11
6
8
1
5
3
1
9
3
4
8
2
5
9
5
4
5
3
4
3
4
2
5
6
12
4
4
6
5
5
6
6
4
4
4
7
3
3
2
2
8
3
6
6
7
5
4
3
4
4
4
6
5
2
2
1
6
6
5
5
5
8
7
10
8
7
4
1
4
6
3
4
4
2
8
9
4
5
5
3
7
2
8
4
7
3
8
7
6
6
3
2
3
6
3
3
2
5
6
3
4
5
5
3
2
6
2
5
5
4
4
5
4
3
2
1
0
4
5
5
2
8
3
3
3
4
1
4
3
5
5
2
1
5
4
5
3
3
4
5
2
7
4
0
3
6
7
5
4
6
4
2
2
2
3
1
5
1
4
3
3
3
4
2
5
0
6
3
2
4
6
4
4
6
2
5
4
3
5
3
4
1
3
2
1
3
2
4
4
1
2
3
1
3
1
0
2
3
4
1
1
2
4
2
2
5
1
1
1
3
2
4
1
0
0
3
2
5
1
1
2
3
6
1
3
1
1
1
2
3
1
4
3
2
3
2
3
0
1
4
0
3
3
1
1
3
1
0
3
5
1
2
2
1
1
1
2
1
2
3
2
4
1
3
2
5
1
6
4
1
1
1
1
1
2
6
2
2
3
2
1
2
4
0
5
0
3
1
6
1
2
3
3
3
0
2
3
1
5
2
5
1
1
0
1
2
1
1
2
3
1
1
2
0
3
0
5
3
3
3
1
0
1
3
2
1
1
2
2
1
1
3
2
1
1
1
4
1
2
1
3
0
3
0
1
1
1
3
3
0
0
3
0
0
1
2
2
2
4
0
1
1
0
2
0
3
1
0
1
1
1
0
4
3
1
1
1
4
2
2
1
3
3
1
0
1
1
0
3
0
2
2
0
0
2
0
2
4
0
3
3
0
0
1
0
1
2
3
1
0
1
0
3
1
1
1
2
0
0
1
0
1
0
3
0
1
2
3
2
1
1
0
1
2
2
1
1
1
0
0
0
1
3
1
3
3
1
3
0
2
1
1
2
2
0
2
2
2
0
1
0
0
1
0
0
1
0
2
3
1
1
3
2
0
0
2
1
0
2
2
2
2
3
2
0
0
2
0
1
1
0
3
1
1
2
1
1
0
2
1
2
2
1
2
0
0
1
1
1
1
2
0
0
0
0
1
1
1
2
1
1
1
2
0
3
1
2
1
0
0
1
0
1
0
1
0
0
3
2
1
1
0
1
1
0
2
0
1
2
0
2
1
1
0
1
0
1
1
1
2
1
3
1
1
1
0
0
0
1
0
0
0
1
2
0
1
1
0
1
2
0
2
0
1
0
1
0
1
0
0
0
2
0
1
0
0
1
1
0
2
1
0
0
1
0
1
1
0
0
0
0
0
1
1
0
2
1
0
2
0
2
1
1
0
1
0
1
1
0
0
1
0
0
3
0
0
1
2
1
1
0
0
0
1
0
0
2
0
0
1
0
3
1
1
2
0
2
0
0
0
0
1
1
1
0
0
0
0
1
0
0
0
1
0
0
0
0
1
0
0
0
0
0
0
1
0
0
1
0
0
0
1
0
1
0
0
0
2
1
0
0
1
0
1
0
0
0
0
0
0
1
2
0
0
0
0
1
1
0
0
0
0
0
0
0
0
1
0
1
1
0
0
0
0
0
0
0
1
1
0
0
0
1
2
0
1
0
0
1
0
0
1
0
0
1
1
0
0
0
1
0
1
1
0
2
1
0
0
0
1
0
0
0
0
0
2
0
1
1
1
0
2
0
1
0
2
0
1
1
0
2
0
0
0
1
1
0
0
0
0
0
0
0
1
0
0
0
0
1
0
1
0
0
0
0
0
0
1
2
0
0
0
0
0
0
0
0
1
0
0
0
1
0
0
0
1
0
0
0
2
0
0
0
0
0
0
2
0
0
0
1
0
0
0
1
0
0
1
1
0
0
0
0
0
0
0
0
0
0
0
0
0
0
0
1
1
0
1
0
1
0
0
0
0
0
1
0
0
0
1
0
0
1
0
1
0
0
0
1
1
0
0
0
0
0
0
0
0
0
1
0
1
0
0
0
0
0
0
0
0
0
0
0
1
0
0
0
0
0
1
0
0
0
0
1
0
0
0
0
0
0
1
0
1
1
0
0
0
0
0
1
0
0
0
0
0
0
1
0
0
0
1
0
0
0
0
2
1
0
1
0
1
0
0
0
1
0
0
0
0
0
0
0
0
0
0
1
0
0
0
0
0
0
0
0
1
0
0
1
0
0
0
0
0
0
1
0
0
0
0
0
0
0
1
1
0
0
0
0
0
0
0
0
0
0
