0
0
0
0
0
0
0
0
0
0
0
0
0
0
0
0
0
0
0
0
0
0
0
0
0
0
0
0
0
0
0
0
0
0
0
0
0
0
0
0
0
0
0
0
0
0
0
0
0
0
0
0
0
0
0
0
0
0
0
0
0
0
0
0
1
0
2
0
1
3
2
0
1
3
1
2
5
2
3
2
4
5
13
55
119
362
905
2174
4914
9422
16988
27709
40835
54196
65797
73254
72934
66661
55529
41433
28230
17483
10009
4985
2308
1028
402
147
31
6
6
3
2
2
2
0
0
1
1
0
0
1
0
0
0
1
0
0
1
0
0
3
55
56
50
46
55
63
60
55
56
50
59
42
40
48
51
66
43
50
49
42
42
46
51
44
40
45
44
35
39
40
40
53
37
44
48
45
50
54
50
51
53
41
44
40
37
37
44
36
36
41
49
40
35
32
35
45
41
47
50
54
51
60
50
63
47
74
98
114
111
169
183
240
266
321
326
331
362
292
292
239
193
163
127
94
69
71
58
59
50
51
41
58
36
36
39
45
46
33
43
50
40
47
51
50
56
55
53
51
50
73
70
69
78
81
78
95
105
95
100
109
141
140
177
198
251
395
590
902
1372
2303
3494
5136
7295
9991
12880
15845
18499
20333
20943
20659
19232
17263
14331
11684
9182
6593
4770
3379
2427
1880
1396
1048
786
684
554
552
577
682
746
1025
1294
1568
1841
2084
2288
2457
2401
2229
2040
1797
1510
1203
884
665
469
417
290
267
211
188
156
132
115
96
63
68
40
40
27
25
10
20
8
10
8
14
10
11
6
15
14
7
9
7
5
10
8
13
4
5
6
9
7
12
7
7
10
7
12
11
3
13
12
10
14
12
14
14
18
38
22
22
21
26
18
35
25
20
28
21
25
19
23
24
12
19
21
24
19
25
22
20
24
23
17
20
19
21
19
17
12
24
27
17
15
14
17
14
6
8
8
10
7
7
4
8
6
6
14
6
3
6
5
6
8
4
7
6
6
8
2
5
4
5
6
5
4
5
5
8
8
2
5
6
11
11
10
7
3
14
16
14
12
11
7
24
18
15
9
7
8
7
10
6
9
10
9
9
10
14
17
11
12
15
6
9
10
10
13
10
9
14
9
3
11
10
12
5
8
4
11
4
6
7
3
9
12
4
4
7
5
7
8
3
8
6
8
10
5
4
8
8
8
6
4
4
7
8
3
6
12
3
11
6
6
8
6
4
8
6
9
9
3
5
8
4
9
4
8
6
9
5
10
5
11
5
7
5
2
4
10
7
4
9
8
7
7
5
6
8
10
6
7
12
11
7
7
6
6
6
8
7
5
10
8
3
11
6
8
8
9
3
12
6
4
5
4
8
9
12
8
4
6
7
15
14
4
8
9
4
8
7
7
4
7
16
10
13
7
10
8
9
13
8
12
15
15
10
9
12
10
9
12
12
4
8
14
7
13
10
10
11
12
16
11
11
6
14
8
13
13
11
17
13
9
9
10
19
10
16
14
12
9
17
18
18
15
22
25
28
25
25
32
29
36
24
25
38
40
39
31
43
28
34
26
49
27
36
41
41
58
48
35
34
39
32
34
39
43
34
32
30
35
35
35
31
35
33
33
30
28
27
33
15
20
18
19
28
27
28
20
19
23
29
15
20
23
19
22
25
25
21
18
27
24
20
21
20
31
27
18
22
18
22
27
25
25
27
19
20
23
23
17
24
29
32
16
27
15
29
24
27
24
22
27
32
22
23
30
32
35
24
32
38
23
20
28
34
36
25
37
30
28
31
35
33
33
28
39
33
26
36
37
43
38
35
41
40
45
46
32
44
46
38
39
55
38
40
33
53
39
44
42
39
34
55
47
35
48
53
56
46
40
54
50
56
49
45
56
48
48
50
71
51
47
53
56
64
47
68
68
90
66
63
65
73
83
85
74
73
84
68
72
73
65
81
80
96
107
92
111
106
97
96
97
98
108
92
83
92
75
97
81
109
92
90
82
90
93
86
92
83
79
84
76
91
84
81
77
79
83
83
88
91
74
87
69
88
65
74
85
88
87
84
70
94
77
98
89
88
92
73
62
68
76
74
64
83
82
73
83
67
79
74
73
73
67
77
80
74
75
60
87
86
83
73
73
78
84
63
73
80
79
75
80
67
90
81
82
74
74
91
84
78
76
78
70
75
71
70
81
76
85
83
67
54
72
89
92
77
79
82
78
77
80
83
75
82
76
85
86
72
96
82
75
87
87
79
89
79
80
84
80
90
64
81
75
80
91
101
88
90
97
88
112
108
91
90
108
107
89
106
119
115
122
156
155
196
220
222
342
386
537
687
815
1079
1347
1631
2047
2387
2793
3213
3644
4234
4574
5016
5111
5238
5318
5428
5149
4890
4748
4397
3977
3552
3155
2696
2271
1965
1569
1213
987
737
602
454
393
286
242
185
146
167
149
133
102
111
104
101
93
89
107
96
103
118
116
100
96
118
102
115
108
106
101
117
90
111
109
102
109
113
115
93
108
112
117
84
100
114
123
101
94
107
126
118
114
108
112
100
131
127
124
121
144
117
145
111
119
142
133
135
169
159
157
173
186
233
251
268
319
364
389
452
490
565
584
669
712
723
806
789
829
763
800
797
740
687
611
583
482
451
430
373
307
333
263
266
198
184
201
185
172
154
130
136
159
124
153
141
126
146
143
136
147
140
139
154
139
165
170
145
145
134
134
139
164
145
138
156
141
152
171
132
171
150
156
155
171
157
143
160
168
164
169
179
170
153
170
201
166
183
178
185
176
199
217
184
186
190
200
203
199
211
228
206
238
227
251
235
238
265
237
227
252
245
262
263
289
251
257
286
288
275
277
307
312
321
354
314
299
318
335
322
328
308
350
365
314
333
334
345
338
349
344
357
374
399
374
378
352
360
370
376
346
335
340
289
354
347
349
320
334
338
309
337
307
296
314
310
317
292
320
316
295
301
293
297
272
271
266
257
271
259
240
246
231
219
231
230
255
218
223
239
210
238
196
232
219
217
185
234
229
221
202
202
202
200
175
176
188
191
202
187
195
192
160
191
169
208
195
187
164
159
164
176
179
161
175
171
161
172
183
175
165
191
180
170
168
188
141
171
169
168
195
155
150
158
165
183
176
161
182
181
185
170
180
186
195
172
177
189
183
186
187
210
187
219
181
217
219
211
193
205
209
229
200
229
230
220
213
253
220
216
223
213
227
240
220
241
208
208
220
243
229
232
237
198
227
195
233
211
217
230
219
215
213
213
200
199
210
218
189
203
209
191
179
223
196
194
195
203
187
194
196
205
194
203
165
197
179
197
182
211
188
156
190
185
196
199
196
203
216
203
169
185
180
186
188
191
200
186
187
207
201
199
188
185
188
211
201
214
222
207
183
177
194
181
195
183
191
204
176
179
196
183
181
203
196
189
203
209
210
203
195
200
194
202
195
213
208
208
224
202
193
212
195
210
206
207
188
198
235
199
204
187
214
205
176
226
204
207
203
221
231
221
216
205
216
234
215
186
229
236
213
226
250
220
219
212
247
216
214
228
215
224
204
230
234
205
214
234
203
217
213
221
257
224
225
222
222
218
264
255
217
247
232
226
250
221
246
196
218
212
235
232
225
251
250
244
211
235
244
259
266
231
229
267
249
231
254
244
258
258
275
260
239
279
228
265
248
275
269
241
290
244
273
253
252
250
298
271
294
282
261
288
274
262
255
273
267
255
255
262
254
253
246
262
285
244
274
249
254
248
281
260
262
246
275
244
296
230
267
248
211
234
222
244
224
226
251
212
222
205
226
242
233
240
244
226
255
228
242
245
198
219
216
225
222
231
209
204
223
208
232
255
217
212
237
230
230
230
204
203
208
231
222
220
217
210
213
241
233
211
244
218
219
225
227
211
227
207
239
207
200
221
211
218
199
229
234
222
208
236
192
246
218
215
215
231
224
225
213
222
226
244
211
218
216
235
214
241
256
209
224
244
237
209
228
216
222
195
250
239
225
224
229
203
235
208
216
222
234
242
231
239
214
212
211
221
241
226
218
222
222
235
231
215
214
227
206
221
217
207
208
208
221
224
217
229
232
214
216
206
204
213
204
231
215
221
202
214
198
221
217
214
218
212
220
220
225
215
211
241
208
203
229
210
198
205
224
206
224
231
213
212
232
225
241
203
193
195
208
211
247
217
216
233
235
271
231
214
207
236
230
224
215
210
220
224
257
213
237
232
206
216
249
215
240
202
242
203
224
212
204
259
221
230
211
206
216
211
232
250
212
219
233
225
223
220
235
237
255
223
233
254
241
245
222
237
233
235
242
276
265
267
241
279
262
247
241
228
266
236
261
251
232
273
299
277
236
273
259
270
280
277
251
269
300
270
308
297
316
292
301
317
329
338
307
302
341
296
316
336
330
300
325
373
326
346
373
357
353
328
341
376
383
378
385
358
441
428
401
429
411
449
461
441
493
453
476
536
506
535
556
556
587
631
614
638
646
658
626
729
748
757
792
756
803
860
891
888
929
963
1012
987
1016
1025
999
1125
1109
1096
1185
1151
1164
1294
1127
1174
1273
1249
1265
1322
1252
1322
1283
1274
1305
1326
1348
1331
1271
1246
1273
1264
1280
1215
1183
1093
1161
1122
1090
1075
1044
1060
1007
1001
993
943
922
907
898
878
821
783
775
671
752
696
654
605
618
594
559
516
588
560
509
518
473
455
461
449
369
419
387
409
400
357
343
356
324
335
332
320
316
326
309
310
312
319
291
262
302
282
283
294
283
241
262
259
246
247
227
251
206
208
245
222
227
234
198
218
226
177
222
187
213
179
228
207
201
247
204
201
216
201
202
211
228
212
225
250
231
248
238
250
271
278
312
325
315
333
355
342
351
379
408
378
378
406
401
385
431
427
401
430
393
389
397
367
389
351
337
306
313
315
281
268
254
236
225
243
196
179
175
204
183
154
140
151
154
158
154
140
137
142
136
154
126
138
142
154
156
142
117
160
141
144
137
153
157
141
156
154
184
154
153
175
150
164
151
150
182
160
160
166
170
174
196
176
189
181
171
185
186
214
191
210
223
200
206
221
218
220
253
225
217
247
223
233
215
243
230
222
224
244
231
238
220
255
235
240
219
207
234
241
208
226
234
225
232
215
211
213
201
196
190
204
207
198
223
201
182
166
171
174
156
159
178
152
164
168
161
148
161
132
148
149
153
137
132
142
119
117
124
122
120
136
123
117
105
122
120
106
86
100
112
108
94
82
94
66
89
113
100
94
85
81
86
83
77
79
83
72
64
81
99
83
79
54
65
75
74
73
70
72
72
73
68
55
52
61
67
45
66
54
80
75
57
60
57
63
61
57
51
66
53
43
60
67
65
62
63
52
52
54
55
62
50
59
49
51
48
41
40
53
43
45
54
50
49
55
46
44
58
57
52
61
44
46
66
69
61
58
59
56
75
69
56
69
53
90
71
80
58
76
61
71
64
63
89
69
74
84
66
61
60
59
52
48
42
55
58
47
39
40
34
46
36
39
34
49
31
48
42
45
38
42
41
37
50
25
32
49
38
40
55
43
34
35
45
38
35
38
28
47
45
40
26
34
48
37
35
31
37
30
43
34
32
40
36
25
35
33
25
38
30
35
37
34
38
32
31
23
42
35
23
39
30
31
33
33
34
36
31
23
25
39
39
32
27
32
36
26
28
32
28
28
23
25
32
30
34
36
23
28
37
24
40
43
38
36
30
25
25
28
35
39
23
27
23
29
26
27
31
26
37
17
22
28
19
22
24
29
36
25
27
26
39
28
31
31
19
29
20
35
24
26
33
27
23
33
29
33
25
33
21
27
23
27
33
23
31
27
18
29
25
11
26
30
24
24
23
33
20
25
19
17
22
24
21
21
24
32
21
19
24
29
28
21
18
22
27
21
25
17
21
26
25
20
29
28
24
14
25
12
22
20
21
25
16
19
24
21
26
16
21
24
14
17
16
20
22
23
18
28
18
16
24
17
24
16
18
34
30
21
19
20
20
22
25
17
20
15
28
18
20
20
17
10
25
25
24
16
21
17
14
22
23
24
19
17
24
23
19
20
14
25
26
10
18
18
23
15
14
24
21
15
18
21
18
17
19
15
16
26
20
17
18
17
20
7
12
19
13
24
23
17
20
14
12
21
16
13
19
16
19
21
15
15
14
18
20
16
15
15
25
20
15
19
15
14
9
14
17
20
11
13
16
17
17
14
16
14
15
17
23
17
19
18
10
20
12
14
10
9
18
15
11
16
11
12
17
16
17
13
11
12
20
16
14
13
12
10
11
15
15
23
14
12
13
15
12
13
12
18
16
19
18
15
15
9
11
13
14
12
16
9
22
10
8
15
10
16
18
10
14
16
9
8
13
14
10
9
12
12
17
17
16
13
6
11
18
10
7
9
10
11
14
11
18
14
13
13
11
17
11
14
20
17
14
10
19
6
8
9
13
10
12
14
15
9
13
6
7
11
12
11
8
6
7
12
13
15
9
12
8
18
9
10
7
8
4
11
15
10
8
10
14
14
14
11
5
11
11
6
9
10
8
9
13
8
7
10
7
5
13
5
10
13
13
9
12
8
13
6
12
10
7
16
7
8
7
10
16
7
6
15
2
11
9
10
11
9
10
10
5
10
11
12
5
9
5
6
15
8
9
5
11
10
13
13
12
8
8
13
5
11
11
8
9
11
9
5
14
7
13
11
12
11
8
9
10
10
4
9
6
5
7
5
9
9
8
8
4
14
11
10
12
11
8
11
4
5
9
6
9
8
9
4
14
5
3
11
6
6
10
7
6
9
10
4
7
11
9
4
15
11
12
4
7
7
8
7
6
7
6
5
12
15
8
9
7
6
6
7
5
8
12
6
7
7
2
4
4
9
7
8
10
12
7
9
6
5
6
7
6
5
4
5
6
9
3
8
6
7
2
7
6
11
5
11
6
4
4
5
11
9
3
1
10
8
10
5
8
5
6
8
10
7
6
3
6
3
7
7
2
4
5
6
3
6
3
5
8
5
5
7
10
6
4
7
3
7
1
9
6
5
4
6
2
5
8
3
9
6
7
3
3
10
2
9
4
3
5
2
5
8
7
10
8
3
8
3
8
6
6
5
7
4
7
4
5
9
3
3
5
3
6
2
6
2
2
6
1
6
6
9
2
7
6
4
4
3
5
6
6
8
4
4
5
7
5
1
6
3
7
3
3
7
6
7
3
8
1
5
6
5
1
1
2
4
5
3
6
3
10
6
2
3
4
5
6
5
12
5
2
4
4
7
1
6
7
4
3
2
2
4
6
1
8
2
5
7
3
1
3
8
5
6
6
4
3
1
2
5
5
3
5
2
4
2
4
4
2
5
2
2
6
2
3
4
3
3
2
8
2
8
2
0
3
3
6
2
7
7
3
7
3
3
5
2
1
4
0
5
6
5
1
1
3
3
1
2
4
5
3
3
5
3
1
0
2
0
4
3
3
2
4
4
4
3
1
0
3
1
2
4
0
1
5
1
1
2
2
4
5
1
4
2
0
7
3
4
1
3
3
3
6
4
5
2
1
0
3
3
1
1
1
4
2
2
4
5
2
1
1
0
2
3
1
6
2
0
2
2
3
0
5
2
4
0
1
2
2
1
2
2
2
2
2
2
3
3
0
1
2
3
3
0
1
1
7
2
3
5
3
1
2
4
0
2
1
2
1
1
3
3
3
2
1
2
3
1
0
1
4
2
0
1
0
1
0
2
5
3
3
4
4
3
0
0
3
2
2
3
1
4
1
3
2
2
4
0
2
0
2
1
2
2
1
2
3
2
5
3
2
2
0
3
3
2
2
1
2
0
2
3
0
1
1
0
0
1
2
1
2
2
0
1
1
2
0
2
1
3
1
1
4
0
1
0
2
2
2
1
4
1
0
3
0
3
1
0
2
2
2
0
1
0
1
1
1
1
1
2
0
0
1
3
2
1
2
0
1
1
0
0
1
2
0
3
0
1
2
0
1
1
0
1
3
0
1
1
0
1
0
3
2
0
1
3
3
0
1
2
2
3
2
1
1
0
0
0
3
0
1
1
0
1
5
1
1
3
1
3
1
0
1
3
2
2
0
2
1
1
1
1
1
0
1
1
1
0
2
1
0
0
1
1
0
0
3
1
1
0
0
1
2
1
1
1
2
2
1
2
1
2
1
0
1
0
1
0
1
0
4
1
1
0
1
2
0
0
2
1
0
0
1
2
0
2
0
1
2
3
3
2
1
0
0
2
1
1
2
1
1
2
0
0
1
2
1
0
2
1
1
2
3
0
2
3
5
1
1
0
1
2
1
1
1
0
0
1
0
0
0
0
1
1
0
2
1
2
0
1
3
1
3
1
2
1
1
0
2
0
2
1
2
3
1
1
2
0
0
1
0
0
0
0
1
0
0
0
0
0
0
1
1
0
0
0
0
2
0
2
1
0
0
0
0
1
0
1
2
0
0
0
0
0
1
2
1
0
0
2
0
1
1
1
0
0
1
0
0
0
0
2
2
1
2
0
1
1
0
1
1
0
0
1
0
0
0
0
2
0
0
1
0
0
0
2
0
1
1
0
0
0
0
1
0
0
0
1
2
1
0
0
0
0
0
1
0
1
1
0
1
1
0
0
1
0
1
0
1
0
0
0
1
0
1
0
1
0
0
0
0
1
0
1
1
0
1
0
0
0
0
1
1
0
0
0
1
0
2
0
0
0
0
1
0
1
1
1
1
1
0
0
0
1
0
1
0
1
0
0
0
0
0
0
0
1
1
1
0
1
0
2
0
0
0
0
1
0
1
0
1
1
1
1
0
0
0
1
0
0
0
1
1
2
2
0
2
1
0
1
0
0
0
0
1
0
0
0
0
0
0
1
1
0
0
0
1
0
1
0
1
0
1
0
0
0
1
0
0
0
0
0
0
0
0
0
1
0
1
0
0
0
0
1
0
1
1
1
0
0
0
0
1
1
1
1
0
0
0
0
0
0
0
0
1
0
1
1
0
0
0
0
1
1
0
1
0
1
0
0
2
0
1
0
0
0
2
0
0
0
1
0
0
0
0
0
0
0
0
1
0
0
0
0
0
0
1
0
1
0
0
0
0
1
0
0
0
1
0
0
0
0
0
0
1
0
1
0
0
0
2
1
0
1
0
0
2
0
0
0
0
0
0
0
0
0
0
2
1
0
0
0
1
0
0
1
1
0
0
0
0
0
1
0
0
0
0
0
0
0
0
0
0
1
0
1
0
0
0
0
0
0
0
0
0
1
0
0
0
0
0
0
0
0
0
1
0
0
0
0
0
1
0
0
0
0
0
0
0
0
1
0
0
0
0
0
0
0
0
0
0
0
0
0
0
0
0
0
0
0
