0
0
0
0
0
0
0
0
0
0
0
0
0
0
0
0
0
0
0
0
0
0
0
0
0
0
0
0
0
0
0
0
0
0
0
0
0
0
0
0
0
0
0
0
0
0
0
0
0
0
0
0
0
0
0
0
0
0
0
0
0
0
1
1
0
0
1
0
1
2
4
4
0
6
1
2
2
5
0
3
3
6
8
37
113
343
935
2252
4850
9421
17045
27470
40281
54203
66332
73274
73622
66977
55157
41220
28152
17388
9941
5075
2291
1008
399
144
40
15
6
2
0
0
0
2
2
2
1
0
1
0
0
0
0
1
1
0
1
0
0
7
61
42
57
54
53
43
42
55
48
38
57
49
53
59
44
39
41
40
42
35
47
42
46
47
44
49
43
46
33
37
31
31
51
37
38
52
31
38
33
31
35
38
40
38
39
45
37
33
34
43
41
35
41
49
42
30
60
39
44
51
38
54
65
54
67
71
93
89
111
154
198
245
273
277
316
369
342
320
271
232
212
163
146
97
84
75
70
54
43
51
29
41
41
37
35
34
33
47
44
38
50
45
48
46
54
48
40
59
52
63
76
87
87
87
87
98
100
116
104
131
122
136
150
203
274
381
552
891
1378
2200
3631
5232
7544
10328
13260
16469
18616
20391
21506
20911
19777
17720
14563
11740
9407
6987
4886
3452
2503
1903
1389
1123
820
663
609
552
577
676
804
987
1295
1515
1785
2114
2296
2436
2372
2263
2045
1750
1435
1204
853
645
528
364
319
235
218
148
160
136
137
112
100
59
40
40
30
21
10
15
9
13
7
8
12
11
8
8
12
9
10
5
7
4
11
12
7
8
4
10
12
5
3
16
5
9
5
14
8
14
6
11
14
17
17
13
21
18
19
36
22
29
38
31
17
22
29
15
21
13
15
23
11
22
24
21
17
21
17
23
18
23
20
21
24
16
16
21
25
29
11
15
13
16
16
6
9
11
10
6
12
6
9
7
7
6
4
5
4
3
9
9
7
9
7
7
7
7
10
7
3
6
4
10
4
1
6
7
9
6
6
9
13
9
12
9
12
10
21
10
11
15
11
14
11
9
14
9
9
13
12
9
5
7
12
12
14
1
6
6
7
9
17
14
8
9
12
5
12
6
12
11
8
5
6
6
6
3
11
8
3
6
4
12
10
4
5
7
6
10
6
8
7
10
10
10
9
7
9
8
1
5
5
5
3
5
6
7
5
5
11
4
4
11
4
11
11
6
6
11
7
10
6
7
5
9
4
6
8
8
3
14
7
5
7
7
5
6
8
10
10
8
7
3
2
7
5
8
7
4
1
11
7
7
5
10
11
9
4
13
7
7
9
6
3
8
7
11
2
6
7
6
7
7
10
7
10
7
9
14
12
8
11
11
5
9
11
11
13
9
11
10
10
10
9
11
9
5
13
6
9
7
14
11
5
10
8
8
9
10
4
11
11
12
12
8
8
11
10
14
4
7
10
11
9
9
12
10
12
5
11
12
16
7
17
13
7
15
18
10
12
9
18
11
22
32
32
20
17
34
28
33
35
25
35
38
31
39
31
28
40
33
36
36
41
37
29
34
34
43
38
45
37
32
36
41
36
41
45
37
36
27
34
29
24
38
24
33
29
22
24
26
34
29
25
25
26
21
23
20
19
24
25
29
20
16
24
30
16
21
28
20
24
28
23
12
17
24
13
10
19
13
31
27
20
25
26
16
35
21
27
21
20
22
26
24
25
25
26
29
24
26
27
19
31
26
28
31
21
18
32
19
34
28
29
30
29
31
29
30
23
31
26
28
22
37
29
31
27
37
37
50
33
41
49
31
44
24
38
33
37
36
41
50
42
41
33
33
40
44
44
50
41
43
41
48
40
48
41
55
45
58
52
44
48
57
52
48
47
47
54
54
52
41
53
67
60
49
62
59
66
67
68
64
71
87
54
60
88
92
69
88
73
79
83
97
104
112
113
97
99
108
88
120
101
88
105
97
96
87
79
91
83
88
81
83
82
84
85
89
79
74
84
81
69
85
84
98
89
82
66
79
82
75
85
100
86
80
88
90
84
94
64
75
79
75
71
87
91
79
83
83
89
90
77
60
85
75
87
80
80
66
83
79
80
75
62
75
72
70
88
66
71
78
74
63
93
90
69
79
87
94
80
96
88
76
63
63
69
79
70
93
76
95
73
81
77
81
67
65
66
80
77
73
63
82
90
75
81
82
77
75
69
79
79
82
66
77
96
76
65
91
88
76
79
79
80
91
89
93
90
89
85
90
97
89
90
100
73
84
96
97
90
111
97
98
113
102
100
92
107
132
154
146
160
195
216
257
315
437
545
653
864
1091
1317
1623
1953
2446
2899
3281
3747
4248
4547
4871
5063
5380
5597
5406
5374
5057
4896
4540
3999
3721
3230
2742
2270
1979
1528
1256
1025
779
608
508
387
299
231
196
162
169
123
127
105
109
109
109
96
106
99
105
123
104
94
105
93
102
119
111
109
91
94
93
92
130
102
113
104
122
127
113
113
127
97
118
128
99
113
117
94
105
124
113
122
110
111
105
124
147
125
119
134
137
134
158
130
165
135
136
132
164
160
198
192
209
248
277
333
397
415
458
522
601
628
666
715
769
802
805
777
832
755
751
772
664
625
587
547
519
457
379
353
302
292
257
196
188
200
182
171
146
176
142
125
146
142
116
167
146
142
154
130
143
158
143
143
148
143
139
174
152
147
173
150
149
161
157
152
166
183
163
176
139
166
163
156
158
172
188
179
176
170
172
168
181
179
167
169
172
198
183
206
185
236
180
200
197
203
218
186
203
213
231
227
227
230
240
251
238
262
233
241
290
295
285
273
311
293
289
288
299
309
289
285
342
310
315
316
351
315
336
314
340
365
371
375
332
371
371
362
383
386
340
344
393
365
387
376
387
387
347
351
368
335
327
339
312
342
356
314
326
346
313
336
340
331
311
302
281
301
297
322
339
285
276
286
292
255
267
259
266
239
244
244
274
199
230
208
241
229
249
231
214
217
194
213
202
199
200
171
194
197
198
192
200
182
176
195
173
167
163
164
156
184
186
179
166
191
166
171
174
165
175
173
160
166
186
166
158
169
175
168
164
165
171
169
169
169
165
161
186
162
164
134
174
165
151
181
165
175
154
171
157
188
177
162
180
190
189
207
181
177
192
173
202
206
191
211
204
201
205
220
199
226
211
213
199
203
204
243
223
234
236
220
231
238
215
237
209
214
213
227
214
190
206
198
214
227
222
230
209
213
204
205
223
198
206
188
174
177
203
187
192
190
177
185
184
192
179
182
196
161
171
200
197
153
177
198
176
182
184
172
187
187
202
181
188
173
173
174
179
176
172
187
166
168
169
190
194
161
169
204
197
159
188
202
168
185
208
184
184
192
162
182
189
164
191
200
192
206
183
153
145
198
208
165
197
176
161
191
179
186
169
172
176
170
172
178
185
187
166
200
193
189
198
195
200
183
187
184
166
185
161
194
217
173
199
195
184
186
197
174
192
156
202
195
200
211
193
197
186
212
194
208
185
225
187
219
205
193
189
207
204
191
218
185
189
221
240
200
207
197
223
205
218
201
191
240
242
205
220
211
209
223
197
218
178
209
221
203
244
210
224
222
238
215
221
271
238
231
254
206
232
223
244
210
244
227
227
238
231
226
244
237
259
224
213
230
250
251
274
226
236
244
249
251
238
233
233
254
265
225
240
244
247
239
219
252
251
239
230
218
236
232
224
241
243
237
257
232
265
226
241
247
245
254
231
236
230
225
237
215
219
234
228
200
220
198
215
221
220
236
236
218
207
217
201
192
225
224
209
197
205
210
202
221
209
193
199
199
178
185
201
222
204
207
203
210
215
198
194
195
171
210
220
191
192
217
188
183
186
204
200
186
209
202
211
181
189
205
238
201
187
191
179
187
224
208
185
211
184
185
193
171
198
195
177
224
193
202
182
194
203
194
159
204
192
201
207
180
190
207
203
215
193
200
214
180
200
206
219
199
179
199
202
196
188
182
222
188
211
172
204
193
192
196
225
194
183
184
179
212
203
187
191
204
204
211
191
224
224
200
186
196
162
185
198
197
197
189
170
195
184
181
191
187
197
216
185
203
198
190
207
183
199
201
163
211
182
189
207
203
190
181
219
187
184
186
200
213
186
206
211
166
203
208
211
221
201
207
170
191
192
187
221
193
195
184
226
181
210
199
197
206
197
218
198
224
206
191
191
198
203
203
209
206
178
201
230
218
213
206
208
197
192
216
205
197
217
203
202
205
217
212
217
226
214
222
246
219
241
209
219
221
243
219
228
246
195
236
251
229
259
243
246
218
242
241
238
245
250
249
244
257
242
258
228
255
241
257
246
242
270
236
273
270
273
267
250
272
287
281
280
283
291
296
271
294
295
288
321
279
298
292
311
336
317
316
305
311
320
360
379
313
373
352
370
389
369
379
396
404
366
401
398
405
431
469
472
462
516
470
549
488
547
523
589
609
611
601
627
664
654
708
724
782
786
814
800
752
888
891
818
891
936
965
942
972
1086
1037
1063
1074
1107
1106
1126
1129
1133
1177
1144
1243
1166
1150
1260
1179
1159
1151
1200
1171
1183
1201
1202
1155
1172
1145
1111
1120
1054
1081
1058
1025
989
904
962
896
885
907
827
858
776
722
756
735
723
677
616
610
602
593
533
549
551
516
504
467
490
430
447
394
412
413
382
394
389
376
323
299
294
347
343
316
276
308
276
309
292
272
297
286
295
252
256
234
209
233
230
226
246
237
239
231
213
225
220
188
225
214
205
214
221
206
184
173
181
204
185
158
204
192
178
177
180
200
189
194
196
200
221
203
245
232
245
248
307
280
292
293
301
321
325
354
348
386
351
377
390
396
385
366
389
376
407
381
372
383
393
379
364
341
345
317
315
298
269
260
266
243
196
211
212
199
161
147
177
151
149
141
145
130
116
144
131
116
171
148
137
150
109
115
96
127
148
135
133
137
133
153
135
141
141
130
148
143
155
152
171
131
131
152
153
173
175
165
143
151
174
169
172
196
170
182
186
183
207
220
182
213
211
226
188
209
201
197
194
196
217
183
211
192
196
225
230
233
204
215
200
215
237
223
226
263
224
212
231
199
215
221
211
206
213
210
193
176
187
181
203
168
155
166
185
171
162
177
172
173
164
142
139
155
150
138
127
128
149
139
139
128
123
122
131
130
123
112
121
104
114
99
112
97
96
99
95
92
87
81
109
98
91
81
105
83
80
78
81
66
73
66
78
77
80
74
57
72
68
74
82
61
66
66
81
67
73
58
71
61
65
56
55
58
61
71
69
73
61
66
55
64
49
60
53
56
62
43
51
48
47
54
66
51
47
57
59
49
52
52
63
57
35
50
45
44
58
48
43
42
53
57
49
55
45
40
44
58
50
43
56
47
59
60
54
59
54
56
66
59
83
70
69
87
73
68
60
54
67
71
74
62
70
65
70
58
72
61
55
50
57
50
48
49
51
50
55
40
43
34
43
45
53
30
43
48
37
43
37
37
36
39
34
34
35
33
24
45
35
28
30
29
46
32
47
32
53
35
45
34
35
41
38
34
34
31
41
27
38
38
37
34
27
33
38
38
33
30
36
29
40
29
30
27
33
30
38
27
31
18
30
31
41
33
28
30
22
23
26
23
28
39
30
29
26
27
24
31
36
35
24
37
29
23
36
37
24
17
37
25
35
24
28
32
27
34
37
26
38
25
36
34
31
32
24
28
36
20
25
31
27
19
31
22
19
27
30
19
26
33
22
25
34
22
31
27
35
25
39
33
26
26
27
27
24
19
31
23
23
24
20
19
24
27
26
18
27
23
26
13
18
16
21
26
26
20
22
21
28
29
25
23
23
20
19
15
25
19
18
23
20
21
18
27
20
28
25
24
24
25
25
22
16
19
14
27
21
33
21
23
19
25
19
19
22
20
20
14
28
22
25
20
17
21
21
17
20
18
26
23
18
20
23
18
14
20
25
21
18
26
15
24
20
10
19
26
21
14
24
18
14
15
15
15
25
21
18
16
18
23
19
23
21
16
20
7
27
14
18
15
14
24
16
9
22
16
18
16
19
24
14
26
20
23
19
23
18
14
18
12
19
7
19
14
25
20
13
12
17
13
21
17
17
18
18
19
13
16
13
18
26
19
19
16
14
17
17
19
15
15
17
13
16
22
14
19
15
16
14
16
17
12
13
19
14
16
12
22
9
17
8
9
23
16
19
19
13
14
8
10
11
13
15
11
15
8
13
16
20
17
14
24
12
13
16
15
15
10
11
14
20
17
17
12
11
16
13
12
13
20
12
7
11
16
8
7
14
17
13
17
17
21
10
10
11
8
22
19
7
11
10
8
15
9
10
10
13
13
10
12
11
9
10
15
12
10
15
15
6
16
13
11
12
9
13
17
13
10
6
14
10
10
8
10
15
13
13
8
12
13
19
11
8
9
9
14
14
12
7
11
11
10
9
10
10
10
10
13
7
13
13
9
17
16
15
11
13
8
8
10
7
12
14
13
12
10
14
14
10
9
13
13
8
6
9
10
9
14
7
9
10
8
9
9
11
14
9
7
8
11
7
6
15
3
9
10
12
14
10
9
15
11
10
12
5
8
10
8
10
6
4
11
8
11
9
5
8
14
5
11
4
10
9
13
9
11
5
14
3
8
7
11
5
7
7
11
6
10
11
5
9
11
9
15
10
10
9
5
10
11
7
8
8
11
11
11
6
7
6
5
7
7
7
6
8
8
3
12
6
12
6
4
5
9
9
9
6
6
4
8
6
9
9
11
11
10
12
11
9
11
5
9
6
9
7
3
8
7
4
6
9
6
7
5
6
3
7
5
4
3
6
9
12
7
8
9
9
9
6
6
2
8
2
4
3
3
8
8
6
4
4
6
9
4
9
4
4
4
13
9
6
6
5
9
4
5
5
9
4
8
10
9
5
6
6
4
6
8
8
3
5
2
7
6
4
3
5
7
4
3
4
6
3
5
2
3
5
3
3
9
6
5
8
3
2
4
2
11
3
7
4
4
8
3
8
11
4
3
8
5
7
4
3
2
1
4
7
5
3
10
5
3
4
6
9
3
5
10
3
4
5
5
7
8
8
7
6
2
3
4
10
3
5
3
7
2
5
6
3
1
3
4
6
8
3
3
6
7
3
5
3
4
3
2
4
4
2
2
6
3
5
4
6
6
3
2
6
8
6
5
3
3
6
7
4
6
4
5
3
4
4
9
1
3
3
6
3
3
3
2
0
6
4
5
3
5
5
4
4
3
3
12
4
1
7
3
3
6
4
5
3
6
3
6
2
3
6
1
8
4
5
1
3
4
3
3
6
2
2
7
6
2
2
6
8
3
4
1
5
4
2
3
2
2
3
2
3
4
7
3
3
6
4
4
2
5
5
2
6
4
3
5
5
2
2
4
6
2
2
4
8
2
1
6
3
5
2
1
4
2
4
2
4
3
3
1
4
4
2
6
3
4
2
2
3
3
2
1
3
2
2
2
2
2
5
7
3
4
4
3
2
0
1
4
1
5
5
2
5
5
1
3
0
4
5
3
4
2
2
1
0
2
1
0
2
1
3
3
1
3
3
3
3
1
6
3
2
2
1
1
3
0
3
4
4
3
3
2
1
6
1
0
0
5
0
2
2
1
2
4
2
0
1
5
5
2
0
3
4
0
1
3
0
3
2
3
4
1
1
0
4
0
0
0
2
4
1
1
2
5
2
0
2
1
2
1
4
0
3
3
2
2
2
0
3
2
1
3
3
1
4
1
1
3
4
3
1
2
1
0
1
3
0
1
2
3
0
1
2
2
1
4
0
2
2
1
5
3
2
1
1
2
0
2
3
3
2
0
2
2
2
1
1
0
1
2
0
1
1
1
3
1
1
0
0
2
1
1
0
1
0
2
4
1
2
1
2
2
3
0
1
4
2
1
2
1
0
2
1
2
2
0
1
2
0
3
2
0
3
1
2
0
0
1
4
1
1
0
0
2
0
0
2
1
1
1
1
1
2
0
2
0
0
3
1
1
1
2
0
0
1
4
1
0
1
0
0
0
0
2
2
0
2
0
1
1
2
2
0
0
2
1
1
1
1
1
1
0
0
1
0
0
1
1
1
2
1
0
1
0
1
0
1
0
1
0
1
2
2
2
2
2
2
1
1
0
1
1
0
0
0
0
0
0
1
1
1
1
0
1
2
1
0
2
0
1
1
1
0
2
1
1
4
0
2
1
0
0
1
0
0
1
2
0
3
1
1
0
0
0
2
1
0
0
0
0
3
2
2
0
3
0
0
0
1
1
1
0
1
7
1
0
1
0
0
2
0
1
0
3
1
1
0
1
0
0
0
1
0
0
1
0
1
1
2
1
1
2
1
0
0
0
0
0
0
0
0
0
1
1
1
0
0
1
0
1
2
2
0
1
1
0
1
2
0
0
1
0
3
0
2
2
1
2
1
0
2
0
0
1
2
1
0
0
0
2
2
1
1
2
0
0
0
1
0
1
1
1
1
0
1
0
1
1
1
4
0
1
0
0
1
3
0
1
1
0
0
0
0
0
1
1
1
0
1
0
1
2
0
0
1
0
1
1
0
0
1
0
0
0
0
2
1
0
1
2
1
0
0
0
0
0
0
0
0
0
0
2
2
2
0
1
1
0
0
0
1
1
1
0
1
0
0
0
0
0
0
0
0
3
0
0
0
0
0
1
0
0
0
1
0
0
0
0
0
0
0
0
1
0
0
1
0
0
2
0
1
0
0
1
0
1
1
0
0
0
0
0
0
1
0
0
0
0
0
0
1
1
0
1
2
1
0
0
1
0
1
0
1
1
0
0
1
0
0
0
0
0
0
0
0
2
0
0
0
1
0
0
0
0
0
0
0
0
2
0
1
1
2
0
0
0
1
2
0
0
0
0
0
0
1
0
0
0
0
0
0
0
0
0
0
0
0
0
0
0
0
1
0
0
0
0
0
0
0
0
0
0
0
0
0
0
0
1
0
0
0
0
0
2
0
0
0
0
0
0
0
0
0
0
0
1
0
0
0
0
0
0
0
1
1
0
1
2
0
0
0
0
1
1
0
0
1
0
0
1
1
0
0
0
0
0
0
0
1
1
1
0
1
0
0
1
0
0
0
0
1
0
0
0
1
0
0
0
0
0
0
0
1
0
0
0
0
0
0
0
0
0
0
0
0
0
0
0
0
0
0
0
1
0
1
0
0
0
0
0
0
0
1
0
0
0
0
0
0
0
0
1
0
0
0
0
0
0
0
0
0
0
0
0
0
0
1
0
0
1
0
1
0
1
0
0
0
0
0
0
0
0
0
0
1
0
1
0
0
0
0
0
2
