0
0
0
0
0
0
0
0
0
0
0
0
0
0
0
0
0
0
0
0
0
0
0
0
0
0
0
0
0
0
0
0
0
0
0
0
0
0
0
0
0
0
0
0
0
0
0
0
0
0
0
0
0
0
0
0
0
0
0
0
0
0
0
1
1
1
2
2
1
1
1
3
3
2
1
1
1
1
4
3
6
4
15
48
121
363
914
2190
4797
9593
16856
27679
40480
54527
66602
73284
73053
67013
55137
41262
27839
17431
9816
5034
2337
1022
384
111
38
10
4
2
1
1
4
1
0
2
1
0
4
1
1
0
0
1
2
2
0
0
0
4
71
50
58
51
55
49
43
51
41
57
52
49
49
51
40
45
30
52
47
32
48
49
34
34
51
46
37
41
43
37
30
31
30
32
40
50
31
34
45
39
31
39
38
43
34
45
40
40
36
45
35
43
41
40
42
48
50
39
58
44
61
53
52
51
60
52
102
114
116
153
186
260
244
303
306
373
338
322
257
252
191
159
143
119
79
85
59
61
60
40
47
46
36
33
42
43
30
32
36
42
42
53
55
43
37
52
55
62
53
60
82
77
72
91
74
82
101
106
108
131
127
142
139
213
256
375
537
833
1473
2264
3552
5288
7664
10459
13214
16382
19000
20746
21527
21292
19916
17463
14747
11962
9268
6841
4956
3514
2501
1850
1435
1059
855
714
619
530
593
665
753
1011
1290
1594
1963
2150
2350
2425
2546
2320
2072
1870
1546
1166
929
703
532
389
279
245
190
180
162
138
112
96
72
58
44
45
25
19
11
18
12
4
9
11
7
7
10
13
11
10
12
4
6
8
10
14
9
7
11
6
5
8
8
10
11
3
7
11
7
9
8
10
17
17
15
22
31
23
28
23
33
32
27
37
22
26
22
21
19
20
27
10
23
17
23
16
25
23
10
24
24
16
22
19
17
21
23
27
20
14
16
20
17
21
17
14
10
13
9
5
2
7
4
6
6
8
8
10
4
13
14
9
10
7
3
3
10
6
5
11
4
6
12
6
8
2
10
7
9
7
4
5
7
9
14
9
10
14
9
10
16
12
10
12
8
6
6
8
10
8
12
7
7
14
7
11
8
13
11
17
10
11
9
14
11
9
11
9
13
12
15
9
9
7
9
7
4
6
10
6
2
10
12
6
13
7
7
7
11
9
8
9
6
2
9
5
5
7
7
4
2
9
11
6
7
5
3
10
7
2
3
5
6
8
6
5
6
12
3
6
6
9
4
11
7
8
5
4
5
10
11
7
7
6
5
4
5
5
7
6
2
5
10
12
6
3
8
4
9
7
9
11
4
8
10
7
11
6
7
9
7
3
5
6
14
6
7
9
9
9
11
7
5
7
5
9
7
10
6
15
7
10
9
9
11
9
7
10
5
4
15
6
8
13
6
6
10
8
11
12
8
12
9
14
6
7
9
10
11
13
10
7
7
5
12
9
13
13
13
9
6
12
16
8
11
14
10
9
6
11
14
15
13
8
19
9
20
20
13
16
18
28
15
21
17
17
26
27
23
24
36
36
32
35
29
32
32
34
39
44
37
36
37
44
47
38
32
40
44
43
31
36
46
41
49
38
36
43
30
34
38
39
40
45
29
37
27
29
27
21
23
29
23
25
26
22
22
25
29
21
20
28
21
23
21
19
29
18
21
17
22
19
29
19
19
20
16
18
28
26
25
20
17
32
17
15
28
16
30
26
28
20
26
26
27
22
26
18
33
32
25
24
25
30
32
26
23
31
28
33
32
19
27
26
41
34
26
22
25
27
22
36
36
27
32
40
32
30
42
29
34
34
41
35
35
41
38
34
32
38
38
42
38
36
39
39
38
49
38
31
51
33
46
45
41
49
58
46
46
35
53
52
53
47
55
44
50
52
54
52
57
57
46
71
63
44
78
63
54
56
74
76
64
56
69
72
74
52
64
73
87
75
96
90
83
96
91
99
109
117
95
95
82
94
101
87
107
112
79
98
93
81
75
104
86
92
83
89
89
88
65
104
72
68
78
77
92
66
105
88
82
88
76
91
84
84
80
82
93
76
71
69
76
81
85
85
81
95
77
87
110
78
78
76
78
81
52
85
67
68
75
92
85
80
92
86
66
84
82
78
71
76
79
88
85
77
85
74
88
73
77
90
81
91
72
91
73
67
82
79
89
73
83
86
79
78
85
81
85
69
88
81
83
84
73
82
82
94
96
76
71
86
79
70
90
63
72
89
84
77
90
73
68
86
91
83
71
81
86
90
88
85
90
86
89
84
107
100
93
95
107
100
101
97
79
110
105
99
120
124
114
133
154
145
167
178
187
279
322
432
553
656
929
1114
1389
1726
2047
2517
2845
3333
3819
4293
4553
5053
5239
5418
5411
5503
5337
5142
4911
4567
4083
3731
3254
2761
2339
1931
1712
1273
995
793
589
509
416
300
230
218
167
146
141
135
129
113
108
129
100
132
103
104
102
104
112
123
91
108
95
106
120
120
108
120
105
110
120
112
106
115
127
119
103
104
110
108
114
94
122
117
89
111
119
121
125
120
118
135
96
121
135
144
127
128
126
136
116
121
132
158
174
164
167
186
209
229
274
251
300
356
407
474
492
583
611
662
697
790
788
837
801
874
773
839
793
700
675
616
544
477
445
391
340
347
288
259
216
225
159
174
139
147
165
155
148
147
126
141
132
157
155
141
136
134
131
179
142
129
146
124
149
138
135
161
139
160
150
140
168
155
166
166
156
171
162
162
155
152
168
164
165
167
200
163
186
178
191
176
182
199
192
193
189
196
197
194
179
203
198
219
216
205
233
239
239
225
249
257
246
242
239
245
265
233
266
276
276
295
289
310
294
307
295
300
319
319
300
344
354
356
295
309
352
399
375
377
388
379
380
349
401
346
383
352
355
355
396
386
383
369
378
361
379
373
396
366
327
343
347
347
378
370
347
309
349
322
326
297
320
322
320
328
318
290
335
305
272
299
272
239
278
273
251
272
224
253
243
237
218
198
213
241
232
217
209
231
224
215
197
235
193
181
204
207
191
182
186
179
187
186
175
167
164
156
188
171
166
192
176
173
155
162
167
162
166
165
171
205
159
186
165
166
180
165
159
167
150
164
153
179
159
169
153
149
157
157
207
185
163
172
186
171
205
172
177
166
199
178
182
196
172
213
198
204
175
201
202
206
224
209
231
226
202
218
225
229
218
213
205
216
214
209
230
229
222
219
191
228
216
197
217
239
218
205
210
210
203
221
211
216
203
183
181
178
186
191
185
206
193
191
205
180
222
176
182
178
182
173
174
189
173
185
188
187
182
184
169
203
189
160
180
187
191
184
182
182
174
200
157
211
174
170
182
193
162
167
186
181
201
185
204
175
186
186
187
175
178
175
177
183
193
189
192
189
171
185
158
180
200
198
185
189
178
215
211
175
168
169
206
194
145
198
196
198
194
208
207
164
210
164
176
218
192
176
192
192
192
190
209
223
200
189
221
204
205
200
190
190
193
201
205
181
202
205
209
191
201
180
199
174
208
190
208
207
183
201
219
203
194
188
182
195
188
195
214
191
221
210
201
203
211
205
190
198
206
234
223
226
224
218
216
195
196
234
195
205
206
240
238
211
201
234
193
208
232
221
231
220
235
226
241
221
218
230
212
221
235
213
248
244
210
245
224
239
244
218
227
275
215
223
250
225
233
261
255
248
213
255
245
261
253
224
244
244
259
269
238
274
256
232
255
255
227
236
237
239
247
238
211
263
229
237
232
241
232
230
217
208
228
203
221
231
246
219
214
223
209
259
226
217
225
185
233
228
212
203
213
222
234
215
207
212
214
220
203
213
213
223
222
206
195
190
196
211
176
185
212
205
218
206
210
207
211
206
184
195
216
213
204
185
203
207
196
199
189
204
195
200
217
178
188
217
210
200
214
187
202
184
209
206
209
173
200
174
189
230
181
192
197
191
202
206
180
202
208
207
212
185
223
177
213
203
201
202
184
215
183
191
214
216
202
191
214
217
222
222
200
196
213
222
200
212
201
196
195
207
199
192
207
187
223
195
214
205
203
208
195
215
195
195
206
218
208
210
206
188
202
229
188
221
184
201
203
179
197
221
206
203
207
181
205
197
221
219
157
208
216
182
201
190
176
212
169
213
186
206
185
206
189
196
182
210
210
201
190
190
189
221
212
197
192
197
206
181
210
216
203
223
224
183
206
188
203
203
209
194
205
210
203
190
204
233
160
213
227
214
203
201
205
207
194
182
201
201
215
212
206
190
240
210
207
203
239
191
212
210
224
208
183
239
202
236
194
235
225
221
214
197
203
247
240
217
225
244
242
201
215
233
228
257
230
235
278
242
253
242
244
259
253
259
241
240
246
286
243
282
286
279
233
287
282
278
301
269
286
270
286
309
311
309
304
291
331
294
317
297
308
322
306
340
345
351
343
342
318
357
364
381
349
365
369
392
380
398
386
399
426
420
427
432
474
468
497
525
522
546
528
549
571
583
621
606
701
656
676
727
760
779
738
786
825
878
860
894
892
983
997
1024
1002
1033
1031
1119
1040
1074
1134
1095
1157
1153
1109
1151
1181
1194
1146
1191
1215
1197
1157
1231
1204
1142
1174
1114
1190
1109
1116
1149
1079
1161
1086
1033
997
960
925
942
934
906
851
849
812
838
767
713
738
676
615
644
699
598
634
575
531
530
525
485
444
439
463
428
436
419
380
383
358
353
352
357
325
378
333
326
309
319
302
287
289
272
269
280
278
271
260
249
245
253
226
254
245
239
230
224
224
227
213
246
204
229
215
202
218
235
180
208
162
194
184
191
191
180
191
179
211
206
187
178
193
198
203
205
218
237
258
252
240
272
276
270
319
292
318
328
324
309
376
339
359
399
386
384
341
370
419
412
387
403
395
366
369
382
346
354
331
353
286
285
263
277
261
226
213
236
187
201
178
180
150
159
135
150
136
142
132
159
143
113
133
131
131
121
130
124
130
118
130
133
144
148
124
129
135
149
131
137
146
145
137
137
165
145
151
165
177
158
168
158
194
171
193
168
164
171
162
179
164
166
169
185
192
198
200
209
192
186
197
207
192
187
203
239
219
255
230
221
202
231
202
228
198
237
222
234
206
213
232
227
216
186
224
194
191
205
211
203
199
193
191
183
185
172
188
178
198
179
174
146
161
172
188
140
129
139
156
146
156
151
133
112
134
139
135
123
121
120
108
121
103
126
111
114
117
104
107
87
111
105
93
85
83
100
96
91
78
86
81
74
95
88
61
84
93
76
71
77
76
77
87
69
75
65
70
59
81
76
73
63
58
69
71
52
75
52
66
47
54
61
52
64
48
72
58
58
51
63
47
54
55
51
57
55
36
56
66
50
41
51
53
30
51
55
49
50
49
46
49
50
47
54
51
53
45
42
48
48
41
51
58
54
50
47
51
54
48
52
55
44
64
61
67
67
73
76
71
82
74
69
70
71
91
70
66
63
78
54
66
58
59
70
58
59
44
44
39
42
35
53
43
49
38
37
38
47
40
47
42
38
30
39
53
35
48
29
33
34
30
37
48
33
36
37
30
31
31
47
35
28
35
36
34
45
47
40
36
40
34
33
26
31
37
28
32
38
38
31
34
40
35
28
34
48
31
26
37
31
39
30
29
31
34
30
28
32
32
24
30
30
35
22
34
27
24
34
26
31
22
35
30
32
27
32
32
24
27
29
28
25
37
22
36
29
29
31
24
17
30
31
16
27
34
26
39
24
27
27
33
27
30
18
27
21
31
22
18
23
27
28
24
19
32
31
26
19
27
27
30
27
25
27
19
33
26
19
21
21
27
31
25
27
21
28
22
28
20
23
31
24
24
28
25
19
24
25
29
14
25
28
30
22
26
26
26
24
16
17
30
25
21
27
24
14
22
24
19
22
24
23
30
21
25
28
23
16
19
23
19
33
17
15
22
21
29
25
24
23
23
26
22
18
23
22
16
25
25
23
20
18
21
16
26
17
29
17
18
16
28
18
15
20
24
15
16
28
25
15
33
18
18
19
18
13
24
19
12
23
14
23
20
27
20
19
13
21
8
25
20
10
24
14
12
14
21
20
19
18
17
15
17
14
18
20
16
17
20
14
20
21
16
15
20
14
16
14
20
19
16
18
20
17
12
19
13
18
17
9
16
15
13
25
16
15
20
12
9
14
16
16
14
14
24
10
16
17
13
19
13
10
15
20
18
18
8
24
21
11
14
18
15
19
14
11
18
16
15
14
12
12
15
8
15
14
17
16
17
13
12
19
13
13
18
10
21
18
16
16
14
7
9
12
14
9
13
15
13
12
13
10
10
11
11
18
20
14
11
12
8
13
11
17
9
11
14
17
16
6
14
11
10
15
11
12
28
12
18
6
10
16
18
11
15
11
13
13
13
15
14
7
12
11
18
11
12
13
8
19
10
14
16
11
11
12
7
8
12
16
13
10
7
7
12
14
10
7
9
10
8
17
11
7
8
8
10
8
22
15
13
14
9
6
11
11
10
10
11
10
6
14
10
14
12
8
13
10
13
5
12
9
12
8
8
15
4
10
11
7
9
18
9
6
10
4
9
7
5
11
13
12
11
7
9
8
8
11
8
13
10
8
11
9
15
7
10
14
7
7
5
12
5
10
14
6
6
8
8
13
13
10
14
5
10
5
10
12
13
12
10
11
13
9
6
6
12
10
9
8
4
7
8
8
12
11
7
9
7
11
10
11
9
6
11
5
4
7
5
11
8
9
4
4
7
4
12
10
6
8
6
8
3
10
9
7
6
3
7
9
7
4
8
11
8
11
4
3
14
5
11
6
6
11
8
7
6
6
7
10
6
11
6
6
6
5
7
6
10
6
7
7
4
4
6
8
7
6
7
5
11
4
4
9
7
3
9
4
2
6
3
8
3
4
4
3
7
4
4
5
5
8
6
6
6
5
4
6
5
13
7
5
7
3
5
5
8
8
8
7
8
8
7
4
6
3
3
4
11
7
5
6
2
6
7
4
6
5
5
4
9
6
8
6
4
10
5
3
8
9
4
4
3
7
3
8
2
6
6
3
4
7
5
4
3
11
4
3
7
4
3
7
7
4
10
5
7
4
7
5
8
5
6
7
6
6
4
2
4
3
3
7
5
4
4
7
5
4
3
8
6
8
5
6
3
6
3
4
1
2
7
3
5
3
8
6
5
6
6
2
5
1
4
4
6
1
8
4
5
4
4
4
2
3
8
7
5
3
4
5
4
3
3
1
4
3
7
2
4
2
1
8
5
4
2
1
1
2
2
6
3
5
4
3
6
2
4
2
0
7
2
1
4
4
6
3
5
1
3
4
2
4
2
5
2
6
5
4
8
0
3
1
2
3
2
9
6
1
4
2
3
3
6
7
4
1
2
2
7
6
1
4
3
4
1
3
7
6
4
3
2
3
7
1
1
1
2
1
4
2
7
3
4
1
3
3
5
2
1
2
2
1
3
1
3
5
2
6
1
3
5
1
2
3
2
3
1
4
2
3
2
2
1
3
4
1
3
3
3
2
2
2
3
5
5
5
2
3
3
1
2
2
2
3
2
1
5
5
3
4
2
2
3
2
5
2
1
2
1
0
3
4
3
1
2
2
4
1
3
3
0
3
3
2
0
0
0
5
2
1
3
2
3
4
3
2
3
2
3
4
3
3
1
2
1
2
4
2
2
0
1
5
0
3
0
3
5
2
5
1
4
3
4
1
3
0
2
3
3
1
3
6
0
1
3
3
2
0
2
5
2
0
3
3
2
3
1
2
1
3
2
1
2
1
1
1
0
2
0
3
2
5
2
1
0
1
1
2
3
1
3
1
0
4
0
1
2
2
2
3
2
0
0
1
1
2
3
1
2
0
2
2
2
1
0
1
0
1
0
1
2
2
0
2
1
1
1
0
1
1
3
2
1
1
2
1
0
2
0
0
2
1
0
1
1
4
1
2
1
3
1
1
3
2
4
0
1
3
3
1
1
2
2
1
2
0
2
1
2
2
0
1
1
1
3
0
1
1
1
1
0
0
1
1
1
2
0
1
0
3
0
1
0
2
1
2
1
0
0
2
0
1
0
1
1
2
1
0
0
1
1
1
0
0
0
1
2
1
2
1
2
2
2
2
0
0
3
3
2
2
1
0
0
1
1
2
2
1
0
1
1
0
0
2
0
0
2
4
0
0
1
1
3
1
3
1
1
0
3
0
3
0
0
1
0
0
2
1
0
2
2
0
1
1
0
1
1
1
1
1
1
0
3
0
0
0
0
1
0
2
1
2
0
0
2
2
2
3
1
0
1
0
0
0
2
1
2
0
0
1
2
0
0
1
2
0
2
1
0
0
3
1
1
2
0
0
1
2
0
2
0
2
0
1
1
1
0
0
1
0
0
1
1
1
1
2
1
0
0
0
0
0
3
0
1
1
0
1
1
0
0
0
0
0
0
0
1
1
1
0
1
0
0
1
1
0
0
1
1
0
0
1
2
1
0
1
0
0
1
0
0
0
0
4
1
1
0
0
0
0
1
1
0
1
0
0
0
0
0
0
0
1
0
0
1
0
0
0
0
0
0
0
0
1
0
0
0
0
0
0
3
0
1
0
1
1
1
0
1
2
1
0
0
1
0
0
0
0
4
0
2
0
0
2
2
1
0
0
0
0
0
2
0
0
2
0
0
2
0
1
0
0
0
2
0
0
0
1
0
1
0
0
0
0
0
0
0
0
0
0
0
1
0
0
0
0
1
0
0
1
0
1
1
0
0
0
0
0
0
1
3
1
1
0
0
0
0
1
0
0
0
0
0
0
0
0
0
2
0
1
1
0
1
1
1
1
0
1
1
0
0
0
0
0
1
1
0
0
0
1
1
0
0
0
1
0
0
0
0
1
1
0
0
0
0
0
0
0
0
1
3
0
1
0
2
0
1
0
0
2
1
0
0
0
0
0
0
0
0
1
0
0
0
0
1
0
0
0
0
0
0
0
1
0
0
0
0
0
0
0
1
0
1
0
1
0
0
1
2
0
0
0
1
0
0
0
0
0
0
0
0
1
0
0
0
0
0
0
0
0
0
0
1
0
0
0
0
0
0
0
0
0
2
0
1
1
0
0
0
0
1
0
1
0
1
0
0
0
0
0
0
0
0
0
0
0
1
0
0
0
0
0
0
0
0
0
0
0
0
0
1
0
0
0
1
0
1
0
0
0
0
0
0
0
1
0
0
0
0
0
0
0
0
0
0
0
1
0
0
0
0
0
0
0
0
0
0
0
0
0
1
0
1
0
0
0
0
0
0
0
0
0
0
0
1
2
2
0
0
0
0
0
0
0
0
0
0
0
1
0
0
0
0
0
0
0
0
0
0
0
0
0
