0
0
0
0
0
0
0
0
0
0
0
0
0
0
0
0
0
0
0
0
0
0
0
0
0
0
0
0
0
0
0
0
0
0
0
0
0
0
0
0
0
0
0
0
0
0
0
0
0
0
0
0
0
0
0
0
0
0
0
0
0
0
0
0
0
0
2
0
0
1
1
1
2
2
5
3
1
4
5
1
5
3
15
39
124
363
935
2287
4897
9483
16974
27789
40897
54773
65759
72928
73366
66718
54759
41083
28170
17432
9852
4921
2384
999
364
156
32
16
10
1
4
0
1
0
2
1
0
2
1
1
0
0
0
0
1
0
0
0
0
7
68
51
55
52
62
31
43
65
49
56
54
50
59
51
39
39
46
45
51
37
34
34
44
56
36
38
33
46
39
35
39
35
32
32
29
46
44
35
34
35
35
31
24
33
44
33
34
26
35
29
37
30
37
49
37
38
44
44
52
59
58
55
56
60
44
59
72
108
112
140
191
229
282
271
394
369
307
328
299
241
194
186
145
121
86
66
72
56
47
35
44
49
51
47
37
39
35
43
44
36
33
41
41
43
57
39
41
59
60
59
54
56
61
72
62
84
92
86
82
116
101
130
132
142
179
295
457
726
1282
2160
3371
5053
7164
10020
12852
15362
18151
19809
20544
20647
18961
16898
14191
11369
8842
6573
4721
3404
2402
1761
1287
946
735
559
453
406
449
500
667
856
1244
1542
1842
2146
2337
2483
2468
2382
2173
1828
1615
1163
923
733
542
387
313
263
193
174
144
162
123
105
71
48
40
39
27
20
13
9
8
8
16
8
9
5
8
9
11
10
6
11
10
4
13
6
11
7
11
12
11
8
5
9
9
11
11
9
9
10
9
13
15
9
16
12
25
17
21
22
25
34
27
26
32
28
18
30
20
15
22
12
19
16
24
22
27
24
19
24
25
20
19
15
20
18
20
21
18
16
19
12
18
16
10
7
4
10
9
8
7
10
9
5
6
14
5
10
9
11
4
5
4
8
3
8
11
8
9
2
4
5
6
5
7
7
8
6
5
8
8
6
11
11
13
14
9
13
16
16
12
14
16
12
10
8
9
11
8
10
10
7
8
7
5
8
5
10
9
8
10
12
12
22
17
16
6
8
10
9
9
6
8
8
7
5
6
6
7
9
5
7
6
7
7
6
5
9
6
6
3
10
2
12
9
6
4
6
7
8
7
6
3
8
2
4
2
7
7
3
5
6
5
9
8
6
9
4
1
10
6
4
4
5
5
4
6
4
5
8
5
8
7
8
5
5
6
4
6
4
8
7
7
2
5
9
7
7
11
8
9
8
3
7
7
8
4
7
5
7
3
5
11
6
11
10
4
10
9
7
8
10
7
10
10
4
10
11
8
3
7
7
11
12
12
9
9
9
9
6
6
6
10
4
7
9
8
14
7
8
7
8
17
8
3
4
7
12
7
9
10
10
15
6
10
12
10
14
11
8
5
9
9
4
11
11
6
6
11
14
8
20
8
17
13
11
18
16
10
12
12
9
18
17
13
21
13
16
12
19
15
10
25
16
22
24
23
12
18
19
16
15
21
18
20
18
18
9
24
23
15
19
18
13
24
26
20
18
14
19
23
20
20
19
18
17
25
20
30
22
16
15
17
24
11
21
16
24
16
15
15
16
28
25
23
19
22
26
18
11
21
25
16
16
17
18
15
21
21
16
26
24
25
24
19
22
31
23
26
19
24
33
21
29
22
25
28
25
20
34
27
22
25
18
39
28
27
21
31
25
33
25
34
29
28
25
30
46
29
32
31
25
31
36
39
47
26
48
41
44
42
33
39
27
29
33
40
39
32
50
36
41
40
43
40
41
38
48
40
39
42
55
45
49
52
47
45
53
47
52
65
63
47
54
60
56
47
60
48
48
63
66
51
50
68
68
64
75
59
60
75
71
74
74
68
56
70
67
78
75
65
71
79
76
103
84
98
88
83
98
95
113
88
99
91
89
111
91
94
91
98
75
86
64
104
94
65
70
65
79
85
74
69
69
78
70
86
69
79
86
66
76
93
77
71
78
79
63
67
96
72
74
61
68
82
72
78
61
72
69
89
71
68
73
69
75
93
75
64
64
71
76
91
62
78
69
64
57
68
71
61
80
89
78
66
58
75
78
67
74
73
69
71
70
66
73
60
58
78
76
53
69
71
66
74
80
68
61
77
82
75
88
63
76
75
71
72
65
87
87
72
59
83
75
73
78
71
63
81
77
72
75
79
74
77
74
73
74
88
79
66
88
71
80
74
66
89
89
92
97
100
87
82
69
72
103
84
97
100
97
107
112
146
149
148
196
226
274
333
486
528
750
926
1146
1399
1784
2060
2504
2908
3314
3658
4268
4528
4957
5044
5180
5328
5316
5147
4933
4630
4344
3921
3467
3078
2658
2226
1803
1449
1183
937
799
629
483
362
307
224
202
157
137
109
118
130
120
101
108
100
110
102
98
88
109
104
91
110
103
95
99
103
110
110
126
104
109
109
100
121
108
105
94
106
123
105
89
101
94
111
99
127
104
106
119
124
126
113
98
129
107
123
118
123
95
136
115
123
118
137
137
157
138
153
200
189
217
247
292
307
341
391
509
475
553
593
658
711
756
792
758
792
767
776
799
693
709
598
615
541
478
442
376
324
314
244
247
219
172
202
177
170
156
150
162
149
143
159
146
143
155
158
127
147
138
147
135
122
137
130
156
154
166
166
148
156
169
150
139
154
168
178
159
165
166
163
184
175
178
162
171
182
186
169
190
174
179
177
195
179
222
181
175
186
183
189
176
185
173
189
150
189
190
227
191
214
214
203
227
240
222
212
232
220
231
237
231
194
237
228
200
229
256
208
229
228
211
223
189
233
223
200
205
215
209
237
203
212
206
192
176
193
234
194
180
197
191
193
195
226
193
199
197
186
181
162
163
179
153
171
199
170
167
187
175
190
196
173
135
167
172
154
183
154
156
158
145
161
132
122
179
162
147
149
136
178
157
145
163
141
155
167
169
164
158
162
141
172
165
143
153
139
131
179
159
140
160
153
143
162
132
137
154
126
156
177
139
156
161
138
146
156
147
151
161
153
131
132
144
162
160
143
158
157
167
139
136
140
145
150
155
143
144
166
140
151
136
153
140
135
134
149
152
131
142
143
152
147
153
166
153
152
154
145
137
146
145
160
141
174
149
179
156
143
171
157
155
175
157
169
172
165
177
152
152
154
154
164
141
166
157
150
168
166
173
156
178
151
167
172
172
157
162
156
158
177
177
136
166
164
147
196
158
154
178
174
179
165
149
166
170
161
175
157
209
169
164
175
154
167
170
166
174
151
199
170
167
168
174
164
164
174
179
186
191
173
162
171
178
168
168
206
155
184
172
183
145
159
173
186
211
143
175
190
187
178
154
162
184
179
177
168
177
195
192
133
185
166
176
191
191
170
203
189
198
203
203
169
188
181
176
144
170
191
192
191
202
184
210
211
179
189
188
190
223
208
195
206
197
200
204
203
195
203
190
185
181
221
182
240
199
214
209
193
215
206
211
220
208
178
222
214
221
221
209
226
216
207
235
204
246
245
200
239
240
218
249
258
243
244
228
242
252
242
239
255
227
225
220
227
228
227
221
258
247
248
246
241
251
261
255
244
225
259
236
240
252
211
260
277
259
238
223
267
223
256
229
252
240
248
224
203
244
224
239
244
255
257
216
239
229
241
234
224
221
215
222
243
231
213
222
210
203
215
205
206
210
206
213
239
194
199
220
206
223
204
221
209
219
216
183
221
241
210
205
195
199
223
218
187
198
194
210
225
196
220
233
202
221
190
180
179
224
174
193
198
203
204
188
178
192
180
192
183
200
161
180
173
186
191
204
174
178
191
202
210
193
214
190
198
206
187
185
170
182
207
204
192
193
211
192
177
188
185
205
207
179
178
175
174
212
169
154
187
164
195
188
218
200
170
182
187
192
173
211
182
178
194
223
173
194
203
196
194
176
187
211
183
185
212
199
170
215
185
187
191
193
209
197
181
197
212
191
208
191
202
197
202
194
197
202
208
166
192
201
200
197
194
215
183
192
182
197
191
177
194
204
185
196
193
188
207
203
199
216
187
202
200
192
174
208
204
222
177
182
187
190
218
210
169
180
208
194
198
202
202
210
198
188
195
206
194
204
222
200
225
215
190
213
199
205
212
226
192
220
195
227
200
219
199
197
192
184
190
188
189
183
183
220
192
191
202
181
202
205
193
201
177
187
213
180
185
197
198
201
219
241
184
193
205
180
211
211
199
232
195
179
217
205
217
203
219
232
202
239
233
209
206
210
231
236
232
257
242
232
229
231
239
258
236
244
257
224
237
271
250
270
249
254
256
265
259
291
268
253
257
268
264
256
275
259
299
279
256
292
282
305
333
258
307
277
273
306
270
315
339
310
319
363
299
296
322
310
367
330
357
346
358
372
321
373
361
387
399
391
420
402
452
447
443
441
465
503
518
518
529
527
519
586
572
572
611
646
648
669
708
744
745
802
777
826
785
812
867
927
931
955
992
977
1012
1063
1025
1051
1080
1108
1121
1066
1122
1174
1094
1230
1204
1157
1199
1156
1217
1203
1265
1214
1194
1091
1169
1138
1169
1175
1108
1124
1110
1044
1099
995
959
1007
996
950
922
884
870
788
838
805
744
766
683
740
663
667
611
587
573
589
534
525
489
497
519
475
439
418
451
399
439
402
365
369
324
344
336
309
338
309
308
318
301
251
304
292
265
272
259
271
293
238
251
285
237
253
244
237
241
207
236
240
234
235
202
190
239
200
222
185
178
200
188
194
183
180
194
198
185
218
192
193
179
228
207
240
220
219
248
245
229
245
260
262
274
248
276
298
288
295
273
313
313
331
337
395
340
384
402
377
416
385
367
369
385
368
398
350
348
332
316
326
297
271
274
239
217
249
218
202
163
190
169
171
161
162
166
140
158
137
142
122
133
148
133
140
140
132
146
125
112
138
152
122
139
125
161
136
125
109
135
145
154
157
147
164
136
154
143
152
148
179
164
178
184
177
170
187
153
149
179
186
198
209
194
172
172
212
191
197
176
217
187
198
206
198
231
191
210
226
199
231
218
204
206
214
198
236
236
214
217
224
217
211
223
203
229
190
204
209
192
212
186
204
201
205
188
165
186
175
189
169
160
150
176
148
163
165
192
143
142
157
147
134
152
124
140
140
136
116
120
101
124
121
105
113
96
110
112
110
106
86
102
101
100
100
92
97
103
88
92
90
74
86
94
81
81
78
69
83
73
69
75
75
76
81
67
68
87
69
69
73
63
69
62
67
54
53
62
65
63
63
67
51
72
59
58
56
58
55
62
55
62
61
65
48
69
64
43
67
53
53
58
54
58
57
41
49
55
51
46
36
40
55
65
58
54
49
48
67
51
45
60
44
46
49
53
41
70
61
43
59
46
56
58
74
59
53
72
81
60
61
81
74
57
52
78
65
69
61
81
64
54
45
65
58
46
59
62
53
49
44
41
44
48
46
54
40
35
31
43
35
47
35
38
32
32
41
26
42
40
41
43
36
43
45
45
39
30
33
32
31
44
45
41
29
36
36
27
40
31
35
34
37
28
25
43
45
33
36
31
35
36
36
31
30
29
25
33
29
33
29
33
40
33
36
31
24
37
27
22
23
32
25
34
27
32
33
28
32
43
28
32
24
24
33
31
32
26
26
40
27
31
33
23
31
24
22
32
31
31
23
27
33
28
22
32
27
32
24
33
31
27
34
32
26
26
28
21
27
20
30
26
23
38
29
33
24
23
27
29
22
22
27
33
22
24
23
16
27
30
24
21
23
23
26
23
20
30
31
23
30
28
27
22
20
25
23
24
32
26
24
32
23
21
25
27
18
25
32
21
22
27
22
17
20
25
17
22
26
20
22
17
24
26
27
21
17
27
15
24
33
19
22
24
14
19
30
19
27
24
24
13
21
17
22
23
16
18
17
32
20
19
26
21
15
16
19
22
22
22
15
17
20
21
24
21
23
11
27
16
27
20
18
21
26
16
21
23
24
25
22
15
21
15
14
18
22
20
23
18
21
18
20
21
15
20
15
20
19
17
17
15
19
18
18
16
21
22
14
14
10
24
17
21
14
20
26
18
19
12
19
15
18
13
16
9
20
15
12
20
19
17
18
13
14
14
20
22
17
19
18
17
17
14
24
15
19
19
16
17
16
13
12
22
15
14
20
10
20
12
24
10
28
18
13
14
17
19
9
17
16
10
12
7
8
11
16
19
23
7
15
11
18
15
11
25
14
17
19
11
14
12
10
16
7
14
17
16
13
16
12
17
13
16
18
15
16
23
14
6
11
16
10
13
9
13
19
21
13
11
8
18
14
10
11
12
23
15
14
20
10
12
15
13
11
12
16
11
10
7
8
9
18
11
10
13
13
18
14
17
11
16
12
13
11
12
8
13
9
14
9
13
7
10
14
9
15
12
13
11
20
8
12
10
9
12
10
17
10
9
13
13
9
7
12
8
15
17
15
15
13
14
16
8
8
15
12
7
17
17
9
10
10
10
7
9
8
2
5
14
11
9
14
8
8
12
10
8
11
6
9
11
7
8
12
8
6
13
9
9
7
14
10
12
14
18
14
10
13
5
11
10
9
15
10
10
9
13
9
9
3
9
10
11
6
9
13
12
8
9
10
9
8
16
8
7
6
7
7
11
5
8
8
11
11
6
7
8
12
5
9
6
10
8
7
12
7
9
10
11
12
6
9
6
9
7
5
12
10
5
10
6
9
4
5
7
5
6
7
6
11
9
9
0
7
11
11
9
3
11
6
7
10
7
9
5
5
7
5
10
8
6
3
6
5
4
7
11
7
6
6
9
8
7
6
12
9
7
7
10
9
4
3
5
10
10
4
11
7
3
16
1
6
8
8
5
5
5
9
10
9
7
6
2
6
8
3
7
2
4
8
7
8
11
9
12
2
5
4
3
4
5
6
5
8
7
3
4
6
6
8
2
4
6
3
9
3
8
6
10
5
7
4
6
4
6
12
3
4
6
4
5
7
7
8
0
7
5
8
2
3
5
5
2
9
5
2
11
6
4
5
4
7
8
8
6
3
9
7
7
4
6
1
6
3
3
5
3
3
3
3
3
7
5
5
5
5
8
8
6
7
7
5
3
11
4
4
6
2
6
3
4
5
4
4
2
2
4
2
3
2
7
4
4
4
2
3
4
3
3
4
8
5
4
5
4
1
5
3
4
5
4
4
5
5
3
1
8
5
4
5
4
2
10
3
7
1
3
3
6
1
8
2
4
4
3
5
3
3
3
6
3
4
5
6
1
3
6
3
2
2
2
2
4
1
6
6
0
3
4
2
0
6
5
8
2
4
1
2
4
4
4
6
3
3
4
4
3
1
4
4
4
6
3
3
1
2
2
3
2
2
2
4
0
3
6
5
3
0
1
5
3
3
3
6
3
1
3
3
1
2
5
2
3
3
2
4
3
2
1
2
4
2
2
2
3
2
4
0
4
6
1
5
1
3
2
4
2
1
4
2
1
0
2
1
3
3
3
3
3
2
3
2
3
5
4
2
3
3
2
1
2
3
2
4
1
4
2
4
2
2
3
5
3
0
4
6
3
1
3
4
3
3
1
7
3
1
2
4
5
3
1
1
3
1
3
2
3
3
0
1
2
3
3
1
2
5
2
2
5
3
4
3
1
4
3
2
1
4
1
0
4
3
0
2
1
0
3
1
2
0
4
1
0
3
3
1
2
0
2
1
1
0
4
2
2
1
3
4
2
3
3
1
2
2
1
3
2
1
1
1
2
3
4
2
1
1
2
2
1
1
2
0
1
2
0
0
0
3
0
1
1
1
0
0
0
1
2
1
1
2
3
0
1
1
0
1
4
1
2
3
1
1
2
0
0
2
2
3
2
2
0
1
0
2
0
3
2
1
0
2
1
1
0
1
3
2
0
4
0
3
4
2
1
1
0
3
2
1
0
3
0
3
2
2
0
1
3
1
2
1
4
0
0
2
1
3
2
3
2
1
1
3
2
0
2
2
3
0
0
1
2
0
1
2
1
2
1
1
0
2
1
0
2
2
0
0
0
1
1
2
3
1
2
0
0
1
0
0
0
2
1
1
1
1
0
1
0
2
0
1
0
1
1
3
0
1
4
2
1
0
2
0
2
2
1
3
2
0
2
1
1
2
1
0
1
3
1
2
1
0
0
2
2
0
0
0
1
0
1
1
1
0
0
2
2
0
1
0
0
0
0
2
1
0
0
2
0
0
0
3
4
0
0
2
1
1
1
1
1
1
1
2
1
0
1
1
2
0
1
0
1
0
0
1
1
0
1
0
2
1
1
0
0
3
2
1
0
0
1
1
0
0
0
0
2
1
1
0
2
1
0
0
0
1
2
0
1
0
1
1
1
0
1
1
1
0
0
0
1
2
0
2
0
0
0
2
0
0
1
0
0
1
0
1
1
0
2
1
0
2
1
2
2
1
2
1
0
1
1
1
0
0
1
0
0
0
0
0
0
4
0
1
3
1
1
2
2
1
0
0
1
0
1
0
0
0
1
0
0
0
0
1
3
2
1
1
0
1
0
0
0
1
1
1
0
0
1
0
1
1
0
1
0
0
0
1
0
1
1
1
0
1
0
0
1
0
1
1
1
1
0
0
1
1
0
0
0
1
0
0
0
1
0
0
0
1
0
0
0
0
0
0
2
0
1
0
0
0
1
0
1
0
0
1
1
1
0
0
1
0
1
0
0
1
0
0
2
0
0
0
0
2
1
0
0
1
0
0
0
1
1
0
0
1
0
0
0
0
1
0
0
0
0
0
0
0
0
0
0
1
2
0
0
0
0
0
0
0
0
0
0
2
1
2
0
0
0
1
0
0
1
0
1
0
0
1
0
0
0
0
0
0
1
1
0
2
0
0
1
0
0
2
0
0
0
2
0
1
1
0
1
0
1
0
0
0
0
0
0
0
0
1
0
0
0
0
0
0
0
0
0
0
1
0
0
1
1
1
0
1
2
2
1
0
0
1
0
0
1
1
0
0
0
0
1
0
0
0
0
0
0
0
0
1
0
0
0
0
0
0
0
0
0
0
0
1
0
0
0
0
0
0
1
0
0
0
0
1
0
0
0
0
2
0
0
0
1
1
2
0
0
0
0
1
0
1
0
1
0
1
0
1
0
0
0
0
0
0
2
0
0
0
0
0
0
0
0
0
0
0
2
0
1
1
0
0
0
0
0
0
0
0
0
1
0
0
3
0
0
0
0
0
0
0
0
0
0
0
0
0
2
0
0
1
1
0
1
0
0
0
0
0
1
0
0
0
1
0
1
0
1
1
0
0
0
0
0
1
0
1
1
1
