0
0
0
0
0
0
0
0
0
0
0
0
0
0
0
0
0
0
0
0
0
0
0
0
0
0
0
0
0
0
0
0
0
0
0
0
0
0
0
0
0
0
0
0
0
0
0
0
0
0
0
0
0
0
0
0
0
0
0
0
0
0
0
0
0
0
0
0
0
0
3
0
0
1
3
5
1
0
3
1
5
5
13
36
112
365
925
2206
5033
9624
17271
27890
40703
54980
65808
73060
72804
66079
55006
41107
28123
17663
9833
5041
2314
1003
364
131
50
12
2
4
2
2
2
2
1
0
1
1
2
1
0
0
0
0
0
0
0
0
0
9
45
55
52
50
56
51
52
52
49
42
47
40
40
47
56
42
52
34
40
36
39
59
46
25
40
41
37
44
35
38
36
30
37
40
31
43
29
38
45
47
44
39
39
33
34
44
30
29
36
39
39
42
28
38
41
44
45
40
38
56
53
55
48
52
59
55
74
96
112
143
182
212
269
277
327
355
329
308
287
226
195
166
138
97
87
74
57
60
39
55
36
51
49
47
44
31
38
43
34
46
40
44
41
45
53
51
43
49
49
57
60
69
69
84
91
63
80
106
114
111
101
101
133
135
188
291
475
727
1316
2090
3247
5020
7271
9839
12711
15692
17978
19842
20581
20389
18984
16792
14096
11435
8760
6651
4663
3318
2373
1860
1317
965
713
551
397
401
425
501
671
917
1158
1530
1738
2114
2357
2475
2413
2431
2131
1847
1453
1202
891
672
514
378
296
251
194
166
142
165
128
99
69
47
38
33
28
22
9
7
10
9
16
8
10
6
14
13
6
5
12
7
7
16
5
14
8
4
8
8
8
7
12
8
13
11
7
7
13
9
12
6
16
7
18
15
30
18
16
26
20
23
29
26
26
16
20
15
18
18
23
25
21
18
15
26
17
25
21
15
16
20
13
18
22
29
24
19
24
15
20
15
15
9
16
17
6
9
6
9
8
12
10
7
4
10
9
9
6
4
6
9
6
7
5
4
8
5
7
15
2
10
4
8
7
4
3
6
4
9
5
7
9
8
10
4
7
10
8
14
13
15
17
21
11
10
11
16
10
9
8
9
10
6
7
13
11
18
7
6
11
13
8
15
15
4
12
11
9
7
6
8
8
2
8
9
11
8
0
4
5
11
5
6
7
4
7
5
7
6
7
4
4
17
9
10
4
5
6
7
6
6
6
10
4
4
5
7
3
6
6
4
9
3
8
3
7
5
12
4
4
8
6
7
2
11
9
10
7
7
7
7
6
6
5
13
3
5
6
5
6
9
7
7
7
6
6
8
7
5
6
11
10
5
11
8
9
3
8
11
3
10
5
10
11
7
8
9
7
12
9
10
6
7
4
14
11
3
8
8
10
11
5
6
6
10
5
9
9
6
7
10
7
9
3
12
6
8
7
6
8
8
13
8
9
8
8
6
6
13
5
12
11
7
6
9
15
8
10
5
10
6
14
21
8
10
11
11
9
6
13
11
9
12
11
12
16
9
8
12
9
8
8
16
17
19
20
9
21
15
16
19
20
16
25
19
14
14
15
21
22
18
17
19
28
19
23
15
19
22
13
14
22
15
17
18
21
27
20
15
18
18
13
21
20
21
18
16
22
22
11
17
10
23
14
19
19
20
14
17
18
18
15
22
26
21
20
20
21
16
20
18
17
23
25
22
20
34
21
20
29
20
10
28
32
9
30
13
31
23
26
22
21
22
22
30
18
32
23
27
22
25
30
32
28
23
31
22
27
37
30
29
36
26
31
25
34
29
33
40
29
32
22
45
29
27
35
33
25
34
31
39
37
34
48
39
36
28
44
50
27
47
45
36
37
57
39
39
42
33
50
41
51
36
43
61
49
61
55
49
50
38
61
55
53
69
46
52
53
62
53
51
68
57
65
62
62
78
72
68
64
71
57
61
64
77
73
68
67
84
84
80
71
90
111
105
97
99
117
108
112
92
118
92
80
111
82
83
85
76
83
101
93
76
72
79
66
79
82
69
85
73
64
64
72
68
70
72
74
66
77
66
64
83
73
75
74
76
66
78
58
75
76
71
81
72
74
78
61
72
59
71
71
61
59
67
67
51
76
78
69
73
60
67
70
64
55
78
67
58
66
48
60
70
68
62
82
60
68
52
88
72
80
67
76
72
52
85
72
68
77
70
72
74
68
75
70
82
77
74
73
76
79
68
63
74
78
70
81
63
66
81
60
75
71
86
78
77
90
59
62
73
79
79
80
82
81
74
80
82
75
72
85
86
87
77
92
86
80
88
91
78
87
78
85
86
98
99
95
100
88
119
116
137
171
200
224
269
335
440
585
727
884
1129
1343
1748
2100
2476
2878
3345
3812
4168
4557
4821
5187
5242
5344
5208
5081
5009
4526
4262
4033
3451
2937
2603
2185
1864
1532
1202
940
755
571
424
348
327
230
207
200
150
123
108
124
120
107
117
91
97
103
117
97
100
100
106
104
110
103
107
104
102
83
87
103
90
109
106
101
103
102
99
123
102
119
104
100
82
103
116
133
111
122
118
91
111
117
96
111
103
132
120
115
133
141
113
125
140
132
144
141
153
152
188
206
205
240
297
315
369
372
441
527
546
611
614
686
776
768
806
808
758
819
732
694
735
618
610
506
483
422
370
335
290
281
229
216
186
150
167
181
152
162
135
113
166
157
138
140
141
149
141
146
143
142
138
133
149
135
133
148
134
160
154
170
186
139
140
181
169
176
166
168
163
162
159
154
141
169
173
179
172
160
162
210
177
183
178
183
176
172
207
201
209
179
165
204
192
201
202
183
190
214
196
214
176
215
221
195
211
238
208
230
225
207
207
241
224
227
199
187
240
264
211
226
221
239
211
221
223
202
209
216
200
202
201
187
186
196
211
193
197
213
182
188
179
207
203
196
190
171
189
186
181
186
193
191
173
159
157
164
176
175
189
173
157
176
155
174
187
159
144
156
161
163
160
175
175
159
150
138
154
172
160
166
148
161
150
147
166
170
171
170
173
143
159
151
118
155
150
158
156
141
161
150
136
155
143
173
141
171
151
151
145
136
128
158
164
144
165
147
145
143
156
138
151
154
138
128
146
143
147
147
146
149
163
156
144
150
174
144
152
144
141
151
166
141
156
158
148
167
174
136
149
156
147
173
189
129
177
135
185
141
161
150
152
160
198
147
170
157
147
149
155
154
146
148
163
152
156
157
162
134
142
164
152
171
163
171
174
164
177
155
161
153
147
182
154
169
149
152
151
148
147
180
175
150
162
169
177
173
172
179
163
170
136
183
180
171
170
156
189
152
159
180
162
153
181
176
181
202
182
164
166
169
169
175
147
198
189
186
164
200
163
190
161
156
185
174
166
177
185
159
181
172
172
174
170
184
166
183
189
173
193
160
203
191
174
171
159
196
179
192
177
191
166
193
174
193
201
209
184
197
173
216
197
194
210
203
203
189
198
182
202
184
193
173
189
198
178
201
223
197
215
190
198
185
181
209
196
189
245
192
203
199
228
208
223
240
226
207
198
212
226
207
205
227
235
216
206
218
239
202
226
229
224
222
245
224
218
225
244
211
246
223
259
241
233
265
268
235
264
239
250
233
257
250
209
241
239
231
265
277
228
244
247
220
248
293
277
253
239
241
241
253
249
240
250
275
251
264
260
270
270
244
237
250
232
233
265
251
252
250
262
274
266
254
239
215
263
233
259
246
216
223
207
219
230
239
229
234
206
240
242
221
210
207
213
227
187
225
204
188
229
211
216
220
209
187
190
186
204
233
218
200
192
201
214
228
204
212
205
193
205
202
215
192
196
217
211
173
175
194
207
236
205
196
188
224
169
209
207
211
204
201
183
189
187
214
211
203
205
197
174
202
183
196
193
213
181
201
189
214
193
190
202
187
203
207
208
214
194
207
183
186
166
213
197
174
195
200
176
169
184
216
193
227
193
190
200
196
191
209
188
199
245
215
206
178
200
219
204
208
179
193
200
207
203
197
196
197
199
213
198
198
216
206
212
224
201
213
176
188
215
192
195
178
200
217
177
205
180
214
199
215
215
218
197
200
206
164
189
193
195
210
196
200
187
187
216
205
213
178
192
202
218
208
203
189
191
215
176
176
212
188
192
180
217
195
203
212
198
207
193
217
203
208
204
217
211
180
222
195
204
211
196
213
203
204
186
202
190
228
213
198
203
205
227
204
200
199
218
218
191
218
181
190
207
218
217
210
234
220
219
189
214
202
205
195
233
227
215
193
190
188
199
212
196
244
205
212
211
213
234
228
216
248
231
210
233
233
236
211
221
237
236
229
224
228
240
237
237
230
266
242
269
260
234
252
226
239
258
280
253
251
256
251
254
280
276
246
239
253
230
254
269
291
280
278
292
270
261
304
258
276
282
291
315
281
310
328
324
312
309
324
309
298
319
329
349
341
342
382
359
351
366
375
363
337
358
371
372
400
410
434
435
472
459
434
494
516
498
500
497
553
576
566
544
625
581
607
662
642
650
768
733
741
800
780
841
850
835
878
911
932
981
973
995
1045
1052
1052
1053
1039
1158
1114
1113
1157
1151
1278
1176
1190
1202
1230
1200
1241
1209
1242
1240
1212
1222
1181
1168
1121
1137
1110
1118
1113
1085
1023
1030
1028
1003
980
976
915
852
903
864
830
803
801
754
784
750
658
650
628
621
599
572
588
554
506
480
488
476
480
429
455
391
379
401
368
370
372
357
315
332
315
315
319
305
303
280
294
282
285
286
281
296
272
231
240
264
257
253
229
267
251
244
236
225
248
239
221
202
172
209
192
199
218
205
196
191
186
195
197
201
190
155
197
222
194
199
205
191
231
242
206
246
230
246
235
255
280
290
282
325
299
316
301
322
348
338
370
375
380
366
401
386
370
404
390
388
386
376
381
386
347
320
334
306
307
315
275
256
249
244
212
185
198
188
164
160
172
158
166
139
151
140
129
145
146
130
136
151
126
133
135
144
119
147
131
157
127
114
144
136
142
123
142
144
142
162
155
153
135
146
159
164
185
176
177
157
172
170
168
195
187
178
184
188
180
188
183
189
179
210
216
222
202
190
222
215
212
214
225
222
244
222
219
228
221
230
218
211
220
213
234
237
205
226
220
248
238
234
206
229
217
224
215
216
200
203
212
194
196
197
194
183
201
176
164
163
169
158
202
167
163
163
146
170
154
134
139
139
132
148
120
116
106
124
126
131
121
109
119
113
107
102
84
102
96
115
109
105
101
106
82
102
96
70
96
92
90
92
79
90
74
105
84
70
80
61
77
64
74
71
91
57
68
66
56
69
68
64
70
76
58
75
63
63
58
56
53
54
75
50
66
49
68
47
58
57
60
46
61
53
51
47
48
64
55
53
58
50
58
37
45
54
52
34
55
49
49
48
45
56
51
46
52
43
44
56
52
46
47
53
52
56
54
58
71
60
73
62
65
58
60
74
74
52
59
56
71
82
74
74
65
64
64
70
60
60
62
50
59
64
51
51
48
42
38
52
40
51
38
63
41
51
33
44
50
36
40
42
43
42
41
27
41
39
34
40
29
40
50
41
41
49
45
39
36
41
35
42
37
36
35
31
35
27
30
31
29
36
32
28
37
34
26
34
32
39
39
29
29
27
35
32
29
31
28
25
31
24
35
30
26
18
39
37
30
36
32
26
33
31
25
39
30
25
31
33
28
29
22
25
37
32
27
27
35
29
36
24
30
26
36
23
31
26
24
29
26
18
30
22
30
29
29
37
39
28
22
29
28
26
25
26
27
19
28
31
28
29
33
20
29
31
32
23
18
23
27
23
26
28
27
18
36
23
21
20
20
24
27
12
21
21
23
25
18
21
24
22
20
30
28
28
17
31
25
27
26
26
23
32
25
30
22
25
20
22
31
30
28
34
24
23
25
25
25
18
12
15
23
18
28
18
25
20
24
33
21
18
17
14
24
28
14
23
21
22
23
27
21
14
16
13
25
19
21
16
19
18
15
29
14
27
25
19
25
22
24
15
28
27
15
19
18
24
22
20
18
27
27
22
22
16
22
31
13
21
21
16
27
20
16
14
18
11
20
23
17
18
16
24
30
24
18
18
10
28
13
24
21
16
20
21
22
16
23
20
14
11
16
23
20
9
16
22
14
20
16
15
21
13
17
15
14
13
16
19
11
15
26
14
13
20
20
17
12
14
14
16
16
11
18
16
10
14
9
18
15
19
6
15
16
14
17
17
14
19
19
24
9
15
9
14
8
13
11
15
13
14
12
19
13
18
9
19
10
13
15
23
15
16
10
19
14
12
12
11
16
8
14
11
18
12
12
22
15
18
16
14
13
10
16
16
14
17
12
12
14
14
22
12
17
18
14
10
19
13
20
22
14
12
19
14
18
16
11
18
10
12
12
15
14
16
11
10
9
10
11
12
18
6
16
17
8
9
13
9
13
9
10
13
13
17
13
10
13
7
11
5
11
8
17
12
11
11
7
15
10
6
10
8
13
16
16
14
10
11
13
10
5
6
12
11
12
11
13
10
9
5
17
10
10
12
10
14
5
12
9
13
8
15
13
12
10
16
8
15
7
8
9
6
8
11
12
8
11
17
10
9
12
8
8
7
7
10
11
8
7
9
11
7
9
7
10
9
13
11
10
9
11
10
9
11
10
7
11
9
7
5
7
10
6
4
7
10
8
8
9
6
3
7
9
8
9
11
9
15
3
7
11
9
10
8
5
14
15
5
12
9
4
4
12
4
7
7
8
9
8
8
6
4
7
7
4
12
5
6
8
7
10
10
6
10
10
9
12
5
3
3
8
6
5
8
4
9
8
8
8
4
1
12
12
8
9
10
2
8
7
7
5
13
8
9
6
7
6
7
5
10
5
4
7
6
11
7
6
4
9
6
4
8
8
7
2
6
6
9
7
7
3
4
5
7
5
4
5
6
6
5
6
6
10
6
8
6
1
4
9
2
6
9
4
7
10
11
5
4
6
7
6
7
3
6
2
4
5
6
7
10
5
5
4
4
8
7
5
10
6
5
5
7
7
2
10
3
8
6
7
4
6
11
1
4
6
4
7
4
3
4
10
1
3
2
6
9
4
3
5
3
7
3
2
4
8
3
7
4
4
9
6
5
5
5
1
6
5
9
6
3
2
6
2
5
7
3
5
4
1
1
5
2
3
4
6
1
5
4
7
4
5
0
8
8
4
5
2
4
5
6
2
8
5
9
8
6
6
3
4
7
6
8
4
3
6
9
6
8
3
4
5
6
6
2
6
4
2
3
10
4
3
0
7
8
3
3
5
4
5
0
0
4
6
8
6
4
3
3
6
2
7
1
6
2
3
1
4
7
8
4
3
3
0
1
3
2
3
5
5
2
3
1
3
3
3
4
3
4
3
2
1
4
1
6
6
7
3
9
2
3
3
6
3
2
2
3
6
3
8
3
2
1
7
5
6
3
2
2
1
5
2
0
1
3
2
3
0
5
0
3
2
3
1
3
1
2
1
1
4
4
0
2
3
2
1
3
4
5
2
1
5
1
4
1
3
4
5
4
5
2
4
0
2
3
5
2
2
3
1
4
5
1
2
1
5
0
2
1
2
3
0
1
4
0
0
3
2
2
0
1
4
1
3
1
0
0
2
5
2
2
4
0
3
4
4
5
5
4
2
3
1
1
2
5
4
2
1
4
3
1
2
6
1
1
3
5
2
6
0
4
2
2
2
2
2
2
1
2
1
2
5
2
2
4
2
1
2
2
2
3
1
2
1
0
2
3
0
3
4
2
1
0
1
3
0
2
1
1
1
0
2
4
4
2
4
3
0
6
3
3
1
2
0
1
1
2
5
2
4
3
3
1
0
0
4
2
0
4
4
2
1
4
6
1
4
0
1
0
1
2
0
1
2
4
3
3
3
2
2
1
1
2
2
0
0
2
1
3
3
2
1
1
1
3
3
2
0
1
1
0
0
1
1
0
0
2
0
1
0
3
2
0
0
1
4
1
1
2
2
2
2
1
0
5
2
1
3
1
0
0
1
0
1
0
2
2
0
0
1
1
4
0
2
1
1
3
1
3
1
1
2
1
1
1
1
2
1
0
1
1
1
1
0
0
1
1
2
1
0
0
1
0
1
0
0
0
2
0
2
2
1
2
1
0
1
2
1
1
0
0
0
1
2
1
1
1
1
2
2
0
2
1
0
0
2
1
1
2
0
0
1
2
3
0
1
0
3
2
0
2
1
0
1
1
0
0
1
0
7
1
2
2
1
0
0
0
1
1
0
0
0
3
1
1
0
1
0
1
2
1
0
2
1
1
0
0
1
1
2
2
0
4
1
1
0
1
0
2
0
2
0
2
0
1
0
0
3
2
0
0
0
0
1
2
0
0
1
2
2
0
1
3
1
0
0
0
0
0
0
1
4
0
1
1
1
0
2
0
2
1
0
0
0
1
0
0
1
0
1
0
2
0
2
1
0
0
1
1
1
0
0
1
0
0
0
1
0
1
1
2
1
1
1
1
1
1
0
0
1
1
0
1
0
1
0
0
0
2
1
1
1
1
0
0
0
1
1
2
1
1
0
2
1
0
1
0
1
0
2
1
0
0
0
0
2
0
0
0
1
0
0
1
0
0
2
1
0
0
0
0
0
0
2
0
1
0
0
0
0
0
0
0
0
0
1
0
0
1
0
0
1
3
0
0
0
0
0
0
1
0
0
0
2
0
0
1
2
0
0
1
1
1
0
0
1
0
0
1
0
1
0
0
1
1
0
0
0
1
1
0
1
1
1
0
0
0
0
0
0
2
1
0
0
0
2
0
0
0
0
0
0
0
0
0
1
1
1
2
1
0
0
0
0
1
1
0
1
0
1
0
0
1
0
0
1
1
0
0
1
2
1
1
1
0
0
0
0
0
0
0
0
1
0
0
1
0
0
1
0
0
1
1
0
0
0
0
0
1
1
0
0
1
0
0
0
0
1
0
0
1
0
0
1
0
0
0
0
0
0
1
0
0
1
0
0
1
0
0
0
1
0
0
1
1
3
1
0
0
0
1
1
0
0
0
0
0
0
1
1
0
0
0
0
0
0
0
0
0
1
0
0
1
1
0
0
0
0
0
0
0
0
1
0
2
0
0
1
0
0
0
0
0
0
0
0
0
0
0
0
0
0
0
0
0
0
1
0
0
1
0
1
0
0
0
0
0
0
0
2
0
0
0
2
0
0
0
0
1
0
0
0
0
0
0
0
0
1
0
1
0
0
0
0
0
0
0
0
1
0
1
0
0
0
1
1
0
0
0
1
0
0
0
0
0
0
0
0
0
0
0
0
1
0
0
0
0
0
0
0
0
0
0
0
0
1
0
1
0
0
0
0
0
0
0
0
0
0
1
