0
0
0
0
0
0
0
0
0
0
0
0
0
0
0
0
0
0
0
0
0
0
0
0
0
0
0
0
0
0
0
0
0
0
0
0
0
0
0
0
0
0
0
0
0
0
0
0
0
0
0
0
0
0
0
0
0
0
0
0
0
0
0
0
0
0
0
0
1
1
0
1
1
3
1
3
1
0
3
0
1
7
11
42
133
366
972
2294
4810
9627
17135
27845
40296
54394
66325
72931
73163
66427
55073
41239
28180
17443
9938
4998
2343
1024
374
143
57
20
5
3
5
1
1
0
1
1
0
0
4
0
2
1
0
0
0
0
1
0
0
6
55
62
50
50
36
47
51
48
43
45
48
52
48
39
43
47
36
45
53
38
34
39
37
41
41
32
42
38
50
42
33
24
45
36
18
39
50
28
32
30
39
33
45
30
34
38
32
38
37
35
35
33
34
48
36
33
39
40
54
48
47
41
49
52
58
55
68
86
109
153
186
222
260
303
320
353
324
354
244
241
205
169
140
101
97
87
70
60
52
40
34
34
33
45
31
35
49
31
51
49
43
38
45
41
45
36
51
60
55
53
74
69
86
67
70
81
88
82
102
99
104
137
131
139
213
276
449
766
1233
2103
3313
4967
7095
9926
12803
15583
17803
19707
20436
20065
18706
16805
14042
11316
8610
6584
4677
3341
2497
1745
1190
945
691
538
447
421
401
546
655
843
1153
1507
1770
2031
2435
2486
2516
2383
2086
1874
1555
1146
933
744
515
352
306
242
194
170
181
124
118
92
78
58
41
33
28
16
28
12
6
8
14
14
8
11
7
9
16
12
9
13
17
11
12
5
7
4
6
11
10
7
6
8
6
8
11
10
8
9
7
6
21
11
11
12
21
25
23
15
16
42
28
26
25
17
19
17
19
15
26
32
16
18
23
25
23
28
25
16
20
18
23
18
17
13
26
19
28
15
17
21
14
15
13
8
13
9
8
9
7
10
8
10
4
9
7
5
7
5
9
11
4
9
4
6
5
8
7
6
4
8
9
5
6
5
12
8
4
5
8
13
6
14
13
11
12
13
18
12
13
22
15
7
12
11
9
9
9
7
6
15
8
5
13
13
9
4
11
17
7
8
14
14
6
13
10
17
12
7
6
7
5
9
14
11
4
4
7
8
2
5
5
4
6
6
5
12
5
7
9
8
4
4
7
10
7
6
2
5
7
6
3
7
5
3
11
5
8
5
11
4
4
7
8
7
4
6
4
1
15
4
3
3
7
2
5
6
9
7
8
3
5
6
6
7
4
7
4
5
6
7
4
4
6
10
3
3
9
5
7
11
7
8
8
3
9
9
3
6
5
8
9
9
4
9
8
8
5
6
6
7
10
8
1
8
13
9
11
9
6
12
8
3
9
10
11
9
5
5
9
7
5
12
8
9
4
7
4
8
5
4
6
8
9
4
5
12
9
7
5
8
8
9
8
10
18
9
18
13
12
14
12
8
10
2
12
14
9
13
10
10
14
9
10
11
7
11
12
13
11
12
11
10
8
11
19
15
13
21
21
20
16
6
11
22
20
11
16
18
12
25
25
11
22
15
16
24
16
18
16
12
23
21
13
26
24
24
17
15
14
21
21
17
15
18
17
15
12
18
19
13
17
18
14
24
21
23
16
16
17
28
15
12
27
19
20
17
23
28
18
16
27
18
23
18
24
11
22
19
25
23
19
25
21
26
25
23
21
30
28
32
29
26
23
26
23
31
30
32
22
33
33
30
24
26
22
33
29
26
25
39
21
31
28
30
29
41
39
36
28
32
28
37
31
29
31
35
30
48
41
44
30
43
37
39
41
37
41
41
38
35
51
53
38
40
46
62
31
38
51
45
49
53
45
43
52
59
47
44
58
47
30
64
51
55
70
61
47
48
77
62
74
56
74
60
56
72
70
65
62
60
56
65
66
68
79
66
83
66
87
73
73
73
92
93
92
93
115
95
105
103
99
106
101
109
90
97
76
71
78
80
97
66
75
65
80
70
72
75
80
85
96
70
88
76
83
82
77
92
81
73
77
62
77
64
59
62
59
74
74
60
67
76
76
79
58
58
63
53
72
68
59
49
71
75
73
73
82
69
58
64
70
82
71
72
72
75
69
67
73
83
68
64
66
82
69
81
69
81
77
69
72
79
85
89
79
70
70
67
87
60
69
66
88
91
59
80
87
80
65
83
72
75
84
74
77
84
73
60
68
80
80
77
82
54
81
88
70
83
68
72
55
85
63
74
76
93
86
94
60
78
91
78
81
83
92
88
91
83
91
88
98
77
91
89
79
92
99
106
104
87
112
147
163
180
234
271
384
430
596
744
899
1104
1431
1689
2046
2431
2816
3351
3683
4189
4482
4776
4849
5301
5174
5224
5051
4942
4630
4183
3797
3507
2971
2518
2241
1852
1462
1187
952
825
609
452
370
309
222
204
152
131
124
130
111
99
96
117
95
92
108
86
99
83
111
101
116
98
102
89
103
102
92
94
125
77
97
122
101
103
97
98
91
118
99
106
113
102
84
105
114
93
119
116
98
122
106
116
110
84
120
85
100
119
104
106
120
129
141
111
160
139
185
156
195
217
256
313
276
353
410
421
527
558
646
664
658
797
783
765
786
767
785
724
698
664
616
555
509
478
411
364
314
275
273
246
198
186
166
166
178
153
146
131
149
138
157
146
155
131
158
128
142
157
164
118
159
154
154
166
147
126
128
159
114
128
144
140
145
146
156
176
163
150
171
186
152
149
160
175
166
160
169
189
186
166
169
184
201
177
189
229
187
188
164
165
181
196
184
208
206
211
188
208
193
177
215
201
201
218
214
207
221
202
210
216
199
197
217
210
238
209
233
234
208
225
218
223
210
227
201
221
200
193
209
199
208
198
179
229
212
190
213
220
184
156
216
188
175
204
164
208
184
183
198
199
187
143
162
185
159
153
158
167
159
166
194
175
168
160
166
161
171
168
157
159
167
152
169
134
153
139
170
168
161
168
168
134
157
139
148
160
146
154
136
153
144
137
148
139
160
156
163
131
127
161
168
155
149
145
162
142
153
135
149
123
161
178
146
152
147
133
173
166
163
145
141
143
159
151
141
155
169
144
158
157
162
149
148
149
156
153
161
124
158
157
122
162
149
147
136
140
137
161
157
176
151
153
156
157
150
174
160
128
152
156
154
156
136
145
143
144
146
183
152
133
151
147
169
158
139
189
152
143
163
139
157
162
152
177
161
161
178
140
161
166
184
159
145
174
136
162
148
173
153
160
175
166
196
154
161
156
174
144
191
173
151
158
167
168
165
138
166
174
160
160
169
164
170
160
144
171
149
173
184
173
164
169
167
182
175
169
196
189
166
145
191
181
172
171
194
170
179
158
170
176
166
189
174
165
174
188
159
185
195
184
189
182
172
170
153
188
177
203
174
157
191
177
185
212
190
177
198
195
189
171
184
185
197
188
167
203
198
176
166
162
171
194
176
215
178
221
196
181
193
190
187
208
190
182
203
191
194
196
204
210
217
201
201
238
206
209
210
223
241
210
200
201
216
199
220
223
245
203
210
237
242
221
204
204
243
221
226
220
249
241
216
235
218
247
268
215
233
231
251
222
210
210
241
232
259
236
251
228
236
244
256
222
240
210
249
213
223
209
233
247
262
230
265
252
242
252
260
234
238
252
219
241
208
215
247
239
237
244
234
239
237
229
216
216
231
214
228
236
250
222
202
217
210
208
251
223
237
236
229
204
208
209
209
239
190
213
222
201
202
220
229
212
212
190
206
200
217
199
197
189
193
221
206
193
214
209
182
187
205
184
194
182
201
197
198
186
182
192
202
200
172
218
199
175
202
188
221
190
185
192
168
197
195
221
190
188
177
187
194
205
175
200
196
186
191
200
178
193
183
180
176
151
207
189
184
192
165
218
162
194
192
199
197
197
197
183
190
213
193
171
225
200
198
205
182
193
178
189
167
187
185
180
222
187
188
187
186
211
203
190
180
209
212
214
197
191
186
204
212
193
190
175
193
207
225
205
212
179
215
194
200
198
168
200
168
189
197
175
208
180
224
181
199
182
167
188
185
191
188
195
181
174
187
186
191
195
207
196
179
203
191
179
199
193
187
176
199
221
196
181
202
191
162
224
184
192
204
214
198
180
168
192
198
219
194
210
204
187
231
197
213
163
188
202
186
173
176
194
187
234
197
197
206
176
206
176
200
201
202
212
195
213
206
210
225
214
200
185
215
187
214
225
205
196
194
186
207
212
196
197
232
200
223
232
216
202
190
214
213
210
203
231
191
260
194
222
213
228
229
210
239
193
234
226
190
207
229
229
236
193
225
237
222
244
245
217
258
241
242
254
253
230
251
276
221
254
281
258
267
274
257
243
275
273
287
297
259
272
301
274
280
261
291
300
293
296
306
312
288
288
299
291
295
321
323
334
318
314
367
369
336
378
368
332
385
374
383
418
427
398
442
410
440
438
426
489
488
448
510
555
562
532
585
634
587
668
663
622
709
721
734
792
755
773
829
850
849
888
928
943
963
998
980
987
1054
1065
1115
1069
1157
1127
1078
1167
1193
1180
1150
1213
1183
1184
1155
1244
1189
1215
1242
1149
1116
1161
1074
1164
1094
1068
1127
1057
1104
954
1062
1028
951
966
903
854
849
844
802
803
773
750
657
681
687
631
621
601
586
548
547
536
493
509
477
458
412
451
432
397
388
366
360
349
331
319
379
344
305
319
319
326
270
299
298
281
267
290
270
239
280
302
271
245
239
213
250
245
218
240
254
208
216
200
235
177
209
209
199
210
198
197
184
185
243
162
190
179
185
138
202
179
197
183
199
209
207
218
206
227
229
249
231
250
259
285
267
275
306
287
308
350
340
337
347
335
367
384
378
421
397
367
393
413
366
419
383
336
356
335
324
287
298
297
239
262
235
199
227
207
203
165
166
187
140
142
156
149
120
157
163
136
142
150
134
133
118
135
138
141
133
105
143
121
125
119
144
136
130
117
126
143
142
142
155
145
136
158
148
165
164
165
156
134
157
163
171
185
177
168
172
187
162
161
179
187
172
180
205
201
214
193
195
218
196
209
221
209
228
216
217
229
265
201
225
192
219
233
233
213
200
192
215
191
206
206
203
218
210
196
203
189
202
214
196
185
195
183
216
184
176
183
173
193
176
193
177
158
160
137
163
142
124
143
163
125
136
134
135
135
118
117
133
112
97
112
118
117
98
114
106
93
87
98
97
84
83
83
97
91
86
94
96
91
93
96
88
88
85
78
88
66
66
69
62
77
71
68
66
71
69
67
48
59
61
83
49
67
61
59
64
59
61
57
66
67
60
66
50
57
60
61
43
51
60
48
61
57
53
49
55
42
46
60
49
51
56
57
51
58
47
48
58
59
56
44
47
40
41
50
46
42
43
36
57
31
54
59
52
52
51
61
55
64
67
70
56
51
67
68
66
78
78
78
78
68
71
72
63
61
66
63
60
62
62
59
59
55
51
51
60
54
44
62
52
49
43
49
40
45
40
35
40
40
35
40
49
47
44
51
31
30
42
29
31
41
36
39
35
43
42
38
31
46
30
38
38
40
31
40
43
47
30
44
42
36
33
29
38
46
25
29
35
34
25
27
22
34
29
26
26
31
27
24
27
27
30
21
34
28
32
42
24
25
36
24
34
21
29
26
33
31
22
27
32
30
30
31
39
29
41
38
25
33
17
31
25
28
21
22
34
22
30
21
40
31
33
27
29
25
27
32
25
26
18
35
29
31
25
26
24
16
20
23
29
20
24
29
27
35
23
37
27
21
29
27
27
34
27
26
28
28
25
26
24
19
25
20
29
24
14
21
35
21
19
19
19
25
25
23
30
25
20
32
18
25
30
15
20
18
22
26
24
18
22
23
23
19
23
23
26
20
26
14
24
26
24
19
30
24
17
23
18
27
29
21
19
23
28
19
17
24
24
12
22
17
21
15
20
18
17
17
18
18
27
30
25
25
16
21
20
19
18
15
24
15
25
23
18
22
23
20
17
23
21
10
17
27
19
20
22
13
20
24
14
19
26
22
20
12
25
15
17
18
18
28
11
13
20
19
19
20
21
14
20
16
14
18
21
17
16
17
16
19
16
24
21
16
13
16
16
16
13
12
18
18
15
15
14
20
20
18
17
13
24
18
15
20
13
24
14
13
22
18
20
19
12
10
14
14
15
17
19
12
13
23
11
23
9
22
12
13
12
16
21
20
18
17
13
16
8
22
9
18
15
22
16
13
14
20
13
20
17
16
14
13
14
11
21
16
14
15
18
15
14
17
14
16
17
17
12
11
17
22
11
19
17
13
12
15
11
10
15
18
12
18
10
18
15
24
10
11
17
13
11
21
16
11
10
12
17
15
11
14
11
5
15
10
26
16
13
11
12
14
14
13
10
8
13
13
9
7
7
15
7
8
8
14
8
11
15
11
10
11
12
16
9
7
10
13
12
10
17
10
10
16
8
15
11
15
5
13
5
15
11
2
10
6
15
6
6
6
13
13
13
11
15
9
15
8
15
12
14
7
7
7
15
11
11
10
11
14
10
10
7
9
11
9
7
6
8
8
7
13
9
9
6
8
4
13
10
13
8
6
5
11
7
13
11
7
9
8
5
9
13
6
7
9
9
11
10
14
14
8
8
10
14
9
9
6
10
11
6
7
4
9
8
13
10
7
10
6
10
9
15
9
8
7
10
11
10
10
8
7
7
11
11
14
10
8
10
8
6
7
8
9
8
15
10
7
6
8
9
6
12
15
8
8
5
4
7
8
6
9
10
12
9
9
10
7
8
3
3
2
6
7
6
7
6
7
7
11
3
7
8
14
9
7
12
4
7
6
13
4
7
6
9
8
4
5
10
9
9
6
10
7
10
11
7
8
11
8
9
3
7
6
5
9
9
4
8
9
4
5
4
13
4
13
7
8
5
10
7
6
7
7
4
5
4
7
4
6
9
7
5
6
3
4
6
6
7
10
1
3
9
7
9
8
5
6
8
5
2
4
6
4
3
5
2
7
7
6
5
7
6
7
8
6
4
6
4
1
2
4
4
7
5
3
3
6
5
8
6
6
2
6
4
6
6
5
3
4
8
7
5
6
4
1
5
1
2
4
7
5
7
2
0
4
9
4
2
4
4
3
5
2
1
5
5
4
5
5
8
1
4
8
3
3
5
8
4
2
5
5
7
1
6
5
9
2
3
1
2
3
3
3
1
1
3
7
2
3
2
3
5
2
2
8
1
5
1
3
3
5
3
3
3
1
4
0
5
3
7
4
1
0
5
3
1
2
5
4
1
4
4
2
6
2
1
4
8
2
4
4
1
2
1
2
3
3
4
4
2
2
4
1
5
3
2
3
4
2
2
3
4
4
2
4
5
3
7
1
1
3
7
3
4
4
3
5
3
4
4
4
2
3
4
5
1
2
5
3
4
4
1
5
1
3
0
5
3
2
4
3
6
1
3
2
3
0
4
2
3
1
4
3
3
1
3
4
5
3
1
4
0
3
1
4
3
0
2
1
3
2
3
0
1
2
4
0
9
3
1
6
1
2
4
2
2
2
3
1
4
7
7
7
3
0
3
6
2
0
5
2
2
1
6
7
2
0
0
2
6
0
4
1
1
4
4
5
1
0
5
0
3
4
3
3
0
1
1
3
3
2
1
0
0
0
2
2
0
1
6
1
3
2
0
2
4
2
2
5
4
3
2
1
2
5
3
1
0
3
6
5
2
5
3
3
1
3
2
1
2
2
2
0
3
2
2
2
1
2
0
0
2
0
2
0
0
3
2
1
0
3
0
1
0
2
1
3
1
5
4
1
1
1
1
2
2
2
0
1
1
1
3
1
2
0
2
1
1
0
2
1
0
3
1
1
3
0
2
0
2
0
1
3
3
2
2
2
2
1
1
0
0
1
1
0
0
0
1
1
1
2
1
1
0
1
1
5
0
0
2
1
2
5
0
1
1
2
0
1
1
1
1
3
0
0
1
0
1
3
1
0
2
0
2
1
1
4
1
0
0
0
1
1
0
0
3
1
1
0
1
1
1
2
1
3
2
0
1
1
3
0
1
1
0
1
0
0
0
4
0
0
0
2
2
1
2
2
2
2
1
3
3
2
2
1
0
0
1
0
2
1
1
0
0
0
1
1
1
1
0
1
1
0
2
0
3
0
1
1
2
1
2
0
0
0
0
1
3
0
1
1
0
0
0
0
1
1
0
1
1
0
1
0
1
0
0
1
1
1
1
1
0
2
0
0
2
1
2
0
0
1
3
1
0
0
2
0
0
1
0
1
2
1
3
0
2
1
2
1
0
1
0
0
1
0
2
0
0
1
1
1
1
1
1
0
0
2
2
1
1
2
1
2
0
0
2
2
1
1
0
1
1
1
1
1
3
1
3
2
0
2
0
1
0
1
0
0
0
0
0
0
0
1
2
0
0
0
2
0
3
1
0
2
0
1
0
0
1
0
1
0
0
0
3
0
1
2
3
1
1
1
0
0
1
1
0
1
1
1
0
0
0
0
0
2
1
3
1
1
0
4
0
0
1
3
1
0
0
1
0
1
1
0
0
1
0
0
1
0
1
0
2
0
1
0
0
1
0
0
0
0
3
1
1
0
0
0
2
1
0
1
1
0
0
0
0
0
2
1
2
0
0
0
3
0
0
0
1
2
1
0
0
0
1
2
1
1
1
1
0
0
0
0
0
0
0
0
0
0
0
0
1
0
0
0
0
0
2
0
0
0
1
0
0
1
0
1
0
1
0
0
0
0
0
1
0
2
1
0
1
0
2
0
0
2
0
0
0
0
0
0
0
1
0
0
0
0
0
0
0
0
0
0
1
2
1
0
0
0
0
1
0
2
1
0
0
1
1
2
0
0
0
0
1
0
1
1
0
0
1
0
0
0
1
1
0
1
0
0
0
0
0
1
0
1
0
0
1
0
0
0
0
1
0
0
0
1
1
0
0
0
0
0
0
0
0
0
0
0
1
0
0
1
0
0
0
0
0
1
0
0
0
0
0
0
0
1
0
0
0
1
0
0
0
1
0
0
1
0
0
1
0
0
0
1
0
0
0
0
1
0
0
2
0
0
0
0
0
1
1
1
0
0
0
0
0
0
1
0
0
0
0
0
0
0
0
0
1
1
0
1
1
0
0
0
0
0
0
1
0
1
0
0
0
0
0
0
0
0
0
0
0
0
0
0
0
0
2
0
1
0
0
0
0
0
0
0
1
0
0
0
0
0
0
0
0
0
0
0
1
0
1
0
1
0
0
1
1
1
0
0
1
0
0
2
0
0
0
1
0
2
1
0
0
0
0
0
0
0
0
1
1
0
0
0
0
0
0
1
0
0
