0
0
0
0
0
0
0
0
0
0
0
0
0
0
0
0
0
0
0
0
0
0
0
0
0
0
0
0
0
0
0
0
0
0
0
0
0
0
0
0
0
0
0
0
0
0
0
0
0
0
0
0
0
0
0
0
0
0
0
0
0
0
0
0
0
0
0
0
0
0
0
1
1
1
2
0
3
0
2
1
3
2
12
40
123
356
995
2249
4769
9644
17103
27635
40633
54500
66465
72703
73289
66742
55001
40993
28155
17486
9753
4829
2273
950
393
107
45
16
7
0
2
2
0
2
2
1
1
1
2
0
0
0
0
0
0
0
0
0
1
7
63
54
66
49
52
54
33
43
43
47
53
46
50
34
52
35
40
47
40
50
43
46
43
33
37
36
44
39
42
32
39
29
37
44
44
36
36
38
31
39
30
44
32
30
40
38
34
41
38
32
44
27
20
47
37
30
36
36
62
59
54
40
57
52
48
57
65
95
101
119
182
235
279
303
326
313
311
330
288
234
197
171
105
97
75
80
66
50
52
46
54
46
31
40
36
28
52
31
36
34
51
31
49
39
52
54
46
40
59
59
63
64
57
70
62
81
83
89
101
104
100
108
114
162
187
279
417
727
1294
2139
3286
4975
7205
9639
12668
15464
17795
19585
20372
19935
18579
16698
13767
11166
8744
6383
4544
3302
2422
1787
1312
930
675
557
414
418
436
492
679
860
1094
1547
1766
2074
2361
2474
2492
2362
2062
1821
1555
1227
904
706
526
365
318
269
192
172
188
156
119
85
74
72
50
34
29
16
14
9
12
9
11
10
14
4
10
9
8
9
7
10
13
8
15
12
8
6
13
7
6
8
7
11
7
9
5
11
7
12
10
8
13
5
9
18
12
26
22
27
22
31
28
35
30
29
21
19
23
20
25
17
20
21
13
16
21
22
21
19
27
14
34
16
19
26
21
17
27
12
18
20
17
14
9
9
9
8
9
9
3
3
7
9
3
8
10
6
6
6
5
4
6
7
6
2
8
10
4
3
4
4
3
8
4
8
5
5
6
6
12
14
8
13
9
11
20
14
20
15
17
19
9
13
7
13
13
7
12
11
10
12
13
7
8
7
11
4
8
7
13
7
11
12
12
9
11
13
9
10
8
5
8
11
4
8
7
8
9
6
5
3
8
11
5
3
6
7
7
3
3
4
7
12
5
9
6
8
8
13
6
7
8
6
5
4
4
4
3
5
1
4
9
5
2
6
4
7
6
6
2
7
3
2
4
5
8
7
5
9
6
11
6
6
7
8
6
4
6
11
9
8
9
8
7
9
5
4
6
2
5
6
8
7
8
7
5
5
9
0
8
8
4
3
6
10
6
16
5
10
5
10
9
10
8
7
10
7
8
9
5
7
11
11
7
3
6
5
12
11
11
3
8
9
4
8
5
12
7
6
10
8
4
8
11
9
9
10
11
14
11
9
8
13
9
8
11
11
13
9
13
10
9
9
10
15
8
14
14
12
9
5
10
9
17
8
8
13
19
7
14
15
9
14
15
16
25
25
17
12
20
18
20
17
13
9
19
11
17
23
20
19
14
19
19
14
15
21
17
24
16
26
19
19
20
25
20
17
18
22
18
23
21
18
9
13
13
15
13
17
15
16
13
20
14
22
24
13
13
19
23
18
27
25
17
19
18
17
9
19
23
23
22
14
18
19
15
21
27
15
23
26
29
20
23
27
21
18
28
20
27
19
26
22
21
39
26
24
29
23
31
36
31
25
23
12
28
27
33
23
25
29
26
41
34
31
38
30
28
35
32
29
31
28
43
31
37
34
30
32
44
41
33
33
34
36
43
33
33
44
47
45
42
34
46
42
48
42
39
59
46
48
51
46
48
44
40
48
55
47
50
52
54
61
67
70
60
51
52
59
58
59
57
56
67
67
72
65
61
52
61
69
72
78
82
56
71
68
58
84
74
71
76
81
80
87
98
101
114
89
106
91
83
89
88
92
90
104
88
82
73
74
80
98
78
91
64
70
64
87
87
65
65
88
88
67
72
80
81
67
66
64
81
69
70
66
74
66
75
85
68
74
59
62
70
71
63
73
72
80
67
66
81
62
58
66
66
75
86
77
73
67
69
62
79
69
87
73
72
79
66
57
82
84
66
72
60
62
72
63
67
64
61
77
72
75
75
75
58
61
59
65
63
76
52
69
64
62
59
63
69
65
74
86
70
71
70
64
60
70
72
65
83
69
78
75
76
77
61
77
80
78
55
75
65
81
89
74
78
82
83
76
85
84
82
87
81
84
70
73
77
80
90
84
82
106
92
91
107
101
120
120
107
139
176
161
208
310
343
451
613
699
944
1183
1437
1733
2057
2567
2832
3365
3699
4210
4422
4804
5016
5223
5262
5147
4993
4885
4578
4108
3938
3566
3015
2576
2224
1799
1487
1223
965
773
542
464
382
287
224
199
186
131
121
109
115
102
108
110
104
91
98
104
73
103
107
112
96
100
85
103
123
104
99
92
96
70
103
96
102
103
112
110
107
104
95
115
105
115
112
116
99
96
110
132
91
113
141
125
110
119
137
118
116
118
120
135
118
136
141
120
149
133
177
180
229
205
257
273
318
356
413
486
483
514
627
674
701
749
792
755
830
818
762
752
681
673
642
590
513
479
425
369
328
310
269
217
207
179
186
157
157
131
117
131
134
116
144
148
143
135
142
138
145
161
149
152
147
158
128
160
159
155
131
154
154
149
160
150
136
138
162
171
151
173
151
170
162
163
174
165
158
153
207
166
177
185
189
184
187
189
182
186
186
178
167
196
215
178
193
226
185
231
192
210
222
217
211
211
202
203
226
217
227
195
213
212
227
235
212
257
194
231
225
187
188
200
179
205
241
224
204
212
219
216
193
195
203
201
194
200
206
187
207
187
206
204
178
181
203
185
213
177
179
174
180
166
167
155
183
158
205
157
173
145
184
186
187
141
172
182
160
149
165
169
166
149
152
160
144
148
141
154
152
150
150
152
153
144
149
162
163
163
149
144
136
129
165
153
146
149
140
136
146
145
142
157
136
157
160
171
150
153
163
134
150
170
141
148
142
158
168
155
161
153
145
159
146
141
149
128
162
136
164
145
134
148
134
170
157
161
130
167
144
156
160
170
163
153
146
147
169
164
160
175
139
140
141
148
154
163
154
156
149
157
146
153
136
141
175
132
170
139
175
155
151
160
153
147
152
164
172
153
154
156
172
172
160
167
152
167
158
167
170
140
155
174
154
173
159
206
135
168
168
144
180
172
155
153
154
158
162
145
177
161
149
151
162
178
143
140
163
167
177
173
194
168
163
163
168
167
179
183
185
172
181
165
158
174
163
166
182
167
167
199
177
195
168
167
166
178
194
169
191
160
186
192
186
193
204
195
192
172
183
192
188
185
176
183
164
174
185
176
167
174
168
181
185
192
169
163
197
181
172
166
169
180
166
217
193
169
174
184
194
177
183
204
184
185
186
189
177
168
181
181
183
206
183
202
188
206
186
201
196
210
195
197
209
230
227
210
191
225
222
218
208
199
186
204
201
239
228
235
234
221
232
217
223
223
245
207
238
255
220
227
257
221
240
214
221
222
250
216
219
248
249
219
229
238
238
238
249
246
206
218
258
243
252
228
266
237
243
229
246
255
268
258
250
218
258
265
226
256
269
251
249
234
205
249
238
209
260
263
237
245
234
231
213
240
250
217
229
231
232
228
227
235
204
191
222
246
207
212
226
225
231
213
211
224
208
198
211
225
209
217
228
209
204
208
197
247
202
184
230
208
191
199
185
181
183
188
190
200
166
174
192
215
212
184
215
200
223
180
180
195
199
174
200
205
192
208
188
186
181
201
184
207
192
187
189
184
201
202
200
178
214
189
204
173
182
198
212
188
169
214
167
202
193
189
197
172
194
183
214
189
188
184
197
184
186
204
181
171
178
195
197
188
196
199
192
218
188
202
218
185
193
212
174
189
169
194
182
195
217
194
204
178
188
184
223
191
190
144
201
199
195
188
194
196
210
202
188
185
194
200
198
211
211
202
197
182
165
196
204
177
203
193
186
200
203
184
172
201
192
182
184
188
207
188
207
171
195
198
182
192
194
192
174
197
187
195
170
210
174
197
198
210
187
205
218
210
216
214
210
201
194
194
183
225
211
164
192
208
188
197
180
207
200
190
183
203
193
188
184
185
179
193
206
196
211
209
188
209
226
222
208
187
199
194
225
190
177
193
199
205
192
213
207
201
179
200
195
205
206
199
218
211
188
217
225
223
213
215
219
233
221
202
226
210
207
222
215
208
227
241
216
210
224
226
229
213
196
212
226
227
192
215
247
252
253
260
215
249
256
248
262
239
246
288
272
240
305
233
281
283
260
245
280
255
260
271
260
278
260
261
254
313
275
275
245
262
278
292
316
325
291
318
337
300
313
319
325
324
323
319
383
347
365
385
339
403
392
362
362
415
396
433
424
414
421
462
475
458
491
532
543
522
536
580
543
640
675
677
700
701
642
685
720
739
803
887
763
808
820
874
997
949
960
956
1035
1046
1030
1079
1047
1064
1110
1086
1104
1151
1165
1158
1164
1200
1233
1169
1164
1141
1170
1163
1171
1127
1198
1165
1103
1126
1102
1138
1088
1069
999
1036
988
986
924
929
875
859
851
863
796
794
714
787
696
697
683
645
632
598
639
567
528
567
498
489
465
438
462
444
449
426
380
413
386
353
347
353
348
353
366
329
302
298
287
295
303
288
254
257
295
257
238
263
254
248
249
212
237
209
251
227
236
232
215
234
210
213
207
196
204
193
200
192
184
179
188
194
166
207
195
180
183
184
190
211
216
185
175
217
215
237
247
221
246
279
242
300
273
283
265
306
298
298
359
339
328
372
404
370
367
361
349
378
376
367
381
316
364
346
341
314
274
317
275
276
268
248
234
226
210
197
181
166
172
160
140
149
132
140
124
138
147
121
120
148
155
117
127
145
138
112
129
135
133
122
150
158
136
130
138
130
131
150
149
167
161
155
156
161
133
173
155
204
152
141
162
144
153
193
193
171
169
195
205
180
157
216
187
209
203
212
199
213
214
201
224
243
208
194
228
208
185
197
212
210
205
212
227
210
215
219
215
242
211
202
213
216
236
197
204
207
197
203
195
194
194
173
168
178
173
173
180
159
155
148
169
177
158
162
169
159
145
145
129
134
140
129
129
148
115
132
140
120
120
102
120
108
121
87
104
102
104
117
99
91
97
74
86
108
88
91
78
66
85
81
85
84
76
80
81
65
69
76
65
62
64
78
64
75
72
61
63
68
70
65
66
78
60
73
64
68
55
74
57
83
49
70
54
62
63
64
73
55
49
50
50
48
58
63
66
53
55
40
51
48
52
53
47
50
56
55
42
56
55
62
42
40
53
45
54
45
57
52
54
47
48
50
53
56
62
65
62
56
55
50
71
54
79
66
59
69
71
68
82
76
85
75
65
61
70
71
61
61
47
76
63
67
50
50
54
48
43
48
50
38
51
38
43
33
49
42
40
40
36
37
41
38
31
44
35
46
33
45
37
39
47
28
33
34
28
38
52
39
39
39
37
37
35
39
42
43
29
37
26
24
31
31
36
42
25
39
24
27
35
36
38
37
36
33
37
30
25
33
28
28
47
26
44
37
35
24
32
29
35
31
42
29
24
33
24
33
30
33
37
32
19
24
25
33
38
30
27
26
26
25
25
34
27
20
38
21
19
36
22
32
22
29
26
30
30
22
26
29
21
27
29
16
26
20
23
24
27
27
28
36
24
27
30
27
27
27
26
29
17
21
28
22
18
18
23
26
17
36
22
25
27
28
21
34
26
19
25
31
21
32
27
21
18
25
16
20
19
23
35
24
23
29
17
32
21
27
26
28
25
22
31
31
27
23
30
23
25
25
19
21
19
28
22
21
24
19
26
34
30
26
22
16
19
14
19
28
17
10
21
27
22
22
14
22
22
19
25
19
21
20
23
21
25
25
23
24
15
21
15
23
18
31
10
14
24
18
16
24
24
33
24
17
16
23
21
19
18
18
24
19
22
20
15
12
20
16
16
25
17
15
25
17
21
15
17
11
21
18
34
24
20
28
19
18
16
17
24
21
30
17
16
21
20
17
20
18
16
13
16
29
23
16
11
16
12
25
14
18
21
15
20
15
11
22
19
19
21
22
15
21
13
18
19
16
17
10
18
13
18
11
28
14
25
10
16
16
19
21
12
15
11
16
13
16
12
14
10
9
12
26
23
18
16
12
13
18
11
17
12
16
18
15
7
8
17
17
11
19
14
26
9
15
13
8
17
6
18
13
12
14
10
16
9
11
7
17
8
16
15
11
12
12
17
7
12
15
19
9
18
10
5
10
15
10
10
9
17
19
13
11
15
12
20
11
13
9
12
13
7
15
12
14
7
8
14
15
6
12
13
25
16
9
7
8
17
8
11
14
4
16
9
18
20
13
8
17
16
8
14
6
12
9
9
10
14
15
11
15
10
13
10
11
7
3
14
10
10
7
20
11
9
13
9
9
9
11
6
14
10
14
15
8
7
5
5
11
3
17
8
7
16
7
16
10
11
12
8
12
14
8
12
10
13
16
7
9
6
15
11
5
7
11
7
4
11
18
12
3
13
10
4
11
3
11
16
14
11
4
10
10
7
9
5
8
10
5
12
15
6
8
7
9
10
7
13
9
9
6
5
10
12
5
8
6
9
11
9
9
10
14
11
7
6
7
6
8
7
8
11
10
12
6
11
3
7
5
12
6
6
7
10
6
13
5
10
10
8
6
6
15
7
6
4
6
7
9
5
8
7
5
4
10
3
7
6
10
9
9
0
6
12
7
6
5
6
7
10
6
7
10
6
9
8
7
3
4
4
7
10
5
8
7
6
3
9
9
5
7
9
4
5
4
8
9
5
4
4
6
4
5
7
4
7
9
5
10
3
5
6
10
4
7
8
9
5
2
3
3
5
11
8
8
9
2
3
4
7
2
3
4
6
9
6
8
2
1
10
3
3
6
5
8
3
9
4
6
3
3
3
4
6
10
4
7
7
4
8
2
4
6
4
9
4
9
3
6
7
3
3
9
10
5
6
5
4
6
4
4
4
6
2
2
4
7
6
2
6
7
2
4
2
6
4
3
5
2
2
7
6
4
3
3
6
6
8
6
8
6
6
6
2
6
3
7
5
7
2
4
4
8
4
5
5
4
5
4
5
4
3
4
3
6
1
2
6
5
7
4
3
6
5
4
2
5
2
2
4
4
1
4
3
6
6
9
4
2
5
0
2
5
5
4
1
5
3
3
4
3
7
4
5
5
4
5
1
8
0
6
7
6
3
3
4
4
5
7
2
4
3
4
0
2
0
4
4
2
4
2
7
2
5
7
0
6
5
3
3
5
1
4
2
3
5
4
7
6
1
4
6
2
1
2
3
4
2
2
4
3
6
3
4
2
3
4
5
4
8
3
2
3
3
4
2
2
1
1
3
3
0
2
7
1
3
4
2
4
6
1
2
3
2
2
3
3
7
5
6
1
2
1
5
3
4
2
4
4
5
3
2
3
2
2
5
2
5
3
6
2
2
4
1
1
2
2
3
1
3
1
2
2
1
1
5
1
2
0
0
4
0
2
3
1
3
2
5
4
2
5
2
1
3
1
5
5
2
1
2
1
3
1
8
1
4
1
3
3
1
1
0
2
1
0
1
2
2
2
1
3
2
0
2
1
2
1
1
3
0
2
2
2
2
1
1
3
0
2
2
2
1
2
3
2
1
2
0
1
2
0
1
2
1
0
3
0
1
1
4
1
1
3
5
3
1
3
1
2
2
0
1
4
1
4
2
1
1
1
2
1
2
1
0
2
3
3
1
1
2
1
3
4
2
0
1
1
1
1
3
3
2
1
1
1
1
1
1
2
0
0
2
2
2
0
2
4
1
2
2
0
1
1
3
3
1
4
1
2
2
2
2
0
1
1
2
2
1
0
2
0
1
2
1
2
0
3
2
4
1
0
3
3
2
4
3
1
0
0
2
5
2
0
1
2
2
0
1
0
1
1
0
1
0
3
0
0
0
1
0
0
0
1
1
3
2
1
2
0
2
0
0
1
1
1
1
0
1
1
1
0
1
0
0
0
0
0
1
0
1
0
0
1
0
3
1
0
0
1
2
1
2
3
1
0
2
0
1
1
1
0
0
2
1
0
0
0
3
0
0
0
2
1
2
2
0
0
0
3
0
0
1
2
0
2
0
0
1
1
1
0
0
0
3
0
0
5
2
0
0
1
0
1
1
0
1
1
1
2
1
0
0
1
1
2
1
0
0
1
2
1
1
0
0
3
2
0
2
0
0
2
0
0
0
3
1
1
0
3
0
1
1
1
1
0
0
0
1
1
0
1
1
0
0
0
2
0
0
2
0
0
1
0
2
0
0
1
0
0
0
2
0
0
0
0
0
1
1
2
0
1
0
0
1
0
1
1
1
1
1
1
0
1
0
1
1
0
0
2
0
0
2
1
1
2
0
3
0
1
1
1
0
0
0
1
0
1
1
2
0
1
0
2
2
1
2
1
0
0
1
2
0
0
0
1
0
1
2
1
2
0
1
0
0
0
0
1
1
0
0
0
2
1
0
2
1
1
0
0
2
2
0
1
0
0
1
0
0
0
0
0
0
0
0
0
0
1
2
0
0
0
0
2
0
0
0
1
0
1
0
0
0
0
0
0
0
0
0
0
1
1
1
0
0
0
0
0
1
1
0
0
1
0
1
1
1
0
0
3
0
1
0
0
0
0
1
0
0
0
1
1
0
0
0
0
1
0
1
1
1
0
0
0
2
0
0
0
1
0
0
1
0
0
0
0
0
2
0
3
0
1
0
1
0
1
0
3
0
0
0
2
2
1
1
1
1
0
0
0
1
1
0
0
0
0
0
1
0
3
0
0
1
2
0
0
0
0
0
0
0
0
1
0
0
0
1
0
2
0
0
0
0
0
1
0
0
0
0
1
0
0
0
0
1
0
1
0
0
0
0
0
0
1
0
0
1
0
1
1
0
1
0
0
0
0
0
1
0
0
0
0
0
0
0
0
0
1
0
1
0
0
0
0
0
0
0
0
0
0
0
0
0
0
0
0
0
0
0
0
2
0
1
1
2
0
0
1
0
0
0
0
0
1
0
0
1
0
0
1
0
0
1
0
0
0
0
0
0
0
1
0
0
1
0
1
0
0
0
0
1
1
0
0
0
0
0
0
0
0
1
0
1
0
0
0
0
1
1
0
0
0
1
0
0
0
1
0
0
0
0
0
1
0
1
0
0
0
0
0
1
0
1
0
1
0
0
0
0
0
0
0
1
0
1
0
0
0
0
1
0
1
0
0
