0
0
0
0
0
0
0
0
0
0
0
0
0
0
0
0
0
0
0
0
0
0
0
0
0
0
0
0
0
0
0
0
0
0
0
0
0
0
0
0
0
0
0
0
0
0
0
0
0
0
0
0
0
0
0
0
0
0
0
0
0
0
0
0
0
0
0
0
2
1
2
1
1
1
6
3
3
1
0
3
8
5
20
50
128
381
946
2220
4822
9796
17029
27650
41067
54439
66662
72900
72991
66323
55174
41115
27650
17302
9971
5126
2358
1029
414
139
48
13
10
4
2
2
1
0
2
3
1
1
5
1
1
0
2
0
0
0
0
0
0
8
55
51
46
40
55
48
49
35
50
67
52
50
38
45
58
40
35
44
44
42
37
47
35
46
36
28
32
34
34
41
41
42
36
33
33
39
36
31
40
39
32
49
40
36
36
45
31
39
35
38
27
36
35
27
44
39
47
45
42
52
43
42
42
53
55
54
77
88
121
152
172
204
274
299
329
323
345
311
294
244
187
168
127
104
91
67
59
78
37
44
42
33
33
38
38
39
48
44
50
44
42
52
45
41
56
52
55
47
49
64
67
59
63
59
79
85
83
93
94
70
116
111
118
156
191
292
460
722
1339
2171
3345
5046
7240
9789
12575
15538
17769
19515
20355
20102
18883
16484
14067
11035
8664
6518
4716
3264
2356
1678
1223
916
779
503
480
425
400
533
626
890
1210
1450
1879
2085
2410
2410
2386
2381
2146
1845
1556
1149
909
705
515
383
295
257
207
186
152
158
120
91
74
64
25
37
27
19
13
14
10
6
8
9
8
8
8
3
10
12
6
13
13
8
4
10
8
6
13
7
5
6
8
7
9
10
9
5
9
7
11
8
17
12
14
10
14
23
20
23
26
17
28
29
28
33
31
26
16
14
26
12
23
18
22
31
15
18
19
24
20
20
17
34
16
14
22
17
25
10
9
16
17
10
10
12
14
15
10
6
4
8
7
7
7
4
2
7
8
9
12
6
6
5
5
4
9
9
6
6
5
10
11
5
5
6
6
7
9
5
3
12
8
9
11
14
12
13
10
13
11
15
14
17
9
8
13
7
10
13
7
7
5
12
4
10
11
11
8
8
14
15
16
12
10
10
21
8
8
11
11
7
10
5
13
10
7
12
3
7
6
7
4
5
7
5
4
10
2
9
3
9
9
6
6
10
8
5
2
7
11
8
7
6
7
6
5
8
10
12
6
10
7
4
5
1
9
6
2
3
7
13
7
7
11
10
4
8
2
9
7
4
5
7
2
6
6
10
4
4
7
7
5
6
8
5
8
8
6
5
6
5
11
8
5
2
8
7
5
4
6
5
8
12
7
6
5
7
7
6
9
6
6
5
4
6
7
10
7
10
8
5
9
6
7
6
10
6
11
7
13
4
9
9
17
12
9
5
5
9
10
6
8
11
4
11
8
12
9
6
2
13
7
13
11
4
9
9
10
12
6
12
10
9
14
5
9
7
10
7
9
13
16
11
6
6
12
15
14
8
15
11
17
14
12
10
17
15
18
19
13
18
20
9
18
22
16
22
13
27
11
15
21
17
22
17
15
20
23
17
20
22
20
13
21
21
16
17
15
11
29
17
19
23
22
17
31
7
17
22
21
12
19
19
16
12
17
15
18
19
13
15
19
15
14
18
22
18
16
17
19
19
22
13
23
21
20
18
12
24
23
25
28
20
22
29
22
21
25
18
24
33
29
23
27
29
35
27
20
29
29
27
23
22
31
40
36
31
32
29
26
29
39
27
30
27
35
25
29
31
27
27
26
27
45
33
26
42
30
34
33
41
35
31
44
35
40
47
45
38
48
48
30
50
37
27
45
36
43
43
39
43
43
49
38
45
51
49
42
42
55
40
54
58
48
62
59
49
72
55
63
60
53
69
52
64
57
73
63
60
63
61
61
71
67
53
83
62
78
80
59
83
79
85
85
92
83
101
79
103
91
89
76
96
95
90
96
86
90
85
88
77
87
67
82
66
84
75
64
79
75
78
71
75
53
81
71
73
78
67
64
81
67
76
76
71
70
72
68
75
61
74
73
59
74
78
64
77
76
77
87
77
80
70
84
47
71
87
58
71
84
68
71
74
57
75
69
68
75
58
54
64
70
66
74
75
82
73
65
73
84
63
83
66
79
76
66
66
78
73
71
64
47
68
64
70
65
84
61
66
64
70
60
67
82
69
73
80
63
79
88
67
74
67
72
92
67
77
87
90
73
81
63
80
76
72
70
93
77
81
77
95
92
92
77
71
77
90
76
81
105
81
75
82
77
83
103
86
70
105
107
118
124
128
156
180
214
271
345
450
617
718
886
1201
1324
1683
2056
2448
2953
3258
3701
4162
4514
4749
5001
5337
5175
5326
5114
4848
4550
4158
3809
3368
3033
2608
2207
1851
1481
1207
964
756
617
425
374
294
233
216
158
136
138
132
110
85
94
99
110
103
99
107
80
84
104
87
94
105
103
106
96
118
88
97
96
102
115
105
109
92
108
102
102
110
101
112
107
111
102
107
108
101
100
123
136
91
105
99
117
118
105
110
124
116
117
123
141
132
135
119
129
158
179
186
210
223
262
275
324
352
411
456
512
555
622
627
666
711
813
762
805
766
816
774
726
677
606
556
516
449
458
362
328
300
261
224
228
192
180
174
169
162
144
144
150
140
182
132
172
128
147
126
126
185
148
146
165
132
144
149
138
145
130
132
158
149
167
165
162
159
159
144
165
171
159
148
163
171
157
159
158
170
176
192
181
187
175
159
189
156
184
183
214
171
210
202
195
185
195
182
175
197
202
220
216
208
206
226
214
211
197
221
214
250
237
216
265
237
249
231
228
233
222
242
214
201
214
229
214
185
200
245
219
173
197
221
190
198
196
209
208
200
181
192
209
173
178
197
158
182
190
199
203
174
203
207
169
161
192
184
178
170
157
167
175
183
193
169
157
169
174
160
173
178
170
187
147
138
161
149
135
170
148
148
160
184
157
140
141
145
167
150
157
158
139
127
165
152
146
163
137
132
136
144
132
134
133
151
151
160
138
142
140
145
148
163
126
156
138
153
137
143
146
153
141
136
157
133
147
132
154
169
166
148
137
163
145
166
148
147
142
140
127
141
147
139
149
146
172
148
168
155
146
131
139
126
144
159
156
169
135
134
146
149
153
132
177
149
143
130
147
151
158
159
136
156
175
156
150
168
170
141
159
158
159
135
179
147
148
157
127
143
151
164
150
160
172
150
152
157
165
160
154
143
171
162
160
156
144
158
146
145
164
169
140
168
158
163
168
156
165
182
139
172
173
169
163
146
150
161
183
146
172
175
181
175
166
175
180
179
195
192
185
177
190
157
161
180
161
176
184
173
159
177
167
166
142
169
188
172
176
162
170
189
202
169
166
157
186
178
163
176
185
195
177
161
186
173
204
192
183
184
171
195
186
172
176
197
184
191
174
190
198
188
185
185
199
188
178
206
177
184
213
202
185
188
183
220
181
227
191
194
209
188
196
230
184
192
201
216
198
201
193
217
207
239
196
201
215
210
198
224
226
261
225
206
225
218
191
200
237
235
209
223
225
232
219
212
224
218
229
219
238
220
253
232
215
220
245
240
237
255
250
216
234
212
273
271
228
237
253
229
230
226
239
237
233
228
214
233
217
230
248
251
233
220
218
219
242
251
236
219
246
208
223
259
259
242
191
213
247
252
229
201
239
228
230
246
226
212
198
218
206
214
232
231
269
220
195
222
205
218
202
199
218
218
218
236
192
175
202
222
206
223
218
197
215
195
216
212
186
212
180
209
221
183
196
176
196
197
205
202
201
197
196
211
213
209
206
197
204
183
192
203
198
197
207
189
193
197
199
182
195
190
195
182
188
191
222
188
184
192
183
205
179
182
202
192
194
200
188
196
187
193
207
194
171
178
180
177
184
203
179
204
212
213
203
172
189
185
186
184
196
201
185
196
189
165
192
207
193
174
210
185
175
198
216
192
198
192
173
200
194
202
190
173
182
210
193
201
206
181
188
193
204
182
179
179
182
188
185
180
197
196
192
163
174
215
190
164
233
178
188
210
215
197
214
185
194
177
188
201
206
197
189
176
186
186
184
214
205
164
182
202
204
202
183
196
207
198
211
185
200
214
165
200
171
188
203
211
194
197
208
178
204
187
187
182
196
172
200
191
201
206
192
222
197
211
189
209
191
200
199
193
225
220
172
176
177
206
186
224
196
183
220
199
206
189
197
192
211
193
173
201
206
200
215
198
175
224
213
196
215
228
209
214
201
225
201
212
203
232
253
208
224
230
208
214
214
239
220
221
235
235
197
219
205
231
248
224
239
251
263
248
228
201
242
243
234
248
258
262
234
253
275
268
263
237
271
281
259
249
268
271
277
285
276
299
300
289
286
275
269
327
307
322
304
295
324
306
317
320
331
288
301
363
368
359
369
362
364
374
432
398
411
389
436
450
420
490
484
472
518
443
534
538
524
574
597
608
579
593
657
640
674
687
712
736
753
794
793
843
864
903
818
901
943
889
1025
1017
1014
1098
1046
1122
1098
1113
1066
1176
1088
1142
1156
1197
1134
1145
1177
1162
1190
1185
1180
1195
1204
1204
1130
1169
1128
1131
1092
1048
1053
1034
1037
1014
1001
917
854
882
836
799
842
821
757
783
708
677
651
594
654
624
557
584
549
521
513
479
487
475
443
420
429
425
400
360
388
396
328
357
340
325
322
341
308
335
314
313
300
269
255
295
276
252
253
267
249
254
220
212
231
213
243
220
213
221
208
194
234
218
202
218
229
221
182
199
219
193
185
190
193
189
165
185
170
202
187
191
192
200
198
206
180
226
209
247
236
226
246
287
286
291
324
312
331
337
335
323
341
341
344
349
406
393
397
431
403
367
358
360
336
341
333
331
340
295
258
279
225
247
208
216
217
170
178
164
186
157
166
161
138
144
155
121
132
146
128
118
138
127
126
135
136
128
131
102
135
155
135
141
148
134
146
146
147
145
157
145
142
143
126
155
149
144
151
134
173
169
172
162
175
161
175
171
178
178
182
206
200
194
197
192
177
228
197
206
225
235
228
225
212
196
243
224
220
223
234
227
242
210
228
204
205
242
198
221
214
239
208
200
209
221
202
206
191
204
199
220
193
196
179
187
176
175
195
168
177
173
140
168
167
174
162
180
132
147
136
146
132
124
152
149
134
145
127
122
100
118
102
98
117
117
110
110
114
102
113
84
94
92
87
99
99
84
87
82
83
74
102
82
75
65
79
79
85
65
80
73
59
77
66
70
71
70
76
70
53
74
76
61
59
68
65
60
63
53
63
52
56
48
61
68
73
52
53
67
41
66
54
56
62
51
56
49
43
64
57
42
57
41
33
44
45
54
53
53
47
55
51
45
43
37
47
60
50
52
47
47
53
43
48
45
57
51
46
58
57
73
66
54
64
56
66
59
60
77
51
55
92
71
57
63
68
68
66
74
63
66
45
56
53
51
49
49
45
39
44
46
35
47
35
44
36
41
47
33
41
38
43
41
48
34
47
35
34
43
43
34
48
41
43
43
48
37
45
45
30
34
37
43
33
40
30
34
30
31
36
29
30
24
29
28
31
34
31
31
28
35
37
27
37
19
23
28
36
28
46
23
34
28
24
25
21
29
33
33
29
25
19
23
21
30
26
32
32
29
31
23
33
29
32
33
21
27
26
29
34
31
34
25
32
25
30
35
33
15
40
31
22
25
30
18
31
32
22
27
22
21
32
37
27
30
28
28
31
20
26
25
34
27
21
26
20
27
31
26
20
24
25
40
28
19
21
21
24
32
27
29
18
13
24
30
16
25
21
21
27
23
17
15
27
26
23
20
14
32
24
18
27
24
21
26
18
23
27
21
17
23
25
22
18
32
28
15
25
31
26
28
23
26
26
18
20
34
21
16
20
21
31
22
22
25
26
18
20
18
26
24
23
20
14
20
21
20
19
15
12
16
19
26
14
17
24
23
16
21
21
27
20
13
19
15
25
22
29
22
26
15
15
18
19
23
24
28
33
21
18
24
19
22
10
25
11
14
21
21
17
17
23
21
18
19
22
20
18
17
16
20
23
19
14
17
23
21
19
21
21
18
24
19
18
13
15
28
10
15
10
15
17
14
16
20
14
17
13
21
16
9
17
8
21
20
15
20
16
11
11
20
13
18
19
18
15
14
17
11
18
11
23
14
19
10
13
17
16
17
12
18
15
14
7
8
19
19
18
19
20
19
10
13
29
18
12
24
16
10
13
15
13
22
5
13
11
16
15
16
18
21
24
12
16
13
16
15
13
15
15
16
12
17
10
15
9
12
10
14
14
15
14
17
13
14
11
11
13
11
16
18
15
10
14
11
19
13
14
17
13
9
8
17
12
14
16
13
9
18
9
10
6
20
12
10
11
7
13
10
7
9
10
12
15
15
14
9
14
10
10
19
14
5
6
10
14
13
12
9
7
14
11
5
5
7
12
13
14
8
8
7
12
8
10
8
17
8
9
9
13
9
16
12
7
10
10
4
9
5
5
10
9
15
6
6
13
15
11
13
9
12
12
15
12
14
9
16
12
9
9
5
18
10
7
13
10
5
7
13
13
9
12
13
10
4
11
11
10
8
11
9
12
5
11
10
12
18
6
13
6
6
10
7
6
13
8
9
9
8
14
7
8
8
8
8
11
6
9
13
9
6
12
5
5
7
8
10
6
5
7
9
10
9
6
14
9
6
6
6
8
11
11
4
7
8
7
9
10
5
11
2
9
8
8
6
8
6
8
10
8
9
11
4
9
8
5
14
3
3
13
4
9
7
12
7
7
11
8
5
12
6
13
8
7
5
7
11
10
11
7
9
11
7
5
4
12
7
8
5
5
11
9
1
9
7
5
10
5
10
3
7
9
9
4
9
7
5
4
6
3
3
11
2
7
5
7
5
5
8
3
4
8
3
6
1
7
6
4
6
2
4
7
8
4
6
7
10
8
3
6
4
5
5
1
4
4
12
3
5
4
8
6
6
5
4
3
1
6
7
7
6
5
4
9
4
3
5
7
4
7
4
6
7
8
5
11
4
2
5
6
8
9
8
4
2
7
3
9
4
6
6
1
9
4
6
4
4
3
3
3
1
4
5
7
3
6
4
5
5
7
3
8
7
3
2
5
6
8
3
5
6
3
4
3
3
2
6
3
6
3
8
4
3
3
6
5
4
5
3
6
2
2
4
2
5
3
1
2
2
3
8
6
6
5
2
1
3
5
7
2
4
9
6
5
3
5
4
4
4
5
6
4
1
5
4
4
1
3
3
5
3
4
3
4
8
3
2
3
2
3
0
4
5
3
5
4
4
2
1
5
5
2
2
5
3
2
6
4
1
5
5
4
2
5
5
2
2
4
1
2
4
6
3
3
5
3
2
0
4
1
8
4
1
2
5
7
2
3
4
2
7
2
3
8
2
4
5
4
1
2
0
3
5
2
3
3
0
3
2
2
3
3
3
5
1
1
4
1
2
2
3
2
0
5
4
4
6
1
3
0
1
3
0
3
1
3
5
4
2
0
1
2
4
5
3
5
6
4
9
5
0
3
5
1
4
5
4
2
1
0
1
5
2
1
1
1
2
2
3
3
4
4
0
5
3
3
2
4
4
3
1
3
4
5
2
2
5
1
1
0
5
3
5
5
1
3
0
0
2
2
1
3
1
2
1
1
1
1
3
3
1
1
3
2
5
3
0
2
4
0
1
3
1
1
1
3
3
2
2
1
2
0
2
0
3
3
3
2
5
3
3
5
1
3
3
0
2
3
1
3
0
2
2
1
2
2
2
2
0
1
2
0
0
3
5
0
1
5
4
2
1
0
3
2
1
3
3
2
3
1
4
1
4
0
3
1
2
0
3
1
3
5
3
1
2
1
1
1
1
1
2
1
1
3
0
0
0
1
4
3
2
1
0
2
0
3
2
3
2
0
0
1
3
1
1
1
0
1
2
1
1
2
1
5
3
2
0
0
2
0
3
1
1
1
2
1
0
1
0
3
1
3
1
0
3
1
1
0
3
2
0
3
0
0
3
0
2
2
2
2
0
1
0
1
1
1
0
3
2
1
0
0
2
0
1
1
1
1
0
3
0
1
0
4
1
2
0
1
1
2
0
0
1
0
1
1
1
0
0
0
0
1
2
0
1
0
2
0
0
4
1
2
0
3
1
0
0
2
0
1
1
1
1
2
1
0
0
1
0
0
1
2
0
1
1
0
2
0
1
2
1
1
2
1
1
0
1
0
1
1
0
1
3
0
0
0
1
3
0
0
0
0
0
1
1
0
0
0
1
1
0
1
1
2
1
0
1
0
1
2
0
0
0
1
1
1
0
0
1
1
2
1
0
0
1
1
0
1
0
1
1
1
0
0
0
1
1
2
0
0
0
0
0
2
1
1
1
1
0
0
0
0
1
0
1
1
0
0
1
0
0
0
2
2
2
1
2
0
2
0
0
0
1
0
1
2
0
0
1
1
1
0
0
0
1
1
0
1
0
0
1
2
0
1
1
1
0
1
2
0
0
2
2
0
1
1
0
0
3
0
0
0
1
0
0
0
1
0
0
1
0
0
1
0
1
1
0
0
0
2
0
1
0
0
0
1
0
0
1
1
0
0
0
0
0
1
1
0
0
0
1
0
1
0
2
0
1
0
0
2
0
0
1
0
0
1
1
2
0
0
1
1
0
1
1
0
1
1
0
0
1
3
1
3
1
0
1
0
0
0
0
0
0
0
0
0
0
0
0
0
0
1
2
0
0
0
1
0
1
0
0
0
0
1
0
1
0
0
2
0
1
1
0
1
1
1
1
1
0
0
1
0
0
0
0
0
0
0
1
0
2
0
0
1
1
0
0
0
0
0
1
1
0
0
0
1
1
0
1
0
0
1
1
1
0
0
0
0
1
0
2
0
1
1
0
0
0
0
0
0
0
0
0
0
1
0
1
0
0
0
1
0
0
1
1
1
0
0
0
0
0
1
0
0
1
0
0
1
0
0
0
0
1
0
1
0
0
0
1
0
1
0
0
0
0
1
0
0
0
0
0
2
0
0
0
1
1
0
1
0
0
1
0
2
1
0
0
0
0
0
1
1
0
0
0
1
1
0
0
0
0
0
0
1
0
0
0
0
0
0
0
0
0
0
0
0
1
0
0
0
0
2
0
0
0
0
0
0
1
0
0
1
0
0
0
0
0
0
0
0
0
0
0
0
0
0
2
0
0
0
0
0
0
0
0
0
0
0
0
0
0
0
0
0
0
0
0
0
0
0
0
0
0
1
0
1
0
0
0
0
0
0
0
0
0
0
2
0
0
0
0
0
0
0
0
0
0
0
0
1
0
