0
0
0
0
0
0
0
0
0
0
0
0
0
0
0
0
0
0
0
0
0
0
0
0
0
0
0
0
0
0
0
0
0
0
0
0
0
0
0
0
0
0
0
0
0
0
0
0
0
0
0
0
0
0
0
0
0
0
0
0
0
0
0
0
1
0
1
1
1
1
4
2
3
0
4
4
5
2
3
2
4
5
10
45
116
342
872
2196
4684
9382
17029
27840
40786
54364
66486
73614
73026
66499
55184
41455
27947
17215
9930
5073
2360
1018
391
143
45
8
4
4
0
1
1
1
1
1
0
0
3
1
5
1
2
0
0
0
0
0
0
5
47
38
68
46
55
53
47
32
48
42
49
48
44
30
52
46
41
50
36
46
45
30
35
42
39
40
25
48
38
45
31
43
42
36
43
33
41
44
42
46
35
40
37
39
33
34
37
45
29
34
34
29
32
50
49
37
51
59
47
53
47
57
52
53
66
57
87
101
109
142
186
267
266
302
346
338
341
322
247
260
196
163
133
108
89
84
67
62
58
51
46
44
41
40
51
40
48
29
52
40
41
49
32
43
49
63
62
53
57
72
68
71
63
69
93
91
102
125
117
114
135
147
188
202
290
369
555
834
1432
2224
3477
5195
7453
10221
13006
16216
18716
20438
20953
20860
19338
17361
14558
11775
9044
6723
4934
3461
2512
1832
1412
1015
837
660
594
492
559
649
771
1062
1265
1550
1836
2105
2268
2422
2341
2332
1998
1725
1528
1214
938
717
468
368
311
258
236
182
185
147
122
93
73
66
48
33
26
26
18
22
10
8
10
18
11
6
8
11
8
14
7
6
14
9
9
14
4
4
11
12
9
10
6
7
5
8
7
10
6
18
15
11
11
13
11
10
25
29
19
23
19
35
26
27
23
28
23
16
22
17
25
19
24
26
21
29
29
22
23
26
22
22
24
24
21
23
35
25
21
18
17
21
19
17
13
18
9
9
9
8
13
7
10
3
9
12
6
8
6
6
2
4
5
8
7
6
4
5
6
7
4
10
8
5
3
7
5
7
7
10
6
7
9
6
15
10
9
9
18
12
13
16
17
14
5
12
3
11
11
5
14
10
7
6
9
7
6
10
12
10
9
6
11
7
11
7
7
12
8
8
14
8
8
5
6
6
9
9
2
8
8
8
7
9
6
5
7
11
7
6
9
7
9
5
6
5
7
7
11
12
6
4
8
6
6
8
12
9
8
3
6
5
7
9
8
9
4
6
7
7
8
5
8
5
6
8
6
6
5
6
4
8
7
2
4
8
10
8
6
6
5
4
15
4
4
4
5
8
5
4
3
4
9
11
7
9
6
5
5
7
4
13
5
8
10
9
10
7
7
2
6
7
9
4
8
15
7
9
6
11
9
9
12
4
3
8
12
6
3
6
10
9
13
9
11
7
13
9
5
11
9
9
12
6
7
11
10
11
6
9
8
7
12
8
15
10
11
14
11
7
15
8
10
10
5
12
14
9
9
12
19
14
16
11
8
15
12
13
20
22
9
14
18
15
12
18
29
36
22
27
26
31
31
29
37
28
35
24
33
31
37
36
41
37
30
36
38
51
34
41
40
38
39
33
42
41
36
46
35
26
42
25
25
31
39
31
34
31
21
25
33
27
27
25
32
20
18
15
28
15
28
31
12
16
13
18
18
27
14
20
17
18
32
16
25
21
31
16
13
28
25
19
18
19
19
19
26
30
21
21
21
13
28
22
18
30
19
23
33
25
27
24
21
28
29
30
34
40
31
28
27
21
21
23
34
25
25
22
27
44
22
28
30
28
30
35
22
27
21
37
31
31
43
33
27
30
37
34
41
41
43
35
41
46
44
42
36
47
47
37
47
31
45
42
48
51
40
49
40
56
47
36
45
44
44
47
57
58
52
52
65
74
62
60
53
60
70
59
68
65
58
59
59
60
60
64
58
74
65
87
87
78
82
90
94
86
99
75
93
94
111
91
97
123
91
105
93
77
106
66
117
78
87
81
73
72
97
79
90
88
73
84
67
97
84
79
67
93
89
69
87
76
82
73
93
89
83
62
84
94
75
79
78
69
78
75
82
80
77
84
93
82
87
92
88
79
70
68
77
74
67
93
82
63
76
86
69
83
70
72
72
85
83
79
80
90
56
87
82
75
79
73
74
72
69
76
76
79
70
81
67
67
76
68
84
73
60
69
68
88
79
82
63
64
93
89
73
69
85
76
72
84
78
80
79
84
83
83
81
81
92
95
85
79
80
94
75
99
78
87
99
84
79
87
80
79
106
111
95
77
99
93
88
97
94
86
105
117
96
91
115
136
126
146
161
184
227
285
353
442
496
664
887
1060
1378
1646
2005
2451
2897
3248
3626
4163
4584
4834
5123
5398
5474
5380
5316
5140
4776
4439
4019
3637
3159
2682
2354
1926
1480
1227
1010
798
621
489
363
293
239
200
181
139
152
132
115
113
99
127
99
107
111
100
99
102
107
111
89
101
111
102
102
103
107
99
91
101
99
108
121
119
103
104
126
129
104
113
106
119
118
109
120
88
137
121
105
113
119
111
112
108
140
122
131
124
122
140
136
135
148
137
127
147
177
176
199
219
221
272
286
349
401
427
479
525
603
622
699
753
782
796
789
808
837
798
717
765
613
602
533
468
458
419
313
313
278
271
226
196
186
158
160
144
168
156
161
137
131
134
135
128
150
141
124
137
131
159
140
131
130
129
133
133
163
151
143
156
135
136
158
181
182
159
160
151
124
180
147
176
161
184
162
150
148
157
169
179
161
182
178
169
164
180
182
187
222
183
199
194
225
211
201
238
184
232
216
254
221
199
231
263
277
262
247
245
296
253
287
321
264
262
272
303
308
280
298
318
318
300
312
314
320
352
328
364
306
332
329
331
340
340
339
362
344
348
368
374
368
347
384
338
342
362
357
376
344
372
348
344
356
345
353
330
308
290
310
303
332
325
310
271
303
275
316
295
299
278
269
247
275
281
253
248
233
254
255
218
214
231
259
220
239
229
196
199
231
210
199
200
209
180
206
189
219
156
196
196
201
185
186
181
196
171
184
157
183
162
177
168
162
156
172
178
183
183
172
170
169
188
171
153
157
185
171
164
168
153
146
173
191
183
173
169
160
182
176
177
166
147
159
154
168
153
179
174
190
199
167
171
183
174
175
169
203
172
174
218
185
196
195
222
175
184
188
224
211
182
208
214
213
226
230
203
182
207
238
217
218
210
231
198
213
221
220
204
201
216
204
213
193
212
193
215
205
191
213
194
221
206
209
185
172
214
196
178
219
186
173
178
169
169
189
203
196
184
185
175
160
172
196
192
172
177
172
183
178
183
183
169
178
156
174
174
206
178
193
165
156
186
166
159
163
192
182
173
162
191
193
200
190
196
182
164
184
180
173
199
197
184
188
185
212
198
169
200
198
187
190
172
174
189
183
208
182
190
188
165
180
183
177
180
181
174
171
193
186
173
182
198
188
207
158
175
174
200
179
179
198
200
186
182
201
195
206
201
178
172
176
190
205
172
190
197
190
202
197
210
178
181
214
229
165
207
217
191
192
189
184
207
207
207
204
198
203
213
214
227
205
188
203
229
182
210
190
224
209
229
213
251
208
215
227
198
171
214
226
229
232
191
236
229
220
231
214
207
235
217
241
226
231
232
244
221
230
232
225
215
249
266
218
245
219
221
247
259
237
211
221
258
216
228
224
221
205
212
224
239
242
228
224
205
218
230
242
242
234
231
220
266
255
228
215
203
211
235
227
215
224
228
210
230
232
232
247
211
230
232
226
227
204
231
226
236
225
217
190
191
221
202
200
208
224
207
199
234
197
207
227
202
195
191
225
199
233
204
180
210
204
216
193
209
206
236
210
206
195
204
193
205
206
202
213
215
207
193
214
208
196
211
188
179
183
186
233
217
197
213
191
188
205
208
195
200
199
191
198
195
225
186
182
192
162
202
207
191
207
198
191
184
196
220
219
214
189
195
203
202
220
190
221
218
187
230
209
191
199
208
204
196
224
205
200
194
202
195
199
199
195
196
186
185
202
186
171
152
186
194
215
208
185
197
190
168
217
189
184
179
181
198
209
200
183
222
193
189
192
221
188
206
193
187
222
196
216
192
212
181
185
184
205
206
178
194
204
204
196
179
177
178
216
201
182
194
194
194
213
200
222
192
203
212
181
185
184
178
197
187
215
200
210
197
220
200
210
191
205
198
169
217
214
219
216
188
197
184
192
205
209
198
189
186
204
215
195
217
205
187
211
204
194
237
206
202
203
194
205
236
211
209
224
189
203
211
204
232
237
232
212
212
206
253
235
230
202
236
246
210
237
237
213
235
238
199
249
235
226
247
257
258
257
253
255
277
264
264
244
275
220
275
263
280
268
287
274
262
246
280
313
267
316
312
279
306
302
314
309
319
323
311
332
315
346
316
317
326
341
386
348
333
365
363
378
353
400
382
395
442
427
414
428
471
463
484
454
511
513
539
584
544
573
558
608
675
648
683
724
705
720
725
783
789
822
825
914
838
922
941
954
952
999
1060
1024
1046
1075
1060
1096
1092
1129
1148
1117
1187
1157
1194
1218
1230
1133
1206
1204
1189
1139
1175
1182
1195
1107
1161
1129
1039
1081
1063
1060
1016
1011
973
982
901
925
880
846
828
817
802
738
750
709
699
642
659
594
604
588
549
555
520
492
468
494
454
452
429
398
386
396
378
358
376
392
331
374
321
299
301
288
295
283
271
284
253
284
280
266
267
262
250
273
262
251
237
251
211
229
237
213
232
227
196
223
181
218
191
197
173
195
211
192
180
197
169
195
186
184
204
175
166
184
214
226
172
210
181
234
226
220
218
237
253
273
266
301
316
268
316
341
336
358
345
360
364
349
392
391
346
365
383
402
357
388
383
378
374
351
309
316
296
289
273
285
264
222
212
191
212
194
185
162
143
183
146
155
152
160
129
135
161
134
152
125
121
127
124
131
112
126
136
121
125
144
135
139
118
123
135
131
143
139
143
136
147
146
147
172
168
152
182
138
167
153
168
173
158
180
172
194
160
190
186
183
177
198
196
199
198
198
198
203
191
175
196
220
235
212
216
218
217
223
217
222
222
212
206
223
235
207
223
222
222
210
234
179
179
239
188
208
177
191
189
184
169
192
204
194
165
150
154
152
154
160
151
152
170
154
133
130
146
151
140
169
146
137
120
133
109
127
130
129
103
125
124
116
110
133
97
99
76
102
83
82
82
79
106
93
99
71
77
73
70
85
74
73
81
84
69
55
65
65
71
68
74
67
59
61
86
71
68
51
49
58
57
48
70
61
49
55
55
59
57
49
56
50
70
66
49
56
63
51
56
57
60
42
48
61
55
56
41
64
51
58
57
40
48
40
57
48
60
55
59
62
49
48
37
43
44
48
52
56
37
38
42
60
51
53
61
52
47
51
58
67
53
69
55
62
62
64
59
81
75
77
74
81
85
66
63
62
72
60
51
50
61
45
51
49
60
45
42
52
55
29
42
35
44
39
31
40
41
33
49
38
36
43
47
47
44
49
36
47
37
33
46
37
38
37
32
38
34
42
41
28
51
34
48
32
32
44
25
30
35
25
32
29
30
29
25
27
34
40
27
25
28
31
37
33
37
33
28
26
37
34
29
22
23
28
26
32
25
29
22
32
27
31
26
27
18
33
38
29
31
32
24
34
29
37
35
30
29
31
27
32
27
21
28
24
31
35
23
28
28
25
27
29
28
23
26
37
22
22
27
32
33
27
31
33
27
23
29
30
26
27
22
33
28
21
29
30
19
18
25
36
31
26
22
22
19
31
20
20
19
25
34
26
22
34
31
32
29
20
20
27
22
30
30
26
24
22
17
22
24
22
24
22
29
16
15
31
23
23
24
27
17
18
18
23
21
21
21
21
26
18
19
23
16
29
16
17
26
21
26
24
21
19
18
23
22
18
27
24
23
27
23
24
19
21
18
24
17
15
19
27
11
21
20
27
18
22
17
25
25
18
26
26
23
25
20
20
25
21
19
16
17
13
16
21
19
19
19
18
16
24
21
21
21
20
18
21
25
13
15
13
19
25
12
17
11
14
15
20
19
13
16
19
16
17
18
16
16
17
14
16
16
14
23
15
11
17
10
16
15
12
11
21
13
20
13
16
18
14
16
18
17
18
17
17
13
18
14
20
16
24
13
13
21
18
14
18
20
14
14
12
12
13
17
12
16
19
14
12
8
14
17
13
20
12
20
21
17
17
10
21
10
14
13
22
17
12
9
10
11
14
21
17
8
11
16
17
15
12
17
22
14
13
11
7
9
15
15
13
13
19
14
14
17
12
13
12
14
15
15
18
8
20
13
9
12
9
14
11
10
11
17
10
16
13
18
13
13
8
9
12
9
12
7
12
10
16
14
15
13
13
9
12
4
16
11
13
11
15
10
17
9
13
16
10
8
10
14
15
8
8
8
18
7
15
20
11
8
14
8
12
13
5
14
18
7
11
6
5
10
10
7
10
10
8
14
6
6
11
8
16
13
7
8
13
16
8
8
7
5
10
12
3
21
13
4
11
8
11
10
11
6
12
8
14
7
6
11
7
8
21
8
18
5
12
11
6
8
9
4
7
5
11
8
10
8
10
9
8
7
5
5
5
12
11
8
6
14
10
11
8
10
15
12
5
7
10
2
5
8
8
12
3
9
11
6
8
6
16
7
5
9
7
12
12
6
7
6
5
8
3
8
7
14
4
9
11
9
4
11
10
11
5
5
7
9
9
6
8
8
8
10
4
5
6
7
7
12
8
11
8
8
7
5
4
6
5
12
5
5
10
6
12
11
8
8
4
12
7
6
4
8
9
7
4
6
7
6
5
5
9
3
5
6
6
6
10
3
6
8
5
10
1
2
5
3
4
7
6
9
8
6
2
9
10
6
4
9
7
9
5
7
6
3
9
3
6
5
6
8
6
4
10
6
8
5
7
4
7
5
5
5
6
2
4
6
7
3
8
11
7
4
11
9
2
10
3
6
5
7
6
5
5
9
6
3
5
8
6
2
3
3
8
2
2
3
7
8
2
6
1
5
5
6
7
2
6
6
3
5
9
3
3
5
15
3
4
7
2
8
4
2
3
4
1
6
0
5
8
7
5
7
3
4
3
8
7
6
9
7
5
4
4
3
7
4
4
3
7
4
7
3
4
2
5
3
4
1
5
4
4
6
5
2
3
2
4
3
3
3
5
3
2
8
8
5
3
5
4
7
1
3
4
10
1
6
4
4
6
4
2
3
5
4
5
2
4
1
5
5
0
3
5
4
4
1
2
4
3
7
4
4
2
4
2
7
3
3
5
4
7
7
6
2
2
4
3
6
3
3
1
5
1
5
2
2
6
1
1
3
2
2
3
7
3
4
4
3
3
3
5
6
3
1
3
0
5
4
5
6
2
1
3
4
1
2
3
1
1
6
2
2
1
1
1
2
5
0
0
2
5
3
3
3
2
4
2
0
3
0
2
2
4
3
3
3
5
1
3
1
2
5
3
3
1
4
4
1
1
1
3
8
3
2
5
1
3
2
3
1
2
1
1
4
3
2
4
4
2
6
4
2
2
2
2
3
1
3
1
2
2
0
4
1
2
0
3
3
2
2
3
4
2
3
1
5
3
1
2
4
1
1
0
0
3
1
1
0
2
1
1
2
0
1
1
2
0
1
1
1
1
4
0
0
1
1
2
2
1
2
0
3
2
5
1
3
2
1
1
3
3
1
1
0
0
5
3
2
4
2
1
0
1
3
4
2
0
0
5
4
1
0
0
5
0
6
5
3
2
3
1
0
3
3
1
5
0
4
2
3
0
4
1
1
0
0
2
1
0
2
3
2
0
1
1
1
1
2
0
2
1
1
3
0
1
1
2
1
0
0
1
3
3
0
1
5
0
3
2
1
0
2
1
1
0
0
0
4
1
2
2
3
1
3
3
0
2
0
0
1
0
1
3
0
3
2
3
0
0
2
5
1
0
0
3
0
0
2
3
0
2
5
1
0
2
3
1
1
1
3
2
3
3
3
0
5
0
3
0
3
0
0
1
1
2
1
3
0
0
0
0
0
1
1
2
1
1
2
2
1
2
1
2
1
0
1
2
3
0
1
1
1
1
3
0
0
0
4
1
1
1
1
0
1
0
1
2
1
1
1
2
1
0
1
3
1
1
1
1
1
2
0
1
2
1
3
2
0
2
1
0
0
0
0
0
1
1
0
1
0
0
2
1
1
1
1
1
0
1
0
1
1
0
2
0
0
0
0
0
1
0
0
1
0
2
3
0
0
1
0
0
0
1
1
0
0
1
0
1
0
1
0
1
2
0
0
0
0
2
3
1
0
0
1
2
0
0
1
2
2
0
1
1
1
0
0
0
1
0
2
2
0
0
0
1
0
0
0
0
0
1
0
0
1
0
0
0
0
0
1
1
1
1
0
0
2
1
0
0
0
0
2
0
0
1
0
3
0
1
0
0
2
0
1
3
0
0
0
1
0
0
2
3
1
1
0
0
1
0
0
1
2
0
0
1
0
0
0
0
1
0
0
1
1
0
1
1
1
0
0
0
0
1
2
0
0
0
0
0
0
1
0
1
1
1
1
0
0
0
0
1
0
0
1
0
0
1
0
1
0
0
0
0
0
0
0
1
2
0
0
0
1
0
0
0
0
0
0
2
1
0
0
0
1
0
1
1
0
2
0
1
1
0
0
1
0
2
1
1
0
0
0
0
0
0
0
0
0
1
0
1
2
0
0
0
0
0
1
0
1
2
2
0
0
1
0
0
0
0
0
0
0
0
0
1
0
1
1
1
0
0
1
0
0
0
0
1
2
1
0
0
1
0
0
0
1
5
2
1
0
0
0
0
0
0
0
0
0
0
0
0
0
0
0
1
1
0
0
1
0
0
2
2
0
1
0
0
0
2
0
1
0
1
0
0
0
1
1
1
0
1
0
1
0
0
0
0
1
0
1
0
0
1
0
0
1
0
0
0
0
1
0
0
0
0
0
0
0
0
1
0
0
1
0
1
0
0
0
0
0
0
3
0
1
1
0
1
1
0
1
0
0
1
0
0
0
0
1
1
0
0
0
0
0
0
0
0
0
1
0
0
0
0
0
0
0
0
1
0
1
1
0
0
1
0
0
0
0
0
0
0
0
1
0
1
0
0
1
0
0
0
0
0
0
0
0
0
0
0
0
0
0
0
1
0
0
0
0
0
0
1
0
0
0
1
0
0
0
0
0
0
0
0
0
1
0
1
0
0
0
0
0
0
0
0
2
0
0
1
0
0
1
0
0
0
0
0
0
0
0
0
0
0
0
1
0
0
0
0
0
2
1
1
0
0
0
0
0
0
0
