0
0
0
0
0
0
0
0
0
0
0
0
0
0
0
0
0
0
0
0
0
0
0
0
0
0
0
0
0
0
0
0
0
0
0
0
0
0
0
0
0
0
0
0
0
0
0
0
0
0
0
0
0
0
0
0
0
0
0
0
0
0
0
0
1
1
1
3
0
0
1
1
1
3
3
2
2
3
3
5
4
6
16
46
100
329
948
2199
4787
9353
17191
27589
41118
54393
65825
72982
73011
66758
55627
41709
27995
17288
9754
5001
2391
973
391
138
55
20
8
0
2
1
2
1
2
1
1
2
0
0
0
1
0
0
0
0
0
0
0
6
61
60
47
40
40
49
60
43
56
48
45
50
40
42
54
43
44
47
41
41
45
50
39
31
41
41
40
25
44
41
34
27
40
41
34
35
37
37
40
35
31
35
40
34
37
36
29
45
30
50
42
44
46
41
47
44
49
62
50
50
45
30
58
62
57
64
62
88
115
158
203
207
265
297
309
353
303
314
266
250
179
162
120
124
97
72
55
57
48
49
55
47
41
40
41
41
34
40
35
53
34
43
40
59
53
66
43
59
55
80
54
66
101
61
90
90
105
105
116
97
152
154
184
201
248
380
551
883
1391
2218
3607
5584
7485
10261
13209
16417
18778
20476
21462
21045
19917
17712
14638
11766
9169
6761
4920
3587
2553
1804
1357
1051
805
642
604
589
561
695
850
983
1312
1579
1917
2083
2385
2409
2462
2258
2153
1805
1502
1122
926
683
489
369
312
269
199
162
155
139
138
97
60
45
44
42
23
13
14
10
17
7
6
10
3
8
7
7
11
16
5
12
7
5
8
3
8
7
9
11
6
6
11
7
9
7
14
13
8
11
12
9
12
15
13
17
14
16
32
21
33
36
20
30
21
24
29
29
13
18
19
14
25
22
16
19
21
29
9
24
29
32
19
30
25
23
22
19
20
22
23
21
26
11
12
6
10
9
10
8
5
3
5
13
2
9
7
2
11
5
4
4
7
5
7
5
12
5
7
9
6
4
9
0
3
6
8
14
5
5
4
9
4
9
10
16
17
14
19
19
10
12
13
10
10
13
14
11
6
10
13
9
6
10
4
10
10
10
9
15
8
11
14
15
10
18
8
11
5
11
7
11
6
7
2
6
8
11
9
5
8
4
3
7
7
4
7
8
6
10
8
10
11
9
9
4
7
7
4
4
11
5
7
4
2
8
7
4
5
7
6
9
4
7
8
7
10
6
7
6
9
10
6
5
7
6
7
5
4
6
9
4
6
6
7
7
3
11
12
8
14
7
8
8
5
7
12
9
5
7
8
9
6
4
6
8
6
6
12
4
9
9
9
13
5
11
14
9
5
12
11
9
9
7
8
10
10
2
10
6
8
9
7
11
10
10
12
17
4
11
9
8
12
12
11
9
8
6
15
10
6
4
11
9
9
8
6
12
7
11
10
9
6
7
8
6
12
12
6
6
11
10
9
10
8
8
13
13
18
11
9
8
11
15
12
13
18
18
15
16
14
16
15
23
21
20
17
15
24
28
26
35
35
31
38
43
29
33
34
33
26
39
38
36
44
56
40
40
38
37
43
34
44
37
38
29
26
31
39
36
31
34
24
34
27
24
29
26
23
32
30
28
23
20
24
29
23
25
20
15
27
19
20
21
17
26
18
29
19
17
27
17
19
16
28
17
24
20
18
31
35
21
26
28
15
29
28
28
25
24
26
28
20
22
16
33
28
29
23
42
25
32
19
29
27
27
20
32
27
29
26
23
30
29
23
33
28
35
20
27
35
45
38
33
33
32
43
28
35
49
35
30
56
37
46
32
37
26
36
55
38
52
39
39
41
33
41
40
55
51
39
41
43
41
39
37
53
48
49
51
43
44
45
47
49
45
57
54
54
39
54
52
55
66
66
48
60
54
69
63
62
63
61
74
67
83
80
87
77
72
71
66
69
99
93
101
90
87
100
103
85
92
97
98
103
93
91
95
91
98
89
95
58
68
81
92
63
103
76
89
94
66
73
78
83
70
86
85
73
84
77
87
86
83
84
83
82
99
79
86
75
74
90
79
79
88
70
76
84
73
84
87
86
66
82
89
81
89
86
71
69
81
71
78
78
69
85
82
84
85
70
87
73
80
99
75
76
73
91
72
105
68
69
76
98
80
88
70
77
83
88
83
89
81
83
78
76
91
68
77
83
81
90
86
68
63
96
74
72
78
81
85
81
90
89
74
84
82
77
84
83
76
77
75
77
87
102
87
96
85
78
96
76
84
71
90
88
97
80
85
94
116
91
90
97
87
90
120
116
108
113
135
132
159
170
182
220
279
390
417
514
675
920
1031
1350
1722
2000
2445
2875
3234
3783
4209
4617
4989
5241
5280
5367
5326
5239
5183
4771
4456
4040
3696
3129
2802
2282
1921
1578
1272
1010
820
678
479
408
320
218
179
163
143
141
124
106
134
120
103
86
99
115
112
115
129
102
87
112
117
99
111
104
121
128
103
111
99
125
102
99
96
126
110
99
139
122
117
122
106
127
112
96
100
104
121
133
119
125
114
115
130
113
106
118
134
122
135
126
128
139
148
149
139
187
176
201
201
233
293
303
360
391
420
525
547
628
639
714
712
805
822
804
819
809
774
746
673
685
623
581
481
419
362
344
303
246
226
206
187
165
182
168
167
138
152
140
149
143
132
127
142
144
129
160
142
144
141
140
136
152
126
152
139
141
159
139
158
142
149
162
154
143
154
170
154
158
163
171
162
160
158
166
171
181
166
158
166
195
174
190
175
194
186
190
179
177
206
204
178
195
190
206
229
234
208
234
217
258
234
244
246
258
260
247
261
275
283
284
287
285
268
249
291
295
299
295
319
318
307
327
320
304
357
295
333
341
319
353
347
330
342
397
352
356
361
394
368
352
347
366
358
356
394
347
350
381
347
339
311
311
320
336
345
347
304
319
298
319
300
305
315
270
292
298
307
287
279
274
268
279
254
228
283
246
252
246
237
242
198
206
232
217
249
229
229
208
223
203
190
195
191
192
185
193
183
211
206
197
180
203
173
210
172
166
161
210
181
174
163
200
171
167
178
173
171
171
162
175
168
176
167
166
173
155
152
156
160
147
158
185
158
160
168
155
179
174
162
206
164
176
186
183
139
172
174
158
174
163
171
189
183
211
198
177
197
190
187
200
185
198
210
226
220
228
218
212
203
209
228
226
234
210
206
251
194
220
222
203
216
185
184
190
217
189
227
220
222
208
213
207
220
189
222
200
217
190
208
196
183
181
204
192
187
191
189
220
190
187
180
172
194
177
190
183
182
196
179
195
196
170
197
163
205
208
185
174
189
171
165
177
185
181
173
176
207
210
180
166
190
169
180
196
166
214
162
192
198
166
183
172
181
149
189
177
175
160
209
168
165
196
180
197
186
163
196
154
179
202
175
187
206
172
176
193
178
193
197
205
181
178
181
167
187
197
168
208
206
186
167
178
184
202
186
178
170
195
189
204
186
194
181
234
218
208
209
207
182
189
220
203
196
192
176
196
211
181
205
209
225
196
196
208
202
192
213
223
197
203
210
224
206
210
197
204
199
204
213
200
211
216
220
222
211
200
206
223
224
224
229
201
234
219
217
212
236
213
215
204
210
229
213
223
198
228
225
245
225
225
222
245
256
258
225
223
250
243
225
232
260
220
219
240
249
246
259
262
246
227
235
210
207
242
241
235
237
270
245
233
235
243
248
258
229
220
227
233
237
227
246
211
224
238
247
254
246
223
238
235
235
241
238
220
214
218
198
212
225
210
228
216
219
210
205
235
210
223
205
210
208
236
211
218
197
214
209
195
202
214
211
208
212
210
197
198
196
194
226
201
193
201
185
207
196
210
201
213
202
198
186
202
209
188
195
193
175
200
200
193
177
208
197
189
199
169
201
176
200
181
192
197
190
185
223
213
188
196
186
182
197
206
212
206
217
206
187
197
199
178
182
194
205
215
197
190
201
181
199
187
204
210
210
205
216
196
191
190
200
226
207
179
207
219
200
176
185
199
223
169
191
180
198
198
204
179
193
176
186
195
200
184
185
211
202
205
186
200
186
214
198
222
194
208
202
175
185
197
180
213
183
187
203
196
216
202
180
219
198
206
166
182
191
194
204
186
209
210
206
184
184
210
191
209
197
210
204
230
200
183
205
215
182
173
184
172
175
190
193
193
193
204
164
189
231
226
197
198
177
205
206
194
203
187
195
193
193
205
205
191
209
219
207
175
216
214
212
194
209
216
191
188
203
204
221
198
224
209
213
235
200
205
232
230
204
219
192
205
230
223
225
239
238
215
224
225
243
230
201
211
216
261
236
270
233
208
227
261
242
255
247
253
260
257
275
251
263
263
305
250
287
275
259
275
281
264
288
297
290
282
266
294
311
287
303
315
302
286
336
310
296
347
316
339
327
316
313
337
341
386
322
372
385
336
371
360
427
383
384
412
426
413
454
475
485
513
536
505
568
518
572
576
633
606
672
636
642
676
714
742
748
773
871
820
823
903
908
921
907
977
995
1020
1060
1074
1060
1068
1114
1092
1134
1139
1165
1224
1160
1227
1245
1218
1253
1182
1178
1258
1123
1195
1168
1183
1126
1170
1114
1139
1048
1100
1079
1077
1011
984
1000
1008
972
876
849
847
876
804
820
765
711
719
705
655
645
622
593
594
525
550
533
531
487
463
485
483
450
417
409
404
363
364
349
374
348
347
342
319
292
327
294
281
304
299
291
246
292
249
283
253
238
282
214
251
255
222
238
235
217
247
223
225
236
222
228
201
190
224
214
181
183
194
165
176
200
192
187
199
223
189
182
187
191
192
209
215
220
211
231
230
267
270
266
250
239
311
275
309
338
294
375
324
339
382
374
385
373
378
374
404
388
363
368
438
381
393
377
351
344
290
321
318
296
295
266
218
219
204
212
207
184
168
171
157
171
162
152
134
151
130
138
138
130
128
118
149
134
107
126
145
127
139
124
117
141
158
142
167
114
150
124
137
123
157
128
160
158
165
167
167
157
159
154
170
170
155
152
182
164
188
174
172
193
186
207
173
172
190
196
192
194
219
181
191
211
200
213
209
226
244
207
212
247
202
205
210
220
234
200
204
207
227
205
195
200
225
221
212
216
221
176
217
196
215
192
204
206
187
181
193
170
175
161
177
130
172
172
156
176
166
158
132
121
145
110
152
115
106
132
124
107
119
112
98
113
116
96
99
106
96
95
126
94
94
95
87
72
98
94
94
92
95
67
101
79
87
89
85
72
75
95
75
59
77
84
76
76
63
70
49
62
57
64
68
80
68
63
77
51
60
60
62
74
64
74
60
48
58
50
54
60
53
55
68
56
62
59
47
55
46
60
47
45
48
42
57
35
39
49
59
45
57
36
52
46
45
43
40
44
55
49
53
60
42
38
46
54
57
60
63
45
56
48
48
52
62
59
62
59
86
70
67
76
75
71
64
73
70
78
65
56
52
74
66
55
58
67
54
55
58
46
46
50
37
30
50
50
55
49
57
40
36
48
40
37
37
41
37
24
37
39
35
43
39
55
41
36
23
35
45
35
35
37
34
31
29
36
36
31
34
27
26
28
41
29
30
28
41
23
33
31
38
29
32
30
30
41
24
38
20
25
25
24
25
27
31
31
34
26
40
39
33
30
39
31
27
26
29
26
31
34
30
24
32
36
24
31
28
24
26
26
21
34
33
28
31
30
38
31
25
30
22
18
32
23
37
27
27
31
29
24
25
29
24
47
31
31
29
28
29
27
24
23
30
28
26
32
18
21
27
22
18
30
21
23
22
21
22
27
23
30
23
25
28
26
31
24
25
26
30
15
27
19
16
21
28
23
25
23
24
34
22
34
24
16
34
28
20
25
25
16
20
23
15
33
23
23
20
22
26
23
22
11
22
32
18
29
25
26
21
25
19
25
27
28
18
20
26
15
26
18
26
35
16
20
19
25
17
17
21
22
25
16
25
21
23
20
15
11
28
20
21
13
10
18
17
18
14
23
24
20
15
33
14
28
18
19
20
27
19
17
18
26
10
22
32
12
12
19
27
14
18
20
16
18
17
24
12
15
18
11
18
13
16
16
16
26
11
19
18
19
17
18
20
21
17
15
20
15
13
17
20
11
15
17
21
19
15
13
20
12
18
22
12
13
16
15
16
18
22
31
10
15
14
19
19
18
17
13
15
13
11
11
19
13
14
18
15
18
16
5
17
10
12
9
13
17
12
20
14
16
14
18
15
19
13
17
10
10
16
9
17
16
18
24
16
20
17
9
19
19
11
7
13
17
19
10
11
14
17
15
17
10
11
9
10
10
16
11
11
12
14
15
8
19
20
15
17
10
11
13
11
24
13
14
17
23
11
13
13
8
15
15
12
21
15
18
15
15
11
11
8
16
16
17
17
11
15
12
12
9
10
9
9
13
14
9
10
17
12
16
10
13
14
17
15
5
16
11
14
10
11
12
14
12
13
12
10
4
10
9
13
7
10
9
10
10
7
10
9
12
11
12
8
16
16
11
7
10
11
8
8
9
9
11
7
5
11
17
10
10
8
7
9
16
11
7
15
11
13
10
12
7
8
9
8
9
7
7
4
10
11
8
14
10
15
11
8
5
5
7
6
8
12
11
10
11
7
6
7
8
6
12
7
7
7
16
10
13
8
10
10
11
7
8
9
14
8
17
7
8
9
13
9
9
9
7
10
9
15
10
9
11
13
6
9
8
11
14
8
8
9
10
9
10
8
9
10
7
7
8
10
9
15
5
5
10
6
9
9
5
9
7
9
7
13
11
2
5
8
3
8
9
9
5
4
6
6
6
7
10
2
11
7
5
7
6
7
6
9
6
11
10
10
10
7
8
5
4
7
4
8
8
6
8
9
8
10
10
5
6
8
8
8
6
9
6
5
9
7
8
10
10
2
6
6
5
6
5
9
6
7
7
8
4
13
8
2
6
4
5
10
7
3
5
3
2
5
8
6
2
7
7
5
7
4
4
7
3
8
6
7
5
4
4
4
9
5
6
6
2
2
3
2
3
7
4
4
9
3
5
4
6
5
12
6
2
5
7
4
4
11
6
3
5
8
6
7
9
5
5
1
3
2
4
6
8
5
6
4
6
1
8
5
5
6
5
4
5
1
1
6
9
9
6
5
4
6
3
5
9
7
6
4
8
4
5
6
4
3
3
3
3
6
3
5
5
7
2
3
4
0
5
2
6
5
6
6
5
5
4
2
0
2
3
4
8
2
3
3
1
2
4
5
5
2
4
3
4
4
3
4
5
3
4
3
5
3
3
3
1
2
1
2
3
2
1
6
3
3
6
7
3
3
3
2
5
4
2
1
5
2
4
5
4
4
3
7
5
5
2
4
5
5
3
1
5
2
2
6
1
6
5
5
3
6
2
3
2
5
2
3
2
2
4
4
6
2
8
4
1
2
3
6
1
4
2
2
3
3
2
3
3
2
2
2
4
4
5
3
6
3
3
2
2
5
3
3
1
3
4
4
2
2
3
4
3
1
5
1
1
2
2
2
3
3
4
2
2
3
4
1
1
4
3
3
2
2
4
4
1
4
2
0
3
1
3
4
1
2
1
2
4
1
2
2
3
4
4
2
4
2
4
1
4
2
2
2
3
2
3
1
0
1
2
3
1
2
1
5
3
0
1
4
2
2
1
2
2
2
1
2
1
3
4
1
4
1
4
3
1
1
0
2
2
3
2
2
1
1
0
3
3
1
1
1
4
1
4
6
2
0
2
4
1
2
1
3
4
2
1
0
6
2
3
0
3
4
3
2
1
2
0
1
0
1
3
4
1
0
2
1
1
1
0
1
0
0
0
2
0
1
2
2
3
0
2
0
4
1
1
0
1
4
3
2
2
1
1
2
2
1
1
2
3
0
1
3
1
3
1
0
2
2
1
0
1
2
1
2
2
3
5
1
1
1
3
0
1
0
0
2
1
3
0
0
1
1
1
1
0
2
1
5
1
1
1
2
2
2
1
1
0
1
2
0
2
2
1
0
1
0
0
0
0
0
2
1
1
2
0
2
2
2
1
0
1
1
0
1
2
0
0
2
1
1
2
2
1
2
0
0
0
0
2
1
1
0
0
1
0
1
2
0
0
3
1
1
1
1
2
1
0
1
0
0
1
1
1
0
1
0
0
1
1
0
0
1
0
1
0
0
1
1
1
0
0
1
1
0
1
1
1
2
0
1
0
0
0
1
0
0
1
0
2
1
0
0
2
0
1
1
1
2
0
0
2
0
2
1
1
0
2
1
0
0
0
2
0
0
1
2
1
0
0
0
0
1
0
0
2
1
2
2
0
0
2
0
0
1
2
0
0
1
0
0
2
2
0
0
0
3
1
2
1
2
0
1
0
0
3
0
2
0
0
0
1
0
0
0
0
2
1
1
1
2
0
0
0
0
1
0
1
1
2
0
0
0
0
0
0
1
1
1
0
0
0
0
2
0
0
1
0
0
0
0
0
2
2
0
1
0
0
1
1
1
0
0
1
3
0
1
0
0
0
0
3
1
2
0
2
1
0
1
1
0
0
0
0
1
0
1
1
1
0
0
1
1
1
0
0
0
2
0
0
0
1
0
1
1
0
0
1
0
0
1
2
0
0
0
0
0
0
1
0
0
1
1
0
1
1
0
0
0
0
0
0
0
0
0
0
0
1
1
0
0
1
1
0
0
1
0
0
0
0
0
0
0
0
0
0
0
0
0
0
3
0
1
0
0
1
0
2
0
0
0
2
0
0
0
0
1
0
0
1
0
2
0
0
1
0
0
1
0
0
1
0
0
0
1
0
0
0
0
0
0
0
2
0
0
0
0
2
1
0
0
0
0
1
1
1
0
0
0
1
0
1
0
0
0
0
0
0
0
1
0
1
0
0
0
1
0
0
0
1
0
0
0
1
0
0
2
1
0
0
1
0
1
0
0
0
0
0
0
1
0
0
1
1
2
0
0
0
3
0
0
2
0
0
0
0
1
1
0
0
0
0
0
1
0
0
1
0
0
1
0
1
0
0
0
0
0
0
0
0
0
0
1
0
0
1
0
0
0
0
0
1
0
0
0
0
0
0
0
1
1
0
1
0
0
0
0
0
0
0
0
0
0
0
0
0
1
0
0
0
0
0
0
2
0
0
0
0
0
0
1
0
0
0
0
0
1
0
0
0
0
0
0
0
0
0
1
1
1
1
0
0
1
0
0
0
0
0
1
0
0
0
0
0
0
0
0
0
0
0
0
0
0
0
0
0
0
1
0
0
0
0
0
0
0
0
0
0
0
0
0
0
0
0
0
0
0
0
1
0
0
1
0
0
0
0
0
0
0
0
0
0
0
0
0
0
0
1
