0
0
0
0
0
0
0
0
0
0
0
0
0
0
0
0
0
0
0
0
0
0
0
0
0
0
0
0
0
0
0
0
0
0
0
0
0
0
0
0
0
0
0
0
0
0
0
0
0
0
0
0
0
0
0
0
0
0
0
0
0
0
0
1
2
1
1
0
3
4
1
4
4
4
1
4
2
6
2
3
7
6
16
38
131
395
864
2143
4837
9519
16794
27178
40986
54988
66314
72890
73456
66784
54867
41458
28069
17522
9768
5020
2337
1005
400
125
46
13
4
1
0
4
4
2
1
0
3
1
1
3
0
1
0
0
0
1
0
0
0
9
71
63
58
57
52
48
38
52
43
29
54
40
55
56
46
44
45
35
38
38
48
43
46
37
40
39
45
28
41
29
51
50
39
48
36
45
46
42
31
32
27
26
42
36
40
23
40
47
33
37
41
41
30
37
46
37
42
43
53
43
59
52
54
51
67
64
86
80
113
171
184
245
244
302
316
361
310
329
258
229
200
147
132
101
75
67
70
52
43
47
42
40
45
44
46
43
49
35
40
48
44
45
40
50
39
57
59
50
61
67
69
68
85
74
81
86
96
98
108
120
145
136
161
198
259
369
570
940
1440
2303
3565
5236
7442
10197
13262
16206
18596
20355
21064
20855
19642
17568
14655
11609
9063
6636
4867
3590
2478
1860
1382
1058
803
659
600
510
632
605
797
951
1269
1536
1841
2049
2307
2385
2358
2290
2105
1765
1507
1219
885
636
474
377
284
253
215
214
180
139
117
100
86
72
47
40
27
17
20
12
10
9
5
9
13
13
8
10
6
6
10
8
9
7
4
10
9
11
11
15
9
13
12
5
8
9
9
9
10
6
8
7
21
17
20
20
13
23
21
27
31
32
20
23
25
24
28
27
22
28
21
15
19
17
16
26
24
18
22
22
17
17
14
36
25
25
24
18
17
21
24
13
21
15
15
15
7
8
12
3
7
9
7
6
5
5
3
5
11
7
12
9
11
12
6
4
10
8
6
8
9
11
8
6
2
7
4
12
3
3
13
8
10
13
9
12
11
18
12
15
9
19
19
15
7
13
7
13
8
8
9
6
12
5
8
13
11
9
13
5
11
10
10
10
12
14
11
16
14
7
6
8
5
8
9
6
8
5
5
3
6
5
4
7
6
5
5
7
7
8
7
9
10
7
4
11
5
10
7
6
4
8
6
6
5
5
5
9
3
6
5
8
5
8
5
8
2
4
9
7
6
7
8
6
3
8
5
7
8
9
8
8
7
7
6
4
8
3
11
5
9
6
7
6
11
5
8
8
7
8
4
6
12
7
13
6
11
8
8
8
13
6
5
7
4
8
11
7
7
10
5
9
7
9
5
9
10
8
10
13
14
10
7
6
6
10
10
7
9
2
9
15
6
3
10
13
7
7
3
13
4
10
12
5
13
9
8
8
13
9
13
13
15
8
11
13
7
16
15
8
15
14
9
14
10
8
14
8
5
14
12
14
13
17
10
11
11
15
10
10
16
17
28
13
14
21
21
21
15
22
20
27
32
35
28
38
43
27
34
29
36
46
42
41
38
36
41
23
39
40
34
45
40
32
28
24
33
45
35
36
42
29
34
27
27
30
34
31
24
23
24
31
20
29
27
22
24
29
25
34
23
23
30
13
21
18
13
15
29
19
25
24
22
16
27
23
15
26
20
18
20
21
22
24
18
29
19
13
19
33
26
32
25
23
20
40
27
26
25
23
19
24
24
24
18
29
25
27
31
38
27
30
16
28
33
27
36
20
20
28
28
28
34
25
40
45
30
31
34
33
29
40
33
37
34
38
40
40
42
33
40
49
32
33
33
30
48
44
40
40
31
47
39
51
43
42
54
41
42
57
50
55
40
62
73
54
56
61
64
56
52
60
69
42
60
46
50
65
73
73
71
68
77
77
60
64
79
57
83
80
86
76
68
105
76
99
85
98
102
107
94
93
105
95
93
91
99
124
93
86
96
86
83
91
81
83
82
81
82
76
91
86
96
96
75
85
82
87
77
87
77
79
64
101
73
87
100
79
68
91
72
79
68
82
84
88
61
99
79
98
78
69
75
85
65
70
86
77
93
78
84
66
64
69
70
85
65
73
76
86
79
76
77
77
69
95
87
76
65
82
75
54
84
91
75
100
79
91
97
77
82
79
81
103
87
95
83
67
69
80
93
75
65
77
84
79
64
65
74
84
71
100
87
95
87
86
90
73
100
84
88
67
89
82
100
84
76
79
92
77
79
72
108
92
98
104
99
102
85
101
75
89
80
98
97
100
102
89
109
117
120
120
121
163
180
192
210
274
322
427
533
692
842
1076
1284
1684
1987
2458
2810
3228
3773
4026
4562
4927
5054
5321
5552
5353
5342
5055
4837
4315
4044
3684
3178
2780
2322
1864
1629
1302
1018
749
624
464
358
286
236
213
180
145
135
126
131
98
124
121
94
107
110
118
102
108
104
118
106
100
98
116
104
94
110
93
113
90
91
95
122
85
103
96
120
115
114
128
118
112
101
121
109
121
130
95
90
129
118
121
130
119
122
102
135
119
127
117
150
147
134
158
148
167
159
183
207
207
266
283
333
345
402
435
495
581
620
614
721
701
860
799
817
814
778
752
745
712
689
641
590
493
410
384
321
289
252
246
203
182
189
192
142
153
157
151
154
129
137
129
125
124
145
131
155
159
128
147
157
143
170
126
161
145
124
127
150
155
166
137
182
154
158
152
164
176
174
142
174
152
139
159
155
156
199
150
187
200
170
167
190
190
206
190
199
190
223
204
190
204
190
194
198
213
234
223
258
223
263
249
271
232
229
266
252
256
286
262
254
293
254
264
289
287
298
290
292
294
302
317
311
306
333
319
343
342
322
315
338
321
368
350
331
359
349
359
418
336
357
333
342
323
350
344
367
381
376
350
342
346
311
343
340
310
310
359
320
339
300
282
296
284
267
322
306
285
269
303
274
284
245
275
220
227
228
233
213
232
232
204
222
221
225
252
222
193
204
202
210
191
217
195
202
211
213
211
195
151
189
199
190
170
192
190
171
181
178
167
191
180
191
175
170
167
175
200
159
163
167
168
124
168
180
172
163
176
176
185
169
168
174
146
165
171
160
176
172
159
172
164
169
142
174
164
169
134
174
176
198
202
198
171
197
174
189
179
172
194
206
198
200
179
195
216
225
212
187
217
224
216
209
214
237
220
204
241
216
239
206
197
193
205
180
201
188
184
225
226
201
197
216
215
209
209
204
192
207
216
190
219
214
210
175
222
179
181
179
176
169
175
203
166
185
164
168
169
169
153
167
178
203
174
185
181
179
159
148
165
173
193
183
171
178
160
166
182
174
185
189
168
191
184
186
159
192
173
188
150
147
153
172
184
179
203
169
152
165
180
194
186
180
185
163
208
190
182
189
174
179
199
195
195
166
180
176
164
174
176
184
192
168
185
186
177
187
175
174
193
189
201
208
193
202
192
182
199
184
182
190
182
206
200
198
180
215
184
203
188
194
205
206
180
199
194
193
180
209
211
193
223
187
186
197
177
200
187
193
206
209
186
181
215
220
235
224
219
208
228
207
204
214
188
200
184
199
189
209
215
231
215
221
203
206
208
226
216
205
199
205
205
255
221
221
220
221
239
204
213
223
218
241
237
217
252
239
255
225
223
239
249
221
235
251
239
236
248
244
196
249
227
227
237
247
250
250
257
221
224
236
207
250
235
249
230
232
211
229
244
243
215
227
261
248
243
253
234
212
214
228
223
239
207
220
225
212
212
208
241
240
200
217
245
237
205
230
215
224
217
229
206
205
186
211
188
200
226
212
217
210
229
196
200
202
199
209
197
188
213
204
178
197
224
189
221
211
196
208
175
209
168
211
209
193
180
228
195
223
207
170
213
197
183
200
208
201
187
181
202
205
179
212
192
198
216
188
189
179
199
211
210
199
205
188
207
188
186
206
184
165
231
191
187
219
203
204
205
202
207
207
214
193
206
213
205
206
197
182
176
215
203
183
203
211
195
212
177
187
192
204
190
174
224
216
184
180
179
185
195
191
178
215
199
180
213
185
196
226
201
221
180
202
218
183
196
231
193
204
183
207
191
196
217
171
214
184
218
178
200
178
200
219
186
188
199
207
176
187
224
199
214
193
179
184
178
213
210
209
193
203
214
221
222
178
212
219
198
191
205
216
232
172
205
216
192
197
211
213
190
202
220
211
174
190
206
218
188
188
213
205
219
185
228
210
218
211
195
223
195
206
194
216
205
203
207
204
204
227
209
206
220
212
223
198
233
222
198
219
227
222
217
246
234
212
232
218
235
218
229
217
248
234
232
278
238
225
224
224
237
246
260
230
253
244
227
259
266
265
240
269
269
278
261
265
254
260
284
253
283
275
299
318
283
298
302
278
300
302
320
282
323
345
289
327
287
311
323
365
326
344
358
363
364
374
403
388
405
430
445
425
434
431
437
461
469
511
494
498
525
578
588
556
621
609
643
627
711
705
683
737
743
767
753
793
811
823
863
916
944
994
973
1030
1009
1074
1106
1042
1057
1203
1139
1123
1158
1151
1166
1205
1141
1157
1206
1164
1195
1149
1153
1229
1195
1144
1133
1193
1114
1091
1064
1091
1058
1074
1038
1030
954
938
974
862
858
836
794
853
778
757
732
731
664
651
648
596
595
570
547
535
486
533
432
496
452
435
390
383
374
408
389
392
387
371
347
344
350
290
306
328
335
292
292
283
277
268
283
272
260
232
242
275
220
252
255
228
232
237
201
223
217
228
198
191
218
216
191
189
206
180
201
205
192
214
217
172
197
215
182
199
199
186
202
173
221
210
227
242
230
207
215
234
252
268
284
258
291
308
319
307
323
323
347
375
361
367
400
393
429
391
388
388
396
377
371
376
368
345
329
294
316
268
272
266
231
231
217
213
201
164
192
185
163
153
148
149
146
136
125
141
144
127
123
120
117
137
147
121
139
148
128
159
151
129
150
130
133
163
134
157
136
138
150
145
143
144
149
151
168
175
150
156
156
137
164
158
175
177
193
179
179
182
186
161
156
182
205
202
212
196
209
208
221
184
209
181
217
216
230
181
213
213
225
220
227
232
215
190
217
217
222
202
227
239
219
223
217
225
195
223
208
191
203
205
207
176
194
165
177
172
182
163
165
153
159
151
178
169
162
147
160
124
143
137
148
117
136
120
112
109
113
117
127
87
109
116
112
109
108
82
99
88
111
85
95
95
89
94
79
84
87
72
88
88
101
70
79
73
83
82
76
80
74
64
66
65
79
69
56
56
72
60
73
63
60
57
53
55
53
71
58
58
54
65
61
62
55
59
61
68
50
66
51
60
73
56
40
44
48
55
55
50
54
62
49
60
51
40
45
48
42
45
52
45
53
47
43
52
43
59
44
57
43
55
59
45
49
45
43
49
40
67
62
60
62
67
60
81
62
62
96
74
66
61
66
64
66
71
64
67
58
76
41
47
61
40
55
64
46
56
56
44
39
44
52
48
40
30
47
33
31
45
27
40
40
37
41
40
43
39
30
34
27
46
39
42
39
37
33
40
42
37
37
33
40
46
37
49
51
41
38
38
34
30
32
32
44
26
24
26
32
32
25
21
29
29
23
36
27
30
31
30
27
28
30
24
35
26
38
33
29
24
26
31
23
26
33
23
33
36
33
23
39
20
25
25
27
25
24
27
16
27
24
27
19
26
26
29
29
18
25
32
29
40
28
34
22
30
29
30
34
23
17
24
30
31
27
27
23
27
22
23
28
14
27
23
31
32
15
22
32
19
28
17
23
26
41
23
25
20
26
22
26
26
23
25
26
24
25
29
30
27
27
26
19
20
19
29
30
15
18
23
23
15
27
26
28
24
23
23
20
22
19
19
19
26
25
24
22
22
18
22
31
18
13
16
20
24
23
28
18
22
24
12
17
23
21
26
21
20
26
16
15
24
15
15
19
27
24
17
14
19
20
22
18
17
18
16
19
22
22
22
25
18
21
16
15
19
21
24
24
24
21
17
19
16
17
20
23
21
19
22
19
18
18
24
22
15
21
24
21
13
13
21
25
19
12
19
18
16
15
18
15
15
17
15
14
17
19
12
16
14
17
26
20
16
19
20
24
14
15
22
17
18
11
16
8
19
21
17
15
14
21
13
17
14
16
13
16
16
16
14
22
11
15
14
15
11
18
18
20
18
14
21
18
10
11
11
16
13
11
19
17
18
11
19
19
6
14
21
13
14
12
15
15
13
18
11
10
11
17
13
13
14
19
18
12
12
11
13
9
14
14
14
12
12
15
11
12
15
13
10
18
15
9
11
15
19
11
14
16
12
21
11
11
19
13
16
10
14
15
12
18
18
14
10
20
16
15
15
12
13
9
12
11
14
10
7
7
18
13
8
9
15
9
13
9
9
14
7
12
8
9
10
8
11
15
16
13
15
15
12
15
9
12
5
9
7
16
14
8
11
6
15
17
15
5
6
13
8
12
7
9
11
11
10
14
17
12
11
19
7
12
12
6
12
12
12
15
13
10
8
13
16
14
14
9
10
8
13
8
11
10
5
6
14
7
13
8
12
9
9
8
13
10
13
6
5
9
4
14
10
10
4
8
6
7
12
13
6
11
12
11
9
4
3
12
5
8
9
10
10
13
12
8
5
12
10
10
7
15
12
7
13
8
10
11
7
11
8
5
9
10
14
9
7
9
9
5
6
14
6
8
6
10
7
1
5
5
5
19
7
4
12
8
5
9
12
9
11
8
12
9
6
11
1
6
4
8
10
12
3
8
11
8
8
4
11
10
8
6
9
9
8
10
7
5
9
5
6
7
5
8
3
6
10
10
8
4
11
10
7
5
9
2
9
7
9
9
4
5
4
11
4
7
5
4
5
7
4
8
9
5
5
7
10
7
8
9
4
9
5
3
5
4
10
2
8
3
8
5
5
7
4
6
6
5
8
5
4
5
9
4
6
9
9
6
3
6
4
8
8
2
6
9
6
8
4
1
7
6
5
1
10
3
3
6
2
2
2
13
7
4
4
8
3
3
8
9
1
1
4
11
7
3
8
7
4
6
8
4
8
4
4
3
10
9
4
8
5
4
9
8
5
4
5
5
5
8
8
2
4
7
5
2
6
3
6
4
2
5
6
2
2
7
4
4
4
2
6
7
3
5
6
6
7
3
4
5
3
9
7
3
5
5
9
1
3
2
2
2
0
4
4
4
3
5
2
4
3
12
3
7
4
5
5
3
1
1
6
4
2
4
11
6
8
5
5
5
3
1
7
9
1
2
5
7
1
3
4
2
6
5
5
7
2
1
0
5
4
2
1
3
1
0
5
6
1
2
4
3
3
3
6
4
4
7
4
2
3
2
5
7
1
7
4
5
9
2
3
5
3
6
5
5
3
1
1
4
2
4
2
7
2
3
2
4
3
2
6
1
3
2
1
2
1
2
5
0
2
5
3
2
0
4
1
5
5
5
5
2
1
2
0
2
4
1
4
5
1
4
3
4
0
2
1
2
6
2
2
4
4
2
1
5
5
1
2
5
3
1
4
3
6
2
3
2
6
0
3
4
4
4
2
4
2
1
2
3
0
5
3
2
2
2
5
4
4
2
3
2
3
1
2
3
2
1
4
2
1
4
4
0
2
6
5
0
1
2
3
1
1
6
3
1
3
1
2
0
1
3
3
3
2
1
1
2
2
3
2
1
3
6
2
2
2
1
1
4
3
1
1
0
5
2
1
1
3
4
4
3
0
3
2
0
6
0
1
3
2
1
1
1
1
1
3
0
2
0
4
1
2
0
3
2
0
3
2
2
2
2
4
1
3
3
5
0
2
1
2
0
0
2
3
0
2
2
3
0
1
3
2
4
3
2
2
0
1
1
1
0
2
1
2
0
2
2
0
1
4
1
4
1
0
1
2
2
2
1
2
2
1
1
1
1
1
1
4
1
2
0
3
3
1
2
2
1
1
3
1
2
1
0
4
2
1
2
3
2
2
2
0
1
2
2
1
0
0
4
0
0
4
1
3
3
4
0
2
0
1
0
1
2
1
0
1
0
4
1
3
1
0
1
0
4
0
1
1
4
0
4
2
0
0
1
1
0
0
2
0
0
0
2
1
2
0
0
4
0
0
0
1
1
1
0
1
2
0
4
0
2
0
2
1
0
0
0
0
0
0
0
0
0
2
1
0
1
1
3
1
0
0
1
0
0
1
1
1
0
0
1
0
1
0
0
0
0
3
0
1
2
0
0
2
1
0
0
0
2
0
0
2
1
0
2
2
3
2
3
0
1
2
1
0
0
1
0
1
2
1
1
1
0
0
0
0
1
2
3
1
0
1
0
0
0
0
1
0
1
1
1
0
1
1
0
2
1
0
0
1
2
3
1
1
0
0
0
0
0
1
2
1
2
1
0
2
1
0
1
2
2
1
0
1
1
2
1
1
1
1
0
0
0
0
0
0
1
0
2
0
0
0
1
0
1
1
1
0
2
1
0
2
3
0
0
2
1
0
0
1
0
0
1
0
0
0
1
0
0
0
0
0
0
0
0
1
0
1
2
0
0
0
0
0
2
0
1
0
0
0
0
1
0
1
0
0
0
0
0
0
0
0
1
1
0
1
0
1
0
0
0
1
0
0
2
1
1
0
1
0
0
0
0
2
0
0
0
0
1
0
0
0
2
0
0
2
2
1
0
1
0
0
2
1
0
2
0
0
0
0
1
0
0
0
0
1
0
0
0
0
0
1
0
0
0
1
0
0
1
0
1
0
1
0
0
1
0
1
1
0
1
1
1
0
0
2
1
0
0
0
2
1
0
0
0
0
2
0
0
0
0
0
0
1
0
0
0
1
0
1
0
0
0
0
1
0
0
0
0
0
0
0
0
0
0
0
0
0
0
0
0
1
0
0
0
0
0
0
0
1
1
1
0
2
0
0
2
0
0
0
1
0
1
1
0
2
0
0
0
0
0
0
0
0
0
0
0
0
0
2
1
0
0
2
0
0
0
0
1
0
1
0
0
0
1
1
0
0
0
0
1
0
0
0
0
0
0
0
1
0
0
0
0
0
0
0
0
0
0
0
1
0
1
0
1
1
1
1
1
0
0
0
0
0
0
0
0
1
0
0
0
0
0
0
0
0
0
1
0
0
1
0
1
0
1
0
0
0
0
1
0
0
0
2
0
1
0
0
1
0
2
1
0
0
0
0
1
0
0
0
0
0
0
0
0
0
0
0
0
0
0
0
0
0
0
0
1
0
0
0
1
1
1
0
0
2
0
1
0
0
0
0
0
0
0
0
0
0
0
0
0
1
0
1
0
0
0
2
0
0
0
0
0
0
1
0
1
0
0
0
1
0
0
