0
0
0
0
0
0
0
0
0
0
0
0
0
0
0
0
0
0
0
0
0
0
0
0
0
0
0
0
0
0
0
0
0
0
0
0
0
0
0
0
0
0
0
0
0
0
0
0
0
0
0
0
0
0
0
0
0
0
0
0
0
0
0
0
0
0
0
0
0
0
2
1
2
5
5
3
1
2
3
2
6
6
14
46
129
377
913
2236
4818
9659
17149
27886
41096
54721
66089
72813
72763
66535
54471
41326
28270
17329
9998
5042
2333
1015
370
116
44
15
3
2
1
4
0
1
1
0
0
0
1
1
1
0
2
0
0
0
0
0
0
9
45
49
55
53
45
42
54
49
53
51
47
52
44
47
36
29
47
43
47
44
34
44
44
43
43
45
40
58
34
41
37
32
40
35
43
32
38
30
32
31
33
35
44
34
38
35
50
39
41
38
47
46
40
35
45
47
39
46
47
46
50
57
51
52
45
70
77
100
111
149
190
240
253
315
318
332
334
309
295
251
213
163
145
109
86
62
61
62
53
51
44
37
42
47
38
44
34
41
34
50
42
49
47
37
52
47
60
57
51
61
66
52
66
102
89
84
91
89
89
112
107
127
128
154
189
275
452
762
1336
2210
3152
5117
7237
9766
12681
15307
18201
19895
20482
20225
18921
16795
13920
11393
8706
6379
4749
3432
2437
1776
1265
889
693
585
440
422
395
525
673
892
1173
1440
1820
2102
2321
2528
2379
2342
2164
1818
1509
1160
924
707
505
376
313
241
232
221
177
147
133
115
82
56
42
38
33
21
13
11
14
8
9
8
5
9
11
9
12
10
9
10
7
4
9
10
6
4
7
14
5
6
11
10
6
6
18
7
12
7
13
18
11
15
11
14
11
29
25
13
23
27
31
21
28
34
21
24
19
16
22
10
22
29
21
24
17
25
23
26
16
20
17
18
16
19
9
21
17
16
23
24
21
18
13
17
9
6
7
2
8
8
3
1
9
7
8
4
7
10
8
7
0
6
6
6
1
7
9
7
4
5
6
2
5
4
2
2
4
10
7
4
11
14
6
13
15
9
11
18
16
16
13
8
10
8
11
10
15
8
11
13
8
8
10
7
9
11
14
15
15
10
14
14
13
15
9
19
13
6
8
5
7
12
2
3
5
8
2
7
5
4
5
6
7
6
9
11
9
4
8
7
7
6
8
5
4
7
11
12
3
8
3
3
3
4
2
5
7
7
6
4
9
4
4
3
9
2
6
7
3
7
5
5
7
7
5
2
1
10
14
7
7
6
5
8
6
7
5
9
6
10
11
4
4
9
3
7
5
6
1
3
5
7
11
8
3
6
9
11
8
8
9
8
8
10
4
9
10
4
8
10
5
9
7
7
5
11
10
6
7
7
10
10
7
8
9
12
8
6
8
5
11
4
10
11
2
5
6
9
10
6
6
7
8
7
7
12
7
10
13
5
7
11
8
8
11
9
13
17
8
13
9
11
9
8
9
9
9
15
16
7
15
16
11
5
13
15
13
9
11
14
16
13
14
8
9
14
17
12
20
9
15
21
17
18
18
18
16
16
19
21
12
26
17
18
15
28
25
21
15
19
18
23
19
19
18
22
24
20
17
20
15
15
14
14
16
15
14
14
13
18
15
20
21
18
21
17
21
19
18
32
22
16
20
14
12
25
16
17
12
26
23
10
22
19
22
20
16
25
25
13
20
25
28
21
37
29
26
18
21
25
33
25
27
23
23
25
29
18
31
24
29
24
31
27
26
24
27
26
31
36
27
34
25
32
39
31
38
37
31
26
36
26
38
43
33
30
26
46
37
42
35
32
41
44
42
41
39
40
44
41
37
42
35
40
34
35
39
50
54
48
47
47
46
51
65
43
41
65
59
69
48
62
46
53
59
38
50
50
58
60
68
68
63
54
60
54
76
63
64
65
70
72
72
62
86
79
81
77
84
84
79
73
66
92
85
97
111
97
108
97
126
100
96
73
93
90
84
75
86
75
84
83
76
79
82
79
76
86
85
67
81
80
65
77
71
72
59
68
75
83
61
64
69
79
66
82
81
73
71
70
59
77
53
66
81
63
79
75
82
86
55
63
74
83
69
85
73
69
77
80
78
67
66
64
61
69
55
79
70
73
71
73
66
58
51
82
72
82
70
71
64
65
83
63
57
75
71
70
70
55
71
65
67
76
56
75
69
63
85
78
66
80
67
79
65
88
65
69
87
71
80
68
73
62
67
87
79
78
76
79
69
71
61
76
93
74
83
76
81
86
69
79
79
70
80
72
83
90
82
82
91
86
88
103
84
94
102
91
107
112
120
139
159
172
241
259
362
439
590
725
931
1147
1471
1711
2176
2505
2959
3336
3664
4172
4537
4846
5151
5159
5116
5329
5151
4926
4628
4304
3858
3314
3012
2693
2295
1889
1475
1240
956
756
625
491
361
260
234
213
163
138
131
101
104
109
113
106
89
90
120
104
121
91
88
81
80
96
90
92
112
107
100
107
104
87
117
110
107
94
108
95
107
111
95
101
115
102
105
109
124
96
98
116
116
110
113
120
116
121
111
122
126
129
127
105
126
107
109
143
158
151
162
192
197
236
261
274
289
389
366
406
482
570
576
662
727
730
724
775
815
798
749
754
655
705
628
594
521
452
411
375
332
307
302
237
217
203
163
163
153
150
134
154
150
150
140
140
159
127
154
131
144
138
147
153
133
169
126
147
144
157
128
152
169
145
178
153
149
145
161
166
166
168
173
168
156
187
177
150
165
161
199
170
190
176
188
192
170
179
196
184
190
156
182
210
206
204
167
179
198
199
209
197
212
186
212
217
208
223
199
211
226
255
209
201
214
239
236
252
197
235
240
229
234
227
189
202
207
234
215
212
218
213
199
197
221
206
219
193
210
181
183
190
189
185
198
211
190
194
181
179
173
208
181
201
195
167
161
187
156
172
177
157
175
159
167
169
196
190
181
167
168
158
159
175
151
157
155
161
144
139
151
149
158
168
166
155
138
160
160
168
151
148
178
152
154
166
169
141
172
142
161
156
153
133
123
147
158
158
145
139
134
129
180
142
137
150
137
136
156
169
165
151
157
178
159
150
169
131
154
143
149
143
156
152
163
132
152
141
152
162
154
155
155
153
168
155
171
148
165
163
154
135
138
161
148
133
155
148
141
162
123
178
145
129
156
165
160
151
149
155
164
173
163
142
162
180
161
157
144
155
171
163
139
167
162
171
139
165
158
161
153
178
160
171
146
154
158
162
153
167
154
177
157
183
158
180
145
187
174
152
169
150
165
167
172
168
163
178
181
161
159
164
182
152
201
154
183
154
169
178
155
163
183
181
190
198
181
167
181
170
179
187
167
157
175
195
167
186
190
171
191
162
190
184
154
146
156
171
199
182
161
170
168
177
185
170
178
159
174
185
186
186
183
192
151
195
177
205
178
171
153
168
162
195
181
200
171
193
213
209
198
174
198
178
181
190
197
185
196
203
189
200
186
205
193
174
199
172
205
203
201
201
207
236
214
206
208
250
234
222
199
214
181
216
218
220
226
246
199
244
199
211
220
219
224
224
219
227
237
245
229
221
226
242
228
250
225
220
256
221
219
234
234
236
213
226
241
231
251
252
235
210
245
235
239
245
217
213
217
259
225
246
232
249
265
244
253
224
265
289
245
265
248
222
251
222
247
225
229
236
228
282
238
229
229
224
236
226
239
244
235
222
236
193
240
224
243
221
229
214
215
220
226
221
216
212
235
210
207
223
223
213
220
226
184
210
208
184
220
211
184
212
213
219
203
222
193
196
208
193
199
169
195
198
182
213
213
195
210
202
213
188
186
185
207
188
204
183
163
191
220
175
176
198
189
217
172
200
179
206
181
182
196
187
179
169
181
184
182
171
194
173
187
190
183
201
184
183
202
161
207
175
190
178
192
209
209
204
183
184
188
191
187
222
179
189
182
210
184
221
228
219
206
185
202
208
198
196
194
200
190
193
184
193
208
206
199
196
191
176
214
185
168
181
169
235
209
196
185
189
204
186
201
197
177
177
198
210
190
191
202
204
202
194
196
196
187
166
182
200
165
201
186
199
185
204
214
181
194
214
191
180
164
193
193
176
206
194
225
189
196
202
188
192
181
164
174
198
188
181
194
200
210
173
214
191
196
201
191
176
200
170
215
186
191
187
203
178
218
232
180
196
207
200
197
203
211
194
207
198
217
189
208
198
219
200
207
221
190
203
200
216
207
227
195
198
205
209
205
212
225
200
242
217
179
223
205
183
191
225
182
198
197
210
226
208
191
221
233
217
224
212
229
221
231
220
234
236
222
258
232
237
211
229
233
239
245
238
232
265
256
260
261
247
254
239
238
262
249
270
251
268
299
261
274
281
256
266
270
274
267
259
284
297
281
268
278
323
340
285
329
272
305
308
292
314
317
305
323
311
282
353
329
344
361
354
329
386
397
373
400
426
428
397
423
441
439
452
414
473
490
512
571
541
556
549
581
627
635
651
691
656
683
693
736
745
788
750
782
863
864
881
924
917
993
991
1004
1063
1073
1114
1117
1031
1048
1147
1129
1111
1157
1182
1214
1237
1177
1264
1173
1231
1186
1165
1187
1179
1222
1155
1139
1186
1096
1113
1092
1038
1030
1094
955
934
967
900
921
954
889
858
803
770
745
742
725
679
627
651
648
603
582
582
517
514
526
482
453
509
421
436
420
403
391
350
365
408
375
354
332
297
326
292
308
273
296
264
291
264
264
252
245
276
229
240
266
270
254
228
254
248
226
210
202
253
227
239
247
221
230
216
227
220
197
185
185
177
183
190
185
216
185
197
216
161
200
175
188
200
205
230
212
209
211
233
244
276
254
300
290
323
289
278
347
335
320
312
357
362
356
366
371
347
376
366
389
371
352
369
351
350
321
342
307
346
316
297
279
228
254
237
247
222
209
211
192
166
171
177
152
139
150
133
140
144
135
123
115
128
137
129
136
135
149
113
148
121
132
171
139
127
129
149
145
148
150
135
164
148
163
152
163
141
172
164
171
164
180
189
172
183
179
185
220
187
223
191
170
202
210
185
206
177
182
215
226
216
207
212
203
222
204
191
195
218
236
228
207
217
236
218
218
199
199
213
202
224
217
213
244
203
214
205
198
187
204
175
188
182
176
179
163
193
172
179
163
153
153
176
154
117
172
139
150
129
132
137
161
136
135
146
114
127
119
126
113
123
114
126
110
116
85
114
112
118
87
91
97
103
106
91
85
84
100
102
97
103
99
87
88
84
90
70
68
57
70
77
81
72
70
59
63
78
67
73
83
79
72
65
71
62
72
58
64
64
68
60
57
58
51
64
69
59
56
60
58
59
67
59
65
53
53
65
69
49
47
57
36
57
54
54
58
69
53
49
57
53
64
56
51
50
38
40
42
45
56
46
40
49
50
52
62
53
66
58
58
53
67
76
67
70
61
63
58
62
62
72
63
79
82
75
70
63
56
60
57
61
64
58
45
61
58
52
48
36
52
52
46
40
58
53
53
39
44
41
27
34
31
30
49
33
38
48
44
52
38
47
42
34
36
40
46
40
36
17
40
40
37
35
34
26
33
42
50
36
36
38
31
28
35
37
32
40
30
28
27
32
36
33
43
29
29
34
34
45
22
38
26
36
36
23
34
29
23
35
38
29
22
35
27
41
33
26
44
34
22
32
22
25
29
26
32
39
26
27
23
26
29
19
36
24
29
30
29
22
25
24
31
28
30
26
28
29
28
25
21
20
26
29
26
28
31
31
26
34
29
20
31
30
21
21
24
25
29
17
27
32
23
29
23
32
31
19
16
28
23
20
30
26
20
17
27
28
27
27
20
29
20
27
24
16
25
22
26
21
26
29
30
30
22
36
29
23
23
22
20
28
27
28
27
25
23
19
16
24
26
15
18
30
24
21
23
22
20
26
26
20
26
28
20
17
19
22
26
19
28
21
15
23
30
18
22
30
20
21
24
24
19
15
24
19
20
31
16
24
21
30
21
20
20
15
25
17
18
21
13
24
14
9
16
14
30
16
18
16
15
21
16
16
18
29
20
15
12
15
14
22
14
26
17
18
16
15
15
17
21
19
23
18
21
16
20
15
12
16
21
20
31
16
25
14
20
18
20
15
14
18
18
18
15
16
17
21
16
14
11
15
17
12
17
16
16
17
19
16
17
10
16
17
28
12
19
18
17
15
20
15
25
15
20
13
23
12
11
24
16
13
17
14
13
19
14
9
16
14
14
14
17
13
21
16
21
11
14
14
17
10
19
15
13
16
9
11
11
15
18
17
19
12
18
16
11
20
17
14
10
16
4
16
12
14
16
14
6
12
22
14
6
17
9
11
16
15
16
12
8
7
13
23
12
10
14
12
10
9
13
16
14
16
10
13
16
8
8
14
12
17
13
8
12
11
11
17
9
10
9
16
13
11
19
6
14
14
11
12
7
5
5
6
13
20
9
8
15
16
13
9
9
12
12
12
18
9
9
10
8
9
10
8
17
12
16
11
11
11
11
12
18
9
11
11
15
6
9
9
19
14
6
9
19
13
13
10
20
16
10
12
10
14
13
6
14
16
5
10
5
11
9
9
16
8
10
12
6
8
12
9
12
4
17
6
13
15
13
15
9
12
8
10
6
12
6
6
9
14
10
5
10
10
9
10
10
7
8
10
11
11
14
7
3
8
7
10
7
6
5
9
8
12
8
10
6
10
11
11
8
9
5
8
12
13
8
10
12
8
8
12
10
6
7
5
10
8
6
9
7
12
11
10
12
9
10
8
5
8
5
8
8
9
6
9
8
16
12
8
1
4
9
15
12
12
5
5
5
4
10
5
6
5
4
10
8
9
10
9
7
7
3
7
5
5
9
5
4
6
4
11
9
5
5
6
10
7
7
5
9
7
13
7
10
7
10
9
6
8
1
7
4
1
2
6
5
8
10
4
6
6
8
8
7
5
6
3
8
8
9
3
5
4
7
2
5
10
2
11
10
5
11
2
5
1
6
5
5
5
3
6
3
5
6
6
5
8
6
9
7
4
3
3
3
10
6
5
9
5
5
5
3
6
10
5
4
3
3
2
5
3
4
6
7
7
3
3
8
4
6
5
4
6
3
6
6
1
7
7
4
3
5
4
4
3
6
3
3
2
2
4
5
6
3
6
6
6
2
6
5
4
5
4
2
3
5
8
2
3
4
2
5
7
3
4
7
8
4
4
9
5
5
3
3
6
3
3
4
5
4
5
9
5
4
2
4
4
6
4
0
4
5
6
6
4
4
4
5
3
3
5
1
3
3
3
3
6
3
3
5
4
5
4
6
6
2
8
4
3
5
4
5
3
0
3
5
3
1
5
5
2
7
2
7
1
3
1
1
1
1
2
6
3
3
5
3
1
1
3
3
2
6
2
1
3
4
3
3
2
1
4
6
3
5
3
0
4
4
3
4
6
4
1
2
4
5
2
5
1
4
2
2
3
4
1
1
4
6
0
4
2
1
3
4
3
3
2
3
1
1
3
3
1
4
2
1
2
2
1
2
1
3
5
4
5
2
3
1
4
5
6
3
1
3
0
4
0
6
0
0
2
0
1
3
2
4
3
2
4
3
4
1
2
3
5
3
4
3
0
3
1
3
0
2
2
1
1
5
3
4
4
2
2
5
0
2
2
4
2
1
1
4
2
7
0
1
1
2
2
2
2
2
3
4
0
3
1
1
1
4
3
1
2
1
2
0
2
0
4
1
2
3
3
1
3
4
1
0
3
2
5
4
3
2
1
0
1
1
4
2
1
4
1
2
3
6
4
4
2
0
3
3
1
1
2
2
1
2
3
3
0
1
2
2
1
5
6
3
3
1
1
1
5
2
1
2
2
3
0
4
2
1
1
1
1
4
1
3
0
0
2
0
1
1
2
0
1
1
1
4
2
5
2
0
3
2
2
1
1
0
3
0
1
6
2
0
0
0
2
3
0
1
1
1
1
1
1
2
2
2
1
3
0
2
4
0
2
1
1
3
1
2
2
2
2
1
0
2
1
3
1
1
0
1
1
2
0
0
3
1
1
1
0
0
0
0
0
1
1
2
1
3
4
1
0
2
2
1
4
1
0
1
0
0
0
2
0
1
2
0
0
1
1
0
1
0
1
3
0
0
1
0
1
1
1
2
0
0
1
2
1
1
1
0
0
2
0
2
0
0
1
0
1
1
0
1
1
2
0
1
1
2
0
1
1
2
1
2
1
1
0
0
2
0
3
2
1
0
1
0
0
2
2
2
0
1
0
0
0
0
3
0
1
0
1
0
1
2
1
2
0
1
0
3
4
0
1
1
2
1
0
0
1
0
0
0
2
2
1
1
1
1
0
0
0
0
0
0
0
0
1
0
1
1
3
1
0
0
4
1
0
0
0
0
1
0
1
0
1
0
1
0
0
2
0
0
0
1
1
1
0
1
1
1
0
0
1
2
1
1
2
2
0
0
0
0
0
2
2
0
1
0
0
0
0
1
1
0
1
0
0
0
3
0
3
0
0
0
1
1
0
0
0
2
1
0
1
0
1
0
0
0
0
0
0
1
0
1
0
0
0
0
1
0
1
1
2
1
0
0
0
2
2
0
1
0
0
0
0
2
0
0
1
0
0
1
0
0
1
0
0
0
0
1
1
0
1
1
0
2
0
0
0
1
0
1
0
1
1
0
1
2
2
0
0
0
0
1
2
3
1
2
1
0
0
0
0
1
2
1
2
0
1
1
0
1
1
1
0
0
1
0
1
0
1
0
0
0
0
1
1
1
1
0
2
0
0
0
0
0
0
0
0
1
0
0
1
1
0
1
0
0
1
0
0
0
0
1
0
0
1
0
1
1
0
1
0
0
0
0
1
1
1
2
1
0
0
0
0
0
1
0
0
0
0
1
0
0
0
1
0
1
0
1
1
0
1
1
0
0
1
0
0
1
1
0
1
0
0
1
0
1
1
0
0
0
1
1
0
0
1
0
0
2
1
0
0
0
0
0
0
0
0
0
1
2
0
0
0
0
0
0
0
1
0
0
0
0
0
0
0
1
0
0
0
0
1
0
0
0
0
1
0
1
1
0
0
0
1
1
0
0
0
0
3
0
0
0
0
1
0
2
1
1
1
2
0
0
1
0
0
0
0
0
0
1
0
0
0
1
1
0
0
0
0
0
0
0
0
0
0
0
0
0
1
0
0
0
0
0
0
0
0
0
0
0
0
0
0
0
1
0
0
1
0
1
0
0
0
0
0
1
1
0
1
0
0
0
0
0
0
0
0
0
1
1
1
0
0
0
0
0
0
0
0
0
0
0
1
0
0
0
0
0
0
0
0
1
0
2
1
0
1
0
0
0
0
1
0
0
0
