0
0
0
0
0
0
0
0
0
0
0
0
0
0
0
0
0
0
0
0
0
0
0
0
0
0
0
0
0
0
0
0
0
0
0
0
0
0
0
0
0
0
0
0
0
0
0
0
0
0
0
0
0
0
0
0
0
0
0
0
0
0
0
0
0
0
1
0
1
0
2
1
2
4
2
0
0
1
2
4
2
4
6
55
109
344
914
2351
4841
9572
16900
27975
40706
54952
65694
73328
72895
66290
55039
41170
28316
17416
9769
5184
2260
1000
416
129
43
10
3
7
4
2
2
3
1
2
0
0
0
0
1
1
0
0
0
0
0
1
0
4
64
64
52
47
32
46
30
47
54
42
51
36
38
47
39
35
41
57
39
49
38
39
36
50
33
41
45
38
39
44
49
34
35
36
40
52
36
43
51
36
47
34
45
34
46
38
48
40
36
41
38
37
37
42
46
44
51
42
43
30
57
36
50
57
55
55
63
87
120
148
175
231
244
314
308
327
314
301
284
217
184
182
128
123
84
87
62
40
52
38
46
41
35
38
40
29
37
37
45
49
44
35
47
41
41
42
41
44
52
60
69
64
67
85
83
92
77
90
94
85
106
120
120
143
186
264
450
764
1287
2085
3254
4945
7096
9807
12921
15532
18018
19864
20454
20375
18824
16823
14228
11338
8676
6573
4723
3332
2422
1748
1345
984
728
515
427
404
439
520
690
892
1181
1436
1775
2044
2304
2466
2423
2329
2101
1906
1474
1178
944
727
485
378
318
230
216
198
185
150
134
97
88
66
54
39
33
23
21
25
9
15
7
12
8
8
7
5
9
7
11
11
10
10
14
10
8
9
6
8
8
10
7
12
13
4
15
7
7
9
14
12
11
8
19
17
22
21
16
35
21
18
26
32
23
37
23
20
19
26
12
28
25
20
22
25
34
20
17
21
20
23
22
16
20
26
23
16
21
19
16
14
12
15
17
12
13
6
5
9
4
5
9
4
9
4
7
7
7
7
7
10
2
4
6
11
5
10
3
6
5
4
2
2
4
6
6
11
10
7
6
9
13
12
13
9
13
13
14
12
13
21
13
8
8
16
11
8
7
13
10
12
6
8
11
12
13
6
3
17
12
13
17
11
14
13
14
11
10
7
10
8
8
6
5
8
12
5
4
9
10
5
7
6
3
7
4
6
7
7
6
9
7
4
12
7
6
8
5
8
9
5
7
6
3
10
6
6
10
7
6
3
11
8
4
6
7
3
3
8
7
6
5
8
4
7
6
6
5
5
10
3
4
2
4
4
4
5
9
8
11
8
8
10
10
8
5
5
5
3
11
10
5
3
5
7
5
13
9
7
10
8
8
16
4
7
9
6
9
7
4
12
5
7
6
7
6
6
5
8
3
4
4
7
5
9
11
9
5
11
11
6
7
10
7
9
8
7
4
8
9
6
8
5
7
9
5
9
8
9
13
11
11
11
13
14
16
9
12
10
5
8
8
12
13
8
6
8
16
10
11
4
7
9
14
12
13
11
10
12
12
9
12
23
15
8
19
17
8
18
15
13
20
13
13
19
26
22
15
19
18
21
25
14
17
19
18
16
20
9
15
13
14
19
11
18
21
22
22
24
11
19
7
17
14
11
19
17
17
12
12
15
18
18
18
21
11
15
19
10
21
14
17
22
28
20
19
22
25
30
21
24
21
21
15
10
12
24
20
27
25
29
18
22
18
29
23
21
21
30
27
20
23
28
24
23
25
27
23
19
24
26
26
30
25
39
25
26
33
30
39
23
20
33
32
29
29
26
34
35
39
27
43
45
28
32
34
27
45
38
37
40
37
42
41
39
42
38
36
53
40
37
38
42
40
42
62
39
55
45
48
56
41
43
38
43
51
52
54
53
46
51
58
47
58
50
60
61
59
61
63
62
46
69
51
74
73
71
73
63
76
70
70
70
75
72
66
86
79
85
67
75
90
80
93
100
74
91
89
88
109
87
92
108
93
95
98
94
78
89
88
82
83
76
68
65
85
74
65
71
79
65
66
77
72
76
85
63
92
80
68
79
78
63
83
77
79
79
69
66
80
56
83
60
74
64
68
62
75
72
72
58
62
64
78
66
57
97
82
57
67
67
68
66
59
73
69
69
65
73
72
69
71
64
66
89
46
69
88
69
77
65
72
74
66
59
88
78
68
73
71
76
73
57
59
57
64
75
79
69
64
67
65
75
71
73
74
78
61
74
83
69
57
57
75
65
71
95
67
89
65
68
81
90
96
83
80
87
88
73
83
80
70
94
78
98
83
74
77
66
81
95
90
95
89
82
97
107
105
79
105
115
125
151
153
209
249
264
341
433
541
739
922
1193
1358
1744
2134
2500
2863
3356
3713
4208
4595
4836
4899
5138
5162
5179
5145
4913
4523
4262
3869
3429
3003
2574
2215
1895
1472
1218
944
753
598
446
346
283
259
212
162
134
113
85
126
100
105
92
104
84
114
88
100
93
89
104
100
114
90
114
108
98
103
101
105
63
85
99
83
93
101
100
93
103
103
106
94
105
101
117
92
91
118
130
133
124
127
117
106
116
88
140
114
131
123
131
119
129
143
130
148
157
189
184
217
208
249
263
301
368
381
467
491
532
633
625
687
680
796
757
779
758
696
650
708
654
638
535
511
459
418
417
321
288
261
250
215
172
161
155
162
153
146
159
142
155
134
158
164
127
124
131
117
152
147
148
158
138
135
159
159
158
139
159
152
141
144
144
161
169
165
164
160
145
160
161
178
172
174
166
162
166
169
181
184
186
195
188
147
185
167
196
173
193
173
189
188
179
208
194
210
196
212
164
196
252
230
184
216
215
218
203
234
226
230
216
240
193
226
216
239
232
198
213
212
244
246
194
193
225
204
182
207
221
220
224
212
201
206
206
184
205
199
189
200
186
172
195
171
191
166
183
163
194
187
190
171
188
192
176
202
161
165
175
172
165
168
180
162
146
153
180
159
171
141
147
156
155
149
150
173
146
158
152
175
154
150
161
135
152
165
145
156
155
147
171
139
149
155
133
159
156
149
136
164
166
151
150
157
162
155
157
164
144
149
152
149
148
156
165
139
131
154
148
138
146
151
142
147
145
144
148
129
167
172
152
126
150
168
146
136
159
143
176
138
142
173
139
158
161
174
140
185
178
170
137
159
144
145
154
147
156
140
152
146
149
162
142
138
169
151
137
163
132
154
160
144
176
149
150
142
165
167
159
165
127
152
165
176
167
166
167
161
148
181
151
165
162
151
159
166
167
182
170
159
185
144
147
174
159
145
171
181
138
191
184
164
178
157
153
172
205
174
170
168
183
154
155
188
176
177
165
161
139
169
172
174
171
177
187
159
186
160
148
159
174
185
155
176
211
181
172
205
172
184
156
159
166
163
174
179
160
174
169
160
173
198
209
197
196
197
158
196
179
163
165
194
182
187
185
186
192
188
167
182
187
180
180
197
199
171
181
186
189
178
178
199
166
180
191
185
191
202
181
198
185
192
199
189
203
224
179
207
215
186
201
208
194
213
211
218
216
199
226
243
213
231
207
193
197
221
214
213
230
213
213
202
233
210
222
251
231
231
233
199
218
240
223
212
236
230
232
237
233
237
256
254
241
247
245
259
233
252
224
249
239
247
232
236
218
251
230
251
250
241
252
225
248
245
223
230
249
270
250
247
234
251
241
220
231
232
224
219
225
244
221
208
243
241
254
266
244
219
232
251
257
224
218
227
210
236
216
231
240
237
195
216
220
209
224
224
217
187
221
210
239
217
215
199
220
219
220
207
226
231
226
213
213
209
190
224
204
183
202
187
197
221
189
200
190
185
202
196
187
175
237
188
213
188
208
201
182
198
213
192
195
188
205
207
205
198
193
198
182
189
218
224
167
213
163
201
183
204
186
207
177
195
187
189
203
217
194
216
176
207
199
190
194
195
186
188
193
208
201
211
222
175
193
203
198
204
233
199
214
210
197
208
229
196
211
207
196
218
203
214
220
192
181
200
214
191
224
185
210
212
201
179
216
222
211
196
167
214
225
202
195
196
224
203
179
191
191
198
191
197
197
188
190
196
200
182
207
194
198
204
214
187
202
194
196
188
208
190
169
196
185
209
210
189
201
222
199
206
200
184
158
168
199
210
208
183
195
209
196
200
216
181
217
196
184
202
214
207
184
181
204
218
171
206
192
210
215
199
237
213
209
196
203
186
202
182
188
218
174
210
229
219
210
202
204
198
183
181
206
199
204
196
204
203
221
199
209
204
190
239
227
209
212
201
211
207
216
215
208
225
189
216
221
202
230
233
221
238
239
226
222
231
230
219
229
253
231
218
243
250
235
222
254
232
245
250
242
253
260
267
267
257
223
255
237
268
279
284
284
283
269
266
269
272
260
290
285
261
291
303
325
339
285
306
318
309
308
302
331
327
327
310
315
320
319
356
328
384
331
360
364
352
357
364
395
388
412
409
417
400
422
415
470
482
464
475
523
516
477
506
539
551
562
590
589
588
666
689
671
674
706
734
791
845
817
859
879
867
935
911
907
997
1000
1036
1061
1058
1082
1051
1098
1119
1176
1145
1184
1146
1158
1237
1204
1203
1173
1220
1219
1193
1213
1206
1228
1112
1175
1095
1159
1203
1101
1068
1094
1091
1055
1026
948
951
920
927
894
924
918
851
794
767
755
703
720
692
701
636
628
564
563
568
540
518
497
487
482
446
474
401
398
438
361
388
370
357
377
329
340
350
312
310
308
302
288
276
304
265
307
288
246
265
250
243
254
248
246
264
245
225
222
217
245
213
208
225
215
228
200
227
212
201
178
200
214
200
185
168
200
184
208
216
198
180
209
215
237
192
205
240
220
212
249
263
278
283
274
270
309
310
307
359
319
313
350
345
367
348
392
401
394
404
358
409
419
402
373
349
353
344
306
314
283
311
304
266
242
242
240
227
194
207
175
198
149
130
174
150
156
148
134
126
161
129
124
138
157
132
125
137
134
140
120
143
130
151
145
158
151
152
158
154
181
152
128
150
165
145
160
158
161
152
165
173
163
162
196
199
197
184
193
193
163
187
179
227
173
187
203
218
199
191
214
214
228
202
209
216
221
225
224
210
242
227
202
217
222
235
205
227
259
213
219
213
240
209
191
188
207
228
214
235
209
202
204
207
190
208
189
182
165
191
168
155
166
201
173
158
160
172
192
157
152
142
132
120
133
138
121
142
138
128
123
132
113
124
136
128
112
99
114
90
126
111
108
94
96
90
96
78
85
103
90
91
69
87
90
70
76
100
70
90
74
95
83
71
82
68
85
73
60
77
77
68
64
68
59
84
73
52
63
76
69
70
56
74
71
58
57
67
53
63
54
59
46
56
52
46
52
52
58
50
49
51
51
56
48
65
61
51
48
57
39
43
36
37
56
52
51
62
51
51
60
42
43
45
59
54
37
53
47
61
67
61
64
52
70
65
71
73
64
82
76
64
57
65
62
70
71
61
74
64
56
54
59
60
56
48
52
46
64
54
44
47
44
44
45
40
32
31
42
35
45
53
42
43
40
39
32
40
42
43
38
48
37
41
31
35
35
42
47
44
34
43
51
26
32
48
38
39
41
36
44
35
43
39
35
37
34
24
30
41
37
33
31
34
37
29
38
29
30
32
39
26
30
31
21
24
27
29
31
32
25
41
38
34
20
26
26
31
34
35
30
34
35
29
30
24
28
26
30
36
29
24
19
25
40
27
34
35
25
32
27
21
21
28
22
39
21
27
34
29
23
20
21
25
18
21
25
26
22
26
23
35
30
26
27
21
20
23
27
21
26
34
21
20
34
24
25
30
26
17
20
38
25
22
20
24
16
21
30
24
28
22
23
31
25
29
24
23
23
26
23
21
25
23
25
17
29
25
26
21
27
22
27
25
19
18
25
20
25
34
25
17
31
34
20
21
31
16
23
21
21
27
25
24
26
26
33
17
17
15
17
26
21
24
25
19
21
22
23
23
19
28
25
33
20
15
19
25
20
27
20
22
25
19
18
12
24
20
19
27
15
22
22
21
24
16
25
24
23
14
19
21
18
25
17
23
24
28
20
22
16
17
18
21
19
18
17
20
24
11
21
18
25
20
24
23
16
19
14
22
21
16
16
24
16
16
16
18
18
18
8
11
18
25
11
8
15
22
18
20
12
12
11
18
11
18
15
17
15
11
22
25
15
14
16
16
16
13
12
23
16
16
27
18
17
18
16
11
20
14
15
24
19
24
18
8
17
11
14
12
13
21
24
7
16
13
11
22
11
17
15
20
20
17
14
9
13
14
11
15
17
11
15
19
14
11
11
15
19
10
19
17
13
12
10
13
6
11
21
17
16
14
16
13
19
11
10
13
6
14
11
12
6
13
15
15
20
18
13
12
10
22
10
12
16
11
13
15
10
7
7
7
5
13
14
15
12
12
11
11
13
9
18
14
11
10
13
7
13
19
10
12
17
12
9
8
6
10
12
16
9
15
15
12
8
11
14
11
13
15
16
10
11
10
13
8
6
6
13
10
13
14
7
15
10
10
9
15
7
6
12
15
12
14
9
4
7
6
13
14
15
15
10
4
9
8
13
12
8
9
14
7
12
10
11
16
12
9
8
7
9
11
10
10
10
9
8
9
6
7
6
8
8
14
11
5
16
11
15
8
15
9
7
19
6
4
9
12
14
6
11
11
6
15
7
10
7
3
9
12
8
10
10
11
4
5
10
11
10
13
7
6
10
11
7
7
7
10
9
7
14
9
13
7
8
14
3
8
6
17
9
11
7
3
8
3
7
5
6
10
6
7
9
8
5
12
7
8
5
7
7
3
12
3
6
6
8
4
6
6
11
6
11
10
6
5
6
4
6
10
5
8
9
12
6
3
2
6
13
8
6
8
7
12
4
7
10
4
6
6
7
8
5
6
4
12
1
11
8
6
9
4
4
4
7
10
6
10
6
6
4
9
4
6
12
7
7
5
4
8
6
5
9
8
4
6
4
4
2
9
5
10
7
7
11
7
5
9
7
7
6
4
5
1
6
8
4
4
3
6
4
2
5
5
4
12
9
8
5
5
7
6
6
6
1
7
4
8
5
6
6
9
6
5
5
5
5
7
5
9
6
3
6
3
4
10
0
5
5
5
3
2
5
5
3
4
11
7
1
6
3
4
2
4
4
3
4
8
6
5
7
9
4
6
8
2
4
9
9
3
8
4
3
8
0
2
5
9
2
6
1
4
2
1
5
3
3
3
4
5
2
2
5
3
6
3
4
6
4
3
6
3
6
5
5
2
6
1
2
3
2
7
3
6
6
12
3
3
1
4
4
4
1
2
6
4
6
3
4
4
4
1
4
3
3
4
4
4
3
5
4
3
3
2
2
4
4
5
2
3
4
3
3
3
4
3
7
3
3
1
4
7
3
5
2
2
1
2
4
3
4
5
9
6
3
7
5
6
0
1
3
2
5
6
3
2
1
6
1
4
4
2
3
3
0
3
3
5
8
3
3
4
2
4
5
2
5
3
1
4
3
2
4
1
3
3
2
2
1
1
3
3
2
4
3
2
1
2
8
3
1
1
1
1
3
1
2
3
2
1
2
2
0
3
1
2
3
4
1
1
1
2
0
6
6
1
2
0
5
2
5
5
0
0
3
0
2
3
1
4
1
3
1
3
2
2
2
2
0
1
2
3
3
2
1
3
3
4
1
1
0
0
1
6
0
0
3
3
1
3
2
1
2
1
2
2
2
1
2
3
5
4
2
4
1
6
3
3
1
3
1
2
3
1
1
4
4
0
4
1
4
2
2
2
1
4
0
0
1
3
2
0
6
3
1
5
2
3
2
2
2
0
1
2
4
2
0
1
1
3
0
1
2
2
1
3
5
0
3
1
1
2
0
1
2
5
2
0
2
2
3
1
4
1
2
2
0
2
3
3
1
2
0
0
3
1
2
2
2
2
2
2
1
6
2
1
3
0
1
1
0
4
1
3
3
2
2
0
1
0
4
2
0
1
0
1
3
0
4
5
0
2
3
2
1
2
2
2
2
5
1
0
1
3
1
0
1
0
0
0
3
1
2
0
1
1
2
2
1
1
0
0
1
2
0
0
2
1
2
0
1
0
1
2
3
1
0
0
1
0
0
2
2
2
0
0
1
0
2
4
1
0
3
1
0
0
2
1
1
0
1
1
0
1
1
1
1
0
0
2
1
0
0
0
1
2
0
0
2
1
0
3
0
0
0
3
1
1
2
2
0
1
1
1
2
2
0
0
0
1
0
1
2
1
4
1
0
0
1
1
1
1
0
2
1
0
2
0
0
0
0
0
0
0
2
0
0
2
1
2
0
0
1
1
1
0
1
5
1
0
2
2
1
0
0
1
0
2
3
1
0
0
2
0
0
1
1
2
0
1
0
1
1
1
0
0
0
1
0
2
0
0
1
0
0
2
0
1
2
0
0
0
1
1
2
0
1
1
2
0
1
2
0
0
2
0
2
0
0
1
0
0
0
1
1
0
2
2
0
4
1
1
1
0
0
0
2
1
1
1
0
0
1
0
2
2
2
0
0
0
0
0
2
1
1
1
1
1
0
0
0
0
0
0
1
0
1
0
0
1
0
0
1
0
0
0
0
2
0
0
0
0
0
0
3
1
1
1
0
1
1
0
0
0
1
1
2
1
0
0
1
3
0
1
1
1
0
0
0
0
0
1
0
0
0
0
2
1
0
1
1
0
0
1
0
1
0
0
1
1
0
1
2
0
0
1
0
3
0
0
1
0
0
1
0
0
1
0
0
0
1
1
1
0
0
1
1
0
0
0
1
0
1
0
0
1
2
0
0
0
1
0
2
0
1
1
0
1
0
1
0
0
0
0
1
0
0
0
2
1
0
0
0
0
0
0
0
0
0
1
0
1
1
0
1
0
0
0
1
0
0
0
0
0
0
0
1
1
1
0
0
0
1
0
0
1
0
0
0
0
0
0
1
0
0
0
1
0
1
0
1
2
0
0
2
0
0
1
0
0
0
0
0
1
0
0
0
1
1
0
0
0
0
0
0
1
0
0
0
0
0
0
0
0
1
0
1
0
0
0
0
0
1
0
0
0
0
0
0
0
0
0
0
1
0
0
0
1
0
0
0
0
0
0
0
0
0
0
0
0
0
0
0
0
0
0
0
0
0
1
1
0
0
1
0
0
0
0
0
0
0
0
0
0
1
2
0
0
0
0
0
0
0
0
0
0
0
0
0
0
0
0
0
0
0
0
0
0
0
0
2
0
0
0
0
0
0
0
1
1
0
0
0
0
1
0
0
1
0
1
0
0
1
0
1
0
0
0
0
0
0
0
0
0
0
0
0
0
0
0
0
0
1
0
0
1
0
0
0
0
0
0
0
