0
0
0
0
0
0
0
0
0
0
0
0
0
0
0
0
0
0
0
0
0
0
0
0
0
0
0
0
0
0
0
0
0
0
0
0
0
0
0
0
0
0
0
0
0
0
0
0
0
0
0
0
0
0
0
0
0
0
0
0
0
0
0
1
1
0
1
1
3
0
1
3
2
4
2
3
4
4
1
3
4
6
12
38
127
380
926
2209
4839
9634
16819
27478
40891
54461
66498
73375
72693
66629
55614
41183
28058
17367
9789
5041
2305
1005
348
143
36
15
5
4
3
2
3
0
2
2
1
0
0
1
1
0
1
0
0
0
1
0
0
3
60
59
58
54
61
38
42
58
39
41
46
44
49
47
44
36
43
42
42
42
48
41
42
34
35
51
43
35
41
29
43
38
48
39
47
44
27
32
39
44
35
43
38
50
38
45
44
39
40
48
50
43
36
46
34
46
64
36
48
43
50
57
70
68
76
61
88
104
108
137
176
243
264
277
344
311
308
310
273
226
204
151
148
108
82
68
62
53
60
46
45
34
41
35
38
50
45
30
46
47
43
31
40
44
58
51
48
53
47
50
63
64
83
85
83
77
88
85
120
118
139
155
169
210
263
387
550
907
1432
2240
3579
5294
7622
10383
13286
16415
18998
20617
21402
21148
19661
17507
14768
11982
9216
6745
4990
3544
2524
1805
1455
1054
829
660
603
547
553
638
777
978
1267
1523
1802
2073
2359
2461
2465
2253
2075
1819
1499
1104
903
663
468
392
283
248
216
174
139
120
137
83
74
61
46
40
31
16
21
10
11
15
9
8
12
4
9
5
9
13
10
9
9
8
6
12
12
10
17
16
10
12
8
6
12
8
10
4
15
7
14
12
14
8
18
13
16
23
28
31
27
22
27
25
29
26
21
21
18
20
19
23
22
17
24
25
25
21
25
31
17
14
15
25
21
11
21
16
31
26
23
16
13
16
15
12
7
13
11
7
7
9
8
9
5
3
7
9
9
10
9
7
5
5
8
5
8
5
4
7
4
9
9
7
13
6
10
6
8
6
8
7
8
7
7
13
14
11
8
14
15
13
11
11
22
9
18
12
11
7
5
6
14
8
11
14
12
9
11
13
13
10
15
10
10
20
7
9
8
12
9
7
10
7
6
9
9
9
5
6
3
5
5
4
10
5
5
8
6
6
9
3
11
9
10
8
2
4
6
7
6
9
7
3
5
3
8
3
8
6
6
2
3
6
9
4
1
6
5
6
8
6
6
12
11
5
7
7
4
4
6
11
10
4
4
10
9
8
7
5
6
7
9
8
6
15
7
5
8
8
7
3
9
7
3
4
4
4
5
4
4
3
7
8
8
8
5
12
7
9
7
8
14
6
11
4
16
6
7
10
8
7
10
7
8
10
9
6
6
1
14
18
8
6
16
10
7
9
4
10
15
12
7
10
10
9
10
9
11
6
8
12
10
12
7
4
9
9
15
5
17
6
7
9
13
8
11
13
9
15
11
11
17
11
16
11
11
9
11
10
21
13
16
19
19
19
23
35
19
22
26
23
21
29
42
30
39
40
27
41
36
31
38
34
32
30
27
44
41
35
36
39
49
51
36
40
26
32
51
40
30
40
35
29
46
20
33
22
25
30
17
32
27
23
30
25
18
32
18
21
29
19
21
14
18
32
28
15
16
27
19
32
16
17
25
22
18
23
27
19
17
16
22
19
24
31
23
16
28
19
15
24
23
24
27
25
29
36
32
33
26
27
34
26
38
23
34
30
22
40
27
27
28
26
26
23
29
29
33
21
28
28
28
30
34
34
32
38
37
32
35
30
36
56
53
36
28
38
37
34
43
40
42
29
35
48
32
42
41
46
41
56
40
44
49
41
44
40
47
48
43
63
45
46
49
56
58
56
51
55
69
68
57
63
55
61
52
68
76
57
70
61
59
70
68
64
61
85
68
85
79
76
82
79
101
88
90
110
81
104
83
103
112
94
95
94
104
98
85
106
79
85
83
92
89
79
85
89
93
81
98
81
73
86
88
97
87
75
88
79
65
75
91
79
66
77
72
83
90
84
70
76
83
84
92
100
84
63
74
80
90
90
66
85
78
85
75
83
73
75
89
71
73
75
72
67
66
90
105
64
78
71
64
83
82
81
80
76
90
88
67
86
70
81
85
83
76
65
59
90
60
70
73
69
71
59
85
81
89
77
81
78
82
81
90
76
76
86
82
78
83
60
71
88
78
89
81
71
95
99
76
75
85
87
74
89
84
86
101
60
82
81
75
96
100
91
106
81
97
85
92
90
94
86
108
95
107
114
92
93
106
113
117
135
166
173
214
251
357
396
526
695
900
1071
1377
1586
2009
2394
2846
3291
3715
4113
4546
4999
5160
5447
5552
5311
5323
5121
4859
4347
4071
3724
3116
2708
2296
1999
1596
1179
1074
800
635
475
368
288
247
216
176
159
125
105
97
122
106
103
117
92
108
107
111
101
96
104
100
98
95
116
102
118
109
104
93
121
120
105
107
96
99
99
126
115
106
99
108
115
118
105
102
118
96
102
116
124
120
122
129
100
136
116
139
140
107
126
136
146
150
152
144
118
174
195
207
220
249
290
271
321
390
465
511
524
582
627
680
759
778
844
820
796
770
741
705
675
697
581
554
469
454
412
341
287
275
257
234
189
180
182
183
164
140
142
135
142
147
141
149
134
181
147
128
132
125
159
131
135
145
152
134
156
165
145
162
157
158
141
158
130
156
154
168
154
168
156
153
157
168
165
173
162
179
172
172
188
188
180
197
195
155
177
194
204
197
182
227
211
212
219
213
225
219
220
233
258
225
233
235
239
229
253
233
275
247
271
280
283
268
282
271
289
303
325
310
314
315
316
331
333
314
327
329
351
339
339
340
379
349
336
356
344
324
365
360
353
368
382
359
360
329
346
362
338
360
371
342
314
338
346
338
352
306
321
324
337
347
298
316
290
313
290
284
279
271
299
296
256
259
289
291
236
241
251
220
236
244
247
231
223
212
215
237
227
216
233
205
218
212
214
201
186
189
200
203
189
176
211
169
162
182
187
153
165
195
186
186
166
160
175
170
179
188
160
142
182
166
169
162
168
182
183
185
173
172
165
166
169
181
195
157
167
165
161
149
191
163
193
162
168
181
173
187
188
141
199
179
213
178
167
196
196
174
204
192
194
219
214
196
215
201
204
211
210
222
230
240
199
211
227
228
229
221
223
228
203
260
219
203
219
234
215
222
210
218
214
223
246
219
216
200
192
205
194
184
195
188
225
174
164
200
166
160
177
179
198
191
173
186
203
173
193
194
194
199
190
171
192
163
199
189
195
177
176
180
154
191
174
209
165
182
175
175
184
174
212
191
190
175
178
148
160
207
186
172
171
185
182
194
168
192
183
197
157
160
171
176
190
194
182
167
185
194
202
202
197
178
187
175
177
179
169
200
195
201
185
185
180
194
205
203
169
189
208
179
176
189
202
175
178
200
174
198
196
219
179
185
200
201
235
204
185
186
196
216
200
209
188
187
203
169
192
203
214
197
212
199
205
198
196
211
227
205
224
221
208
214
197
209
211
223
209
202
207
212
215
244
227
239
203
206
204
222
233
223
203
221
216
225
229
202
223
224
247
216
201
239
231
235
246
236
238
221
239
250
273
224
226
232
243
256
234
224
241
229
228
241
240
245
256
220
242
226
240
245
249
256
254
262
233
236
261
268
227
204
243
235
229
243
243
247
258
258
238
235
293
259
230
241
234
248
239
232
218
228
243
231
220
206
248
224
249
220
214
212
243
242
219
224
215
254
189
213
213
238
241
215
206
207
206
217
202
213
221
205
209
217
187
214
195
200
221
210
192
205
214
199
203
220
207
211
207
187
200
203
189
188
214
206
194
217
163
199
188
192
221
216
197
215
223
189
195
184
151
205
179
187
178
167
177
207
194
199
202
213
203
198
238
234
212
209
190
201
207
221
199
189
196
224
217
201
212
209
201
194
186
182
172
198
214
210
205
187
194
230
196
221
195
224
183
182
214
192
214
209
205
189
222
192
190
196
191
184
223
185
162
225
204
195
223
173
195
205
214
182
183
201
183
195
217
207
192
196
195
238
205
201
207
208
222
176
202
200
200
179
192
207
198
210
184
184
209
196
189
202
187
215
212
215
198
196
216
186
209
201
214
199
185
205
186
192
219
211
220
228
193
200
227
201
221
215
207
212
205
196
183
203
200
224
232
227
207
229
201
207
212
187
209
209
214
209
217
205
210
211
239
238
220
213
190
180
202
218
161
220
245
192
229
223
243
227
229
185
221
209
225
222
231
222
207
226
204
243
245
223
250
225
255
214
245
237
269
257
242
264
256
244
294
258
272
261
265
265
239
266
258
256
275
285
270
266
281
302
268
305
313
297
294
294
307
315
311
284
310
301
316
320
298
330
339
314
328
347
356
362
343
346
347
370
405
394
378
386
404
430
443
427
494
446
475
438
497
484
526
488
519
549
559
643
642
602
648
625
673
676
747
765
713
834
828
836
901
888
900
917
970
988
1006
1002
1027
1068
1062
1095
1075
1162
1148
1142
1111
1205
1203
1221
1234
1250
1211
1269
1167
1162
1194
1234
1153
1185
1183
1142
1135
1206
1133
1120
1100
1100
1043
990
1005
973
994
957
902
903
839
827
784
755
756
739
731
649
686
630
616
571
553
554
546
527
512
480
457
446
460
394
404
399
376
355
368
356
385
328
350
320
322
297
299
312
292
295
239
308
287
279
281
270
246
245
277
272
229
272
245
270
236
227
234
220
226
214
192
200
206
215
200
218
182
195
183
200
187
192
176
176
216
218
208
161
206
170
232
220
223
236
200
208
246
253
258
246
284
278
303
314
290
332
332
364
378
348
375
370
414
387
414
363
403
373
392
390
416
386
351
342
333
345
315
280
292
287
251
238
235
221
194
211
164
192
178
158
134
153
146
123
129
127
140
143
132
130
138
133
115
128
126
157
134
94
131
156
136
150
147
128
157
141
145
125
151
158
147
131
133
137
149
146
144
182
189
147
144
171
186
175
167
177
172
201
201
217
188
189
212
171
180
211
219
168
199
221
220
183
215
220
183
182
229
197
219
211
194
229
219
229
233
214
204
228
205
208
217
228
234
191
210
225
196
200
210
205
173
188
183
183
188
173
184
171
191
161
162
153
156
165
143
141
155
141
110
148
126
128
137
148
146
115
125
108
112
107
104
120
135
111
105
142
95
92
89
87
113
90
99
77
95
75
97
79
90
83
76
67
70
83
76
78
90
72
73
75
69
71
60
80
82
80
62
55
65
51
68
60
56
65
60
67
57
61
57
63
52
63
41
59
71
66
50
41
70
45
44
57
53
55
45
53
54
54
54
53
45
58
49
54
38
55
51
42
44
49
46
35
43
52
50
45
57
45
47
58
56
60
49
52
51
65
82
52
70
46
72
81
65
67
58
52
65
62
84
72
73
62
62
62
83
57
58
66
44
62
62
63
54
55
54
40
53
59
34
39
39
42
43
28
46
41
51
35
43
37
42
36
30
48
41
33
35
47
32
29
46
43
39
31
44
54
40
46
29
40
40
42
40
30
32
31
39
41
36
29
31
34
42
30
39
26
26
39
27
24
33
25
32
24
36
24
30
36
26
37
29
28
39
28
35
28
29
29
23
34
32
42
30
28
32
31
16
31
30
36
27
27
30
34
20
38
26
27
29
26
35
23
35
26
36
23
34
28
25
31
17
28
19
26
27
31
28
23
33
25
22
22
21
28
27
27
24
30
27
24
35
21
27
30
31
26
27
26
25
22
33
29
25
18
13
17
27
28
25
18
25
23
26
20
25
28
28
19
25
24
29
28
32
23
17
20
28
22
19
19
29
33
30
24
23
23
19
24
17
19
25
18
23
19
14
38
24
15
22
20
20
20
26
18
19
25
25
15
18
17
13
24
22
19
18
18
27
19
22
17
16
31
23
19
24
28
21
17
26
12
23
28
22
21
19
16
22
17
12
19
23
23
14
24
22
21
16
23
17
17
24
22
21
14
14
23
17
14
30
26
25
22
24
17
19
14
23
21
16
18
20
16
21
21
23
22
14
10
15
15
24
20
10
13
20
15
17
17
17
19
15
23
19
27
14
14
12
16
17
9
9
17
13
16
15
15
11
19
15
22
22
18
21
19
18
14
15
19
18
17
23
13
17
14
14
16
18
16
13
11
15
7
9
15
17
12
19
8
26
22
15
9
21
16
8
21
14
12
17
13
16
15
13
12
16
16
13
15
9
11
15
10
16
14
12
20
22
14
15
10
21
13
17
9
16
16
10
17
12
14
13
12
7
10
13
14
17
12
11
8
16
9
20
9
24
15
6
16
17
10
12
12
13
21
7
12
8
9
16
17
18
15
11
10
11
8
14
13
10
16
7
11
10
18
11
17
12
9
13
14
12
9
15
12
5
10
7
10
11
11
11
15
11
9
8
12
11
14
7
16
7
17
7
11
14
10
8
12
11
10
8
9
14
9
10
10
9
7
14
10
16
9
11
8
7
9
13
9
5
11
13
14
12
18
15
7
16
7
16
11
9
10
11
9
8
10
8
7
10
8
10
12
12
9
15
13
11
11
7
6
5
14
7
7
5
10
9
9
10
10
8
7
10
12
8
9
7
12
9
10
8
4
7
6
10
17
9
10
8
10
8
12
9
6
8
10
11
8
7
8
5
12
11
17
10
12
3
8
7
11
8
5
5
3
13
10
8
6
9
9
4
9
4
5
15
9
11
8
8
4
6
10
5
7
10
9
7
10
6
6
3
8
6
8
6
5
9
7
9
8
8
7
7
3
14
10
11
5
8
7
6
4
7
6
7
11
11
11
6
5
9
5
9
9
3
9
9
5
6
8
5
9
6
9
4
6
7
1
8
13
9
9
8
2
6
8
7
3
6
8
3
9
6
5
5
3
6
4
5
6
3
10
5
8
5
7
8
3
8
7
2
9
6
4
2
6
7
11
9
6
6
1
3
10
3
2
5
10
11
3
6
6
3
4
6
4
5
8
3
7
4
10
5
5
9
5
7
5
5
4
4
2
1
2
6
4
8
3
8
4
6
5
4
4
5
4
8
2
5
6
3
2
10
3
8
7
3
4
3
3
5
5
5
2
6
3
2
5
2
2
6
4
4
5
7
1
4
2
2
7
6
3
6
5
3
3
2
0
3
2
6
3
2
3
2
6
3
6
4
2
7
6
7
5
8
3
4
5
2
6
2
1
5
4
5
5
5
4
5
3
2
4
3
1
4
6
4
1
3
3
3
4
6
4
6
3
8
3
5
5
4
4
5
2
3
7
4
4
2
2
5
2
6
1
5
3
1
6
2
3
2
2
5
3
4
5
4
9
4
6
8
6
4
6
2
4
4
3
1
4
5
3
3
1
1
6
6
3
2
1
3
4
5
2
3
2
3
0
4
2
4
3
6
5
0
3
7
4
0
5
3
5
5
3
1
5
1
2
0
4
5
8
5
2
2
3
3
7
5
4
2
1
5
1
2
2
3
0
4
3
5
2
4
1
5
1
0
0
5
2
4
3
1
2
0
3
1
4
1
1
3
2
2
6
4
5
0
2
3
2
2
2
3
5
1
3
5
3
3
1
1
3
1
1
2
3
5
2
2
1
2
5
2
2
3
2
7
3
2
3
2
3
3
1
0
1
0
2
1
1
1
2
2
2
1
1
1
4
4
0
2
2
1
2
5
3
1
1
1
2
4
1
0
3
2
1
2
0
0
4
1
1
5
0
3
4
6
2
4
0
2
4
2
4
3
0
1
3
3
1
1
4
4
0
2
5
1
2
3
5
3
1
0
4
1
2
1
1
2
0
1
2
1
4
3
2
2
1
3
2
4
0
3
2
2
1
1
2
4
2
0
0
5
1
1
1
4
0
2
3
0
1
2
3
3
1
1
0
2
0
1
2
0
2
1
2
1
1
1
0
2
3
4
2
0
2
0
0
0
1
1
4
1
2
0
2
1
0
0
3
1
3
0
0
2
0
2
1
2
2
0
1
0
1
5
0
2
2
1
1
2
1
1
0
1
1
2
1
2
1
0
2
1
1
2
0
1
0
3
2
0
2
3
4
1
5
0
1
2
0
1
1
0
1
1
1
0
3
0
1
1
0
1
0
0
1
1
0
0
1
2
1
0
2
2
0
1
1
2
1
0
0
0
2
1
3
0
2
2
0
1
0
0
1
1
2
1
0
2
0
1
1
0
2
2
2
1
0
1
1
1
0
2
1
0
1
0
1
0
0
1
1
1
1
0
1
1
1
0
0
1
1
0
0
1
1
3
0
0
2
1
2
2
0
0
2
2
1
2
1
0
1
0
0
1
1
0
1
2
0
2
0
0
1
0
0
0
0
0
0
1
1
0
4
0
1
0
0
1
1
0
1
1
1
0
0
1
0
0
1
0
1
0
0
2
1
0
1
0
0
0
0
0
1
1
0
0
2
0
0
0
0
0
1
0
3
0
1
1
0
1
1
3
1
0
0
2
0
1
0
1
1
0
0
0
1
0
1
0
0
1
0
0
0
0
1
0
0
0
0
0
0
0
0
0
0
0
1
0
2
0
0
0
2
0
0
1
1
0
0
0
1
2
0
1
2
1
0
1
0
1
0
0
1
1
0
0
0
2
1
1
0
0
0
0
0
1
0
0
1
1
0
0
0
0
0
3
0
0
1
0
0
0
0
1
0
0
0
0
0
0
0
2
0
2
0
0
0
0
1
0
0
2
2
0
0
1
0
0
1
0
1
1
0
1
0
0
0
0
1
1
0
1
2
0
0
1
0
2
0
1
0
1
1
0
0
0
2
0
1
0
0
0
2
0
0
0
0
0
0
0
0
0
0
0
0
0
0
0
1
0
1
0
0
0
1
0
2
0
1
0
0
0
0
0
1
0
1
0
0
0
0
0
0
0
2
0
0
0
0
0
0
0
1
0
0
0
0
0
0
0
1
0
0
0
0
0
0
0
0
1
0
1
0
0
0
0
0
0
1
0
1
0
0
0
1
0
0
0
1
0
0
0
1
0
1
0
1
0
2
0
0
1
0
0
0
2
0
0
0
1
0
0
0
2
0
0
1
1
0
0
0
0
0
0
0
0
0
1
0
0
1
1
0
0
1
0
0
0
0
0
1
1
0
1
0
1
0
0
0
0
1
0
0
0
0
1
0
0
0
0
1
0
1
0
0
0
0
0
0
0
2
0
1
0
0
0
0
0
2
1
0
0
0
0
0
1
0
0
0
0
0
0
0
0
0
0
0
0
0
0
1
0
2
0
0
0
1
0
0
1
0
0
0
0
0
0
1
0
0
0
0
0
0
0
0
0
0
0
