0
0
0
0
0
0
0
0
0
0
0
0
0
0
0
0
0
0
0
0
0
0
0
0
0
0
0
0
0
0
0
0
0
0
0
0
0
0
0
0
0
0
0
0
0
0
0
0
0
0
0
0
0
0
0
0
0
0
0
0
0
0
0
0
1
2
1
3
2
2
3
4
2
0
3
4
0
4
0
2
5
3
15
39
116
338
919
2101
4899
9457
16804
27513
41132
54578
66042
73050
73717
66610
54885
41099
28153
17706
9850
5026
2298
955
385
167
59
12
3
4
2
2
3
0
1
2
0
0
2
0
2
0
0
1
0
1
1
0
0
7
61
50
52
47
58
45
59
45
54
57
47
48
49
37
48
35
34
37
37
46
62
41
44
40
63
58
38
51
50
38
39
34
44
41
40
33
37
37
31
31
26
37
39
40
42
35
32
40
37
52
50
44
38
38
43
38
41
38
39
51
45
49
61
51
65
60
80
105
124
174
182
239
265
299
313
317
340
315
279
228
222
169
137
110
91
62
49
55
43
47
42
39
38
31
51
44
36
24
39
37
53
50
36
47
44
62
53
63
53
78
66
64
59
78
93
90
107
99
104
123
109
141
178
176
258
352
553
936
1435
2284
3667
5273
7466
10457
13066
16039
18778
20793
21430
21171
20003
17567
14955
12030
9135
6919
4975
3578
2488
1912
1378
1040
832
681
542
557
540
643
793
1029
1210
1519
1770
2043
2304
2434
2403
2330
2130
1779
1519
1202
964
681
498
404
297
244
205
190
180
144
130
93
75
49
47
36
26
22
11
13
11
7
10
14
13
5
14
7
6
4
9
7
9
17
9
12
7
5
9
7
6
8
5
6
11
10
10
9
7
9
12
13
10
12
23
15
14
19
29
34
26
32
32
31
38
27
20
20
14
19
25
27
22
22
17
18
18
22
20
26
17
26
13
28
17
19
21
26
15
18
15
26
14
16
14
7
7
4
11
8
10
14
5
7
8
10
4
5
6
7
4
6
6
5
3
13
8
5
8
6
4
5
7
4
7
8
8
6
9
5
7
4
7
12
9
11
10
21
12
14
14
20
16
14
14
14
9
11
5
4
5
5
12
5
3
9
14
9
7
9
6
11
9
16
12
13
5
10
16
9
7
10
9
9
6
2
4
6
4
6
7
8
5
6
6
9
5
7
6
7
10
8
13
6
9
6
9
7
16
8
5
3
5
7
7
8
3
6
5
6
3
9
9
6
5
9
6
4
7
10
6
4
6
4
7
5
9
7
1
11
5
3
5
8
7
8
10
8
3
6
2
9
4
7
6
7
9
8
10
5
8
6
8
8
8
7
7
7
5
3
8
6
10
6
3
7
11
13
10
8
4
5
3
6
7
11
6
9
8
11
9
13
2
5
10
4
8
10
6
9
5
11
8
11
8
9
10
7
12
10
8
5
7
9
9
12
10
7
11
10
9
9
8
17
10
4
9
14
19
15
3
5
11
17
8
9
9
11
14
12
8
15
10
9
14
13
13
14
14
11
14
11
24
15
22
11
13
19
30
25
22
34
26
32
40
31
40
35
37
32
27
34
44
32
37
37
43
29
41
36
46
39
42
36
38
37
30
38
27
39
35
38
33
29
26
22
23
25
41
17
26
21
28
35
24
31
20
19
16
11
27
14
20
25
20
23
18
20
12
25
23
19
11
27
20
21
31
18
26
21
11
29
17
21
13
12
27
21
20
23
30
21
20
28
27
24
18
25
28
26
20
24
30
29
25
24
30
27
31
32
29
26
27
37
28
27
33
30
30
37
37
23
35
26
31
38
38
28
38
33
35
37
28
39
40
34
36
36
37
35
39
46
39
34
41
38
41
43
44
31
37
36
34
39
54
48
58
54
47
57
52
61
46
53
50
57
55
45
55
66
55
57
63
49
48
57
58
62
57
52
69
59
60
71
68
55
49
69
61
80
92
98
90
93
87
102
81
104
96
109
106
106
105
97
102
99
96
79
92
106
100
80
76
70
81
56
89
86
80
74
86
96
76
71
86
89
80
84
87
92
89
105
80
84
90
90
73
76
70
84
78
79
84
73
82
69
71
94
85
77
83
62
71
89
75
72
69
89
78
72
74
76
72
85
80
68
74
77
71
79
68
81
79
66
69
81
94
91
76
90
67
77
83
78
77
77
84
82
87
74
75
78
66
97
82
69
87
87
79
79
81
80
92
95
86
66
78
91
83
82
90
92
69
80
76
79
64
83
85
78
73
87
67
81
84
69
89
103
81
93
91
86
99
75
95
84
104
110
79
98
89
80
98
106
97
105
118
85
115
122
90
98
131
126
151
180
211
246
315
392
566
646
822
1065
1329
1675
2024
2411
2837
3271
3636
4159
4557
4965
5191
5398
5441
5348
5276
5154
4942
4502
4059
3590
3269
2819
2353
1948
1574
1276
1040
795
644
508
425
290
256
208
163
138
142
138
122
116
135
104
101
128
97
104
104
91
107
103
119
112
99
90
93
94
111
109
102
117
114
114
112
111
101
100
101
125
103
125
105
126
122
117
121
108
118
120
129
141
112
119
101
108
113
99
112
119
136
107
129
128
141
172
150
161
163
186
208
198
246
293
338
312
373
451
458
531
634
691
730
810
824
793
826
884
817
775
758
675
674
578
528
505
480
387
373
327
260
250
208
204
166
146
169
134
146
165
131
141
118
150
142
122
145
140
145
139
150
149
132
123
151
141
163
159
147
142
136
157
146
136
151
148
170
157
165
176
162
169
182
166
162
163
177
166
169
179
189
178
181
187
175
188
203
195
185
220
217
217
206
230
189
241
196
209
204
194
223
228
239
228
194
265
259
264
236
238
270
282
270
300
288
266
293
289
299
268
326
293
305
327
317
327
336
315
346
333
359
360
360
371
373
333
369
348
333
370
336
364
348
386
364
377
394
370
370
376
345
328
373
350
356
345
321
359
338
317
325
323
282
315
350
303
300
308
285
299
281
278
278
275
282
259
256
265
247
262
255
234
220
240
235
249
227
223
229
250
207
212
213
191
201
200
205
202
166
236
197
192
167
179
215
207
174
172
180
190
197
176
165
161
188
153
161
184
164
171
170
160
171
181
192
154
170
148
166
162
139
165
162
148
164
158
150
148
160
158
142
167
166
154
145
158
142
156
160
187
166
189
186
190
205
187
175
207
174
221
208
206
202
198
192
208
208
195
223
210
208
214
218
201
213
222
211
187
193
216
223
220
237
220
239
211
223
210
221
199
198
187
238
202
203
184
202
191
196
178
218
212
196
187
194
209
172
183
195
148
184
194
182
176
174
178
204
197
184
184
172
174
181
188
177
172
187
200
193
169
197
171
189
200
162
191
149
186
183
182
171
168
182
158
187
192
204
174
161
182
160
176
167
160
182
170
174
174
187
182
173
174
183
176
180
183
184
170
188
193
162
190
166
198
187
181
197
196
182
199
170
172
190
188
192
199
186
179
157
168
181
193
192
178
201
189
184
215
176
199
197
172
193
180
199
188
194
202
206
190
208
210
197
188
154
207
204
206
202
189
214
188
188
190
190
209
198
212
219
171
239
208
171
201
208
214
196
214
215
210
223
231
212
198
205
204
216
204
191
195
210
211
204
211
219
215
206
207
251
214
215
190
226
221
217
231
245
205
235
225
215
221
232
243
220
227
244
268
214
245
237
244
248
246
267
240
246
251
236
275
221
232
249
241
235
230
257
255
251
234
267
222
227
248
240
235
226
243
237
250
248
229
234
216
237
211
260
221
233
248
254
236
237
252
225
215
225
245
233
231
228
227
232
217
209
240
204
232
242
210
197
227
203
199
189
201
223
214
226
202
247
207
222
232
205
219
202
217
214
234
240
201
189
196
205
200
198
207
196
210
214
205
207
190
204
206
206
217
194
210
180
230
195
194
186
192
181
196
199
183
203
195
199
187
208
211
193
203
201
192
214
186
202
205
207
178
185
201
223
213
206
196
205
210
195
208
205
180
203
178
184
208
213
184
231
214
201
178
209
208
186
197
201
178
210
210
216
204
189
209
178
218
193
209
217
192
166
224
195
219
180
197
200
200
190
187
177
205
191
206
200
188
195
192
202
183
201
193
165
204
196
192
201
231
189
184
175
216
210
198
209
197
188
206
191
206
186
210
185
200
192
206
173
205
207
187
201
197
218
177
216
162
166
195
188
213
200
184
196
205
215
198
197
184
199
192
209
204
165
199
195
207
211
186
214
197
206
207
192
185
179
228
209
187
200
209
197
224
223
193
201
217
198
203
199
223
198
177
234
185
215
193
202
202
207
220
244
241
194
214
221
220
224
239
247
198
217
228
241
223
237
215
250
247
235
252
221
255
222
245
245
266
248
250
245
214
239
273
269
286
253
259
253
274
290
278
278
255
282
286
315
303
276
310
278
296
293
307
308
344
286
270
320
315
316
296
351
346
361
357
380
321
358
326
380
397
378
405
379
375
419
444
415
435
455
451
459
512
505
492
524
526
531
579
618
630
586
626
687
650
677
683
744
777
785
816
848
853
901
852
926
932
1000
959
941
994
970
1070
1077
1087
1055
1088
1119
1185
1156
1187
1216
1164
1219
1209
1212
1178
1177
1173
1253
1212
1152
1129
1109
1124
1086
1091
1116
1053
1003
1067
1027
998
967
952
893
896
863
875
815
783
753
712
710
716
641
689
608
607
578
524
546
533
513
518
424
452
414
424
397
399
402
376
362
378
360
325
328
314
329
313
294
303
295
264
291
275
306
267
274
242
280
246
239
227
255
225
242
242
237
217
242
207
214
239
205
176
204
193
226
178
198
200
214
180
204
187
195
200
197
170
199
206
208
196
208
206
204
200
215
216
224
244
264
268
286
237
278
285
293
312
360
362
362
344
321
383
342
404
386
393
379
414
387
387
426
344
382
370
338
313
336
350
275
276
275
228
228
237
228
211
197
170
166
155
166
168
149
150
142
131
143
152
132
121
156
126
126
133
107
136
127
116
158
151
120
125
135
136
155
140
131
143
134
160
148
145
134
154
134
164
175
180
163
148
164
146
170
167
176
176
151
191
174
170
204
179
193
187
182
202
193
200
206
231
194
207
231
236
203
239
208
223
210
215
207
221
235
207
202
225
246
210
220
207
206
196
186
210
206
223
183
185
195
194
211
182
196
185
176
177
185
182
170
151
157
148
159
142
158
155
143
129
139
148
131
132
128
124
106
126
108
117
129
107
111
117
105
112
121
87
113
86
84
107
95
86
97
104
81
92
83
86
81
95
79
85
84
85
81
77
69
90
73
62
75
71
81
58
69
65
54
66
66
67
53
60
64
51
54
62
69
71
73
51
67
56
66
63
46
60
50
64
55
49
60
49
62
58
56
53
39
52
46
38
53
60
46
64
53
53
56
57
47
38
56
61
41
46
62
41
54
55
45
46
35
66
54
54
40
66
47
60
58
66
74
56
58
73
78
65
61
71
76
63
75
77
89
81
68
62
73
53
52
62
66
67
46
44
58
51
54
37
50
40
45
35
45
40
42
39
31
44
28
42
39
23
43
38
34
39
32
46
44
41
51
37
40
37
42
37
45
40
35
30
45
36
40
28
36
41
42
31
37
33
33
25
38
32
31
39
33
31
26
28
28
30
30
34
31
40
29
24
28
27
26
28
24
24
31
32
29
35
34
28
25
32
30
23
29
30
27
28
33
25
32
30
23
33
30
31
37
24
25
26
32
30
40
31
18
30
27
28
28
28
32
22
27
24
31
22
24
20
30
33
27
29
23
29
25
23
28
20
25
39
31
30
25
24
26
19
21
21
29
26
22
24
23
29
21
21
24
25
31
27
17
27
22
32
19
28
33
15
21
20
27
30
28
24
29
22
20
29
22
19
22
22
23
21
20
32
31
24
20
20
26
20
24
23
31
26
25
22
32
19
20
28
11
21
37
25
20
16
24
26
17
17
27
17
26
21
26
22
31
13
23
25
20
28
13
28
21
21
16
18
22
22
14
20
26
16
16
18
23
21
18
24
21
26
18
26
21
26
27
19
16
17
15
21
20
21
21
21
14
22
13
29
15
22
24
21
25
17
17
19
23
22
10
18
12
20
17
15
27
24
18
15
19
17
13
13
10
14
22
19
21
17
11
15
15
24
17
11
14
20
19
23
14
21
19
24
13
16
15
25
17
16
13
22
20
19
19
15
16
19
13
14
14
4
9
15
19
22
18
19
20
16
19
12
19
11
19
18
9
15
16
17
15
17
12
14
16
11
18
9
16
17
17
17
14
18
19
11
19
14
16
13
16
10
8
18
9
16
16
17
16
18
10
23
13
16
13
11
15
10
16
16
12
11
15
12
10
6
11
15
14
16
14
22
11
18
15
13
17
8
12
11
10
7
12
11
11
16
15
9
18
12
12
11
10
14
10
13
10
15
11
12
8
8
11
6
12
20
12
10
17
10
12
8
11
9
11
14
15
18
8
10
12
12
8
13
7
12
6
8
9
9
13
10
10
7
11
8
11
14
7
12
11
10
9
10
8
10
6
8
9
11
7
12
5
6
11
5
9
12
9
9
3
12
13
14
6
11
19
9
16
13
15
14
10
9
13
9
10
5
12
13
15
12
11
13
8
9
6
10
9
6
19
8
8
7
3
11
9
12
14
13
8
11
10
13
12
7
14
6
8
6
5
7
7
6
7
10
13
12
9
6
6
6
11
4
10
9
9
5
10
5
10
9
6
12
13
9
7
9
10
13
14
9
11
5
10
5
5
7
5
8
4
7
8
5
8
8
10
6
9
10
9
10
5
7
8
5
5
9
4
7
7
6
3
7
11
6
6
13
8
3
6
6
3
10
4
9
5
7
6
8
9
9
5
2
7
7
6
9
4
8
6
9
9
2
6
5
8
7
13
9
7
5
13
9
5
6
7
4
6
7
9
4
3
4
3
7
8
8
4
9
5
12
7
8
11
9
5
4
2
13
4
5
10
3
5
5
6
4
8
8
5
2
7
5
7
7
2
3
7
5
4
6
2
2
5
4
2
5
3
4
6
3
1
3
4
4
6
4
4
4
6
4
8
6
4
5
7
3
5
3
2
1
7
3
4
6
7
7
6
5
11
3
5
5
6
2
6
5
6
4
3
6
4
4
4
5
3
8
4
3
2
4
5
9
5
4
6
6
2
6
3
3
7
4
7
4
4
7
7
4
3
4
3
4
4
4
3
6
3
2
7
5
4
2
1
8
4
4
7
8
1
4
2
7
0
1
3
4
7
3
6
3
6
5
2
3
3
1
3
1
0
4
7
6
7
3
5
7
4
1
9
2
5
4
4
2
4
0
4
5
3
4
4
6
5
2
3
3
2
4
3
6
6
2
3
4
5
5
6
2
2
5
1
4
4
3
2
5
5
2
7
1
2
4
1
3
3
2
7
3
6
2
2
6
6
1
2
6
2
2
0
0
1
8
6
1
3
4
2
3
3
2
3
5
5
5
2
0
3
3
2
3
5
2
0
2
0
3
1
3
3
1
7
3
2
2
2
2
2
5
0
1
4
7
1
1
3
2
3
3
1
3
1
1
4
2
1
1
2
1
8
5
1
1
1
2
2
4
4
2
1
2
4
3
0
3
3
3
2
3
2
2
0
0
3
1
0
3
1
1
3
2
3
1
4
1
1
1
2
5
3
2
3
5
3
1
2
1
2
5
3
2
2
3
3
1
1
3
3
3
2
4
0
1
1
4
4
2
5
2
4
4
2
5
1
1
1
0
2
3
2
6
2
5
6
4
2
5
1
4
3
1
1
0
1
1
0
0
3
2
1
1
2
1
2
1
2
2
0
3
2
1
2
3
2
2
1
2
2
0
1
5
2
0
3
2
3
0
4
2
1
2
1
0
2
2
3
0
0
2
2
2
2
1
1
0
3
2
0
1
1
1
1
0
1
3
2
1
1
1
3
1
3
2
2
1
1
2
1
2
0
1
0
0
1
0
2
2
4
0
2
1
1
2
3
0
2
3
1
1
3
5
1
2
0
2
4
4
1
1
2
2
1
2
1
2
2
0
3
2
0
1
1
1
1
1
1
2
2
3
3
0
1
0
1
2
1
0
2
0
1
1
2
0
0
2
0
1
1
0
1
2
1
0
1
2
1
0
3
1
3
1
1
0
0
2
1
0
1
1
1
0
0
1
1
0
1
1
0
0
2
4
0
0
2
3
0
0
0
1
0
0
1
1
0
1
1
1
1
2
0
0
2
0
0
1
0
3
1
0
1
2
2
0
0
0
1
0
1
2
1
0
2
2
0
0
1
0
1
1
0
1
1
0
0
1
0
0
1
2
1
1
0
0
0
0
0
0
0
0
1
4
0
0
0
1
1
0
1
0
2
1
1
1
0
1
1
1
1
1
0
0
0
0
0
0
1
1
1
1
0
0
1
2
0
1
1
1
0
0
0
0
0
1
1
1
0
0
1
0
0
1
1
1
1
2
0
0
0
1
0
0
0
2
1
1
2
0
1
0
0
1
2
0
0
0
0
1
0
0
0
1
0
0
0
0
0
0
0
0
2
0
3
0
0
0
0
1
0
0
1
0
0
1
1
1
0
0
0
0
0
0
0
1
0
0
0
0
1
0
0
0
2
0
0
0
0
0
0
0
0
1
1
0
0
1
0
2
0
1
0
1
2
0
0
0
0
1
1
0
0
1
0
2
1
0
1
0
0
1
1
0
1
1
3
0
1
0
0
0
0
1
0
1
2
0
0
2
0
1
0
0
1
0
0
1
0
1
1
0
1
0
0
1
2
0
1
1
0
0
1
0
0
0
0
1
2
0
1
0
1
0
0
0
0
0
0
0
0
0
1
1
0
0
0
0
0
0
0
0
0
2
2
0
0
0
0
0
0
0
2
0
0
0
0
1
1
0
0
0
0
0
0
0
0
0
0
1
0
2
0
1
1
1
0
0
0
1
0
0
0
0
0
0
0
0
1
0
0
1
1
0
1
0
0
0
0
1
0
0
2
2
0
1
1
0
0
0
0
1
2
0
0
1
0
0
1
0
0
0
1
0
1
1
0
0
0
0
0
0
0
1
0
1
0
1
0
0
0
0
0
0
2
0
0
0
0
0
0
0
0
0
1
0
0
0
0
0
0
0
0
0
0
0
0
0
0
0
0
0
0
0
1
0
0
0
0
0
0
0
0
0
0
1
1
0
1
2
0
0
0
0
0
0
0
0
0
0
0
0
0
0
0
0
0
0
0
0
1
0
0
0
0
0
0
0
0
0
0
0
1
0
0
0
0
0
0
0
0
0
1
0
1
0
0
1
0
0
0
0
1
2
0
0
0
0
1
0
0
0
1
0
1
0
0
0
0
0
0
0
0
0
0
0
0
0
1
0
