0
0
0
0
0
0
0
0
0
0
0
0
0
0
0
0
0
0
0
0
0
0
0
0
0
0
0
0
0
0
0
0
0
0
0
0
0
0
0
0
0
0
0
0
0
0
0
0
0
0
0
0
0
0
0
0
0
0
0
0
0
0
0
0
0
0
1
0
0
2
0
2
1
0
3
7
2
4
3
3
4
7
10
31
140
392
972
2278
4844
9482
17079
27806
40688
54605
66081
73114
72945
66408
55033
41153
28246
17431
9900
5064
2411
1042
429
144
43
9
3
3
3
0
2
1
2
2
1
2
1
0
0
1
0
1
0
0
0
0
0
5
68
54
46
64
59
62
48
56
44
41
38
44
46
46
56
39
46
48
53
34
43
23
53
27
44
40
35
40
39
43
33
46
33
47
42
48
44
27
34
27
36
36
42
38
44
37
40
24
30
35
36
36
40
49
38
38
42
44
57
41
43
60
48
52
63
74
61
91
111
150
169
230
253
301
326
344
296
302
290
224
198
151
139
120
93
73
56
57
53
39
39
32
47
38
36
35
37
37
44
51
44
32
54
44
43
45
41
55
46
54
66
50
83
82
77
88
92
102
112
118
123
109
114
134
214
272
472
748
1333
2071
3287
5029
7359
9835
12812
15610
17935
19755
20628
20266
18740
16875
14093
11457
8622
6630
4638
3372
2370
1758
1223
945
690
574
427
380
414
479
679
876
1193
1469
1892
2107
2428
2467
2444
2375
2124
1886
1497
1164
969
665
544
390
265
233
198
176
162
142
118
109
76
52
53
38
32
19
12
16
7
19
15
7
11
7
10
9
11
14
10
11
5
5
4
8
11
10
9
8
11
8
5
11
12
11
12
10
10
13
14
9
15
20
13
16
17
30
25
24
22
31
24
22
22
25
24
18
16
17
14
18
18
19
27
20
23
19
25
13
19
17
24
18
25
20
19
27
14
15
18
15
14
15
11
10
14
5
12
7
6
2
8
7
5
3
11
8
5
6
10
6
9
4
6
2
1
5
4
1
8
5
3
6
10
4
7
7
9
10
7
4
5
16
16
8
15
11
25
16
18
14
19
16
13
11
14
9
9
10
8
9
2
11
8
11
5
7
8
7
10
15
17
18
9
8
12
9
9
13
11
12
8
12
6
9
10
5
7
5
9
6
8
6
2
8
5
4
5
5
4
5
9
7
7
2
9
3
10
1
6
2
3
6
8
6
7
5
7
7
6
2
7
7
6
8
8
4
3
9
15
8
5
6
4
3
9
3
5
3
5
6
9
11
0
8
10
7
7
9
8
6
6
5
9
7
5
7
8
5
3
7
4
5
6
2
6
8
9
5
5
8
7
5
11
11
8
7
11
4
9
7
10
5
5
8
6
7
13
10
4
7
4
8
8
10
11
8
11
12
9
7
7
5
10
9
7
6
3
6
6
7
7
5
13
9
3
7
12
8
13
11
4
6
12
7
14
11
12
11
12
14
8
6
14
6
6
13
5
15
12
11
15
11
7
12
12
12
13
8
10
16
6
16
16
10
11
9
22
9
15
20
18
19
25
13
22
17
15
17
25
10
21
13
18
20
23
26
23
22
17
19
12
17
17
18
14
20
20
19
20
19
19
18
23
18
16
10
18
13
14
13
17
19
14
15
21
10
14
21
15
14
26
18
18
15
13
21
18
27
16
23
23
24
15
19
28
19
19
18
34
22
19
16
22
30
27
25
34
31
27
28
29
29
33
27
37
29
34
33
27
29
25
26
23
24
29
26
23
26
33
26
32
30
27
20
31
34
24
37
49
32
33
47
37
35
26
35
32
34
39
39
38
37
22
41
31
37
36
35
36
38
43
28
42
34
45
40
38
46
57
39
59
46
39
49
56
42
51
40
51
67
41
45
71
65
66
49
60
68
72
49
66
54
57
55
63
55
61
58
62
66
66
57
71
69
71
83
85
74
86
84
88
70
113
77
98
108
116
95
101
105
92
92
100
96
99
97
87
83
70
86
81
80
87
66
73
77
64
87
81
85
76
66
70
67
71
95
75
70
76
59
65
72
62
67
71
72
62
65
85
75
74
62
81
95
78
76
48
69
76
68
72
64
74
65
74
80
57
61
73
72
75
62
64
89
60
78
76
62
85
60
79
66
61
70
66
85
81
81
70
71
74
79
66
86
79
71
68
78
84
83
68
76
57
76
58
58
74
71
67
90
81
84
84
69
74
77
80
70
88
56
64
67
73
79
83
73
75
78
76
81
76
83
69
80
64
95
76
69
84
78
86
68
81
88
93
92
100
87
78
92
85
89
96
96
91
89
77
102
110
103
130
147
140
198
208
315
366
464
550
746
915
1147
1448
1769
1988
2463
2900
3324
3803
3925
4569
4772
5027
5300
5338
5217
5152
5037
4627
4317
3944
3476
3044
2561
2215
1828
1490
1278
953
754
610
447
396
285
219
202
162
160
120
97
101
99
102
108
96
89
93
83
108
99
93
103
101
100
87
100
95
94
83
107
93
80
103
99
95
89
95
104
114
119
106
114
107
100
111
120
109
117
100
99
96
128
122
136
114
105
107
102
134
107
147
132
110
147
140
139
145
163
161
180
197
228
235
313
339
348
382
476
505
557
681
636
695
724
764
772
803
751
784
736
697
701
632
605
508
482
423
387
350
293
274
228
225
214
168
141
168
145
140
138
140
142
137
121
140
142
148
129
147
145
141
143
136
147
151
147
154
137
139
165
159
160
140
165
149
157
177
186
190
156
154
176
182
192
160
152
190
156
162
193
175
174
166
183
192
193
184
196
176
181
175
182
196
185
219
177
212
183
196
212
207
220
228
225
223
234
206
219
207
205
250
202
213
213
189
223
208
222
224
244
224
228
207
227
215
218
223
205
188
207
217
203
224
213
204
220
199
183
199
204
184
224
199
197
184
188
172
195
173
192
168
202
184
170
172
200
161
166
183
180
163
177
183
193
184
169
171
186
153
183
155
164
136
143
147
148
153
175
144
136
152
165
140
140
157
149
151
146
144
142
172
136
164
152
132
160
139
152
126
174
144
148
141
153
139
152
163
136
157
122
154
138
159
165
156
150
152
157
154
151
146
167
135
156
144
153
146
153
164
158
140
131
138
158
137
144
154
162
148
163
164
166
146
159
165
140
138
137
130
158
139
164
158
152
177
159
166
161
165
134
137
165
138
158
141
167
166
145
139
165
154
165
153
154
157
151
156
153
139
151
156
150
155
142
175
162
160
165
144
150
167
168
126
146
161
149
144
146
153
151
175
162
152
153
185
178
157
165
154
148
172
182
187
156
169
148
169
149
173
208
178
192
154
136
165
183
166
179
172
189
171
156
166
174
176
167
184
174
188
181
196
149
170
176
201
186
157
178
187
178
178
181
200
181
191
156
202
185
180
179
170
185
191
180
191
177
163
184
171
173
176
168
173
188
151
209
170
204
197
167
184
196
181
184
188
185
179
186
160
203
209
207
197
166
197
215
188
187
220
212
223
201
213
225
212
187
215
167
213
227
214
225
231
185
206
219
193
194
206
235
196
222
187
216
229
201
199
227
217
219
237
204
223
225
232
215
209
244
238
210
230
243
228
238
236
239
249
231
247
254
197
228
236
247
266
239
247
260
242
240
219
228
238
226
252
229
240
257
240
232
237
257
228
253
234
270
254
221
265
230
236
249
236
261
262
248
256
254
227
211
240
251
248
243
225
233
230
229
232
245
243
242
256
200
243
221
218
230
229
229
214
239
228
222
231
217
202
199
193
208
223
204
222
198
206
227
214
174
212
212
216
179
227
215
227
205
208
197
194
259
199
202
211
189
196
193
209
201
194
175
208
194
204
181
207
168
188
206
187
192
212
208
221
199
185
197
187
205
185
193
203
195
207
194
169
200
218
196
208
192
197
205
196
178
206
206
177
180
167
198
191
223
206
181
185
187
195
196
205
198
193
208
176
196
203
220
196
185
181
200
197
199
197
190
187
183
218
196
205
208
186
221
222
186
204
191
200
179
173
195
206
203
207
192
188
210
209
209
206
220
188
198
185
202
185
204
207
220
189
159
219
180
192
198
157
201
186
196
207
195
173
185
233
179
198
215
196
214
183
208
192
176
171
207
206
211
185
190
167
210
168
176
191
194
190
185
211
184
202
209
215
191
190
170
205
221
208
177
201
199
205
198
194
207
219
197
211
169
204
198
184
216
200
183
203
194
210
158
180
207
205
213
202
218
193
204
197
219
207
209
217
193
224
186
180
201
198
223
197
232
248
221
197
186
214
225
214
248
249
216
229
248
215
224
232
227
230
220
210
231
219
227
221
221
212
203
215
234
246
222
221
237
206
256
230
243
243
245
251
259
244
254
246
246
237
266
278
284
273
264
261
287
297
264
265
254
267
249
286
267
287
280
276
259
288
291
321
315
341
312
321
319
314
323
371
367
341
331
305
347
357
352
339
343
403
390
402
358
442
405
407
439
459
446
457
448
514
481
529
549
528
525
573
545
578
596
620
624
663
692
754
701
722
728
798
789
827
879
905
951
880
941
933
1009
977
1087
1019
1116
1115
1100
1138
1166
1174
1165
1212
1248
1200
1181
1209
1175
1221
1299
1281
1201
1227
1190
1119
1163
1197
1148
1134
1070
1112
1095
1033
1061
993
1012
938
938
940
899
905
821
819
776
806
743
737
747
679
665
595
630
596
555
555
535
540
528
508
467
514
423
463
411
384
396
373
389
391
332
333
346
297
323
330
341
304
294
317
296
288
264
266
274
227
272
232
262
248
249
237
223
217
236
238
200
204
221
209
235
227
199
197
207
193
174
205
184
213
177
215
183
183
172
201
177
204
179
200
202
212
222
234
252
216
243
253
278
244
293
290
257
307
320
314
365
337
305
332
335
406
386
365
397
393
367
394
414
383
341
339
370
356
335
315
285
279
293
265
264
221
234
223
205
211
187
178
159
175
163
154
128
140
113
144
147
132
144
142
122
142
140
132
124
122
131
121
142
127
150
163
135
111
149
127
138
137
132
159
148
151
162
140
171
161
167
176
160
150
184
154
169
182
176
167
178
165
186
191
169
214
209
173
182
232
191
212
203
227
221
215
216
206
214
232
217
235
229
213
231
248
228
226
249
202
248
232
235
224
236
213
206
224
210
208
218
221
194
196
176
202
211
186
191
171
211
164
191
173
162
155
171
158
154
156
143
136
128
150
119
143
129
131
131
122
126
131
117
127
120
94
100
114
97
94
100
111
82
111
99
91
104
93
86
81
89
86
78
95
88
80
79
59
82
81
81
76
76
76
82
80
77
70
76
76
67
70
69
59
56
69
69
70
70
77
68
61
77
59
48
55
70
59
62
57
68
51
65
60
64
48
45
37
55
64
65
45
60
56
45
42
48
53
42
44
46
66
58
47
47
43
42
55
48
39
37
51
48
45
63
53
45
56
69
51
54
60
62
66
59
63
63
60
59
65
59
56
70
61
66
77
68
54
62
62
59
55
53
59
63
57
74
53
53
50
47
44
46
54
36
41
36
41
32
50
42
34
48
33
39
47
53
35
40
39
41
32
47
36
41
55
29
34
40
43
43
38
36
32
49
44
33
43
30
41
41
36
43
27
30
34
45
36
35
37
38
38
39
30
24
30
42
25
34
25
24
39
29
26
29
41
36
26
34
30
28
24
46
33
30
27
22
29
32
27
29
41
25
30
26
21
30
23
28
32
33
22
27
34
29
35
28
23
18
24
23
25
31
28
25
30
35
31
26
22
20
21
27
28
22
24
34
28
22
27
28
28
33
23
24
23
24
34
28
32
11
33
24
27
25
37
28
22
28
26
34
26
29
23
21
16
19
27
28
21
25
24
19
26
27
28
28
21
16
18
23
25
25
29
28
20
26
17
21
22
23
26
31
20
21
25
17
27
12
26
22
29
27
22
24
28
26
21
26
17
17
16
30
21
27
24
20
21
26
18
26
27
32
23
25
19
15
17
23
19
18
18
18
21
18
19
29
17
22
21
20
21
27
28
20
11
28
25
26
19
24
22
21
21
21
19
28
18
12
20
18
21
16
19
23
9
18
17
13
17
15
17
21
21
24
20
19
22
14
16
22
19
15
22
13
17
11
20
18
20
20
26
20
22
19
21
13
18
23
24
20
14
23
13
18
14
19
22
18
11
18
17
17
18
13
24
19
16
14
11
21
14
22
12
18
17
17
22
14
21
13
13
19
15
16
8
19
21
11
16
9
10
23
15
19
13
16
22
12
15
10
21
12
13
10
13
16
13
11
18
16
15
19
12
16
8
14
17
12
18
18
17
8
16
11
11
16
15
12
10
12
14
20
19
16
21
19
11
15
10
10
9
16
12
19
21
7
10
12
12
20
14
8
18
15
18
13
11
11
11
15
14
9
18
16
8
15
18
11
12
10
12
10
12
13
10
10
6
12
12
13
16
19
10
11
14
9
15
11
8
17
13
12
11
10
14
10
8
10
8
11
12
15
10
9
11
11
11
19
13
13
14
16
8
19
15
18
16
12
13
8
8
11
7
9
16
11
9
9
15
18
13
16
13
15
16
11
9
12
8
9
12
5
7
8
14
9
12
7
6
12
8
12
10
8
11
12
11
5
8
13
11
7
10
6
10
12
11
8
10
12
6
8
7
10
14
11
11
9
7
7
10
4
10
9
8
8
8
12
7
13
7
7
6
8
11
3
4
4
4
7
11
2
11
8
5
7
12
11
5
9
5
14
5
6
11
8
9
7
6
7
8
5
10
4
6
8
3
11
9
5
19
7
8
4
5
12
8
4
2
10
13
7
7
12
9
3
7
11
8
6
7
11
7
8
6
4
1
6
6
8
9
8
7
11
4
11
5
8
3
10
7
11
11
11
12
9
5
5
5
10
4
1
9
5
7
7
10
4
9
4
6
7
4
5
5
8
4
3
6
11
1
6
1
7
5
3
3
4
11
8
7
6
10
6
8
7
6
6
5
8
6
9
8
7
4
1
8
5
2
6
5
1
6
3
7
8
9
4
3
5
10
9
6
3
5
5
6
4
6
3
7
6
3
5
3
4
7
4
4
3
3
7
5
6
5
4
7
7
3
6
8
8
7
0
3
5
5
6
9
10
4
10
8
4
9
6
8
6
4
5
2
6
5
5
6
11
2
6
7
3
3
5
5
14
4
5
3
5
3
4
2
2
6
3
5
6
6
5
3
5
1
3
4
5
8
3
2
3
7
4
4
3
8
3
5
5
2
7
4
3
9
7
9
4
8
4
4
6
4
7
5
2
8
4
2
4
6
2
3
3
3
7
3
4
6
4
3
4
5
6
11
5
2
3
8
2
8
2
6
2
1
3
4
2
1
6
3
5
5
1
5
1
6
4
9
5
5
4
3
4
2
4
2
3
2
5
2
1
6
2
5
4
5
4
6
0
4
2
2
6
3
4
1
3
3
4
1
1
5
5
8
3
2
4
1
0
5
1
2
2
4
1
3
1
2
4
8
1
0
2
0
4
1
4
3
4
2
3
5
2
2
0
2
1
0
7
1
3
3
3
1
0
3
3
5
3
5
5
7
4
4
1
1
2
3
1
8
3
2
2
2
1
2
1
2
3
3
3
2
0
2
1
1
2
2
3
1
0
1
1
4
2
0
3
4
3
2
2
3
3
2
0
3
1
1
3
1
2
4
4
4
2
0
5
1
2
4
4
4
2
0
2
5
1
1
3
0
1
1
3
2
2
3
6
1
3
4
3
2
2
7
1
6
2
0
0
1
3
1
3
4
5
1
2
4
0
0
3
3
1
1
3
4
2
3
4
3
1
4
2
1
2
4
2
2
1
0
1
1
3
4
2
2
2
1
2
1
0
5
3
1
0
2
1
2
1
3
3
3
1
1
3
2
1
1
1
2
2
1
2
0
1
1
1
3
3
2
2
0
4
1
1
3
1
2
3
2
2
0
1
1
2
1
2
1
2
0
4
5
0
0
0
1
3
0
6
1
3
0
0
2
2
1
1
2
1
0
1
0
2
1
1
0
1
0
0
0
0
1
1
2
0
1
1
2
0
1
0
1
0
2
0
0
2
1
0
1
0
1
2
1
1
3
0
1
1
0
1
2
3
0
2
2
2
2
6
0
2
7
1
0
2
1
2
4
4
1
0
1
3
1
1
0
0
0
1
0
2
1
1
2
2
0
2
0
1
1
3
1
1
1
0
1
1
2
2
0
0
0
1
0
0
1
0
0
1
1
0
1
0
2
1
2
4
0
1
1
0
0
0
0
0
0
0
2
1
1
2
0
2
0
1
1
0
1
1
1
0
0
0
1
1
0
0
1
3
3
1
0
2
0
0
2
1
1
2
1
1
0
2
0
1
1
2
1
1
1
0
0
0
3
0
1
0
2
2
4
1
1
2
1
0
0
0
2
0
1
5
1
3
0
1
0
1
0
1
0
2
2
1
0
2
0
1
1
2
1
1
0
1
0
0
2
0
2
1
1
0
1
0
1
0
0
0
0
0
0
0
0
0
0
0
0
0
0
0
0
2
0
0
0
0
0
0
0
0
0
0
1
1
0
1
0
0
1
0
0
2
0
2
1
0
0
4
0
0
1
0
1
0
0
2
0
1
1
0
0
0
1
0
0
2
0
1
0
2
0
1
1
0
0
0
1
0
0
0
2
0
0
0
1
0
0
1
0
0
0
1
1
2
2
0
1
2
0
1
1
1
0
1
1
1
0
1
1
0
1
0
1
0
0
1
0
0
0
0
0
0
0
2
1
0
1
0
1
0
0
1
0
0
0
0
2
0
2
1
0
0
0
0
0
1
1
1
0
0
1
2
0
0
2
1
0
0
0
2
0
0
1
1
0
1
0
0
0
0
0
0
1
2
0
1
1
0
1
0
0
0
0
0
0
0
0
1
1
0
0
1
0
0
0
1
0
0
0
0
0
2
0
0
0
0
0
0
0
0
0
1
0
0
0
0
1
0
0
0
0
0
0
1
1
0
0
0
0
0
0
1
0
0
1
0
0
1
0
1
0
1
0
1
0
1
1
0
0
1
0
1
0
0
1
1
0
0
0
0
0
0
0
0
0
0
0
0
0
0
1
2
0
0
0
2
1
0
0
0
0
0
0
0
0
0
0
0
0
1
0
0
0
0
1
0
0
0
0
0
0
2
0
0
1
0
0
0
0
0
0
1
0
0
0
0
0
0
0
1
0
0
1
1
0
2
0
0
0
0
0
0
0
0
3
1
0
0
1
0
1
0
0
1
1
1
0
1
0
0
0
0
0
0
0
0
0
0
1
0
1
1
0
0
0
0
1
0
0
0
1
0
0
0
0
0
0
0
0
0
0
0
0
0
0
0
0
0
0
0
0
0
0
0
0
0
