0
0
0
0
0
0
0
0
0
0
0
0
0
0
0
0
0
0
0
0
0
0
0
0
0
0
0
0
0
0
0
0
0
0
0
0
0
0
0
0
0
0
0
0
0
0
0
0
0
0
0
0
0
0
0
0
0
0
0
0
0
0
0
0
1
0
1
0
5
1
0
3
2
0
3
2
5
2
2
3
3
5
7
35
109
341
996
2128
4750
9291
16804
27874
40752
54244
66602
73613
73278
66879
54919
41384
28051
17188
9777
4856
2287
985
421
131
54
18
10
4
2
2
1
2
0
0
2
0
0
0
0
1
1
0
0
0
1
0
0
2
56
48
55
46
44
42
46
46
56
47
43
43
49
54
44
40
40
46
35
40
45
39
41
40
46
41
37
43
31
45
43
47
37
38
26
40
42
40
38
34
44
40
23
35
36
36
43
36
39
40
48
52
38
33
39
39
42
46
50
48
45
30
61
53
64
56
80
116
141
151
175
211
278
351
331
348
333
297
238
225
194
172
113
115
70
72
69
58
29
38
44
48
46
46
41
47
37
48
43
41
46
41
53
37
49
52
51
39
54
75
64
89
74
68
76
91
91
94
143
113
107
171
153
195
260
363
585
924
1393
2345
3574
5339
7466
10285
13176
16350
18831
20599
21359
20988
19428
17630
14850
11958
9150
6617
4886
3496
2454
1917
1385
1080
859
687
576
545
496
659
784
942
1197
1553
1885
2207
2340
2459
2373
2282
2079
1733
1455
1142
902
691
526
370
292
244
221
181
163
124
120
88
74
64
45
49
35
19
15
15
13
14
12
10
7
20
13
8
11
11
6
11
13
10
6
14
9
12
7
8
8
11
10
6
6
7
7
8
10
10
7
14
12
18
19
19
20
22
22
26
26
28
28
30
29
32
26
17
28
25
24
22
10
24
29
18
21
21
23
30
18
18
19
20
18
22
26
22
19
21
18
15
18
4
6
13
12
15
14
14
7
6
9
6
6
2
10
5
8
10
6
9
3
8
4
9
3
5
5
4
5
3
6
4
9
5
5
7
6
10
7
9
10
8
7
20
16
10
11
13
17
10
17
12
18
14
7
6
9
8
7
6
5
16
2
9
11
7
11
11
11
13
12
10
14
12
10
15
6
16
17
6
3
11
8
8
7
7
6
8
7
7
13
9
6
8
4
3
4
5
7
8
4
9
7
7
7
5
10
8
5
4
10
10
5
9
5
5
12
6
5
11
3
8
7
4
6
7
7
9
3
9
4
9
3
1
6
6
11
4
6
5
6
4
5
2
10
8
4
5
5
4
6
7
8
11
8
12
4
5
5
9
4
10
10
3
9
8
12
6
10
6
9
7
10
5
10
10
8
7
6
10
11
9
10
4
7
6
10
14
6
9
11
12
11
9
6
16
8
6
10
12
16
13
6
10
6
4
8
7
5
10
10
9
9
6
7
13
7
11
10
11
11
14
9
15
10
10
10
10
12
8
7
9
9
12
12
10
7
8
9
8
15
13
15
15
10
14
11
21
20
14
24
23
28
24
24
33
25
23
16
25
28
29
30
22
40
47
25
34
31
35
32
36
35
31
35
39
49
37
33
39
38
40
26
41
28
28
36
36
41
37
34
32
30
30
25
21
29
38
31
23
30
25
30
21
23
24
26
20
28
20
22
20
22
24
21
18
16
18
28
13
18
22
28
16
22
22
22
30
25
39
20
21
28
27
15
24
14
22
23
23
23
20
24
32
22
15
21
25
22
34
39
19
30
31
24
25
30
29
37
26
20
29
19
23
38
30
26
34
25
35
30
29
28
27
31
30
33
23
42
35
34
41
26
35
33
41
44
45
41
28
42
33
41
35
34
38
29
30
37
57
52
50
50
50
62
44
49
39
32
44
50
50
55
33
49
50
55
58
44
55
51
51
60
62
66
68
58
48
59
71
57
68
73
68
77
63
81
104
86
94
83
94
93
90
80
111
99
110
101
109
90
95
99
100
81
106
89
96
105
100
90
90
78
88
84
71
87
72
78
73
85
88
74
109
98
92
83
79
78
76
94
79
79
80
88
103
95
81
78
82
84
78
79
85
99
88
95
88
82
83
81
68
89
82
73
78
75
88
82
77
95
97
68
79
92
84
73
84
81
66
76
85
76
87
92
59
73
77
57
75
97
64
74
80
89
72
89
78
73
64
75
78
75
67
71
65
70
65
74
77
57
88
78
71
78
90
78
74
81
72
94
67
99
82
84
83
91
85
92
86
82
74
78
87
79
89
92
86
77
98
84
94
86
95
96
93
86
101
90
75
99
114
101
103
100
108
108
112
104
133
135
161
149
195
225
281
311
384
524
648
878
1088
1350
1651
2032
2494
2827
3315
3688
4238
4483
4856
5065
5279
5303
5413
5332
5100
4832
4391
4190
3557
3182
2713
2368
1950
1560
1270
1033
845
618
488
370
329
246
198
157
147
130
132
134
111
113
113
115
121
126
104
102
113
81
115
122
99
113
109
89
113
109
105
103
106
106
94
106
110
106
99
115
109
116
115
97
121
110
109
101
115
105
143
130
125
115
120
147
91
118
110
113
134
127
115
135
120
130
140
149
174
162
189
189
225
244
268
286
336
414
446
478
553
593
661
690
758
748
783
753
817
832
813
722
715
673
618
529
536
412
424
364
292
284
251
248
191
145
175
163
153
161
138
141
139
136
143
127
131
159
138
155
141
125
130
154
164
140
153
131
165
128
147
157
146
161
162
171
156
131
135
159
157
152
151
162
163
174
186
156
164
173
189
180
172
166
154
193
195
189
172
181
198
206
189
213
229
212
238
211
205
214
213
214
241
223
220
254
262
255
260
256
269
267
256
287
279
293
294
253
287
311
297
311
314
313
332
311
309
320
333
337
332
325
372
366
348
385
327
353
367
330
365
377
355
377
362
371
354
394
370
345
361
349
315
320
356
346
354
340
341
306
347
311
293
340
326
322
325
292
276
322
319
304
302
254
285
292
266
253
304
285
221
259
267
238
226
241
221
224
204
202
224
197
216
197
188
183
202
191
190
181
191
183
190
193
196
189
193
174
164
183
181
171
170
170
161
177
183
149
179
145
178
180
178
165
148
181
148
172
162
175
158
167
167
147
160
171
168
161
160
141
157
191
186
166
167
158
159
189
193
174
172
188
184
194
203
193
178
183
189
224
183
191
201
181
203
161
207
211
195
227
227
210
240
192
245
217
217
239
220
251
235
238
203
232
240
191
194
219
200
190
218
194
179
227
223
221
206
205
195
241
197
189
198
192
199
193
185
208
194
182
209
177
204
199
180
180
171
157
169
183
163
179
159
200
178
207
169
187
183
167
166
186
179
184
186
187
168
172
189
184
176
178
181
151
169
186
186
197
159
189
177
176
196
161
174
179
162
189
161
167
166
193
181
161
183
208
163
180
179
181
213
200
185
174
191
164
198
163
172
193
194
191
188
175
194
188
163
221
191
189
185
177
169
194
174
184
189
169
204
187
198
177
192
185
173
198
193
206
192
204
171
196
198
193
194
181
206
178
188
211
199
194
193
215
193
214
175
225
202
200
200
194
222
199
192
181
241
202
197
200
185
205
197
210
232
195
229
215
212
222
209
196
192
220
230
219
232
200
213
206
244
240
193
197
206
199
221
229
203
257
226
244
207
235
225
216
227
237
227
220
250
244
241
244
256
242
254
271
237
225
226
253
246
216
218
205
256
235
257
265
268
223
235
218
235
237
278
245
219
244
218
236
223
234
237
263
201
238
281
234
228
227
242
255
219
257
220
216
232
214
189
219
227
215
224
231
216
238
203
203
217
219
236
228
210
229
236
211
233
208
211
215
225
212
218
188
185
188
213
196
210
195
213
192
208
203
210
195
189
219
209
212
212
196
196
202
176
225
196
193
203
193
200
195
191
215
186
220
200
204
168
180
192
217
208
193
191
183
201
180
203
213
197
214
213
173
194
187
200
177
190
177
222
200
211
215
191
190
205
190
164
200
202
213
211
225
199
181
185
223
205
194
194
172
203
218
183
190
205
202
193
210
165
237
184
190
211
212
186
205
196
181
187
211
192
211
222
191
186
200
190
203
198
199
197
217
194
173
216
222
202
180
212
191
190
175
191
186
187
214
193
196
193
181
207
202
164
162
222
175
208
193
197
191
192
201
188
218
185
184
207
182
194
195
199
209
195
202
193
205
173
223
192
173
192
212
227
208
180
222
198
205
195
191
190
203
210
219
189
198
214
168
198
232
216
241
211
194
214
195
192
204
197
211
226
219
190
216
216
202
200
196
208
203
213
220
256
210
191
217
203
215
212
219
224
250
218
241
209
200
250
191
239
241
222
246
217
234
229
216
252
234
218
263
255
263
255
281
258
270
262
250
258
283
245
262
266
286
274
283
277
260
285
277
288
284
300
306
311
306
285
310
323
290
335
284
307
298
332
325
354
315
325
359
385
344
406
376
438
402
394
413
423
439
433
436
468
441
466
498
540
502
553
545
575
559
592
691
666
670
651
684
721
745
747
737
812
809
849
908
913
900
951
953
973
1059
1075
1020
1066
1124
1077
1134
1108
1102
1132
1131
1199
1222
1162
1237
1157
1211
1167
1150
1167
1219
1141
1151
1128
1133
1108
1160
1115
1127
1098
1019
1001
1012
980
937
921
911
889
856
821
789
791
786
760
784
738
637
650
618
603
604
554
618
535
496
504
472
502
443
406
415
410
367
368
364
380
346
337
323
342
312
310
303
284
298
297
291
293
305
277
265
287
285
259
233
243
248
248
240
250
261
233
239
220
225
233
188
202
191
209
204
184
191
176
177
187
200
179
170
198
212
188
202
195
182
197
160
208
217
223
210
238
249
253
266
301
271
296
295
303
265
335
359
345
366
349
360
385
353
382
406
397
414
401
427
418
429
395
380
356
357
346
355
314
259
290
276
271
235
251
212
205
198
193
198
153
182
148
135
166
143
145
128
146
122
131
129
134
123
137
129
134
141
141
136
134
135
119
137
141
129
143
162
151
131
142
146
134
155
137
140
153
151
143
146
169
160
155
161
147
198
164
158
196
181
187
200
193
186
191
178
218
212
196
193
208
212
212
215
210
218
189
232
229
239
231
223
205
208
218
186
239
253
228
231
208
207
212
198
239
224
213
193
199
206
208
187
185
182
206
181
172
197
186
173
195
157
157
164
150
145
126
149
156
136
155
121
135
131
107
133
127
119
136
114
113
83
117
116
118
104
84
105
88
116
96
80
90
87
76
74
103
75
95
89
96
73
83
82
80
73
72
71
87
82
71
76
67
64
85
63
70
74
65
64
65
62
66
67
55
58
60
66
81
49
77
61
64
63
48
61
63
60
59
51
72
44
57
58
50
56
54
59
44
47
60
51
55
55
46
49
53
65
41
52
44
42
41
41
45
49
42
36
48
47
49
46
37
51
51
51
53
57
60
56
61
57
70
51
67
64
69
69
55
65
69
76
86
74
69
63
67
58
67
66
52
66
47
48
54
53
57
51
46
55
44
41
42
41
39
43
46
42
35
40
45
38
43
36
43
37
46
41
35
43
36
44
45
37
37
49
39
30
51
29
40
31
37
42
40
42
34
38
37
33
36
35
31
38
30
25
34
20
31
26
36
22
28
32
26
30
28
36
27
29
38
26
38
40
21
19
26
32
38
24
38
31
32
31
26
27
22
33
30
23
42
18
37
27
34
27
24
29
35
27
15
22
28
25
24
31
34
32
33
46
28
32
24
22
23
36
24
25
22
23
28
35
26
25
25
14
25
23
19
28
34
29
22
31
28
21
26
21
32
27
23
19
29
19
21
25
22
32
29
21
33
21
16
27
24
26
24
29
19
23
27
19
18
22
27
15
28
31
24
18
23
21
14
25
26
17
28
22
19
26
17
18
18
30
19
24
27
26
16
20
22
18
25
26
22
30
27
21
15
26
19
37
19
15
27
29
24
18
15
13
31
17
14
19
18
20
18
23
21
20
17
22
29
25
22
16
19
20
17
20
26
26
19
29
16
29
15
26
10
25
26
26
18
12
17
17
21
19
19
15
24
22
14
20
20
25
20
20
17
15
20
15
23
22
27
18
23
15
10
17
19
13
19
24
18
35
16
17
23
18
17
14
9
18
19
16
24
18
16
13
16
19
21
24
14
19
19
15
13
17
20
18
14
18
24
15
30
16
15
14
18
19
12
11
13
20
15
15
18
13
13
15
11
14
10
16
17
20
16
25
19
17
13
16
8
18
14
15
14
16
15
17
9
16
14
12
13
19
13
18
14
9
17
11
13
18
21
13
14
16
10
15
14
13
13
12
10
19
11
8
14
9
13
9
19
14
14
16
11
25
15
16
14
19
11
17
14
18
18
9
11
13
18
15
11
18
15
12
19
19
14
11
11
13
12
12
14
9
12
14
13
14
16
17
17
9
9
12
6
16
14
15
13
11
13
12
15
10
7
9
19
7
10
11
10
12
13
17
15
12
6
8
11
9
15
12
6
12
10
11
10
20
9
15
8
14
9
18
13
7
9
10
18
11
16
10
12
16
8
6
11
11
7
8
11
12
14
10
5
10
11
10
11
9
13
10
13
5
9
10
9
6
10
7
4
12
10
8
12
9
8
5
11
12
12
10
8
6
11
11
10
5
8
8
8
11
14
6
10
10
11
10
10
6
7
2
8
4
11
5
11
9
6
6
9
3
5
9
9
5
4
16
8
10
6
9
7
10
5
8
11
8
7
7
9
3
8
12
9
8
6
11
10
8
10
6
11
8
8
10
8
4
7
10
4
8
10
4
10
8
7
7
7
5
10
8
7
6
7
4
7
5
4
6
9
5
13
9
7
8
11
5
6
9
7
9
5
6
6
7
9
3
8
5
9
0
7
3
5
5
7
4
14
5
9
5
5
4
3
9
10
8
8
4
8
9
6
8
13
5
7
7
4
4
7
4
8
6
5
4
10
4
3
3
2
4
7
7
3
13
7
3
2
8
4
6
9
8
7
6
8
6
6
6
7
3
5
4
5
4
5
5
6
3
6
5
7
9
2
6
5
5
6
8
5
7
6
9
6
7
4
7
5
0
0
5
11
7
1
7
2
5
2
8
4
1
6
6
6
8
10
9
10
4
6
3
6
2
10
7
6
6
4
5
4
4
6
9
7
8
3
3
2
4
5
1
7
6
4
6
5
4
5
2
5
5
3
3
5
6
1
7
6
6
4
10
2
4
5
3
4
5
4
5
3
8
2
4
5
2
5
3
3
1
5
8
1
8
3
2
6
1
3
1
2
4
0
2
3
8
4
5
6
3
2
4
2
3
5
4
4
2
4
5
3
2
5
3
5
2
5
1
4
2
5
5
6
6
3
3
3
2
6
1
4
5
8
3
3
0
2
3
6
5
7
4
2
3
2
2
1
1
4
5
3
3
4
2
2
1
1
2
4
0
3
7
4
5
3
2
3
1
2
0
3
2
1
5
3
4
4
4
1
1
2
7
2
6
2
1
1
3
4
4
1
2
3
2
2
1
3
0
3
1
3
2
2
0
3
3
6
0
5
3
7
5
4
1
4
3
1
1
5
1
0
1
3
1
3
3
3
2
2
3
0
1
3
1
1
5
1
3
3
4
0
3
2
0
2
2
2
2
3
4
4
4
2
0
3
3
2
0
1
2
2
1
2
1
4
1
3
1
4
4
2
2
2
2
3
1
2
3
1
2
2
4
2
2
2
2
2
2
1
2
3
1
3
2
3
0
3
1
2
0
2
4
0
0
0
4
1
0
3
2
0
2
4
2
3
2
2
0
5
1
5
4
2
3
3
1
2
2
2
0
1
0
0
1
0
3
1
3
2
1
0
1
0
2
2
3
0
1
0
0
3
3
0
4
2
1
0
0
2
4
0
0
1
0
1
1
1
0
1
2
1
1
2
2
0
0
2
2
2
4
3
2
0
1
0
3
2
0
1
1
0
0
2
1
1
1
0
1
3
0
2
4
0
2
1
2
2
0
0
2
2
1
5
1
1
0
1
1
0
2
2
1
1
2
1
2
1
3
1
3
1
2
1
1
0
4
5
0
1
0
0
0
0
0
2
0
1
0
1
1
2
0
2
0
2
0
0
2
3
3
0
0
2
0
0
1
1
0
5
1
2
0
0
0
2
0
0
3
1
1
1
0
2
0
0
0
1
2
2
1
4
1
0
1
1
0
2
1
0
2
0
0
0
2
0
2
1
1
1
1
0
0
1
2
0
1
1
1
2
1
0
1
2
1
0
0
1
0
2
0
0
3
0
1
1
1
3
1
0
0
1
0
6
0
0
1
0
0
0
0
0
0
0
1
1
1
0
2
4
2
1
0
1
0
1
1
3
3
1
0
0
0
0
0
0
0
2
0
2
0
0
1
1
0
2
1
1
3
0
0
0
0
0
0
0
1
1
0
0
0
1
1
0
0
1
1
0
2
1
1
0
0
0
2
1
0
3
0
1
0
0
0
2
1
0
1
1
2
0
1
1
0
0
0
0
0
0
1
1
1
0
0
0
0
0
2
0
0
0
1
1
0
0
0
0
1
0
0
0
1
0
1
1
0
1
0
0
0
0
2
1
1
0
0
0
1
2
0
3
0
1
0
2
0
1
0
1
1
0
1
0
1
1
0
0
0
1
0
0
1
2
4
0
1
0
1
0
1
0
0
0
0
1
0
1
2
0
0
0
0
0
1
0
1
2
0
1
0
0
0
0
2
2
1
1
0
0
1
0
0
0
0
0
0
0
0
1
0
0
0
0
1
0
1
1
1
0
0
0
1
2
0
1
1
1
1
0
0
0
0
1
0
2
1
0
0
0
0
0
0
1
0
0
1
0
0
0
0
2
0
1
0
0
0
0
0
0
0
0
1
0
0
0
0
0
0
0
0
0
0
0
0
1
0
0
0
0
0
0
0
0
0
1
1
0
0
2
1
0
0
1
0
0
1
0
2
1
0
0
0
1
0
0
0
0
1
2
0
0
2
1
0
0
0
2
1
0
1
0
1
0
0
0
0
0
1
0
0
0
0
0
1
0
0
2
0
1
0
0
0
1
0
1
0
0
1
1
0
0
0
1
0
0
0
0
0
0
0
0
1
1
0
0
1
1
0
0
0
0
0
0
0
0
0
0
0
0
0
0
0
0
1
0
0
0
0
0
0
0
2
1
0
0
1
0
0
1
0
1
0
0
2
0
0
0
0
0
0
0
0
0
0
0
0
0
1
0
0
0
0
0
0
0
0
0
1
0
0
0
1
0
0
0
0
0
0
0
0
1
0
0
0
0
0
0
0
0
0
0
1
0
0
0
0
0
0
0
0
0
0
0
1
0
0
0
0
1
1
0
0
0
0
0
0
0
0
1
