0
0
0
0
0
0
0
0
0
0
0
0
0
0
0
0
0
0
0
0
0
0
0
0
0
0
0
0
0
0
0
0
0
0
0
0
0
0
0
0
0
0
0
0
0
0
0
0
0
0
0
0
0
0
0
0
0
0
0
0
0
0
0
0
0
0
0
0
0
0
0
2
2
0
0
3
1
4
4
3
1
5
8
31
146
372
944
2253
4969
9640
17061
27670
41120
54620
65821
72894
73238
66352
55118
40987
28104
17342
9953
5086
2325
992
403
137
43
14
7
0
0
0
2
1
1
1
0
1
0
1
0
0
0
0
1
0
0
0
0
7
57
60
54
61
39
46
58
44
46
49
46
62
48
53
43
45
49
47
42
39
39
44
33
44
43
30
52
35
41
36
53
33
36
50
31
33
32
41
42
40
38
32
27
46
35
32
31
38
32
25
41
29
38
40
42
34
37
38
44
37
48
40
35
45
56
52
74
74
101
137
169
235
229
299
341
332
329
346
292
239
200
161
157
96
79
87
51
48
44
47
35
49
40
39
31
46
42
33
53
41
50
41
37
38
45
51
45
50
64
58
53
66
55
67
83
82
80
80
86
110
88
117
125
153
161
291
432
751
1329
2159
3374
5047
7169
9717
12813
15565
18176
19775
20585
20021
18895
16663
14089
11448
8617
6533
4691
3247
2401
1733
1282
974
666
571
459
441
449
520
708
914
1114
1522
1804
2162
2238
2494
2495
2335
2197
1827
1568
1265
907
671
541
352
320
215
214
167
182
143
130
107
72
76
31
42
29
22
16
11
9
9
5
13
12
7
9
14
10
6
5
9
11
15
9
7
8
11
10
13
8
3
10
7
9
7
4
16
7
6
7
23
8
14
6
19
12
24
23
24
35
29
34
17
27
20
20
16
16
18
28
23
16
28
19
25
21
31
21
30
22
22
19
15
19
17
24
19
14
20
14
12
12
15
14
16
9
9
12
6
3
10
6
7
10
5
8
9
12
7
8
5
4
8
4
8
5
2
8
16
7
5
13
4
6
7
5
7
5
5
8
7
8
6
5
8
15
21
17
14
19
16
22
15
14
12
8
14
10
6
10
11
7
6
6
8
10
6
10
10
16
12
5
15
13
10
9
8
8
8
11
7
12
7
2
6
9
5
8
5
12
7
8
10
11
8
6
7
9
10
13
2
12
6
14
14
7
3
10
7
5
5
6
4
6
5
8
7
6
5
6
8
5
10
6
5
1
7
7
3
7
6
3
9
5
6
8
5
7
5
8
9
7
9
9
10
7
7
5
7
7
5
7
5
11
6
12
6
9
5
8
10
12
7
13
5
3
11
5
1
12
6
9
5
16
12
2
2
11
11
10
14
9
9
13
12
8
7
11
10
4
7
6
10
9
7
11
8
8
6
13
9
10
5
13
7
10
6
12
7
8
10
9
10
2
10
12
9
12
8
6
12
12
11
10
19
10
11
7
7
10
13
11
8
9
7
9
8
3
9
9
7
9
11
10
16
10
4
11
10
16
10
13
16
12
17
10
17
19
16
20
12
20
14
16
18
19
19
17
24
21
23
16
20
15
22
14
22
23
24
11
19
20
20
25
16
13
21
14
19
19
17
13
21
24
20
18
19
14
17
12
22
14
14
15
21
10
16
17
13
21
17
21
20
14
16
16
14
24
22
31
13
22
15
18
18
26
24
24
27
14
22
24
23
26
22
18
29
24
31
27
22
27
33
35
31
17
29
30
24
25
21
32
29
23
29
33
26
29
23
29
22
22
33
41
24
34
30
30
39
30
32
46
30
36
39
33
36
30
37
32
37
45
37
32
38
38
41
47
37
44
40
46
42
44
55
35
33
37
45
37
55
37
58
45
40
51
49
51
54
40
54
56
58
59
48
55
57
64
58
62
59
56
73
65
57
65
62
61
64
65
59
73
55
78
90
92
82
75
85
77
85
80
92
78
82
90
107
105
101
100
115
85
91
104
92
97
84
95
77
104
94
95
98
90
72
73
83
78
67
74
64
87
75
93
63
76
65
90
82
79
75
70
75
59
71
80
69
70
84
65
66
78
74
71
86
59
72
72
64
71
83
76
66
66
66
75
71
70
79
71
67
75
77
75
63
76
68
60
73
65
71
70
73
77
86
72
55
69
60
76
67
73
66
59
68
71
70
73
82
63
71
81
62
66
53
78
72
79
71
70
76
82
71
76
80
79
67
72
63
75
78
56
78
65
62
59
76
74
73
72
71
83
74
77
79
71
75
93
70
64
86
75
83
66
70
78
85
93
84
88
89
97
108
81
83
100
98
89
87
110
111
120
132
154
169
235
266
353
499
588
741
917
1233
1369
1717
2090
2383
2933
3303
3674
4142
4453
4778
4966
5294
5154
5259
5144
5045
4623
4168
3921
3378
2974
2615
2222
1768
1475
1214
909
716
634
440
318
282
252
179
174
165
125
131
111
110
80
102
94
81
119
129
121
100
99
95
101
80
108
92
89
107
80
83
110
113
100
99
101
117
106
103
120
103
98
93
109
89
97
105
100
104
109
114
116
122
112
92
134
122
119
113
116
137
117
115
123
130
147
144
147
166
169
185
211
229
258
299
311
322
445
444
481
548
613
640
660
732
782
813
784
786
739
745
699
697
654
568
567
466
396
325
315
266
249
242
226
194
186
168
179
156
174
129
148
125
133
147
121
129
132
144
142
156
138
131
142
135
140
158
151
146
140
172
155
149
151
131
149
172
154
187
166
177
153
157
175
176
164
169
182
172
163
167
183
178
184
204
199
182
199
189
202
172
195
218
191
198
184
214
190
173
218
208
188
202
206
194
194
223
224
212
217
204
216
189
219
206
206
255
227
206
219
215
234
213
201
224
201
210
205
227
214
170
202
218
222
204
203
196
200
181
190
204
199
210
196
223
191
183
187
184
187
201
196
184
150
161
167
202
165
172
165
185
170
160
189
169
155
173
189
177
174
156
162
140
156
154
157
169
145
143
149
138
160
141
172
168
131
146
155
158
143
160
140
145
162
146
171
145
158
152
145
172
149
141
165
158
137
136
150
139
154
137
169
128
147
150
158
161
135
138
151
143
141
173
145
129
134
165
150
146
167
145
151
140
141
158
132
138
155
154
143
149
155
133
159
144
130
141
167
141
158
139
150
149
150
158
166
134
148
153
153
147
154
154
140
153
150
160
144
146
157
168
152
155
170
154
157
161
165
173
147
164
175
157
166
161
151
176
153
148
164
183
155
151
158
151
132
159
159
153
140
176
146
159
162
136
160
167
162
165
156
159
155
166
157
183
152
168
163
156
189
143
159
188
188
178
151
188
146
186
164
174
162
174
151
168
178
164
170
173
154
170
182
174
180
158
152
195
178
184
152
158
173
166
184
171
174
181
174
172
172
163
150
196
172
175
153
173
169
187
173
197
175
174
176
199
193
150
179
189
170
194
194
190
179
207
184
199
208
188
187
173
185
190
182
197
185
185
197
202
207
201
192
199
197
195
190
187
200
209
198
194
217
192
175
163
176
207
211
199
237
220
213
203
207
203
208
243
229
214
234
222
213
249
234
218
204
228
244
189
218
215
231
254
221
247
222
221
240
225
242
207
245
218
227
230
247
233
228
237
232
230
225
243
228
231
241
245
250
243
238
250
270
206
228
250
235
213
232
223
231
236
266
243
234
243
231
236
251
210
232
228
220
211
217
212
231
214
236
211
232
220
235
241
209
206
224
236
212
189
206
214
205
211
217
186
220
239
221
198
201
207
199
236
219
201
216
214
220
211
205
227
208
191
198
214
195
181
203
205
193
183
198
210
210
201
201
178
149
187
194
189
201
179
208
220
204
188
222
194
195
217
184
186
201
195
201
187
188
207
190
193
193
208
211
189
182
210
186
179
178
181
197
190
182
179
205
202
191
191
172
182
188
185
183
202
210
195
208
197
181
189
180
204
167
185
174
186
193
180
208
207
209
192
220
175
181
214
180
203
179
178
204
194
186
217
201
201
206
225
198
176
204
186
213
181
211
204
181
225
180
177
196
203
223
196
205
188
195
191
187
206
186
195
166
201
168
191
186
183
172
179
213
218
202
203
209
171
188
212
220
160
193
187
200
225
197
168
187
186
198
173
207
188
202
209
191
180
180
177
179
193
196
203
212
200
207
175
202
193
200
202
196
185
207
177
174
216
210
176
181
206
171
187
197
219
205
198
203
201
203
207
215
197
189
201
185
213
216
220
216
198
206
207
224
179
201
201
197
222
214
226
207
208
204
212
208
221
214
209
220
230
193
204
234
218
224
203
196
210
185
176
220
207
225
226
215
221
230
212
221
208
205
257
235
216
241
220
247
248
262
260
240
229
239
241
255
264
245
245
231
264
260
261
265
259
274
225
263
271
307
268
294
272
286
287
303
274
282
318
285
320
326
331
309
319
338
305
318
309
315
327
318
344
358
330
398
359
387
409
405
446
404
431
405
400
439
433
421
505
450
483
496
533
542
561
571
583
579
631
622
658
678
738
764
721
735
759
786
784
883
905
901
924
971
979
998
968
1003
1020
1090
1074
1067
1088
1101
1180
1154
1102
1229
1188
1176
1255
1140
1194
1155
1150
1131
1174
1138
1143
1191
1088
1098
1072
1101
1106
1104
1019
1006
1020
944
951
790
847
864
848
762
802
762
701
702
716
642
612
634
618
597
512
543
504
498
475
455
503
421
405
423
399
413
377
365
334
360
350
367
339
342
332
299
291
285
301
281
293
282
267
260
263
272
256
223
211
218
226
237
230
260
226
248
227
206
216
231
222
239
224
162
182
174
188
207
183
182
177
205
175
175
197
215
202
199
194
185
213
205
201
210
225
210
241
226
251
283
274
257
286
263
312
313
305
308
334
331
351
342
357
353
386
381
370
391
368
367
343
396
365
342
340
314
301
275
279
258
248
226
224
204
204
189
177
169
169
149
144
157
126
139
133
131
141
124
121
129
126
127
118
139
123
122
137
139
129
131
147
123
150
126
130
135
133
155
129
145
134
169
153
136
140
139
179
200
167
154
165
190
169
160
155
182
180
170
185
180
201
200
209
193
206
205
202
216
209
204
231
211
200
189
214
240
213
240
224
206
214
231
182
207
187
223
198
232
190
190
239
186
211
199
213
195
195
228
205
178
174
178
184
194
154
192
190
175
173
174
152
167
161
130
144
131
144
138
131
149
116
126
115
118
135
127
109
100
107
110
116
113
120
113
92
113
95
95
112
94
104
105
95
101
94
99
83
95
89
73
87
67
70
78
84
85
89
67
77
57
74
59
66
61
54
67
72
71
74
59
69
70
61
57
68
47
59
41
44
52
52
56
65
61
66
58
51
64
51
55
55
57
44
61
49
66
49
52
47
61
39
59
50
49
39
57
54
52
57
51
46
45
46
48
64
51
46
49
61
54
44
48
41
50
57
48
56
67
56
58
65
70
64
66
68
59
71
76
65
80
73
71
74
62
72
73
64
50
63
43
56
48
46
56
54
47
49
42
38
51
38
40
53
40
42
36
40
39
35
40
44
36
51
42
34
40
32
39
48
32
38
29
41
34
38
34
33
31
38
36
37
41
25
41
29
42
33
47
31
36
41
31
35
35
26
38
32
33
32
33
26
23
32
33
34
41
27
33
25
30
36
42
46
30
35
26
34
32
28
34
45
27
25
30
29
42
25
28
29
24
39
20
33
35
24
22
28
29
22
33
27
35
30
36
26
26
27
24
28
17
25
27
27
26
27
29
40
38
33
22
20
21
27
27
17
30
23
24
31
23
28
29
30
25
19
25
30
39
32
23
29
27
26
31
25
15
27
32
16
28
27
28
27
22
30
25
25
20
22
26
28
29
25
27
24
24
19
23
19
17
29
16
22
25
16
19
17
20
28
26
34
17
26
27
18
24
17
24
17
24
17
28
25
25
22
20
17
29
32
20
18
21
25
31
26
21
23
22
28
11
21
27
32
18
24
25
18
31
21
20
13
23
19
16
18
19
23
34
16
17
18
19
14
19
26
31
23
20
16
21
22
17
24
34
21
20
25
19
24
25
27
16
22
26
25
21
23
21
12
25
12
18
15
19
13
19
24
9
11
14
24
18
25
18
17
19
12
20
13
14
19
12
11
18
16
13
20
12
17
10
16
20
19
15
21
17
17
14
16
15
18
13
16
15
22
15
13
9
17
25
17
10
21
18
16
13
18
12
18
13
14
22
17
19
17
14
20
16
12
22
17
17
9
15
9
13
15
17
10
18
14
13
13
18
11
20
19
18
15
15
19
14
17
15
13
17
18
20
9
13
17
9
14
12
14
15
10
18
14
16
15
17
20
9
15
21
18
8
12
10
16
13
12
13
15
13
11
12
10
9
9
24
10
12
18
16
21
14
13
10
14
11
19
11
8
9
12
8
16
10
19
10
18
11
10
12
15
16
7
10
8
12
14
13
11
15
14
10
7
7
9
12
10
9
11
17
12
10
11
12
13
11
16
9
10
9
11
10
8
7
12
7
10
21
13
9
12
14
11
8
11
13
10
10
11
9
9
13
2
17
14
7
12
6
13
13
14
12
13
7
8
7
11
16
12
9
11
14
9
16
10
12
10
13
13
4
9
11
6
11
4
8
14
8
9
10
11
15
8
14
10
11
9
7
9
10
6
8
4
6
13
5
10
10
9
7
9
6
14
5
9
5
5
11
8
10
6
9
2
12
8
11
14
12
16
9
16
11
6
9
9
4
5
7
7
8
4
9
10
8
9
6
9
13
7
6
4
10
11
6
12
8
9
11
4
7
10
8
11
5
7
11
7
10
8
4
4
11
6
10
5
9
4
6
11
9
5
5
5
6
7
7
9
14
6
11
9
5
7
2
4
6
9
6
6
6
7
14
5
5
6
4
2
3
5
4
9
5
7
5
4
5
4
3
6
7
7
5
8
7
4
6
9
8
4
5
5
4
8
4
4
9
12
6
10
9
6
2
5
2
8
12
8
8
6
7
3
7
2
4
6
8
8
6
7
6
5
6
4
9
7
8
1
2
4
9
6
7
6
7
6
9
5
6
6
1
3
3
8
6
6
1
5
6
9
5
4
6
7
3
6
4
5
8
10
7
5
5
2
6
6
6
3
2
5
7
6
5
4
9
4
3
3
4
6
1
4
5
3
4
1
5
6
3
5
5
6
6
5
5
4
3
5
6
3
5
4
5
2
2
6
4
4
4
5
2
5
6
2
4
1
2
2
8
2
5
3
3
4
2
3
5
5
4
9
3
5
4
7
2
2
3
4
5
9
4
3
4
4
5
3
5
7
4
4
2
3
3
1
6
3
4
1
2
4
7
7
2
3
5
4
2
2
2
2
7
4
8
4
2
2
2
4
5
2
1
2
3
1
3
4
4
1
5
0
5
0
1
5
2
2
2
6
0
3
5
3
1
2
3
1
2
1
4
7
3
1
2
5
4
4
2
1
3
3
1
3
4
3
3
0
4
3
3
5
4
0
2
6
4
2
3
1
4
3
7
6
2
3
2
2
2
6
0
2
4
3
4
1
3
2
1
4
1
2
2
0
1
2
3
0
3
3
4
5
0
5
3
0
3
2
2
2
2
0
0
0
6
1
6
6
2
0
4
1
2
2
1
3
2
2
4
6
2
2
2
2
2
3
1
3
3
0
3
3
4
1
2
3
1
3
1
2
0
0
5
2
1
2
2
0
4
1
4
2
2
3
3
1
0
0
1
0
0
2
2
3
0
4
0
3
4
3
0
2
0
3
3
2
6
2
0
4
0
3
2
2
3
1
4
0
2
2
3
4
3
1
1
2
3
1
2
2
1
4
3
1
2
3
1
2
1
3
1
0
1
0
2
2
1
0
3
2
0
3
2
4
0
1
4
3
0
0
1
1
1
2
1
1
4
2
0
4
0
2
2
2
3
3
2
1
2
1
0
3
0
0
2
0
1
3
3
1
3
3
2
2
1
1
3
0
2
1
4
0
0
1
2
1
3
3
2
2
1
4
0
0
1
1
1
1
4
4
1
0
0
1
0
1
1
1
2
0
0
0
2
2
2
2
1
1
0
3
1
1
0
2
1
0
1
2
1
1
1
1
2
3
1
0
2
2
2
0
1
0
1
2
1
1
0
2
2
3
1
3
2
1
0
1
1
0
1
3
2
1
1
0
3
0
0
1
1
2
1
1
1
0
1
1
0
1
1
1
3
0
1
0
0
1
0
3
2
1
1
0
0
1
3
2
1
0
0
1
1
1
1
1
0
0
1
1
4
0
1
0
0
1
1
0
2
1
0
0
2
1
1
2
0
0
0
0
0
0
1
1
2
0
2
1
0
0
1
0
0
1
1
2
0
2
2
0
1
0
0
0
0
1
0
2
1
0
1
0
0
1
1
1
0
1
1
2
2
0
0
3
1
2
0
1
0
0
2
1
0
0
1
0
2
0
0
1
1
1
1
0
0
0
0
0
0
1
0
0
0
0
0
1
0
0
0
1
1
0
0
0
1
0
2
0
2
0
0
0
0
1
0
0
1
0
0
0
1
2
0
1
1
1
0
2
1
0
0
2
1
1
1
0
0
0
1
1
1
0
0
1
0
1
0
0
0
1
1
0
2
0
0
0
1
2
1
1
1
1
4
0
0
0
0
0
0
0
0
1
0
0
1
0
0
0
0
2
0
2
1
0
2
1
0
1
0
0
0
0
3
0
0
0
0
0
0
0
0
0
1
0
0
0
0
0
0
0
1
1
0
1
0
0
0
1
0
1
0
0
0
0
2
1
1
0
0
1
0
0
0
0
1
0
0
0
1
0
1
0
0
0
0
0
0
0
0
0
0
0
0
0
0
0
1
0
0
0
0
0
0
1
0
3
1
1
1
0
1
0
2
0
0
0
1
0
0
1
1
0
1
0
0
1
2
0
0
0
0
0
0
1
0
0
0
0
1
1
0
1
1
2
0
0
0
2
0
0
0
1
0
0
0
0
0
0
0
0
0
0
1
0
0
0
0
0
2
0
0
0
1
0
1
0
0
0
0
0
0
2
0
0
0
0
0
0
2
0
0
1
0
1
0
0
0
0
1
0
1
1
0
0
0
1
0
0
0
0
0
1
0
0
0
0
1
0
0
0
0
0
0
0
1
0
0
0
0
0
0
0
0
2
1
0
1
0
0
0
0
0
0
0
0
0
0
0
0
0
0
0
2
1
0
1
0
0
0
0
0
0
1
0
0
0
0
0
0
0
0
0
0
0
0
0
0
0
0
0
1
0
0
0
0
0
0
0
0
0
0
0
0
0
0
0
1
0
0
0
0
0
1
0
0
1
1
0
0
0
0
0
0
0
2
0
0
0
0
0
0
0
0
0
0
0
0
0
