0
0
0
0
0
0
0
0
0
0
0
0
0
0
0
0
0
0
0
0
0
0
0
0
0
0
0
0
0
0
0
0
0
0
0
0
0
0
0
0
0
0
0
0
0
0
0
0
0
0
0
0
0
0
0
0
0
0
0
0
0
0
0
0
0
1
0
0
1
1
3
3
2
1
3
1
6
1
4
2
3
5
16
32
116
360
928
2223
4839
9494
16939
27777
40946
54343
66360
72990
73324
66711
54974
41293
28250
17401
9707
4935
2338
998
373
124
65
15
6
5
2
1
0
1
0
2
0
0
1
1
1
2
1
1
2
0
0
2
1
8
61
49
58
47
58
49
43
51
39
40
37
54
43
27
49
59
54
41
36
41
47
60
46
38
27
47
38
40
32
42
28
41
39
41
37
38
26
37
29
36
35
26
39
37
46
39
39
38
32
36
26
38
30
43
40
38
40
56
46
51
62
44
65
48
49
60
80
94
121
127
193
249
253
293
324
329
328
333
282
219
184
178
149
102
80
81
52
54
64
43
35
39
38
46
33
37
29
44
45
44
45
42
38
52
44
48
56
52
58
53
63
71
75
65
79
95
76
94
126
111
121
149
178
202
296
372
535
888
1348
2283
3605
5286
7604
10232
13208
16183
18616
20422
21415
20984
19743
17441
14592
11835
9108
6621
4909
3516
2456
1849
1442
1049
781
633
561
562
550
605
837
1007
1283
1584
1895
2133
2255
2471
2369
2240
2062
1817
1471
1226
864
713
503
344
321
231
188
173
165
126
112
85
69
53
44
39
27
23
12
13
11
11
7
11
11
7
8
11
8
8
12
6
10
8
9
13
8
6
8
8
7
7
8
3
11
13
12
9
10
13
14
10
10
16
19
12
19
21
20
31
29
34
30
25
24
26
29
22
25
13
31
17
20
23
18
28
21
17
14
31
23
15
19
23
25
15
19
22
14
22
25
21
14
17
8
9
11
12
8
8
10
5
7
9
11
6
5
4
4
10
4
4
7
5
8
4
2
8
3
7
5
2
2
6
6
6
4
5
13
11
8
5
8
14
13
14
13
13
17
12
9
15
10
16
12
13
8
5
8
14
12
7
6
10
15
10
7
15
9
16
15
17
9
6
17
15
11
13
6
10
7
12
9
4
8
3
10
7
4
5
10
9
6
9
10
8
5
10
2
6
5
7
4
5
7
6
9
12
9
5
6
7
9
4
4
7
6
5
10
8
5
7
11
1
5
12
8
4
10
10
1
7
5
6
8
8
8
5
12
2
2
6
6
5
7
6
6
4
7
9
12
6
6
4
8
5
8
11
3
2
7
5
6
9
8
10
7
4
5
5
5
5
10
7
10
7
12
3
6
10
10
8
11
11
8
5
11
6
14
4
3
6
5
11
7
8
6
6
10
8
5
4
8
9
15
10
5
6
10
12
8
7
8
8
11
9
8
5
10
10
9
5
12
4
10
14
13
10
14
13
12
8
13
11
13
16
8
11
11
14
8
6
16
14
13
13
13
17
15
13
18
12
16
13
14
19
19
14
32
28
28
27
33
34
33
44
30
39
28
26
36
44
46
39
36
36
33
34
40
40
43
33
39
44
42
31
31
32
38
30
34
31
26
34
23
21
25
36
22
21
22
28
26
30
24
32
21
24
26
24
26
28
18
22
13
29
17
20
25
25
16
18
24
14
23
20
20
25
26
19
26
34
17
23
29
32
20
29
26
23
17
25
29
34
24
23
25
20
28
27
29
37
26
26
30
32
25
35
37
23
30
36
21
23
32
26
22
25
25
24
38
26
31
33
28
31
35
31
39
28
43
36
36
52
37
36
29
36
48
37
24
35
28
47
38
40
39
35
38
38
35
32
49
48
58
45
47
45
40
45
66
58
47
52
55
48
40
47
44
49
60
67
64
60
62
69
64
59
59
56
75
61
64
58
71
78
68
78
62
82
85
62
85
74
107
91
107
119
93
125
101
90
107
82
89
100
75
99
94
103
82
98
77
80
99
77
87
83
87
93
88
81
81
90
78
78
83
82
73
84
85
88
98
74
81
83
73
86
82
71
76
75
95
82
74
69
73
79
75
79
76
74
89
66
89
81
60
80
74
70
83
85
85
72
85
77
77
76
88
70
87
81
93
77
78
76
78
87
78
105
97
86
78
71
73
64
74
95
75
79
73
79
83
74
79
89
75
88
87
95
78
79
100
73
77
87
78
89
87
60
89
83
85
89
89
79
100
75
72
75
75
69
84
73
81
81
76
86
86
71
72
79
88
95
85
73
97
78
103
93
92
88
98
101
104
99
116
98
111
129
109
130
133
136
154
190
218
266
323
426
574
654
844
1136
1393
1664
2039
2347
2843
3372
3761
4159
4567
5005
5204
5377
5472
5379
5291
5095
4902
4516
4027
3537
3095
2591
2319
1856
1546
1244
984
814
655
500
387
283
244
221
183
139
134
120
122
120
110
108
103
127
99
114
92
105
125
106
106
105
111
104
77
99
120
94
109
100
125
108
109
119
112
113
104
103
113
109
117
107
128
102
101
122
106
120
112
112
111
127
102
118
136
142
135
156
147
119
116
129
121
152
167
158
143
184
218
221
240
265
352
339
395
420
520
575
615
676
634
774
842
845
801
841
833
811
747
686
613
586
557
535
416
411
338
302
273
251
231
174
207
151
178
142
137
161
125
131
147
130
144
156
150
145
137
161
136
133
146
148
148
167
146
130
147
122
146
151
138
152
139
158
165
170
157
174
162
176
172
177
182
166
172
161
186
178
183
173
159
190
182
204
201
192
193
205
205
199
181
191
205
224
203
228
220
216
226
241
242
265
238
237
276
267
253
274
273
280
261
276
289
293
280
291
323
283
319
310
319
298
320
317
328
354
345
331
330
304
350
349
326
359
345
386
373
359
370
345
349
347
371
368
363
343
345
334
346
314
397
343
352
326
348
341
320
318
326
308
297
313
298
266
305
264
290
295
284
294
268
239
257
259
265
254
250
247
243
226
226
243
229
234
238
221
208
235
196
202
204
186
194
204
180
205
182
176
189
153
159
170
187
166
181
172
186
173
173
174
205
157
178
171
205
179
158
176
158
176
150
152
153
177
170
154
163
157
187
176
179
170
159
160
177
148
170
168
194
138
178
154
168
160
178
162
174
193
173
167
176
168
176
187
210
204
198
194
185
193
202
192
210
221
192
209
200
220
199
218
219
203
203
220
218
226
199
231
234
212
227
223
211
206
231
207
207
181
221
211
190
217
206
193
176
181
194
212
188
203
193
194
186
198
185
199
197
183
196
200
194
174
153
184
215
209
171
182
170
177
197
177
181
194
183
177
164
194
173
185
183
175
168
195
187
174
186
191
180
168
195
176
170
174
182
183
180
177
175
186
167
185
171
171
177
188
167
197
181
203
163
191
161
185
172
186
198
194
180
189
185
203
173
180
161
188
184
186
170
199
181
183
180
186
171
197
212
172
178
177
202
190
207
184
218
168
204
186
204
194
191
190
202
203
207
195
187
182
184
187
212
203
190
201
188
190
202
206
174
209
190
188
186
207
193
193
188
208
212
188
209
192
201
228
216
226
204
181
197
201
207
219
234
212
218
204
209
202
201
231
214
214
210
221
225
200
214
240
209
198
210
250
208
219
194
212
222
222
229
227
244
218
225
246
247
236
231
237
239
235
229
240
230
228
219
242
222
228
248
196
236
268
225
235
243
228
220
222
231
228
231
236
247
232
222
242
210
248
242
226
257
221
234
235
229
212
241
226
214
224
241
207
229
228
222
222
194
242
230
248
235
209
217
241
236
245
208
224
219
203
177
227
197
201
219
194
219
192
182
200
196
213
223
190
197
204
203
208
222
197
188
202
174
212
189
186
235
194
206
209
204
210
204
217
184
189
199
197
199
191
188
212
196
203
174
220
183
178
196
181
211
202
212
185
181
197
203
213
175
181
192
197
193
191
183
206
214
208
200
197
194
186
196
201
212
182
195
197
189
171
197
198
182
199
194
198
221
197
194
188
194
208
224
185
174
229
205
174
185
185
203
185
189
181
205
221
201
213
185
217
191
199
191
222
207
172
185
203
172
225
188
186
167
197
208
157
222
202
213
213
189
210
209
211
216
190
177
214
206
175
193
195
227
184
194
183
215
201
212
194
171
193
178
193
223
193
208
186
185
193
222
182
180
186
206
189
207
193
190
181
196
172
199
190
208
179
207
211
193
210
208
185
182
209
218
229
190
185
194
175
199
194
202
207
215
197
196
201
209
210
202
188
197
214
197
203
210
216
198
212
216
214
193
204
217
198
213
220
204
198
218
188
230
233
223
221
238
252
240
208
228
242
236
217
219
220
235
238
261
268
254
229
255
259
230
241
271
242
275
255
260
250
260
262
277
321
287
290
277
281
298
277
275
315
322
291
299
329
300
312
306
322
351
368
311
322
340
333
339
369
368
351
324
362
414
359
371
384
418
426
446
452
417
440
481
450
497
494
529
547
535
569
623
575
624
632
628
691
679
720
759
717
796
786
848
793
905
871
919
971
919
975
949
961
1056
1053
1072
1102
1099
1188
1123
1163
1140
1194
1144
1197
1199
1155
1225
1261
1219
1088
1233
1187
1153
1183
1184
1145
1129
1089
1058
1050
1109
1047
1010
1048
1006
947
878
888
843
833
815
830
815
767
695
730
657
611
616
603
587
566
554
521
516
535
466
458
442
412
402
407
419
382
358
369
364
321
345
338
318
324
329
313
272
276
261
240
253
285
264
247
239
259
246
245
235
264
238
235
222
208
231
226
220
212
217
231
210
205
233
179
201
179
199
194
202
180
195
177
180
192
204
201
209
223
204
196
237
239
221
226
233
217
267
294
291
271
289
259
314
337
329
302
367
377
360
373
369
390
391
424
394
363
419
402
374
365
377
383
368
324
324
280
284
268
278
255
235
253
215
205
166
212
175
139
191
152
165
150
137
146
143
129
123
130
132
129
122
141
139
132
103
135
135
123
141
135
126
136
115
145
134
144
147
136
141
147
148
151
156
132
166
141
154
152
169
173
168
176
185
161
172
173
202
188
203
202
195
201
194
178
197
215
202
217
200
192
238
226
189
215
229
205
223
243
219
212
229
191
203
205
235
219
206
227
198
190
234
195
163
222
215
204
208
203
197
183
173
178
178
163
153
200
175
157
169
156
151
173
109
152
130
146
149
147
148
109
136
128
137
134
111
118
101
104
116
123
123
114
113
124
100
99
87
107
91
91
99
96
71
89
88
109
85
94
85
76
79
86
72
83
71
69
81
67
47
73
64
69
75
76
66
73
59
68
70
62
59
57
70
53
62
57
59
66
56
55
44
55
58
39
55
50
51
65
58
55
51
64
60
55
67
59
59
53
53
48
43
57
48
57
46
42
60
49
51
44
43
62
50
53
61
42
45
41
46
57
70
50
55
54
45
60
69
55
63
64
66
67
53
62
77
60
77
83
56
65
60
69
59
56
65
60
58
70
51
58
52
47
46
48
39
48
35
49
50
31
39
41
34
42
47
44
41
30
46
40
38
34
43
37
42
41
48
34
48
41
31
34
34
30
39
45
38
35
38
36
32
29
44
28
44
33
38
46
34
27
37
37
32
37
31
26
29
37
30
27
31
29
30
21
33
27
36
34
38
29
38
36
29
32
25
22
25
26
33
32
29
36
24
30
21
33
29
32
27
28
30
29
25
36
18
34
37
31
22
29
23
38
27
26
21
16
34
20
31
30
25
29
24
27
28
32
22
21
25
21
22
25
24
25
32
27
25
30
29
20
30
33
24
21
23
27
30
30
24
20
32
31
25
21
19
31
24
23
28
21
16
22
23
28
28
24
26
25
27
20
25
26
26
21
11
28
29
21
29
22
25
27
18
27
16
19
20
22
29
25
19
21
15
24
30
14
29
28
15
20
21
28
26
24
22
22
22
23
21
22
22
14
23
29
26
23
18
13
24
19
23
22
21
24
17
18
20
18
25
12
17
24
28
21
24
15
25
23
20
25
16
26
21
22
17
24
24
21
20
19
22
20
20
20
12
21
18
24
18
17
18
18
18
13
15
24
15
25
18
15
16
18
18
13
15
16
18
12
21
20
16
18
17
19
18
10
19
23
14
16
16
18
18
12
12
21
19
16
14
19
24
17
21
18
17
15
20
17
9
17
14
16
17
20
12
13
13
16
9
10
15
23
18
16
13
14
17
17
22
13
20
18
18
20
13
24
19
16
13
15
13
19
11
20
13
16
15
14
9
21
13
9
16
12
21
18
16
12
14
18
11
14
22
14
16
16
11
12
14
22
10
19
16
10
18
14
6
11
15
16
13
13
15
12
17
17
12
11
12
11
16
14
8
15
13
11
8
11
7
12
10
15
11
8
13
11
7
16
19
11
12
14
9
15
17
12
11
3
9
9
13
15
7
20
18
13
10
11
8
10
8
9
17
9
10
11
13
15
13
11
13
8
10
10
12
15
13
22
8
17
10
9
9
9
14
17
10
6
7
14
5
7
16
12
14
5
15
12
11
13
9
12
4
12
12
8
15
8
9
11
12
7
10
11
14
8
8
9
15
11
9
13
12
9
11
9
13
11
9
11
8
12
10
8
11
9
10
11
6
7
8
7
4
9
5
10
9
6
4
7
10
8
11
12
16
6
10
16
10
4
7
6
11
9
7
7
13
7
6
6
10
11
9
9
9
8
8
7
6
8
4
6
9
9
6
7
8
7
13
7
11
12
12
11
7
9
7
9
6
14
4
7
12
4
8
9
8
7
2
8
9
3
5
6
7
8
8
10
2
7
11
5
5
8
9
7
2
3
9
8
3
9
8
9
7
8
7
6
7
7
4
6
5
9
14
8
7
6
7
5
10
4
8
5
7
9
5
6
8
9
3
7
10
8
2
6
6
12
9
11
9
5
3
8
7
7
3
3
2
4
5
3
3
11
5
10
8
7
6
6
3
4
9
8
7
7
8
5
4
3
9
14
3
7
5
3
5
0
7
6
7
4
6
4
6
4
2
5
4
7
8
6
6
6
9
7
5
5
4
4
7
3
5
6
6
6
6
4
2
4
4
3
10
6
3
4
5
1
10
3
3
3
7
5
7
6
2
5
6
2
7
5
7
4
3
2
3
6
2
2
6
5
5
2
5
5
3
3
3
6
10
9
6
1
2
2
4
4
1
3
7
5
4
2
6
4
5
3
4
4
1
3
5
1
2
4
11
5
7
4
3
3
2
6
1
5
5
2
6
0
4
1
6
6
2
1
3
5
3
1
2
4
5
5
5
6
3
3
5
1
2
3
3
5
1
3
6
3
1
5
8
3
7
6
0
5
3
1
3
3
3
7
6
2
4
6
1
3
2
5
6
3
4
4
8
3
0
5
6
2
6
1
3
2
6
1
2
1
4
7
5
1
3
2
4
7
5
4
3
0
3
3
1
7
3
3
3
5
2
1
1
3
4
2
2
2
5
6
2
3
2
0
4
3
8
2
4
8
1
2
4
1
2
2
3
0
3
2
4
5
0
3
1
3
1
1
4
5
1
4
3
2
2
3
3
3
1
7
0
2
4
1
3
1
1
1
3
5
1
2
6
4
3
2
3
3
0
2
2
2
1
3
3
2
1
4
3
0
5
3
1
2
4
2
1
3
4
2
6
3
0
4
3
1
0
2
4
1
2
4
2
5
0
2
1
5
4
3
1
6
4
3
1
0
5
2
3
3
0
0
1
2
4
4
2
2
2
4
2
2
4
4
3
3
3
1
4
1
2
3
4
1
3
2
1
0
5
4
1
1
0
2
0
4
0
2
2
2
1
2
0
1
3
0
4
1
0
1
0
4
2
2
1
1
2
4
2
0
3
7
1
2
0
2
2
2
1
4
2
2
2
1
2
3
2
1
0
2
2
1
2
2
1
0
1
0
2
1
2
0
1
1
2
1
0
3
1
2
1
1
4
2
1
2
2
2
2
1
0
0
0
0
2
1
2
3
0
2
2
0
0
0
2
2
0
0
1
1
1
0
1
0
3
0
3
2
2
0
2
3
3
1
2
0
1
1
2
3
2
1
2
3
1
3
1
1
2
1
1
0
1
1
2
2
0
1
0
0
2
1
2
1
0
2
1
2
1
1
1
1
0
3
0
0
1
1
1
0
1
1
1
1
4
2
0
0
1
1
0
1
0
2
0
1
4
1
0
0
0
0
0
0
1
0
0
2
1
0
1
1
3
1
0
1
0
0
0
0
0
1
0
0
1
0
1
0
0
0
0
1
2
1
0
0
2
1
0
0
1
0
2
0
0
1
1
2
1
0
2
2
3
0
0
1
2
1
1
1
2
0
0
0
1
3
2
0
1
0
0
1
0
3
0
1
0
0
3
2
2
0
1
1
0
1
2
2
0
1
0
1
1
0
1
1
0
0
0
0
2
0
0
1
0
0
0
0
0
2
2
2
1
0
0
0
1
0
1
0
1
1
0
1
3
0
0
0
0
0
0
1
2
1
0
0
0
0
1
1
1
1
1
0
0
0
2
1
2
1
0
1
1
0
0
1
0
0
0
1
0
1
0
0
0
0
0
0
0
1
0
2
0
0
1
0
0
0
0
0
0
0
0
1
0
2
1
1
1
0
0
0
0
0
1
2
0
0
0
0
0
2
0
0
0
0
0
0
0
0
1
1
0
0
0
2
0
1
0
1
0
1
0
1
0
0
0
0
0
0
0
1
0
1
0
0
0
2
1
0
0
1
0
0
0
0
0
0
0
0
1
0
1
1
1
0
0
1
0
0
0
0
0
0
1
0
0
0
0
0
1
0
0
0
0
2
0
0
0
2
0
0
1
0
1
0
0
0
0
1
0
0
0
0
1
0
0
0
0
0
2
1
0
1
1
0
0
0
1
0
0
0
0
0
0
1
0
2
1
0
0
1
1
0
0
0
0
0
0
0
0
0
0
0
2
1
0
0
0
1
0
1
0
0
1
0
1
0
1
0
0
0
1
0
0
1
0
0
0
0
0
0
0
0
0
0
0
0
0
0
0
0
1
0
0
0
0
0
1
1
0
0
0
1
0
0
0
0
0
0
0
0
0
0
1
0
2
0
0
0
1
0
1
1
0
0
0
0
0
1
0
0
0
0
0
0
0
0
0
1
0
0
0
1
1
0
0
1
1
1
0
2
1
1
0
0
0
0
1
0
0
1
0
0
0
0
0
1
0
0
0
0
0
0
0
0
1
0
0
0
0
0
0
1
0
0
0
0
0
0
0
0
0
0
0
0
0
0
0
0
0
1
0
0
0
0
2
0
0
0
0
0
0
0
0
0
0
0
0
0
0
0
1
0
0
0
0
0
0
0
0
0
0
0
0
0
0
0
0
0
