0
0
0
0
0
0
0
0
0
0
0
0
0
0
0
0
0
0
0
0
0
0
0
0
0
0
0
0
0
0
0
0
0
0
0
0
0
0
0
0
0
0
0
0
0
0
0
0
0
0
0
0
0
0
0
0
0
0
0
0
0
0
0
0
0
0
0
1
2
0
1
0
1
0
0
3
1
4
4
2
1
3
13
53
118
340
945
2209
4917
9707
17193
27607
40513
54813
65800
73147
73035
66734
54651
41281
28157
17383
10030
5026
2280
986
381
125
44
18
7
4
1
1
1
0
2
2
0
0
1
1
0
1
0
0
0
0
0
0
0
15
66
49
53
45
58
48
48
61
46
54
55
47
38
36
44
38
33
42
37
41
37
27
37
47
49
40
43
35
41
27
39
31
36
36
46
36
52
48
33
41
35
37
29
39
43
34
47
30
31
41
44
46
36
34
44
40
42
38
45
58
55
50
51
47
46
73
84
76
104
148
194
219
275
293
345
352
295
341
293
238
217
182
137
127
72
70
68
52
48
47
38
38
50
36
45
38
40
29
42
43
52
38
44
40
42
60
54
58
54
55
63
63
77
71
79
88
95
104
98
88
141
97
126
161
195
289
429
770
1257
2142
3337
5001
7267
9802
12790
15763
18454
19962
20746
20179
19092
16865
14118
11306
8788
6581
4677
3445
2344
1712
1175
1015
675
576
438
404
427
507
674
918
1171
1527
1894
2062
2314
2470
2488
2478
2082
1968
1590
1341
934
715
502
375
287
242
210
182
158
133
128
92
78
52
44
38
20
18
20
16
9
9
13
8
10
13
12
10
9
7
5
8
6
9
7
13
7
5
5
9
5
12
11
12
10
8
11
7
9
8
7
12
10
10
13
20
15
13
19
20
30
26
35
21
27
20
22
21
22
20
23
29
17
21
18
24
22
22
17
20
23
23
15
10
12
18
16
23
18
19
20
14
20
14
10
12
16
10
9
7
12
8
9
5
8
4
6
4
8
10
7
4
4
9
5
7
9
2
8
4
7
6
4
4
7
6
8
5
7
10
13
10
7
8
11
8
11
13
11
20
12
13
9
14
14
12
12
7
12
6
18
7
7
8
6
11
15
13
8
10
10
8
11
6
13
11
12
7
18
10
5
14
9
13
12
6
8
6
5
6
9
8
3
5
3
7
4
3
12
8
7
2
9
4
5
7
7
7
12
7
4
8
7
5
9
7
7
8
3
7
7
7
8
5
5
5
4
6
6
5
7
5
4
6
6
6
7
4
6
7
8
9
7
4
5
8
7
6
12
2
3
10
8
7
9
13
13
6
10
9
8
3
8
5
8
4
8
7
10
9
14
9
12
11
9
8
7
3
11
5
3
11
7
10
7
7
11
11
9
6
9
6
3
8
10
12
14
14
12
5
7
5
10
6
10
9
12
11
11
10
9
12
8
8
11
6
5
8
11
12
18
9
8
8
6
14
14
9
16
8
9
8
10
12
12
10
12
13
13
11
13
6
15
10
14
9
9
17
13
14
13
15
11
14
9
17
8
20
18
16
17
16
17
26
19
15
16
17
17
14
29
20
14
15
21
15
16
21
20
14
17
22
17
13
20
21
16
15
15
16
23
21
27
20
18
16
20
8
15
17
27
17
27
20
15
16
13
14
26
10
18
15
17
17
11
12
14
22
25
16
23
23
24
17
23
20
24
19
24
29
14
25
20
21
18
24
26
24
31
23
26
19
26
25
23
32
21
20
22
26
23
30
29
21
29
27
29
29
18
17
25
35
39
33
21
29
27
32
30
29
28
41
32
36
38
32
33
36
43
38
25
31
47
37
45
29
40
45
33
33
46
48
35
40
55
48
46
50
49
49
51
58
54
48
55
57
43
60
58
55
55
69
63
63
52
57
61
71
52
65
71
65
70
68
69
69
80
65
70
70
75
65
68
74
68
71
79
67
90
80
85
63
99
81
90
113
90
100
93
114
86
97
114
96
109
85
96
87
97
97
90
83
87
97
75
95
70
82
77
76
75
87
80
68
84
72
61
66
65
81
54
73
83
62
91
81
74
72
66
85
70
69
66
80
65
80
75
81
67
58
81
90
61
69
67
83
72
53
56
61
47
69
72
56
70
69
63
76
68
65
73
65
62
58
72
85
76
66
63
60
78
71
66
74
78
80
72
65
60
73
51
59
71
76
79
77
75
70
69
67
81
68
68
73
73
77
68
64
82
88
76
80
85
69
57
69
81
67
61
85
79
81
74
75
80
83
81
73
69
72
89
88
81
88
73
86
84
88
80
91
76
97
92
88
95
96
91
106
105
88
113
122
121
117
172
205
238
282
358
482
590
663
913
1171
1356
1808
2162
2468
2965
3289
3846
4165
4532
4838
5119
5294
5329
5176
5198
4972
4650
4301
3881
3537
2965
2684
2157
1894
1518
1214
979
757
585
462
384
277
213
180
177
145
142
123
112
122
104
95
97
94
83
105
110
82
91
122
91
99
100
103
94
97
108
108
97
103
104
110
86
115
116
107
104
95
100
112
108
107
111
101
100
106
103
130
119
124
111
122
117
117
131
106
113
119
130
136
138
103
133
125
153
143
157
193
187
223
237
258
309
345
409
481
482
622
599
741
702
754
769
786
838
785
772
712
769
665
604
628
537
505
393
406
362
321
227
236
195
208
157
195
179
163
165
160
132
150
139
151
145
124
149
150
132
144
127
149
156
167
145
155
167
151
164
163
149
150
145
152
142
169
151
142
158
171
157
156
178
173
162
151
168
176
186
198
172
186
176
185
165
177
168
190
193
148
183
204
207
188
211
210
212
194
213
197
209
222
220
198
201
217
218
203
243
242
228
215
237
227
274
205
221
226
224
221
188
211
228
177
198
224
242
213
240
200
210
215
217
198
200
213
192
204
224
207
214
187
200
203
191
179
208
192
178
187
180
179
187
193
169
185
163
201
169
184
188
142
168
168
176
187
150
184
149
156
173
157
153
172
149
165
154
146
156
144
168
161
153
172
148
164
137
140
170
138
147
163
142
113
155
160
150
143
157
144
152
144
154
150
138
144
158
167
156
160
147
161
141
140
126
147
144
145
150
158
139
137
151
134
163
144
143
142
150
136
158
158
150
144
147
174
160
148
159
142
148
160
140
138
150
167
139
165
142
166
162
169
151
160
151
145
156
155
168
154
145
138
161
171
155
154
159
166
155
171
165
171
135
151
174
135
159
141
148
173
154
160
164
156
174
152
138
183
163
179
166
175
158
156
144
157
150
136
179
183
140
149
163
156
160
172
172
166
164
158
171
153
190
153
181
177
181
171
147
149
167
175
150
171
191
180
160
184
162
185
179
180
171
157
191
155
176
193
184
190
204
179
167
166
170
191
158
175
182
165
174
180
187
184
182
184
169
172
185
187
177
174
171
176
176
180
169
161
198
178
164
183
177
188
203
195
171
196
192
193
175
183
186
204
195
195
181
185
190
209
189
211
212
201
169
185
203
211
172
203
188
236
214
187
206
204
221
200
171
193
189
221
215
226
195
222
228
226
201
217
230
219
199
210
228
215
206
221
251
210
236
213
201
253
224
226
218
230
238
234
230
238
214
253
240
217
232
228
246
217
260
244
252
236
259
221
242
231
247
238
269
252
233
248
250
220
228
216
272
241
256
253
253
227
247
250
253
234
265
253
252
227
239
212
247
239
221
241
230
246
225
222
243
237
218
233
233
233
213
232
215
229
253
227
225
224
208
235
206
219
218
187
260
234
214
227
231
207
213
194
211
219
195
201
198
222
183
222
209
207
236
210
190
240
199
202
187
208
212
199
198
198
198
187
211
164
242
209
226
204
188
197
211
186
196
189
203
203
208
198
195
217
199
187
215
163
202
193
194
212
183
201
182
191
223
196
187
213
191
194
187
191
188
190
204
198
175
189
186
228
187
193
199
190
179
222
203
157
200
180
202
215
184
183
177
190
182
187
206
194
188
215
195
213
175
203
186
173
186
211
212
172
170
186
189
190
169
201
211
206
196
213
194
183
203
177
208
198
194
184
189
192
205
179
182
219
224
193
202
179
194
220
176
202
226
199
173
204
217
221
208
223
195
210
181
203
221
188
181
178
191
208
177
186
192
176
176
168
191
185
200
205
208
203
210
195
213
205
203
191
192
201
209
173
201
204
214
204
197
192
202
200
203
204
226
186
219
209
177
212
195
186
212
215
202
210
183
198
206
190
217
217
197
211
203
234
197
191
200
226
185
207
212
182
199
195
177
214
201
230
202
223
215
203
192
236
215
219
208
209
221
232
221
209
238
214
206
231
202
207
223
248
222
221
219
227
232
216
226
226
239
252
225
250
226
248
244
222
247
244
256
233
259
265
261
272
265
261
265
280
232
266
288
247
257
275
295
248
265
295
278
309
269
303
291
312
284
293
305
284
314
333
322
320
301
322
294
314
347
379
332
359
336
362
374
415
375
388
421
424
415
421
428
425
450
428
442
503
480
514
493
529
530
549
573
622
663
605
659
705
701
736
789
733
796
824
867
859
882
895
901
869
959
1034
1009
1020
1016
1035
1091
1092
1106
1164
1150
1182
1169
1086
1159
1237
1182
1295
1180
1192
1209
1239
1129
1147
1173
1198
1172
1227
1082
1107
1072
1033
1063
1021
1045
976
958
936
940
906
858
890
798
810
745
773
672
730
684
645
664
627
574
570
538
510
565
483
516
479
452
467
442
368
405
396
355
358
377
320
348
335
315
310
332
291
323
264
309
278
285
284
289
286
250
253
257
255
253
259
263
221
224
211
203
207
216
201
194
229
230
235
185
213
175
202
200
207
207
197
192
197
212
179
210
176
216
193
211
223
212
211
188
224
233
277
239
257
229
285
305
290
310
291
303
328
289
334
349
386
395
372
361
407
373
359
338
386
363
415
378
398
356
361
315
312
329
273
257
266
244
227
221
187
198
197
164
158
166
178
148
146
144
140
119
151
139
143
135
112
134
136
127
129
118
114
125
136
145
142
126
145
133
126
143
140
131
131
135
130
145
154
142
144
168
144
150
169
162
168
137
160
179
180
177
199
170
172
197
197
192
216
225
214
212
195
243
212
200
205
208
208
179
214
254
209
210
202
232
229
224
225
211
221
214
207
197
229
205
198
204
223
189
190
214
190
196
200
207
188
203
216
170
184
207
169
178
183
154
152
173
184
163
164
144
147
123
142
154
128
146
129
137
136
105
140
105
101
127
120
119
128
119
128
110
113
91
101
106
81
100
87
84
89
83
86
92
75
73
81
87
93
87
68
74
80
69
70
62
66
76
71
79
58
73
57
66
62
68
81
76
71
75
46
62
61
63
64
68
59
68
51
57
61
65
63
52
61
45
67
51
61
49
57
53
56
50
47
43
57
59
44
57
42
53
50
56
48
55
63
52
56
52
45
41
39
52
45
59
62
49
46
45
60
55
53
60
50
62
65
70
76
64
68
69
72
75
70
63
80
69
69
77
61
49
60
70
71
48
60
55
63
48
63
53
51
42
57
41
39
54
29
40
34
33
39
46
38
40
40
31
49
27
34
40
35
53
45
41
38
34
44
36
44
29
46
41
46
26
37
41
43
43
24
42
29
33
31
36
34
29
33
32
42
35
26
29
23
30
32
31
16
35
35
31
32
24
30
35
46
32
26
32
29
31
31
47
28
26
27
36
20
38
34
28
33
27
37
35
33
30
17
28
22
31
27
32
31
22
30
29
32
31
21
26
33
34
28
34
35
24
25
24
33
20
21
23
24
28
29
30
27
28
39
35
19
24
23
27
28
38
25
26
27
22
24
24
27
18
28
16
27
26
28
24
23
28
28
20
30
30
23
23
15
29
23
29
26
20
19
24
26
20
33
18
28
30
23
25
27
18
19
14
38
31
20
25
27
18
22
25
27
19
28
14
23
20
22
23
18
17
24
20
20
21
23
23
24
22
25
26
13
21
32
19
18
22
22
17
25
28
21
27
22
20
28
13
25
19
22
28
29
28
13
18
21
20
31
20
23
17
21
21
19
25
25
27
25
20
18
25
20
19
22
16
17
13
25
21
17
12
23
12
23
18
19
24
24
26
19
16
17
23
24
17
15
23
12
16
21
23
13
21
26
16
18
18
19
23
18
10
17
15
24
16
15
13
19
12
17
28
22
21
19
21
17
22
19
8
21
15
18
12
22
14
18
17
12
12
11
9
16
18
20
16
13
12
20
16
14
19
16
14
13
12
23
15
18
19
10
17
13
23
14
19
12
15
13
16
15
15
20
16
9
14
22
8
9
11
17
15
14
17
9
18
10
24
11
15
19
15
15
14
14
13
15
8
10
13
14
18
13
12
9
14
12
8
15
17
14
12
19
22
17
10
8
20
13
14
16
9
17
17
11
14
18
19
16
13
23
18
19
13
11
11
12
18
15
11
8
12
7
14
7
14
12
11
8
12
11
9
14
7
25
14
10
9
12
13
22
13
8
17
12
11
12
11
12
15
20
11
8
7
10
8
7
11
11
9
17
8
9
7
7
8
11
11
11
11
5
5
8
14
13
9
15
11
13
11
10
8
8
11
13
8
9
10
7
7
12
12
5
11
5
10
4
9
14
8
11
9
9
11
6
11
9
8
9
12
14
12
14
6
14
13
14
13
11
7
10
9
8
12
8
12
13
12
12
8
10
9
11
9
11
9
15
6
4
8
8
9
9
7
8
8
12
6
8
10
12
11
14
8
6
11
7
10
11
3
4
12
4
8
11
8
7
16
10
5
10
7
9
2
10
10
9
8
11
4
13
6
9
8
10
9
13
6
11
7
6
8
4
2
5
6
5
5
6
6
6
4
5
8
3
8
7
5
2
4
8
2
8
14
3
5
4
9
6
8
6
4
14
8
8
9
11
6
6
8
8
7
4
5
4
5
11
9
3
5
8
9
5
7
7
10
9
10
5
6
6
5
10
3
4
3
4
5
4
7
10
6
11
3
2
4
9
3
7
8
11
8
5
8
3
4
9
6
11
5
6
9
10
5
3
4
6
5
2
10
4
5
5
5
7
5
8
7
6
7
3
12
3
3
6
11
7
2
8
4
7
6
3
5
5
6
2
7
7
9
11
6
5
8
6
4
5
6
6
4
4
5
5
2
6
8
6
10
5
6
6
2
4
11
8
6
8
5
7
11
5
4
2
3
9
3
7
4
2
3
2
7
3
6
2
3
9
4
5
2
1
6
9
1
5
8
6
4
3
5
5
4
6
2
3
6
5
1
4
3
5
2
4
2
6
3
5
7
3
6
5
6
4
4
4
4
6
6
11
2
5
8
2
3
2
4
1
4
4
4
4
3
6
4
3
4
3
2
4
4
1
4
4
4
3
1
3
3
3
3
4
2
7
4
3
3
3
5
1
1
2
2
3
6
3
6
1
3
5
6
1
6
4
5
1
4
2
7
1
2
2
2
1
4
1
4
4
0
0
6
0
3
2
5
4
5
4
1
1
2
3
2
5
3
4
1
4
3
1
6
6
2
2
3
7
3
1
7
5
6
3
2
2
4
5
1
5
0
3
2
2
3
2
5
2
2
3
3
1
3
3
2
5
2
3
2
3
2
2
1
6
4
4
2
7
1
2
5
4
0
2
3
2
3
2
2
2
4
0
1
4
1
3
2
3
2
3
2
2
0
2
3
4
1
1
6
3
1
5
1
4
2
5
1
0
0
8
3
3
3
2
4
2
2
6
2
4
0
1
0
1
4
2
1
2
1
0
2
3
0
1
2
0
6
4
5
1
4
3
3
0
1
4
1
1
0
3
0
0
0
1
2
4
2
2
3
0
1
1
1
1
1
3
1
2
3
3
0
0
0
1
3
1
1
3
2
1
1
0
2
0
0
2
1
1
2
1
0
0
2
1
1
3
2
2
2
1
4
0
3
2
1
0
3
0
1
2
1
3
1
1
0
0
3
2
1
1
4
1
2
1
1
1
2
1
0
1
2
3
2
1
1
1
2
1
0
4
3
3
3
2
1
0
0
1
1
1
0
1
1
1
0
0
0
2
0
3
1
2
1
0
1
0
2
3
6
2
0
1
0
1
1
1
1
3
1
1
0
1
0
1
2
0
1
3
1
0
1
1
0
2
1
0
0
0
1
2
1
0
1
2
1
1
0
0
0
0
0
1
2
0
2
0
1
0
0
1
0
0
0
2
2
0
1
0
0
2
0
2
0
1
1
2
1
0
0
1
1
1
0
1
0
1
1
1
1
0
0
0
3
1
3
0
1
0
0
2
2
2
1
1
1
2
0
1
0
0
0
1
1
1
1
0
0
2
1
0
1
0
0
2
2
1
0
2
0
0
0
0
1
0
2
1
0
1
1
0
2
1
0
1
0
0
1
0
0
2
1
1
0
1
2
1
1
3
0
3
1
0
1
1
1
0
1
3
0
1
3
0
0
0
0
1
1
1
1
3
0
2
0
1
1
0
0
0
2
2
0
0
1
0
0
1
1
0
0
1
1
2
0
2
0
0
0
0
1
1
1
0
1
0
1
0
0
0
0
2
0
2
0
2
0
1
1
0
0
0
1
0
0
2
0
0
0
0
0
1
0
0
0
1
0
1
1
0
1
1
0
1
0
0
0
1
0
1
1
2
0
1
0
0
0
0
0
0
1
0
0
0
0
0
0
0
1
0
2
0
1
1
1
1
1
0
0
1
0
0
0
0
1
1
0
0
1
0
2
0
0
1
0
0
0
0
0
0
2
0
0
1
0
0
1
2
0
0
0
0
0
0
1
0
1
0
1
0
1
1
0
0
1
4
0
2
0
0
2
1
0
0
1
1
0
1
0
0
0
2
0
0
2
0
0
3
2
0
0
0
0
0
0
0
0
0
2
2
0
0
0
0
0
0
0
0
0
0
0
0
2
0
0
0
0
0
1
0
1
0
1
1
1
1
0
0
0
0
1
1
0
0
1
0
1
0
0
0
0
0
0
0
3
1
0
2
1
0
0
0
1
1
1
0
0
0
1
1
0
0
0
1
0
1
0
0
0
0
0
1
0
1
0
0
0
0
0
0
0
2
0
1
0
1
1
0
1
0
0
0
0
0
0
0
0
0
0
0
1
0
0
0
0
0
1
0
0
0
0
0
1
1
1
0
0
0
0
0
0
0
0
0
1
0
0
0
0
0
0
0
1
0
1
0
0
0
0
0
2
0
0
0
0
0
0
0
0
1
1
0
0
0
0
0
2
1
0
0
1
0
0
0
0
0
0
0
0
0
0
0
1
0
0
0
0
1
1
0
0
0
0
0
0
0
0
0
1
0
0
0
0
0
0
0
0
0
0
0
0
0
0
0
0
0
0
0
0
2
0
0
0
0
0
0
0
0
0
0
0
0
1
0
