ROI net sum

Spectrum                                      Si     P   Ar   Ni    Zn    Ga   Rh
---------------------------------------------------------------------------------
20230711_CVD_2546_60s_20x20ptsdet_1_0_0   202735 25535  229 1029   282 85562 2414
20230711_CVD_2546_60s_20x20ptsdet_1_0_1   205135 25939  263  991   404 85634 2334
20230711_CVD_2546_60s_20x20ptsdet_1_0_10  203615 25696  218 1013   421 85838 2434
20230711_CVD_2546_60s_20x20ptsdet_1_0_11  204223 25386  252  992   490 86133 2409
20230711_CVD_2546_60s_20x20ptsdet_1_0_12  201897 25422  247 1035   366 84646 2388
20230711_CVD_2546_60s_20x20ptsdet_1_0_13  202755 25353  252  994   397 84857 2420
20230711_CVD_2546_60s_20x20ptsdet_1_0_14  202988 25439  260  980   310 85327 2309
20230711_CVD_2546_60s_20x20ptsdet_1_0_15  203350 25311  255 1016   375 85156 2575
20230711_CVD_2546_60s_20x20ptsdet_1_0_16  204419 25588  278 1080   400 85599 2438
20230711_CVD_2546_60s_20x20ptsdet_1_0_17  202993 25283  256 1134   444 85165 2462
20230711_CVD_2546_60s_20x20ptsdet_1_0_18  202966 25344  241  998   331 85041 2429
20230711_CVD_2546_60s_20x20ptsdet_1_0_19  204318 25554  265  938   303 85137 2420
20230711_CVD_2546_60s_20x20ptsdet_1_0_2   203619 25629  252 1003   296 85254 2410
20230711_CVD_2546_60s_20x20ptsdet_1_0_3   203285 25514  239  961   412 85699 2382
20230711_CVD_2546_60s_20x20ptsdet_1_0_4   203852 25409  254 1050   342 85828 2407
20230711_CVD_2546_60s_20x20ptsdet_1_0_5   205568 25682  236 1013   346 86174 2386
20230711_CVD_2546_60s_20x20ptsdet_1_0_6   205030 25686  254  972   305 86341 2400
20230711_CVD_2546_60s_20x20ptsdet_1_0_7   205018 25555  256  963   460 86211 2551
20230711_CVD_2546_60s_20x20ptsdet_1_0_8   205278 25762  259 1035   424 86440 2376
20230711_CVD_2546_60s_20x20ptsdet_1_0_9   205619 25646  227 1020   328 85945 2399
20230711_CVD_2546_60s_20x20ptsdet_1_10_0  202194 25097  244  964   379 85646 2511
20230711_CVD_2546_60s_20x20ptsdet_1_10_1  203732 25206  232  942   381 85722 2557
20230711_CVD_2546_60s_20x20ptsdet_1_10_10 202544 25172  270 1039   349 85004 2450
20230711_CVD_2546_60s_20x20ptsdet_1_10_11 203280 25292  264 1014   374 85494 2487
20230711_CVD_2546_60s_20x20ptsdet_1_10_12 203030 25191  262  971   444 85610 2622
20230711_CVD_2546_60s_20x20ptsdet_1_10_13 204057 25389  251  970   307 86006 2551
20230711_CVD_2546_60s_20x20ptsdet_1_10_14 201744 25012  272  950   374 85203 2563
20230711_CVD_2546_60s_20x20ptsdet_1_10_15 202325 25206  272 1024   444 84741 2452
20230711_CVD_2546_60s_20x20ptsdet_1_10_16 202099 24765  280 1039   388 84461 2461
20230711_CVD_2546_60s_20x20ptsdet_1_10_17 202817 25307  253  939   457 85183 2511
20230711_CVD_2546_60s_20x20ptsdet_1_10_18 203055 25533  255 1058   425 85256 2452
20230711_CVD_2546_60s_20x20ptsdet_1_10_19 202573 24871  248 1065   315 86052 2485
20230711_CVD_2546_60s_20x20ptsdet_1_10_2  202951 25185  260 1065   363 85336 2601
20230711_CVD_2546_60s_20x20ptsdet_1_10_3  202234 25353  252  955   500 85231 2551
20230711_CVD_2546_60s_20x20ptsdet_1_10_4  202363 25101  241 1002   351 85321 2487
20230711_CVD_2546_60s_20x20ptsdet_1_10_5  202320 24988  249 1052   411 85206 2427
20230711_CVD_2546_60s_20x20ptsdet_1_10_6  200808 24803  274 1083   370 84259 2434
20230711_CVD_2546_60s_20x20ptsdet_1_10_7  202096 25281  238 1046   372 85202 2504
20230711_CVD_2546_60s_20x20ptsdet_1_10_8  202958 25206  269  990   440 85155 2508
20230711_CVD_2546_60s_20x20ptsdet_1_10_9  202260 25316  243 1128   376 84760 2471
20230711_CVD_2546_60s_20x20ptsdet_1_11_0  203112 25003  237 1112   492 85110 2458
20230711_CVD_2546_60s_20x20ptsdet_1_11_1  202615 25412  278 1020   435 85250 2383
20230711_CVD_2546_60s_20x20ptsdet_1_11_10 204637 25270  234  974   458 86166 2669
20230711_CVD_2546_60s_20x20ptsdet_1_11_11 204980 25522  255 1069   455 86627 2448
20230711_CVD_2546_60s_20x20ptsdet_1_11_12 205778 25553  243 1071   450 86558 2590
20230711_CVD_2546_60s_20x20ptsdet_1_11_13 205968 25674  264  977   292 86873 2464
20230711_CVD_2546_60s_20x20ptsdet_1_11_14 205001 25452  265 1061   378 86314 2493
20230711_CVD_2546_60s_20x20ptsdet_1_11_15 206467 25957  295  962   298 86946 2587
20230711_CVD_2546_60s_20x20ptsdet_1_11_16 204445 25419  266  994   366 85615 2533
20230711_CVD_2546_60s_20x20ptsdet_1_11_17 203902 25629  288 1018   322 86233 2527
20230711_CVD_2546_60s_20x20ptsdet_1_11_18 204110 25371  253  937   326 86276 2423
20230711_CVD_2546_60s_20x20ptsdet_1_11_19 204307 25408  269 1046   359 86133 2524
20230711_CVD_2546_60s_20x20ptsdet_1_11_2  203368 25182  269  958   280 85277 2526
20230711_CVD_2546_60s_20x20ptsdet_1_11_3  201040 25067  266  958   340 84809 2517
20230711_CVD_2546_60s_20x20ptsdet_1_11_4  204323 25386  280 1057   571 85887 2593
20230711_CVD_2546_60s_20x20ptsdet_1_11_5  204259 25239  242 1034   439 86047 2473
20230711_CVD_2546_60s_20x20ptsdet_1_11_6  205771 25621  256 1059   336 86229 2598
20230711_CVD_2546_60s_20x20ptsdet_1_11_7  205597 25583  217 1065   304 86449 2662
20230711_CVD_2546_60s_20x20ptsdet_1_11_8  205346 25523  284 1046   371 86853 2599
20230711_CVD_2546_60s_20x20ptsdet_1_11_9  204948 25499  261 1104   508 86497 2621
20230711_CVD_2546_60s_20x20ptsdet_1_12_0  204046 25102  268 1093   342 85952 2587
20230711_CVD_2546_60s_20x20ptsdet_1_12_1  203972 25100  263  940   311 85772 2582
20230711_CVD_2546_60s_20x20ptsdet_1_12_10 203303 25577  261 1004   433 85218 2497
20230711_CVD_2546_60s_20x20ptsdet_1_12_11 203653 25329  255  976   321 85435 2618
20230711_CVD_2546_60s_20x20ptsdet_1_12_12 205685 25676  254 1024   343 86000 2499
20230711_CVD_2546_60s_20x20ptsdet_1_12_13 204338 25346  273 1002   363 86259 2540
20230711_CVD_2546_60s_20x20ptsdet_1_12_14 201751 25248  245 1006   413 85093 2468
20230711_CVD_2546_60s_20x20ptsdet_1_12_15 204411 25748  254  980   342 85598 2566
20230711_CVD_2546_60s_20x20ptsdet_1_12_16 201927 25620  268 1053   331 85009 2612
20230711_CVD_2546_60s_20x20ptsdet_1_12_17 203131 25302  217 1028   344 85312 2499
20230711_CVD_2546_60s_20x20ptsdet_1_12_18 203670 25156  281 1033   439 85804 2600
20230711_CVD_2546_60s_20x20ptsdet_1_12_19 203182 25080  261 1059   401 84788 2548
20230711_CVD_2546_60s_20x20ptsdet_1_12_2  204487 25250  230 1005   556 85571 2476
20230711_CVD_2546_60s_20x20ptsdet_1_12_3  201734 25103  216  914   375 84976 2419
20230711_CVD_2546_60s_20x20ptsdet_1_12_4  202247 25181  268  976   458 84850 2545
20230711_CVD_2546_60s_20x20ptsdet_1_12_5  204122 25381  289  994   372 85451 2455
20230711_CVD_2546_60s_20x20ptsdet_1_12_6  202766 25416  254 1007   285 85668 2472
20230711_CVD_2546_60s_20x20ptsdet_1_12_7  204157 25558  264 1085   386 85988 2594
20230711_CVD_2546_60s_20x20ptsdet_1_12_8  201154 24929  273 1030   468 84908 2327
20230711_CVD_2546_60s_20x20ptsdet_1_12_9  202149 25146  257 1056   347 84481 2473
20230711_CVD_2546_60s_20x20ptsdet_1_13_0  202813 25041  233 1071   463 85403 2440
20230711_CVD_2546_60s_20x20ptsdet_1_13_1  203089 25081  238 1016   400 84809 2465
20230711_CVD_2546_60s_20x20ptsdet_1_13_10 204650 25299  272  963   320 86214 2542
20230711_CVD_2546_60s_20x20ptsdet_1_13_11 205327 25276  250  984   383 85898 2438
20230711_CVD_2546_60s_20x20ptsdet_1_13_12 204585 25260  254 1026   330 86302 2487
20230711_CVD_2546_60s_20x20ptsdet_1_13_13 203964 25537  259 1111   431 86006 2531
20230711_CVD_2546_60s_20x20ptsdet_1_13_14 204408 25779  269  932   280 85631 2482
20230711_CVD_2546_60s_20x20ptsdet_1_13_15 203220 25198  264 1019   335 85984 2594
20230711_CVD_2546_60s_20x20ptsdet_1_13_16 203483 25391  303 1007   426 86264 2582
20230711_CVD_2546_60s_20x20ptsdet_1_13_17 205791 25862  257 1046   417 86202 2642
20230711_CVD_2546_60s_20x20ptsdet_1_13_18 205370 25640  233 1088   275 86186 2586
20230711_CVD_2546_60s_20x20ptsdet_1_13_19 204253 25591  295  987   306 85922 2528
20230711_CVD_2546_60s_20x20ptsdet_1_13_2  204727 25568  240 1180   428 86058 2554
20230711_CVD_2546_60s_20x20ptsdet_1_13_3  206171 25488  263 1095   422 86591 2541
20230711_CVD_2546_60s_20x20ptsdet_1_13_4  205932 25487  277 1102   343 86093 2532
20230711_CVD_2546_60s_20x20ptsdet_1_13_5  206535 25254  304 1007   293 86461 2540
20230711_CVD_2546_60s_20x20ptsdet_1_13_6  206497 25434  294 1109   323 86874 2516
20230711_CVD_2546_60s_20x20ptsdet_1_13_7  206813 25299  246  965   280 86648 2570
20230711_CVD_2546_60s_20x20ptsdet_1_13_8  206160 25374  275 1035   435 85175 2448
20230711_CVD_2546_60s_20x20ptsdet_1_13_9  205351 25412  278 1000   346 85863 2572
20230711_CVD_2546_60s_20x20ptsdet_1_14_0  204792 25331  269 1061   462 85888 2530
20230711_CVD_2546_60s_20x20ptsdet_1_14_1  205457 25571  233  950   430 86358 2631
20230711_CVD_2546_60s_20x20ptsdet_1_14_10 202934 25317  242 1069   260 84348 2634
20230711_CVD_2546_60s_20x20ptsdet_1_14_11 203084 25559  287  953   309 85283 2494
20230711_CVD_2546_60s_20x20ptsdet_1_14_12 203617 25204  317  958   367 85359 2553
20230711_CVD_2546_60s_20x20ptsdet_1_14_13 202003 25078  244 1165   379 84907 2486
20230711_CVD_2546_60s_20x20ptsdet_1_14_14 203340 25276  253  952   291 85166 2480
20230711_CVD_2546_60s_20x20ptsdet_1_14_15 204114 25219  297  956   231 85609 2476
20230711_CVD_2546_60s_20x20ptsdet_1_14_16 204103 25215  266  964   374 84762 2573
20230711_CVD_2546_60s_20x20ptsdet_1_14_17 202908 25075  220  999   385 85151 2448
20230711_CVD_2546_60s_20x20ptsdet_1_14_18 203740 25319  290  938   303 85288 2541
20230711_CVD_2546_60s_20x20ptsdet_1_14_19 203795 25478  245 1031   503 85164 2407
20230711_CVD_2546_60s_20x20ptsdet_1_14_2  206209 25360  224  980   305 86487 2646
20230711_CVD_2546_60s_20x20ptsdet_1_14_3  202727 25484  258  930   445 86156 2545
20230711_CVD_2546_60s_20x20ptsdet_1_14_4  203384 25400  264  991   294 85141 2534
20230711_CVD_2546_60s_20x20ptsdet_1_14_5  203104 25286  261  916   282 85398 2578
20230711_CVD_2546_60s_20x20ptsdet_1_14_6  203249 25121  287 1020   397 86097 2676
20230711_CVD_2546_60s_20x20ptsdet_1_14_7  204017 25484  286 1016   439 85197 2508
20230711_CVD_2546_60s_20x20ptsdet_1_14_8  202816 24924  255  994   376 85649 2481
20230711_CVD_2546_60s_20x20ptsdet_1_14_9  202013 25123  243  929   272 85223 2487
20230711_CVD_2546_60s_20x20ptsdet_1_15_0  202969 25341  249 1174   483 85826 2557
20230711_CVD_2546_60s_20x20ptsdet_1_15_1  202644 25172  259 1016   336 84623 2583
20230711_CVD_2546_60s_20x20ptsdet_1_15_10 203248 25104  258 1001   325 85789 2573
20230711_CVD_2546_60s_20x20ptsdet_1_15_11 204221 25526  272 1040   515 86981 2479
20230711_CVD_2546_60s_20x20ptsdet_1_15_12 204730 25234  258  951   359 85956 2514
20230711_CVD_2546_60s_20x20ptsdet_1_15_13 205767 25420  275 1087   485 86271 2435
20230711_CVD_2546_60s_20x20ptsdet_1_15_14 201734 25164  265 1067   417 84738 2580
20230711_CVD_2546_60s_20x20ptsdet_1_15_15 200862 25304  263 1090   337 84002 2435
20230711_CVD_2546_60s_20x20ptsdet_1_15_16 201685 24791  228  993   477 84653 2526
20230711_CVD_2546_60s_20x20ptsdet_1_15_17 202472 25311  239  985   413 84730 2451
20230711_CVD_2546_60s_20x20ptsdet_1_15_18 201356 24790  262  974   398 84753 2649
20230711_CVD_2546_60s_20x20ptsdet_1_15_19 202424 24968  275  932   269 84913 2474
20230711_CVD_2546_60s_20x20ptsdet_1_15_2  200951 24841  268  955   375 84754 2570
20230711_CVD_2546_60s_20x20ptsdet_1_15_3  203332 25419  242 1009   358 85032 2378
20230711_CVD_2546_60s_20x20ptsdet_1_15_4  203677 25344  261 1132   484 85509 2639
20230711_CVD_2546_60s_20x20ptsdet_1_15_5  203927 25024  244 1091   393 85660 2684
20230711_CVD_2546_60s_20x20ptsdet_1_15_6  204361 25176  257 1032   285 85731 2507
20230711_CVD_2546_60s_20x20ptsdet_1_15_7  204728 25252  270  994   349 85674 2620
20230711_CVD_2546_60s_20x20ptsdet_1_15_8  204937 25292  278 1053   599 85827 2581
20230711_CVD_2546_60s_20x20ptsdet_1_15_9  204205 25366  256  999   429 85787 2465
20230711_CVD_2546_60s_20x20ptsdet_1_16_0  202913 25064  297 1023   389 85067 2587
20230711_CVD_2546_60s_20x20ptsdet_1_16_1  202711 25146  262  992   261 85028 2648
20230711_CVD_2546_60s_20x20ptsdet_1_16_10 205553 25845  304 1052   382 86545 2547
20230711_CVD_2546_60s_20x20ptsdet_1_16_11 205650 25317  257 1029   428 86899 2667
20230711_CVD_2546_60s_20x20ptsdet_1_16_12 205565 25578  234 1006   348 86959 2515
20230711_CVD_2546_60s_20x20ptsdet_1_16_13 204935 25406  293 1020   461 86292 2604
20230711_CVD_2546_60s_20x20ptsdet_1_16_14 204290 25455  286  983   396 85601 2453
20230711_CVD_2546_60s_20x20ptsdet_1_16_15 205182 25292  269 1023   386 85635 2597
20230711_CVD_2546_60s_20x20ptsdet_1_16_16 204725 25460  238 1061   304 85717 2507
20230711_CVD_2546_60s_20x20ptsdet_1_16_17 204657 25323  311 1054   445 85696 2389
20230711_CVD_2546_60s_20x20ptsdet_1_16_18 204745 25492  263  972   370 86223 2603
20230711_CVD_2546_60s_20x20ptsdet_1_16_19 202523 25193  254  997   383 84980 2373
20230711_CVD_2546_60s_20x20ptsdet_1_16_2  204350 25181  263 1007   326 85315 2608
20230711_CVD_2546_60s_20x20ptsdet_1_16_3  203011 25185  284 1092   406 85962 2517
20230711_CVD_2546_60s_20x20ptsdet_1_16_4  204382 25546  318 1049   405 86052 2563
20230711_CVD_2546_60s_20x20ptsdet_1_16_5  202995 25324  254 1023   359 84657 2580
20230711_CVD_2546_60s_20x20ptsdet_1_16_6  203652 25159  250  975   399 85680 2491
20230711_CVD_2546_60s_20x20ptsdet_1_16_7  203262 25286  245 1028   453 85741 2529
20230711_CVD_2546_60s_20x20ptsdet_1_16_8  204617 25329  282 1012   373 86458 2599
20230711_CVD_2546_60s_20x20ptsdet_1_16_9  204729 25231  272  951   369 85919 2646
20230711_CVD_2546_60s_20x20ptsdet_1_17_0  204241 25288  275  933   312 86269 2614
20230711_CVD_2546_60s_20x20ptsdet_1_17_1  203470 25235  242  969   310 85764 2614
20230711_CVD_2546_60s_20x20ptsdet_1_17_10 204963 25733  246  964   459 86897 2584
20230711_CVD_2546_60s_20x20ptsdet_1_17_11 206366 25720  237 1048   431 86964 2596
20230711_CVD_2546_60s_20x20ptsdet_1_17_12 205719 25569  249 1085   364 86930 2517
20230711_CVD_2546_60s_20x20ptsdet_1_17_13 205815 25491  293 1028   430 86508 2609
20230711_CVD_2546_60s_20x20ptsdet_1_17_14 204698 25415  264  928   340 86066 2527
20230711_CVD_2546_60s_20x20ptsdet_1_17_15 202751 25189  248  988   411 85378 2554
20230711_CVD_2546_60s_20x20ptsdet_1_17_16 203874 25442  285 1016   359 85853 2606
20230711_CVD_2546_60s_20x20ptsdet_1_17_17 203540 25106  242 1119   425 85232 2532
20230711_CVD_2546_60s_20x20ptsdet_1_17_18 204567 25383  289 1000   462 86082 2707
20230711_CVD_2546_60s_20x20ptsdet_1_17_19 204199 25524  275  994   303 86189 2661
20230711_CVD_2546_60s_20x20ptsdet_1_17_2  205201 25192  272 1010   352 86822 2553
20230711_CVD_2546_60s_20x20ptsdet_1_17_3  204379 25440  274 1054   358 85552 2629
20230711_CVD_2546_60s_20x20ptsdet_1_17_4  204544 25117  254 1108   412 86019 2480
20230711_CVD_2546_60s_20x20ptsdet_1_17_5  204778 25148  253 1045   312 85820 2379
20230711_CVD_2546_60s_20x20ptsdet_1_17_6  204647 25317  272 1045   494 86501 2642
20230711_CVD_2546_60s_20x20ptsdet_1_17_7  205036 25065  258 1070   349 86073 2414
20230711_CVD_2546_60s_20x20ptsdet_1_17_8  205031 25646  299 1108   314 86437 2731
20230711_CVD_2546_60s_20x20ptsdet_1_17_9  205335 25503  267  950   327 86413 2504
20230711_CVD_2546_60s_20x20ptsdet_1_18_0  203030 25365  280 1019   413 85284 2524
20230711_CVD_2546_60s_20x20ptsdet_1_18_1  204500 25348  297  971   353 85983 2585
20230711_CVD_2546_60s_20x20ptsdet_1_18_10 205254 25618  265 1078   318 87085 2599
20230711_CVD_2546_60s_20x20ptsdet_1_18_11 205389 25350  278  977   494 86894 2485
20230711_CVD_2546_60s_20x20ptsdet_1_18_12 204137 25631  256  983   281 85692 2538
20230711_CVD_2546_60s_20x20ptsdet_1_18_13 205313 25469  244 1056   489 87013 2732
20230711_CVD_2546_60s_20x20ptsdet_1_18_14 203387 25578  270 1036   429 85622 2574
20230711_CVD_2546_60s_20x20ptsdet_1_18_15 204226 25223  251 1064   364 86435 2556
20230711_CVD_2546_60s_20x20ptsdet_1_18_16 205805 25834  229 1068   365 86267 2605
20230711_CVD_2546_60s_20x20ptsdet_1_18_17 205793 26070  247 1082   498 86750 2499
20230711_CVD_2546_60s_20x20ptsdet_1_18_18 205592 25513  263  914   344 86370 2577
20230711_CVD_2546_60s_20x20ptsdet_1_18_19 203176 25617  248 1081   453 86371 2414
20230711_CVD_2546_60s_20x20ptsdet_1_18_2  205687 25509  305 1029   329 87708 2442
20230711_CVD_2546_60s_20x20ptsdet_1_18_3  205394 25215  272  998   355 86622 2426
20230711_CVD_2546_60s_20x20ptsdet_1_18_4  206398 25488  263 1011   263 86678 2616
20230711_CVD_2546_60s_20x20ptsdet_1_18_5  205731 25390  264 1036   415 86108 2598
20230711_CVD_2546_60s_20x20ptsdet_1_18_6  205168 25496  281  982   355 86184 2642
20230711_CVD_2546_60s_20x20ptsdet_1_18_7  205150 25526  297 1055   522 86295 2452
20230711_CVD_2546_60s_20x20ptsdet_1_18_8  203242 25172  248 1107   537 85451 2531
20230711_CVD_2546_60s_20x20ptsdet_1_18_9  203892 25262  237 1004   410 85432 2561
20230711_CVD_2546_60s_20x20ptsdet_1_19_0  204167 25135  300 1050   352 85700 2541
20230711_CVD_2546_60s_20x20ptsdet_1_19_1  205826 25422  297 1048   401 86707 2595
20230711_CVD_2546_60s_20x20ptsdet_1_19_10 205390 25270  256  977   479 86197 2598
20230711_CVD_2546_60s_20x20ptsdet_1_19_11 203842 25053  240 1070   414 86099 2616
20230711_CVD_2546_60s_20x20ptsdet_1_19_12 202910 25477  264  969   342 85731 2521
20230711_CVD_2546_60s_20x20ptsdet_1_19_13 204243 25407  249 1027   374 85841 2685
20230711_CVD_2546_60s_20x20ptsdet_1_19_14 203593 25271  293  876   360 86521 2633
20230711_CVD_2546_60s_20x20ptsdet_1_19_15 205201 25258  263 1078   330 85563 2502
20230711_CVD_2546_60s_20x20ptsdet_1_19_16 203831 25369  270 1069   359 85279 2625
20230711_CVD_2546_60s_20x20ptsdet_1_19_17 204887 25291  260  967   333 85601 2545
20230711_CVD_2546_60s_20x20ptsdet_1_19_18 203159 25181  299  974   397 86086 2555
20230711_CVD_2546_60s_20x20ptsdet_1_19_19 203630 25074  260 1055   395 85639 2458
20230711_CVD_2546_60s_20x20ptsdet_1_19_2  205210 25654  277 1135   438 86189 2603
20230711_CVD_2546_60s_20x20ptsdet_1_19_3  205879 25133  255 1026   390 86162 2649
20230711_CVD_2546_60s_20x20ptsdet_1_19_4  206478 25594  274 1049   397 86765 2593
20230711_CVD_2546_60s_20x20ptsdet_1_19_5  206217 25768  265 1004   354 86364 2598
20230711_CVD_2546_60s_20x20ptsdet_1_19_6  205077 25394  270 1038   376 85870 2562
20230711_CVD_2546_60s_20x20ptsdet_1_19_7  205700 25871  257  972   396 86315 2588
20230711_CVD_2546_60s_20x20ptsdet_1_19_8  205716 25266  228  975   375 86489 2570
20230711_CVD_2546_60s_20x20ptsdet_1_19_9  204970 25273  293 1010   360 86569 2714
20230711_CVD_2546_60s_20x20ptsdet_1_1_0   205102 25269  241 1085   431 85066 2402
20230711_CVD_2546_60s_20x20ptsdet_1_1_1   204652 25594  274 1029   442 85373 2447
20230711_CVD_2546_60s_20x20ptsdet_1_1_10  202428 25126  226 1005   354 84463 2315
20230711_CVD_2546_60s_20x20ptsdet_1_1_11  200819 25128  263  955   295 83955 2358
20230711_CVD_2546_60s_20x20ptsdet_1_1_12  200585 24901  229  938   410 83800 2438
20230711_CVD_2546_60s_20x20ptsdet_1_1_13  199862 24902  260 1069   388 83617 2431
20230711_CVD_2546_60s_20x20ptsdet_1_1_14  201973 25366  261 1071   480 83537 2376
20230711_CVD_2546_60s_20x20ptsdet_1_1_15  201523 25144  225  987   378 84617 2504
20230711_CVD_2546_60s_20x20ptsdet_1_1_16  200345 25124  301  945   423 83491 2376
20230711_CVD_2546_60s_20x20ptsdet_1_1_17  200599 25139  212  995   345 83371 2302
20230711_CVD_2546_60s_20x20ptsdet_1_1_18  200044 25128  294  964   350 83151 2320
20230711_CVD_2546_60s_20x20ptsdet_1_1_19  201305 24888  240 1002   428 83571 2352
20230711_CVD_2546_60s_20x20ptsdet_1_1_2   201968 25109  252  949   337 84896 2362
20230711_CVD_2546_60s_20x20ptsdet_1_1_3   204074 25401  248  927   337 84692 2362
20230711_CVD_2546_60s_20x20ptsdet_1_1_4   204134 25403  223 1036   382 85344 2424
20230711_CVD_2546_60s_20x20ptsdet_1_1_5   204063 25664  234 1004   405 84843 2647
20230711_CVD_2546_60s_20x20ptsdet_1_1_6   202770 25282  254 1009   436 84619 2387
20230711_CVD_2546_60s_20x20ptsdet_1_1_7   202910 25652  252 1060   377 84488 2344
20230711_CVD_2546_60s_20x20ptsdet_1_1_8   204698 25542  223  990   378 85883 2386
20230711_CVD_2546_60s_20x20ptsdet_1_1_9   204460 25423  241  942   307 85335 2347
20230711_CVD_2546_60s_20x20ptsdet_1_2_0   202961 25202  235 1029   422 84911 2376
20230711_CVD_2546_60s_20x20ptsdet_1_2_1   202831 25259  239  923   445 84878 2476
20230711_CVD_2546_60s_20x20ptsdet_1_2_10  201718 24925  249  978   427 84941 2310
20230711_CVD_2546_60s_20x20ptsdet_1_2_11  206347 25968  254 1014   416 86663 2469
20230711_CVD_2546_60s_20x20ptsdet_1_2_12  206314 25554  280 1050   480 87246 2469
20230711_CVD_2546_60s_20x20ptsdet_1_2_13  207180 26000  262 1078   367 87553 2619
20230711_CVD_2546_60s_20x20ptsdet_1_2_14  206373 25911  210 1023   428 87696 2472
20230711_CVD_2546_60s_20x20ptsdet_1_2_15  207206 25894  252 1009   406 87082 2541
20230711_CVD_2546_60s_20x20ptsdet_1_2_16  207262 25671  235  960   355 86704 2445
20230711_CVD_2546_60s_20x20ptsdet_1_2_17  205304 26047  270 1031   405 86460 2341
20230711_CVD_2546_60s_20x20ptsdet_1_2_18  206540 25755  256  999   402 87047 2605
20230711_CVD_2546_60s_20x20ptsdet_1_2_19  206056 25804  234 1039   485 87023 2496
20230711_CVD_2546_60s_20x20ptsdet_1_2_2   202788 25246  224  969   375 84360 2350
20230711_CVD_2546_60s_20x20ptsdet_1_2_3   202589 25362  274  935   355 84372 2309
20230711_CVD_2546_60s_20x20ptsdet_1_2_4   202850 25372  250 1015   503 84781 2354
20230711_CVD_2546_60s_20x20ptsdet_1_2_5   203385 25088  248 1040   316 84646 2599
20230711_CVD_2546_60s_20x20ptsdet_1_2_6   202347 25409  241  909   257 84867 2439
20230711_CVD_2546_60s_20x20ptsdet_1_2_7   201566 25481  244 1010   384 84458 2423
20230711_CVD_2546_60s_20x20ptsdet_1_2_8   201269 25275  267 1069   388 84081 2257
20230711_CVD_2546_60s_20x20ptsdet_1_2_9   201499 25153  254 1016   331 84319 2437
20230711_CVD_2546_60s_20x20ptsdet_1_3_0   205450 25664  245 1087   454 86497 2340
20230711_CVD_2546_60s_20x20ptsdet_1_3_1   205521 25693  232 1056   485 86130 2481
20230711_CVD_2546_60s_20x20ptsdet_1_3_10  205914 25740  264 1033   513 86894 2352
20230711_CVD_2546_60s_20x20ptsdet_1_3_11  206351 25709  271  977   431 85761 2500
20230711_CVD_2546_60s_20x20ptsdet_1_3_12  205547 25560  242 1029   359 85989 2335
20230711_CVD_2546_60s_20x20ptsdet_1_3_13  205450 25602  251 1051   445 86130 2553
20230711_CVD_2546_60s_20x20ptsdet_1_3_14  205327 25811  267 1014   469 86498 2464
20230711_CVD_2546_60s_20x20ptsdet_1_3_15  205527 25739  248  981   464 86470 2543
20230711_CVD_2546_60s_20x20ptsdet_1_3_16  205813 25776  258  982   221 86235 2523
20230711_CVD_2546_60s_20x20ptsdet_1_3_17  205592 25553  258 1039   364 86044 2645
20230711_CVD_2546_60s_20x20ptsdet_1_3_18  205730 25391  237 1023   489 86869 2637
20230711_CVD_2546_60s_20x20ptsdet_1_3_19  206035 25846  254 1046   329 86272 2419
20230711_CVD_2546_60s_20x20ptsdet_1_3_2   205765 25857  283  976   315 86019 2509
20230711_CVD_2546_60s_20x20ptsdet_1_3_3   205774 25704  256  993   420 86668 2577
20230711_CVD_2546_60s_20x20ptsdet_1_3_4   205629 25636  266  956   302 86651 2534
20230711_CVD_2546_60s_20x20ptsdet_1_3_5   204579 25256  254 1029   464 86643 2383
20230711_CVD_2546_60s_20x20ptsdet_1_3_6   205474 25628  258 1074   470 86220 2431
20230711_CVD_2546_60s_20x20ptsdet_1_3_7   206131 25467  234 1033   424 86498 2454
20230711_CVD_2546_60s_20x20ptsdet_1_3_8   205966 25490  244 1156   457 85730 2502
20230711_CVD_2546_60s_20x20ptsdet_1_3_9   205596 25589  251  975   330 85973 2395
20230711_CVD_2546_60s_20x20ptsdet_1_4_0   205125 25803  264 1151   660 86851 2610
20230711_CVD_2546_60s_20x20ptsdet_1_4_1   204914 25355  272 1012   337 86163 2565
20230711_CVD_2546_60s_20x20ptsdet_1_4_10  206653 25768  259 1101   459 87906 2388
20230711_CVD_2546_60s_20x20ptsdet_1_4_11  207431 25543  255 1056   312 87740 2405
20230711_CVD_2546_60s_20x20ptsdet_1_4_12  207570 25944  273 1045   356 86872 2591
20230711_CVD_2546_60s_20x20ptsdet_1_4_13  207714 26226  251 1000   401 87006 2546
20230711_CVD_2546_60s_20x20ptsdet_1_4_14  207344 25632  273  977   338 86570 2441
20230711_CVD_2546_60s_20x20ptsdet_1_4_15  206543 25741  246 1013   256 86756 2539
20230711_CVD_2546_60s_20x20ptsdet_1_4_16  205648 25533  264  925   359 86592 2569
20230711_CVD_2546_60s_20x20ptsdet_1_4_17  204731 25367  263  972   324 85669 2412
20230711_CVD_2546_60s_20x20ptsdet_1_4_18  204095 25646  278 1107   353 86167 2535
20230711_CVD_2546_60s_20x20ptsdet_1_4_19  203612 25384  259  972   359 85515 2513
20230711_CVD_2546_60s_20x20ptsdet_1_4_2   204772 25410  240  957   314 85983 2521
20230711_CVD_2546_60s_20x20ptsdet_1_4_3   204762 25602  233 1101   432 86663 2457
20230711_CVD_2546_60s_20x20ptsdet_1_4_4   204731 25816  241 1071   370 86294 2475
20230711_CVD_2546_60s_20x20ptsdet_1_4_5   204228 25494  286  923   447 86682 2427
20230711_CVD_2546_60s_20x20ptsdet_1_4_6   202603 25368  256 1003   361 85352 2419
20230711_CVD_2546_60s_20x20ptsdet_1_4_7   204659 25133  255  991   429 85474 2480
20230711_CVD_2546_60s_20x20ptsdet_1_4_8   205900 26053  248 1016   449 87291 2596
20230711_CVD_2546_60s_20x20ptsdet_1_4_9   208110 25636  282 1077   443 87907 2580
20230711_CVD_2546_60s_20x20ptsdet_1_5_0   204788 25616  252 1147   470 86601 2542
20230711_CVD_2546_60s_20x20ptsdet_1_5_1   203834 25385  263 1057   402 85579 2459
20230711_CVD_2546_60s_20x20ptsdet_1_5_10  206528 25744  233 1031   401 86285 2533
20230711_CVD_2546_60s_20x20ptsdet_1_5_11  206141 25808  218 1005   261 85929 2561
20230711_CVD_2546_60s_20x20ptsdet_1_5_12  205665 25622  257  937   277 86754 2568
20230711_CVD_2546_60s_20x20ptsdet_1_5_13  205692 25767  243  991   461 86175 2550
20230711_CVD_2546_60s_20x20ptsdet_1_5_14  206555 25754  298  929   335 86718 2509
20230711_CVD_2546_60s_20x20ptsdet_1_5_15  206664 25668  242 1077   343 86789 2539
20230711_CVD_2546_60s_20x20ptsdet_1_5_16  205920 25643  255 1001   423 86823 2384
20230711_CVD_2546_60s_20x20ptsdet_1_5_17  205976 25823  244  966   284 86131 2529
20230711_CVD_2546_60s_20x20ptsdet_1_5_18  204815 25406  265 1064   370 86499 2517
20230711_CVD_2546_60s_20x20ptsdet_1_5_19  204431 25536  262 1047   415 86081 2370
20230711_CVD_2546_60s_20x20ptsdet_1_5_2   202397 25147  256 1004   352 84316 2415
20230711_CVD_2546_60s_20x20ptsdet_1_5_3   201551 25020  241 1025   455 85172 2534
20230711_CVD_2546_60s_20x20ptsdet_1_5_4   203358 25269  237 1052   444 85168 2383
20230711_CVD_2546_60s_20x20ptsdet_1_5_5   202002 24985  247  898   422 84961 2476
20230711_CVD_2546_60s_20x20ptsdet_1_5_6   201336 25300  263  963   297 84443 2532
20230711_CVD_2546_60s_20x20ptsdet_1_5_7   201609 25281  235  966   361 85518 2557
20230711_CVD_2546_60s_20x20ptsdet_1_5_8   204843 25540  260  996   440 85611 2535
20230711_CVD_2546_60s_20x20ptsdet_1_5_9   205282 25614  241  948   391 86395 2509
20230711_CVD_2546_60s_20x20ptsdet_1_6_0   205376 25510  248 1002   415 86796 2568
20230711_CVD_2546_60s_20x20ptsdet_1_6_1   204439 25775  254 1004   271 85775 2626
20230711_CVD_2546_60s_20x20ptsdet_1_6_10  203933 25266  256 1000   429 86633 2607
20230711_CVD_2546_60s_20x20ptsdet_1_6_11  205119 25890  274 1043   447 86841 2563
20230711_CVD_2546_60s_20x20ptsdet_1_6_12  202365 25295  239 1193   497 85255 2492
20230711_CVD_2546_60s_20x20ptsdet_1_6_13  202153 25212  287 1098   448 85293 2554
20230711_CVD_2546_60s_20x20ptsdet_1_6_14  202265 25124  264  996   427 85052 2580
20230711_CVD_2546_60s_20x20ptsdet_1_6_15  203451 25138  229 1073   390 85645 2299
20230711_CVD_2546_60s_20x20ptsdet_1_6_16  205137 25587  243 1032   558 86347 2332
20230711_CVD_2546_60s_20x20ptsdet_1_6_17  205428 25831  242  991   396 86591 2542
20230711_CVD_2546_60s_20x20ptsdet_1_6_18  202492 25171  253  924   387 85228 2516
20230711_CVD_2546_60s_20x20ptsdet_1_6_19  204010 25133  254  917   306 86267 2473
20230711_CVD_2546_60s_20x20ptsdet_1_6_2   204667 25430  283 1044   377 86140 2432
20230711_CVD_2546_60s_20x20ptsdet_1_6_3   204013 25525  282 1022   510 86422 2570
20230711_CVD_2546_60s_20x20ptsdet_1_6_4   202737 25358  259  945   353 85306 2571
20230711_CVD_2546_60s_20x20ptsdet_1_6_5   203613 25303  248  965   344 85328 2600
20230711_CVD_2546_60s_20x20ptsdet_1_6_6   205276 25783  278  909   312 85580 2480
20230711_CVD_2546_60s_20x20ptsdet_1_6_7   205157 25282  249  965   377 86304 2527
20230711_CVD_2546_60s_20x20ptsdet_1_6_8   204677 25448  263 1025   441 86007 2483
20230711_CVD_2546_60s_20x20ptsdet_1_6_9   202920 25337  269 1005   273 85108 2477
20230711_CVD_2546_60s_20x20ptsdet_1_7_0   205285 25283  257  988   361 86512 2441
20230711_CVD_2546_60s_20x20ptsdet_1_7_1   206283 25380  255 1057   370 86449 2594
20230711_CVD_2546_60s_20x20ptsdet_1_7_10  199380 24726  247 1043   393 83968 2501
20230711_CVD_2546_60s_20x20ptsdet_1_7_11  200931 25147  239 1004   381 83900 2632
20230711_CVD_2546_60s_20x20ptsdet_1_7_12  202008 25060  275 1004   450 84772 2509
20230711_CVD_2546_60s_20x20ptsdet_1_7_13  202295 24896  279  974   309 85004 2487
20230711_CVD_2546_60s_20x20ptsdet_1_7_14  200570 25126  240 1087   395 84112 2447
20230711_CVD_2546_60s_20x20ptsdet_1_7_15  201637 25125  251 1015   441 84953 2439
20230711_CVD_2546_60s_20x20ptsdet_1_7_16  202148 25074  248 1054   588 84894 2442
20230711_CVD_2546_60s_20x20ptsdet_1_7_17  202259 25357  274 1141   406 85421 2481
20230711_CVD_2546_60s_20x20ptsdet_1_7_18  200127 24777  228  949   274 84282 2473
20230711_CVD_2546_60s_20x20ptsdet_1_7_19  201122 25101  259 1030   412 85512 2591
20230711_CVD_2546_60s_20x20ptsdet_1_7_2   205334 25424  250 1055   370 86249 2529
20230711_CVD_2546_60s_20x20ptsdet_1_7_3   205811 25568  268 1036   328 86918 2499
20230711_CVD_2546_60s_20x20ptsdet_1_7_4   205284 25646  278  983   319 86067 2491
20230711_CVD_2546_60s_20x20ptsdet_1_7_5   204920 25252  248 1056   368 85488 2391
20230711_CVD_2546_60s_20x20ptsdet_1_7_6   203932 25374  249  958   408 85010 2549
20230711_CVD_2546_60s_20x20ptsdet_1_7_7   203970 25380  264 1069   372 86055 2547
20230711_CVD_2546_60s_20x20ptsdet_1_7_8   200948 25004  215 1051   295 84190 2477
20230711_CVD_2546_60s_20x20ptsdet_1_7_9   200280 25071  257 1093   389 84967 2455
20230711_CVD_2546_60s_20x20ptsdet_1_8_0   200248 25205  247 1049   381 85157 2539
20230711_CVD_2546_60s_20x20ptsdet_1_8_1   200171 24890  245 1008   337 83667 2465
20230711_CVD_2546_60s_20x20ptsdet_1_8_10  200885 24710  237  976   322 85250 2506
20230711_CVD_2546_60s_20x20ptsdet_1_8_11  205380 25566  276  936   355 86325 2486
20230711_CVD_2546_60s_20x20ptsdet_1_8_12  202075 25452  256 1000   402 85494 2550
20230711_CVD_2546_60s_20x20ptsdet_1_8_13  203162 25025  240 1015   414 86129 2529
20230711_CVD_2546_60s_20x20ptsdet_1_8_14  205418 25392  225  983   311 86580 2616
20230711_CVD_2546_60s_20x20ptsdet_1_8_15  205377 25730  264  992   350 85496 2671
20230711_CVD_2546_60s_20x20ptsdet_1_8_16  205507 25471  230  965   278 86317 2618
20230711_CVD_2546_60s_20x20ptsdet_1_8_17  206269 25508  244  969   292 85684 2533
20230711_CVD_2546_60s_20x20ptsdet_1_8_18  206349 25770  252 1040   424 87008 2533
20230711_CVD_2546_60s_20x20ptsdet_1_8_19  205425 25624  271 1047   427 86751 2508
20230711_CVD_2546_60s_20x20ptsdet_1_8_2   199401 25136  245  943   361 83683 2564
20230711_CVD_2546_60s_20x20ptsdet_1_8_3   204073 25310  252  967   350 85481 2457
20230711_CVD_2546_60s_20x20ptsdet_1_8_4   202662 25167  253  930   385 84622 2437
20230711_CVD_2546_60s_20x20ptsdet_1_8_5   202057 24971  254  943   277 84189 2417
20230711_CVD_2546_60s_20x20ptsdet_1_8_6   204234 25488  261 1033   365 86344 2429
20230711_CVD_2546_60s_20x20ptsdet_1_8_7   200615 25327  285 1037   373 83907 2519
20230711_CVD_2546_60s_20x20ptsdet_1_8_8   200582 25144  255 1027   364 83617 2410
20230711_CVD_2546_60s_20x20ptsdet_1_8_9   200498 24906  239  957   247 84247 2455
20230711_CVD_2546_60s_20x20ptsdet_1_9_0   206130 25522  287 1081   397 86197 2598
20230711_CVD_2546_60s_20x20ptsdet_1_9_1   205720 25719  233 1000   440 87027 2453
20230711_CVD_2546_60s_20x20ptsdet_1_9_10  206237 25694  240  945   387 86935 2516
20230711_CVD_2546_60s_20x20ptsdet_1_9_11  206598 25701  278  968   356 86855 2615
20230711_CVD_2546_60s_20x20ptsdet_1_9_12  205004 25221  283  953   329 85643 2490
20230711_CVD_2546_60s_20x20ptsdet_1_9_13  205746 25500  265 1108   349 87017 2623
20230711_CVD_2546_60s_20x20ptsdet_1_9_14  205351 25338  253 1008   348 86890 2609
20230711_CVD_2546_60s_20x20ptsdet_1_9_15  206217 25710  246 1055   394 86464 2642
20230711_CVD_2546_60s_20x20ptsdet_1_9_16  206446 25878  253  996   444 86501 2630
20230711_CVD_2546_60s_20x20ptsdet_1_9_17  204571 25699  272 1058   478 86578 2559
20230711_CVD_2546_60s_20x20ptsdet_1_9_18  203917 25403  247  938   359 85310 2565
20230711_CVD_2546_60s_20x20ptsdet_1_9_19  202919 25260  274 1064   381 85642 2533
20230711_CVD_2546_60s_20x20ptsdet_1_9_2   206392 25624  274 1048   347 86541 2390
20230711_CVD_2546_60s_20x20ptsdet_1_9_3   206830 25795  287 1029   531 86478 2426
20230711_CVD_2546_60s_20x20ptsdet_1_9_4   206653 25708  256  959   384 86794 2516
20230711_CVD_2546_60s_20x20ptsdet_1_9_5   204562 25556  250 1044   280 86470 2546
20230711_CVD_2546_60s_20x20ptsdet_1_9_6   206600 25766  267  987   443 86582 2536
20230711_CVD_2546_60s_20x20ptsdet_1_9_7   206023 25722  285 1074   536 86987 2478
20230711_CVD_2546_60s_20x20ptsdet_1_9_8   206438 25617  269 1040   399 86562 2636
20230711_CVD_2546_60s_20x20ptsdet_1_9_9   206146 25794  264 1057   354 86947 2599
20230711_CVD_2546_60s_20x20ptsdet_2_0_0   209117 25608  258 1102   340 87208 2434
20230711_CVD_2546_60s_20x20ptsdet_2_0_1   209586 25399  247 1058   306 87682 2320
20230711_CVD_2546_60s_20x20ptsdet_2_0_10  208869 25633  321 1092   403 87266 2417
20230711_CVD_2546_60s_20x20ptsdet_2_0_11  208735 25496  259 1026   392 86636 2296
20230711_CVD_2546_60s_20x20ptsdet_2_0_12  207474 25273  244  975   213 86105 2407
20230711_CVD_2546_60s_20x20ptsdet_2_0_13  207189 25456  254  979   360 86612 2265
20230711_CVD_2546_60s_20x20ptsdet_2_0_14  207795 25242  240 1177   465 86492 2420
20230711_CVD_2546_60s_20x20ptsdet_2_0_15  209272 25665  241 1084   309 86231 2360
20230711_CVD_2546_60s_20x20ptsdet_2_0_16  209349 25659  227 1061   371 87359 2295
20230711_CVD_2546_60s_20x20ptsdet_2_0_17  209054 25628  252 1113   288 87395 2359
20230711_CVD_2546_60s_20x20ptsdet_2_0_18  209137 25365  234 1064   303 86321 2462
20230711_CVD_2546_60s_20x20ptsdet_2_0_19  210211 25649  260 1093   368 86978 2432
20230711_CVD_2546_60s_20x20ptsdet_2_0_2   209059 25965  256 1102   374 87514 2487
20230711_CVD_2546_60s_20x20ptsdet_2_0_3   208699 25637  265 1004   340 87266 2426
20230711_CVD_2546_60s_20x20ptsdet_2_0_4   208931 25739  272 1134   390 87229 2412
20230711_CVD_2546_60s_20x20ptsdet_2_0_5   209807 25648  247 1058   434 87577 2463
20230711_CVD_2546_60s_20x20ptsdet_2_0_6   210226 25760  254 1051   401 87502 2357
20230711_CVD_2546_60s_20x20ptsdet_2_0_7   210722 25968  245 1076   219 87520 2418
20230711_CVD_2546_60s_20x20ptsdet_2_0_8   210888 25871  255 1136   397 87537 2396
20230711_CVD_2546_60s_20x20ptsdet_2_0_9   210621 25807  231 1196   413 87946 2445
20230711_CVD_2546_60s_20x20ptsdet_2_10_0  207459 25027  280 1014   433 86178 2471
20230711_CVD_2546_60s_20x20ptsdet_2_10_1  207683 25039  246 1032   410 85948 2435
20230711_CVD_2546_60s_20x20ptsdet_2_10_10 207311 24754  229 1046   327 86379 2389
20230711_CVD_2546_60s_20x20ptsdet_2_10_11 208790 25091  259 1016   441 86254 2485
20230711_CVD_2546_60s_20x20ptsdet_2_10_12 208542 25287  295  985   284 86623 2344
20230711_CVD_2546_60s_20x20ptsdet_2_10_13 206177 25060  242 1075   475 86102 2384
20230711_CVD_2546_60s_20x20ptsdet_2_10_14 206724 24837  238 1039   250 86222 2486
20230711_CVD_2546_60s_20x20ptsdet_2_10_15 206361 25190  251  997   393 85961 2465
20230711_CVD_2546_60s_20x20ptsdet_2_10_16 206856 25185  282 1028   276 85298 2377
20230711_CVD_2546_60s_20x20ptsdet_2_10_17 207110 25030  265 1094   359 86294 2266
20230711_CVD_2546_60s_20x20ptsdet_2_10_18 207748 25079  239 1058   301 86289 2319
20230711_CVD_2546_60s_20x20ptsdet_2_10_19 206956 24910  262  940   409 86088 2250
20230711_CVD_2546_60s_20x20ptsdet_2_10_2  206719 25137  254 1065   322 86236 2247
20230711_CVD_2546_60s_20x20ptsdet_2_10_3  207419 25099  251 1033   318 86193 2360
20230711_CVD_2546_60s_20x20ptsdet_2_10_4  206540 25115  263 1035   336 85840 2415
20230711_CVD_2546_60s_20x20ptsdet_2_10_5  204681 24859  267  970   169 85465 2404
20230711_CVD_2546_60s_20x20ptsdet_2_10_6  205007 25048  254  971   276 85585 2357
20230711_CVD_2546_60s_20x20ptsdet_2_10_7  207503 25180  282  978   328 86045 2303
20230711_CVD_2546_60s_20x20ptsdet_2_10_8  207646 25332  220 1075   427 86046 2323
20230711_CVD_2546_60s_20x20ptsdet_2_10_9  206844 25195  306 1031   415 86164 2453
20230711_CVD_2546_60s_20x20ptsdet_2_11_0  206921 25217  256 1098   287 86180 2483
20230711_CVD_2546_60s_20x20ptsdet_2_11_1  207671 25185  253 1026   475 85795 2420
20230711_CVD_2546_60s_20x20ptsdet_2_11_10 209433 25507  252 1072   278 86977 2486
20230711_CVD_2546_60s_20x20ptsdet_2_11_11 210039 25257  266 1071   374 87131 2501
20230711_CVD_2546_60s_20x20ptsdet_2_11_12 209570 25280  251  991   267 87060 2494
20230711_CVD_2546_60s_20x20ptsdet_2_11_13 208843 25581  235 1049   330 87296 2378
20230711_CVD_2546_60s_20x20ptsdet_2_11_14 208875 25143  245 1017   338 86992 2455
20230711_CVD_2546_60s_20x20ptsdet_2_11_15 208954 25160  243 1077   273 86969 2418
20230711_CVD_2546_60s_20x20ptsdet_2_11_16 209067 25093  266 1095   361 86885 2352
20230711_CVD_2546_60s_20x20ptsdet_2_11_17 208722 25230  226 1001   238 87489 2513
20230711_CVD_2546_60s_20x20ptsdet_2_11_18 208887 25459  255 1125   584 86721 2448
20230711_CVD_2546_60s_20x20ptsdet_2_11_19 208522 25376  270 1135   301 86823 2414
20230711_CVD_2546_60s_20x20ptsdet_2_11_2  207409 25040  264 1095   403 85783 2463
20230711_CVD_2546_60s_20x20ptsdet_2_11_3  205170 24917  245  991   401 85885 2461
20230711_CVD_2546_60s_20x20ptsdet_2_11_4  209178 25238  267 1085   400 87296 2490
20230711_CVD_2546_60s_20x20ptsdet_2_11_5  209137 25556  248 1042   255 87487 2477
20230711_CVD_2546_60s_20x20ptsdet_2_11_6  209888 25417  268 1019   492 87424 2446
20230711_CVD_2546_60s_20x20ptsdet_2_11_7  210189 25175  259 1024   262 86748 2555
20230711_CVD_2546_60s_20x20ptsdet_2_11_8  208250 25277  226 1011   305 86563 2371
20230711_CVD_2546_60s_20x20ptsdet_2_11_9  209406 25321  267 1140   351 87215 2387
20230711_CVD_2546_60s_20x20ptsdet_2_12_0  207245 25317  277 1068   395 86274 2351
20230711_CVD_2546_60s_20x20ptsdet_2_12_1  208798 25322  218 1055   467 86926 2464
20230711_CVD_2546_60s_20x20ptsdet_2_12_10 207260 25257  257 1062   321 85932 2337
20230711_CVD_2546_60s_20x20ptsdet_2_12_11 208346 25184  275 1028   287 86812 2452
20230711_CVD_2546_60s_20x20ptsdet_2_12_12 210685 25231  299 1015   355 86970 2462
20230711_CVD_2546_60s_20x20ptsdet_2_12_13 206639 24789  250  985   347 85826 2385
20230711_CVD_2546_60s_20x20ptsdet_2_12_14 208233 25281  258  995   214 85920 2388
20230711_CVD_2546_60s_20x20ptsdet_2_12_15 208410 25063  248  970   267 86290 2508
20230711_CVD_2546_60s_20x20ptsdet_2_12_16 207643 25456  242  988   304 86155 2507
20230711_CVD_2546_60s_20x20ptsdet_2_12_17 206995 25075  270 1066   391 86262 2374
20230711_CVD_2546_60s_20x20ptsdet_2_12_18 207538 25069  267 1052   346 85954 2494
20230711_CVD_2546_60s_20x20ptsdet_2_12_19 207444 25221  248 1110   437 86574 2252
20230711_CVD_2546_60s_20x20ptsdet_2_12_2  208992 25478  245  984   299 86784 2373
20230711_CVD_2546_60s_20x20ptsdet_2_12_3  207116 25318  245  997   337 85525 2395
20230711_CVD_2546_60s_20x20ptsdet_2_12_4  208050 25030  277 1096   335 86568 2468
20230711_CVD_2546_60s_20x20ptsdet_2_12_5  207469 25506  270 1044   474 86824 2397
20230711_CVD_2546_60s_20x20ptsdet_2_12_6  208683 25251  250 1029   359 86495 2357
20230711_CVD_2546_60s_20x20ptsdet_2_12_7  207343 25202  269 1062   220 85879 2274
20230711_CVD_2546_60s_20x20ptsdet_2_12_8  205583 25350  250 1093   343 85688 2387
20230711_CVD_2546_60s_20x20ptsdet_2_12_9  208039 25306  260 1014   324 86644 2387
20230711_CVD_2546_60s_20x20ptsdet_2_13_0  207329 25043  254 1026   250 86436 2380
20230711_CVD_2546_60s_20x20ptsdet_2_13_1  206644 25200  263  973   219 85792 2321
20230711_CVD_2546_60s_20x20ptsdet_2_13_10 209024 25353  262  960   324 87036 2384
20230711_CVD_2546_60s_20x20ptsdet_2_13_11 208732 25503  248 1022   374 86949 2427
20230711_CVD_2546_60s_20x20ptsdet_2_13_12 209130 25493  260  968   274 86586 2473
20230711_CVD_2546_60s_20x20ptsdet_2_13_13 208225 25493  285 1031   277 86405 2315
20230711_CVD_2546_60s_20x20ptsdet_2_13_14 207969 25417  292  899   374 86657 2391
20230711_CVD_2546_60s_20x20ptsdet_2_13_15 208039 25590  280  994   257 85465 2407
20230711_CVD_2546_60s_20x20ptsdet_2_13_16 208787 25523  256 1070   370 86789 2451
20230711_CVD_2546_60s_20x20ptsdet_2_13_17 208375 25175  269 1008   219 86346 2326
20230711_CVD_2546_60s_20x20ptsdet_2_13_18 209209 25147  253 1076   338 86677 2280
20230711_CVD_2546_60s_20x20ptsdet_2_13_19 209843 25504  262 1103   471 87089 2389
20230711_CVD_2546_60s_20x20ptsdet_2_13_2  210504 25755  252 1005   332 87792 2431
20230711_CVD_2546_60s_20x20ptsdet_2_13_3  211126 25527  266  996   400 87049 2338
20230711_CVD_2546_60s_20x20ptsdet_2_13_4  209727 25498  284 1081   456 87761 2338
20230711_CVD_2546_60s_20x20ptsdet_2_13_5  211371 25634  290  994   249 87038 2320
20230711_CVD_2546_60s_20x20ptsdet_2_13_6  209909 25663  261 1003   362 87187 2446
20230711_CVD_2546_60s_20x20ptsdet_2_13_7  209695 25291  231 1036   301 87061 2336
20230711_CVD_2546_60s_20x20ptsdet_2_13_8  208829 25466  282 1024   369 86892 2319
20230711_CVD_2546_60s_20x20ptsdet_2_13_9  208639 25366  268 1044   349 86559 2306
20230711_CVD_2546_60s_20x20ptsdet_2_14_0  209360 24872  240 1003   287 86506 2454
20230711_CVD_2546_60s_20x20ptsdet_2_14_1  210242 25101  250 1041   347 87338 2339
20230711_CVD_2546_60s_20x20ptsdet_2_14_10 207438 25261  261 1131   425 85927 2447
20230711_CVD_2546_60s_20x20ptsdet_2_14_11 207627 25262  253 1171   550 86346 2327
20230711_CVD_2546_60s_20x20ptsdet_2_14_12 207605 25000  275 1061   281 86858 2351
20230711_CVD_2546_60s_20x20ptsdet_2_14_13 206984 25055  245  981   314 85538 2431
20230711_CVD_2546_60s_20x20ptsdet_2_14_14 208107 25399  257 1006   318 86264 2319
20230711_CVD_2546_60s_20x20ptsdet_2_14_15 206916 25225  310 1005   354 85741 2447
20230711_CVD_2546_60s_20x20ptsdet_2_14_16 207667 25216  263 1044   234 86385 2412
20230711_CVD_2546_60s_20x20ptsdet_2_14_17 206357 25095  251  961   277 85749 2339
20230711_CVD_2546_60s_20x20ptsdet_2_14_18 207046 25091  249 1171   438 86276 2353
20230711_CVD_2546_60s_20x20ptsdet_2_14_19 206028 24958  286 1056   301 86013 2375
20230711_CVD_2546_60s_20x20ptsdet_2_14_2  208828 25385  266  978   233 86310 2454
20230711_CVD_2546_60s_20x20ptsdet_2_14_3  207894 24925  256 1132   482 86433 2502
20230711_CVD_2546_60s_20x20ptsdet_2_14_4  207556 25143  286 1042   337 85834 2368
20230711_CVD_2546_60s_20x20ptsdet_2_14_5  207275 24906  274 1065   275 86552 2453
20230711_CVD_2546_60s_20x20ptsdet_2_14_6  208031 25336  254 1032   298 86152 2477
20230711_CVD_2546_60s_20x20ptsdet_2_14_7  207921 25092  265 1097   335 86517 2346
20230711_CVD_2546_60s_20x20ptsdet_2_14_8  205134 24771  261 1122   331 85221 2337
20230711_CVD_2546_60s_20x20ptsdet_2_14_9  207422 25071  280 1062   293 85724 2252
20230711_CVD_2546_60s_20x20ptsdet_2_15_0  206412 24700  271 1135   400 85278 2376
20230711_CVD_2546_60s_20x20ptsdet_2_15_1  206266 25020  254 1009   280 85616 2358
20230711_CVD_2546_60s_20x20ptsdet_2_15_10 206588 25159  246 1108   371 85935 2350
20230711_CVD_2546_60s_20x20ptsdet_2_15_11 209482 25158  262 1010   345 86805 2350
20230711_CVD_2546_60s_20x20ptsdet_2_15_12 208352 25361  258 1044   325 86411 2414
20230711_CVD_2546_60s_20x20ptsdet_2_15_13 206105 24864  234 1105   288 85467 2394
20230711_CVD_2546_60s_20x20ptsdet_2_15_14 204952 25012  250  985   322 85341 2463
20230711_CVD_2546_60s_20x20ptsdet_2_15_15 203917 24655  268 1069   332 84847 2290
20230711_CVD_2546_60s_20x20ptsdet_2_15_16 205555 24972  274 1038   317 85018 2461
20230711_CVD_2546_60s_20x20ptsdet_2_15_17 206319 25136  265  962   250 85646 2302
20230711_CVD_2546_60s_20x20ptsdet_2_15_18 206395 24826  260 1045   421 86203 2253
20230711_CVD_2546_60s_20x20ptsdet_2_15_19 205471 24935  270 1087   354 86008 2470
20230711_CVD_2546_60s_20x20ptsdet_2_15_2  208246 25246  243 1068   270 86141 2429
20230711_CVD_2546_60s_20x20ptsdet_2_15_3  208473 25227  247 1062   455 86448 2284
20230711_CVD_2546_60s_20x20ptsdet_2_15_4  208177 24779  260 1032   274 86653 2369
20230711_CVD_2546_60s_20x20ptsdet_2_15_5  208120 25053  295 1067   340 85648 2345
20230711_CVD_2546_60s_20x20ptsdet_2_15_6  208531 24984  276 1049   360 86404 2410
20230711_CVD_2546_60s_20x20ptsdet_2_15_7  208911 24777  281 1062   253 86542 2395
20230711_CVD_2546_60s_20x20ptsdet_2_15_8  208073 25169  293  996   338 86912 2457
20230711_CVD_2546_60s_20x20ptsdet_2_15_9  207719 24979  265 1077   400 86623 2316
20230711_CVD_2546_60s_20x20ptsdet_2_16_0  207579 25175  262 1007   255 86460 2347
20230711_CVD_2546_60s_20x20ptsdet_2_16_1  208400 25004  257 1185   442 86344 2340
20230711_CVD_2546_60s_20x20ptsdet_2_16_10 210203 25224  255 1026   261 87038 2399
20230711_CVD_2546_60s_20x20ptsdet_2_16_11 209477 25280  285  979   316 87473 2442
20230711_CVD_2546_60s_20x20ptsdet_2_16_12 210587 25692  281 1056   288 87111 2515
20230711_CVD_2546_60s_20x20ptsdet_2_16_13 208599 25492  264  955   317 86799 2489
20230711_CVD_2546_60s_20x20ptsdet_2_16_14 209771 25289  294 1015   271 86772 2428
20230711_CVD_2546_60s_20x20ptsdet_2_16_15 208918 25819  259  975   341 86678 2457
20230711_CVD_2546_60s_20x20ptsdet_2_16_16 208638 25259  248  999   417 86970 2457
20230711_CVD_2546_60s_20x20ptsdet_2_16_17 209840 25351  283 1085   482 86445 2472
20230711_CVD_2546_60s_20x20ptsdet_2_16_18 207384 25373  274 1010   328 86907 2342
20230711_CVD_2546_60s_20x20ptsdet_2_16_19 208476 25081  277  987   211 86870 2450
20230711_CVD_2546_60s_20x20ptsdet_2_16_2  207951 25300  261 1073   482 86677 2486
20230711_CVD_2546_60s_20x20ptsdet_2_16_3  207789 24778  236 1042   420 86151 2374
20230711_CVD_2546_60s_20x20ptsdet_2_16_4  207386 25170  295 1081   426 86096 2395
20230711_CVD_2546_60s_20x20ptsdet_2_16_5  207589 25119  255 1073   382 86365 2364
20230711_CVD_2546_60s_20x20ptsdet_2_16_6  208090 25565  270 1018   229 86381 2419
20230711_CVD_2546_60s_20x20ptsdet_2_16_7  208714 25301  272 1022   285 87133 2371
20230711_CVD_2546_60s_20x20ptsdet_2_16_8  209417 25409  246 1017   343 86983 2529
20230711_CVD_2546_60s_20x20ptsdet_2_16_9  209232 25192  325 1167   406 87128 2376
20230711_CVD_2546_60s_20x20ptsdet_2_17_0  207800 25435  237 1145   360 86550 2467
20230711_CVD_2546_60s_20x20ptsdet_2_17_1  208992 25372  242 1170   332 86400 2401
20230711_CVD_2546_60s_20x20ptsdet_2_17_10 210112 25290  265 1100   352 87291 2276
20230711_CVD_2546_60s_20x20ptsdet_2_17_11 211484 25318  260 1033   242 87264 2504
20230711_CVD_2546_60s_20x20ptsdet_2_17_12 209927 25574  261 1047   351 86877 2439
20230711_CVD_2546_60s_20x20ptsdet_2_17_13 209664 25541  259 1031   297 87659 2414
20230711_CVD_2546_60s_20x20ptsdet_2_17_14 207223 25064  271 1100   193 85648 2397
20230711_CVD_2546_60s_20x20ptsdet_2_17_15 208235 25285  297 1047   385 86020 2246
20230711_CVD_2546_60s_20x20ptsdet_2_17_16 207543 25081  299 1000   355 86270 2352
20230711_CVD_2546_60s_20x20ptsdet_2_17_17 208613 25409  288 1063   331 86660 2354
20230711_CVD_2546_60s_20x20ptsdet_2_17_18 209128 25316  295 1002   259 86366 2393
20230711_CVD_2546_60s_20x20ptsdet_2_17_19 206839 24991  259 1126   434 86079 2275
20230711_CVD_2546_60s_20x20ptsdet_2_17_2  208957 25275  279 1089   458 86973 2446
20230711_CVD_2546_60s_20x20ptsdet_2_17_3  208521 25202  272 1104   322 87007 2416
20230711_CVD_2546_60s_20x20ptsdet_2_17_4  209223 25430  241 1017   279 86623 2440
20230711_CVD_2546_60s_20x20ptsdet_2_17_5  208238 25405  273  993   258 86330 2251
20230711_CVD_2546_60s_20x20ptsdet_2_17_6  209393 25340  247 1092   378 86785 2487
20230711_CVD_2546_60s_20x20ptsdet_2_17_7  208667 25366  266 1083   431 86945 2447
20230711_CVD_2546_60s_20x20ptsdet_2_17_8  209240 25305  266 1067   372 86186 2312
20230711_CVD_2546_60s_20x20ptsdet_2_17_9  209038 25202  261 1072   372 87033 2335
20230711_CVD_2546_60s_20x20ptsdet_2_18_0  208426 25346  257 1092   414 86695 2443
20230711_CVD_2546_60s_20x20ptsdet_2_18_1  210570 25444  298  982   255 86842 2379
20230711_CVD_2546_60s_20x20ptsdet_2_18_10 209325 25262  264 1071   390 87479 2423
20230711_CVD_2546_60s_20x20ptsdet_2_18_11 210154 25586  259 1047   357 87110 2412
20230711_CVD_2546_60s_20x20ptsdet_2_18_12 208732 25136  279 1119   329 86749 2363
20230711_CVD_2546_60s_20x20ptsdet_2_18_13 209276 25275  297  985   286 86811 2449
20230711_CVD_2546_60s_20x20ptsdet_2_18_14 208441 25543  214 1168   268 86611 2463
20230711_CVD_2546_60s_20x20ptsdet_2_18_15 207426 25068  305 1049   284 86127 2259
20230711_CVD_2546_60s_20x20ptsdet_2_18_16 209940 25533  246  918   320 87336 2442
20230711_CVD_2546_60s_20x20ptsdet_2_18_17 210152 25552  254 1023   381 87606 2461
20230711_CVD_2546_60s_20x20ptsdet_2_18_18 208658 25393  262 1141   494 87135 2364
20230711_CVD_2546_60s_20x20ptsdet_2_18_19 207922 25081  278 1071   379 86367 2271
20230711_CVD_2546_60s_20x20ptsdet_2_18_2  209954 25258  251  964   240 86832 2282
20230711_CVD_2546_60s_20x20ptsdet_2_18_3  209729 25353  259 1079   341 87039 2544
20230711_CVD_2546_60s_20x20ptsdet_2_18_4  211039 25456  242 1099   470 86816 2518
20230711_CVD_2546_60s_20x20ptsdet_2_18_5  209913 25291  272 1073   322 87636 2390
20230711_CVD_2546_60s_20x20ptsdet_2_18_6  209858 25589  266 1099   394 86997 2326
20230711_CVD_2546_60s_20x20ptsdet_2_18_7  206794 25261  262 1123   305 85871 2367
20230711_CVD_2546_60s_20x20ptsdet_2_18_8  207963 24970  247 1085   332 86309 2419
20230711_CVD_2546_60s_20x20ptsdet_2_18_9  209175 25288  270 1112   364 87376 2290
20230711_CVD_2546_60s_20x20ptsdet_2_19_0  207835 24986  292 1063   400 86333 2286
20230711_CVD_2546_60s_20x20ptsdet_2_19_1  210282 25764  249 1120   479 86840 2327
20230711_CVD_2546_60s_20x20ptsdet_2_19_10 208673 24971  255 1172   484 87262 2399
20230711_CVD_2546_60s_20x20ptsdet_2_19_11 207880 25092  255 1064   337 86781 2380
20230711_CVD_2546_60s_20x20ptsdet_2_19_12 208863 25179  266 1045   325 86709 2480
20230711_CVD_2546_60s_20x20ptsdet_2_19_13 207992 25249  299  990   401 86743 2482
20230711_CVD_2546_60s_20x20ptsdet_2_19_14 208272 25419  265 1056   403 86809 2308
20230711_CVD_2546_60s_20x20ptsdet_2_19_15 207813 25243  280 1052   378 86839 2404
20230711_CVD_2546_60s_20x20ptsdet_2_19_16 207699 25446  262 1073   310 86683 2360
20230711_CVD_2546_60s_20x20ptsdet_2_19_17 207313 25211  253 1026   481 85974 2445
20230711_CVD_2546_60s_20x20ptsdet_2_19_18 207637 25372  284 1080   506 86468 2416
20230711_CVD_2546_60s_20x20ptsdet_2_19_19 207502 25096  260  971   358 85770 2292
20230711_CVD_2546_60s_20x20ptsdet_2_19_2  210798 25383  253 1035   450 87860 2439
20230711_CVD_2546_60s_20x20ptsdet_2_19_3  210265 25285  251 1019   341 86992 2443
20230711_CVD_2546_60s_20x20ptsdet_2_19_4  210732 25451  255 1000   379 86754 2331
20230711_CVD_2546_60s_20x20ptsdet_2_19_5  209087 25689  239 1094   323 86798 2299
20230711_CVD_2546_60s_20x20ptsdet_2_19_6  209215 25343  267 1094   487 87079 2473
20230711_CVD_2546_60s_20x20ptsdet_2_19_7  209700 25402  277  979   253 86770 2501
20230711_CVD_2546_60s_20x20ptsdet_2_19_8  208684 25450  251 1015   378 87173 2460
20230711_CVD_2546_60s_20x20ptsdet_2_19_9  208537 24946  269  987   294 86326 2199
20230711_CVD_2546_60s_20x20ptsdet_2_1_0   210027 25785  280 1017   316 86159 2301
20230711_CVD_2546_60s_20x20ptsdet_2_1_1   206822 25416  240 1013   442 85537 2384
20230711_CVD_2546_60s_20x20ptsdet_2_1_10  206581 25059  265 1029   378 85728 2368
20230711_CVD_2546_60s_20x20ptsdet_2_1_11  206508 25327  225 1050   344 85472 2380
20230711_CVD_2546_60s_20x20ptsdet_2_1_12  205731 25269  236 1060   405 85171 2320
20230711_CVD_2546_60s_20x20ptsdet_2_1_13  206601 25119  221 1081   385 85069 2277
20230711_CVD_2546_60s_20x20ptsdet_2_1_14  206587 25269  244 1107   370 85335 2388
20230711_CVD_2546_60s_20x20ptsdet_2_1_15  206381 25120  239 1029   274 85740 2366
20230711_CVD_2546_60s_20x20ptsdet_2_1_16  206265 24761  259 1059   482 85361 2298
20230711_CVD_2546_60s_20x20ptsdet_2_1_17  204486 24786  265 1012   431 84790 2487
20230711_CVD_2546_60s_20x20ptsdet_2_1_18  205199 24826  261 1059   287 84989 2126
20230711_CVD_2546_60s_20x20ptsdet_2_1_19  203180 24721  236  988   298 84794 2310
20230711_CVD_2546_60s_20x20ptsdet_2_1_2   207404 25531  265 1141   488 85782 2432
20230711_CVD_2546_60s_20x20ptsdet_2_1_3   208551 25577  248 1022   425 86104 2443
20230711_CVD_2546_60s_20x20ptsdet_2_1_4   208437 25375  274 1164   425 86500 2449
20230711_CVD_2546_60s_20x20ptsdet_2_1_5   208326 25508  225 1053   455 86332 2358
20230711_CVD_2546_60s_20x20ptsdet_2_1_6   208289 25486  284 1070   328 86181 2437
20230711_CVD_2546_60s_20x20ptsdet_2_1_7   207658 25224  238 1124   303 85435 2352
20230711_CVD_2546_60s_20x20ptsdet_2_1_8   208620 25479  264 1034   333 86174 2390
20230711_CVD_2546_60s_20x20ptsdet_2_1_9   208221 25245  249 1033   227 86100 2305
20230711_CVD_2546_60s_20x20ptsdet_2_2_0   207000 25385  234  945   370 85507 2316
20230711_CVD_2546_60s_20x20ptsdet_2_2_1   207553 25171  248 1106   420 85796 2257
20230711_CVD_2546_60s_20x20ptsdet_2_2_10  210548 25379  255 1131   513 86693 2288
20230711_CVD_2546_60s_20x20ptsdet_2_2_11  210777 25862  263  992   331 87784 2446
20230711_CVD_2546_60s_20x20ptsdet_2_2_12  211686 26010  274 1100   275 88434 2516
20230711_CVD_2546_60s_20x20ptsdet_2_2_13  211959 25782  267 1089   386 88018 2424
20230711_CVD_2546_60s_20x20ptsdet_2_2_14  211718 25782  290 1064   281 88024 2444
20230711_CVD_2546_60s_20x20ptsdet_2_2_15  211489 25683  260 1144   335 88171 2379
20230711_CVD_2546_60s_20x20ptsdet_2_2_16  211865 25913  227 1057   498 88402 2502
20230711_CVD_2546_60s_20x20ptsdet_2_2_17  211244 25729  262 1113   277 87367 2543
20230711_CVD_2546_60s_20x20ptsdet_2_2_18  210422 25655  243 1083   327 87976 2252
20230711_CVD_2546_60s_20x20ptsdet_2_2_19  210764 25583  267 1129   344 87066 2393
20230711_CVD_2546_60s_20x20ptsdet_2_2_2   207219 25211  227 1006   323 85326 2499
20230711_CVD_2546_60s_20x20ptsdet_2_2_3   207361 24841  226 1111   367 85547 2314
20230711_CVD_2546_60s_20x20ptsdet_2_2_4   207566 25000  246 1037   343 85474 2302
20230711_CVD_2546_60s_20x20ptsdet_2_2_5   208369 25223  248 1097   319 86182 2351
20230711_CVD_2546_60s_20x20ptsdet_2_2_6   206637 25305  230  995   276 85710 2402
20230711_CVD_2546_60s_20x20ptsdet_2_2_7   205851 24901  221 1006   274 85265 2387
20230711_CVD_2546_60s_20x20ptsdet_2_2_8   206713 25364  236 1057   271 84876 2346
20230711_CVD_2546_60s_20x20ptsdet_2_2_9   207381 25130  246 1077   339 85572 2332
20230711_CVD_2546_60s_20x20ptsdet_2_3_0   210680 25406  259 1118   338 87349 2519
20230711_CVD_2546_60s_20x20ptsdet_2_3_1   210725 25677  277 1093   501 88227 2430
20230711_CVD_2546_60s_20x20ptsdet_2_3_10  210537 25654  269  997   237 87286 2279
20230711_CVD_2546_60s_20x20ptsdet_2_3_11  209990 25638  268 1010   338 87406 2208
20230711_CVD_2546_60s_20x20ptsdet_2_3_12  210280 25640  273 1005   335 86930 2435
20230711_CVD_2546_60s_20x20ptsdet_2_3_13  209159 25705  216 1009   336 87627 2532
20230711_CVD_2546_60s_20x20ptsdet_2_3_14  210688 25329  259 1154   498 87988 2466
20230711_CVD_2546_60s_20x20ptsdet_2_3_15  209819 25191  243 1073   277 87864 2424
20230711_CVD_2546_60s_20x20ptsdet_2_3_16  210496 25487  245 1045   302 87816 2392
20230711_CVD_2546_60s_20x20ptsdet_2_3_17  211125 25964  250 1042   359 88074 2387
20230711_CVD_2546_60s_20x20ptsdet_2_3_18  209237 25602  239  966   323 88351 2407
20230711_CVD_2546_60s_20x20ptsdet_2_3_19  210223 25468  243 1117   388 87668 2422
20230711_CVD_2546_60s_20x20ptsdet_2_3_2   210731 25573  258 1040   330 87479 2432
20230711_CVD_2546_60s_20x20ptsdet_2_3_3   210624 25666  243 1095   324 87918 2451
20230711_CVD_2546_60s_20x20ptsdet_2_3_4   211194 25384  268 1016   354 87843 2449
20230711_CVD_2546_60s_20x20ptsdet_2_3_5   209283 25739  261 1112   330 87963 2542
20230711_CVD_2546_60s_20x20ptsdet_2_3_6   209961 25498  262 1025   327 87250 2443
20230711_CVD_2546_60s_20x20ptsdet_2_3_7   210663 25666  242 1048   468 87359 2319
20230711_CVD_2546_60s_20x20ptsdet_2_3_8   210392 25306  270 1191   472 87122 2426
20230711_CVD_2546_60s_20x20ptsdet_2_3_9   210304 25861  262 1113   322 87835 2415
20230711_CVD_2546_60s_20x20ptsdet_2_4_0   210186 25411  233 1081   366 87557 2317
20230711_CVD_2546_60s_20x20ptsdet_2_4_1   209720 25470  266 1100   366 87153 2333
20230711_CVD_2546_60s_20x20ptsdet_2_4_10  211786 26005  270 1027   262 87678 2527
20230711_CVD_2546_60s_20x20ptsdet_2_4_11  212715 26022  227 1046   334 88377 2387
20230711_CVD_2546_60s_20x20ptsdet_2_4_12  211962 25949  259 1045   316 88356 2360
20230711_CVD_2546_60s_20x20ptsdet_2_4_13  213428 25641  250 1127   296 89035 2430
20230711_CVD_2546_60s_20x20ptsdet_2_4_14  211461 25712  257 1012   292 88993 2426
20230711_CVD_2546_60s_20x20ptsdet_2_4_15  211211 25836  276  963   229 87987 2431
20230711_CVD_2546_60s_20x20ptsdet_2_4_16  208685 25270  254 1082   324 87020 2401
20230711_CVD_2546_60s_20x20ptsdet_2_4_17  209405 25473  247 1109   255 87381 2308
20230711_CVD_2546_60s_20x20ptsdet_2_4_18  207844 25418  251 1147   312 86252 2419
20230711_CVD_2546_60s_20x20ptsdet_2_4_19  209258 25234  248 1059   282 87048 2482
20230711_CVD_2546_60s_20x20ptsdet_2_4_2   209755 25423  249  993   368 87638 2651
20230711_CVD_2546_60s_20x20ptsdet_2_4_3   209903 25578  281 1027   236 87265 2402
20230711_CVD_2546_60s_20x20ptsdet_2_4_4   209774 25455  228  981   252 87217 2338
20230711_CVD_2546_60s_20x20ptsdet_2_4_5   208397 25128  257 1145   445 86124 2291
20230711_CVD_2546_60s_20x20ptsdet_2_4_6   207586 25132  260 1103   323 86305 2418
20230711_CVD_2546_60s_20x20ptsdet_2_4_7   210523 25805  204 1029   289 87656 2382
20230711_CVD_2546_60s_20x20ptsdet_2_4_8   212823 25903  254 1064   368 88917 2368
20230711_CVD_2546_60s_20x20ptsdet_2_4_9   211810 25466  243 1022   371 88353 2460
20230711_CVD_2546_60s_20x20ptsdet_2_5_0   209694 25250  258 1092   375 87435 2332
20230711_CVD_2546_60s_20x20ptsdet_2_5_1   207005 25322  233 1041   195 85992 2431
20230711_CVD_2546_60s_20x20ptsdet_2_5_10  209711 25405  255 1060   290 87859 2446
20230711_CVD_2546_60s_20x20ptsdet_2_5_11  210501 25474  263 1097   705 87654 2386
20230711_CVD_2546_60s_20x20ptsdet_2_5_12  210584 25712  267  953   190 87713 2355
20230711_CVD_2546_60s_20x20ptsdet_2_5_13  210357 25716  259 1120   332 87512 2402
20230711_CVD_2546_60s_20x20ptsdet_2_5_14  211812 25962  236 1023   303 87846 2429
20230711_CVD_2546_60s_20x20ptsdet_2_5_15  211223 25714  281 1055   283 87400 2570
20230711_CVD_2546_60s_20x20ptsdet_2_5_16  209520 25265  257  938   261 87519 2333
20230711_CVD_2546_60s_20x20ptsdet_2_5_17  210255 25643  254  989   285 87618 2308
20230711_CVD_2546_60s_20x20ptsdet_2_5_18  209354 25448  245 1044   346 87279 2371
20230711_CVD_2546_60s_20x20ptsdet_2_5_19  209086 25604  208  970   199 86609 2395
20230711_CVD_2546_60s_20x20ptsdet_2_5_2   206238 24936  212 1162   417 85898 2508
20230711_CVD_2546_60s_20x20ptsdet_2_5_3   206742 25147  279  999   250 85952 2325
20230711_CVD_2546_60s_20x20ptsdet_2_5_4   206696 25613  257 1022   410 86886 2487
20230711_CVD_2546_60s_20x20ptsdet_2_5_5   206214 25311  278  991   319 85802 2418
20230711_CVD_2546_60s_20x20ptsdet_2_5_6   206408 25013  270 1118   336 85733 2317
20230711_CVD_2546_60s_20x20ptsdet_2_5_7   208788 25011  257 1037   275 86799 2501
20230711_CVD_2546_60s_20x20ptsdet_2_5_8   210812 25715  266 1054   410 88377 2411
20230711_CVD_2546_60s_20x20ptsdet_2_5_9   210805 25925  270 1013   292 87580 2500
20230711_CVD_2546_60s_20x20ptsdet_2_6_0   209615 25314  227 1098   400 86672 2467
20230711_CVD_2546_60s_20x20ptsdet_2_6_1   209018 25090  270 1028   321 86685 2405
20230711_CVD_2546_60s_20x20ptsdet_2_6_10  209736 25252  264 1091   375 86956 2379
20230711_CVD_2546_60s_20x20ptsdet_2_6_11  208875 25604  240 1066   314 87586 2395
20230711_CVD_2546_60s_20x20ptsdet_2_6_12  206007 25196  264 1084   322 86173 2350
20230711_CVD_2546_60s_20x20ptsdet_2_6_13  207213 25324  257 1065   458 85569 2352
20230711_CVD_2546_60s_20x20ptsdet_2_6_14  206776 25095  251 1059   391 85890 2371
20230711_CVD_2546_60s_20x20ptsdet_2_6_15  209102 25634  239 1036   500 87223 2293
20230711_CVD_2546_60s_20x20ptsdet_2_6_16  209909 25409  270 1083   278 87157 2467
20230711_CVD_2546_60s_20x20ptsdet_2_6_17  207872 25383  256 1004   237 87069 2474
20230711_CVD_2546_60s_20x20ptsdet_2_6_18  206436 25109  246  959   266 86339 2366
20230711_CVD_2546_60s_20x20ptsdet_2_6_19  210177 25589  263 1018   309 86837 2472
20230711_CVD_2546_60s_20x20ptsdet_2_6_2   209463 25220  292 1012   255 86983 2470
20230711_CVD_2546_60s_20x20ptsdet_2_6_3   207868 25519  285 1026   380 86459 2406
20230711_CVD_2546_60s_20x20ptsdet_2_6_4   207872 25090  266  982   335 86877 2400
20230711_CVD_2546_60s_20x20ptsdet_2_6_5   207291 25226  258 1086   397 86403 2417
20230711_CVD_2546_60s_20x20ptsdet_2_6_6   210146 25453  260 1145   229 87584 2365
20230711_CVD_2546_60s_20x20ptsdet_2_6_7   209695 25414  222 1074   302 87563 2409
20230711_CVD_2546_60s_20x20ptsdet_2_6_8   207781 25458  251 1043   322 86099 2360
20230711_CVD_2546_60s_20x20ptsdet_2_6_9   208397 25253  243 1119   309 85583 2442
20230711_CVD_2546_60s_20x20ptsdet_2_7_0   210162 25588  224 1100   460 87521 2355
20230711_CVD_2546_60s_20x20ptsdet_2_7_1   210302 25626  261 1161   335 87547 2439
20230711_CVD_2546_60s_20x20ptsdet_2_7_10  205185 24863  280 1062   297 85429 2484
20230711_CVD_2546_60s_20x20ptsdet_2_7_11  204838 24922  250 1055   395 85663 2373
20230711_CVD_2546_60s_20x20ptsdet_2_7_12  205983 24855  249 1032   292 85597 2416
20230711_CVD_2546_60s_20x20ptsdet_2_7_13  205740 25018  267 1023   254 85807 2378
20230711_CVD_2546_60s_20x20ptsdet_2_7_14  205701 25123  280 1099   405 86179 2439
20230711_CVD_2546_60s_20x20ptsdet_2_7_15  205559 24874  267  987   416 85398 2328
20230711_CVD_2546_60s_20x20ptsdet_2_7_16  206432 24856  251 1109   356 85686 2344
20230711_CVD_2546_60s_20x20ptsdet_2_7_17  206025 25085  220 1049   293 85802 2343
20230711_CVD_2546_60s_20x20ptsdet_2_7_18  205652 24892  239  940   299 85513 2384
20230711_CVD_2546_60s_20x20ptsdet_2_7_19  204991 25082  245 1061   293 85167 2290
20230711_CVD_2546_60s_20x20ptsdet_2_7_2   209674 25608  261  991   342 87250 2478
20230711_CVD_2546_60s_20x20ptsdet_2_7_3   210004 25505  252 1166   389 87286 2466
20230711_CVD_2546_60s_20x20ptsdet_2_7_4   210520 25623  273 1094   377 87656 2421
20230711_CVD_2546_60s_20x20ptsdet_2_7_5   208310 25314  254 1016   389 86422 2346
20230711_CVD_2546_60s_20x20ptsdet_2_7_6   209708 25608  238 1012   295 87145 2389
20230711_CVD_2546_60s_20x20ptsdet_2_7_7   206847 24980  241 1115   366 86256 2426
20230711_CVD_2546_60s_20x20ptsdet_2_7_8   205435 25016  292 1082   573 85220 2330
20230711_CVD_2546_60s_20x20ptsdet_2_7_9   205015 24831  281 1189   472 85904 2436
20230711_CVD_2546_60s_20x20ptsdet_2_8_0   204597 24843  261  998   343 85082 2298
20230711_CVD_2546_60s_20x20ptsdet_2_8_1   203852 24878  303 1018   327 84794 2308
20230711_CVD_2546_60s_20x20ptsdet_2_8_10  209429 25541  262  930   330 86893 2433
20230711_CVD_2546_60s_20x20ptsdet_2_8_11  210194 25240  253  976   297 86475 2363
20230711_CVD_2546_60s_20x20ptsdet_2_8_12  208530 25167  237 1020   397 87117 2546
20230711_CVD_2546_60s_20x20ptsdet_2_8_13  208240 25271  248 1084   341 86513 2288
20230711_CVD_2546_60s_20x20ptsdet_2_8_14  210337 25315  257 1041   535 87463 2430
20230711_CVD_2546_60s_20x20ptsdet_2_8_15  209317 25468  271 1141   288 86971 2463
20230711_CVD_2546_60s_20x20ptsdet_2_8_16  209575 25327  263 1017   367 87614 2266
20230711_CVD_2546_60s_20x20ptsdet_2_8_17  210125 25461  260 1039   228 87596 2522
20230711_CVD_2546_60s_20x20ptsdet_2_8_18  210258 25458  307 1098   238 88540 2512
20230711_CVD_2546_60s_20x20ptsdet_2_8_19  211017 25511  255 1040   311 87756 2455
20230711_CVD_2546_60s_20x20ptsdet_2_8_2   204912 24502  272 1089   369 85103 2391
20230711_CVD_2546_60s_20x20ptsdet_2_8_3   209816 25459  289 1146   459 87331 2603
20230711_CVD_2546_60s_20x20ptsdet_2_8_4   209466 25271  237 1048   257 86993 2445
20230711_CVD_2546_60s_20x20ptsdet_2_8_5   204584 24897  262 1018   408 85095 2380
20230711_CVD_2546_60s_20x20ptsdet_2_8_6   204644 25157  220 1085   414 85069 2458
20230711_CVD_2546_60s_20x20ptsdet_2_8_7   205790 24876  245 1090   372 85898 2415
20230711_CVD_2546_60s_20x20ptsdet_2_8_8   205509 25243  271 1174   352 85557 2394
20230711_CVD_2546_60s_20x20ptsdet_2_8_9   205000 24841  234 1040   350 85089 2396
20230711_CVD_2546_60s_20x20ptsdet_2_9_0   210702 25772  263 1035   322 87557 2437
20230711_CVD_2546_60s_20x20ptsdet_2_9_1   210616 25821  249 1018   319 87379 2388
20230711_CVD_2546_60s_20x20ptsdet_2_9_10  210097 25607  232 1021   329 87271 2429
20230711_CVD_2546_60s_20x20ptsdet_2_9_11  209977 25390  241 1036   208 87455 2394
20230711_CVD_2546_60s_20x20ptsdet_2_9_12  209927 25463  238  975   350 87634 2451
20230711_CVD_2546_60s_20x20ptsdet_2_9_13  209781 25106  242  988   324 87333 2364
20230711_CVD_2546_60s_20x20ptsdet_2_9_14  211311 25340  257 1133   279 87798 2392
20230711_CVD_2546_60s_20x20ptsdet_2_9_15  210298 25425  247 1117   368 87634 2312
20230711_CVD_2546_60s_20x20ptsdet_2_9_16  210474 25430  276 1102   324 87958 2433
20230711_CVD_2546_60s_20x20ptsdet_2_9_17  208161 25632  275 1013   247 86740 2280
20230711_CVD_2546_60s_20x20ptsdet_2_9_18  207670 25348  256 1112   355 87105 2398
20230711_CVD_2546_60s_20x20ptsdet_2_9_19  206015 25248  254 1109   493 86954 2375
20230711_CVD_2546_60s_20x20ptsdet_2_9_2   209560 25418  285 1051   432 87691 2338
20230711_CVD_2546_60s_20x20ptsdet_2_9_3   209566 25249  281 1135   389 87660 2428
20230711_CVD_2546_60s_20x20ptsdet_2_9_4   208869 25411  278 1089   311 87410 2323
20230711_CVD_2546_60s_20x20ptsdet_2_9_5   209491 25390  269 1055   357 87264 2391
20230711_CVD_2546_60s_20x20ptsdet_2_9_6   210319 25503  263  978   317 87850 2434
20230711_CVD_2546_60s_20x20ptsdet_2_9_7   211080 25757  267 1003   245 87398 2517
20230711_CVD_2546_60s_20x20ptsdet_2_9_8   210035 25564  242  908   228 87714 2386
20230711_CVD_2546_60s_20x20ptsdet_2_9_9   211021 26044  268  985   306 87744 2502


Mean value:                               206333 25360  259 1034   364 86231 2454
Std. Abw.:                                  2810   274   19   57    73   957   99
Std. Abw. rel. [%]:                         1.36  1.08 7.30 5.51 20.12  1.11 4.02
Conf. interval:                               99    10    1    2     3    34    3
