Net counts

Spectrum                                      Si     P    Ar   Ni      Zn     Ga   Rh
-------------------------------------------------------------------------------------
20230711_CVD_2546_60s_20x20ptsdet_1_0_0   223248 27977    72  637       0 104522 2408
20230711_CVD_2546_60s_20x20ptsdet_1_0_1   226414 28466   106  597       0 104466 2216
20230711_CVD_2546_60s_20x20ptsdet_1_0_10  224453 28184    85  681       0 104489 2352
20230711_CVD_2546_60s_20x20ptsdet_1_0_11  225314 27783   110  619       0 104806 2347
20230711_CVD_2546_60s_20x20ptsdet_1_0_12  222556 27880   110  705       0 103213 2376
20230711_CVD_2546_60s_20x20ptsdet_1_0_13  223472 27753   129  622       0 103435 2403
20230711_CVD_2546_60s_20x20ptsdet_1_0_14  223981 27929    73  643       0 103634 2284
20230711_CVD_2546_60s_20x20ptsdet_1_0_15  224119 27795    83  682       0 103614 2517
20230711_CVD_2546_60s_20x20ptsdet_1_0_16  225480 28131   110  742       0 104477 2344
20230711_CVD_2546_60s_20x20ptsdet_1_0_17  224029 27821    83  784       0 103432 2346
20230711_CVD_2546_60s_20x20ptsdet_1_0_18  224101 27713    78  689       0 103385 2356
20230711_CVD_2546_60s_20x20ptsdet_1_0_19  225353 28045    36  598       0 103650 2421
20230711_CVD_2546_60s_20x20ptsdet_1_0_2   224723 28105   121  726       0 103898 2389
20230711_CVD_2546_60s_20x20ptsdet_1_0_3   224228 27976    68  550       0 104586 2361
20230711_CVD_2546_60s_20x20ptsdet_1_0_4   224738 27655   117  693       0 104506 2372
20230711_CVD_2546_60s_20x20ptsdet_1_0_5   226778 28289    96  666       0 104949 2414
20230711_CVD_2546_60s_20x20ptsdet_1_0_6   226199 28196    85  624       0 105352 2390
20230711_CVD_2546_60s_20x20ptsdet_1_0_7   226316 27917   122  596       0 105068 2526
20230711_CVD_2546_60s_20x20ptsdet_1_0_8   226737 28240   131  684       0 105602 2346
20230711_CVD_2546_60s_20x20ptsdet_1_0_9   226568 28303    73  673       0 104912 2397
20230711_CVD_2546_60s_20x20ptsdet_1_10_0  223095 27512    73  548       0 104341 2423
20230711_CVD_2546_60s_20x20ptsdet_1_10_1  224354 27596   116  612       0 104605 2493
20230711_CVD_2546_60s_20x20ptsdet_1_10_10 223544 27591    88  710       0 103508 2435
20230711_CVD_2546_60s_20x20ptsdet_1_10_11 224319 27678    99  702       0 103864 2507
20230711_CVD_2546_60s_20x20ptsdet_1_10_12 223795 27461    99  640       0 104195 2517
20230711_CVD_2546_60s_20x20ptsdet_1_10_13 224871 27804   113  637       0 104995 2454
20230711_CVD_2546_60s_20x20ptsdet_1_10_14 222319 27495   148  552       0 103848 2498
20230711_CVD_2546_60s_20x20ptsdet_1_10_15 223331 27528    53  679       0 103066 2416
20230711_CVD_2546_60s_20x20ptsdet_1_10_16 222879 27117   119  638       0 102817 2460
20230711_CVD_2546_60s_20x20ptsdet_1_10_17 223703 27785   115  608       0 103837 2396
20230711_CVD_2546_60s_20x20ptsdet_1_10_18 223975 27816    92  717       0 104348 2333
20230711_CVD_2546_60s_20x20ptsdet_1_10_19 223443 27257   168  687       0 104908 2488
20230711_CVD_2546_60s_20x20ptsdet_1_10_2  223712 27524    60  709       0 104110 2570
20230711_CVD_2546_60s_20x20ptsdet_1_10_3  223253 27691    52  557       0 103734 2562
20230711_CVD_2546_60s_20x20ptsdet_1_10_4  222994 27488    40  675       0 103992 2411
20230711_CVD_2546_60s_20x20ptsdet_1_10_5  223226 27388    60  746       0 104122 2423
20230711_CVD_2546_60s_20x20ptsdet_1_10_6  221131 27198   155  729       0 102481 2393
20230711_CVD_2546_60s_20x20ptsdet_1_10_7  222993 27700   115  701       0 103767 2528
20230711_CVD_2546_60s_20x20ptsdet_1_10_8  223791 27548    55  668       0 104012 2555
20230711_CVD_2546_60s_20x20ptsdet_1_10_9  223216 27727    61  815       0 103662 2353
20230711_CVD_2546_60s_20x20ptsdet_1_11_0  224117 27503    93  689       0 103915 2504
20230711_CVD_2546_60s_20x20ptsdet_1_11_1  223681 27912    85  629       0 104072 2431
20230711_CVD_2546_60s_20x20ptsdet_1_11_10 225699 27732    87  622       0 105095 2565
20230711_CVD_2546_60s_20x20ptsdet_1_11_11 226040 27955   107  703       0 105743 2250
20230711_CVD_2546_60s_20x20ptsdet_1_11_12 227140 28090    88  772       0 105356 2577
20230711_CVD_2546_60s_20x20ptsdet_1_11_13 227252 28076    76  643       0 105685 2424
20230711_CVD_2546_60s_20x20ptsdet_1_11_14 225906 27807   110  724       0 105131 2464
20230711_CVD_2546_60s_20x20ptsdet_1_11_15 227542 28419   155  648       0 106455 2570
20230711_CVD_2546_60s_20x20ptsdet_1_11_16 225206 27841   123  593       0 104454 2412
20230711_CVD_2546_60s_20x20ptsdet_1_11_17 224861 28007    50  651       0 104730 2443
20230711_CVD_2546_60s_20x20ptsdet_1_11_18 225265 27772    82  574       0 105141 2378
20230711_CVD_2546_60s_20x20ptsdet_1_11_19 225500 27818   101  702       0 105031 2613
20230711_CVD_2546_60s_20x20ptsdet_1_11_2  224301 27653    69  678       0 103841 2530
20230711_CVD_2546_60s_20x20ptsdet_1_11_3  221689 27545    98  613       0 103040 2561
20230711_CVD_2546_60s_20x20ptsdet_1_11_4  225662 27877    75  678       0 104427 2535
20230711_CVD_2546_60s_20x20ptsdet_1_11_5  225256 27692    52  651       0 104766 2484
20230711_CVD_2546_60s_20x20ptsdet_1_11_6  227050 28056   131  709       0 104756 2518
20230711_CVD_2546_60s_20x20ptsdet_1_11_7  226264 28039    31  665       0 105451 2481
20230711_CVD_2546_60s_20x20ptsdet_1_11_8  226345 27935    98  678       0 105535 2533
20230711_CVD_2546_60s_20x20ptsdet_1_11_9  225699 28035    65  743       0 105264 2690
20230711_CVD_2546_60s_20x20ptsdet_1_12_0  224864 27552   129  782       0 104847 2508
20230711_CVD_2546_60s_20x20ptsdet_1_12_1  225027 27577    99  613       0 105031 2657
20230711_CVD_2546_60s_20x20ptsdet_1_12_10 224153 27916    88  688       0 103783 2499
20230711_CVD_2546_60s_20x20ptsdet_1_12_11 224617 27656    36  600       0 104764 2503
20230711_CVD_2546_60s_20x20ptsdet_1_12_12 226993 28141    86  653       0 104298 2421
20230711_CVD_2546_60s_20x20ptsdet_1_12_13 225253 27800   106  671       0 105205 2529
20230711_CVD_2546_60s_20x20ptsdet_1_12_14 222504 27666    41  651       0 104010 2477
20230711_CVD_2546_60s_20x20ptsdet_1_12_15 225585 28135    58  621       0 104267 2560
20230711_CVD_2546_60s_20x20ptsdet_1_12_16 222700 28129    62  656       0 103413 2626
20230711_CVD_2546_60s_20x20ptsdet_1_12_17 223761 27638    96  692       0 103646 2429
20230711_CVD_2546_60s_20x20ptsdet_1_12_18 224720 27572   155  666       0 104494 2525
20230711_CVD_2546_60s_20x20ptsdet_1_12_19 224149 27396    80  693       0 103286 2510
20230711_CVD_2546_60s_20x20ptsdet_1_12_2  225661 27597   102  631       0 104397 2396
20230711_CVD_2546_60s_20x20ptsdet_1_12_3  222670 27569    88  513       0 103805 2430
20230711_CVD_2546_60s_20x20ptsdet_1_12_4  222954 27638    52  644       0 103348 2457
20230711_CVD_2546_60s_20x20ptsdet_1_12_5  224899 27815    69  626       0 104255 2475
20230711_CVD_2546_60s_20x20ptsdet_1_12_6  223639 27913    60  691       0 104575 2347
20230711_CVD_2546_60s_20x20ptsdet_1_12_7  225388 27975    82  725       0 105011 2436
20230711_CVD_2546_60s_20x20ptsdet_1_12_8  221868 27312    55  691       0 103167 2246
20230711_CVD_2546_60s_20x20ptsdet_1_12_9  222986 27459    45  690       0 103410 2443
20230711_CVD_2546_60s_20x20ptsdet_1_13_0  223762 27387    79  674       0 104078 2411
20230711_CVD_2546_60s_20x20ptsdet_1_13_1  223996 27494    69  669       0 103369 2396
20230711_CVD_2546_60s_20x20ptsdet_1_13_10 225890 27645    84  669       0 105194 2509
20230711_CVD_2546_60s_20x20ptsdet_1_13_11 226071 27728   109  672       0 104327 2397
20230711_CVD_2546_60s_20x20ptsdet_1_13_12 225579 27681   107  672       0 105272 2419
20230711_CVD_2546_60s_20x20ptsdet_1_13_13 224696 27974    35  724       0 104854 2593
20230711_CVD_2546_60s_20x20ptsdet_1_13_14 225455 28320    35  605       0 104352 2449
20230711_CVD_2546_60s_20x20ptsdet_1_13_15 223781 27641    82  695       0 104694 2467
20230711_CVD_2546_60s_20x20ptsdet_1_13_16 224608 27837   119  645       0 104925 2578
20230711_CVD_2546_60s_20x20ptsdet_1_13_17 226803 28367   150  652       0 104968 2566
20230711_CVD_2546_60s_20x20ptsdet_1_13_18 226516 28119    61  785       0 104862 2528
20230711_CVD_2546_60s_20x20ptsdet_1_13_19 225439 27994   105  627       0 104564 2538
20230711_CVD_2546_60s_20x20ptsdet_1_13_2  225704 28037   131  824       0 104883 2513
20230711_CVD_2546_60s_20x20ptsdet_1_13_3  227241 28034    56  688       0 105619 2426
20230711_CVD_2546_60s_20x20ptsdet_1_13_4  227170 27830   160  728       0 105026 2553
20230711_CVD_2546_60s_20x20ptsdet_1_13_5  227852 27739    60  684       0 105815 2537
20230711_CVD_2546_60s_20x20ptsdet_1_13_6  227863 27829    89  764       0 106222 2431
20230711_CVD_2546_60s_20x20ptsdet_1_13_7  228248 27717    81  643       0 105810 2522
20230711_CVD_2546_60s_20x20ptsdet_1_13_8  227432 27849   108  658       0 103636 2388
20230711_CVD_2546_60s_20x20ptsdet_1_13_9  226368 27915   107  676       0 104881 2532
20230711_CVD_2546_60s_20x20ptsdet_1_14_0  225517 27708    38  662       0 104640 2399
20230711_CVD_2546_60s_20x20ptsdet_1_14_1  226603 28031    43  574       0 105375 2516
20230711_CVD_2546_60s_20x20ptsdet_1_14_10 224088 27819   111  707       0 102934 2499
20230711_CVD_2546_60s_20x20ptsdet_1_14_11 224173 28076   122  676       0 103777 2441
20230711_CVD_2546_60s_20x20ptsdet_1_14_12 224393 27559   134  569       0 104152 2506
20230711_CVD_2546_60s_20x20ptsdet_1_14_13 222629 27615    66  832       0 103511 2448
20230711_CVD_2546_60s_20x20ptsdet_1_14_14 224119 27658    56  659       0 103808 2386
20230711_CVD_2546_60s_20x20ptsdet_1_14_15 225007 27730    94  690       0 104496 2440
20230711_CVD_2546_60s_20x20ptsdet_1_14_16 224795 27632   125  662       0 103206 2639
20230711_CVD_2546_60s_20x20ptsdet_1_14_17 223843 27542    70  678       0 103515 2499
20230711_CVD_2546_60s_20x20ptsdet_1_14_18 224711 27669   120  603       0 104298 2529
20230711_CVD_2546_60s_20x20ptsdet_1_14_19 224779 27952    65  653       0 104141 2525
20230711_CVD_2546_60s_20x20ptsdet_1_14_2  227374 27904    72  687       0 105660 2575
20230711_CVD_2546_60s_20x20ptsdet_1_14_3  223311 27972    81  525       0 104426 2502
20230711_CVD_2546_60s_20x20ptsdet_1_14_4  224138 27706   105  651       0 103992 2422
20230711_CVD_2546_60s_20x20ptsdet_1_14_5  223866 27748    85  593       0 103887 2534
20230711_CVD_2546_60s_20x20ptsdet_1_14_6  224130 27507   134  695       0 104668 2620
20230711_CVD_2546_60s_20x20ptsdet_1_14_7  224831 27794    91  648       0 103619 2404
20230711_CVD_2546_60s_20x20ptsdet_1_14_8  223465 27383   136  642       0 104421 2451
20230711_CVD_2546_60s_20x20ptsdet_1_14_9  222672 27633    89  608       0 103921 2429
20230711_CVD_2546_60s_20x20ptsdet_1_15_0  223568 27864    79  691       0 104600 2540
20230711_CVD_2546_60s_20x20ptsdet_1_15_1  223447 27626    52  674       0 103580 2531
20230711_CVD_2546_60s_20x20ptsdet_1_15_10 224203 27463    85  642       0 104242 2463
20230711_CVD_2546_60s_20x20ptsdet_1_15_11 224848 27968   149  671       0 106017 2437
20230711_CVD_2546_60s_20x20ptsdet_1_15_12 225630 27572    51  626       0 104720 2496
20230711_CVD_2546_60s_20x20ptsdet_1_15_13 226615 27829   128  631       0 104682 2340
20230711_CVD_2546_60s_20x20ptsdet_1_15_14 222184 27736    87  779       0 103022 2555
20230711_CVD_2546_60s_20x20ptsdet_1_15_15 221130 27821   121  699       0 102455 2313
20230711_CVD_2546_60s_20x20ptsdet_1_15_16 222314 27187   115  688       0 103061 2408
20230711_CVD_2546_60s_20x20ptsdet_1_15_17 223176 27722    26  686       0 102932 2405
20230711_CVD_2546_60s_20x20ptsdet_1_15_18 222141 27142   124  557       0 103322 2646
20230711_CVD_2546_60s_20x20ptsdet_1_15_19 222941 27437    59  664       0 103444 2554
20230711_CVD_2546_60s_20x20ptsdet_1_15_2  221622 27259   143  552       0 103249 2532
20230711_CVD_2546_60s_20x20ptsdet_1_15_3  224558 27946    17  667       0 103466 2367
20230711_CVD_2546_60s_20x20ptsdet_1_15_4  224890 27711   123  637       0 104165 2595
20230711_CVD_2546_60s_20x20ptsdet_1_15_5  224713 27400   109  708       0 104219 2586
20230711_CVD_2546_60s_20x20ptsdet_1_15_6  225076 27627    58  722       0 104919 2440
20230711_CVD_2546_60s_20x20ptsdet_1_15_7  225597 27713   113  632       0 104443 2527
20230711_CVD_2546_60s_20x20ptsdet_1_15_8  225928 27612    93  703       0 104529 2534
20230711_CVD_2546_60s_20x20ptsdet_1_15_9  224950 27811    71  636       0 104518 2416
20230711_CVD_2546_60s_20x20ptsdet_1_16_0  223796 27507   139  660       0 103732 2610
20230711_CVD_2546_60s_20x20ptsdet_1_16_1  223179 27547   108  690       0 103461 2603
20230711_CVD_2546_60s_20x20ptsdet_1_16_10 226656 28304    70  718       0 105386 2521
20230711_CVD_2546_60s_20x20ptsdet_1_16_11 226664 27844    86  628       0 105735 2544
20230711_CVD_2546_60s_20x20ptsdet_1_16_12 227113 28023    87  755       0 106066 2510
20230711_CVD_2546_60s_20x20ptsdet_1_16_13 225831 27853    63  627       0 104901 2548
20230711_CVD_2546_60s_20x20ptsdet_1_16_14 225471 28004   113  619       0 104859 2436
20230711_CVD_2546_60s_20x20ptsdet_1_16_15 225959 27744    93  653       0 104478 2524
20230711_CVD_2546_60s_20x20ptsdet_1_16_16 225572 27935    51  753       0 104492 2377
20230711_CVD_2546_60s_20x20ptsdet_1_16_17 226021 27761   107  645       0 104349 2431
20230711_CVD_2546_60s_20x20ptsdet_1_16_18 226121 27885    35  646       0 105122 2457
20230711_CVD_2546_60s_20x20ptsdet_1_16_19 223464 27565    81  680       0 104274 2259
20230711_CVD_2546_60s_20x20ptsdet_1_16_2  225108 27454   112  674       0 104041 2500
20230711_CVD_2546_60s_20x20ptsdet_1_16_3  223792 27644    57  628       0 104956 2555
20230711_CVD_2546_60s_20x20ptsdet_1_16_4  225523 27915   150  711       0 104537 2529
20230711_CVD_2546_60s_20x20ptsdet_1_16_5  223600 27789    79  652       0 103229 2504
20230711_CVD_2546_60s_20x20ptsdet_1_16_6  224628 27581    95  639       0 104217 2372
20230711_CVD_2546_60s_20x20ptsdet_1_16_7  224330 27718   101  649       0 104258 2385
20230711_CVD_2546_60s_20x20ptsdet_1_16_8  225663 27772    97  618       0 105495 2616
20230711_CVD_2546_60s_20x20ptsdet_1_16_9  225588 27785   118  586       0 104515 2631
20230711_CVD_2546_60s_20x20ptsdet_1_17_0  225057 27699    90  599       0 104897 2537
20230711_CVD_2546_60s_20x20ptsdet_1_17_1  224230 27630    73  643       0 104448 2551
20230711_CVD_2546_60s_20x20ptsdet_1_17_10 225815 28283    87  579       0 105695 2628
20230711_CVD_2546_60s_20x20ptsdet_1_17_11 227317 28131    56  689       0 105682 2507
20230711_CVD_2546_60s_20x20ptsdet_1_17_12 226901 28030    41  697       0 106159 2461
20230711_CVD_2546_60s_20x20ptsdet_1_17_13 227164 27964    29  715       0 105138 2536
20230711_CVD_2546_60s_20x20ptsdet_1_17_14 225417 27820    85  602       0 104848 2579
20230711_CVD_2546_60s_20x20ptsdet_1_17_15 223639 27539    70  637       0 104046 2549
20230711_CVD_2546_60s_20x20ptsdet_1_17_16 224952 27859    26  683       0 104669 2577
20230711_CVD_2546_60s_20x20ptsdet_1_17_17 224699 27520   135  720       0 103879 2480
20230711_CVD_2546_60s_20x20ptsdet_1_17_18 225472 27813    79  671       0 104991 2706
20230711_CVD_2546_60s_20x20ptsdet_1_17_19 225036 27997   103  611       0 104891 2627
20230711_CVD_2546_60s_20x20ptsdet_1_17_2  226516 27698   148  695       0 105536 2424
20230711_CVD_2546_60s_20x20ptsdet_1_17_3  225361 27844    60  740       0 104292 2657
20230711_CVD_2546_60s_20x20ptsdet_1_17_4  225627 27519    41  739       0 104983 2445
20230711_CVD_2546_60s_20x20ptsdet_1_17_5  225801 27535    50  726       0 104768 2413
20230711_CVD_2546_60s_20x20ptsdet_1_17_6  225756 27728   147  721       0 105370 2557
20230711_CVD_2546_60s_20x20ptsdet_1_17_7  226088 27565   155  658       0 105338 2445
20230711_CVD_2546_60s_20x20ptsdet_1_17_8  225966 28081   136  711       0 105462 2692
20230711_CVD_2546_60s_20x20ptsdet_1_17_9  226581 27937    86  650       0 105340 2435
20230711_CVD_2546_60s_20x20ptsdet_1_18_0  223512 27812   105  669       0 103933 2565
20230711_CVD_2546_60s_20x20ptsdet_1_18_1  225416 27707    90  634       0 104744 2517
20230711_CVD_2546_60s_20x20ptsdet_1_18_10 226141 28061    76  682       0 106025 2586
20230711_CVD_2546_60s_20x20ptsdet_1_18_11 226603 27895    57  600       0 105609 2444
20230711_CVD_2546_60s_20x20ptsdet_1_18_12 225005 28115   113  688       0 104753 2505
20230711_CVD_2546_60s_20x20ptsdet_1_18_13 226377 28010   103  699       0 105789 2730
20230711_CVD_2546_60s_20x20ptsdet_1_18_14 224146 28064    90  816       0 103872 2390
20230711_CVD_2546_60s_20x20ptsdet_1_18_15 224910 27647    51  698       0 105713 2558
20230711_CVD_2546_60s_20x20ptsdet_1_18_16 226987 28317    51  739       0 105357 2590
20230711_CVD_2546_60s_20x20ptsdet_1_18_17 227034 28580    65  690       0 105876 2535
20230711_CVD_2546_60s_20x20ptsdet_1_18_18 226619 27952    90  605       0 105842 2548
20230711_CVD_2546_60s_20x20ptsdet_1_18_19 223946 28056   179  719       0 105113 2353
20230711_CVD_2546_60s_20x20ptsdet_1_18_2  226796 27902   115  702       0 106880 2430
20230711_CVD_2546_60s_20x20ptsdet_1_18_3  226404 27752   125  605       0 105386 2363
20230711_CVD_2546_60s_20x20ptsdet_1_18_4  227789 27973    79  744       0 105720 2541
20230711_CVD_2546_60s_20x20ptsdet_1_18_5  226727 27752   129  631       0 104847 2630
20230711_CVD_2546_60s_20x20ptsdet_1_18_6  226273 27879   160  644       0 104984 2552
20230711_CVD_2546_60s_20x20ptsdet_1_18_7  226206 28006   144  688       0 105155 2494
20230711_CVD_2546_60s_20x20ptsdet_1_18_8  223757 27684    99  671       0 104031 2608
20230711_CVD_2546_60s_20x20ptsdet_1_18_9  224353 27582    77  665       0 104240 2416
20230711_CVD_2546_60s_20x20ptsdet_1_19_0  224974 27628   111  715       0 104602 2447
20230711_CVD_2546_60s_20x20ptsdet_1_19_1  226885 27864   137  697       0 105932 2556
20230711_CVD_2546_60s_20x20ptsdet_1_19_10 226567 27629    87  611       0 105031 2533
20230711_CVD_2546_60s_20x20ptsdet_1_19_11 224778 27495    95  658       0 104610 2679
20230711_CVD_2546_60s_20x20ptsdet_1_19_12 223660 27910   106  683       0 104728 2526
20230711_CVD_2546_60s_20x20ptsdet_1_19_13 225334 27836    63  578       0 104584 2647
20230711_CVD_2546_60s_20x20ptsdet_1_19_14 224245 27674   103  514       0 105413 2516
20230711_CVD_2546_60s_20x20ptsdet_1_19_15 226182 27700    43  806       0 104367 2464
20230711_CVD_2546_60s_20x20ptsdet_1_19_16 224614 27718    84  721       0 103835 2515
20230711_CVD_2546_60s_20x20ptsdet_1_19_17 225594 27774    63  650       0 104269 2583
20230711_CVD_2546_60s_20x20ptsdet_1_19_18 224053 27688   120  650       0 105387 2545
20230711_CVD_2546_60s_20x20ptsdet_1_19_19 224655 27489    91  710       0 104582 2424
20230711_CVD_2546_60s_20x20ptsdet_1_19_2  226602 28076   172  830       0 105214 2607
20230711_CVD_2546_60s_20x20ptsdet_1_19_3  227275 27690   111  663       0 105226 2496
20230711_CVD_2546_60s_20x20ptsdet_1_19_4  227368 28088    69  712       0 105790 2561
20230711_CVD_2546_60s_20x20ptsdet_1_19_5  227220 28319    40  649       0 105209 2576
20230711_CVD_2546_60s_20x20ptsdet_1_19_6  226320 27822   108  647       0 105039 2585
20230711_CVD_2546_60s_20x20ptsdet_1_19_7  226875 28390    89  604       0 105676 2586
20230711_CVD_2546_60s_20x20ptsdet_1_19_8  226677 27692    64  656       0 105229 2493
20230711_CVD_2546_60s_20x20ptsdet_1_19_9  226330 27742   135  684       0 105717 2693
20230711_CVD_2546_60s_20x20ptsdet_1_1_0   226285 27721    94  748       0 103483 2309
20230711_CVD_2546_60s_20x20ptsdet_1_1_1   225710 28023   129  719       0 103733 2406
20230711_CVD_2546_60s_20x20ptsdet_1_1_10  223346 27540    68  630       0 103000 2247
20230711_CVD_2546_60s_20x20ptsdet_1_1_11  221736 27623   100  639       0 102568 2320
20230711_CVD_2546_60s_20x20ptsdet_1_1_12  221110 27358    38  613       0 101799 2353
20230711_CVD_2546_60s_20x20ptsdet_1_1_13  220354 27361    52  699       0 101657 2324
20230711_CVD_2546_60s_20x20ptsdet_1_1_14  222617 27680   119  678       0 101666 2300
20230711_CVD_2546_60s_20x20ptsdet_1_1_15  222431 27640    38  603       0 102998 2374
20230711_CVD_2546_60s_20x20ptsdet_1_1_16  220934 27480   107  623       0 101598 2270
20230711_CVD_2546_60s_20x20ptsdet_1_1_17  220907 27584    46  656       0 101505 2295
20230711_CVD_2546_60s_20x20ptsdet_1_1_18  220505 27558   130  632       0 101833 2195
20230711_CVD_2546_60s_20x20ptsdet_1_1_19  221723 27254    58  698       0 101595 2319
20230711_CVD_2546_60s_20x20ptsdet_1_1_2   222411 27649    91  595       0 103795 2399
20230711_CVD_2546_60s_20x20ptsdet_1_1_3   225123 27933    61  600       0 103154 2380
20230711_CVD_2546_60s_20x20ptsdet_1_1_4   225409 27752    84  713       0 104414 2466
20230711_CVD_2546_60s_20x20ptsdet_1_1_5   224818 28069    90  615       0 103768 2458
20230711_CVD_2546_60s_20x20ptsdet_1_1_6   223682 27758    81  647       0 103308 2427
20230711_CVD_2546_60s_20x20ptsdet_1_1_7   223642 27954    82  697       0 103139 2383
20230711_CVD_2546_60s_20x20ptsdet_1_1_8   225895 28097    47  577       0 104719 2341
20230711_CVD_2546_60s_20x20ptsdet_1_1_9   225658 27809    89  613       0 103965 2263
20230711_CVD_2546_60s_20x20ptsdet_1_2_0   223766 27688    99  672       0 103334 2383
20230711_CVD_2546_60s_20x20ptsdet_1_2_1   223674 27715   103  580       0 102960 2495
20230711_CVD_2546_60s_20x20ptsdet_1_2_10  222395 27333    67  635       0 103200 2299
20230711_CVD_2546_60s_20x20ptsdet_1_2_11  227678 28435    99  604       0 105466 2394
20230711_CVD_2546_60s_20x20ptsdet_1_2_12  227926 28106    78  670       0 106330 2410
20230711_CVD_2546_60s_20x20ptsdet_1_2_13  228590 28457   140  753       0 106855 2603
20230711_CVD_2546_60s_20x20ptsdet_1_2_14  227504 28454    56  688       0 106981 2441
20230711_CVD_2546_60s_20x20ptsdet_1_2_15  228662 28303   139  716       0 106277 2410
20230711_CVD_2546_60s_20x20ptsdet_1_2_16  228519 28025    70  578       0 105693 2416
20230711_CVD_2546_60s_20x20ptsdet_1_2_17  226455 28563   103  672       0 105567 2342
20230711_CVD_2546_60s_20x20ptsdet_1_2_18  227775 28271    78  647       0 106100 2657
20230711_CVD_2546_60s_20x20ptsdet_1_2_19  226921 28306    83  680       0 105833 2543
20230711_CVD_2546_60s_20x20ptsdet_1_2_2   223326 27601    70  573       0 102755 2319
20230711_CVD_2546_60s_20x20ptsdet_1_2_3   223469 27945   115  652       0 102850 2379
20230711_CVD_2546_60s_20x20ptsdet_1_2_4   223901 27822    85  635       0 103048 2303
20230711_CVD_2546_60s_20x20ptsdet_1_2_5   224409 27508    74  690       0 103259 2515
20230711_CVD_2546_60s_20x20ptsdet_1_2_6   223442 27940    88  597       0 103630 2402
20230711_CVD_2546_60s_20x20ptsdet_1_2_7   222138 27974    27  612       0 102622 2367
20230711_CVD_2546_60s_20x20ptsdet_1_2_8   222111 27672    76  706       0 102679 2203
20230711_CVD_2546_60s_20x20ptsdet_1_2_9   222239 27653    97  650       0 102665 2428
20230711_CVD_2546_60s_20x20ptsdet_1_3_0   226647 28105    90  666       0 105188 2394
20230711_CVD_2546_60s_20x20ptsdet_1_3_1   226724 28168    48  669       0 105140 2548
20230711_CVD_2546_60s_20x20ptsdet_1_3_10  226793 28129    78  576       0 106091 2422
20230711_CVD_2546_60s_20x20ptsdet_1_3_11  227564 28320   153  598       0 104492 2428
20230711_CVD_2546_60s_20x20ptsdet_1_3_12  226483 28039    79  676       0 104548 2431
20230711_CVD_2546_60s_20x20ptsdet_1_3_13  226652 27947    53  707       0 105190 2548
20230711_CVD_2546_60s_20x20ptsdet_1_3_14  226564 28303    79  627       0 105252 2396
20230711_CVD_2546_60s_20x20ptsdet_1_3_15  226248 28079    44  641       0 105529 2512
20230711_CVD_2546_60s_20x20ptsdet_1_3_16  226886 28162    47  676       0 105154 2518
20230711_CVD_2546_60s_20x20ptsdet_1_3_17  226656 27939    88  728       0 105238 2625
20230711_CVD_2546_60s_20x20ptsdet_1_3_18  226787 27906    14  698       0 105460 2579
20230711_CVD_2546_60s_20x20ptsdet_1_3_19  227148 28379   102  763       0 105653 2345
20230711_CVD_2546_60s_20x20ptsdet_1_3_2   226974 28350   168  671       0 104817 2498
20230711_CVD_2546_60s_20x20ptsdet_1_3_3   226881 28066    49  590       0 105796 2505
20230711_CVD_2546_60s_20x20ptsdet_1_3_4   226868 28215    88  630       0 105615 2512
20230711_CVD_2546_60s_20x20ptsdet_1_3_5   225481 27755   105  653       0 105127 2345
20230711_CVD_2546_60s_20x20ptsdet_1_3_6   226563 28066   143  643       0 105065 2462
20230711_CVD_2546_60s_20x20ptsdet_1_3_7   227380 28001   119  687       0 105484 2428
20230711_CVD_2546_60s_20x20ptsdet_1_3_8   227129 27971    96  744       0 104686 2463
20230711_CVD_2546_60s_20x20ptsdet_1_3_9   226747 28091   163  584       0 105057 2436
20230711_CVD_2546_60s_20x20ptsdet_1_4_0   226334 28214    88  646       0 105522 2606
20230711_CVD_2546_60s_20x20ptsdet_1_4_1   226280 27785   100  683       0 104951 2537
20230711_CVD_2546_60s_20x20ptsdet_1_4_10  228216 28380   143  681       0 106666 2342
20230711_CVD_2546_60s_20x20ptsdet_1_4_11  229128 27914    61  700       0 107094 2430
20230711_CVD_2546_60s_20x20ptsdet_1_4_12  228991 28496    99  708       0 105445 2565
20230711_CVD_2546_60s_20x20ptsdet_1_4_13  228991 28790    53  618       0 106010 2521
20230711_CVD_2546_60s_20x20ptsdet_1_4_14  228657 28094    73  637       0 105230 2611
20230711_CVD_2546_60s_20x20ptsdet_1_4_15  227665 28170    70  681       0 105565 2477
20230711_CVD_2546_60s_20x20ptsdet_1_4_16  226754 27941    48  593       0 105739 2578
20230711_CVD_2546_60s_20x20ptsdet_1_4_17  225903 27896   125  565       0 104797 2373
20230711_CVD_2546_60s_20x20ptsdet_1_4_18  225098 28146   186  802       0 105195 2489
20230711_CVD_2546_60s_20x20ptsdet_1_4_19  224834 27805    64  664       0 104029 2546
20230711_CVD_2546_60s_20x20ptsdet_1_4_2   225847 27945    96  637       0 104660 2466
20230711_CVD_2546_60s_20x20ptsdet_1_4_3   225593 28070   116  773       0 105629 2450
20230711_CVD_2546_60s_20x20ptsdet_1_4_4   225979 28193   126  723       0 105144 2470
20230711_CVD_2546_60s_20x20ptsdet_1_4_5   225306 27905    75  496       0 105577 2435
20230711_CVD_2546_60s_20x20ptsdet_1_4_6   223319 27707    76  659       0 104198 2385
20230711_CVD_2546_60s_20x20ptsdet_1_4_7   225629 27645    48  625       0 104373 2489
20230711_CVD_2546_60s_20x20ptsdet_1_4_8   227016 28560   105  596       0 106619 2475
20230711_CVD_2546_60s_20x20ptsdet_1_4_9   229242 28183    78  709       0 107067 2687
20230711_CVD_2546_60s_20x20ptsdet_1_5_0   225718 28064    75  696       0 105034 2466
20230711_CVD_2546_60s_20x20ptsdet_1_5_1   224760 27771   114  690       0 103990 2433
20230711_CVD_2546_60s_20x20ptsdet_1_5_10  228052 28153   117  661       0 105140 2460
20230711_CVD_2546_60s_20x20ptsdet_1_5_11  227387 28325    58  697       0 105193 2509
20230711_CVD_2546_60s_20x20ptsdet_1_5_12  226679 28100    87  599       0 105848 2483
20230711_CVD_2546_60s_20x20ptsdet_1_5_13  226766 28241    24  628       0 105170 2502
20230711_CVD_2546_60s_20x20ptsdet_1_5_14  227787 28258    59  559       0 105754 2509
20230711_CVD_2546_60s_20x20ptsdet_1_5_15  228059 28091    60  657       0 105806 2521
20230711_CVD_2546_60s_20x20ptsdet_1_5_16  227111 28056    61  552       0 106032 2329
20230711_CVD_2546_60s_20x20ptsdet_1_5_17  227283 28322    72  624       0 105412 2420
20230711_CVD_2546_60s_20x20ptsdet_1_5_18  225866 27820    83  778       0 105289 2410
20230711_CVD_2546_60s_20x20ptsdet_1_5_19  225247 28082   116  674       0 104892 2375
20230711_CVD_2546_60s_20x20ptsdet_1_5_2   223147 27494    40  624       0 102560 2445
20230711_CVD_2546_60s_20x20ptsdet_1_5_3   222036 27425    32  669       0 103735 2495
20230711_CVD_2546_60s_20x20ptsdet_1_5_4   224042 27791   116  637       0 103430 2450
20230711_CVD_2546_60s_20x20ptsdet_1_5_5   223114 27248    77  518       0 103609 2496
20230711_CVD_2546_60s_20x20ptsdet_1_5_6   222159 27879    77  638       0 103077 2407
20230711_CVD_2546_60s_20x20ptsdet_1_5_7   222577 27725    84  657       0 104245 2397
20230711_CVD_2546_60s_20x20ptsdet_1_5_8   225803 27953    81  683       0 104442 2459
20230711_CVD_2546_60s_20x20ptsdet_1_5_9   226294 28060    57  607       0 105289 2433
20230711_CVD_2546_60s_20x20ptsdet_1_6_0   226526 27924    21  633       0 105847 2566
20230711_CVD_2546_60s_20x20ptsdet_1_6_1   225455 28204    97  611       0 104570 2705
20230711_CVD_2546_60s_20x20ptsdet_1_6_10  224939 27747    66  661       0 105203 2444
20230711_CVD_2546_60s_20x20ptsdet_1_6_11  226391 28509    88  653       0 105400 2495
20230711_CVD_2546_60s_20x20ptsdet_1_6_12  223334 27721    80  777       0 103749 2511
20230711_CVD_2546_60s_20x20ptsdet_1_6_13  222963 27677   128  805       0 103824 2520
20230711_CVD_2546_60s_20x20ptsdet_1_6_14  223137 27544    64  651       0 103455 2559
20230711_CVD_2546_60s_20x20ptsdet_1_6_15  224290 27506   108  631       0 104413 2276
20230711_CVD_2546_60s_20x20ptsdet_1_6_16  226416 28034    39  699       0 105130 2259
20230711_CVD_2546_60s_20x20ptsdet_1_6_17  226394 28318   139  683       0 105406 2527
20230711_CVD_2546_60s_20x20ptsdet_1_6_18  223023 27545   107  554       0 103685 2464
20230711_CVD_2546_60s_20x20ptsdet_1_6_19  225141 27473    70  576       0 104754 2411
20230711_CVD_2546_60s_20x20ptsdet_1_6_2   225599 27892    92  686       0 105046 2381
20230711_CVD_2546_60s_20x20ptsdet_1_6_3   224654 28060    88  626       0 105324 2465
20230711_CVD_2546_60s_20x20ptsdet_1_6_4   223673 27798    67  625       0 103945 2572
20230711_CVD_2546_60s_20x20ptsdet_1_6_5   224402 27734    86  605       0 104079 2533
20230711_CVD_2546_60s_20x20ptsdet_1_6_6   226455 28303    98  547       0 104772 2468
20230711_CVD_2546_60s_20x20ptsdet_1_6_7   226273 27703    73  605       0 105069 2497
20230711_CVD_2546_60s_20x20ptsdet_1_6_8   225777 27949    63  691       0 104508 2451
20230711_CVD_2546_60s_20x20ptsdet_1_6_9   223721 27767   110  671       0 103409 2453
20230711_CVD_2546_60s_20x20ptsdet_1_7_0   226164 27640   102  659       0 105383 2430
20230711_CVD_2546_60s_20x20ptsdet_1_7_1   227646 27809    67  734       0 105130 2526
20230711_CVD_2546_60s_20x20ptsdet_1_7_10  219933 27091   124  708       0 102613 2333
20230711_CVD_2546_60s_20x20ptsdet_1_7_11  221783 27473    45  703       0 102441 2557
20230711_CVD_2546_60s_20x20ptsdet_1_7_12  222893 27576   108  663       0 103619 2593
20230711_CVD_2546_60s_20x20ptsdet_1_7_13  223080 27241    76  635       0 103556 2477
20230711_CVD_2546_60s_20x20ptsdet_1_7_14  221181 27596    55  722       0 102604 2442
20230711_CVD_2546_60s_20x20ptsdet_1_7_15  222196 27615   116  598       0 103468 2399
20230711_CVD_2546_60s_20x20ptsdet_1_7_16  222953 27509    84  719       0 103141 2348
20230711_CVD_2546_60s_20x20ptsdet_1_7_17  222850 27860    83  775       0 103752 2439
20230711_CVD_2546_60s_20x20ptsdet_1_7_18  221074 27121    48  623       0 102629 2343
20230711_CVD_2546_60s_20x20ptsdet_1_7_19  221804 27602    74  643       0 104354 2540
20230711_CVD_2546_60s_20x20ptsdet_1_7_2   226482 27851    92  709       0 104965 2496
20230711_CVD_2546_60s_20x20ptsdet_1_7_3   227072 27986   126  691       0 105425 2390
20230711_CVD_2546_60s_20x20ptsdet_1_7_4   226258 28133   112  641       0 104902 2587
20230711_CVD_2546_60s_20x20ptsdet_1_7_5   225941 27618    94  741       0 104268 2363
20230711_CVD_2546_60s_20x20ptsdet_1_7_6   224803 27720    63  616       0 103906 2562
20230711_CVD_2546_60s_20x20ptsdet_1_7_7   224657 27925    80  679       0 104945 2526
20230711_CVD_2546_60s_20x20ptsdet_1_7_8   221311 27420   122  678       0 102743 2473
20230711_CVD_2546_60s_20x20ptsdet_1_7_9   220933 27472    71  740       0 103511 2426
20230711_CVD_2546_60s_20x20ptsdet_1_8_0   221100 27615   117  643       0 103555 2520
20230711_CVD_2546_60s_20x20ptsdet_1_8_1   220579 27357    52  704       0 102323 2371
20230711_CVD_2546_60s_20x20ptsdet_1_8_10  221469 27084    27  603       0 103708 2521
20230711_CVD_2546_60s_20x20ptsdet_1_8_11  226520 27985    92  618       0 104855 2489
20230711_CVD_2546_60s_20x20ptsdet_1_8_12  223053 27907    68  653       0 103978 2480
20230711_CVD_2546_60s_20x20ptsdet_1_8_13  223892 27415    53  690       0 105266 2475
20230711_CVD_2546_60s_20x20ptsdet_1_8_14  226506 27800    81  666       0 105810 2667
20230711_CVD_2546_60s_20x20ptsdet_1_8_15  226608 28177   109  708       0 104089 2541
20230711_CVD_2546_60s_20x20ptsdet_1_8_16  226452 27937    51  645       0 105403 2624
20230711_CVD_2546_60s_20x20ptsdet_1_8_17  227229 27959    60  593       0 104818 2490
20230711_CVD_2546_60s_20x20ptsdet_1_8_18  227462 28206    59  706       0 106283 2507
20230711_CVD_2546_60s_20x20ptsdet_1_8_19  226614 28039    69  746       0 105751 2401
20230711_CVD_2546_60s_20x20ptsdet_1_8_2   220013 27473   126  595       0 102228 2505
20230711_CVD_2546_60s_20x20ptsdet_1_8_3   224999 27806   118  663       0 104367 2414
20230711_CVD_2546_60s_20x20ptsdet_1_8_4   223704 27691    88  620       0 103359 2481
20230711_CVD_2546_60s_20x20ptsdet_1_8_5   223065 27338    80  617       0 102322 2484
20230711_CVD_2546_60s_20x20ptsdet_1_8_6   225364 27901   139  675       0 105376 2490
20230711_CVD_2546_60s_20x20ptsdet_1_8_7   221369 27703   124  706       0 102398 2400
20230711_CVD_2546_60s_20x20ptsdet_1_8_8   221250 27666    77  701       0 101970 2376
20230711_CVD_2546_60s_20x20ptsdet_1_8_9   221176 27481    29  591       0 102763 2518
20230711_CVD_2546_60s_20x20ptsdet_1_9_0   227224 28073   175  630       0 104917 2608
20230711_CVD_2546_60s_20x20ptsdet_1_9_1   226715 28116   149  591       0 105850 2417
20230711_CVD_2546_60s_20x20ptsdet_1_9_10  227530 28180   138  613       0 105611 2485
20230711_CVD_2546_60s_20x20ptsdet_1_9_11  227692 28142    92  603       0 105848 2592
20230711_CVD_2546_60s_20x20ptsdet_1_9_12  226276 27715    85  638       0 104450 2438
20230711_CVD_2546_60s_20x20ptsdet_1_9_13  226689 27917    58  749       0 105968 2614
20230711_CVD_2546_60s_20x20ptsdet_1_9_14  226777 27777   139  655       0 106217 2475
20230711_CVD_2546_60s_20x20ptsdet_1_9_15  227443 28121    36  640       0 105687 2574
20230711_CVD_2546_60s_20x20ptsdet_1_9_16  227345 28318    60  643       0 105663 2596
20230711_CVD_2546_60s_20x20ptsdet_1_9_17  225667 28210    40  681       0 105664 2616
20230711_CVD_2546_60s_20x20ptsdet_1_9_18  225027 27723    60  543       0 104048 2350
20230711_CVD_2546_60s_20x20ptsdet_1_9_19  223762 27715    98  709       0 104120 2525
20230711_CVD_2546_60s_20x20ptsdet_1_9_2   227608 28117    69  665       0 105399 2441
20230711_CVD_2546_60s_20x20ptsdet_1_9_3   228009 28267    71  644       0 105366 2398
20230711_CVD_2546_60s_20x20ptsdet_1_9_4   227843 28190   100  635       0 105805 2502
20230711_CVD_2546_60s_20x20ptsdet_1_9_5   225461 28011    87  689       0 105241 2533
20230711_CVD_2546_60s_20x20ptsdet_1_9_6   227519 28113   101  588       0 105740 2578
20230711_CVD_2546_60s_20x20ptsdet_1_9_7   227342 28209    91  715       0 106147 2506
20230711_CVD_2546_60s_20x20ptsdet_1_9_8   227555 28037    84  694       0 105371 2601
20230711_CVD_2546_60s_20x20ptsdet_1_9_9   227091 28153   184  755       0 106264 2579
20230711_CVD_2546_60s_20x20ptsdet_2_0_0   232712 28040   132  807       0 106707 2418
20230711_CVD_2546_60s_20x20ptsdet_2_0_1   232998 27901    99  697       0 107161 2239
20230711_CVD_2546_60s_20x20ptsdet_2_0_10  233196 28131   146  740       0 106421 2401
20230711_CVD_2546_60s_20x20ptsdet_2_0_11  232702 27889    42  701       0 105815 2308
20230711_CVD_2546_60s_20x20ptsdet_2_0_12  230625 27776   126  711       0 105652 2302
20230711_CVD_2546_60s_20x20ptsdet_2_0_13  230777 27968   119  600       0 105780 2308
20230711_CVD_2546_60s_20x20ptsdet_2_0_14  231440 27757    63  811       0 105854 2388
20230711_CVD_2546_60s_20x20ptsdet_2_0_15  233037 28046    90  871       0 105643 2299
20230711_CVD_2546_60s_20x20ptsdet_2_0_16  233228 28225    51  701       0 106698 2259
20230711_CVD_2546_60s_20x20ptsdet_2_0_17  232681 28182    86  858       0 106751 2264
20230711_CVD_2546_60s_20x20ptsdet_2_0_18  232790 27992    75  815       0 105860 2326
20230711_CVD_2546_60s_20x20ptsdet_2_0_19  234001 28099   109  793       0 106138 2269
20230711_CVD_2546_60s_20x20ptsdet_2_0_2   232567 28434    86  750       0 106614 2371
20230711_CVD_2546_60s_20x20ptsdet_2_0_3   232317 28240    94  803       0 106970 2302
20230711_CVD_2546_60s_20x20ptsdet_2_0_4   232878 28260    65  794       0 106424 2341
20230711_CVD_2546_60s_20x20ptsdet_2_0_5   233686 28178    64  738       0 107202 2306
20230711_CVD_2546_60s_20x20ptsdet_2_0_6   234102 28304    82  731       0 107079 2292
20230711_CVD_2546_60s_20x20ptsdet_2_0_7   234364 28498    95  873       0 107142 2329
20230711_CVD_2546_60s_20x20ptsdet_2_0_8   234636 28390   102  890       0 107204 2250
20230711_CVD_2546_60s_20x20ptsdet_2_0_9   234507 28280    78  901       0 107862 2354
20230711_CVD_2546_60s_20x20ptsdet_2_10_0  231250 27337    88  674       0 105448 2413
20230711_CVD_2546_60s_20x20ptsdet_2_10_1  231097 27620    83  676       0 105011 2328
20230711_CVD_2546_60s_20x20ptsdet_2_10_10 230987 27191    70  725       0 105500 2313
20230711_CVD_2546_60s_20x20ptsdet_2_10_11 232289 27627    72  671       0 105427 2310
20230711_CVD_2546_60s_20x20ptsdet_2_10_12 232222 27784   148  675       0 105959 2222
20230711_CVD_2546_60s_20x20ptsdet_2_10_13 229760 27490   122  756       0 104993 2354
20230711_CVD_2546_60s_20x20ptsdet_2_10_14 230089 27233   141  757       0 105733 2484
20230711_CVD_2546_60s_20x20ptsdet_2_10_15 229999 27636   118  662       0 105314 2396
20230711_CVD_2546_60s_20x20ptsdet_2_10_16 230389 27536   161  729       0 104174 2248
20230711_CVD_2546_60s_20x20ptsdet_2_10_17 230579 27439   146  721       0 105308 2122
20230711_CVD_2546_60s_20x20ptsdet_2_10_18 231187 27428   142  703       0 105448 2306
20230711_CVD_2546_60s_20x20ptsdet_2_10_19 230288 27253   144  679       0 105264 2249
20230711_CVD_2546_60s_20x20ptsdet_2_10_2  230024 27591   120  744       0 105652 2062
20230711_CVD_2546_60s_20x20ptsdet_2_10_3  231092 27557   106  791       0 105741 2273
20230711_CVD_2546_60s_20x20ptsdet_2_10_4  230264 27572   113  705       0 105198 2338
20230711_CVD_2546_60s_20x20ptsdet_2_10_5  227845 27290    56  749       0 104395 2297
20230711_CVD_2546_60s_20x20ptsdet_2_10_6  228490 27507    94  638       0 104479 2204
20230711_CVD_2546_60s_20x20ptsdet_2_10_7  231333 27560   118  666       0 104962 2302
20230711_CVD_2546_60s_20x20ptsdet_2_10_8  231038 27781    49  782       0 105058 2298
20230711_CVD_2546_60s_20x20ptsdet_2_10_9  230676 27736   188  616       0 105227 2370
20230711_CVD_2546_60s_20x20ptsdet_2_11_0  230450 27546   114  772       0 105311 2322
20230711_CVD_2546_60s_20x20ptsdet_2_11_1  231218 27606   121  668       0 105043 2390
20230711_CVD_2546_60s_20x20ptsdet_2_11_10 232757 27943    79  711       0 106427 2340
20230711_CVD_2546_60s_20x20ptsdet_2_11_11 233686 27695    92  754       0 106918 2462
20230711_CVD_2546_60s_20x20ptsdet_2_11_12 233371 27682   116  684       0 106660 2451
20230711_CVD_2546_60s_20x20ptsdet_2_11_13 232693 27987    97  681       0 106645 2274
20230711_CVD_2546_60s_20x20ptsdet_2_11_14 232989 27560    92  662       0 106586 2288
20230711_CVD_2546_60s_20x20ptsdet_2_11_15 232699 27608    61  774       0 106792 2330
20230711_CVD_2546_60s_20x20ptsdet_2_11_16 232608 27436    47  775       0 106439 2239
20230711_CVD_2546_60s_20x20ptsdet_2_11_17 232764 27692    31  745       0 106597 2422
20230711_CVD_2546_60s_20x20ptsdet_2_11_18 232613 28018   134  702       0 105951 2410
20230711_CVD_2546_60s_20x20ptsdet_2_11_19 232536 27888   101  806       0 106528 2392
20230711_CVD_2546_60s_20x20ptsdet_2_11_2  231222 27558   109  781       0 105281 2386
20230711_CVD_2546_60s_20x20ptsdet_2_11_3  228358 27354    79  617       0 104571 2348
20230711_CVD_2546_60s_20x20ptsdet_2_11_4  232662 27765    93  725       0 106369 2426
20230711_CVD_2546_60s_20x20ptsdet_2_11_5  233102 28007   105  784       0 107192 2431
20230711_CVD_2546_60s_20x20ptsdet_2_11_6  233554 27880    74  597       0 107331 2353
20230711_CVD_2546_60s_20x20ptsdet_2_11_7  233937 27599    96  741       0 106192 2458
20230711_CVD_2546_60s_20x20ptsdet_2_11_8  231972 27751   109  737       0 105685 2256
20230711_CVD_2546_60s_20x20ptsdet_2_11_9  233124 27816   115  832       0 106127 2318
20230711_CVD_2546_60s_20x20ptsdet_2_12_0  231080 27790   155  722       0 106130 2254
20230711_CVD_2546_60s_20x20ptsdet_2_12_1  232371 27786   112  672       0 106375 2394
20230711_CVD_2546_60s_20x20ptsdet_2_12_10 231168 27756   131  787       0 105354 2233
20230711_CVD_2546_60s_20x20ptsdet_2_12_11 232099 27652    91  706       0 106601 2299
20230711_CVD_2546_60s_20x20ptsdet_2_12_12 234967 27802   123  727       0 106585 2515
20230711_CVD_2546_60s_20x20ptsdet_2_12_13 230263 27137    98  666       0 105332 2269
20230711_CVD_2546_60s_20x20ptsdet_2_12_14 232079 27738   113  759       0 105848 2383
20230711_CVD_2546_60s_20x20ptsdet_2_12_15 232030 27411   130  685       0 105758 2398
20230711_CVD_2546_60s_20x20ptsdet_2_12_16 231437 27920    52  646       0 105536 2469
20230711_CVD_2546_60s_20x20ptsdet_2_12_17 230507 27507   108  701       0 105551 2310
20230711_CVD_2546_60s_20x20ptsdet_2_12_18 231399 27530   167  730       0 105046 2426
20230711_CVD_2546_60s_20x20ptsdet_2_12_19 231136 27741   104  755       0 105675 2216
20230711_CVD_2546_60s_20x20ptsdet_2_12_2  233073 27978   159  709       0 106702 2313
20230711_CVD_2546_60s_20x20ptsdet_2_12_3  230554 27627    59  674       0 104777 2346
20230711_CVD_2546_60s_20x20ptsdet_2_12_4  231427 27435   131  773       0 105777 2385
20230711_CVD_2546_60s_20x20ptsdet_2_12_5  231048 27933    67  667       0 106126 2338
20230711_CVD_2546_60s_20x20ptsdet_2_12_6  232668 27734   130  708       0 106155 2189
20230711_CVD_2546_60s_20x20ptsdet_2_12_7  230883 27724   110  708       0 105057 2225
20230711_CVD_2546_60s_20x20ptsdet_2_12_8  228944 27814   141  773       0 104786 2270
20230711_CVD_2546_60s_20x20ptsdet_2_12_9  231847 27773    59  620       0 105447 2314
20230711_CVD_2546_60s_20x20ptsdet_2_13_0  230805 27521    81  726       0 105476 2395
20230711_CVD_2546_60s_20x20ptsdet_2_13_1  230147 27610   118  662       0 104856 2192
20230711_CVD_2546_60s_20x20ptsdet_2_13_10 232562 27854   123  661       0 106361 2229
20230711_CVD_2546_60s_20x20ptsdet_2_13_11 232761 28011   139  691       0 106519 2303
20230711_CVD_2546_60s_20x20ptsdet_2_13_12 232768 28136    95  678       0 105848 2372
20230711_CVD_2546_60s_20x20ptsdet_2_13_13 232009 27956   143  764       0 105724 2183
20230711_CVD_2546_60s_20x20ptsdet_2_13_14 231765 27864   103  593       0 106290 2281
20230711_CVD_2546_60s_20x20ptsdet_2_13_15 231659 28066   132  688       0 104938 2265
20230711_CVD_2546_60s_20x20ptsdet_2_13_16 232540 28004   174  720       0 106104 2256
20230711_CVD_2546_60s_20x20ptsdet_2_13_17 231877 27602    75  670       0 106244 2207
20230711_CVD_2546_60s_20x20ptsdet_2_13_18 232753 27552   121  752       0 106131 2169
20230711_CVD_2546_60s_20x20ptsdet_2_13_19 233715 27992    88  748       0 106607 2250
20230711_CVD_2546_60s_20x20ptsdet_2_13_2  234812 28206   103  651       0 107796 2381
20230711_CVD_2546_60s_20x20ptsdet_2_13_3  235207 27979   124  662       0 106556 2230
20230711_CVD_2546_60s_20x20ptsdet_2_13_4  233602 28148    77  705       0 107150 2175
20230711_CVD_2546_60s_20x20ptsdet_2_13_5  235375 28033   142  734       0 106901 2261
20230711_CVD_2546_60s_20x20ptsdet_2_13_6  234046 28200   115  763       0 106875 2357
20230711_CVD_2546_60s_20x20ptsdet_2_13_7  233651 27733   104  751       0 106873 2264
20230711_CVD_2546_60s_20x20ptsdet_2_13_8  232860 27893   129  651       0 106221 2284
20230711_CVD_2546_60s_20x20ptsdet_2_13_9  232263 27818   126  740       0 106173 2218
20230711_CVD_2546_60s_20x20ptsdet_2_14_0  233284 27344   141  690       0 105756 2302
20230711_CVD_2546_60s_20x20ptsdet_2_14_1  234187 27578    83  682       0 107057 2357
20230711_CVD_2546_60s_20x20ptsdet_2_14_10 231046 27704   119  789       0 105591 2388
20230711_CVD_2546_60s_20x20ptsdet_2_14_11 231102 27724    81  762       0 106122 2238
20230711_CVD_2546_60s_20x20ptsdet_2_14_12 231225 27392   106  732       0 106318 2228
20230711_CVD_2546_60s_20x20ptsdet_2_14_13 230539 27458   105  657       0 104839 2444
20230711_CVD_2546_60s_20x20ptsdet_2_14_14 231850 27809   138  716       0 105329 2207
20230711_CVD_2546_60s_20x20ptsdet_2_14_15 230503 27588    96  692       0 105132 2303
20230711_CVD_2546_60s_20x20ptsdet_2_14_16 231124 27671   100  796       0 105507 2392
20230711_CVD_2546_60s_20x20ptsdet_2_14_17 229984 27518   100  671       0 105585 2311
20230711_CVD_2546_60s_20x20ptsdet_2_14_18 230675 27429   144  836       0 105499 2309
20230711_CVD_2546_60s_20x20ptsdet_2_14_19 229588 27341   104  782       0 105348 2310
20230711_CVD_2546_60s_20x20ptsdet_2_14_2  232552 27866   139  773       0 105897 2406
20230711_CVD_2546_60s_20x20ptsdet_2_14_3  231233 27324   148  782       0 105864 2294
20230711_CVD_2546_60s_20x20ptsdet_2_14_4  231336 27592   145  742       0 105235 2263
20230711_CVD_2546_60s_20x20ptsdet_2_14_5  230846 27368   139  740       0 105961 2352
20230711_CVD_2546_60s_20x20ptsdet_2_14_6  231728 27936   107  680       0 105261 2271
20230711_CVD_2546_60s_20x20ptsdet_2_14_7  231572 27540    56  793       0 106030 2240
20230711_CVD_2546_60s_20x20ptsdet_2_14_8  228392 27175    48  685       0 104202 2295
20230711_CVD_2546_60s_20x20ptsdet_2_14_9  231222 27513   173  826       0 105295 2240
20230711_CVD_2546_60s_20x20ptsdet_2_15_0  229970 27054   138  820       0 104777 2371
20230711_CVD_2546_60s_20x20ptsdet_2_15_1  229505 27530   128  734       0 104257 2269
20230711_CVD_2546_60s_20x20ptsdet_2_15_10 230274 27669   140  754       0 105062 2333
20230711_CVD_2546_60s_20x20ptsdet_2_15_11 233139 27569   189  691       0 106273 2364
20230711_CVD_2546_60s_20x20ptsdet_2_15_12 231871 27840    67  811       0 106122 2313
20230711_CVD_2546_60s_20x20ptsdet_2_15_13 229613 27360    92  792       0 104624 2267
20230711_CVD_2546_60s_20x20ptsdet_2_15_14 228139 27372    89  604       0 104390 2361
20230711_CVD_2546_60s_20x20ptsdet_2_15_15 227408 27043   150  833       0 104075 2226
20230711_CVD_2546_60s_20x20ptsdet_2_15_16 228736 27355   161  651       0 104095 2313
20230711_CVD_2546_60s_20x20ptsdet_2_15_17 229606 27603   189  724       0 104853 2138
20230711_CVD_2546_60s_20x20ptsdet_2_15_18 229775 27263    67  741       0 104710 2281
20230711_CVD_2546_60s_20x20ptsdet_2_15_19 229008 27426   165  711       0 105439 2321
20230711_CVD_2546_60s_20x20ptsdet_2_15_2  231885 27614    83  773       0 105445 2364
20230711_CVD_2546_60s_20x20ptsdet_2_15_3  232249 27594   131  638       0 105904 2251
20230711_CVD_2546_60s_20x20ptsdet_2_15_4  231997 27265   156  745       0 106070 2307
20230711_CVD_2546_60s_20x20ptsdet_2_15_5  231630 27504   191  776       0 105046 2225
20230711_CVD_2546_60s_20x20ptsdet_2_15_6  232408 27464   127  769       0 105595 2311
20230711_CVD_2546_60s_20x20ptsdet_2_15_7  232491 27094   115  833       0 105941 2299
20230711_CVD_2546_60s_20x20ptsdet_2_15_8  231493 27653   126  718       0 105987 2410
20230711_CVD_2546_60s_20x20ptsdet_2_15_9  231233 27451   105  747       0 106204 2250
20230711_CVD_2546_60s_20x20ptsdet_2_16_0  231031 27649    69  717       0 105848 2297
20230711_CVD_2546_60s_20x20ptsdet_2_16_1  232089 27468    68  805       0 105829 2249
20230711_CVD_2546_60s_20x20ptsdet_2_16_10 233851 27692    85  729       0 106697 2360
20230711_CVD_2546_60s_20x20ptsdet_2_16_11 233287 27685   166  653       0 107274 2313
20230711_CVD_2546_60s_20x20ptsdet_2_16_12 234591 28060   134  818       0 106624 2416
20230711_CVD_2546_60s_20x20ptsdet_2_16_13 232619 27899    72  651       0 106186 2442
20230711_CVD_2546_60s_20x20ptsdet_2_16_14 233679 27765   140  776       0 106266 2393
20230711_CVD_2546_60s_20x20ptsdet_2_16_15 232410 28365    58  663       0 106090 2303
20230711_CVD_2546_60s_20x20ptsdet_2_16_16 232483 27809   112  660       0 106531 2293
20230711_CVD_2546_60s_20x20ptsdet_2_16_17 233763 27916   151  743       0 105695 2346
20230711_CVD_2546_60s_20x20ptsdet_2_16_18 231044 27882   156  694       0 105940 2231
20230711_CVD_2546_60s_20x20ptsdet_2_16_19 231960 27528   178  704       0 106367 2403
20230711_CVD_2546_60s_20x20ptsdet_2_16_2  231482 27697   147  756       0 105973 2283
20230711_CVD_2546_60s_20x20ptsdet_2_16_3  231253 27211   111  708       0 105751 2332
20230711_CVD_2546_60s_20x20ptsdet_2_16_4  230997 27648    93  735       0 105437 2231
20230711_CVD_2546_60s_20x20ptsdet_2_16_5  231015 27551    70  722       0 105411 2248
20230711_CVD_2546_60s_20x20ptsdet_2_16_6  231855 27992   171  748       0 105743 2366
20230711_CVD_2546_60s_20x20ptsdet_2_16_7  232466 27801   113  695       0 106960 2286
20230711_CVD_2546_60s_20x20ptsdet_2_16_8  232991 27856   136  711       0 106258 2342
20230711_CVD_2546_60s_20x20ptsdet_2_16_9  232947 27531   223  817       0 106861 2247
20230711_CVD_2546_60s_20x20ptsdet_2_17_0  231252 27910    89  793       0 105771 2298
20230711_CVD_2546_60s_20x20ptsdet_2_17_1  232645 27930   137  840       0 105946 2352
20230711_CVD_2546_60s_20x20ptsdet_2_17_10 233993 27763    83  721       0 106797 2192
20230711_CVD_2546_60s_20x20ptsdet_2_17_11 235667 27700   135  806       0 106915 2493
20230711_CVD_2546_60s_20x20ptsdet_2_17_12 233787 28028    78  711       0 106465 2316
20230711_CVD_2546_60s_20x20ptsdet_2_17_13 233411 27996   130  719       0 107402 2308
20230711_CVD_2546_60s_20x20ptsdet_2_17_14 230610 27425    56  845       0 105047 2282
20230711_CVD_2546_60s_20x20ptsdet_2_17_15 231876 27736   103  756       0 105133 2206
20230711_CVD_2546_60s_20x20ptsdet_2_17_16 231415 27532   176  710       0 105686 2264
20230711_CVD_2546_60s_20x20ptsdet_2_17_17 232452 27945    91  772       0 105649 2236
20230711_CVD_2546_60s_20x20ptsdet_2_17_18 232991 27800    60  717       0 105377 2418
20230711_CVD_2546_60s_20x20ptsdet_2_17_19 230473 27513    81  790       0 105488 2302
20230711_CVD_2546_60s_20x20ptsdet_2_17_2  232826 27811   125  734       0 106263 2391
20230711_CVD_2546_60s_20x20ptsdet_2_17_3  232395 27717    75  817       0 106304 2374
20230711_CVD_2546_60s_20x20ptsdet_2_17_4  232942 27883   128  812       0 105904 2426
20230711_CVD_2546_60s_20x20ptsdet_2_17_5  232109 27858   116  695       0 105657 2199
20230711_CVD_2546_60s_20x20ptsdet_2_17_6  233298 27870    93  834       0 106202 2387
20230711_CVD_2546_60s_20x20ptsdet_2_17_7  232558 27873    91  738       0 106585 2334
20230711_CVD_2546_60s_20x20ptsdet_2_17_8  233005 27779   127  705       0 105337 2217
20230711_CVD_2546_60s_20x20ptsdet_2_17_9  233090 27675   130  738       0 106336 2207
20230711_CVD_2546_60s_20x20ptsdet_2_18_0  232165 27883    92  755       0 105839 2257
20230711_CVD_2546_60s_20x20ptsdet_2_18_1  234305 27934    96  630       0 106571 2214
20230711_CVD_2546_60s_20x20ptsdet_2_18_10 233437 27738   122  742       0 106754 2371
20230711_CVD_2546_60s_20x20ptsdet_2_18_11 234039 28176   114  725       0 106882 2410
20230711_CVD_2546_60s_20x20ptsdet_2_18_12 232354 27490   113  829       0 106321 2335
20230711_CVD_2546_60s_20x20ptsdet_2_18_13 233134 27729    94  713       0 106306 2361
20230711_CVD_2546_60s_20x20ptsdet_2_18_14 232118 28088    87  907       0 106087 2315
20230711_CVD_2546_60s_20x20ptsdet_2_18_15 230992 27456   130  730       0 105546 2137
20230711_CVD_2546_60s_20x20ptsdet_2_18_16 233817 27981   111  612       0 106652 2267
20230711_CVD_2546_60s_20x20ptsdet_2_18_17 233825 28230   145  647       0 107117 2336
20230711_CVD_2546_60s_20x20ptsdet_2_18_18 232258 27789    84  786       0 106395 2319
20230711_CVD_2546_60s_20x20ptsdet_2_18_19 231437 27581    99  692       0 105502 2044
20230711_CVD_2546_60s_20x20ptsdet_2_18_2  234064 27644   101  667       0 106077 2191
20230711_CVD_2546_60s_20x20ptsdet_2_18_3  233602 27885   117  769       0 106583 2403
20230711_CVD_2546_60s_20x20ptsdet_2_18_4  235026 27985    88  719       0 105763 2422
20230711_CVD_2546_60s_20x20ptsdet_2_18_5  234074 27782    93  777       0 107174 2324
20230711_CVD_2546_60s_20x20ptsdet_2_18_6  233636 27987    67  676       0 106833 2254
20230711_CVD_2546_60s_20x20ptsdet_2_18_7  230328 27764   147  812       0 105278 2297
20230711_CVD_2546_60s_20x20ptsdet_2_18_8  231672 27459    87  748       0 105467 2330
20230711_CVD_2546_60s_20x20ptsdet_2_18_9  232873 27725   107  758       0 107078 2290
20230711_CVD_2546_60s_20x20ptsdet_2_19_0  231490 27357   163  735       0 105381 2210
20230711_CVD_2546_60s_20x20ptsdet_2_19_1  234379 28205    85  829      11 106520 2264
20230711_CVD_2546_60s_20x20ptsdet_2_19_10 232529 27462   101  772       0 106657 2352
20230711_CVD_2546_60s_20x20ptsdet_2_19_11 231427 27497    69  792       0 106142 2293
20230711_CVD_2546_60s_20x20ptsdet_2_19_12 232357 27579   136  691       0 106626 2515
20230711_CVD_2546_60s_20x20ptsdet_2_19_13 231393 27744   124  716       0 106409 2400
20230711_CVD_2546_60s_20x20ptsdet_2_19_14 232107 27812    95  756       0 106025 2241
20230711_CVD_2546_60s_20x20ptsdet_2_19_15 231384 27713   144  715       0 106194 2401
20230711_CVD_2546_60s_20x20ptsdet_2_19_16 231421 28025   100  789       0 106283 2225
20230711_CVD_2546_60s_20x20ptsdet_2_19_17 230942 27711   128  654       0 105255 2409
20230711_CVD_2546_60s_20x20ptsdet_2_19_18 231524 27789   201  696       0 105821 2320
20230711_CVD_2546_60s_20x20ptsdet_2_19_19 231098 27504   111  667       0 105070 2244
20230711_CVD_2546_60s_20x20ptsdet_2_19_2  234765 27784   123  683       0 107505 2455
20230711_CVD_2546_60s_20x20ptsdet_2_19_3  234065 27715   129  736       0 106644 2421
20230711_CVD_2546_60s_20x20ptsdet_2_19_4  234339 27847    92  586       0 106717 2253
20230711_CVD_2546_60s_20x20ptsdet_2_19_5  232722 28276   128  797       0 106207 2252
20230711_CVD_2546_60s_20x20ptsdet_2_19_6  233035 27875   105  694       0 106870 2469
20230711_CVD_2546_60s_20x20ptsdet_2_19_7  233395 27925    92  683       0 106426 2438
20230711_CVD_2546_60s_20x20ptsdet_2_19_8  232538 27980    71  696       0 106575 2426
20230711_CVD_2546_60s_20x20ptsdet_2_19_9  232120 27377    92  624       0 105522 2169
20230711_CVD_2546_60s_20x20ptsdet_2_1_0   233512 28309   111  688       0 105648 2182
20230711_CVD_2546_60s_20x20ptsdet_2_1_1   230536 27817    94  702       0 104380 2249
20230711_CVD_2546_60s_20x20ptsdet_2_1_10  229807 27486   110  717       0 105088 2168
20230711_CVD_2546_60s_20x20ptsdet_2_1_11  229825 27702   107  747       0 104623 2301
20230711_CVD_2546_60s_20x20ptsdet_2_1_12  229399 27763   101  694       0 103988 2319
20230711_CVD_2546_60s_20x20ptsdet_2_1_13  230236 27453   101  765       0 104294 2152
20230711_CVD_2546_60s_20x20ptsdet_2_1_14  230282 27694   138  799       0 104070 2326
20230711_CVD_2546_60s_20x20ptsdet_2_1_15  229778 27478    49  713       0 105023 2140
20230711_CVD_2546_60s_20x20ptsdet_2_1_16  230014 27114   139  717       0 104032 2182
20230711_CVD_2546_60s_20x20ptsdet_2_1_17  228015 27243    30  680       0 103648 2344
20230711_CVD_2546_60s_20x20ptsdet_2_1_18  228314 27289   141  757       0 103920 2103
20230711_CVD_2546_60s_20x20ptsdet_2_1_19  226210 27044    62  707       0 103218 2172
20230711_CVD_2546_60s_20x20ptsdet_2_1_2   231066 28078    85  808       0 105040 2309
20230711_CVD_2546_60s_20x20ptsdet_2_1_3   232650 27999   128  729       0 105331 2333
20230711_CVD_2546_60s_20x20ptsdet_2_1_4   231904 27924   163  860       0 105764 2408
20230711_CVD_2546_60s_20x20ptsdet_2_1_5   232101 27950   141  731       0 105570 2296
20230711_CVD_2546_60s_20x20ptsdet_2_1_6   232161 28005   104  745       0 105412 2304
20230711_CVD_2546_60s_20x20ptsdet_2_1_7   231291 27695   111  794       0 104690 2184
20230711_CVD_2546_60s_20x20ptsdet_2_1_8   232186 28059   134  763       0 105912 2358
20230711_CVD_2546_60s_20x20ptsdet_2_1_9   231843 27789   125  753       0 104994 2251
20230711_CVD_2546_60s_20x20ptsdet_2_2_0   230688 27945   101  633       0 104534 2337
20230711_CVD_2546_60s_20x20ptsdet_2_2_1   231244 27630    89  749       0 105162 2183
20230711_CVD_2546_60s_20x20ptsdet_2_2_10  234197 27874    76  790       0 106133 2217
20230711_CVD_2546_60s_20x20ptsdet_2_2_11  234747 28344    72  732       0 107327 2405
20230711_CVD_2546_60s_20x20ptsdet_2_2_12  236071 28583    59  822       0 107950 2403
20230711_CVD_2546_60s_20x20ptsdet_2_2_13  236173 28341   142  741       0 107426 2290
20230711_CVD_2546_60s_20x20ptsdet_2_2_14  235706 28306   128  810       0 107656 2385
20230711_CVD_2546_60s_20x20ptsdet_2_2_15  235534 28152   146  887       0 108162 2352
20230711_CVD_2546_60s_20x20ptsdet_2_2_16  236047 28460   104  734       0 108524 2443
20230711_CVD_2546_60s_20x20ptsdet_2_2_17  235010 28287   112  847       0 106793 2472
20230711_CVD_2546_60s_20x20ptsdet_2_2_18  234916 28064    12  774       0 107189 2252
20230711_CVD_2546_60s_20x20ptsdet_2_2_19  234738 28106   105  828       0 106712 2369
20230711_CVD_2546_60s_20x20ptsdet_2_2_2   230941 27677    61  714       0 104353 2304
20230711_CVD_2546_60s_20x20ptsdet_2_2_3   230947 27205    98  822       0 104737 2232
20230711_CVD_2546_60s_20x20ptsdet_2_2_4   231149 27439   110  699       0 104662 2230
20230711_CVD_2546_60s_20x20ptsdet_2_2_5   232266 27626    93  741       0 105615 2274
20230711_CVD_2546_60s_20x20ptsdet_2_2_6   230218 27794   115  716       0 105216 2237
20230711_CVD_2546_60s_20x20ptsdet_2_2_7   229397 27320    54  700       0 104136 2242
20230711_CVD_2546_60s_20x20ptsdet_2_2_8   230266 27806    60  811       0 104244 2182
20230711_CVD_2546_60s_20x20ptsdet_2_2_9   230866 27580    43  775       0 104393 2363
20230711_CVD_2546_60s_20x20ptsdet_2_3_0   234590 27908   153  797       0 106916 2363
20230711_CVD_2546_60s_20x20ptsdet_2_3_1   234653 28103   147  758       0 107357 2305
20230711_CVD_2546_60s_20x20ptsdet_2_3_10  234619 28195   133  734       0 106744 2256
20230711_CVD_2546_60s_20x20ptsdet_2_3_11  233950 28002   102  708       0 107507 2225
20230711_CVD_2546_60s_20x20ptsdet_2_3_12  234264 28103   137  630       0 106603 2312
20230711_CVD_2546_60s_20x20ptsdet_2_3_13  233236 28091    79  662       0 107379 2324
20230711_CVD_2546_60s_20x20ptsdet_2_3_14  234842 27790   109  834       0 107773 2424
20230711_CVD_2546_60s_20x20ptsdet_2_3_15  233996 27701    71  872       0 107627 2372
20230711_CVD_2546_60s_20x20ptsdet_2_3_16  234278 28097    85  734       0 107258 2323
20230711_CVD_2546_60s_20x20ptsdet_2_3_17  235459 28454   160  726       0 108282 2321
20230711_CVD_2546_60s_20x20ptsdet_2_3_18  233425 28042   104  648       0 107988 2438
20230711_CVD_2546_60s_20x20ptsdet_2_3_19  233972 27929    48  745       0 107171 2237
20230711_CVD_2546_60s_20x20ptsdet_2_3_2   234595 28094   127  683       0 106764 2347
20230711_CVD_2546_60s_20x20ptsdet_2_3_3   234547 28057    73  868       0 107631 2427
20230711_CVD_2546_60s_20x20ptsdet_2_3_4   235114 27825   123  640       0 107157 2347
20230711_CVD_2546_60s_20x20ptsdet_2_3_5   233130 28248   112  799       0 107104 2468
20230711_CVD_2546_60s_20x20ptsdet_2_3_6   233659 27890   115  779       0 106422 2347
20230711_CVD_2546_60s_20x20ptsdet_2_3_7   234346 28150    83  733       0 106911 2182
20230711_CVD_2546_60s_20x20ptsdet_2_3_8   234089 27803   108  828       0 106660 2295
20230711_CVD_2546_60s_20x20ptsdet_2_3_9   234048 28454    94  747       0 106976 2416
20230711_CVD_2546_60s_20x20ptsdet_2_4_0   234138 27857    92  771       0 107150 2237
20230711_CVD_2546_60s_20x20ptsdet_2_4_1   233730 27922    55  797       0 106730 2275
20230711_CVD_2546_60s_20x20ptsdet_2_4_10  235702 28538   156  720       0 107211 2325
20230711_CVD_2546_60s_20x20ptsdet_2_4_11  236730 28575    45  741       0 107984 2403
20230711_CVD_2546_60s_20x20ptsdet_2_4_12  236009 28420    51  760       0 107662 2346
20230711_CVD_2546_60s_20x20ptsdet_2_4_13  237631 28041    69  802       0 108759 2356
20230711_CVD_2546_60s_20x20ptsdet_2_4_14  235441 28109   169  727       0 108586 2316
20230711_CVD_2546_60s_20x20ptsdet_2_4_15  235047 28346   104  744       0 107706 2362
20230711_CVD_2546_60s_20x20ptsdet_2_4_16  232469 27668    81  772       0 106791 2322
20230711_CVD_2546_60s_20x20ptsdet_2_4_17  233238 27967   125  863       0 106840 2273
20230711_CVD_2546_60s_20x20ptsdet_2_4_18  231673 27844   121  808       0 105461 2407
20230711_CVD_2546_60s_20x20ptsdet_2_4_19  232877 27654   152  771       0 106531 2482
20230711_CVD_2546_60s_20x20ptsdet_2_4_2   233710 27842    56  625       0 106950 2499
20230711_CVD_2546_60s_20x20ptsdet_2_4_3   233946 27952    86  783       0 106645 2243
20230711_CVD_2546_60s_20x20ptsdet_2_4_4   233396 28033    41  692       0 106842 2301
20230711_CVD_2546_60s_20x20ptsdet_2_4_5   231881 27509    95  819       0 105384 2222
20230711_CVD_2546_60s_20x20ptsdet_2_4_6   231305 27523    79  762       0 106263 2217
20230711_CVD_2546_60s_20x20ptsdet_2_4_7   234440 28289    80  741       0 107207 2322
20230711_CVD_2546_60s_20x20ptsdet_2_4_8   237113 28380    70  714       0 108312 2353
20230711_CVD_2546_60s_20x20ptsdet_2_4_9   235985 27965    80  745       0 108276 2437
20230711_CVD_2546_60s_20x20ptsdet_2_5_0   233396 27661    31  737       0 106652 2128
20230711_CVD_2546_60s_20x20ptsdet_2_5_1   231022 27796    80  749       0 105651 2296
20230711_CVD_2546_60s_20x20ptsdet_2_5_10  233483 27871   100  792       0 107614 2319
20230711_CVD_2546_60s_20x20ptsdet_2_5_11  234285 28010    89  678       0 106611 2291
20230711_CVD_2546_60s_20x20ptsdet_2_5_12  234983 28278    95  649       0 107629 2244
20230711_CVD_2546_60s_20x20ptsdet_2_5_13  233963 28249   121  846       0 106914 2340
20230711_CVD_2546_60s_20x20ptsdet_2_5_14  236091 28620   124  751       0 107006 2439
20230711_CVD_2546_60s_20x20ptsdet_2_5_15  235468 28100   111  700       0 106812 2350
20230711_CVD_2546_60s_20x20ptsdet_2_5_16  233464 27655   136  621       0 107106 2269
20230711_CVD_2546_60s_20x20ptsdet_2_5_17  234387 28084   131  689       0 107225 2250
20230711_CVD_2546_60s_20x20ptsdet_2_5_18  233105 27893   124  727       0 106396 2345
20230711_CVD_2546_60s_20x20ptsdet_2_5_19  232894 28160    66  636       0 106045 2373
20230711_CVD_2546_60s_20x20ptsdet_2_5_2   229839 27344    38  797       0 105018 2372
20230711_CVD_2546_60s_20x20ptsdet_2_5_3   230610 27500   103  721       0 104934 2243
20230711_CVD_2546_60s_20x20ptsdet_2_5_4   230342 28088   149  697       0 105963 2324
20230711_CVD_2546_60s_20x20ptsdet_2_5_5   229723 27780   106  636       0 104808 2298
20230711_CVD_2546_60s_20x20ptsdet_2_5_6   229894 27461   130  792       0 105006 2248
20230711_CVD_2546_60s_20x20ptsdet_2_5_7   232691 27471   137  724       0 106720 2442
20230711_CVD_2546_60s_20x20ptsdet_2_5_8   234881 28225   140  793       0 107748 2344
20230711_CVD_2546_60s_20x20ptsdet_2_5_9   234738 28574    88  699       0 106949 2398
20230711_CVD_2546_60s_20x20ptsdet_2_6_0   233491 27789   113  728       0 106054 2447
20230711_CVD_2546_60s_20x20ptsdet_2_6_1   232937 27530   164  672       0 106333 2247
20230711_CVD_2546_60s_20x20ptsdet_2_6_10  233643 27753    58  778       0 106435 2252
20230711_CVD_2546_60s_20x20ptsdet_2_6_11  232408 28056   110  747       0 107353 2387
20230711_CVD_2546_60s_20x20ptsdet_2_6_12  229380 27635    92  763       0 105291 2277
20230711_CVD_2546_60s_20x20ptsdet_2_6_13  230569 27757   112  729       0 104580 2245
20230711_CVD_2546_60s_20x20ptsdet_2_6_14  229973 27581   109  703       0 105232 2303
20230711_CVD_2546_60s_20x20ptsdet_2_6_15  233106 28176    66  678       0 106515 2193
20230711_CVD_2546_60s_20x20ptsdet_2_6_16  233733 27970    96  801       0 106645 2317
20230711_CVD_2546_60s_20x20ptsdet_2_6_17  231673 27878   114  734       0 106443 2371
20230711_CVD_2546_60s_20x20ptsdet_2_6_18  229955 27631    36  659       0 105929 2256
20230711_CVD_2546_60s_20x20ptsdet_2_6_19  234048 28070   126  740       0 106686 2453
20230711_CVD_2546_60s_20x20ptsdet_2_6_2   233573 27649   168  756       0 106296 2454
20230711_CVD_2546_60s_20x20ptsdet_2_6_3   231445 28053    95  715       0 105496 2421
20230711_CVD_2546_60s_20x20ptsdet_2_6_4   231671 27554    91  691       0 106374 2360
20230711_CVD_2546_60s_20x20ptsdet_2_6_5   231029 27675    97  777       0 106143 2342
20230711_CVD_2546_60s_20x20ptsdet_2_6_6   233937 27930    82  877       0 106956 2404
20230711_CVD_2546_60s_20x20ptsdet_2_6_7   233847 27851    97  833       0 106926 2407
20230711_CVD_2546_60s_20x20ptsdet_2_6_8   231302 27814    91  738       0 105186 2277
20230711_CVD_2546_60s_20x20ptsdet_2_6_9   232086 27679   102  805       0 104987 2385
20230711_CVD_2546_60s_20x20ptsdet_2_7_0   233718 28044   107  774       0 106936 2126
20230711_CVD_2546_60s_20x20ptsdet_2_7_1   234222 28080    79  868       0 106463 2359
20230711_CVD_2546_60s_20x20ptsdet_2_7_10  228424 27199    67  766       0 104512 2465
20230711_CVD_2546_60s_20x20ptsdet_2_7_11  228159 27229   100  712       0 104689 2292
20230711_CVD_2546_60s_20x20ptsdet_2_7_12  229347 27267   117  767       0 104731 2271
20230711_CVD_2546_60s_20x20ptsdet_2_7_13  229177 27448    81  734       0 104935 2319
20230711_CVD_2546_60s_20x20ptsdet_2_7_14  229161 27648   112  773       0 105243 2315
20230711_CVD_2546_60s_20x20ptsdet_2_7_15  228710 27330   107  597       0 104390 2303
20230711_CVD_2546_60s_20x20ptsdet_2_7_16  230010 27321    89  828       0 104951 2316
20230711_CVD_2546_60s_20x20ptsdet_2_7_17  229519 27442    44  711       0 105443 2335
20230711_CVD_2546_60s_20x20ptsdet_2_7_18  228912 27268   145  583       0 104947 2283
20230711_CVD_2546_60s_20x20ptsdet_2_7_19  228468 27586    94  730       0 104473 2200
20230711_CVD_2546_60s_20x20ptsdet_2_7_2   233319 27983   138  724       0 106740 2319
20230711_CVD_2546_60s_20x20ptsdet_2_7_3   233951 27926   128  813       0 106764 2340
20230711_CVD_2546_60s_20x20ptsdet_2_7_4   234403 28077   109  713       0 107739 2350
20230711_CVD_2546_60s_20x20ptsdet_2_7_5   232084 27751    89  711       0 105877 2267
20230711_CVD_2546_60s_20x20ptsdet_2_7_6   233465 28064    43  683       0 106349 2408
20230711_CVD_2546_60s_20x20ptsdet_2_7_7   230546 27572   101  871       0 105740 2416
20230711_CVD_2546_60s_20x20ptsdet_2_7_8   228832 27439    95  699       0 104346 2267
20230711_CVD_2546_60s_20x20ptsdet_2_7_9   228440 27367    91  854       0 104814 2468
20230711_CVD_2546_60s_20x20ptsdet_2_8_0   227943 27220   151  693       0 104070 2215
20230711_CVD_2546_60s_20x20ptsdet_2_8_1   227202 27319   120  703       0 103573 2133
20230711_CVD_2546_60s_20x20ptsdet_2_8_10  233131 27984   118  589       0 106471 2384
20230711_CVD_2546_60s_20x20ptsdet_2_8_11  233970 27557   115  712       0 106091 2326
20230711_CVD_2546_60s_20x20ptsdet_2_8_12  232465 27607    88  705       0 106331 2481
20230711_CVD_2546_60s_20x20ptsdet_2_8_13  231975 27791   138  775       0 105654 2188
20230711_CVD_2546_60s_20x20ptsdet_2_8_14  234157 27749   121  699       0 106873 2413
20230711_CVD_2546_60s_20x20ptsdet_2_8_15  233099 27927    67  826       0 106846 2422
20230711_CVD_2546_60s_20x20ptsdet_2_8_16  233400 27792   100  708       0 107042 2145
20230711_CVD_2546_60s_20x20ptsdet_2_8_17  234017 27991   134  697       0 107513 2299
20230711_CVD_2546_60s_20x20ptsdet_2_8_18  234284 27849   123  819       0 108701 2380
20230711_CVD_2546_60s_20x20ptsdet_2_8_19  234965 27988   156  761       0 107501 2444
20230711_CVD_2546_60s_20x20ptsdet_2_8_2   228193 26858   112  781       0 104035 2238
20230711_CVD_2546_60s_20x20ptsdet_2_8_3   233587 27847   139  801       0 107037 2461
20230711_CVD_2546_60s_20x20ptsdet_2_8_4   233102 27626    81  725       0 107263 2424
20230711_CVD_2546_60s_20x20ptsdet_2_8_5   227912 27185    90  787       0 103958 2308
20230711_CVD_2546_60s_20x20ptsdet_2_8_6   228036 27629    91  729       0 104461 2466
20230711_CVD_2546_60s_20x20ptsdet_2_8_7   229077 27310   124  725       0 104991 2280
20230711_CVD_2546_60s_20x20ptsdet_2_8_8   228899 27732   126  797       0 104830 2411
20230711_CVD_2546_60s_20x20ptsdet_2_8_9   227938 27271   137  737       0 104264 2353
20230711_CVD_2546_60s_20x20ptsdet_2_9_0   234862 28195    41  783       0 106889 2324
20230711_CVD_2546_60s_20x20ptsdet_2_9_1   234384 28307    70  721       0 106720 2254
20230711_CVD_2546_60s_20x20ptsdet_2_9_10  234250 28110    48  770       0 106823 2332
20230711_CVD_2546_60s_20x20ptsdet_2_9_11  233761 27879   106  734       0 107305 2328
20230711_CVD_2546_60s_20x20ptsdet_2_9_12  233776 27989   141  649       0 106730 2393
20230711_CVD_2546_60s_20x20ptsdet_2_9_13  233759 27651    92  715       0 106672 2345
20230711_CVD_2546_60s_20x20ptsdet_2_9_14  235193 27847    82  778       0 107167 2198
20230711_CVD_2546_60s_20x20ptsdet_2_9_15  234340 27905   110  826       0 106840 2242
20230711_CVD_2546_60s_20x20ptsdet_2_9_16  234091 27978   121  703       0 107884 2317
20230711_CVD_2546_60s_20x20ptsdet_2_9_17  231729 28052    92  720       0 106138 2130
20230711_CVD_2546_60s_20x20ptsdet_2_9_18  231337 27833   116  738       0 106464 2350
20230711_CVD_2546_60s_20x20ptsdet_2_9_19  229465 27787   125  737       9 106283 2367
20230711_CVD_2546_60s_20x20ptsdet_2_9_2   233578 27839   145  676       0 107436 2214
20230711_CVD_2546_60s_20x20ptsdet_2_9_3   233317 27759   125  806       0 107382 2382
20230711_CVD_2546_60s_20x20ptsdet_2_9_4   232620 27960   112  777       0 107165 2289
20230711_CVD_2546_60s_20x20ptsdet_2_9_5   233372 27965   120  716       0 106932 2383
20230711_CVD_2546_60s_20x20ptsdet_2_9_6   234096 27937   117  703       0 107545 2383
20230711_CVD_2546_60s_20x20ptsdet_2_9_7   235039 28273    81  664       0 106949 2381
20230711_CVD_2546_60s_20x20ptsdet_2_9_8   233907 28062    78  590       0 107347 2389
20230711_CVD_2546_60s_20x20ptsdet_2_9_9   235080 28414   110  744       0 107158 2493
-------------------------------------------------------------------------------------
Mean value:                               228679 27812    98  700       0 105309 2395
Std. Abw.:                                  4074   302    34   69       1   1289  120
Std. Abw. rel. [%]:                         1.78  1.08 34.73 9.93 2008.74   1.22 5.00
Conf. interval:                              144    11     1    2       0     46    4
