ROI backgr, sum

Spectrum                                     Si       P     Ar       Ni       Zn       Ga       Rh
--------------------------------------------------------------------------------------------------
20230607_CVD_2546_60s_10x10ptsdet_1_0_0    -241    -192    -93     -974    -1660    -2021    -5062
20230607_CVD_2546_60s_10x10ptsdet_1_0_1    -246    -210    -78    -1000    -1639    -1956    -4546
20230607_CVD_2546_60s_10x10ptsdet_1_0_2    -264    -218    -67     -997    -1602    -1999    -4570
20230607_CVD_2546_60s_10x10ptsdet_1_0_3    -238    -186    -71     -998    -1694    -2120    -4607
20230607_CVD_2546_60s_10x10ptsdet_1_0_4    -228    -186    -77    -1024    -1618    -2105    -4484
20230607_CVD_2546_60s_10x10ptsdet_1_0_5    -229    -186    -66    -1019    -1678    -2043    -4557
20230607_CVD_2546_60s_10x10ptsdet_1_0_6    -244    -201    -79     -933    -1531    -1860    -4614
20230607_CVD_2546_60s_10x10ptsdet_1_0_7    -237    -189    -70     -916    -1515    -2004    -4464
20230607_CVD_2546_60s_10x10ptsdet_1_0_8    -246    -208    -76     -902    -1515    -2034    -4543
20230607_CVD_2546_60s_10x10ptsdet_1_0_9    -246    -206    -67     -979    -1537    -1959    -4590
20230607_CVD_2546_60s_10x10ptsdet_1_1_0    -244    -194    -87     -887    -1540    -1952    -4921
20230607_CVD_2546_60s_10x10ptsdet_1_1_1    -223    -177    -72     -943    -1580    -2069    -4563
20230607_CVD_2546_60s_10x10ptsdet_1_1_2    -229    -188    -79     -936    -1525    -1971    -4483
20230607_CVD_2546_60s_10x10ptsdet_1_1_3    -244    -202    -70    -1001    -1709    -2160    -4557
20230607_CVD_2546_60s_10x10ptsdet_1_1_4    -243    -196    -66    -1007    -1644    -2036    -4603
20230607_CVD_2546_60s_10x10ptsdet_1_1_5    -238    -191    -75     -986    -1544    -2030    -4608
20230607_CVD_2546_60s_10x10ptsdet_1_1_6    -243    -203    -85     -995    -1664    -2141    -4645
20230607_CVD_2546_60s_10x10ptsdet_1_1_7    -233    -192    -69    -1024    -1654    -2023    -4620
20230607_CVD_2546_60s_10x10ptsdet_1_1_8    -258    -229    -94     -968    -1609    -2039    -4591
20230607_CVD_2546_60s_10x10ptsdet_1_1_9    -230    -186    -48    -1030    -1630    -2097    -4625
20230607_CVD_2546_60s_10x10ptsdet_1_2_0    -265    -212    -85     -979    -1581    -2009    -5032
20230607_CVD_2546_60s_10x10ptsdet_1_2_1    -248    -202    -92     -996    -1662    -2073    -4619
20230607_CVD_2546_60s_10x10ptsdet_1_2_2    -242    -196    -81     -959    -1634    -2070    -4632
20230607_CVD_2546_60s_10x10ptsdet_1_2_3    -244    -195    -65     -995    -1682    -2078    -4658
20230607_CVD_2546_60s_10x10ptsdet_1_2_4    -242    -187    -88     -930    -1581    -2030    -4613
20230607_CVD_2546_60s_10x10ptsdet_1_2_5    -259    -225   -100     -988    -1686    -2150    -4594
20230607_CVD_2546_60s_10x10ptsdet_1_2_6    -237    -180    -75     -960    -1682    -2106    -4625
20230607_CVD_2546_60s_10x10ptsdet_1_2_7    -251    -214    -88     -951    -1600    -2082    -4646
20230607_CVD_2546_60s_10x10ptsdet_1_2_8    -228    -186    -55     -993    -1560    -2032    -4609
20230607_CVD_2546_60s_10x10ptsdet_1_2_9    -256    -216    -83     -998    -1716    -2107    -4628
20230607_CVD_2546_60s_10x10ptsdet_1_3_0    -248    -208   -102     -990    -1617    -2073    -4910
20230607_CVD_2546_60s_10x10ptsdet_1_3_1    -239    -201    -69     -989    -1653    -2092    -4703
20230607_CVD_2546_60s_10x10ptsdet_1_3_2    -241    -186    -54     -960    -1632    -2053    -4663
20230607_CVD_2546_60s_10x10ptsdet_1_3_3    -245    -190    -71    -1020    -1676    -2070    -4624
20230607_CVD_2546_60s_10x10ptsdet_1_3_4    -244    -202    -54     -970    -1557    -2047    -4425
20230607_CVD_2546_60s_10x10ptsdet_1_3_5    -237    -197    -76     -981    -1674    -2160    -4580
20230607_CVD_2546_60s_10x10ptsdet_1_3_6    -230    -187    -62     -937    -1324    -1900    -4579
20230607_CVD_2546_60s_10x10ptsdet_1_3_7    -247    -203    -48     -980    -1649    -2067    -4667
20230607_CVD_2546_60s_10x10ptsdet_1_3_8    -249    -210    -55     -960    -1635    -2061    -4527
20230607_CVD_2546_60s_10x10ptsdet_1_3_9    -236    -204    -94     -994    -1649    -2120    -4612
20230607_CVD_2546_60s_10x10ptsdet_1_4_0    -230    -185    -76    -1031    -1645    -2069    -4921
20230607_CVD_2546_60s_10x10ptsdet_1_4_1    -232    -180    -68     -947    -1592    -1999    -4717
20230607_CVD_2546_60s_10x10ptsdet_1_4_2    -232    -191    -64     -992    -1632    -2099    -4561
20230607_CVD_2546_60s_10x10ptsdet_1_4_3    -245    -206   -101     -966    -1534    -1943    -4524
20230607_CVD_2546_60s_10x10ptsdet_1_4_4    -238    -194    -82    -1003    -1648    -2073    -4439
20230607_CVD_2546_60s_10x10ptsdet_1_4_5    -252    -218    -69     -952    -1573    -2026    -4529
20230607_CVD_2546_60s_10x10ptsdet_1_4_6    -228    -174    -78    -1001    -1660    -2092    -4534
20230607_CVD_2546_60s_10x10ptsdet_1_4_7    -224    -172    -49     -976    -1595    -1942    -4614
20230607_CVD_2546_60s_10x10ptsdet_1_4_8    -232    -204    -76    -1010    -1594    -2057    -4634
20230607_CVD_2546_60s_10x10ptsdet_1_4_9    -238    -203    -77     -930    -1582    -2035    -4636
20230607_CVD_2546_60s_10x10ptsdet_1_5_0    -227    -176    -66    -1003    -1655    -2089    -4958
20230607_CVD_2546_60s_10x10ptsdet_1_5_1    -247    -208    -56     -935    -1590    -1980    -4617
20230607_CVD_2546_60s_10x10ptsdet_1_5_2    -255    -219    -74     -951    -1578    -2054    -4522
20230607_CVD_2546_60s_10x10ptsdet_1_5_3    -255    -214    -83    -1023    -1666    -2075    -4689
20230607_CVD_2546_60s_10x10ptsdet_1_5_4    -221    -168    -70    -1007    -1673    -2150    -4541
20230607_CVD_2546_60s_10x10ptsdet_1_5_5    -249    -215    -78     -875    -1483    -1910    -4496
20230607_CVD_2546_60s_10x10ptsdet_1_5_6    -237    -202    -73     -969    -1546    -2011    -4598
20230607_CVD_2546_60s_10x10ptsdet_1_5_7    -233    -186    -51     -889    -1492    -2014    -4617
20230607_CVD_2546_60s_10x10ptsdet_1_5_8    -251    -212    -80    -1039    -1663    -2095    -4365
20230607_CVD_2546_60s_10x10ptsdet_1_5_9    -254    -220    -88     -949    -1607    -2091    -4363
20230607_CVD_2546_60s_10x10ptsdet_1_6_0    -256    -212    -75    -1010    -1634    -2056    -4887
20230607_CVD_2546_60s_10x10ptsdet_1_6_1    -260    -221    -96    -1001    -1676    -2154    -4647
20230607_CVD_2546_60s_10x10ptsdet_1_6_2    -260    -217    -76    -1017    -1689    -2108    -4625
20230607_CVD_2546_60s_10x10ptsdet_1_6_3    -232    -188    -77     -972    -1593    -1911    -4629
20230607_CVD_2546_60s_10x10ptsdet_1_6_4    -232    -183    -61     -990    -1583    -1997    -4629
20230607_CVD_2546_60s_10x10ptsdet_1_6_5    -250    -210    -78     -952    -1592    -2022    -4510
20230607_CVD_2546_60s_10x10ptsdet_1_6_6    -250    -202    -68     -969    -1504    -1912    -4529
20230607_CVD_2546_60s_10x10ptsdet_1_6_7    -234    -195    -57     -940    -1528    -2009    -4614
20230607_CVD_2546_60s_10x10ptsdet_1_6_8    -239    -197    -76     -989    -1600    -2033    -4531
20230607_CVD_2546_60s_10x10ptsdet_1_6_9    -252    -197    -53     -989    -1635    -2058    -4509
20230607_CVD_2546_60s_10x10ptsdet_1_7_0    -236    -185    -58    -1011    -1625    -2126    -4919
20230607_CVD_2546_60s_10x10ptsdet_1_7_1    -253    -212    -82     -935    -1614    -2034    -4681
20230607_CVD_2546_60s_10x10ptsdet_1_7_2    -242    -202    -58     -987    -1530    -2050    -4728
20230607_CVD_2546_60s_10x10ptsdet_1_7_3    -254    -205    -59    -1010    -1645    -2064    -4647
20230607_CVD_2546_60s_10x10ptsdet_1_7_4    -249    -210    -62     -984    -1631    -2050    -4601
20230607_CVD_2546_60s_10x10ptsdet_1_7_5    -247    -206    -66    -1033    -1699    -2035    -4529
20230607_CVD_2546_60s_10x10ptsdet_1_7_6    -249    -205    -79    -1021    -1653    -2095    -4485
20230607_CVD_2546_60s_10x10ptsdet_1_7_7    -238    -194    -81     -981    -1567    -2047    -4643
20230607_CVD_2546_60s_10x10ptsdet_1_7_8    -232    -194    -80     -957    -1455    -1989    -4677
20230607_CVD_2546_60s_10x10ptsdet_1_7_9    -243    -194    -74    -1013    -1620    -2025    -4635
20230607_CVD_2546_60s_10x10ptsdet_1_8_0    -253    -224   -104     -939    -1553    -1984    -4996
20230607_CVD_2546_60s_10x10ptsdet_1_8_1    -246    -201    -58    -1001    -1691    -2071    -4693
20230607_CVD_2546_60s_10x10ptsdet_1_8_2    -233    -189    -63     -982    -1526    -1950    -4583
20230607_CVD_2546_60s_10x10ptsdet_1_8_3    -251    -209    -62     -951    -1501    -1990    -4619
20230607_CVD_2546_60s_10x10ptsdet_1_8_4    -246    -202    -56     -985    -1623    -2051    -4513
20230607_CVD_2546_60s_10x10ptsdet_1_8_5    -257    -216    -77    -1014    -1632    -2002    -4611
20230607_CVD_2546_60s_10x10ptsdet_1_8_6    -234    -190    -90     -998    -1662    -2101    -4690
20230607_CVD_2546_60s_10x10ptsdet_1_8_7    -252    -213    -72    -1009    -1646    -2114    -4592
20230607_CVD_2546_60s_10x10ptsdet_1_8_8    -238    -196    -66     -973    -1674    -2144    -4579
20230607_CVD_2546_60s_10x10ptsdet_1_8_9    -249    -209    -75     -964    -1627    -2056    -4623
20230607_CVD_2546_60s_10x10ptsdet_1_9_0    -248    -214    -85    -1011    -1663    -2039    -5064
20230607_CVD_2546_60s_10x10ptsdet_1_9_1    -234    -181    -67    -1006    -1663    -2087    -4766
20230607_CVD_2546_60s_10x10ptsdet_1_9_2    -240    -180    -77    -1013    -1669    -2140    -4810
20230607_CVD_2546_60s_10x10ptsdet_1_9_3    -246    -202    -80     -962    -1656    -2101    -4762
20230607_CVD_2546_60s_10x10ptsdet_1_9_4    -242    -208    -88     -967    -1674    -2135    -4584
20230607_CVD_2546_60s_10x10ptsdet_1_9_5    -241    -192    -82     -924    -1462    -1939    -4722
20230607_CVD_2546_60s_10x10ptsdet_1_9_6    -246    -206    -71     -972    -1582    -2045    -4718
20230607_CVD_2546_60s_10x10ptsdet_1_9_7    -242    -206    -87     -972    -1655    -2141    -4658
20230607_CVD_2546_60s_10x10ptsdet_1_9_8    -231    -185    -89     -993    -1661    -2021    -4808
20230607_CVD_2546_60s_10x10ptsdet_1_9_9    -251    -211    -78     -926    -1494    -1777    -4743
20230607_CVD_2546_60s_10x10ptsdet_2_0_0    -266    -231    -79     -945    -1552    -2053    -4987
20230607_CVD_2546_60s_10x10ptsdet_2_0_1    -270    -229    -61    -1026    -1725    -2220    -4582
20230607_CVD_2546_60s_10x10ptsdet_2_0_2    -262    -218    -63    -1016    -1791    -2198    -4538
20230607_CVD_2546_60s_10x10ptsdet_2_0_3    -256    -217    -71    -1020    -1777    -2200    -4548
20230607_CVD_2546_60s_10x10ptsdet_2_0_4    -236    -180    -56    -1054    -1739    -2207    -4547
20230607_CVD_2546_60s_10x10ptsdet_2_0_5    -242    -188    -70    -1063    -1689    -2108    -4500
20230607_CVD_2546_60s_10x10ptsdet_2_0_6    -266    -219    -78    -1003    -1711    -2215    -4538
20230607_CVD_2546_60s_10x10ptsdet_2_0_7    -236    -191    -82    -1010    -1773    -2264    -4539
20230607_CVD_2546_60s_10x10ptsdet_2_0_8    -246    -205    -81     -999    -1721    -2167    -4482
20230607_CVD_2546_60s_10x10ptsdet_2_0_9    -259    -221    -68    -1030    -1726    -2120    -4522
20230607_CVD_2546_60s_10x10ptsdet_2_1_0    -264    -222    -70    -1013    -1620    -2090    -4961
20230607_CVD_2546_60s_10x10ptsdet_2_1_1    -257    -208    -76    -1016    -1757    -2194    -4604
20230607_CVD_2546_60s_10x10ptsdet_2_1_2    -253    -211    -75     -960    -1610    -2173    -4511
20230607_CVD_2546_60s_10x10ptsdet_2_1_3    -261    -212    -71    -1014    -1750    -2173    -4627
20230607_CVD_2546_60s_10x10ptsdet_2_1_4    -275    -232    -79    -1106    -1839    -2257    -4682
20230607_CVD_2546_60s_10x10ptsdet_2_1_5    -260    -217    -71    -1068    -1829    -2130    -4602
20230607_CVD_2546_60s_10x10ptsdet_2_1_6    -241    -202    -79    -1074    -1843    -2291    -4589
20230607_CVD_2546_60s_10x10ptsdet_2_1_7    -266    -220    -81    -1056    -1757    -2251    -4606
20230607_CVD_2546_60s_10x10ptsdet_2_1_8    -254    -205    -75    -1050    -1746    -2178    -4635
20230607_CVD_2546_60s_10x10ptsdet_2_1_9    -255    -213    -93    -1038    -1806    -2241    -4651
20230607_CVD_2546_60s_10x10ptsdet_2_2_0    -273    -229    -87    -1056    -1788    -2322    -5094
20230607_CVD_2546_60s_10x10ptsdet_2_2_1    -262    -212    -64    -1022    -1785    -2290    -4690
20230607_CVD_2546_60s_10x10ptsdet_2_2_2    -268    -231    -76    -1075    -1820    -2265    -4665
20230607_CVD_2546_60s_10x10ptsdet_2_2_3    -245    -198    -69    -1084    -1826    -2263    -4560
20230607_CVD_2546_60s_10x10ptsdet_2_2_4    -241    -200    -67    -1047    -1781    -2284    -4587
20230607_CVD_2546_60s_10x10ptsdet_2_2_5    -242    -191    -56    -1048    -1763    -2205    -4587
20230607_CVD_2546_60s_10x10ptsdet_2_2_6    -253    -215    -62    -1012    -1687    -2274    -4613
20230607_CVD_2546_60s_10x10ptsdet_2_2_7    -259    -202    -64     -991    -1638    -2169    -4538
20230607_CVD_2546_60s_10x10ptsdet_2_2_8    -262    -217    -65    -1021    -1731    -2291    -4551
20230607_CVD_2546_60s_10x10ptsdet_2_2_9    -265    -234    -74    -1050    -1874    -2368    -4611
20230607_CVD_2546_60s_10x10ptsdet_2_3_0    -272    -223    -77    -1003    -1663    -2093    -5045
20230607_CVD_2546_60s_10x10ptsdet_2_3_1    -251    -194    -68    -1058    -1843    -2227    -4743
20230607_CVD_2546_60s_10x10ptsdet_2_3_2    -266    -226    -76    -1081    -1884    -2298    -4699
20230607_CVD_2546_60s_10x10ptsdet_2_3_3    -255    -220    -89     -991    -1737    -2267    -4605
20230607_CVD_2546_60s_10x10ptsdet_2_3_4    -247    -205    -76    -1001    -1710    -2170    -4512
20230607_CVD_2546_60s_10x10ptsdet_2_3_5    -249    -203    -75     -995    -1650    -2133    -4576
20230607_CVD_2546_60s_10x10ptsdet_2_3_6    -255    -206    -86     -977    -1635    -2100    -4486
20230607_CVD_2546_60s_10x10ptsdet_2_3_7    -275    -240    -88    -1047    -1726    -2261    -4619
20230607_CVD_2546_60s_10x10ptsdet_2_3_8    -243    -186    -82    -1019    -1744    -2146    -4515
20230607_CVD_2546_60s_10x10ptsdet_2_3_9    -246    -202    -65    -1015    -1796    -2229    -4449
20230607_CVD_2546_60s_10x10ptsdet_2_4_0    -248    -205    -92    -1090    -1866    -2327    -4987
20230607_CVD_2546_60s_10x10ptsdet_2_4_1    -270    -200    -63    -1067    -1791    -2100    -4710
20230607_CVD_2546_60s_10x10ptsdet_2_4_2    -266    -228    -84     -978    -1746    -2235    -4577
20230607_CVD_2546_60s_10x10ptsdet_2_4_3    -266    -228    -84    -1084    -1816    -2161    -4591
20230607_CVD_2546_60s_10x10ptsdet_2_4_4    -255    -207    -70    -1024    -1805    -2194    -4678
20230607_CVD_2546_60s_10x10ptsdet_2_4_5    -257    -217    -73    -1094    -1838    -2269    -4574
20230607_CVD_2546_60s_10x10ptsdet_2_4_6    -268    -228    -68    -1066    -1812    -2318    -4582
20230607_CVD_2546_60s_10x10ptsdet_2_4_7    -269    -225    -73    -1062    -1767    -2118    -4567
20230607_CVD_2546_60s_10x10ptsdet_2_4_8    -235    -189    -51    -1050    -1828    -2214    -4575
20230607_CVD_2546_60s_10x10ptsdet_2_4_9    -237    -184    -56    -1066    -1820    -2274    -4580
20230607_CVD_2546_60s_10x10ptsdet_2_5_0    -266    -219    -80    -1064    -1851    -2316    -4942
20230607_CVD_2546_60s_10x10ptsdet_2_5_1    -247    -210    -77    -1042    -1754    -2256    -4577
20230607_CVD_2546_60s_10x10ptsdet_2_5_2    -267    -218    -81    -1062    -1825    -2308    -4580
20230607_CVD_2546_60s_10x10ptsdet_2_5_3    -258    -216    -64    -1048    -1786    -2258    -4394
20230607_CVD_2546_60s_10x10ptsdet_2_5_4    -278    -239    -79    -1003    -1696    -2149    -4667
20230607_CVD_2546_60s_10x10ptsdet_2_5_5    -248    -202    -58    -1008    -1748    -2200    -4529
20230607_CVD_2546_60s_10x10ptsdet_2_5_6    -259    -212    -75    -1051    -1723    -2101    -4625
20230607_CVD_2546_60s_10x10ptsdet_2_5_7    -256    -213    -81    -1030    -1791    -2258    -4536
20230607_CVD_2546_60s_10x10ptsdet_2_5_8    -268    -226    -79    -1048    -1865    -2306    -4535
20230607_CVD_2546_60s_10x10ptsdet_2_5_9    -236    -187    -80    -1039    -1753    -2257    -4481
20230607_CVD_2546_60s_10x10ptsdet_2_6_0    -252    -211    -73     -983    -1797    -2337    -4957
20230607_CVD_2546_60s_10x10ptsdet_2_6_1    -267    -218    -66    -1042    -1790    -2227    -4616
20230607_CVD_2546_60s_10x10ptsdet_2_6_2    -273    -221    -56    -1026    -1769    -2308    -4493
20230607_CVD_2546_60s_10x10ptsdet_2_6_3    -249    -192    -80    -1059    -1793    -2232    -4576
20230607_CVD_2546_60s_10x10ptsdet_2_6_4    -258    -222    -85     -994    -1576    -2100    -4493
20230607_CVD_2546_60s_10x10ptsdet_2_6_5    -269    -230    -79    -1013    -1725    -2274    -4573
20230607_CVD_2546_60s_10x10ptsdet_2_6_6    -259    -212    -68     -998    -1702    -2069    -4428
20230607_CVD_2546_60s_10x10ptsdet_2_6_7    -269    -225    -43    -1038    -1747    -2225    -4654
20230607_CVD_2546_60s_10x10ptsdet_2_6_8    -247    -187    -45    -1005    -1764    -2278    -4537
20230607_CVD_2546_60s_10x10ptsdet_2_6_9    -265    -212    -73    -1018    -1707    -2196    -4596
20230607_CVD_2546_60s_10x10ptsdet_2_7_0    -269    -213    -66    -1056    -1738    -2237    -5007
20230607_CVD_2546_60s_10x10ptsdet_2_7_1    -244    -194    -69    -1046    -1803    -2259    -4731
20230607_CVD_2546_60s_10x10ptsdet_2_7_2    -252    -208    -90    -1082    -1885    -2319    -4649
20230607_CVD_2546_60s_10x10ptsdet_2_7_3    -249    -206    -78    -1004    -1728    -2204    -4635
20230607_CVD_2546_60s_10x10ptsdet_2_7_4    -239    -196    -56    -1046    -1826    -2196    -4653
20230607_CVD_2546_60s_10x10ptsdet_2_7_5    -254    -215    -80    -1072    -1808    -2258    -4702
20230607_CVD_2546_60s_10x10ptsdet_2_7_6    -242    -191    -72    -1062    -1874    -2357    -4656
20230607_CVD_2546_60s_10x10ptsdet_2_7_7    -249    -201    -62    -1056    -1797    -2221    -4648
20230607_CVD_2546_60s_10x10ptsdet_2_7_8    -254    -217    -64    -1037    -1755    -2223    -4654
20230607_CVD_2546_60s_10x10ptsdet_2_7_9    -271    -229    -79    -1070    -1810    -2298    -4642
20230607_CVD_2546_60s_10x10ptsdet_2_8_0    -259    -219    -60    -1033    -1776    -2211    -5051
20230607_CVD_2546_60s_10x10ptsdet_2_8_1    -248    -201    -57    -1024    -1735    -2262    -4749
20230607_CVD_2546_60s_10x10ptsdet_2_8_2    -244    -206    -76    -1040    -1758    -2101    -4627
20230607_CVD_2546_60s_10x10ptsdet_2_8_3    -267    -217    -66    -1058    -1778    -2288    -4480
20230607_CVD_2546_60s_10x10ptsdet_2_8_4    -242    -191    -58    -1057    -1830    -2345    -4685
20230607_CVD_2546_60s_10x10ptsdet_2_8_5    -261    -217    -50    -1026    -1752    -2249    -4608
20230607_CVD_2546_60s_10x10ptsdet_2_8_6    -239    -205    -61    -1095    -1861    -2253    -4565
20230607_CVD_2546_60s_10x10ptsdet_2_8_7    -234    -195    -86    -1052    -1783    -2274    -4511
20230607_CVD_2546_60s_10x10ptsdet_2_8_8    -273    -218    -67    -1041    -1696    -2171    -4576
20230607_CVD_2546_60s_10x10ptsdet_2_8_9    -260    -220    -38    -1072    -1794    -2205    -4482
20230607_CVD_2546_60s_10x10ptsdet_2_9_0    -233    -178    -71    -1023    -1711    -2170    -5064
20230607_CVD_2546_60s_10x10ptsdet_2_9_1    -254    -203    -94    -1041    -1795    -2269    -4824
20230607_CVD_2546_60s_10x10ptsdet_2_9_2    -261    -212    -79    -1013    -1742    -2226    -4758
20230607_CVD_2546_60s_10x10ptsdet_2_9_3    -263    -216    -83    -1015    -1755    -2254    -4718
20230607_CVD_2546_60s_10x10ptsdet_2_9_4    -248    -202    -84    -1022    -1659    -2180    -4406
20230607_CVD_2546_60s_10x10ptsdet_2_9_5    -265    -218    -69    -1078    -1818    -2154    -4532
20230607_CVD_2546_60s_10x10ptsdet_2_9_6    -245    -199    -73    -1079    -1857    -2260    -4659
20230607_CVD_2546_60s_10x10ptsdet_2_9_7    -231    -180    -74    -1023    -1775    -2243    -4608
20230607_CVD_2546_60s_10x10ptsdet_2_9_8    -227    -182    -78    -1030    -1770    -2270    -4595
20230607_CVD_2546_60s_10x10ptsdet_2_9_9    -234    -189    -63     -969    -1686    -2141    -4623


Mean value:                             -248.94 -204.74 -72.86 -1007.24 -1686.91 -2134.07 -4635.84
Std. Abw.:                                12.55   14.62  11.86    43.89   102.25   113.15   142.41
Std. Abw. rel. [%]:                       -5.04   -7.14 -16.28    -4.36    -6.06    -5.30    -3.07
Conf. interval:                            0.89    1.03   0.84     3.10     7.23     8.00    10.07
