0
0
0
0
0
0
0
0
0
0
0
0
0
0
0
0
0
0
0
0
0
0
0
0
0
0
0
0
0
0
0
0
0
0
0
0
0
0
0
0
0
0
0
0
0
0
0
0
0
0
0
0
0
0
0
0
0
0
0
1
0
0
0
0
0
0
0
1
5
2
1
0
4
3
1
2
1
2
1
4
1
4
13
42
110
364
979
2236
4833
9412
16874
27527
40588
54697
66609
73150
73186
66717
54969
41228
28120
17507
9863
4943
2360
1035
387
126
35
12
7
3
1
2
0
2
1
0
2
2
2
1
1
1
0
0
0
0
0
0
0
5
54
45
40
37
59
41
37
56
38
34
44
51
40
35
56
47
45
40
49
46
39
39
40
42
37
36
29
43
35
40
39
41
39
36
28
45
34
34
43
49
33
30
40
41
45
39
44
35
38
29
22
45
36
38
35
40
44
34
38
34
37
49
32
41
37
58
50
56
69
90
114
155
127
147
149
161
160
163
147
136
107
92
83
76
81
63
58
48
43
46
33
35
39
38
41
46
53
45
47
48
63
50
59
55
59
69
67
79
80
79
88
90
107
106
124
116
121
113
159
205
166
198
216
264
413
520
781
1271
1977
3151
4889
7465
10622
14557
18700
23006
26316
29186
29924
29539
27487
24689
20463
16706
12711
9321
6695
4845
3364
2442
1821
1264
985
768
582
471
374
343
418
463
557
711
794
899
982
1068
1064
947
908
793
700
493
350
262
201
179
129
106
85
89
70
63
57
55
35
24
26
23
15
19
7
10
10
8
6
5
13
8
9
6
12
5
8
4
6
10
12
8
5
7
8
8
4
3
6
7
9
14
18
7
14
9
10
7
3
18
14
18
25
13
20
23
17
30
32
33
27
31
22
21
16
27
12
26
12
19
17
14
24
13
22
16
26
21
25
18
23
25
19
22
14
16
22
21
18
13
10
16
11
6
7
9
8
5
8
4
6
3
3
2
6
10
6
6
6
5
5
5
10
5
5
8
4
6
7
5
6
2
3
9
9
13
6
13
11
10
14
22
13
29
18
24
17
26
25
28
10
20
12
15
9
9
13
9
10
8
11
10
9
13
10
8
5
12
12
15
11
6
9
5
10
11
7
6
10
3
8
2
6
3
6
4
7
6
5
1
2
4
8
10
5
10
7
8
14
4
5
3
3
6
6
4
12
9
4
6
6
6
8
12
9
4
1
3
2
9
5
5
4
6
10
8
10
4
9
9
10
4
2
5
4
7
11
5
2
6
6
3
3
8
5
8
7
6
6
9
3
10
6
9
7
3
7
7
7
3
10
10
10
5
1
2
6
8
8
13
12
5
4
7
4
13
6
6
7
5
11
8
7
14
3
5
5
6
2
7
5
4
8
10
12
10
6
6
7
6
7
8
11
8
10
8
8
18
11
10
10
3
6
5
9
10
13
17
7
8
14
12
12
11
7
10
14
13
7
13
2
11
9
7
11
8
9
7
13
12
6
6
18
10
9
16
11
17
10
19
17
18
11
13
12
17
19
12
20
23
13
10
14
9
20
10
7
15
14
15
12
26
15
17
19
15
20
14
14
17
12
17
19
17
22
13
12
21
17
20
23
21
18
13
14
15
21
15
20
16
9
18
12
26
9
13
17
21
21
19
18
19
22
22
20
16
13
13
21
20
29
31
21
19
24
17
23
23
20
31
25
21
27
26
22
22
28
26
21
23
24
24
28
40
25
27
34
23
29
40
32
23
22
31
35
28
35
30
29
24
27
24
22
35
28
38
32
31
37
32
31
26
33
27
33
25
35
39
40
36
43
39
40
48
37
45
41
54
42
43
37
41
43
53
34
49
49
47
46
51
45
42
51
57
52
46
48
48
65
57
54
55
67
52
47
73
59
63
64
61
61
66
58
63
56
66
85
56
59
56
61
82
59
73
71
85
98
98
78
87
85
90
92
93
92
99
92
71
94
90
82
104
88
95
88
108
96
102
87
85
79
94
86
100
96
82
72
86
77
77
74
77
61
80
75
78
82
91
87
81
75
62
81
75
90
74
79
82
82
64
85
81
84
76
61
53
79
75
65
60
64
86
63
77
84
91
66
67
67
60
62
51
78
82
74
75
63
71
80
69
76
68
71
61
67
67
67
71
72
74
70
79
85
67
57
71
71
63
74
75
75
97
68
75
87
79
73
66
69
71
65
78
67
68
90
66
65
94
67
68
79
62
76
89
94
58
86
63
73
74
52
71
81
84
66
79
81
77
74
71
73
71
71
75
77
69
72
77
76
92
84
88
77
72
93
83
104
99
93
93
88
122
121
151
178
215
227
333
337
474
594
683
866
960
1168
1248
1437
1604
1701
1924
2040
2021
2072
2022
2112
2046
1797
1719
1561
1398
1231
1058
859
730
604
559
465
364
300
244
206
150
156
122
110
102
100
82
106
117
106
108
80
95
99
97
91
98
106
80
95
109
108
100
115
91
97
98
112
99
95
116
104
99
96
95
106
90
97
105
98
102
97
110
105
83
115
115
120
115
112
115
116
106
105
90
113
128
108
127
124
111
129
120
132
125
147
131
155
158
159
185
178
205
235
256
272
294
288
324
322
365
314
382
385
429
380
372
364
358
320
301
276
286
242
246
229
205
205
159
163
167
148
150
143
126
154
144
140
132
147
141
155
139
144
165
133
151
160
142
150
167
143
145
166
155
124
159
166
166
156
164
158
158
170
164
181
156
163
188
162
186
177
182
190
186
201
175
211
172
195
172
205
203
208
212
222
195
237
201
226
206
225
245
197
213
223
239
257
247
254
231
247
245
248
268
262
247
273
253
264
271
243
220
250
265
266
254
266
260
282
279
240
277
255
253
257
268
259
265
231
276
228
262
237
238
254
235
205
210
223
206
214
216
232
217
190
196
197
197
183
197
182
173
156
151
169
160
160
200
168
169
173
147
152
168
178
176
167
165
116
151
157
154
162
144
136
136
143
142
148
149
152
151
154
156
148
150
121
138
158
138
130
124
148
166
156
150
148
160
137
148
163
139
130
149
145
138
148
141
147
164
132
157
137
127
152
146
163
147
155
142
147
147
169
139
146
126
164
149
158
165
190
142
143
131
159
141
140
158
161
152
145
166
142
129
169
140
166
167
145
139
147
154
152
145
140
162
151
160
134
172
168
141
149
157
155
140
154
152
145
156
145
151
164
154
147
149
123
147
134
165
159
161
152
135
156
167
155
142
177
189
169
145
177
161
178
143
155
187
157
176
151
175
165
155
178
168
192
175
184
183
165
179
178
168
190
169
186
183
184
187
180
175
185
193
174
156
176
194
203
179
183
202
171
172
187
180
192
178
198
200
187
185
199
183
168
190
173
187
185
167
196
187
176
159
186
173
173
180
195
202
183
176
180
178
171
186
194
195
178
198
215
182
199
195
184
190
168
178
188
181
167
188
184
196
179
175
171
203
223
165
182
178
202
202
175
191
184
225
213
184
195
219
212
196
215
182
200
211
227
212
206
202
201
193
238
229
195
196
236
201
227
245
239
224
208
218
229
238
225
229
250
211
230
229
219
231
227
226
249
219
218
227
264
242
217
231
227
235
251
223
282
234
264
199
256
224
253
242
231
264
210
235
261
213
240
252
216
244
230
213
212
218
235
234
229
229
227
231
208
210
222
228
199
233
203
218
209
219
223
194
193
212
187
192
196
218
207
223
203
207
190
195
185
194
178
204
184
207
197
171
182
177
192
195
182
194
192
206
196
198
189
189
179
180
197
194
173
178
198
174
201
209
206
172
172
170
188
177
200
195
182
173
174
184
177
207
189
204
180
187
165
168
174
180
176
194
186
216
209
192
211
168
182
177
186
200
187
176
215
191
202
162
163
166
186
205
183
166
202
162
188
179
163
174
160
197
190
168
209
195
194
186
185
186
171
194
186
177
185
191
165
210
178
186
185
171
165
188
178
186
177
170
167
163
177
188
181
192
175
205
157
182
174
178
209
193
176
164
193
157
169
184
166
160
190
179
177
183
184
185
178
182
163
209
185
191
151
192
185
182
170
173
168
197
183
190
177
197
186
191
196
205
219
178
186
202
202
162
190
163
176
182
190
213
176
185
172
158
208
223
160
194
181
190
168
188
177
187
173
172
167
198
173
179
185
193
214
181
201
187
167
190
200
210
178
198
181
199
179
197
173
186
162
197
179
178
208
198
206
193
205
196
214
182
191
190
187
222
210
187
192
202
214
200
201
207
216
219
224
197
203
220
191
207
188
201
207
213
162
219
202
181
215
239
201
208
216
218
217
219
185
219
213
218
197
255
225
225
242
222
246
234
234
240
224
244
238
258
230
240
236
236
226
245
252
252
227
231
278
268
278
259
243
293
245
249
283
267
285
290
256
266
289
291
304
310
303
259
296
326
309
299
274
325
329
356
342
313
324
365
367
335
373
350
389
378
418
417
424
420
431
394
440
456
476
446
513
514
499
536
569
554
585
603
658
631
642
647
742
704
754
691
758
816
875
886
872
879
903
927
929
980
978
977
1056
1055
1112
1108
1068
1131
1115
1101
1122
1103
1171
1135
1091
1173
1099
1112
1143
1096
1072
1144
1096
1082
1045
1052
1099
1033
956
1007
969
880
868
818
804
832
786
787
758
753
714
674
702
692
635
607
566
556
569
564
517
481
453
471
428
402
405
415
391
378
382
349
347
350
305
345
342
320
294
309
276
272
297
271
282
285
259
254
252
278
243
234
221
241
223
211
245
199
209
231
233
206
224
224
192
184
210
209
201
197
208
179
171
166
174
187
180
201
175
194
185
169
178
210
192
206
215
220
209
220
229
237
237
242
242
253
273
292
278
315
305
324
361
338
328
288
377
375
407
356
351
399
354
362
357
353
347
312
368
329
325
287
297
260
271
238
228
251
233
175
172
170
163
150
144
138
113
131
141
141
121
131
136
113
144
143
127
128
134
120
109
126
127
117
147
127
123
126
139
148
146
111
141
152
126
127
138
135
134
140
128
156
158
145
163
159
152
153
181
166
169
178
174
184
187
196
181
185
195
202
178
193
181
201
223
194
199
214
212
229
181
191
215
211
209
215
224
224
221
207
202
200
213
195
213
201
190
190
202
194
178
179
200
179
179
167
177
204
196
163
171
168
159
173
144
138
159
147
160
133
121
133
120
139
120
129
132
114
130
122
130
111
113
116
117
83
106
106
98
102
98
88
81
89
100
87
85
79
108
94
77
88
85
71
102
82
68
72
70
67
77
81
67
61
73
63
66
60
68
65
77
71
67
61
66
71
60
61
60
58
60
52
62
70
49
74
47
57
54
67
62
57
65
44
55
43
44
54
50
59
49
47
52
54
39
55
58
51
52
48
51
50
43
44
46
50
37
43
44
49
51
46
52
41
39
37
49
37
56
56
60
47
42
49
51
46
57
76
68
62
67
77
56
58
60
56
68
57
65
55
51
65
54
55
50
58
54
45
48
45
38
47
47
55
41
38
42
24
39
34
40
41
32
37
30
38
45
43
48
43
45
37
52
25
33
31
34
35
46
35
46
32
34
40
34
32
28
34
33
34
32
39
26
28
37
31
39
32
28
42
17
34
29
27
33
31
24
30
28
33
30
25
39
26
40
28
29
21
31
28
27
33
24
35
28
34
19
31
28
20
32
33
34
19
30
32
25
24
24
28
33
24
24
25
33
24
27
20
21
18
28
30
19
27
21
27
23
21
28
21
27
34
35
18
19
21
23
24
20
21
19
29
30
16
30
16
19
29
25
21
22
18
28
23
18
26
25
17
17
25
31
19
29
21
30
21
22
21
32
19
23
22
25
30
31
23
21
23
18
20
21
23
31
34
28
20
15
16
12
23
21
20
26
26
20
16
22
30
27
25
19
21
23
23
17
31
19
29
14
22
27
14
23
27
26
32
18
22
30
19
25
23
12
20
24
22
17
18
18
27
19
21
15
15
13
24
17
16
19
14
22
20
17
18
22
24
23
15
18
16
14
20
14
16
20
21
20
16
15
25
19
20
22
26
20
19
18
27
15
19
18
11
26
22
28
23
14
15
16
12
18
22
14
20
15
13
20
22
20
10
18
11
16
18
12
17
16
14
17
23
26
17
20
19
21
17
17
16
16
11
19
15
16
21
15
18
21
19
21
16
17
9
15
11
22
17
18
18
14
24
16
17
14
7
20
17
19
15
14
11
16
14
11
17
10
6
15
13
13
12
10
13
16
13
10
10
12
20
11
16
14
10
13
12
10
15
15
15
19
12
15
13
8
16
17
14
15
13
13
17
13
16
13
14
6
17
16
13
18
8
18
13
9
10
15
12
15
13
12
11
14
13
16
18
13
6
19
17
8
7
8
13
22
10
11
8
11
9
13
18
14
12
6
12
11
13
8
11
20
10
14
13
11
9
14
11
12
7
11
12
8
16
12
16
9
12
9
9
11
6
10
13
13
12
13
14
7
14
9
12
9
8
8
14
8
8
14
8
12
14
10
9
10
11
12
5
8
14
9
6
13
12
10
9
11
4
13
7
11
9
9
12
5
13
14
5
8
5
3
9
11
10
8
5
16
7
13
7
9
8
11
11
15
11
8
6
9
10
10
7
16
5
11
12
7
6
10
4
4
10
6
11
8
10
9
12
7
10
11
11
13
2
10
12
4
10
10
3
8
11
8
11
3
8
6
11
13
9
12
7
7
12
10
13
10
8
7
6
7
11
7
11
10
8
8
5
5
5
1
5
3
6
4
6
8
9
3
7
12
7
4
5
7
2
11
2
9
6
2
8
2
8
9
4
7
9
6
12
10
6
4
2
2
7
9
4
7
9
7
8
7
10
9
4
5
7
6
1
5
7
8
9
5
1
4
9
5
4
7
4
0
8
11
7
12
2
6
6
6
4
3
6
5
6
9
4
2
4
10
5
3
5
5
5
6
8
4
7
5
5
6
2
5
5
6
3
4
8
9
5
6
6
4
3
4
7
4
4
7
5
2
5
5
5
0
6
5
6
7
3
2
3
3
4
4
4
6
6
2
6
6
4
7
3
6
5
3
6
4
5
6
2
9
6
7
8
5
9
6
8
3
8
6
5
5
5
2
4
4
9
8
3
2
3
6
2
6
2
5
3
4
3
9
2
4
2
5
5
7
7
3
3
4
6
2
2
3
2
4
5
1
6
4
3
2
8
4
3
7
6
4
2
5
3
5
4
5
3
4
2
6
4
2
2
7
6
2
5
3
7
4
5
2
5
5
4
6
1
3
3
2
2
5
4
4
5
4
8
4
4
5
4
3
4
4
2
2
3
2
3
3
3
1
1
4
3
5
4
2
3
7
3
5
4
2
1
4
3
2
4
2
3
3
1
1
5
2
4
1
6
4
4
4
2
4
3
5
3
2
6
12
5
1
2
4
2
3
0
3
1
3
3
4
5
2
2
2
3
5
4
2
4
2
3
2
1
4
4
6
5
2
2
2
0
6
0
1
4
1
2
2
3
1
2
2
2
2
1
2
1
0
5
5
3
1
2
5
1
0
4
5
2
3
4
3
5
0
6
2
1
1
2
2
4
4
1
1
1
3
5
2
1
3
0
1
3
0
1
1
2
2
4
2
1
3
2
1
1
2
3
3
3
3
2
3
4
2
4
7
4
1
3
4
3
3
2
0
1
3
6
1
3
1
2
6
2
1
1
3
2
2
3
3
0
3
2
4
4
3
1
5
1
1
6
1
3
0
2
2
2
1
3
2
4
4
2
2
1
0
1
2
0
1
1
2
1
2
1
0
3
1
1
1
1
2
2
2
2
0
4
1
0
1
1
0
1
1
0
1
4
3
0
4
1
0
2
1
1
1
2
1
0
1
2
3
0
2
1
2
2
1
2
2
3
0
2
2
3
0
1
1
1
1
4
3
0
3
0
2
0
0
0
2
1
1
1
0
0
0
2
1
2
2
0
3
1
1
2
1
1
1
0
0
0
1
2
2
1
0
0
1
4
0
1
2
0
0
1
0
0
1
1
2
2
1
2
1
2
0
1
1
3
1
0
0
1
0
0
1
3
4
2
0
2
0
0
3
3
2
0
1
1
1
0
1
1
0
0
2
1
2
1
1
0
2
0
1
0
2
0
1
1
3
2
3
2
0
1
1
1
0
1
1
1
0
0
1
1
1
0
0
0
0
2
1
3
0
1
0
0
2
4
0
2
2
2
1
1
1
1
1
2
0
3
3
0
1
1
0
1
2
0
1
3
2
0
0
0
1
2
0
1
0
1
0
1
3
1
1
0
1
2
2
1
2
2
0
1
1
0
0
1
0
1
0
0
2
1
0
0
0
0
0
2
1
2
2
2
0
0
1
2
3
1
0
0
1
2
0
0
0
3
1
1
0
0
0
0
0
1
0
1
0
1
0
2
2
3
0
1
0
0
0
0
0
0
0
0
0
0
1
1
0
0
1
0
1
0
0
0
1
0
0
1
1
0
0
0
2
0
1
1
0
1
0
0
1
0
2
0
1
0
0
0
0
0
1
0
0
2
1
0
1
0
0
0
0
0
1
2
0
0
0
0
0
0
1
0
2
1
0
0
0
0
0
2
3
0
0
0
0
2
0
0
3
0
0
1
0
0
0
0
1
0
0
1
0
0
0
0
0
0
0
1
1
0
0
0
0
1
0
0
0
0
2
0
0
0
0
0
0
0
0
0
0
0
1
1
1
0
1
2
1
1
0
0
1
0
0
0
0
0
1
0
0
0
0
0
0
1
0
0
1
0
0
1
1
1
1
0
1
0
0
1
1
0
0
0
0
1
1
0
0
1
1
0
0
0
0
0
0
1
2
1
0
0
0
0
0
2
0
0
0
1
0
1
0
1
0
0
1
1
0
1
1
0
0
0
1
0
0
0
0
0
1
0
0
0
0
1
0
0
0
0
1
0
0
0
0
0
0
0
0
0
0
1
0
0
0
0
0
0
1
0
0
0
0
0
0
0
0
0
0
0
1
0
0
0
0
0
1
0
0
0
0
0
1
1
0
0
0
0
1
3
1
1
0
1
0
0
1
1
0
0
0
0
1
0
0
0
1
0
0
0
0
0
0
0
0
0
0
0
1
1
0
1
0
1
0
0
1
0
0
0
0
0
0
0
1
0
1
0
0
0
1
0
0
0
0
0
0
0
0
0
0
0
0
1
1
0
1
0
0
0
0
0
0
0
0
0
0
1
0
0
0
0
0
0
1
0
0
0
0
0
0
0
0
0
0
0
0
1
0
0
0
0
1
1
0
0
0
0
0
0
0
0
0
0
0
0
2
0
1
0
0
0
0
0
0
0
0
0
1
0
0
0
0
0
0
0
0
0
0
0
