0
0
0
0
0
0
0
0
0
0
0
0
0
0
0
0
0
0
0
0
0
0
0
0
0
0
0
0
0
0
0
0
0
0
0
0
0
0
0
0
0
0
0
0
0
0
0
0
0
0
0
0
0
0
0
0
0
0
0
0
0
0
0
1
0
0
1
0
0
2
1
1
1
4
1
2
1
3
3
2
4
4
11
37
132
349
891
2185
4882
9482
17000
27468
40483
54488
66358
73531
73234
66649
54967
41322
28361
17558
9635
4884
2319
958
337
120
43
7
4
2
3
1
1
3
0
1
2
0
0
0
0
0
0
2
0
0
1
0
0
3
55
37
64
39
45
44
43
45
47
37
53
46
39
44
26
40
49
40
39
51
43
48
36
34
38
35
28
37
50
36
34
36
45
33
36
45
33
40
37
45
40
28
46
49
39
34
41
43
28
53
32
37
33
37
51
37
43
32
37
53
36
52
36
45
39
43
54
64
84
84
99
131
140
148
142
174
162
161
173
132
120
81
75
62
77
54
62
61
48
38
32
45
45
52
44
49
48
50
54
58
50
60
50
59
54
66
65
63
78
77
102
82
109
108
109
108
110
149
190
142
168
190
231
274
355
536
774
1242
1927
3162
5051
7194
10284
14140
18322
22675
26383
28526
29855
29675
27273
24259
20392
16258
12401
9502
6687
4857
3457
2408
1794
1353
954
746
564
425
410
376
446
448
533
673
809
901
997
1060
995
977
922
815
624
510
362
282
220
137
126
101
92
86
68
59
65
50
43
24
20
21
12
16
6
11
11
10
10
9
3
7
6
6
5
11
3
14
11
10
12
11
12
8
10
8
1
10
5
11
7
3
10
11
14
6
8
8
13
13
13
14
17
23
22
31
22
27
34
24
30
24
18
16
15
27
15
19
35
11
20
29
27
21
15
26
22
12
20
18
16
22
16
22
20
8
18
19
16
2
16
9
11
7
3
12
5
6
2
4
8
9
2
7
10
11
15
8
5
6
7
5
9
8
4
2
3
3
3
7
7
7
5
3
4
9
8
7
14
16
14
15
24
16
22
30
19
14
16
14
26
19
15
17
10
4
16
5
7
6
15
7
10
9
13
10
10
13
10
12
12
8
7
14
11
6
9
10
5
5
5
3
5
8
2
4
6
4
6
4
4
1
3
4
3
6
7
10
7
8
8
9
7
6
7
6
4
5
1
9
6
10
6
12
8
4
6
6
7
5
7
4
3
6
5
4
4
5
10
6
0
11
4
7
5
5
4
5
3
15
5
8
6
7
9
8
10
6
5
7
7
5
3
11
9
6
3
6
5
7
11
5
6
5
6
6
14
7
3
6
6
10
7
8
9
5
9
7
6
8
7
6
5
11
5
6
10
7
5
6
8
5
6
6
2
6
5
10
4
6
3
5
6
13
5
9
8
12
9
9
5
8
6
8
8
7
4
6
10
12
10
4
16
9
11
11
14
8
15
5
11
19
11
11
9
5
9
5
9
9
13
8
10
6
7
15
12
10
10
10
12
11
17
12
13
5
14
12
16
14
18
19
11
18
18
11
13
11
12
16
15
18
13
15
10
11
12
20
10
21
19
12
18
17
27
11
14
19
11
26
13
23
8
21
25
12
17
18
14
26
19
22
24
16
13
15
9
12
20
14
20
22
18
17
19
14
12
26
24
17
26
26
21
18
18
14
20
24
18
23
22
24
23
28
31
34
28
33
22
27
27
25
16
20
17
32
31
23
23
29
24
31
32
25
22
28
20
28
19
22
21
24
32
31
33
33
31
30
34
32
38
22
28
36
34
36
38
45
35
41
41
41
28
40
39
36
39
41
47
44
41
42
35
57
50
56
54
43
53
46
64
53
49
55
48
38
49
55
51
40
61
47
41
49
58
59
54
66
76
56
62
65
60
63
54
70
57
72
67
72
75
64
61
67
61
89
76
76
86
82
94
91
75
82
78
101
88
90
72
85
95
86
84
92
86
88
74
93
85
85
83
88
76
89
75
90
92
91
96
66
62
89
79
67
69
69
74
88
66
93
67
74
74
71
69
80
86
75
75
77
82
72
61
63
68
77
72
61
69
83
65
73
86
93
68
77
76
68
71
73
77
70
83
73
83
67
74
72
64
97
68
77
70
69
54
69
70
66
80
79
64
55
59
74
69
84
80
62
46
78
73
79
77
71
78
80
71
72
76
68
65
64
58
77
55
74
71
67
80
75
74
89
82
56
75
67
75
68
73
74
76
88
58
64
69
72
79
75
64
88
86
83
61
78
80
91
77
93
75
81
63
94
87
99
96
92
74
82
105
92
108
124
137
151
166
220
228
273
346
444
573
717
715
990
1135
1256
1474
1590
1688
1920
1924
2080
2111
2093
2032
1986
1785
1708
1528
1335
1304
1034
884
743
632
546
433
340
273
245
205
151
145
115
121
115
114
95
95
101
91
109
101
97
83
88
102
127
100
90
91
92
105
92
104
102
93
104
102
90
96
109
100
111
94
100
99
92
112
115
108
121
111
107
109
102
109
109
97
87
111
96
104
104
101
107
104
121
109
125
112
115
138
97
130
137
123
123
151
127
168
187
185
194
210
259
258
296
308
324
306
346
359
370
384
369
382
407
334
359
296
284
266
256
244
241
198
191
182
169
164
161
170
122
135
150
137
136
134
136
148
168
148
154
150
153
162
140
152
161
140
165
155
169
154
144
153
119
168
162
171
171
170
175
167
178
174
149
158
160
166
168
166
165
187
178
172
203
183
171
191
222
196
214
189
189
204
201
197
215
233
202
225
234
234
231
211
252
234
264
243
249
257
246
244
239
248
271
234
269
252
244
279
277
252
267
261
232
275
256
259
259
263
273
271
274
247
249
245
243
235
270
255
252
247
231
219
221
228
238
240
195
240
238
197
181
186
201
183
187
190
187
164
181
169
170
171
165
150
166
168
182
170
167
149
187
177
137
163
167
171
152
162
170
152
165
178
161
154
155
161
145
142
142
164
140
157
157
143
145
140
160
145
140
159
146
136
123
170
160
145
154
136
149
145
139
148
148
133
148
138
178
141
131
153
147
140
155
132
146
149
151
137
169
135
155
144
157
138
147
138
179
132
146
158
155
147
160
135
145
139
143
151
154
149
152
168
153
180
138
166
173
138
160
155
137
132
153
167
139
162
151
151
160
139
140
147
147
156
144
155
164
148
164
147
181
159
154
159
176
142
176
152
173
167
144
169
171
165
179
148
177
159
166
156
171
167
159
177
156
170
179
178
144
166
177
178
155
184
184
181
176
193
178
155
161
176
190
186
203
171
184
192
177
191
185
190
200
177
180
197
188
192
176
212
186
194
185
201
189
192
212
191
177
172
176
185
193
203
184
177
201
205
201
180
201
171
178
208
177
191
201
188
161
182
160
204
181
192
204
190
179
218
199
185
173
168
174
205
184
207
216
178
174
173
216
183
214
190
187
183
188
185
172
170
193
171
200
198
195
215
195
183
176
203
207
221
201
221
211
204
214
208
220
229
211
234
222
199
232
224
205
214
233
253
233
220
216
248
221
237
234
266
236
234
235
265
233
196
264
238
271
246
264
243
254
261
254
247
216
236
256
253
226
236
236
254
236
246
253
226
220
254
247
224
249
222
231
212
254
243
189
227
205
248
231
226
232
234
201
229
239
209
227
226
222
191
243
226
222
209
206
198
213
219
193
190
226
198
202
181
218
201
198
210
177
225
180
193
213
192
204
209
218
183
212
189
193
175
201
172
208
202
176
183
178
199
224
182
185
197
187
200
167
202
180
189
180
191
198
206
205
200
185
195
164
201
180
162
176
192
179
205
196
183
162
176
165
196
209
192
194
166
214
195
228
192
196
181
198
202
185
175
196
212
161
186
188
194
163
166
175
170
191
164
164
192
170
164
176
163
183
186
195
185
179
198
172
161
184
194
177
179
180
205
210
190
169
195
192
189
191
194
169
232
206
196
198
166
174
188
202
185
180
191
162
202
174
175
184
212
173
178
209
188
198
202
222
193
180
189
176
182
215
175
193
190
206
180
197
183
197
205
198
189
203
203
170
199
218
201
203
185
208
191
206
216
170
176
194
185
190
205
188
217
204
203
207
200
209
182
215
171
194
188
212
185
197
205
167
186
196
186
215
192
209
205
202
182
181
216
190
194
223
174
188
204
188
227
191
215
200
185
237
211
202
188
234
219
195
205
172
200
191
183
189
216
173
215
189
174
206
192
161
184
208
192
254
193
197
187
205
188
205
193
235
226
228
226
216
259
195
207
216
192
215
213
181
212
227
210
206
233
219
217
237
229
205
233
209
241
258
241
226
239
260
244
212
240
220
243
266
253
259
272
248
269
261
295
276
260
246
267
292
277
259
302
289
262
296
287
271
267
310
285
289
305
280
310
315
327
301
320
341
321
320
323
308
356
320
347
359
368
342
342
354
374
404
417
421
393
437
414
482
463
477
473
490
548
537
540
558
557
596
647
571
665
646
711
688
705
688
739
761
849
771
826
844
874
874
888
845
932
953
1035
1052
1091
1088
1092
1145
1056
1096
1143
1147
1162
1134
1159
1131
1155
1133
1228
1205
1144
1135
1100
1102
1178
1092
1104
1033
1031
1008
983
1005
993
942
885
870
863
898
822
832
724
783
791
724
736
691
667
597
612
617
562
542
539
527
456
536
457
423
405
391
403
406
380
366
420
340
342
359
319
308
324
284
314
332
311
286
252
278
262
233
268
277
259
248
227
222
242
242
196
207
223
228
223
235
210
205
188
215
214
192
218
229
183
190
188
195
206
197
153
173
161
160
158
201
185
174
182
173
170
188
199
215
237
228
248
216
262
292
313
282
313
324
313
328
339
329
307
328
338
357
369
390
361
375
400
383
373
369
357
329
325
340
315
288
287
277
283
253
243
208
214
225
206
177
178
159
179
162
172
133
142
144
131
125
123
129
124
145
135
149
140
122
121
140
121
129
131
142
125
142
134
137
122
131
160
127
132
130
143
132
143
155
158
167
141
160
157
149
157
199
152
165
161
185
190
179
175
204
199
211
192
200
196
183
197
211
189
207
205
218
218
194
207
215
196
221
216
228
208
204
209
188
224
210
196
192
208
221
213
224
199
210
203
187
219
191
197
196
160
177
183
166
175
155
158
139
154
156
172
145
143
139
137
139
141
134
142
135
128
124
118
135
99
122
123
115
114
115
91
100
101
111
86
116
106
88
106
86
108
96
86
95
88
87
78
85
81
88
77
102
88
90
73
78
76
70
85
62
74
71
85
72
65
66
65
53
55
69
68
63
51
57
56
73
59
60
45
58
60
52
54
53
62
59
57
70
58
58
47
50
44
52
53
55
53
52
41
40
64
41
46
38
55
59
48
48
48
49
53
56
54
54
48
54
46
51
47
51
62
46
60
47
53
57
55
49
53
53
60
56
72
76
54
73
64
64
70
67
67
64
60
60
82
63
75
67
51
54
59
54
47
52
38
48
41
47
55
43
29
40
39
43
50
37
34
36
33
37
47
34
32
37
28
36
40
39
22
28
25
36
43
37
53
35
34
29
36
36
37
32
31
35
39
32
31
41
37
27
30
22
33
37
28
25
25
28
36
42
27
18
34
41
27
28
22
24
25
21
28
24
26
34
20
29
31
35
22
28
29
34
23
24
25
31
25
32
35
27
22
20
25
25
21
25
15
30
32
31
24
25
27
24
25
19
26
24
20
30
34
24
22
19
26
30
32
22
29
28
22
22
23
17
35
24
23
20
33
31
18
31
26
29
22
22
27
23
22
25
18
24
29
27
31
25
30
23
23
18
26
20
27
20
24
18
17
22
28
23
27
24
24
19
26
19
27
21
27
24
28
19
20
19
23
31
20
24
25
22
21
28
25
28
26
15
30
22
23
31
26
17
14
11
20
19
33
20
9
25
19
16
20
21
19
19
21
23
17
19
25
26
19
22
16
18
19
21
20
14
32
18
17
16
20
24
18
23
25
24
14
28
24
17
20
23
18
16
20
12
22
14
19
22
17
21
21
19
21
16
24
16
30
9
18
17
20
13
24
21
17
20
13
17
24
5
22
19
9
17
17
23
18
17
20
15
17
19
10
15
15
21
16
17
13
16
17
22
17
24
18
17
11
19
14
20
13
21
13
18
15
24
15
15
28
25
12
18
24
15
16
17
15
14
8
18
17
16
11
18
13
18
12
11
13
13
15
19
18
14
15
12
8
12
14
13
17
18
13
13
9
15
11
9
13
12
13
8
18
20
19
10
8
13
13
12
10
11
10
13
7
11
21
14
13
6
12
17
14
12
18
11
10
9
9
8
13
10
14
15
11
5
12
13
10
12
13
9
19
7
7
12
14
18
11
12
10
14
15
4
10
13
8
10
14
15
7
7
11
11
13
15
9
15
13
4
11
14
12
13
8
14
14
7
9
15
9
18
6
10
10
9
9
9
14
9
7
9
11
11
15
11
11
7
8
4
12
9
11
9
10
11
10
9
9
16
8
8
8
7
11
11
13
9
8
12
5
8
9
10
10
8
10
12
8
14
10
14
9
11
12
12
16
14
11
15
12
9
15
8
3
14
14
11
4
9
3
8
13
7
7
8
7
11
10
18
9
16
10
11
9
13
9
6
7
10
15
6
9
10
10
8
13
10
7
10
12
10
6
11
9
10
9
7
10
8
5
9
8
16
6
11
15
5
7
7
14
5
7
5
8
8
6
8
7
10
8
8
4
10
8
1
6
6
5
12
7
7
6
5
12
11
4
8
11
9
10
7
7
8
9
3
11
12
9
9
8
1
3
5
12
8
5
9
7
6
11
7
6
6
7
7
5
4
8
3
7
7
4
6
6
11
7
6
8
7
13
5
1
7
6
10
6
10
9
7
11
5
4
7
3
6
2
9
5
8
5
9
5
7
5
5
2
6
7
8
8
5
9
5
4
7
6
7
5
6
5
3
6
2
8
5
7
4
5
4
5
7
6
3
6
6
4
3
1
3
6
4
5
5
3
3
6
4
10
3
6
7
6
5
3
3
8
2
5
3
4
7
4
2
3
4
2
10
1
5
5
2
2
5
8
6
2
6
7
3
7
1
4
5
7
6
7
2
3
4
7
2
4
3
8
8
5
6
2
5
11
6
3
2
7
8
6
3
4
6
4
6
7
5
2
8
4
4
2
4
4
7
4
2
4
7
3
4
1
1
2
6
3
1
4
7
5
6
3
4
5
4
6
4
3
4
3
8
7
0
6
6
4
2
6
3
2
4
3
1
7
5
8
3
1
4
3
4
1
3
5
3
2
2
1
6
1
5
1
1
4
2
4
1
3
7
2
4
2
2
3
3
6
2
4
4
3
1
4
1
4
3
4
1
1
4
6
2
2
7
3
0
5
1
4
0
4
1
3
2
2
1
5
3
3
4
1
5
6
0
1
2
0
2
0
3
2
2
0
2
2
0
3
5
2
0
1
7
4
4
0
3
2
3
4
5
3
2
5
2
3
1
4
2
1
2
3
4
1
2
3
3
4
5
2
4
4
1
2
4
3
5
2
1
2
2
2
5
3
3
1
1
1
5
1
2
6
3
5
2
5
2
3
5
5
1
4
3
1
2
4
4
3
2
2
4
3
1
1
4
0
3
2
2
4
1
2
1
1
2
5
4
2
3
1
0
1
0
2
2
4
0
1
2
3
0
1
5
2
5
0
1
0
3
2
2
2
3
2
2
4
1
1
2
0
1
0
3
1
3
5
1
2
0
3
2
3
3
2
2
4
1
1
1
1
1
0
2
1
1
0
1
1
4
3
2
2
2
2
1
1
2
2
1
3
2
2
1
0
1
0
1
3
2
1
1
1
2
2
1
3
2
0
3
0
3
1
0
0
1
2
1
2
0
1
3
1
2
3
1
3
0
0
1
2
1
0
1
2
1
2
0
2
0
1
1
1
4
0
3
1
2
0
1
0
0
2
0
0
1
1
1
0
0
1
2
1
1
1
1
2
2
2
1
1
2
1
2
1
2
2
0
1
4
2
0
3
2
2
1
0
1
0
3
0
0
1
1
1
2
2
3
1
3
0
2
2
0
0
1
1
0
1
1
2
1
2
1
0
0
1
0
0
0
2
1
1
2
1
0
2
1
1
0
0
0
2
2
0
1
1
1
0
1
0
0
2
1
1
0
0
1
0
2
1
1
2
1
0
0
2
0
1
1
0
1
2
0
5
0
0
0
2
1
2
3
1
1
2
1
1
1
0
0
2
1
1
0
2
0
1
2
0
1
0
1
0
1
2
1
1
0
1
1
2
0
0
0
2
0
2
1
1
1
0
0
0
0
0
2
2
1
0
0
1
0
0
0
0
0
0
1
0
0
0
0
1
0
0
0
2
1
0
0
1
0
0
1
2
1
0
2
1
1
0
1
0
0
0
1
1
1
0
0
0
0
0
0
0
2
1
1
0
2
1
0
1
0
0
0
2
0
0
0
1
1
1
1
0
0
0
0
0
0
1
2
0
0
0
0
1
2
1
0
0
0
0
1
0
0
0
1
1
0
1
1
1
0
0
0
2
0
1
1
1
1
0
1
0
0
2
1
1
2
0
2
0
0
1
0
0
0
1
0
1
2
0
0
1
0
2
0
1
0
0
1
0
2
0
0
0
0
0
0
1
1
1
0
0
1
2
1
0
0
0
0
1
0
0
1
1
0
1
1
0
0
0
2
1
0
1
1
1
0
0
1
1
0
0
0
1
0
1
1
0
2
0
0
0
1
0
0
0
1
0
1
1
0
1
0
0
1
0
0
0
1
1
0
0
0
0
2
0
0
0
1
1
1
0
0
0
0
0
1
0
0
0
0
0
2
0
0
0
1
1
1
0
1
0
2
1
0
0
1
0
1
0
0
1
0
0
0
0
1
0
0
0
1
0
0
0
1
0
0
2
0
0
0
0
0
0
1
0
1
1
0
0
1
1
1
1
2
1
0
0
1
1
0
1
0
0
0
0
0
0
0
0
0
0
0
0
0
0
0
0
1
1
0
1
1
1
0
0
0
0
0
1
0
0
1
0
0
1
0
1
0
0
1
0
0
0
0
0
1
0
0
0
1
0
0
0
0
0
1
1
0
1
0
0
1
1
0
0
0
0
0
1
0
0
0
0
0
1
0
0
0
0
0
0
0
0
0
2
0
0
0
0
0
0
0
0
0
0
1
0
0
0
1
0
0
0
0
1
0
0
0
0
0
1
0
0
1
0
0
0
0
0
0
0
0
0
1
0
0
0
0
0
0
0
0
0
0
0
0
0
0
0
0
0
0
0
0
0
1
0
0
0
0
0
0
0
0
0
0
0
0
0
1
0
0
0
0
