0
0
0
0
0
0
0
0
0
0
0
0
0
0
0
0
0
0
0
0
0
0
0
0
0
0
0
0
0
0
0
0
0
0
0
0
0
0
0
0
0
0
0
0
0
0
0
0
0
0
0
0
0
0
0
0
0
0
0
0
0
0
0
0
1
0
0
1
1
1
1
0
2
2
0
8
2
4
4
2
3
7
20
47
146
350
975
2226
4921
9602
16992
27861
40959
54442
65959
72969
72825
66681
55081
41175
28053
17524
9832
5169
2381
1050
397
144
36
8
3
7
1
3
0
0
1
2
2
1
1
1
0
0
0
0
0
0
0
0
0
9
61
36
57
36
48
63
42
42
57
39
41
42
35
39
46
40
38
44
42
41
41
38
44
42
41
42
48
34
37
35
44
42
41
35
32
37
24
37
39
36
30
35
43
40
53
40
41
35
36
33
30
31
50
47
43
45
56
40
46
45
39
44
34
45
35
44
52
59
62
69
106
111
129
150
159
192
167
153
117
109
110
107
76
73
55
67
42
57
39
53
41
43
48
33
43
47
44
45
40
54
49
53
44
42
63
67
64
67
72
88
83
91
79
104
107
126
108
115
135
146
154
144
173
206
267
382
628
1070
1797
2968
4658
6985
10163
13660
17830
21699
24888
27609
28480
28101
26298
23411
19622
15781
12214
9018
6614
4590
3231
2331
1718
1253
977
687
461
368
328
294
332
417
528
623
819
879
973
1043
1115
1064
934
758
664
547
403
318
200
172
143
119
107
77
83
53
54
44
41
24
28
17
17
13
15
9
10
9
17
8
8
7
9
8
6
7
6
5
5
8
7
6
6
8
10
3
7
7
6
8
8
9
9
6
7
8
13
7
13
17
8
18
18
21
22
22
23
26
23
26
19
19
24
22
19
17
14
18
18
20
24
16
30
21
23
14
17
15
16
16
17
19
20
23
13
20
18
13
10
14
14
13
7
8
7
8
5
4
4
6
2
6
5
8
4
9
5
6
5
4
8
9
9
7
7
6
5
5
2
3
9
1
9
4
13
10
8
11
13
11
16
23
15
10
39
21
13
27
22
24
16
20
11
11
13
9
6
11
13
5
8
4
9
13
13
11
14
10
11
16
11
11
5
18
5
7
12
13
8
4
8
6
6
10
2
4
2
8
6
9
4
5
4
6
7
11
6
9
3
8
6
5
10
5
5
2
9
3
4
1
1
4
5
6
3
6
4
3
3
1
7
5
4
4
5
9
9
11
6
6
3
6
10
6
8
9
4
8
8
5
6
10
8
5
3
7
3
9
4
8
6
6
5
8
6
3
6
3
9
7
4
8
6
2
11
6
7
2
6
7
6
6
8
8
4
15
6
5
6
8
3
6
10
4
7
9
3
8
3
10
7
8
7
7
7
9
5
12
4
5
10
11
6
8
6
17
8
11
10
8
16
21
11
9
10
9
6
7
13
9
12
5
10
8
10
11
11
3
14
11
9
11
3
10
7
9
6
12
13
13
8
12
19
9
9
14
16
9
13
11
12
9
13
19
8
14
19
20
13
11
16
20
20
13
18
24
15
16
16
24
27
27
21
14
12
19
29
22
26
24
17
27
20
15
27
19
21
28
24
24
23
29
18
20
15
24
20
15
17
16
19
14
21
15
10
10
14
15
18
14
15
17
17
18
12
19
17
26
19
12
14
21
21
22
11
24
18
28
30
16
21
25
24
28
11
20
25
31
22
18
17
20
34
25
18
25
32
26
29
20
22
33
25
27
18
23
26
29
22
34
15
20
18
28
22
39
32
25
24
29
30
31
34
27
32
39
34
28
34
39
29
47
43
44
32
33
28
31
45
31
35
40
51
37
33
41
43
48
43
47
48
31
38
47
50
43
54
42
44
60
60
49
59
43
54
41
56
53
54
59
44
59
61
67
58
74
72
85
80
66
66
86
94
85
100
97
122
133
124
136
152
146
132
152
149
145
127
133
131
128
121
139
119
109
110
113
94
106
101
87
97
97
67
81
61
102
88
89
103
94
103
61
80
75
93
85
86
89
78
75
83
64
92
87
72
82
92
73
90
90
82
83
90
83
64
67
73
83
72
83
70
73
70
75
73
71
76
74
72
75
106
85
94
91
73
73
64
70
58
77
79
70
91
75
73
74
79
81
86
65
69
73
80
83
78
73
75
68
70
73
69
66
80
57
60
66
90
87
68
95
84
75
92
71
87
71
68
71
74
68
76
75
56
67
68
79
90
100
90
85
75
78
65
75
83
78
75
83
83
71
92
91
83
79
74
87
83
79
101
98
106
78
94
102
85
105
76
108
112
102
122
111
128
149
168
212
260
339
394
489
532
676
780
931
1143
1304
1482
1617
1761
1860
1915
2034
1980
2053
1942
1914
1764
1658
1476
1255
1162
993
936
769
607
485
420
347
275
205
193
194
168
149
148
117
105
94
103
109
98
109
113
104
100
108
114
117
107
100
133
120
94
107
124
113
108
119
115
115
116
111
106
102
108
125
121
101
121
114
123
126
115
132
104
120
119
122
114
91
124
118
111
95
112
118
120
122
119
113
121
134
120
124
134
137
149
145
137
153
157
176
187
208
245
238
252
288
303
338
332
381
366
324
375
380
384
344
336
316
293
269
267
260
217
219
198
202
150
178
168
145
136
167
146
130
136
146
130
132
106
163
133
140
133
135
143
138
135
138
133
132
120
136
135
136
140
118
147
138
187
160
157
155
152
155
174
158
148
146
162
165
167
186
187
185
158
174
169
188
171
162
187
171
174
174
188
189
170
175
155
199
179
184
173
192
192
190
182
185
162
185
196
187
183
201
181
205
208
210
210
211
201
202
205
209
240
227
239
242
249
246
220
245
245
243
247
235
264
251
250
246
299
266
260
266
292
265
281
284
303
282
279
293
294
267
259
276
284
281
255
261
258
277
240
286
298
261
268
277
273
253
259
253
242
228
257
219
243
213
232
234
234
243
259
210
219
248
189
207
202
204
187
211
194
199
225
186
178
195
200
193
173
167
147
181
171
169
156
181
155
160
170
158
138
167
158
133
160
175
167
150
132
166
156
178
164
158
171
162
165
141
149
167
159
141
159
165
153
135
138
188
150
158
176
169
176
165
143
169
179
168
162
176
175
161
170
175
175
181
170
166
170
176
203
180
202
209
195
191
184
201
202
204
181
213
208
189
191
203
203
205
192
190
201
213
198
193
201
209
220
205
224
181
224
220
238
208
190
226
221
205
213
225
210
208
220
186
214
213
218
218
217
195
209
188
209
213
196
210
214
194
232
210
174
197
187
213
183
177
176
164
179
222
186
202
179
183
182
202
173
192
177
203
174
173
184
182
188
163
149
175
186
207
138
170
168
183
171
170
186
206
177
144
175
169
160
146
130
167
159
162
183
156
173
157
193
153
172
197
170
159
196
194
151
174
150
171
175
179
157
161
190
178
184
184
188
166
177
171
178
186
158
183
180
171
183
182
161
184
158
177
160
199
196
178
192
167
173
159
186
169
174
192
175
179
187
196
204
193
181
167
166
187
187
203
193
170
195
167
184
187
197
185
198
180
176
225
178
176
179
183
190
179
181
195
185
180
174
187
206
187
187
189
177
180
212
185
203
212
197
208
211
202
183
200
198
191
194
188
179
193
200
207
207
231
219
228
213
225
203
198
222
212
222
192
221
183
206
210
212
201
219
195
204
201
212
221
206
213
224
211
196
231
213
208
201
225
206
234
212
195
214
224
190
201
223
225
196
190
207
211
224
198
211
211
240
202
214
223
188
219
216
183
246
198
220
205
176
205
214
193
195
207
191
195
196
189
207
195
201
184
184
208
205
216
194
192
201
184
195
205
208
170
193
184
188
197
189
186
166
195
190
191
203
184
189
205
215
193
167
186
184
173
198
217
200
207
194
186
207
172
192
170
183
172
190
183
176
186
191
177
208
184
176
175
153
181
189
200
175
216
203
165
191
175
168
173
190
194
155
214
173
175
178
192
208
174
179
197
210
202
170
190
197
191
213
183
176
198
193
202
189
163
196
178
177
171
174
204
209
169
185
185
195
194
205
201
213
191
159
189
206
172
203
178
186
198
204
195
169
185
192
174
201
196
202
179
176
209
195
174
203
206
198
193
207
195
193
182
195
198
200
222
204
187
208
217
188
179
184
199
187
197
200
199
224
223
179
177
183
193
208
185
197
177
182
180
194
181
201
192
183
198
205
208
188
182
190
197
185
213
204
189
196
192
192
215
207
198
191
194
217
178
196
203
225
210
221
190
217
201
187
206
203
193
203
204
211
226
213
218
224
207
216
222
215
214
219
220
202
236
211
248
231
235
245
210
235
207
241
234
228
248
247
260
245
239
245
259
234
260
231
265
262
264
250
296
279
265
301
283
274
292
297
280
296
281
303
288
265
313
310
310
313
338
315
339
356
331
326
358
384
377
381
385
357
368
394
392
402
395
448
441
479
447
414
515
477
541
510
570
548
547
586
575
644
665
655
706
697
713
729
795
820
818
884
803
858
901
883
951
1019
974
993
968
1028
1072
1038
1061
1076
1157
1118
1142
1121
1123
1125
1178
1101
1166
1197
1149
1157
1113
1121
1127
1106
1133
1069
1081
1057
1005
1001
1019
965
938
936
905
938
834
816
788
821
779
700
687
673
689
599
620
623
618
544
513
573
531
493
463
475
460
458
423
426
400
369
409
378
352
342
368
328
306
328
310
311
289
303
262
281
235
279
260
289
265
263
237
242
269
236
248
233
223
215
228
244
228
211
208
205
189
183
189
212
189
186
178
179
172
204
207
188
148
197
175
180
178
182
201
218
208
240
207
222
236
247
249
250
243
269
304
301
304
328
356
344
392
396
392
370
429
424
393
438
436
420
435
397
412
430
410
409
343
409
348
324
350
319
275
305
243
240
235
226
228
186
175
192
174
149
155
156
157
129
133
134
138
163
132
121
122
150
146
101
139
131
173
144
148
140
116
151
133
130
118
110
146
153
138
159
132
140
158
158
138
138
157
142
179
135
144
158
155
179
177
178
182
198
173
168
175
180
200
212
195
196
218
221
188
205
188
200
207
197
209
207
231
198
207
169
197
193
210
216
214
215
218
225
214
215
197
220
189
191
200
201
202
189
192
183
192
169
169
165
174
183
174
173
146
164
165
147
136
122
131
123
148
151
164
134
116
128
136
116
141
116
120
112
120
95
106
84
108
111
88
99
93
92
90
101
97
106
74
95
60
85
83
66
88
93
68
67
71
79
79
82
68
86
83
65
72
86
52
56
74
78
66
62
67
62
63
73
50
58
57
42
63
50
53
47
68
58
65
54
52
59
73
56
53
58
62
53
49
45
52
53
56
57
44
58
48
44
43
47
42
48
56
41
39
43
59
35
50
54
46
49
43
42
63
47
40
45
56
48
58
48
69
40
42
54
50
59
57
45
42
60
72
65
68
76
63
77
70
71
73
72
57
61
53
58
50
50
55
43
50
38
37
48
42
48
51
38
39
40
37
46
46
34
42
30
61
34
26
45
34
34
43
41
39
32
32
35
45
41
33
45
37
33
35
29
32
39
47
44
45
42
29
36
25
43
37
36
34
32
30
27
37
27
38
33
33
33
30
42
27
39
31
34
27
31
23
36
28
25
23
26
27
21
31
35
24
25
23
36
33
28
30
30
24
25
34
24
30
38
26
25
19
36
27
28
23
22
24
35
25
34
27
34
27
25
36
39
28
28
24
25
22
27
20
34
21
27
28
27
35
24
22
22
19
24
23
27
14
26
21
23
24
28
23
29
25
25
28
27
29
29
23
28
26
27
28
33
30
27
25
25
22
29
21
32
34
23
17
7
30
28
24
27
27
25
19
18
22
28
16
21
17
18
19
23
24
21
27
24
28
31
17
26
25
31
21
28
31
17
21
18
23
23
29
19
36
19
21
26
22
21
18
21
28
24
16
24
14
22
14
20
18
14
18
19
20
15
15
21
16
23
26
28
14
23
23
22
17
26
20
26
24
20
19
8
12
14
19
21
14
17
16
16
23
18
21
17
15
18
21
20
18
19
20
25
24
17
22
19
16
25
29
22
13
18
19
16
15
20
15
15
19
14
13
22
24
17
26
14
20
22
17
20
17
20
13
12
15
9
11
13
19
24
19
16
26
20
18
17
12
9
9
14
14
11
14
14
9
14
18
19
16
12
18
16
20
18
17
19
10
13
17
25
17
19
14
11
10
21
17
17
12
20
18
19
13
21
12
13
17
20
13
15
16
13
12
16
17
17
13
23
7
11
16
11
18
14
15
20
18
10
13
18
9
8
11
18
20
4
19
10
11
14
10
11
17
9
19
16
16
15
15
15
11
13
14
8
12
14
7
14
11
10
9
14
11
14
13
15
8
22
10
13
9
9
9
11
12
16
18
12
12
8
12
14
8
7
9
8
7
12
4
12
15
7
8
6
6
16
10
12
14
9
11
9
12
9
10
14
10
12
13
8
14
18
11
10
19
12
7
16
10
3
9
10
10
6
8
12
6
11
12
9
8
14
13
4
17
10
8
12
10
5
8
13
8
8
12
8
4
7
11
7
7
9
8
12
14
7
12
6
13
10
10
12
7
10
12
12
8
6
9
17
13
7
8
6
8
15
9
11
7
9
5
14
10
4
9
7
7
5
7
13
17
12
9
11
10
10
6
9
8
7
6
14
11
9
6
10
6
6
10
8
9
9
7
9
8
6
9
3
8
9
10
9
6
8
9
10
7
5
5
12
7
3
9
5
3
11
7
7
5
7
12
6
8
4
5
13
9
6
5
4
5
7
14
16
12
7
8
3
11
5
8
10
7
5
6
5
11
4
10
10
6
10
8
8
7
7
8
9
3
11
7
4
7
5
13
5
9
4
5
7
7
4
9
7
9
3
2
8
9
4
5
12
6
7
4
6
6
8
7
4
4
8
5
4
4
7
7
4
2
7
5
6
7
4
11
6
7
4
3
8
4
6
6
4
7
5
7
6
3
10
4
5
7
3
6
6
4
9
11
10
4
5
2
10
6
4
4
8
8
5
3
6
7
5
2
11
7
3
5
2
5
9
1
9
6
2
4
0
7
5
8
4
12
4
6
3
4
4
2
2
0
2
7
6
4
3
3
4
10
5
2
1
6
4
6
6
5
4
2
6
1
3
6
4
3
5
1
8
9
9
2
4
7
9
5
3
6
3
5
5
1
4
3
4
6
4
4
7
5
3
0
5
4
6
4
1
3
7
4
3
4
4
3
6
5
2
6
5
2
6
6
1
4
4
3
2
3
7
7
5
2
2
1
6
4
0
6
4
2
2
4
3
3
4
3
4
6
3
6
4
3
4
9
2
8
2
8
4
3
3
1
6
1
2
1
1
4
4
3
4
6
5
5
3
3
6
4
2
5
1
1
3
4
4
2
4
4
4
6
5
3
1
2
8
3
3
3
2
7
4
3
7
3
2
3
3
1
4
3
1
1
4
3
3
8
2
4
5
2
0
2
2
4
2
1
1
5
1
3
2
3
1
2
2
2
2
2
1
3
1
2
3
1
3
1
4
2
4
1
6
0
2
5
1
2
0
3
1
1
6
5
0
6
1
4
3
4
1
2
2
5
2
3
3
3
3
1
3
6
2
2
0
1
1
3
1
3
3
3
0
8
2
4
1
1
2
4
0
4
1
4
1
2
2
2
1
3
0
2
0
3
4
1
1
3
2
1
0
3
1
4
3
1
0
3
2
1
3
3
2
3
2
2
1
3
3
3
1
0
5
1
0
3
3
2
2
0
1
2
2
3
0
2
4
1
2
3
1
1
1
2
1
1
3
2
0
3
1
1
1
1
1
2
2
3
3
0
0
3
0
0
1
1
0
0
2
4
0
0
2
1
2
4
0
4
0
1
0
0
3
0
3
1
1
1
0
1
1
1
1
4
1
2
1
0
1
2
2
1
0
1
1
2
2
0
3
1
2
2
3
1
1
1
0
1
2
0
1
0
2
0
1
0
3
1
1
2
1
0
2
1
0
0
0
2
1
1
1
1
2
0
2
1
2
2
2
1
1
0
2
3
1
1
1
2
0
0
0
2
0
3
0
0
2
0
1
0
0
1
4
0
2
2
2
2
0
0
0
0
1
2
1
2
0
0
1
0
0
0
0
3
1
1
0
1
1
2
0
2
1
0
2
1
1
0
1
0
0
0
0
0
0
1
0
1
0
0
0
1
1
0
0
3
0
0
4
1
2
0
2
3
1
2
1
2
1
1
0
1
0
1
0
1
2
1
1
0
0
2
1
1
0
1
1
3
1
1
1
2
2
0
1
1
1
0
1
2
0
1
1
0
0
1
0
0
0
0
2
0
2
1
0
1
0
1
1
0
0
1
1
0
0
1
1
0
1
1
0
0
0
2
0
0
0
0
1
0
0
1
0
1
0
0
1
1
1
0
3
0
2
0
2
0
2
2
0
1
1
0
0
1
3
0
3
0
0
0
1
0
0
0
0
1
0
1
2
0
2
1
0
0
1
0
0
0
0
0
0
0
0
0
0
0
0
0
0
1
0
0
1
0
1
0
2
0
3
0
0
2
0
2
0
0
0
1
1
0
0
0
1
1
2
0
0
1
1
0
1
0
0
1
1
0
1
0
0
0
0
0
1
0
1
0
0
1
0
0
0
0
0
0
0
1
0
0
1
0
0
0
1
1
1
0
0
0
0
1
1
0
0
1
0
0
1
0
0
1
1
0
0
0
0
0
0
0
2
0
0
1
0
0
0
0
1
0
0
0
0
0
0
0
0
1
3
1
2
0
0
1
1
0
1
0
0
0
0
0
2
1
0
0
0
2
0
1
1
0
0
1
1
0
3
0
0
1
0
0
0
1
0
1
0
1
1
0
0
0
2
1
0
0
0
1
0
1
0
0
0
0
0
1
1
0
1
0
0
0
0
0
2
0
0
0
1
0
0
2
1
1
0
0
0
0
0
1
0
0
1
0
1
0
0
0
1
1
1
1
0
0
0
0
1
0
0
0
1
0
0
0
0
0
1
0
0
0
0
1
1
0
1
0
1
1
0
0
0
0
0
0
2
0
0
0
2
0
0
0
1
0
0
0
1
0
0
0
0
0
0
0
1
1
0
0
0
0
0
0
0
0
0
1
0
0
1
1
0
0
0
0
0
0
0
0
0
0
0
0
0
0
0
0
0
0
0
1
0
0
0
0
0
0
0
0
0
0
0
0
0
0
0
0
0
0
0
0
0
0
0
0
1
1
0
2
0
0
0
0
0
0
1
0
0
0
0
0
0
0
0
0
1
0
0
1
0
0
0
0
1
0
0
1
0
0
1
0
0
0
0
0
1
0
