0
0
0
0
0
0
0
0
0
0
0
0
0
0
0
0
0
0
0
0
0
0
0
0
0
0
0
0
0
0
0
0
0
0
0
0
0
0
0
0
0
0
0
0
0
0
0
0
0
0
0
0
0
0
0
0
0
0
0
0
0
0
0
0
1
0
1
0
5
2
0
3
2
5
6
0
1
3
2
3
4
5
13
44
122
355
929
2179
4853
9555
16808
27444
40512
54457
66478
73213
73383
66416
55296
41439
28143
17594
9788
4973
2324
942
374
153
53
16
5
2
2
1
1
1
2
3
1
1
3
2
0
1
0
0
0
0
0
0
0
4
50
39
58
53
52
52
56
47
47
55
44
48
38
40
42
39
53
36
43
39
45
42
45
41
36
36
40
38
40
31
37
37
44
41
37
29
40
41
48
34
31
38
41
38
45
37
38
47
31
37
38
38
38
43
43
34
38
46
42
38
34
53
38
44
46
62
52
64
84
94
110
134
152
146
150
165
150
157
138
151
122
111
89
71
59
54
46
52
35
35
56
37
50
45
41
33
37
55
40
53
39
62
64
60
38
90
56
87
78
79
94
96
85
93
130
132
119
149
135
161
171
238
250
285
359
502
769
1251
2037
3119
4848
7337
10270
14168
18250
22631
26189
28459
29681
29432
27188
24065
20236
16541
12860
9185
6794
4854
3391
2486
1875
1321
1051
770
592
437
392
389
400
466
597
668
789
871
999
1047
1024
944
857
792
648
511
394
276
199
191
133
96
93
76
80
67
51
54
34
33
34
14
15
14
14
20
9
8
11
12
11
10
8
7
11
4
8
7
10
8
10
3
13
8
11
3
10
12
9
12
10
9
10
10
8
11
10
11
16
7
12
13
19
20
28
21
25
23
26
23
27
28
17
29
21
24
16
15
15
21
24
24
21
16
25
27
27
17
26
16
15
20
26
14
28
17
23
16
9
13
12
13
11
11
10
6
6
6
7
3
6
6
5
8
7
8
7
5
4
9
9
2
7
7
5
5
4
2
6
6
5
9
5
4
5
11
11
14
19
12
17
12
26
21
19
21
17
24
29
23
21
10
16
15
13
8
10
10
6
10
3
15
9
15
14
16
13
10
12
11
9
8
9
11
4
4
7
11
7
3
2
8
8
5
7
2
5
7
1
6
7
5
6
9
4
7
5
12
2
5
5
5
11
4
8
11
2
8
3
2
5
4
6
8
7
3
6
6
5
4
4
7
3
3
3
4
5
12
11
5
9
10
6
6
8
10
9
5
9
5
7
8
12
4
4
5
8
5
8
9
4
8
7
3
4
6
11
5
7
8
8
9
5
11
11
9
4
6
4
3
6
5
8
5
6
8
12
7
10
8
9
8
13
12
4
9
7
13
10
10
8
5
13
9
6
13
10
9
5
9
10
9
10
5
12
13
9
11
8
12
10
6
5
6
14
17
10
8
9
10
11
9
12
9
13
10
11
6
9
8
14
13
8
9
9
13
11
5
10
12
18
9
9
13
12
13
15
15
17
9
21
10
17
20
17
6
12
18
17
13
12
16
10
18
13
11
18
19
14
14
20
12
21
21
22
14
14
21
14
21
23
10
9
13
15
19
15
13
17
13
14
13
19
23
19
16
18
23
9
18
19
14
12
14
21
24
14
24
18
31
18
21
19
15
16
26
17
25
21
22
15
20
17
18
24
18
20
30
26
25
16
30
21
32
24
19
27
19
20
28
28
27
29
28
29
24
31
27
39
25
24
34
22
19
24
28
32
37
30
26
32
30
36
35
30
38
37
36
36
36
41
26
34
34
32
34
24
35
32
28
36
41
44
52
45
43
35
43
44
51
32
48
38
49
50
50
52
44
47
55
48
54
53
49
51
54
55
39
51
46
62
58
62
55
54
72
63
52
60
73
58
65
61
59
57
64
68
78
73
77
51
69
84
87
81
68
82
87
85
85
84
84
108
91
85
97
112
85
92
107
97
80
93
94
106
86
94
91
87
91
91
92
73
91
88
91
86
74
75
77
93
81
86
71
76
76
93
61
83
60
63
64
84
56
67
75
80
70
75
57
84
66
71
87
77
67
69
66
68
59
80
75
73
76
54
60
72
60
75
51
78
77
90
90
86
72
79
81
74
67
82
71
61
66
80
68
87
67
68
84
77
74
77
73
75
56
69
71
64
51
80
71
71
61
63
75
70
66
80
90
63
61
69
75
80
76
72
81
65
95
58
61
67
61
66
79
72
86
73
84
69
66
74
61
69
67
84
72
78
90
75
77
81
84
80
87
62
82
85
87
83
72
89
79
88
96
82
99
99
103
102
125
120
128
143
198
264
322
369
451
561
650
819
979
1110
1329
1425
1583
1763
1805
1987
1981
2148
2055
2046
1901
1877
1755
1531
1379
1254
1110
925
754
654
544
407
360
274
259
200
168
130
151
127
101
106
108
97
107
104
95
103
95
119
100
105
84
108
97
109
98
117
99
102
99
115
71
115
117
122
113
81
104
106
110
99
115
93
114
103
117
113
123
117
130
118
116
101
109
108
103
115
113
92
133
114
105
113
117
114
110
118
125
134
104
152
141
144
144
165
162
189
231
215
224
246
308
313
304
332
360
382
341
406
353
370
372
344
320
335
280
278
274
235
222
212
202
204
150
179
183
153
167
152
152
150
147
146
170
158
145
146
122
149
155
140
133
157
155
149
123
153
148
135
160
171
149
170
162
172
164
161
169
159
177
187
177
165
169
189
169
176
178
195
178
193
205
159
166
184
210
183
211
207
201
190
187
225
232
209
229
230
246
215
242
225
218
280
245
242
258
249
274
251
227
234
268
267
249
243
293
252
242
265
276
265
281
267
273
262
243
274
250
269
253
246
250
255
232
277
223
265
242
228
234
245
244
229
207
226
215
213
207
212
195
192
213
200
201
194
182
148
194
183
190
142
196
170
203
167
161
172
157
173
183
154
154
145
175
151
166
144
150
156
158
162
153
145
152
164
164
169
165
156
140
142
156
152
154
152
159
180
153
157
153
149
144
136
136
156
172
143
146
158
161
138
169
145
150
169
150
155
163
160
170
149
146
139
154
160
151
150
147
143
173
163
134
160
133
160
130
155
154
175
154
174
152
174
139
138
150
142
142
136
145
151
155
171
156
144
167
166
170
160
151
178
148
165
134
136
182
183
164
176
144
167
167
155
169
141
167
160
144
158
177
159
171
176
160
177
168
161
174
161
149
179
180
181
183
180
170
179
185
168
173
184
171
205
177
196
186
172
189
186
185
176
202
176
186
197
172
182
184
218
173
205
198
193
182
204
180
198
199
202
201
191
191
193
196
197
180
194
219
196
224
180
195
202
215
186
210
220
197
199
198
202
225
184
221
227
201
205
185
209
180
199
204
217
209
165
209
182
211
205
206
185
214
203
187
223
209
185
197
177
191
183
212
198
199
218
176
203
177
202
203
195
215
173
178
204
211
210
226
202
212
224
175
222
223
214
214
215
220
223
204
206
235
210
199
231
213
213
220
207
200
218
236
240
249
248
251
223
232
257
246
266
237
245
228
236
250
248
246
238
260
251
270
271
270
274
245
255
232
254
264
286
277
266
288
285
230
247
267
247
263
264
249
249
250
254
236
246
249
257
274
270
236
265
265
244
242
246
249
231
270
218
253
222
238
222
254
236
210
261
238
244
233
215
225
247
235
213
247
198
222
254
221
246
203
235
227
245
197
225
217
211
209
234
223
231
195
206
202
226
194
219
225
246
202
213
193
231
222
192
202
210
186
207
187
198
199
198
192
222
224
214
194
187
233
183
187
192
212
236
213
190
228
184
209
198
174
221
221
198
172
213
199
211
208
224
198
209
193
198
209
206
184
209
175
224
183
209
213
186
211
216
208
205
207
203
196
204
187
201
223
202
216
216
208
218
206
213
225
194
215
186
213
207
216
184
200
206
216
194
192
223
193
182
195
213
217
216
196
203
201
191
204
198
217
187
193
194
192
208
208
210
201
187
192
209
199
219
181
203
213
195
215
211
210
203
218
218
180
196
211
202
213
195
231
193
222
212
200
192
194
212
211
213
175
194
192
175
205
186
242
208
195
207
193
193
222
208
206
224
226
217
226
201
178
208
224
190
191
201
200
216
226
198
200
212
216
199
236
212
211
203
221
199
223
213
204
211
222
221
198
208
214
227
200
191
207
226
200
218
197
225
197
207
218
215
215
211
218
242
224
212
241
213
239
213
211
189
212
201
238
222
237
224
262
221
222
219
227
253
205
220
224
226
214
221
229
223
232
234
235
219
235
231
255
231
235
225
252
242
268
232
249
276
248
247
246
276
261
224
261
241
267
256
258
257
268
257
265
292
240
278
297
268
281
287
313
258
295
300
300
292
298
334
315
297
318
307
326
303
314
316
293
314
329
317
362
331
335
336
344
373
331
396
360
361
353
402
402
402
397
386
402
362
430
426
445
431
448
514
500
523
530
556
530
572
570
588
615
657
684
693
691
727
756
784
755
854
856
924
922
904
942
912
1003
1009
1003
972
1045
1083
1084
1137
1196
1158
1202
1138
1208
1225
1278
1246
1247
1258
1298
1211
1239
1223
1203
1260
1235
1197
1175
1206
1141
1129
1112
1123
1129
1066
1088
1106
941
956
1022
936
859
849
891
870
774
771
767
753
690
713
619
625
633
615
574
565
536
477
494
515
482
428
440
461
427
381
368
376
413
342
364
391
346
333
325
328
337
292
313
285
324
294
284
268
304
241
271
239
265
232
232
258
251
254
198
235
219
222
222
222
224
229
182
193
203
185
202
201
186
204
187
204
203
185
208
186
175
213
220
222
222
195
230
235
241
240
245
261
245
276
248
285
311
338
301
335
337
339
366
366
368
367
367
375
404
404
408
407
407
406
378
411
340
359
328
312
318
310
279
260
265
254
230
289
198
227
154
175
160
166
159
148
139
150
142
139
124
124
138
142
146
128
145
139
125
143
135
130
123
157
146
145
127
163
143
138
132
151
156
155
174
163
171
140
160
171
166
158
137
156
182
181
179
172
180
182
200
201
194
183
209
197
197
190
199
191
217
222
227
219
218
230
207
247
182
247
221
234
217
234
229
213
214
244
196
232
216
245
235
219
224
219
207
211
207
237
203
179
181
196
178
204
202
186
184
148
175
179
167
158
160
163
140
150
151
147
120
134
146
169
159
135
137
122
116
123
142
119
119
119
129
110
97
118
105
96
120
111
114
104
114
102
109
74
87
84
96
99
87
82
63
84
85
80
62
58
79
81
72
73
76
77
81
67
71
70
55
69
79
59
55
66
54
62
64
52
67
54
71
57
52
72
66
50
73
62
73
51
61
58
64
53
55
51
61
58
61
57
59
61
47
60
57
37
58
41
47
50
55
47
42
36
62
47
48
50
52
53
53
50
36
53
49
69
43
48
49
51
57
69
77
58
57
63
69
64
76
60
67
77
66
63
72
78
69
73
65
58
52
56
63
68
74
37
41
41
46
36
40
43
50
46
46
35
36
44
46
35
41
34
51
43
33
46
41
31
38
37
26
44
50
54
37
35
35
48
38
42
40
45
35
50
37
47
26
44
35
32
42
41
37
37
31
26
33
19
26
36
28
18
32
24
31
31
24
36
33
37
27
31
29
30
39
31
31
35
26
27
21
30
36
25
28
31
35
31
29
21
23
29
36
26
25
32
21
34
31
35
25
27
34
29
19
27
24
27
27
25
23
28
29
26
29
25
21
27
29
27
28
30
33
35
30
24
27
26
27
26
23
28
24
25
29
30
27
25
27
33
27
27
33
22
28
22
22
18
28
27
23
16
17
34
32
27
27
21
31
31
37
23
27
24
28
17
11
26
23
28
27
24
25
18
20
15
21
22
24
25
20
20
31
33
27
26
28
30
25
20
18
25
31
18
19
19
25
21
22
29
27
27
21
22
25
19
30
13
23
30
21
16
23
28
20
23
22
20
17
19
21
16
24
20
25
24
18
21
21
21
17
24
23
22
19
17
21
21
27
26
20
21
28
27
19
15
23
15
20
14
20
17
13
16
20
23
18
19
17
20
24
19
13
18
19
15
19
13
14
15
22
18
19
18
16
26
18
13
19
9
27
14
16
17
18
13
20
24
22
15
13
17
20
13
19
14
13
16
18
16
18
18
16
16
19
19
15
13
15
20
18
15
17
20
8
14
20
13
15
18
15
16
14
10
14
19
16
14
19
14
9
11
20
17
12
8
15
14
16
18
17
10
20
13
15
16
12
7
25
16
13
15
11
13
13
11
19
9
12
12
10
12
16
12
11
16
15
14
15
20
16
13
16
19
8
10
13
18
17
17
18
11
15
10
21
10
8
16
14
15
10
17
9
17
7
17
16
10
13
12
7
10
16
9
13
14
14
16
11
14
10
9
8
10
10
10
13
14
7
6
12
15
14
15
9
7
8
8
14
8
16
9
9
8
6
10
11
12
11
9
10
13
7
11
11
11
9
13
10
19
10
11
5
13
15
14
13
6
11
8
6
15
12
6
14
12
7
10
10
13
6
2
16
11
9
7
16
16
5
6
12
7
8
6
13
9
4
15
11
8
8
12
6
8
14
7
11
7
5
6
14
9
9
10
10
8
11
11
2
11
6
7
5
9
4
14
7
5
6
11
4
9
11
15
4
8
11
1
7
8
8
12
3
8
3
3
8
6
5
11
7
12
5
6
9
10
10
13
17
5
8
9
9
9
8
5
8
7
8
4
5
9
8
7
14
9
14
6
9
11
6
10
5
13
16
12
8
9
4
10
5
10
6
5
8
9
2
5
5
5
8
8
10
9
8
11
10
5
7
5
6
10
6
11
13
8
5
9
7
6
8
5
10
9
8
5
12
7
9
9
5
7
7
3
7
2
5
8
2
6
9
13
4
3
8
4
4
5
4
7
8
5
11
5
8
11
5
6
8
10
10
7
10
4
6
3
6
4
7
3
6
10
8
8
3
7
5
5
4
6
10
8
4
9
10
4
0
5
7
5
2
6
3
5
2
3
4
6
6
3
3
4
6
6
4
7
9
8
7
8
1
6
7
3
3
3
3
8
4
3
0
8
5
7
6
4
8
6
4
6
2
8
6
6
5
3
3
5
9
8
4
7
5
2
3
3
11
5
5
3
5
4
4
4
2
3
6
7
3
3
3
3
3
5
5
5
2
5
1
1
2
4
3
5
6
2
5
3
4
6
4
5
6
7
4
4
4
6
3
7
5
7
2
5
3
3
6
4
7
3
8
3
5
4
2
8
5
3
5
7
2
1
8
2
3
2
4
3
4
2
7
3
4
1
2
4
6
3
4
4
5
3
3
5
1
4
4
2
5
2
0
5
1
0
7
5
5
7
2
1
4
6
7
8
2
6
7
1
2
6
5
0
6
10
0
5
3
5
3
3
4
4
2
5
2
3
2
1
2
2
6
4
3
1
0
4
4
2
2
2
7
3
1
0
1
7
2
3
6
3
4
2
1
5
2
0
5
2
2
4
2
2
2
6
4
3
4
0
3
2
5
1
2
2
3
0
1
7
3
1
6
1
1
1
1
4
1
4
1
2
0
2
1
6
2
2
3
4
3
0
2
3
2
3
4
8
0
2
3
0
4
3
4
5
3
4
1
4
1
2
1
3
3
1
2
2
2
3
2
3
3
3
1
0
5
2
3
1
2
4
3
1
2
4
1
2
6
2
6
3
2
2
2
4
2
2
4
1
3
0
2
4
1
0
1
3
2
4
1
2
1
2
2
2
0
0
2
1
2
2
3
0
1
2
1
3
3
0
3
0
3
3
3
3
1
2
1
0
1
2
0
0
0
2
3
2
1
0
1
2
3
2
1
1
4
2
0
0
2
2
1
3
1
2
1
0
2
3
0
1
1
0
2
2
1
0
1
4
3
0
1
1
0
0
1
1
2
3
1
3
1
1
1
3
1
2
0
2
2
1
1
2
2
2
2
1
2
1
2
4
0
3
0
1
3
1
1
1
0
1
3
1
0
0
2
0
1
2
0
1
1
1
1
0
1
1
1
1
2
0
1
1
3
0
0
0
0
0
1
1
2
2
2
2
4
3
4
0
0
1
0
4
1
1
1
2
1
0
1
0
3
2
1
0
1
0
2
0
1
3
2
3
1
1
1
3
1
2
1
1
2
2
0
0
1
0
0
1
2
1
0
2
0
0
0
3
1
1
2
1
1
2
2
0
0
0
0
1
2
1
0
1
2
1
1
0
1
1
2
3
0
0
2
1
1
1
1
2
1
0
0
0
1
0
1
0
1
1
0
0
2
0
1
0
1
1
4
0
0
2
1
2
0
1
0
2
0
0
0
2
2
0
0
1
0
1
1
0
0
1
1
1
0
1
0
1
1
0
1
1
0
0
0
2
0
0
1
1
1
2
0
0
0
2
0
0
2
2
0
1
0
1
0
0
1
1
0
1
0
1
0
1
1
0
0
0
0
0
0
2
1
0
1
0
0
0
1
1
2
0
1
1
0
0
1
1
1
1
0
2
0
1
0
1
0
1
1
0
0
2
0
0
1
0
0
1
1
1
1
0
0
0
0
0
1
0
0
2
0
0
1
0
2
1
0
0
0
1
1
2
0
0
1
0
0
0
1
0
2
0
0
0
0
1
0
0
0
1
0
0
0
0
0
0
0
0
0
0
1
1
0
0
0
0
0
0
0
1
1
0
1
0
0
1
0
0
1
1
1
1
0
0
0
0
0
0
1
0
1
0
0
0
1
0
0
0
0
0
1
0
0
1
1
0
0
0
0
0
0
1
1
0
0
0
0
0
1
0
1
1
1
1
1
0
0
0
0
2
1
0
0
0
0
0
1
0
0
0
1
0
1
0
0
0
1
0
0
0
1
0
0
0
1
0
0
0
0
1
0
0
0
0
0
0
0
0
0
0
0
0
0
0
0
0
0
1
1
1
0
0
0
0
0
0
0
0
0
0
2
0
0
0
0
0
0
0
0
1
0
2
0
0
0
0
0
1
0
0
0
0
0
0
0
0
0
0
0
1
0
0
0
1
1
1
0
0
0
1
0
1
0
0
0
0
0
0
0
0
1
0
0
1
0
0
1
0
0
1
1
0
0
0
0
0
1
0
0
0
0
0
0
1
0
2
0
0
0
0
0
0
0
0
0
1
0
0
0
0
1
1
0
0
0
1
1
0
0
0
0
0
1
0
0
1
0
0
0
0
0
0
0
1
0
0
0
0
0
0
0
0
0
0
1
0
0
2
2
0
0
0
0
0
0
0
0
0
0
0
0
0
0
0
2
0
0
1
0
0
0
0
0
0
0
0
0
0
0
0
2
0
0
1
0
0
0
0
0
0
0
0
0
