0
0
0
0
0
0
0
0
0
0
0
0
0
0
0
0
0
0
0
0
0
0
0
0
0
0
0
0
0
0
0
0
0
0
0
0
0
0
0
0
0
0
0
0
0
0
0
0
0
0
0
0
0
0
0
0
0
0
0
0
0
0
0
0
0
0
0
0
1
0
0
0
1
1
1
3
1
4
1
2
6
5
10
62
127
341
941
2240
4912
9603
16951
27966
40869
54820
65763
73102
72656
66620
54792
41142
28166
17546
10010
4998
2393
954
402
130
42
15
2
5
2
0
2
2
0
1
1
1
0
0
0
0
0
0
0
0
0
0
0
4
53
41
48
39
56
41
47
44
49
42
40
53
45
49
47
46
32
54
42
49
32
48
41
38
40
43
40
38
37
28
25
35
37
38
36
32
43
36
43
30
46
30
32
34
48
49
37
34
25
35
30
35
37
42
39
42
43
48
37
33
59
36
46
35
43
51
58
54
76
78
87
114
147
134
146
163
145
144
130
118
116
89
66
77
62
46
49
49
39
35
53
29
36
38
36
37
49
38
51
43
57
47
51
71
58
76
55
78
76
68
86
86
98
89
97
112
107
118
127
127
124
139
186
215
255
405
585
1079
1774
2891
4631
7107
10170
13669
18114
21893
25292
27635
28505
28221
26558
23717
19870
15839
12141
8960
6528
4617
3310
2298
1698
1267
928
662
482
413
357
301
311
379
510
668
781
912
1026
1068
1059
1016
970
845
636
541
418
302
231
168
136
96
91
80
76
71
57
54
29
27
27
17
15
14
12
5
13
7
10
9
10
10
5
4
9
7
10
7
7
9
7
7
12
10
7
7
6
12
9
14
10
13
9
11
5
7
9
10
11
16
11
18
15
25
22
25
25
22
19
18
23
19
15
18
13
21
12
24
12
15
23
21
19
16
19
20
16
11
21
15
18
18
14
16
18
11
16
7
17
13
9
9
11
7
5
5
4
6
7
4
6
9
10
5
2
4
8
8
4
9
3
3
5
6
7
3
4
9
5
2
7
7
6
3
11
7
11
6
13
14
10
15
16
24
20
22
16
27
20
22
14
12
21
15
10
5
10
13
8
5
8
16
12
11
11
14
7
12
14
12
9
11
11
11
6
8
7
6
4
5
5
7
7
9
6
13
6
8
8
3
4
6
3
3
6
4
7
4
9
6
10
9
4
9
6
2
7
2
11
8
7
7
9
5
8
6
6
3
6
6
5
10
5
7
1
6
5
5
17
7
10
5
5
4
7
6
4
5
5
4
12
8
7
3
7
10
8
3
8
7
9
8
8
5
4
11
6
6
7
7
7
7
4
12
7
6
10
13
6
6
4
5
5
12
12
8
5
11
5
3
6
7
8
7
12
8
5
8
2
3
6
7
4
8
5
12
8
8
6
5
10
14
13
5
14
4
8
6
7
10
6
7
7
13
8
11
7
7
9
15
10
14
10
14
12
5
4
9
10
11
5
8
7
8
9
12
11
16
15
12
11
8
11
15
9
15
14
7
6
13
17
15
10
12
15
12
20
19
16
11
11
13
19
15
27
12
18
17
18
13
16
12
20
21
21
28
13
34
13
24
27
31
12
18
16
23
26
22
28
18
16
23
16
15
17
12
24
16
16
18
18
13
16
16
13
21
16
14
16
13
20
24
22
22
12
17
13
22
18
19
8
17
23
10
16
18
24
17
21
17
12
9
25
16
17
24
15
18
19
25
25
25
25
20
33
16
17
17
22
20
27
18
24
23
30
15
23
24
21
29
30
24
29
35
33
28
23
21
37
27
37
30
30
30
35
33
34
38
33
32
32
38
24
28
36
38
28
28
29
36
44
38
37
48
42
44
32
51
41
45
38
50
39
41
41
45
55
58
44
44
48
52
44
55
58
59
52
49
52
52
59
51
50
50
63
79
65
77
63
65
68
88
71
91
116
114
93
120
120
128
136
132
149
161
137
154
133
161
145
144
142
147
108
113
109
83
108
106
89
89
92
84
98
80
85
84
67
66
76
99
85
104
66
77
88
88
97
79
78
96
77
74
73
103
98
93
76
73
69
69
80
79
88
78
64
89
80
81
78
71
57
90
89
71
83
86
68
65
77
93
75
70
75
73
56
74
78
71
96
69
66
66
92
75
77
81
74
85
75
73
75
79
77
79
67
74
82
68
79
75
85
70
63
65
91
73
73
64
75
81
103
68
74
78
77
87
73
80
81
74
89
72
79
71
85
98
67
65
80
81
77
77
75
78
73
82
75
100
93
81
97
79
89
85
90
80
73
82
81
84
100
79
82
98
101
103
90
98
100
107
120
123
135
164
176
238
278
301
401
486
622
725
844
1043
1128
1348
1427
1663
1690
1926
1909
1989
2003
2036
1927
1821
1738
1674
1579
1296
1203
998
914
746
620
473
420
365
312
230
212
160
136
142
108
139
109
105
97
105
99
140
109
99
95
114
123
111
119
109
106
115
100
129
117
117
116
129
120
109
119
116
110
103
103
130
122
140
114
95
117
99
108
108
132
108
121
123
123
111
133
100
117
114
117
123
124
106
109
115
116
117
142
114
139
133
155
149
150
134
151
189
193
203
219
259
259
307
293
324
334
354
363
329
329
377
375
350
334
340
353
313
272
246
268
197
224
195
174
187
158
126
154
136
123
132
150
145
156
126
143
129
126
135
122
139
127
136
164
151
145
121
133
138
163
111
144
146
141
156
156
145
144
159
163
157
151
152
170
151
142
134
158
162
163
154
177
176
149
178
208
153
172
180
167
178
221
168
177
197
193
177
179
174
169
179
169
192
220
193
195
179
179
199
176
207
210
193
183
200
231
217
244
201
236
211
229
245
225
231
241
240
232
236
239
277
234
254
272
276
244
239
250
270
266
292
270
295
297
290
275
268
297
280
298
290
317
259
302
271
227
276
266
316
269
284
274
277
225
251
254
288
292
259
285
244
264
269
283
248
260
242
225
225
262
243
243
231
215
202
199
230
198
211
217
221
199
206
199
210
166
199
200
212
157
184
182
156
167
161
169
170
173
175
148
153
141
167
162
167
148
163
169
156
153
167
160
151
159
166
160
142
166
165
176
165
165
147
167
165
161
144
139
177
192
153
163
136
168
144
170
178
173
183
156
169
174
159
174
196
181
210
191
184
199
173
177
186
214
199
206
201
215
181
191
212
203
198
206
197
203
210
194
217
187
212
222
203
203
186
216
210
213
193
239
216
209
212
206
225
207
243
214
233
209
210
237
197
206
215
215
227
201
226
215
212
197
169
208
209
181
182
181
184
201
184
184
193
186
213
182
190
193
169
185
192
213
186
179
207
180
175
174
178
165
180
175
181
192
166
161
157
187
173
169
193
160
177
176
171
172
167
169
164
167
164
192
180
146
166
187
170
163
179
159
194
151
166
180
184
168
184
178
187
177
171
182
151
191
194
160
164
199
188
154
188
169
181
194
172
193
182
161
176
173
195
203
180
170
179
185
166
167
152
178
163
200
204
188
186
186
170
178
196
181
195
159
207
197
168
186
183
176
169
198
197
148
174
182
188
164
174
196
163
184
209
206
192
192
185
173
203
187
194
203
178
194
182
178
187
188
211
199
210
187
202
182
177
194
212
210
184
192
184
217
187
190
195
195
177
200
200
185
189
204
235
206
182
211
191
203
195
205
204
214
220
219
205
216
230
226
206
211
239
214
208
217
220
211
224
217
217
218
210
188
238
225
219
233
224
220
221
258
185
211
227
220
219
235
221
207
203
231
219
200
200
219
201
224
210
209
178
226
198
203
187
211
206
221
185
215
202
249
186
194
191
198
223
161
201
207
205
208
200
199
211
172
190
154
203
193
214
192
206
167
191
201
176
197
215
183
197
196
185
184
187
192
180
214
188
186
209
180
175
198
191
199
194
173
186
177
178
162
191
170
188
213
183
165
180
191
188
172
197
182
180
182
177
170
192
181
173
176
185
187
189
180
181
205
188
182
179
207
201
195
202
184
194
197
198
179
202
172
204
197
202
179
179
187
196
191
206
155
201
197
183
190
200
199
218
208
208
196
208
207
202
193
180
181
176
209
196
199
212
184
181
165
198
209
229
166
193
203
205
184
155
189
177
206
188
185
173
206
203
194
177
170
214
204
200
190
195
200
191
200
219
180
201
173
217
178
178
189
192
173
234
179
212
181
200
202
179
174
203
177
184
190
191
172
193
200
227
192
220
206
201
212
212
202
202
181
177
199
177
200
203
213
194
214
201
199
187
212
160
176
184
203
210
236
195
194
219
205
206
212
206
213
232
199
210
217
227
231
205
211
207
224
219
213
228
209
212
230
235
226
198
235
206
230
222
254
217
237
237
268
220
246
250
243
246
271
270
262
263
232
266
273
256
247
266
270
287
272
298
299
304
271
284
329
328
288
323
315
315
311
337
324
289
324
336
348
363
348
356
365
377
347
366
376
441
415
365
425
407
456
472
510
494
519
506
507
534
543
587
581
615
627
643
675
692
700
759
745
709
748
768
845
880
871
919
899
945
932
957
1064
1004
1060
1025
1126
1108
1122
1104
1199
1113
1136
1155
1136
1153
1209
1084
1197
1179
1162
1102
1200
1157
1100
1096
1077
1031
1013
1034
953
1057
974
938
930
933
846
894
909
802
779
785
737
679
702
663
611
653
601
564
569
537
567
530
522
514
456
423
492
411
413
405
396
370
339
335
351
332
316
306
280
286
330
296
319
311
288
296
268
280
243
265
255
230
244
234
243
244
269
229
247
256
259
197
218
212
198
196
193
207
189
185
198
183
192
192
191
205
184
207
177
193
210
212
201
211
189
179
220
216
202
253
267
255
249
270
248
281
298
307
345
341
364
357
354
362
387
433
395
423
398
375
443
455
427
469
401
417
417
416
374
356
369
353
341
287
291
259
285
239
227
217
199
188
159
163
153
154
150
143
146
126
133
140
124
140
127
124
128
129
137
137
127
119
141
143
143
146
147
125
152
116
144
140
140
127
148
156
146
148
131
166
159
161
166
163
156
151
164
174
166
161
163
168
192
190
187
170
214
199
195
195
198
199
203
185
192
205
205
194
219
212
217
243
212
218
228
218
207
209
206
218
203
208
217
231
212
225
202
184
203
209
202
214
206
193
175
204
161
176
203
175
152
156
174
174
152
148
145
138
150
169
143
135
157
149
125
128
147
117
130
146
124
95
115
109
128
120
105
98
100
107
84
104
95
86
83
105
109
106
104
79
76
83
87
73
81
88
92
80
82
74
69
74
98
77
83
63
75
61
61
69
44
71
71
56
60
65
54
71
72
58
53
59
68
57
59
69
61
61
66
43
53
53
48
50
51
60
54
58
40
66
57
39
56
49
56
43
38
56
59
47
54
52
37
51
55
35
41
53
56
42
42
48
53
53
47
36
60
52
60
53
54
62
56
58
65
65
55
64
50
65
70
73
65
67
54
65
72
75
86
62
65
38
42
52
56
51
52
44
39
47
52
46
48
45
47
35
43
35
39
35
39
38
41
34
40
34
38
44
39
41
38
41
32
43
37
34
40
30
40
38
40
38
43
39
33
37
37
33
33
30
30
37
35
39
38
37
33
31
30
30
40
32
25
32
36
29
30
36
40
36
30
33
24
36
16
35
25
33
28
34
29
33
33
34
30
36
42
36
43
31
30
30
35
19
23
29
24
21
23
22
28
30
26
37
23
26
30
22
21
28
30
25
21
19
25
27
33
29
19
28
20
15
22
41
23
38
32
16
18
26
17
13
20
22
29
29
34
28
32
21
22
24
18
25
12
24
26
25
21
25
28
22
23
21
29
20
26
28
25
20
28
36
24
21
21
24
22
19
12
28
20
27
27
15
30
21
25
26
24
30
26
27
26
22
20
24
23
29
19
20
17
20
19
28
31
31
20
26
14
24
16
18
22
21
18
23
24
26
18
17
16
16
19
19
23
20
26
21
16
22
14
17
21
18
19
21
19
24
17
16
9
18
23
29
25
16
22
12
20
24
14
21
22
25
23
28
14
12
15
18
14
23
20
23
23
15
16
13
19
18
19
29
28
15
19
21
21
16
15
9
10
18
19
23
22
23
16
26
25
14
14
10
26
12
18
27
19
17
13
18
22
27
11
13
19
12
16
17
20
10
17
10
14
21
14
18
17
21
18
16
16
13
11
14
23
22
10
22
18
9
18
14
15
18
15
15
9
18
12
18
20
12
19
18
23
19
18
11
11
22
11
8
15
18
16
23
11
12
16
14
17
7
17
14
14
13
13
13
9
14
12
16
12
18
6
11
13
12
9
17
14
10
19
18
9
9
19
27
12
10
6
19
12
12
14
14
13
14
18
15
14
11
12
13
15
11
12
17
15
8
11
10
8
14
12
14
10
7
6
10
9
13
12
9
19
10
11
12
9
14
19
8
13
11
14
13
11
10
11
8
12
10
9
7
5
7
16
8
11
8
8
11
9
12
11
9
17
10
9
14
21
5
12
9
11
9
12
13
15
15
17
15
7
13
12
5
7
9
10
11
9
13
10
12
11
14
12
7
8
15
10
5
14
14
9
11
7
11
5
8
18
8
8
9
8
11
7
17
5
13
11
8
8
9
7
9
8
11
7
9
10
12
10
14
12
6
11
7
6
7
8
6
8
7
7
5
9
11
10
9
8
10
13
7
13
12
2
4
11
11
9
9
7
5
14
9
10
7
9
6
4
6
12
9
9
12
16
11
3
9
7
8
7
3
7
3
5
13
4
9
7
8
7
6
6
11
5
6
9
5
4
9
9
6
13
7
7
11
4
8
10
5
13
9
10
11
6
8
9
8
6
2
6
13
8
4
10
3
10
6
6
5
5
8
8
8
8
5
5
6
12
9
8
5
8
6
8
6
4
12
9
10
8
5
5
7
7
9
7
5
4
7
3
7
4
7
9
8
10
6
8
7
4
8
6
7
3
9
7
5
4
5
5
5
7
5
3
4
5
1
4
7
8
11
7
5
7
8
6
9
8
6
6
14
6
6
9
3
2
3
4
12
5
3
5
4
3
4
4
4
7
2
12
6
10
5
5
2
5
5
4
4
3
3
1
7
5
2
7
4
4
13
6
6
9
5
10
4
7
2
8
4
4
9
4
3
4
1
4
0
3
2
1
5
8
3
11
7
8
4
5
3
2
1
2
3
4
3
4
4
2
5
8
6
4
7
6
1
6
4
4
1
1
1
2
3
4
3
3
6
5
3
5
3
1
3
2
2
2
6
3
2
5
3
2
2
6
6
4
2
5
4
3
5
3
2
10
6
4
4
3
2
6
3
6
6
4
2
4
4
3
3
4
4
3
4
5
2
3
4
6
4
3
1
3
3
5
6
1
4
4
5
2
5
4
8
2
1
2
5
4
1
3
4
2
4
2
2
5
5
3
4
3
1
5
3
4
4
2
5
3
3
4
5
1
4
3
3
2
1
2
2
3
0
2
2
1
3
0
1
0
2
3
3
3
2
3
3
4
2
1
5
4
6
4
5
2
1
2
0
3
4
1
2
3
2
3
1
3
1
1
4
0
3
0
0
6
3
2
3
4
1
0
3
3
2
3
5
5
1
6
3
2
2
1
2
2
2
3
2
2
2
3
4
4
2
3
2
1
1
3
4
3
4
1
4
1
2
1
2
2
0
0
5
0
3
3
3
1
3
0
4
1
2
1
2
2
1
4
1
1
1
1
1
3
2
0
1
1
3
1
1
3
0
3
2
2
1
2
2
2
3
2
0
4
3
2
1
2
0
2
3
2
1
1
3
3
2
3
4
2
2
0
0
1
2
2
1
4
4
2
1
2
1
2
2
0
1
1
2
1
1
2
4
2
3
4
0
0
0
2
0
1
3
0
4
1
1
2
1
1
1
2
2
4
3
1
2
1
2
2
1
1
1
0
0
2
1
0
1
2
4
0
7
4
3
0
2
0
2
0
1
1
1
2
3
0
1
1
0
1
0
1
1
2
1
0
3
2
1
0
1
2
1
1
0
1
1
4
0
2
1
2
3
0
1
0
1
1
0
1
3
0
1
0
2
2
1
2
3
1
1
2
2
2
1
2
2
3
4
0
0
1
3
0
1
0
4
1
1
0
0
4
1
1
2
1
1
1
1
2
0
1
0
1
0
1
0
1
0
2
0
1
3
1
2
2
2
0
2
3
1
2
1
0
1
0
2
1
1
2
0
0
2
2
1
0
1
1
2
1
1
0
2
0
1
0
1
1
1
0
1
0
0
1
2
1
0
1
1
1
1
0
0
0
1
0
0
2
1
2
0
2
0
1
0
2
2
2
1
1
0
0
0
1
3
1
1
2
2
0
0
2
1
2
1
0
1
2
1
1
0
2
2
1
3
0
2
1
0
0
0
2
0
2
2
1
1
0
1
0
0
1
1
0
2
0
0
0
1
0
2
1
0
1
1
1
3
1
0
0
1
1
1
1
1
0
0
1
2
1
0
0
1
1
2
0
1
2
1
1
2
0
0
0
0
2
2
3
0
0
0
0
1
0
0
0
1
0
2
0
0
1
0
0
1
0
2
0
0
1
1
1
0
0
1
1
1
0
1
4
2
2
2
3
1
0
1
0
1
0
0
0
0
0
0
1
0
0
0
0
1
1
0
1
2
0
0
1
0
3
0
0
0
0
1
0
0
1
0
1
0
0
0
0
0
1
0
0
0
0
1
0
1
0
0
0
0
1
0
0
0
1
2
0
0
0
1
1
0
0
0
0
0
0
0
1
0
0
0
0
0
0
1
1
2
0
0
0
1
0
0
1
0
0
0
0
1
1
0
1
0
0
2
1
0
0
1
0
0
0
0
1
0
2
1
0
0
0
1
1
0
0
0
0
1
2
1
1
0
0
0
0
0
0
0
1
0
0
0
0
1
0
0
0
0
2
0
0
0
0
0
0
0
0
0
0
1
1
0
0
1
3
1
0
2
0
1
0
0
0
0
0
1
1
0
1
0
0
0
0
1
0
0
0
2
0
0
0
1
0
0
1
0
0
0
0
0
0
0
0
0
1
0
0
0
0
0
0
0
0
0
0
0
0
2
1
0
0
0
1
1
0
1
0
0
0
0
0
0
1
0
1
0
1
0
0
0
2
0
0
0
1
0
0
0
0
1
0
0
0
0
1
0
0
0
0
1
0
0
0
0
0
0
0
1
0
0
0
1
0
0
1
0
0
0
1
0
0
0
0
1
0
1
0
1
0
0
0
0
0
0
1
0
1
0
0
0
0
0
0
0
0
1
0
0
0
0
0
0
0
0
0
0
0
0
0
0
0
3
0
0
0
0
0
1
1
0
0
0
0
0
0
0
0
0
0
0
0
0
1
0
1
0
