0
0
0
0
0
0
0
0
0
0
0
0
0
0
0
0
0
0
0
0
0
0
0
0
0
0
0
0
0
0
0
0
0
0
0
0
0
0
0
0
0
0
0
0
0
0
0
0
0
0
0
0
0
0
0
0
0
0
0
0
0
0
0
0
0
0
1
2
1
0
1
2
1
3
2
1
6
0
2
2
8
7
18
41
105
342
877
2197
4864
9587
16914
27557
40943
54680
66288
73050
73216
67191
55272
41164
27777
17354
9579
4966
2376
981
395
124
47
23
5
6
4
2
1
1
1
1
0
1
0
0
2
0
0
0
1
1
0
1
0
8
41
42
53
52
50
32
50
28
44
46
52
48
49
43
41
39
39
45
57
49
44
48
41
38
40
33
32
42
46
36
44
38
39
31
35
37
46
31
39
43
34
36
34
35
40
43
40
37
43
37
56
44
36
38
29
53
37
37
40
47
51
47
44
43
44
56
39
63
86
94
103
119
146
139
160
172
168
167
153
119
105
86
71
63
55
53
54
55
51
48
38
34
48
36
49
37
52
39
56
52
46
54
47
54
63
66
64
64
77
86
94
86
85
94
113
131
155
129
177
148
164
176
236
276
343
503
784
1221
1991
3055
4847
7262
10545
14304
18374
22624
25982
29063
29682
29570
27515
24331
20525
16546
12499
9387
6835
4789
3417
2487
1779
1347
963
729
544
462
403
379
392
481
587
642
825
947
1004
1061
1073
911
924
792
670
476
407
314
216
167
149
106
102
94
77
58
51
53
33
21
17
14
12
5
10
16
8
8
14
8
11
5
8
10
10
10
7
14
11
6
6
5
8
8
8
12
6
7
7
14
7
6
7
8
8
10
8
18
6
19
12
13
12
27
17
17
28
32
24
25
25
16
22
22
14
20
18
22
16
18
18
15
16
26
17
17
18
22
21
8
17
22
19
23
18
26
21
25
13
10
14
14
8
5
8
10
5
4
3
9
8
5
6
9
4
6
5
3
3
2
11
5
6
5
8
8
2
4
6
5
6
5
7
6
8
5
6
6
12
17
20
17
22
17
22
25
26
24
21
20
21
18
20
19
9
7
9
7
6
5
11
12
10
9
8
12
14
11
4
15
11
13
13
11
9
9
5
8
7
4
6
2
6
7
6
4
10
6
4
6
4
7
5
5
11
3
6
7
4
11
7
9
10
9
9
5
4
5
5
3
5
5
8
8
9
5
3
5
10
8
5
6
7
5
5
4
2
2
9
4
7
4
5
9
8
6
7
6
4
3
4
4
4
10
5
6
6
8
5
8
10
6
5
5
8
7
5
3
2
8
9
9
9
7
9
6
6
0
2
4
7
7
10
13
6
11
6
2
6
9
5
7
10
14
11
9
4
8
8
11
6
7
11
8
5
9
9
11
10
11
9
5
10
8
9
7
6
16
9
13
13
7
10
8
13
8
9
5
7
10
13
9
8
8
7
7
8
10
7
11
7
13
13
16
12
14
7
4
13
14
16
11
12
4
13
7
8
16
8
20
10
17
11
5
13
16
14
11
18
15
23
18
15
12
24
6
22
15
18
21
25
17
22
11
18
14
18
15
18
14
15
19
15
14
21
12
11
13
16
17
15
11
15
17
18
18
17
11
11
18
15
13
18
14
22
21
10
20
21
21
27
20
16
18
17
30
25
23
25
21
21
28
27
18
29
10
23
15
18
25
22
16
18
26
31
29
20
20
18
16
29
25
27
26
22
28
31
31
26
24
29
30
27
37
30
29
32
24
28
35
26
35
30
44
32
32
33
31
44
45
42
28
38
30
36
31
41
25
35
41
39
36
41
42
46
46
37
40
42
40
49
45
37
44
45
40
46
48
42
51
52
61
48
58
51
51
67
55
54
51
59
66
60
59
58
52
62
56
70
68
54
71
47
73
55
64
61
69
64
63
65
65
62
71
58
79
80
84
79
69
75
85
85
86
114
84
94
92
73
85
107
82
96
75
88
97
94
81
94
83
92
96
96
98
88
109
84
104
96
85
94
79
77
81
89
81
90
79
73
76
87
73
86
69
76
66
74
82
70
82
52
64
86
72
78
77
72
67
76
76
75
76
64
65
72
78
67
60
89
74
73
73
69
76
75
64
75
72
76
84
69
70
77
74
75
90
70
66
62
64
61
78
67
78
72
57
82
68
71
80
71
82
71
64
75
53
79
66
72
63
67
70
78
69
73
67
64
73
67
73
79
65
86
85
69
66
88
66
63
80
72
74
80
71
66
84
80
80
80
76
73
91
103
67
92
77
82
74
90
76
79
90
91
97
82
92
89
79
91
97
111
116
116
137
162
202
248
261
375
474
530
665
835
950
1108
1304
1452
1708
1736
1904
2036
2166
2068
2047
2128
1962
1874
1690
1586
1457
1213
1069
914
780
653
553
418
391
276
219
199
152
151
116
124
94
120
105
98
93
101
124
93
98
88
94
110
103
96
111
86
112
99
91
117
107
100
92
115
96
96
99
116
84
101
88
106
112
94
122
103
106
95
102
115
103
116
106
115
118
94
121
109
102
113
111
108
125
125
118
109
125
117
111
129
121
116
128
125
150
162
173
173
204
218
226
245
278
282
306
350
363
365
339
378
400
385
364
329
325
297
274
290
256
231
196
214
205
205
175
159
152
161
143
166
155
130
133
131
138
144
143
144
140
136
142
158
135
165
158
161
155
151
145
147
164
180
172
143
154
148
164
139
170
176
176
176
163
191
202
169
168
191
157
170
178
174
182
210
195
201
203
219
181
219
215
224
228
219
181
243
225
242
245
219
240
257
244
239
220
227
251
225
279
248
251
242
279
281
281
237
243
224
296
276
234
254
284
250
267
280
279
259
279
282
269
253
247
259
301
239
234
264
234
261
195
225
231
207
228
207
206
206
216
202
198
207
219
183
213
184
190
173
165
192
183
160
176
187
162
160
176
177
158
168
175
183
167
179
167
160
154
147
139
172
134
152
137
146
171
158
148
153
142
161
175
146
164
153
156
162
145
157
156
155
139
179
156
157
160
149
157
147
156
149
153
164
166
137
120
180
154
176
148
154
165
155
151
148
140
160
162
144
157
141
152
142
135
157
143
135
124
164
129
153
167
142
169
162
147
132
157
158
160
143
142
145
139
144
167
145
165
178
157
168
154
163
151
141
163
159
157
156
156
159
178
161
156
159
142
172
156
150
162
149
165
155
163
171
144
158
164
178
179
155
154
173
169
150
166
176
152
159
184
170
149
175
169
170
160
189
186
179
185
179
169
161
180
159
199
181
191
174
196
168
189
175
199
168
181
195
188
182
204
209
210
193
192
196
194
201
190
190
178
193
187
172
190
194
199
217
176
213
183
202
206
211
181
158
191
195
178
169
171
182
176
166
167
170
200
200
224
198
201
213
177
181
204
195
177
185
192
193
185
203
184
165
218
208
193
172
180
216
189
175
176
198
180
169
188
191
175
215
186
183
194
210
198
225
211
192
218
217
198
220
172
218
209
190
191
207
201
228
225
204
223
229
227
226
219
241
244
206
216
249
258
229
240
259
254
221
233
216
239
237
239
260
243
279
217
248
229
248
243
225
240
238
238
245
266
262
255
289
258
237
251
248
228
239
267
215
237
258
240
234
262
241
213
239
213
250
241
217
211
242
232
238
231
257
242
264
253
214
230
231
243
213
205
226
203
223
207
225
206
227
207
213
221
201
231
228
219
242
199
188
203
224
230
204
205
187
199
193
198
181
195
183
218
217
167
208
197
211
190
197
179
200
177
208
173
206
177
192
197
203
183
205
198
173
184
181
184
187
186
209
188
199
196
217
200
206
194
199
205
190
176
182
164
212
212
196
201
190
191
197
200
173
180
195
174
170
207
179
174
205
217
182
181
196
190
188
202
215
199
168
174
190
175
182
194
201
183
196
173
187
184
170
175
191
174
201
206
201
190
146
208
181
193
216
167
191
219
200
166
169
175
192
188
178
175
197
217
198
203
168
195
214
196
154
205
200
179
170
220
188
192
187
190
185
160
179
213
177
209
211
169
178
198
208
218
213
196
182
204
185
196
186
211
214
216
180
201
182
197
168
205
200
185
202
200
200
188
175
192
200
210
191
193
175
206
189
208
201
198
182
210
224
203
179
185
223
183
191
167
197
192
194
196
229
207
164
191
194
222
203
186
200
200
184
209
217
182
210
213
194
203
205
193
195
204
230
209
218
199
209
184
221
227
186
211
218
201
192
202
200
216
209
201
209
204
231
210
217
205
199
211
217
223
224
243
207
193
211
234
216
221
204
239
214
233
209
244
228
207
250
213
207
216
239
261
242
242
241
243
236
266
229
262
237
236
224
271
258
239
243
276
264
259
242
278
263
272
256
255
258
245
288
266
296
276
295
284
292
285
322
315
284
299
299
289
290
310
323
331
353
348
312
356
359
333
351
389
371
359
383
382
407
383
449
435
426
414
437
434
428
457
435
570
513
532
573
550
553
623
583
626
668
684
702
648
773
769
749
792
794
834
808
885
902
919
898
989
1035
987
1069
991
1079
1060
1121
1153
1080
1224
1152
1150
1172
1178
1237
1144
1260
1184
1117
1172
1135
1168
1185
1115
1033
1107
1083
1046
1065
1029
946
1037
1023
1012
970
962
855
840
905
860
827
776
801
720
667
683
642
634
607
585
574
543
536
498
501
476
450
464
445
405
395
384
396
389
384
359
403
371
353
299
318
304
283
286
283
269
278
262
259
285
295
298
249
244
229
234
267
235
249
241
240
235
200
238
198
242
195
213
196
181
205
213
213
191
204
173
194
186
173
176
181
162
199
179
190
185
197
207
205
224
215
244
212
242
237
262
230
259
277
298
304
310
316
347
319
335
374
348
365
381
388
381
399
406
370
415
364
360
364
359
355
326
323
281
281
247
244
269
232
243
228
204
212
171
171
169
167
157
136
143
135
129
151
115
120
117
147
116
108
131
134
126
141
121
133
146
135
129
142
156
150
143
114
123
149
145
154
152
152
164
161
173
154
171
167
177
179
143
151
178
154
174
185
183
187
200
169
192
189
196
205
196
199
205
206
195
226
224
225
231
205
192
214
226
224
226
203
210
224
218
206
231
218
206
198
230
192
220
213
193
206
189
187
209
209
179
202
194
187
183
192
177
145
181
168
146
146
169
160
164
133
146
147
133
144
122
133
150
129
155
125
137
120
133
92
137
123
110
119
118
104
113
125
123
93
91
119
92
98
92
92
97
84
84
87
95
83
97
69
73
85
89
77
99
58
82
57
67
66
60
67
68
65
67
74
79
70
70
67
70
71
58
55
67
67
56
58
64
58
71
59
59
59
69
45
55
55
58
55
61
58
43
44
53
62
53
52
44
59
53
60
49
49
46
51
54
49
49
59
46
35
49
40
46
43
42
38
48
33
57
57
59
61
59
39
58
58
60
75
58
68
45
63
48
76
75
74
70
65
66
71
88
63
55
64
56
68
47
61
49
51
44
48
42
37
43
53
46
54
43
35
38
42
34
38
58
46
30
44
46
34
43
40
36
41
35
40
39
41
35
32
35
36
34
35
33
42
38
29
26
28
42
30
36
35
29
28
37
34
35
38
29
34
24
41
31
39
23
24
26
23
35
32
27
29
31
28
29
31
28
29
39
20
31
45
24
28
44
28
41
29
25
23
27
24
38
29
31
33
22
21
32
25
27
23
18
33
23
34
23
27
27
20
18
29
24
28
19
33
27
28
27
32
26
23
29
24
27
17
27
24
28
25
32
20
23
23
32
26
19
25
25
22
24
22
32
29
26
21
27
21
25
21
24
30
30
35
19
25
18
24
19
23
27
21
19
21
21
17
17
23
17
25
20
19
22
14
27
24
23
21
23
20
20
26
30
18
26
21
21
28
19
23
13
24
20
17
21
16
19
17
22
34
17
18
14
32
19
25
22
15
19
20
30
17
30
24
28
17
22
20
13
16
19
26
14
14
28
22
20
19
17
15
21
22
26
18
28
20
18
22
28
17
24
15
27
17
28
24
15
20
25
16
22
18
21
21
18
20
18
16
29
15
17
21
14
18
17
17
13
15
25
12
20
17
19
17
20
14
15
20
23
16
23
23
16
17
21
14
12
22
17
18
18
16
20
22
15
15
17
15
14
17
19
18
19
22
23
22
17
9
18
19
25
16
10
16
13
11
19
18
19
15
20
18
13
20
12
11
14
22
11
21
19
26
15
24
16
15
16
19
17
13
13
15
23
12
9
20
11
15
10
15
11
10
19
11
20
12
9
9
16
19
10
11
11
15
14
12
20
18
13
17
10
14
16
20
18
13
9
10
8
6
7
11
13
14
10
9
13
13
7
8
5
16
8
18
17
9
12
20
7
10
17
12
11
18
13
14
15
17
17
10
11
15
14
8
15
15
14
13
11
10
12
16
18
27
11
17
14
7
12
12
9
7
9
15
5
12
18
12
15
6
14
16
7
9
10
5
20
9
8
12
10
12
13
19
12
7
9
4
7
8
8
12
5
14
5
6
13
12
9
10
7
12
16
4
7
10
14
8
9
13
10
10
11
11
13
7
8
6
14
8
10
7
17
11
6
12
12
9
11
13
11
8
13
5
3
13
10
14
8
14
7
5
9
8
8
14
7
9
9
7
7
7
3
12
10
10
8
13
5
7
6
6
8
7
10
11
9
7
8
6
16
4
13
12
15
9
5
11
4
14
12
10
12
7
10
16
8
7
4
7
6
5
6
7
11
6
2
6
10
9
4
5
10
13
9
5
7
9
8
5
10
9
8
12
14
5
8
12
10
5
7
10
13
3
9
8
11
7
10
2
8
3
4
10
9
9
4
5
6
6
8
7
2
10
7
7
5
9
3
7
6
4
9
5
7
7
4
9
4
10
8
7
5
7
7
3
4
3
8
3
6
5
5
5
2
8
4
8
14
7
4
6
10
4
6
4
13
7
6
9
7
3
3
5
5
4
2
3
6
8
1
4
5
7
6
8
8
6
3
5
5
8
6
10
8
6
4
5
1
5
5
7
7
7
7
4
6
5
2
1
7
4
4
6
6
2
6
6
6
7
5
4
3
10
3
6
2
7
4
7
4
5
4
5
6
1
2
8
6
3
2
6
3
3
4
5
3
5
7
6
3
6
5
8
7
6
3
4
3
7
3
7
4
9
5
2
2
3
3
3
4
6
6
0
4
3
5
2
5
3
3
5
2
3
3
3
6
4
2
1
2
3
6
3
5
4
2
2
2
0
5
3
4
6
2
5
4
5
3
5
3
3
4
3
1
10
2
4
4
2
5
5
6
2
4
2
2
2
4
1
3
4
3
9
2
5
2
5
2
7
0
3
3
5
4
4
2
5
3
1
5
7
3
4
2
3
3
0
0
3
1
3
0
5
3
6
3
2
4
1
1
4
3
1
2
4
5
2
3
4
6
3
2
2
3
4
7
4
3
2
1
2
3
3
3
4
2
1
3
7
2
5
3
4
0
2
3
1
3
5
0
1
3
3
4
3
2
7
2
1
0
1
4
2
2
0
4
2
2
3
2
2
2
4
3
1
0
3
3
4
4
2
1
1
0
4
4
2
2
3
5
2
3
3
5
1
4
1
1
1
0
3
3
0
5
1
3
2
1
0
3
4
1
2
4
3
2
1
0
3
4
1
2
2
3
1
3
1
0
2
5
2
2
2
0
3
2
2
5
0
1
4
1
6
1
0
2
2
1
0
3
1
0
3
1
1
1
1
1
2
1
2
5
4
3
1
1
2
1
1
0
2
4
2
3
2
1
2
1
1
2
2
3
4
3
0
1
3
4
3
6
0
0
0
2
3
3
1
4
2
3
1
0
2
3
3
1
1
2
2
1
1
2
1
2
0
2
2
2
2
3
0
4
3
2
0
1
1
0
4
3
1
2
2
2
1
1
2
0
0
0
1
1
2
0
2
0
0
3
1
1
3
0
3
1
0
3
1
2
4
2
0
0
0
0
2
0
3
1
2
5
2
0
0
3
0
2
1
1
3
0
0
0
1
0
1
1
0
0
1
0
0
2
0
0
2
2
0
0
1
3
2
0
0
1
1
3
0
3
2
3
0
1
0
0
1
1
3
2
0
0
1
0
2
1
0
0
0
3
2
3
1
0
1
0
3
2
2
1
1
1
1
1
0
0
2
0
1
0
0
1
1
1
1
1
1
2
1
2
0
0
1
1
3
1
4
2
0
0
1
1
0
0
0
1
2
0
0
1
3
3
1
1
1
1
2
2
1
2
1
0
0
3
1
0
0
0
1
2
1
0
1
3
2
3
0
0
0
0
1
0
1
3
0
1
1
1
3
1
1
0
1
0
0
0
0
2
0
2
0
0
2
0
1
0
0
0
2
1
0
2
3
3
0
0
1
0
2
0
1
1
1
1
0
0
0
1
0
2
2
0
2
0
0
1
1
3
1
1
0
0
0
2
0
1
0
1
0
2
1
1
0
0
0
1
0
0
0
0
0
0
1
0
1
0
1
2
0
1
0
1
0
0
0
3
1
0
0
1
0
0
0
1
0
1
0
0
1
0
0
1
0
0
0
0
0
1
0
2
0
0
2
0
0
0
0
0
0
0
1
0
2
2
0
0
0
0
0
0
0
0
0
1
0
1
2
1
0
0
0
1
1
0
1
0
0
2
0
0
0
0
0
1
4
0
1
0
0
0
0
0
0
0
0
1
0
0
0
0
0
0
1
0
0
0
0
0
1
0
0
0
0
1
0
1
0
1
1
0
3
0
1
1
1
1
2
0
0
0
0
0
1
0
1
0
0
0
0
1
0
1
0
2
0
0
0
0
0
0
0
0
0
0
0
1
0
0
1
0
0
0
0
0
0
0
0
2
0
1
0
0
1
0
1
1
0
0
0
0
1
0
0
0
0
0
0
0
0
0
0
0
0
0
0
1
1
0
0
0
1
1
0
0
0
0
0
0
0
0
0
0
0
0
0
0
0
0
0
0
1
0
0
0
0
0
0
0
0
0
0
0
1
0
0
1
1
0
0
0
0
0
0
0
0
0
0
0
1
0
0
0
0
1
0
0
0
1
0
0
0
0
0
1
1
0
0
1
0
1
0
0
0
0
1
0
0
0
1
0
1
0
0
0
1
0
0
0
0
0
0
1
0
2
0
0
0
1
0
0
0
0
1
0
0
0
0
0
0
0
0
0
0
0
0
0
0
1
1
3
0
0
1
0
0
0
0
0
0
0
0
0
0
0
0
0
0
2
0
0
0
0
0
1
0
0
0
1
0
0
0
0
0
0
0
0
0
1
0
0
0
1
0
0
0
0
1
0
0
0
0
1
0
0
0
0
0
0
0
0
0
0
0
0
