0
0
0
0
0
0
0
0
0
0
0
0
0
0
0
0
0
0
0
0
0
0
0
0
0
0
0
0
0
0
0
0
0
0
0
0
0
0
0
0
0
0
0
0
0
0
0
0
0
0
0
0
0
0
0
0
0
0
0
0
0
0
0
0
0
0
0
3
2
2
2
2
2
4
2
3
3
0
1
3
4
6
10
39
118
377
925
2265
4707
9619
17109
27727
40762
54847
66172
73441
72815
66628
55159
41391
27812
17290
9807
4979
2249
1026
406
123
36
17
4
1
1
2
0
1
2
2
0
4
0
1
0
0
1
1
1
0
0
1
1
2
60
46
52
49
44
53
38
47
52
33
45
36
56
40
47
44
45
39
47
45
47
48
36
41
37
44
44
38
28
50
43
46
41
33
32
36
24
42
26
43
34
50
29
40
40
41
29
44
39
45
35
39
45
41
35
38
34
43
31
36
48
41
41
41
63
59
51
57
81
94
106
102
153
153
177
186
156
165
131
121
124
75
79
71
66
47
57
58
52
44
32
40
35
48
43
49
45
49
60
59
46
47
50
56
59
63
77
78
67
88
79
96
105
89
138
129
132
161
131
163
180
210
239
269
364
497
774
1265
2025
3213
4993
7324
10719
14343
18581
22516
26736
29003
30193
29654
27719
24387
20734
16716
12763
9544
6905
4957
3459
2530
1819
1399
956
737
594
460
387
372
440
436
604
716
781
931
1055
1021
1065
1041
884
799
672
486
447
294
187
157
137
108
97
78
63
63
55
46
31
34
15
19
13
10
15
8
5
9
11
6
9
11
9
9
6
7
11
11
9
9
6
10
10
9
13
12
7
5
8
15
11
7
3
4
5
9
17
12
17
8
11
23
18
22
22
25
26
32
15
27
21
17
20
14
22
22
16
19
20
18
21
19
23
20
13
13
27
15
19
17
23
22
20
19
20
20
16
18
21
7
14
7
9
7
13
2
3
9
3
8
6
5
6
7
9
4
8
9
5
7
4
11
6
6
4
6
3
8
4
4
6
4
11
6
10
10
6
6
13
11
24
18
18
14
22
24
26
23
26
20
18
17
13
13
12
5
10
5
9
9
13
11
14
9
9
8
10
8
9
12
10
8
12
9
2
8
9
8
6
6
8
4
7
12
8
8
1
1
4
4
5
6
5
5
10
6
9
11
5
3
3
6
5
7
10
7
4
6
9
7
0
2
7
6
3
9
7
6
9
6
1
3
6
7
4
8
7
8
6
7
2
2
7
6
3
6
5
7
1
3
11
2
5
10
9
1
4
5
4
13
10
9
6
5
7
6
3
3
5
9
9
3
4
8
4
5
4
4
11
9
3
9
3
11
10
9
9
9
5
6
8
11
10
3
10
7
3
3
5
7
9
7
12
9
5
10
8
14
8
5
8
9
9
6
5
9
3
4
8
11
8
10
19
19
12
10
8
8
13
6
9
11
8
11
13
19
11
7
14
6
15
19
9
11
13
11
14
10
10
12
9
12
10
14
14
10
20
15
12
21
14
14
13
17
20
18
15
19
15
10
13
13
15
11
18
18
20
13
14
10
14
14
12
18
15
11
18
22
15
24
20
18
13
16
12
21
24
11
17
23
16
22
25
12
20
27
28
15
17
12
22
13
17
19
17
21
21
13
17
15
19
16
26
29
21
21
21
17
22
29
15
20
25
19
21
24
18
18
24
20
16
21
17
24
26
28
24
26
27
29
22
33
23
20
27
32
25
33
29
29
22
25
23
30
24
32
31
26
27
28
28
32
30
31
30
29
40
30
32
37
30
28
44
26
29
35
42
51
40
52
34
38
46
34
41
42
42
37
40
47
50
48
33
45
51
50
49
45
50
50
48
51
50
61
37
49
53
65
52
48
52
59
65
44
67
50
53
62
55
66
53
70
65
67
63
63
74
74
72
72
71
68
94
83
84
68
80
94
76
94
78
84
93
91
86
100
102
83
91
81
82
108
103
81
85
101
78
94
92
106
81
90
90
98
90
95
82
97
81
81
96
91
94
72
85
84
91
73
74
82
68
79
73
76
68
69
76
64
78
55
54
74
66
87
64
59
63
66
64
64
74
70
69
68
58
68
79
75
81
69
86
78
69
80
54
71
85
64
66
70
77
56
66
87
88
68
70
62
70
73
70
71
75
66
68
58
67
74
83
84
68
78
62
81
69
61
67
87
62
80
79
71
80
61
73
68
73
66
79
70
66
60
76
77
65
60
84
77
71
77
66
78
92
69
66
62
82
70
90
95
70
80
72
81
81
83
70
96
86
69
94
79
74
75
83
78
82
95
96
101
89
122
135
158
172
205
243
326
367
455
568
745
798
965
1115
1317
1447
1605
1732
1900
1943
2049
2157
2042
2042
1980
1861
1691
1661
1366
1184
1059
947
724
625
518
437
365
267
261
180
161
132
131
124
108
84
92
79
86
101
90
94
135
97
109
98
89
117
108
86
103
95
112
103
107
96
103
89
103
108
97
100
89
100
121
91
104
97
117
100
113
113
99
111
78
95
111
125
120
113
91
126
111
110
103
121
112
109
124
124
137
106
124
139
129
136
153
144
161
155
164
191
230
238
246
292
256
314
313
316
336
325
373
394
396
397
378
344
338
289
276
257
262
244
230
221
219
147
180
188
162
178
149
151
126
162
175
146
138
152
139
149
134
155
158
149
150
151
147
168
167
154
148
155
166
159
156
146
192
152
167
184
159
170
157
169
171
167
143
171
170
200
164
160
195
194
183
171
192
194
175
201
202
186
216
219
206
221
204
239
214
205
239
232
222
226
242
236
250
253
238
251
257
238
263
236
245
220
250
259
237
256
248
257
267
248
281
275
275
266
262
261
247
225
269
277
250
228
267
240
224
262
265
251
238
230
213
212
244
177
235
227
193
205
199
210
202
185
188
182
194
189
195
173
200
170
184
171
154
161
170
185
165
176
158
156
164
169
171
157
156
160
158
153
140
127
156
148
142
147
154
148
188
146
151
148
126
138
152
160
143
153
156
140
150
146
136
167
167
148
143
156
143
162
138
146
189
151
153
154
150
154
138
141
142
140
164
135
139
153
145
165
157
181
144
138
154
150
166
147
155
157
162
169
144
133
161
136
152
143
160
174
161
160
137
172
168
156
153
142
154
167
184
158
162
146
127
135
174
156
152
143
141
138
163
161
150
151
151
156
158
128
147
144
176
153
154
178
181
132
170
160
161
153
178
171
161
134
164
171
169
180
183
174
171
162
171
160
156
173
186
183
157
191
176
176
159
181
165
171
177
184
169
198
175
184
191
202
185
200
173
172
196
189
177
212
200
192
162
213
206
191
204
183
221
193
206
197
199
188
219
194
201
200
185
204
221
184
200
201
194
198
197
184
183
196
202
228
200
186
180
198
200
176
219
182
184
171
197
179
161
174
198
188
184
178
168
181
205
188
171
196
180
163
220
177
201
196
173
183
191
191
194
192
188
204
181
206
179
219
201
167
193
225
209
192
205
206
179
201
217
188
204
213
262
257
235
226
225
214
226
249
231
221
239
213
232
242
264
244
257
228
244
230
260
271
221
233
216
244
235
244
249
264
259
276
235
249
268
251
253
231
284
261
257
233
276
250
231
231
246
223
237
223
233
228
219
239
221
233
235
231
250
232
227
216
182
242
219
247
225
239
200
243
227
221
240
198
216
183
236
194
231
211
230
204
198
217
219
234
218
222
206
234
211
215
203
214
201
213
232
194
197
174
185
209
184
191
161
166
217
185
201
155
173
204
187
172
185
207
190
185
193
227
204
177
193
203
180
192
187
144
186
171
193
175
191
187
192
216
162
200
209
173
185
203
169
179
194
201
170
200
167
170
190
186
184
183
190
200
166
165
170
171
190
187
199
173
192
166
190
193
162
187
184
184
202
165
183
225
181
172
196
206
175
183
186
169
193
196
180
180
197
184
182
169
179
194
192
168
191
183
177
200
203
195
185
202
204
209
204
179
206
187
187
164
190
189
194
168
191
158
173
207
191
166
198
188
198
191
187
187
170
203
190
189
177
179
193
185
186
210
213
198
191
187
190
210
183
171
195
183
198
191
203
194
191
209
195
210
187
188
191
171
207
208
199
209
189
213
214
211
172
199
180
181
210
189
198
213
207
208
190
187
202
204
177
170
189
182
201
204
207
204
198
187
211
207
216
192
181
187
200
203
208
185
204
173
192
186
196
202
177
221
196
200
225
190
211
217
214
195
234
225
194
210
210
207
196
214
223
202
210
215
207
184
208
219
214
188
224
224
198
216
210
225
211
225
223
228
216
218
221
249
206
239
242
224
218
224
215
256
194
223
225
226
254
209
225
227
240
255
256
284
272
267
288
252
242
260
290
257
273
276
266
254
277
301
262
295
312
297
290
297
286
305
290
300
307
336
329
278
334
340
317
324
364
340
349
340
348
338
358
387
371
387
370
415
382
452
408
453
464
443
493
485
529
510
497
527
560
517
574
614
615
636
642
655
707
707
699
788
761
791
773
852
889
840
909
957
954
991
1009
996
1028
1059
1059
1041
1121
1098
1126
1140
1071
1107
1207
1108
1144
1155
1148
1177
1141
1095
1205
1178
1099
1192
1153
1099
1067
1062
1064
1018
1058
979
991
970
925
900
909
920
837
790
750
763
742
779
688
667
672
618
602
566
537
492
528
535
490
447
422
413
406
366
389
412
376
375
356
371
312
301
291
324
334
353
278
297
291
288
285
251
269
275
240
253
270
256
248
248
247
216
220
225
233
222
228
227
200
197
206
184
199
198
210
196
196
201
208
212
196
190
196
178
160
194
194
182
220
222
181
237
197
187
234
226
227
232
241
264
273
263
295
300
311
278
326
331
367
326
339
368
357
401
395
357
373
384
362
376
355
373
339
360
324
342
314
321
255
273
258
271
208
201
174
208
193
178
176
159
148
145
160
145
135
129
149
139
121
118
135
108
122
132
128
127
132
141
146
148
148
138
121
138
148
141
158
138
107
151
152
158
125
152
176
161
142
160
170
188
163
152
152
167
177
174
164
170
182
191
200
174
196
180
195
200
196
214
189
185
213
226
190
233
191
217
229
200
216
219
223
224
220
202
252
212
203
210
208
195
218
220
188
191
206
189
187
190
171
172
189
187
183
177
188
170
183
180
193
184
165
152
176
161
153
149
165
146
151
117
156
133
117
120
128
104
119
116
108
93
130
122
110
107
99
102
89
110
103
103
100
71
83
88
85
86
78
101
79
72
85
70
79
69
70
81
82
67
80
69
72
64
83
67
51
73
71
67
75
66
70
65
63
46
52
60
62
54
70
54
51
56
62
68
59
68
47
56
47
68
52
42
51
51
48
45
56
52
56
54
61
52
51
52
47
46
50
47
49
50
54
48
50
41
52
42
48
44
32
45
48
48
55
58
53
48
43
68
57
60
58
48
65
67
68
75
58
57
76
69
79
67
83
70
63
57
78
65
69
54
54
55
59
50
55
52
48
37
48
32
34
29
44
48
39
40
44
35
33
33
31
40
36
27
35
41
42
38
43
25
28
41
39
34
31
41
36
33
36
27
36
32
43
40
34
36
27
32
36
31
39
21
35
33
25
19
30
32
37
29
37
30
29
31
29
34
27
36
24
36
30
39
33
32
24
22
29
29
25
26
25
32
34
21
24
32
34
27
36
20
37
31
30
24
24
24
29
33
24
26
24
20
30
26
28
27
23
31
32
19
25
25
30
26
26
30
23
28
21
27
23
28
31
34
26
26
23
35
19
25
26
23
22
28
32
30
26
26
24
15
22
18
20
30
22
31
27
24
24
16
33
23
19
22
23
24
20
36
25
26
19
24
33
26
21
38
26
27
28
13
28
30
22
26
22
21
21
22
23
21
19
28
14
19
27
17
27
31
22
23
27
24
18
24
27
12
19
21
19
23
25
16
12
21
30
22
30
20
20
21
28
13
21
19
22
22
22
20
12
23
15
21
19
20
24
20
21
27
20
27
15
27
20
12
21
19
10
24
13
14
14
18
28
20
26
18
19
22
18
20
28
20
14
19
10
17
15
21
12
24
17
21
21
14
20
22
17
12
17
15
15
25
14
23
21
17
21
17
15
19
22
14
14
16
19
20
10
17
24
13
17
21
13
16
20
14
16
24
23
20
17
23
11
11
21
12
10
13
18
8
14
17
18
16
12
5
15
12
10
18
27
21
13
12
10
14
14
10
11
15
15
16
11
12
11
14
19
13
15
15
12
17
17
15
18
13
14
14
8
16
22
14
16
21
12
18
10
15
14
13
14
13
10
12
9
6
13
17
11
15
9
9
12
13
16
19
12
14
12
17
14
12
11
8
18
14
13
10
11
16
10
20
16
11
12
8
8
16
11
7
16
13
12
7
12
6
15
17
12
9
19
16
11
14
12
12
12
11
8
9
13
10
17
12
18
10
17
11
9
14
11
8
14
11
8
10
9
10
10
14
9
12
11
15
8
10
11
12
10
7
10
10
11
6
5
9
9
12
10
12
9
9
12
7
22
12
10
7
10
9
8
8
11
6
5
13
16
15
6
11
6
10
8
10
11
15
9
7
14
6
9
10
7
7
9
7
10
8
11
11
7
11
6
6
12
4
8
6
17
7
7
7
11
11
9
6
9
6
5
7
3
5
8
8
4
8
11
10
12
9
7
6
5
10
6
5
2
9
13
8
13
10
7
5
4
9
7
11
13
5
10
7
9
7
9
8
5
3
12
5
3
10
5
5
11
5
3
11
4
4
6
4
8
5
8
9
10
11
10
3
10
13
3
4
7
10
8
5
10
9
5
2
2
10
6
6
8
9
8
10
10
3
4
3
10
10
5
9
11
7
8
4
4
4
10
3
9
7
4
6
6
3
1
7
7
5
4
10
6
5
6
7
7
8
9
7
5
4
2
10
4
8
6
9
5
5
11
3
6
3
8
5
6
2
8
6
9
4
2
7
7
4
1
3
8
6
11
8
2
5
11
6
4
9
6
4
9
3
6
4
5
5
6
4
8
4
3
6
5
4
8
6
6
4
4
2
4
5
7
4
4
3
3
8
8
7
1
10
1
5
2
4
4
5
6
3
2
4
6
8
6
5
4
6
2
7
4
4
4
6
4
5
3
6
2
7
0
7
3
4
10
2
4
4
3
5
8
3
5
1
2
8
4
4
2
4
9
6
4
2
3
3
4
3
4
3
4
6
6
6
3
6
5
7
7
4
5
7
3
3
4
3
6
8
4
2
3
3
5
4
4
2
3
3
1
1
3
4
3
2
3
5
2
6
2
3
5
5
7
4
5
9
7
2
3
8
0
0
4
2
1
3
2
3
7
2
1
2
1
5
5
3
3
4
10
1
3
1
6
5
2
5
4
3
8
3
7
4
5
3
0
3
1
2
2
5
4
1
3
4
5
0
5
3
4
1
4
4
3
6
1
2
2
4
2
4
2
3
2
6
3
1
1
2
2
1
2
2
3
2
2
3
3
1
4
0
4
2
4
3
4
3
2
2
3
0
1
1
1
7
4
1
2
2
1
3
3
1
6
0
2
4
1
3
4
2
0
1
1
3
1
2
1
2
7
0
2
2
3
1
4
4
3
1
3
2
2
1
0
1
4
3
3
1
2
4
3
2
1
1
4
2
2
2
1
0
2
2
1
5
3
1
1
3
0
1
1
1
1
7
3
2
2
3
1
0
2
5
3
4
2
3
1
3
3
0
2
3
5
3
3
3
0
1
1
2
2
4
2
3
1
0
3
0
3
2
1
5
4
3
0
2
2
3
0
0
1
0
1
1
5
4
2
4
1
1
1
4
4
2
2
3
3
5
0
4
0
0
2
1
3
1
1
2
3
1
1
1
1
0
2
4
1
2
2
1
3
2
5
2
1
2
1
2
4
2
2
1
3
1
3
0
1
3
2
0
0
0
5
1
5
1
0
2
0
1
1
3
2
0
4
1
2
4
3
2
2
0
0
3
0
0
0
1
1
1
2
1
2
3
2
3
3
0
0
0
1
2
1
1
4
2
1
2
1
0
0
0
1
1
2
3
1
2
1
2
0
0
0
1
0
3
1
4
3
0
1
1
2
1
1
2
1
1
0
1
1
0
2
1
1
1
2
3
1
2
1
1
0
0
0
1
1
1
1
0
0
0
1
1
1
0
1
0
1
2
1
1
1
0
2
1
1
1
2
1
0
2
0
0
0
0
1
1
0
2
2
0
0
0
1
2
0
1
0
0
2
1
1
2
1
0
1
1
1
1
0
4
0
1
1
0
1
0
2
0
2
3
3
0
0
0
0
1
0
0
0
0
0
0
1
0
1
1
0
0
1
1
3
0
2
0
0
0
0
0
2
1
1
2
0
1
1
1
1
1
0
0
0
0
1
1
1
1
0
0
0
0
1
0
0
0
0
0
0
3
0
0
0
2
1
0
1
1
2
2
3
3
0
0
0
0
1
0
1
0
0
0
1
2
1
1
0
0
0
0
0
1
1
1
0
1
1
1
0
0
0
0
1
1
0
0
2
0
0
1
0
0
0
0
0
0
1
1
1
2
0
0
1
1
0
0
0
2
1
0
1
0
0
1
0
2
1
0
1
1
1
1
1
0
0
0
0
1
0
1
0
0
0
2
1
2
0
1
0
0
0
0
1
1
1
0
0
2
0
0
0
1
1
1
1
1
0
1
0
0
1
0
0
0
0
0
0
2
0
1
0
0
0
1
0
0
2
0
0
2
0
1
0
0
0
1
1
2
1
0
1
0
0
1
0
0
2
0
1
0
0
0
1
0
0
1
1
0
0
0
0
1
0
0
0
0
0
0
0
0
0
2
1
0
0
0
0
0
0
0
0
1
0
0
0
0
0
0
1
0
0
2
0
2
2
1
1
0
1
1
1
1
0
0
1
0
0
2
1
0
0
0
0
1
0
0
0
1
0
0
0
2
0
0
0
0
0
0
0
0
1
0
1
0
0
0
0
0
0
0
0
0
1
0
0
0
0
0
0
2
0
0
0
0
1
0
0
1
0
0
0
0
1
0
1
0
1
0
0
1
0
1
0
0
0
0
0
0
0
0
1
0
0
0
0
0
1
0
0
0
0
1
0
0
0
0
0
1
0
0
0
0
0
0
0
0
0
0
0
0
0
0
0
0
0
0
0
0
0
0
0
0
0
1
0
0
0
0
0
0
0
0
0
0
0
0
0
0
0
0
0
0
0
0
0
0
0
0
0
0
0
0
0
0
0
1
0
0
0
0
0
0
0
0
1
1
0
0
0
0
0
1
0
0
0
1
0
0
0
0
0
1
0
0
0
0
0
0
0
0
0
1
0
0
0
0
0
0
1
0
0
0
1
