0
0
0
0
0
0
0
0
0
0
0
0
0
0
0
0
0
0
0
0
0
0
0
0
0
0
0
0
0
0
0
0
0
0
0
0
0
0
0
0
0
0
0
0
0
0
0
0
0
0
0
0
0
0
0
0
0
0
0
0
0
0
0
0
0
0
0
0
1
1
3
0
1
3
2
1
7
3
4
1
3
3
20
35
138
348
927
2298
4826
9551
16862
27838
40811
54238
66050
73307
72817
66457
55236
41298
28472
17285
9831
5069
2327
989
399
133
41
8
7
4
0
5
2
2
0
1
1
1
0
1
1
0
0
0
0
0
0
0
0
9
54
50
48
53
55
48
38
52
45
29
39
45
43
31
44
33
32
40
36
35
54
43
28
33
51
34
40
44
35
45
39
40
44
40
40
35
43
41
35
36
29
30
44
35
28
35
33
38
25
36
36
38
33
31
35
47
39
35
41
32
35
44
52
43
44
54
50
68
65
74
93
104
146
143
157
197
173
131
177
142
94
113
92
68
71
53
44
38
47
50
49
36
57
34
49
43
59
47
46
51
48
46
44
55
52
49
56
60
63
76
88
73
81
82
108
119
141
139
151
140
115
166
200
206
260
403
617
1126
1741
2937
4596
7123
10179
13776
17677
21634
25235
27272
28433
28050
26281
23135
19473
15704
12009
8804
6399
4539
3173
2346
1745
1242
905
738
475
398
334
265
358
426
520
682
787
938
1007
1085
1103
983
877
777
660
533
392
288
236
182
151
121
89
81
71
67
60
52
44
33
16
14
15
16
13
8
9
15
8
9
17
8
12
7
7
9
8
6
9
7
7
7
4
5
11
9
9
4
9
6
5
7
9
12
6
16
5
17
8
12
20
15
19
13
16
27
28
34
25
24
25
28
16
17
14
13
24
22
17
18
24
21
17
13
28
15
17
15
13
14
13
16
25
18
17
17
13
8
20
10
14
9
8
5
8
7
4
2
9
4
9
5
8
6
3
5
8
6
8
6
7
6
6
5
10
4
4
6
2
7
3
4
10
7
3
5
9
7
15
15
18
18
17
15
17
16
16
20
18
22
13
19
13
16
10
11
11
9
8
13
7
8
5
11
10
9
11
6
12
11
5
9
6
19
9
10
13
10
7
3
7
6
6
2
7
9
6
3
3
5
9
7
3
5
9
6
11
7
11
5
12
4
5
5
5
5
9
11
8
6
8
4
4
7
7
4
6
4
6
6
3
3
4
12
4
4
6
7
6
8
5
4
6
11
1
7
2
5
5
11
4
7
8
10
3
4
9
5
11
4
10
4
4
9
12
1
8
8
8
10
9
8
4
10
10
7
11
3
9
6
8
10
9
7
4
6
6
7
10
5
5
6
4
7
9
5
10
3
6
6
11
6
7
8
5
9
6
5
6
10
8
5
7
4
6
5
13
9
8
10
11
14
17
8
10
8
12
10
13
11
10
9
10
5
11
14
13
11
9
13
6
13
10
11
15
11
10
13
14
16
8
6
5
9
13
7
18
10
18
13
12
6
10
13
15
7
9
18
23
18
21
11
15
16
15
16
15
15
17
18
21
12
17
23
16
10
15
21
21
30
24
25
20
20
17
21
23
27
21
19
16
17
17
25
31
23
20
20
22
15
16
17
21
14
22
16
14
17
12
21
11
19
20
14
18
16
17
27
24
19
17
17
17
23
13
13
20
24
21
23
24
21
16
11
21
23
17
17
32
25
18
24
25
20
27
23
30
13
33
21
25
29
35
26
29
17
25
23
25
22
15
25
26
25
23
32
32
23
31
27
31
32
38
32
28
38
39
40
38
34
29
33
38
38
29
33
23
34
33
45
34
30
42
32
33
47
36
27
52
49
36
44
35
41
44
49
36
45
39
35
58
52
47
51
58
55
53
58
48
54
50
73
48
54
61
78
68
61
75
65
70
89
84
97
88
118
113
121
124
113
120
140
144
148
143
144
155
157
110
134
136
126
116
99
107
109
94
90
89
75
84
79
75
78
86
76
85
74
95
65
70
83
78
92
83
70
84
95
59
93
67
71
80
73
83
76
86
81
70
81
70
75
80
84
62
85
79
77
75
76
90
84
68
80
84
81
70
71
72
79
78
67
62
70
71
78
81
82
64
68
85
77
68
76
75
84
83
76
90
81
73
72
58
71
73
68
81
69
84
69
77
71
88
68
83
72
82
79
77
78
66
71
70
89
76
61
85
70
68
79
63
80
71
83
70
76
81
84
67
95
87
73
72
81
92
74
72
79
76
75
89
61
69
81
97
89
93
83
73
96
86
75
92
84
97
88
89
101
112
91
131
115
145
164
183
204
244
323
423
461
588
701
828
954
1128
1313
1481
1603
1682
1786
1999
1995
1987
1977
2048
1895
1738
1697
1500
1342
1176
1021
886
756
631
530
452
319
282
245
213
133
152
132
128
117
116
109
97
121
95
114
91
117
108
111
109
107
95
101
115
115
116
127
107
87
91
124
119
124
121
126
112
91
112
137
115
109
131
108
91
127
126
89
124
117
103
111
107
116
102
119
114
111
108
118
115
124
131
126
128
126
117
108
120
134
125
159
144
161
170
204
175
201
243
236
264
295
273
305
337
331
367
351
339
381
346
360
361
339
297
301
288
266
230
189
209
193
180
149
139
131
148
133
126
122
142
109
153
133
126
139
123
148
121
131
136
150
151
133
143
122
123
151
140
140
138
136
143
135
163
156
147
156
138
153
162
151
138
155
142
170
159
176
175
166
155
193
163
181
182
164
191
167
180
173
186
196
163
182
180
163
189
189
170
177
153
190
173
182
167
201
202
201
180
177
183
194
206
207
203
234
225
242
220
246
217
247
228
250
238
228
211
221
246
274
253
252
261
256
256
276
290
284
254
253
247
256
298
270
277
278
288
268
249
248
268
282
273
275
274
274
273
291
258
259
258
288
277
247
264
260
288
256
259
263
245
254
242
236
252
220
221
250
257
213
212
242
220
223
231
203
202
207
191
166
202
168
202
174
166
206
168
181
180
173
184
195
158
163
172
159
148
147
169
172
169
149
166
156
155
133
146
152
157
159
159
154
172
185
159
167
136
157
171
170
181
169
171
151
139
153
140
182
158
161
162
155
148
167
137
168
162
166
178
171
173
169
201
180
180
185
196
211
204
184
199
192
171
206
181
194
252
192
205
208
196
181
190
208
203
231
208
190
216
215
190
208
205
230
205
186
197
211
217
209
187
212
197
195
224
200
190
237
210
226
195
209
202
198
228
199
194
207
182
196
223
192
204
213
193
188
183
188
183
193
181
212
181
167
203
197
165
189
180
232
187
180
180
167
191
189
186
172
206
146
190
190
207
174
195
168
168
177
161
161
174
156
175
153
184
173
175
175
153
155
195
160
159
150
171
171
159
168
169
170
178
193
177
159
169
148
161
182
171
174
171
177
196
158
159
144
177
181
173
157
165
175
153
156
178
188
153
176
181
196
180
171
164
179
170
183
176
149
202
188
174
184
167
193
187
196
190
175
179
165
178
155
166
182
180
207
169
207
164
188
173
189
165
179
188
180
187
176
170
195
195
206
196
192
185
186
172
187
195
167
196
195
191
178
198
193
200
212
205
200
216
196
199
164
201
182
189
185
172
184
204
195
178
187
209
182
179
196
202
178
217
192
207
201
232
213
190
224
194
198
185
232
192
182
210
198
173
218
221
208
209
223
222
226
189
211
220
192
199
221
207
206
209
223
204
178
213
212
215
211
206
223
201
206
234
194
215
202
198
199
215
215
197
202
223
206
229
207
235
215
214
221
207
189
205
197
199
199
194
219
201
188
215
173
209
191
188
197
189
204
169
198
191
178
208
183
174
201
212
189
190
181
202
200
186
174
174
169
165
195
172
191
171
186
175
194
180
182
192
203
175
172
174
201
176
195
205
204
187
173
210
168
217
174
192
172
175
199
176
178
180
189
177
187
196
178
210
164
202
176
196
192
200
170
198
181
187
177
203
179
182
180
189
194
191
197
195
197
187
173
181
191
175
200
157
191
210
177
210
188
194
178
199
216
207
187
192
169
211
183
201
182
178
170
183
181
165
211
227
170
218
178
178
172
197
214
200
181
188
195
216
202
213
188
191
211
197
186
175
188
172
186
179
196
174
199
200
191
214
209
188
173
189
194
175
196
178
200
204
187
203
190
183
195
221
203
150
189
192
173
185
194
204
199
184
189
193
196
176
198
195
183
195
209
183
202
192
175
221
201
181
181
204
209
176
210
168
195
198
205
204
198
217
205
215
202
209
173
206
199
206
194
204
208
211
220
203
210
208
201
186
188
249
236
221
194
230
246
206
195
221
245
231
228
248
256
253
255
235
221
256
237
230
243
239
243
284
246
259
255
262
271
254
273
265
305
258
302
287
265
274
305
284
294
291
311
300
293
308
339
343
321
317
325
349
386
381
361
372
345
384
389
370
375
413
385
446
473
444
486
498
497
529
542
502
550
528
549
582
600
637
656
656
719
704
728
764
699
853
776
806
796
859
906
945
978
935
945
959
1014
1028
1009
1062
1079
1072
1096
1058
1129
1121
1126
1121
1146
1103
1175
1158
1183
1170
1142
1154
1073
1107
1076
1060
1042
1033
1008
1028
985
967
920
883
905
927
813
818
826
755
747
707
719
720
654
666
663
613
561
564
537
523
545
516
437
429
444
463
388
367
381
406
374
372
354
369
343
350
347
301
324
284
280
271
293
286
302
270
261
249
253
251
253
234
236
223
214
239
227
222
227
254
201
198
216
205
216
211
196
196
202
182
189
199
186
216
176
192
180
186
187
186
196
186
208
187
199
218
242
212
225
241
243
290
287
310
278
304
308
333
311
350
329
366
426
390
420
411
386
392
436
422
427
431
419
402
418
407
389
374
365
349
298
345
302
297
265
242
239
237
192
194
182
172
168
156
172
150
139
151
130
128
141
155
132
114
121
132
129
134
128
123
132
163
136
120
119
139
108
122
131
129
122
137
128
137
143
148
132
134
131
144
168
152
142
147
171
179
165
150
169
201
175
158
189
178
176
192
212
190
200
191
194
191
202
197
198
213
225
212
196
213
197
208
249
210
208
205
221
193
192
220
176
202
183
211
233
205
229
211
186
188
195
206
191
194
186
203
195
162
155
165
161
157
160
143
191
155
137
157
162
121
142
143
127
138
140
125
120
106
117
129
98
100
122
94
110
83
120
103
79
91
97
85
97
89
86
86
92
87
86
86
78
84
66
84
84
84
73
71
58
63
82
66
82
80
68
67
69
64
61
59
58
59
69
59
67
59
63
64
52
55
66
64
68
59
52
47
49
54
64
51
47
54
48
43
57
53
61
50
53
42
57
57
48
51
41
49
44
50
68
47
39
50
35
38
41
36
49
41
44
49
31
46
43
40
47
45
44
62
44
51
48
49
54
58
60
79
58
65
72
73
73
67
79
82
69
63
78
62
59
63
46
58
55
51
57
62
52
48
51
59
50
48
56
58
33
49
42
39
37
35
42
40
53
44
35
25
48
34
36
40
35
44
29
38
42
43
32
28
39
27
25
43
40
38
34
38
28
26
45
29
36
34
38
26
37
30
37
30
28
44
34
38
37
29
35
36
31
37
26
30
19
32
35
29
26
28
35
30
39
34
25
27
30
35
33
19
27
24
30
30
30
43
35
35
30
34
17
29
27
31
26
27
25
32
24
36
27
25
22
33
28
28
24
32
32
19
24
39
34
34
25
32
24
32
39
16
26
29
29
31
11
23
25
18
28
21
20
37
27
25
27
22
28
32
28
24
21
31
22
35
30
29
27
24
26
28
22
25
21
17
18
20
30
21
23
9
26
26
24
19
21
22
22
28
30
22
16
28
18
17
28
30
26
18
25
35
23
24
21
23
23
20
25
29
22
22
22
16
20
23
23
12
21
16
21
17
19
29
10
22
16
24
13
21
23
22
22
25
22
22
20
21
19
17
32
17
29
15
20
18
20
23
20
24
17
15
13
24
19
12
14
15
22
23
25
17
13
21
14
21
24
16
11
21
22
14
31
20
12
23
16
22
26
19
19
16
25
20
20
22
17
19
18
19
27
22
22
17
16
18
14
20
14
14
13
17
22
22
13
14
10
17
14
14
13
12
12
17
15
19
19
21
15
17
11
13
16
17
11
13
14
15
16
21
21
12
20
22
15
16
19
17
14
19
13
16
11
25
13
17
21
12
11
8
19
20
20
11
13
22
11
14
16
16
12
17
15
10
10
9
13
16
13
10
12
10
17
18
7
8
7
11
10
14
12
13
12
19
9
20
20
15
15
22
21
13
11
12
16
16
11
7
7
13
19
14
18
10
13
9
13
8
12
7
10
12
8
13
14
8
15
17
11
16
8
13
18
7
6
15
16
14
13
14
10
14
16
9
7
13
11
20
14
8
13
12
15
16
7
8
5
14
15
9
6
10
9
9
17
9
11
10
7
13
14
7
8
13
14
8
10
13
14
7
15
16
9
12
8
14
15
8
9
13
10
12
12
9
11
12
4
5
12
11
9
12
11
17
12
14
13
9
14
6
5
13
12
8
8
9
10
12
7
14
8
10
9
15
10
6
14
8
7
6
9
8
12
9
10
8
9
4
12
6
7
6
10
14
6
9
6
9
7
7
8
8
6
5
6
8
15
9
11
8
7
9
7
9
8
10
4
13
10
5
10
8
12
8
8
8
7
10
13
4
5
10
8
5
4
5
14
6
7
11
11
6
1
10
6
8
10
6
9
11
6
5
2
3
7
5
4
6
11
8
12
8
8
9
8
9
6
10
9
7
7
8
6
3
5
8
3
3
6
14
1
12
8
6
10
4
3
6
11
4
1
6
5
10
5
8
4
7
8
6
8
5
4
4
6
10
2
4
4
7
12
7
4
5
6
9
1
7
6
6
8
4
6
10
6
8
10
9
3
3
4
5
6
5
8
5
4
8
2
5
6
7
7
5
5
6
7
5
3
3
5
4
4
5
2
4
4
2
4
2
6
3
4
9
3
9
4
13
8
3
5
3
5
9
5
4
5
5
5
2
6
7
6
4
9
8
0
4
9
3
3
3
5
3
3
1
5
5
3
3
7
6
5
6
3
2
5
5
3
6
9
6
1
2
4
8
6
1
4
3
7
3
3
6
7
4
3
4
6
6
4
4
9
4
2
4
5
3
3
6
7
4
7
5
8
2
4
3
5
4
3
4
4
6
5
5
5
6
2
6
2
5
4
0
3
1
2
3
3
1
0
4
1
6
2
5
5
5
3
3
4
1
1
4
7
4
2
8
4
4
3
6
3
3
4
1
5
4
3
4
6
1
4
5
4
4
5
6
3
5
5
2
5
6
2
1
5
2
5
2
3
2
1
0
2
1
2
1
1
7
2
1
5
4
4
2
5
7
1
0
2
1
1
3
3
2
3
2
0
1
5
1
1
4
4
2
6
2
10
1
3
2
2
2
2
6
2
5
5
3
0
4
2
4
2
3
1
3
2
3
4
4
6
2
3
6
4
5
3
3
3
3
5
1
3
3
2
5
8
3
3
4
3
1
1
3
3
1
3
3
2
1
2
2
3
2
4
1
1
2
1
1
3
1
2
4
2
1
3
0
6
2
3
1
0
1
2
1
2
2
1
1
5
2
3
3
0
2
2
1
1
4
1
3
4
2
0
3
0
0
2
1
2
3
1
2
2
2
1
2
6
3
5
1
2
2
0
2
3
2
2
0
3
0
2
2
4
1
1
2
0
1
1
1
0
1
2
2
1
1
1
0
3
1
2
1
1
1
2
2
1
1
2
0
1
2
2
0
4
2
3
1
1
1
2
0
3
3
3
1
2
2
1
2
3
2
2
1
2
1
0
0
2
3
2
6
2
4
0
0
2
1
1
0
2
1
0
0
0
1
2
2
5
2
0
3
0
1
1
1
2
0
2
2
1
2
2
2
0
3
4
0
1
1
0
1
1
0
1
1
2
2
0
1
4
0
1
2
0
3
1
2
2
1
0
0
1
1
2
0
1
1
1
2
1
1
3
1
0
3
3
1
4
0
1
2
3
1
2
0
0
1
0
0
0
1
1
0
1
1
1
0
0
0
3
0
1
2
2
1
1
0
4
2
0
2
2
0
0
2
0
0
1
0
2
1
2
0
0
1
0
1
1
0
2
2
0
2
0
0
1
1
1
0
0
2
0
1
2
0
0
2
0
0
1
0
1
0
2
2
0
1
0
0
1
1
0
0
1
0
1
4
1
0
1
0
0
0
0
2
0
0
2
0
3
2
1
0
1
1
0
4
1
1
1
0
0
1
3
0
1
0
1
0
2
1
4
3
0
0
1
0
2
0
0
0
0
4
1
1
0
2
0
0
0
1
1
2
0
0
1
1
1
0
0
0
1
0
0
0
1
2
1
0
1
0
0
1
1
0
0
0
0
0
1
1
1
2
0
1
0
0
0
1
0
0
2
2
2
2
1
0
0
1
1
0
0
1
1
0
1
0
0
0
0
1
1
1
1
1
2
0
1
0
0
0
2
0
1
1
2
0
1
1
0
0
0
0
0
0
0
1
1
0
2
1
1
2
2
2
2
0
0
2
0
0
1
1
3
0
0
0
0
0
0
1
1
1
1
0
0
0
0
1
1
1
0
0
1
0
2
0
0
0
1
0
1
0
0
0
0
1
0
0
0
0
0
1
1
0
1
0
0
1
0
1
2
0
0
1
0
0
3
2
0
0
0
1
0
0
0
2
0
2
0
0
0
0
0
0
0
1
0
1
0
0
0
1
0
1
0
1
0
1
2
0
1
0
0
0
0
0
0
0
0
1
0
0
0
1
1
2
0
0
0
0
0
0
1
0
0
1
1
1
0
1
1
1
0
0
0
0
0
0
1
0
0
0
1
0
0
0
1
0
0
0
0
0
0
1
1
1
0
0
0
0
0
0
0
0
0
0
0
0
0
0
0
0
0
1
0
1
0
1
0
0
0
0
0
1
0
1
0
0
0
0
1
0
0
0
0
1
1
0
0
0
0
0
0
1
0
0
2
0
0
1
0
0
0
0
0
0
0
0
0
0
0
0
1
0
0
0
0
0
0
0
1
0
0
0
0
1
0
0
0
1
0
0
0
0
0
0
0
0
0
0
0
0
0
1
0
0
1
0
0
0
0
1
0
0
0
0
0
0
0
1
0
0
1
0
0
1
0
0
0
1
1
1
0
0
0
0
0
0
0
0
0
0
0
0
1
0
0
1
0
0
0
1
0
0
0
0
0
0
0
0
1
0
0
0
0
1
1
0
0
0
0
0
0
0
0
0
0
2
0
0
0
0
0
1
0
0
0
0
1
0
0
0
1
