0
0
0
0
0
0
0
0
0
0
0
0
0
0
0
0
0
0
0
0
0
0
0
0
0
0
0
0
0
0
0
0
0
0
0
0
0
0
0
0
0
0
0
0
0
0
0
0
0
0
0
0
0
0
0
0
0
0
0
0
0
0
0
0
0
0
1
2
0
0
1
1
2
3
3
2
4
3
4
3
3
6
11
46
134
369
896
2238
4913
9632
17164
27764
40925
54408
66304
73340
73222
66402
54651
40947
28103
17422
9749
4951
2316
979
415
131
46
13
10
5
0
2
1
3
3
0
1
1
1
1
0
2
0
0
0
0
0
0
0
4
64
51
50
57
51
41
44
47
44
41
34
41
38
41
41
38
60
36
47
33
42
32
38
30
31
33
31
30
46
30
44
35
37
34
39
37
38
30
34
21
35
41
32
44
35
31
37
31
34
32
40
42
31
32
35
42
35
42
37
50
43
33
41
33
41
53
45
51
69
74
80
117
128
152
145
183
147
151
163
112
116
80
85
74
71
61
44
50
30
45
32
37
42
39
42
48
57
54
41
46
45
46
48
54
50
63
59
81
87
78
93
79
88
111
106
84
119
105
125
143
135
141
163
213
274
392
649
1131
1784
2948
4682
7022
10226
13837
17841
21995
25293
27859
28454
28421
26550
23458
19649
15817
12020
9037
6502
4698
3251
2389
1759
1251
909
716
502
384
306
352
350
440
562
625
750
949
998
1035
1104
1008
946
803
615
561
415
337
231
186
138
128
87
98
74
58
47
37
34
33
26
20
18
19
11
10
4
16
8
5
5
11
8
8
11
16
6
9
11
7
13
8
5
8
7
6
6
5
8
9
9
6
5
7
10
13
12
7
17
10
16
12
18
18
22
15
22
32
21
18
24
19
25
16
11
17
13
21
22
17
14
22
19
15
17
20
14
17
15
11
12
19
22
11
17
18
11
19
13
9
9
14
5
10
4
8
2
8
5
1
7
10
1
10
8
5
4
2
6
7
6
5
10
3
8
7
6
6
3
7
6
5
5
2
0
10
6
15
11
18
18
18
23
23
18
24
15
25
28
25
19
11
15
9
10
7
10
9
7
6
7
8
10
9
8
5
16
5
8
19
5
10
8
3
9
3
7
6
6
8
4
1
5
8
6
7
5
5
8
2
4
10
5
5
7
6
5
6
2
8
9
3
4
7
6
6
5
5
7
5
10
2
1
2
2
10
8
5
2
5
5
2
5
10
2
1
6
7
6
5
6
2
8
6
1
4
5
7
11
7
4
5
2
6
9
5
4
2
5
11
5
7
13
6
5
5
6
8
10
6
3
6
15
8
12
5
6
5
8
12
6
6
9
8
7
5
7
7
8
3
7
8
5
10
10
7
6
7
6
8
8
12
7
3
7
7
7
8
9
6
7
8
7
8
13
11
7
12
3
17
9
12
6
11
6
8
11
8
7
6
13
6
13
13
17
7
7
10
7
8
13
15
10
12
9
11
10
8
8
13
11
8
12
14
4
12
15
15
17
11
19
14
21
18
14
14
21
15
14
16
13
19
14
17
19
14
18
15
14
19
16
22
13
27
21
24
25
18
17
17
27
29
22
20
28
15
20
20
25
24
22
19
23
22
18
19
16
15
12
22
18
20
14
20
20
22
22
13
19
13
14
18
16
17
16
14
21
15
14
24
29
11
21
13
26
22
18
13
35
23
16
17
14
22
21
20
18
26
20
19
26
35
26
20
23
23
22
29
24
18
15
30
27
21
22
30
26
33
28
27
32
26
27
29
18
33
28
18
28
25
35
33
30
27
37
33
40
41
34
21
34
37
41
38
38
29
41
29
42
37
42
36
35
43
49
33
32
34
49
28
48
49
37
48
43
43
51
49
54
50
43
45
35
44
49
52
54
50
42
54
59
52
59
66
67
62
56
73
90
92
68
91
80
95
119
115
119
121
121
125
120
141
143
124
137
159
127
152
133
151
137
134
135
107
127
91
106
104
100
88
85
76
94
85
82
67
74
89
79
85
77
79
98
93
66
69
72
74
63
78
78
88
78
93
80
74
80
81
88
73
80
69
58
70
86
82
75
88
87
81
75
79
71
77
80
66
71
67
73
65
85
59
67
77
84
88
80
91
78
77
72
77
77
60
80
85
79
77
62
89
69
87
79
78
79
70
72
85
84
95
69
86
78
79
75
73
74
83
67
64
72
75
79
88
96
67
74
83
74
84
69
89
68
85
77
86
74
73
81
79
69
78
74
82
83
78
89
96
79
99
74
82
73
80
85
96
88
91
89
94
88
87
84
77
62
91
96
96
104
126
120
127
138
160
175
247
279
342
424
468
603
720
846
1037
1115
1301
1415
1630
1762
1886
1958
2008
2108
2107
2076
1926
1714
1666
1530
1328
1209
1010
878
755
600
499
392
343
269
247
205
189
149
151
137
116
119
117
120
98
98
97
103
92
113
123
115
132
116
111
126
123
106
105
102
120
134
106
133
121
113
111
128
139
106
133
112
113
102
104
124
107
116
119
99
124
106
139
124
112
113
119
107
100
103
124
115
123
127
110
107
125
131
124
119
128
124
125
126
145
180
160
171
205
229
223
268
268
302
323
324
352
404
335
346
353
369
361
350
334
327
282
243
274
270
246
187
187
187
165
146
186
139
128
156
134
139
136
123
118
133
144
125
146
117
135
141
142
149
135
158
155
138
144
152
164
132
140
153
160
131
163
155
149
138
153
153
158
178
166
175
165
172
183
178
166
180
171
184
172
187
199
187
187
191
182
183
195
196
182
196
183
182
181
185
194
208
180
184
203
198
218
198
220
176
203
186
179
232
205
210
207
213
227
240
222
215
198
254
249
264
229
226
255
231
245
265
257
253
286
260
271
264
243
268
278
263
263
276
269
268
233
304
254
267
295
269
256
289
285
298
295
308
267
265
283
276
262
293
253
266
275
284
279
273
274
259
255
238
248
274
237
225
233
239
255
250
224
221
213
241
203
206
220
185
219
199
209
180
182
181
186
193
157
175
167
161
165
161
177
160
170
166
171
171
161
149
154
166
162
154
178
149
152
160
144
161
168
180
159
170
167
162
161
164
162
169
150
151
147
165
145
154
162
160
190
160
149
156
165
166
161
188
196
180
189
192
159
170
189
179
206
190
179
197
195
210
181
193
196
204
209
207
184
185
206
221
218
225
206
206
223
209
208
192
224
236
230
201
193
190
207
206
207
219
216
204
213
216
229
222
201
206
191
225
196
224
203
202
205
202
215
199
189
205
201
200
205
215
182
205
228
218
227
220
183
185
198
204
221
197
177
200
166
214
206
179
184
191
156
178
178
175
185
175
185
164
167
158
180
192
187
179
152
154
181
185
202
175
170
167
170
147
179
180
187
175
180
204
173
182
196
149
171
158
171
182
183
167
177
169
160
145
186
184
179
195
172
170
198
178
170
157
181
155
186
169
164
198
167
176
188
191
169
201
196
164
185
160
162
178
171
172
176
171
178
195
179
170
202
152
156
172
168
202
169
205
175
189
188
191
197
162
167
198
172
205
194
193
213
196
207
172
201
191
180
205
189
185
183
171
178
209
176
205
207
182
207
201
205
188
181
192
206
179
208
196
222
196
196
220
193
189
193
204
208
202
209
221
179
201
198
206
191
183
201
227
218
224
225
211
221
230
219
209
197
194
213
202
229
190
197
211
189
200
236
220
200
213
199
253
249
194
208
219
234
199
212
224
188
210
221
187
228
214
188
221
228
200
224
222
227
252
225
251
214
216
234
217
197
201
215
194
228
205
209
238
189
212
213
210
229
213
222
226
191
200
205
218
203
199
174
200
218
202
227
203
177
186
186
159
173
177
181
176
196
184
205
199
177
192
218
182
193
191
181
197
181
189
195
202
192
184
196
190
178
179
196
176
207
200
202
175
194
175
186
198
214
160
187
191
199
178
187
218
180
182
194
170
179
209
172
183
186
189
216
184
194
191
195
191
187
178
199
198
215
236
235
187
181
169
191
176
210
210
178
211
201
201
199
188
176
198
200
199
189
218
200
220
207
190
181
196
166
203
183
191
217
235
186
225
191
188
198
187
186
172
180
193
194
202
181
180
174
211
165
188
215
179
188
208
204
183
181
177
213
206
205
192
191
200
186
194
204
203
185
202
210
208
200
186
183
193
198
194
205
193
186
173
190
211
198
186
204
166
203
171
215
198
223
217
215
186
196
194
197
190
189
206
199
188
193
176
192
193
186
191
197
197
194
196
203
195
170
194
171
229
195
218
186
189
192
188
195
199
193
222
232
206
218
230
174
209
219
215
212
231
245
203
222
212
205
247
244
237
211
239
225
246
232
229
252
226
264
237
234
272
261
243
279
245
268
244
246
282
272
270
265
273
277
314
269
282
282
280
289
290
326
329
322
273
300
305
305
361
333
311
332
360
355
358
342
349
338
362
387
383
399
381
369
392
429
426
448
436
499
507
512
524
526
513
560
567
520
562
642
597
643
694
665
679
700
748
836
761
824
834
870
837
873
957
952
975
1003
1012
985
1067
1110
1003
1094
1067
1126
1122
1138
1165
1134
1069
1191
1079
1188
1110
1184
1185
1189
1119
1093
1096
1064
1115
1108
1036
1063
1026
975
1045
976
949
934
881
843
864
870
752
810
739
698
718
704
734
621
621
572
583
546
514
505
512
486
489
457
439
431
409
425
425
366
371
336
333
360
327
338
316
333
297
334
281
309
280
295
266
273
286
247
280
242
233
246
228
226
241
228
218
263
242
211
201
199
195
196
213
210
215
178
211
180
207
179
178
195
183
174
179
201
205
193
171
187
176
198
223
226
220
251
235
288
251
244
281
331
317
299
337
343
332
375
449
406
395
410
433
385
431
434
444
446
471
395
411
429
427
367
419
374
355
309
335
300
299
300
238
229
199
195
196
203
166
178
142
152
149
154
163
165
116
129
120
145
123
140
120
122
136
141
137
113
125
129
138
127
159
129
113
141
128
131
148
157
137
133
148
128
149
159
155
157
146
170
131
175
151
171
178
155
191
162
181
178
170
189
190
199
188
211
187
199
215
207
218
186
203
189
223
183
205
233
190
218
201
206
217
229
200
188
216
209
186
214
237
179
216
233
208
195
224
170
181
178
186
180
169
187
174
191
169
164
177
164
159
181
168
152
152
149
154
128
126
129
150
123
117
130
133
111
137
127
120
112
135
116
108
121
95
89
99
108
98
82
84
104
84
110
76
95
89
81
89
87
92
92
85
96
70
81
71
72
80
78
66
60
71
77
59
72
53
58
64
70
65
58
66
54
56
64
57
58
57
68
48
67
53
49
56
50
57
46
63
47
55
45
43
46
56
57
59
49
63
46
71
58
42
47
39
41
47
50
49
57
41
52
51
50
42
47
45
50
47
49
49
54
50
50
50
40
51
57
61
64
56
79
57
57
71
59
66
78
68
67
61
70
60
60
74
67
60
61
63
51
55
55
60
68
62
50
55
43
48
53
48
40
44
41
34
40
44
30
37
36
41
36
40
49
32
32
38
35
33
45
29
37
46
34
42
43
28
32
44
48
50
38
42
39
36
35
32
35
35
40
39
29
33
32
29
26
39
28
25
22
31
32
29
42
32
33
33
40
22
24
36
33
29
29
35
37
23
34
33
37
34
28
33
25
23
38
25
27
28
32
28
30
22
31
30
24
32
36
25
21
24
27
22
35
25
31
29
20
26
28
27
26
30
28
24
27
31
31
22
20
19
29
29
23
26
33
31
24
29
29
28
25
23
19
16
24
33
24
37
29
25
26
18
19
26
28
32
40
36
25
30
23
24
25
25
21
36
17
27
24
20
15
17
21
23
20
24
24
16
31
18
18
25
22
29
20
24
25
24
20
20
15
26
19
23
27
22
26
27
35
23
21
26
19
21
16
20
19
24
26
24
21
18
20
21
26
21
21
22
21
18
20
25
24
18
22
21
20
28
14
26
15
27
22
14
15
19
14
19
16
24
15
22
25
13
12
18
20
17
33
20
16
21
16
27
16
16
16
22
17
25
29
17
25
30
10
20
24
25
24
15
24
20
16
13
21
9
11
21
20
14
17
20
21
24
20
14
22
15
19
27
17
17
22
19
14
15
19
14
17
18
18
21
23
13
15
16
21
23
13
13
13
14
13
19
15
20
15
24
18
15
23
19
23
13
14
13
18
20
21
15
17
13
15
10
11
17
16
12
21
6
12
14
19
15
14
20
21
24
13
17
18
20
16
16
11
17
10
20
18
13
12
18
10
19
20
14
19
13
12
16
9
15
14
7
17
17
21
16
10
14
15
10
9
15
9
22
15
13
9
13
11
9
15
7
10
14
13
15
17
9
11
9
8
13
15
13
16
16
13
12
9
12
11
18
8
11
19
8
9
16
14
13
11
8
11
12
14
15
17
12
8
8
9
17
9
12
13
7
8
8
3
8
9
10
8
7
3
14
7
18
10
14
6
12
11
7
15
11
17
16
12
7
20
12
9
8
8
6
14
13
10
11
9
4
8
5
13
13
9
12
10
11
5
8
9
9
7
13
9
11
6
15
12
11
5
4
10
10
8
8
12
12
8
8
12
12
8
9
10
7
7
10
16
5
14
6
14
10
14
15
6
10
10
8
10
6
11
7
8
12
6
7
8
11
6
9
6
6
10
10
6
8
7
15
6
17
3
8
7
3
11
6
11
4
11
10
10
3
5
9
4
11
9
9
2
13
4
7
8
6
8
10
3
7
10
13
10
15
9
6
3
12
9
9
5
4
6
11
3
12
14
8
7
4
8
10
6
7
7
9
7
6
7
8
8
8
9
8
7
4
7
3
6
5
2
3
5
5
3
5
1
5
10
5
7
9
7
5
6
4
8
6
5
10
3
5
8
10
6
7
3
4
6
5
8
5
12
5
10
9
6
4
8
5
4
1
4
8
6
6
7
10
7
3
7
4
8
2
9
6
5
7
3
2
8
8
14
6
5
8
11
9
6
5
1
2
6
7
7
4
3
7
10
8
8
11
4
2
7
6
6
8
10
6
9
5
3
5
0
2
1
6
9
9
8
3
3
6
2
8
3
6
4
7
7
6
2
6
4
1
10
4
5
5
4
4
4
6
8
3
6
3
5
3
6
1
5
4
6
3
5
7
5
3
5
3
2
5
1
1
2
3
4
7
4
9
4
8
2
1
1
8
4
6
3
6
1
6
2
8
6
1
1
5
1
3
3
7
5
2
6
4
2
4
2
2
2
2
2
5
4
2
7
6
5
7
5
3
2
5
7
3
9
1
5
3
5
7
3
6
4
5
3
4
4
2
5
1
2
4
4
4
7
6
4
5
5
4
3
4
4
5
3
2
3
4
2
0
5
3
0
0
3
3
3
4
4
0
2
7
1
5
1
4
6
4
5
4
2
3
4
4
5
3
4
0
4
1
1
1
5
4
5
4
3
4
1
5
1
6
4
4
1
2
3
1
3
2
2
2
4
4
2
4
3
2
3
4
4
4
3
3
3
2
1
2
2
1
2
3
3
1
1
1
5
1
2
1
2
3
5
3
2
0
2
4
1
2
4
4
1
1
3
6
2
5
1
3
4
2
1
2
0
1
5
1
2
2
3
2
3
5
3
4
3
1
1
2
4
3
2
2
4
1
1
3
1
4
0
0
1
7
7
2
1
4
3
3
2
5
3
2
2
3
1
5
0
4
3
4
1
1
1
1
0
1
1
0
1
4
1
1
3
2
3
1
4
3
5
2
0
1
5
3
2
0
2
4
3
1
1
1
2
1
0
2
1
4
2
1
2
0
0
4
1
1
2
1
1
1
3
3
0
2
0
0
1
3
1
0
2
1
1
1
2
6
1
0
2
1
0
2
1
2
0
0
2
1
1
2
1
1
1
1
0
0
2
1
1
2
4
1
2
3
0
0
1
2
1
1
1
1
1
0
2
1
3
0
1
1
3
1
1
0
3
0
1
4
1
2
3
1
4
1
0
2
1
1
2
2
0
1
2
1
3
2
2
0
1
3
3
1
0
1
2
1
1
2
1
2
2
1
1
1
2
2
0
3
1
2
1
0
1
2
2
1
0
1
0
0
1
1
0
0
0
3
6
0
1
0
1
2
1
2
1
2
1
2
0
1
1
0
1
1
1
1
1
0
1
1
0
3
0
0
2
1
1
2
0
0
1
0
1
2
1
2
1
0
1
1
2
2
0
2
0
1
0
0
0
0
2
1
1
0
2
0
0
1
0
1
0
0
1
1
1
0
0
2
1
1
1
1
0
2
1
2
0
0
0
1
0
0
0
1
1
1
0
1
1
0
1
0
0
2
1
0
0
1
0
0
2
0
0
2
0
3
1
0
1
0
0
1
2
0
0
1
0
0
0
0
0
1
0
2
0
2
0
3
0
0
0
1
0
1
0
0
0
0
0
0
0
1
0
0
1
0
1
0
1
0
0
2
1
0
0
0
0
1
1
1
0
0
0
0
1
2
0
2
2
0
0
0
0
0
0
1
0
0
0
0
0
4
1
0
0
0
2
1
0
1
0
0
0
1
1
1
0
1
1
0
0
1
0
0
1
0
0
0
0
0
1
0
0
3
0
1
1
2
1
0
0
0
1
0
0
1
0
1
0
1
1
0
0
0
1
1
1
0
1
0
1
1
2
1
1
0
0
1
0
0
0
0
0
2
1
0
1
0
0
0
0
1
0
0
0
1
0
0
0
0
1
0
1
0
1
1
1
0
0
2
0
0
0
1
0
1
1
0
0
0
0
0
0
1
0
0
0
0
0
0
0
0
1
1
1
0
2
0
1
0
1
0
0
0
0
0
0
1
0
0
1
1
1
0
1
1
0
0
0
0
0
0
0
1
0
1
0
0
0
0
0
0
1
0
0
0
0
0
0
0
0
2
1
0
0
1
0
0
0
1
0
0
1
0
0
1
0
1
0
0
0
0
0
0
0
0
0
0
0
0
1
0
0
0
1
0
1
0
0
0
0
1
0
0
2
0
1
1
0
0
0
0
0
0
0
0
1
1
1
1
0
1
0
1
1
1
1
0
0
0
0
0
0
0
0
2
0
0
0
0
0
0
0
0
0
0
0
0
0
0
0
0
0
0
1
1
0
0
0
0
0
0
0
0
0
0
0
0
1
0
0
2
1
0
0
0
0
0
0
0
1
0
0
0
1
0
0
0
0
0
1
0
0
0
0
0
2
0
1
0
0
0
0
0
0
0
0
1
1
0
0
1
2
0
0
0
1
0
0
1
0
0
1
0
1
0
0
0
0
0
0
0
0
0
0
0
0
1
0
0
0
0
0
0
0
0
0
1
0
0
0
2
0
1
0
0
0
0
0
