0
0
0
0
0
0
0
0
0
0
0
0
0
0
0
0
0
0
0
0
0
0
0
0
0
0
0
0
0
0
0
0
0
0
0
0
0
0
0
0
0
0
0
0
0
0
0
0
0
0
0
0
0
0
0
0
0
0
0
0
0
0
0
0
0
0
0
0
1
0
0
0
4
3
0
2
6
5
2
1
2
3
16
41
136
338
953
2211
4946
9528
17297
27612
41187
54688
66119
72768
73054
66553
54789
41364
27967
17271
9808
4914
2335
1009
372
153
46
12
7
3
2
1
1
0
2
0
3
1
2
1
0
0
1
0
1
0
0
0
0
16
55
42
44
39
49
47
57
41
35
44
55
41
43
45
38
51
42
38
48
48
32
36
52
45
32
44
40
29
32
25
42
43
43
26
43
33
32
32
37
27
40
39
32
38
31
35
38
43
37
40
38
32
43
32
39
35
33
37
40
45
40
38
39
47
55
45
57
55
65
71
107
104
150
155
170
161
175
163
129
144
94
89
64
59
51
59
44
43
51
47
36
44
38
32
39
44
28
39
52
38
38
59
49
48
59
61
62
106
85
62
94
97
98
98
99
121
151
131
126
116
173
146
187
182
268
380
606
1077
1807
2872
4697
6947
9957
13615
17938
21437
25148
27245
28837
28206
26028
23260
19801
15736
11977
9017
6538
4667
3136
2342
1658
1166
925
640
527
392
304
308
346
402
497
661
790
868
949
1111
1065
1021
933
800
640
523
377
276
199
168
159
90
93
84
73
62
56
48
37
35
22
25
6
13
10
10
9
9
7
11
6
10
8
6
8
5
6
6
4
10
4
7
7
4
8
7
10
10
10
6
9
11
6
11
8
8
6
12
10
11
13
13
20
27
27
30
23
33
30
16
26
31
17
19
20
15
13
19
16
16
22
20
27
25
22
18
20
15
16
18
19
16
18
11
15
16
10
16
9
14
9
9
7
12
16
7
2
6
7
10
5
6
2
4
8
3
3
7
16
10
5
1
4
5
6
3
8
5
6
10
5
2
10
5
7
7
5
13
12
19
13
18
15
22
11
27
14
18
23
24
11
19
12
16
7
4
7
8
6
5
8
0
15
8
6
8
13
15
17
6
12
11
10
8
9
7
8
3
16
5
8
8
6
7
6
5
4
3
2
2
6
10
10
9
6
5
5
6
5
6
7
7
6
6
5
7
5
3
4
4
4
5
8
4
8
7
3
6
4
8
5
6
6
4
8
4
10
7
7
3
5
3
6
6
1
3
6
5
8
3
7
6
6
7
6
5
8
5
6
6
7
9
11
7
4
6
4
7
6
7
7
3
3
4
6
10
9
6
6
6
13
8
5
4
5
10
5
6
6
9
6
10
4
5
4
6
8
6
9
7
12
9
8
7
7
6
11
8
4
9
7
11
10
13
9
6
14
4
15
6
6
11
10
9
15
9
7
9
8
7
10
6
9
8
7
12
10
9
8
7
6
12
7
17
9
13
10
15
11
13
5
12
8
12
14
14
6
11
7
21
16
14
17
16
9
20
10
15
18
21
20
13
10
20
26
21
9
21
14
17
24
22
14
18
18
28
26
15
24
19
24
17
27
21
23
22
27
30
14
19
22
22
20
22
18
14
22
22
19
15
12
16
23
16
16
14
23
17
19
21
15
23
8
17
14
21
28
21
22
18
19
11
19
18
18
26
13
16
21
28
26
24
21
19
30
11
20
18
33
25
25
30
32
22
16
18
18
23
23
12
25
28
27
21
25
37
30
23
28
40
33
26
21
33
20
24
30
22
25
23
31
26
29
33
30
29
44
28
30
41
34
39
34
25
35
34
38
31
42
43
40
34
45
34
36
43
34
31
44
32
42
42
39
37
43
42
45
56
48
56
51
47
48
47
48
52
61
57
59
50
55
49
58
64
59
84
72
70
77
85
80
70
110
101
102
93
106
109
136
124
124
164
160
165
141
135
142
134
143
131
137
132
130
123
119
108
120
99
87
86
96
82
87
85
92
89
81
83
75
82
71
75
89
86
90
69
86
74
91
87
83
69
76
68
87
72
71
77
75
90
67
73
86
83
90
87
79
72
86
74
83
74
82
90
79
69
75
69
76
71
67
72
82
96
74
86
75
88
73
78
67
66
84
68
57
92
68
85
86
66
85
83
90
71
70
62
53
64
65
88
70
80
71
84
64
73
76
81
74
72
61
70
80
84
60
73
73
83
67
89
71
62
78
88
68
73
78
65
87
81
87
86
84
86
71
77
78
76
74
88
85
80
99
84
98
93
77
89
81
76
81
71
98
96
81
95
87
84
90
107
131
130
143
162
170
213
259
321
402
495
594
737
768
1001
1178
1265
1449
1622
1682
1843
1990
2072
1958
1955
1974
1874
1745
1622
1522
1383
1154
1063
897
773
579
502
430
373
268
244
197
159
149
145
136
112
108
115
127
132
95
97
111
92
110
136
131
106
106
114
113
110
122
125
140
104
120
103
119
109
107
110
104
115
101
140
120
103
98
115
97
106
106
112
115
110
117
117
110
111
96
122
121
109
125
108
114
129
116
122
139
131
121
136
108
127
164
110
158
136
153
184
197
209
207
247
259
276
288
311
333
337
334
356
381
362
397
338
340
323
299
277
261
259
257
219
195
178
175
152
153
157
151
149
155
130
142
112
125
138
155
138
135
128
136
122
150
109
128
141
143
121
126
129
142
140
133
129
132
142
134
153
144
136
162
154
144
159
143
145
173
170
160
184
177
193
187
180
157
159
155
165
164
165
162
180
166
192
172
147
202
164
196
198
180
171
186
198
179
180
188
173
186
207
203
195
191
181
230
227
214
222
228
195
194
212
214
248
228
244
239
231
230
263
238
242
219
247
234
243
258
277
236
249
272
273
262
293
284
287
294
256
288
276
294
257
273
326
260
256
281
261
280
270
291
263
264
264
304
272
246
250
282
259
266
229
260
217
215
282
249
257
226
277
216
218
213
208
166
200
236
219
210
221
214
190
204
208
228
209
184
169
182
155
172
193
174
173
167
154
156
150
171
147
181
166
166
160
140
150
176
161
147
138
150
170
166
161
158
151
156
165
162
182
152
169
159
163
161
156
142
162
154
143
178
158
135
152
175
151
176
157
159
174
186
177
178
161
175
196
192
189
187
169
175
199
197
203
181
193
191
213
193
218
187
182
207
216
210
185
202
224
180
220
199
202
184
222
209
198
229
203
243
180
202
202
214
217
198
206
191
211
194
207
217
211
202
207
220
201
186
176
204
189
191
204
218
206
222
192
218
194
198
179
182
193
200
194
186
198
197
183
197
200
177
222
185
182
213
180
192
192
178
177
195
155
167
164
192
168
154
162
169
185
161
180
203
189
164
174
180
163
176
181
154
186
184
186
155
165
179
187
169
155
160
177
163
165
170
182
162
183
162
182
165
192
197
205
170
162
185
182
185
183
161
187
186
208
166
193
174
179
163
169
192
179
192
191
166
183
159
193
180
165
164
202
192
173
191
205
197
189
182
179
188
189
157
177
201
172
197
209
198
178
161
197
214
200
182
200
182
197
185
179
191
166
197
209
205
178
186
190
184
172
199
200
198
213
195
205
181
201
195
217
177
217
185
188
178
181
191
200
201
178
194
191
181
199
210
221
209
193
206
206
197
217
204
230
195
200
200
211
224
216
201
201
214
195
223
217
225
221
248
196
204
195
190
229
226
229
224
191
213
228
228
235
204
212
198
242
215
234
215
209
221
236
244
238
225
224
217
196
209
235
202
206
235
219
219
196
207
215
207
191
236
210
194
204
214
228
205
208
207
227
222
188
219
193
214
208
188
205
190
204
215
190
207
161
165
196
172
202
170
198
200
216
168
202
208
170
209
184
178
183
179
166
181
210
206
175
188
171
159
178
195
180
167
175
200
183
179
174
176
204
202
188
182
184
211
188
192
165
204
176
193
205
170
183
174
200
175
191
198
191
186
187
182
185
166
187
219
174
187
196
186
184
188
216
191
174
163
189
192
171
198
193
185
176
195
191
190
204
192
192
190
203
175
185
191
178
188
185
205
172
174
177
201
198
197
188
199
198
209
171
188
204
198
182
203
192
187
216
196
190
192
175
158
190
195
187
149
206
191
190
181
220
204
183
182
177
188
187
194
177
199
176
201
196
188
197
167
180
191
198
190
188
181
181
190
171
200
206
179
193
188
190
194
201
191
205
200
194
176
176
194
211
191
200
200
201
186
175
210
186
224
223
203
192
198
196
182
213
224
185
198
200
209
194
235
213
190
194
203
207
191
225
220
224
220
204
183
197
217
199
214
237
243
210
207
205
238
217
247
234
247
252
251
226
242
234
240
263
265
248
265
238
219
239
254
270
301
245
259
223
238
242
242
248
283
265
235
254
243
302
298
283
272
295
286
300
306
296
302
325
324
307
321
323
327
294
338
320
314
328
377
370
393
379
402
414
416
399
444
400
436
472
457
472
479
547
498
561
568
525
625
597
667
645
628
649
678
726
778
758
748
854
855
804
907
890
942
984
975
962
1077
1039
1077
1057
1140
1067
1084
1074
1115
1156
1142
1133
1197
1121
1187
1131
1136
1207
1202
1174
1118
1122
1073
1090
1101
1059
1058
991
963
1034
974
983
885
911
847
867
824
795
824
778
713
681
673
696
653
602
598
549
577
545
531
506
514
523
487
478
404
430
412
393
428
371
380
365
340
359
339
317
321
307
292
296
278
276
292
275
264
276
272
287
249
253
254
253
248
240
241
208
209
226
211
232
204
221
219
200
185
197
184
196
205
176
191
195
201
180
195
176
184
180
198
175
191
227
196
201
207
234
232
255
224
232
270
266
265
286
315
316
294
340
362
365
406
378
381
402
414
376
454
415
424
438
425
405
449
417
389
414
383
318
373
327
330
281
282
277
266
247
194
213
187
185
202
180
165
162
141
120
126
138
123
164
138
148
125
145
123
112
141
141
118
125
148
123
132
140
130
135
144
131
143
133
131
159
173
119
140
139
152
139
141
149
183
173
159
173
169
179
145
163
179
190
169
178
157
189
172
197
193
187
183
202
199
202
222
226
221
197
230
219
212
207
205
205
223
227
220
228
223
202
203
207
186
184
220
204
209
200
194
177
177
198
183
187
190
215
191
197
180
154
146
174
154
158
160
150
148
161
157
152
141
142
127
108
123
132
152
127
138
120
117
121
134
110
104
100
120
85
112
95
104
95
99
90
90
90
98
81
86
74
77
76
92
80
95
70
72
70
83
64
78
74
74
74
73
59
70
72
78
60
53
65
72
78
69
59
54
56
64
54
57
64
48
62
68
44
60
56
62
64
50
57
55
50
45
50
41
50
63
41
48
64
49
39
54
47
54
41
45
54
54
42
37
46
58
47
56
40
46
47
54
52
61
48
47
37
58
49
53
58
56
42
47
61
48
54
75
57
60
66
58
66
66
66
74
58
68
63
77
69
71
51
61
64
55
52
40
60
53
50
61
41
48
51
37
51
49
50
40
44
37
53
47
36
40
40
36
45
35
40
28
35
44
39
45
40
46
36
33
39
41
27
49
42
38
51
36
33
44
25
30
34
25
32
37
27
32
43
28
37
29
31
39
28
25
32
26
32
25
22
26
32
32
20
33
34
27
36
25
37
31
31
30
27
28
31
26
39
32
29
20
20
34
23
28
33
28
25
35
39
25
28
21
24
29
23
27
23
25
29
28
23
28
24
28
40
29
28
23
27
35
33
26
23
19
29
21
27
34
20
25
23
27
31
24
30
25
24
26
21
23
25
20
28
20
16
30
16
29
24
25
26
30
24
28
16
28
15
21
26
27
24
21
27
20
22
21
24
26
32
19
22
20
26
22
27
21
22
26
19
19
28
30
27
18
28
27
22
22
17
24
23
19
18
25
20
21
26
18
25
23
20
31
19
18
21
21
20
21
31
27
24
21
25
20
20
16
26
21
22
22
20
14
17
21
19
21
15
14
18
26
18
19
24
13
17
15
16
13
12
24
22
17
20
15
16
28
18
18
23
18
17
24
20
24
14
20
13
20
15
14
22
19
13
21
23
20
18
19
9
15
24
27
19
25
24
17
18
14
23
12
16
8
19
21
13
16
15
16
18
17
13
15
13
15
14
23
23
15
17
10
16
23
16
7
26
12
20
22
17
12
26
11
15
13
9
13
14
18
20
13
16
11
17
8
11
14
15
18
18
24
13
20
11
13
10
22
16
16
16
12
13
12
17
11
16
10
20
20
19
16
9
17
15
14
13
11
16
12
16
17
14
19
15
13
19
11
12
15
12
7
16
12
21
15
11
11
22
10
14
11
4
15
10
17
16
16
16
12
12
11
13
19
12
17
19
9
11
9
6
14
7
15
12
11
10
12
12
15
11
12
15
13
12
16
14
14
11
13
7
21
9
11
11
16
17
22
14
10
13
15
8
7
11
13
7
12
13
16
6
8
11
11
11
6
10
9
8
16
16
13
12
8
9
12
10
15
12
6
13
9
17
10
14
12
8
13
10
7
10
13
3
13
17
14
13
14
9
7
12
7
20
12
7
5
11
7
3
11
7
8
5
14
12
9
11
10
8
9
8
15
9
14
12
10
7
13
14
10
13
9
12
13
4
10
9
12
14
11
10
8
6
9
4
7
11
5
10
13
9
10
9
10
8
11
12
5
11
11
5
8
5
6
6
8
11
9
11
12
7
5
8
13
4
10
4
9
9
10
5
8
6
9
4
4
6
6
9
6
8
4
9
9
8
9
7
9
7
9
9
9
6
6
6
10
6
11
12
7
6
13
6
7
7
5
5
9
8
7
9
4
5
11
2
9
7
11
11
11
10
7
2
7
8
10
7
6
11
10
9
8
8
9
5
4
6
9
7
1
6
7
1
6
6
8
5
4
9
5
2
11
3
4
7
6
8
4
6
4
9
8
4
4
2
10
9
8
3
5
4
10
6
4
2
2
2
5
6
5
4
11
8
4
7
8
5
4
4
4
3
10
9
5
6
3
9
8
4
9
5
11
9
7
4
8
4
4
8
2
5
4
4
5
5
4
4
7
5
5
3
7
4
7
4
6
4
5
6
3
3
0
5
3
7
5
8
6
3
5
8
4
2
5
6
3
5
3
8
3
5
2
7
7
4
7
2
3
2
4
8
3
2
5
4
4
4
4
4
3
4
2
5
2
5
6
7
3
4
6
8
5
5
2
2
3
6
5
6
0
6
3
7
4
4
5
2
4
5
7
5
6
2
5
2
1
2
4
5
5
5
5
7
1
4
2
3
3
4
5
3
6
4
4
4
0
0
3
3
8
4
2
2
5
4
0
3
3
0
3
4
4
1
5
2
3
6
2
4
2
5
3
6
7
0
2
4
6
3
3
3
5
2
4
3
1
3
0
3
3
5
7
3
2
3
1
2
5
4
3
5
3
1
1
3
3
4
2
7
2
0
3
7
6
5
2
0
0
4
6
4
0
3
5
1
5
1
1
5
3
4
2
4
4
6
2
3
1
0
4
3
4
5
3
1
6
2
1
1
1
2
2
3
3
4
1
4
4
2
2
5
2
2
2
2
5
2
2
4
2
2
2
0
2
5
4
5
4
1
7
1
4
4
4
2
5
2
1
2
2
3
2
3
1
1
1
5
4
3
3
1
3
1
1
5
0
2
2
1
0
3
2
4
1
1
7
3
1
2
0
4
2
3
2
2
1
3
2
1
3
1
4
2
2
3
4
1
3
2
2
3
3
1
4
5
2
3
2
0
3
0
1
2
3
2
3
3
3
1
4
1
2
1
0
1
2
1
2
2
1
3
1
2
3
0
3
1
2
5
1
0
1
3
2
3
0
1
1
0
0
0
1
0
1
5
1
0
2
0
3
2
3
2
0
0
0
0
1
1
1
0
4
1
2
3
2
0
2
0
3
1
0
1
4
5
1
2
0
1
3
1
1
1
1
1
0
0
0
1
0
3
0
2
1
4
1
2
1
0
1
0
1
7
5
0
1
2
2
1
1
0
4
3
3
1
2
1
1
4
0
2
0
0
1
2
1
0
0
2
1
0
1
2
2
0
0
1
1
1
1
3
2
0
0
1
1
2
1
1
4
2
2
0
1
1
1
0
1
1
1
1
0
1
1
1
0
1
3
1
0
2
0
1
0
0
0
0
1
1
0
0
1
1
1
1
0
1
2
1
1
3
1
1
2
1
0
1
0
1
0
1
0
1
0
1
2
1
2
0
1
0
0
0
0
3
0
0
1
0
1
0
0
3
2
2
0
3
0
1
0
0
2
0
1
1
3
0
2
0
0
0
2
1
1
1
1
1
1
1
0
1
1
0
1
1
0
0
1
0
2
0
0
1
1
0
1
0
0
0
1
0
0
0
0
3
0
2
0
4
0
2
0
1
3
1
1
0
0
1
0
0
0
1
0
1
0
0
0
0
0
2
1
0
1
0
0
1
2
0
2
1
0
0
0
0
0
0
0
0
0
0
1
0
1
0
1
3
1
0
2
0
1
2
0
1
0
1
0
0
2
0
0
2
0
0
1
0
0
0
0
2
1
0
1
0
3
2
3
0
1
1
0
0
0
1
0
0
0
1
0
1
1
1
1
1
0
0
0
0
0
1
0
0
0
1
0
0
0
0
0
0
0
1
0
0
2
0
1
0
1
1
0
0
1
0
2
0
0
0
1
1
0
0
0
0
0
0
0
0
2
1
1
0
0
0
0
1
1
1
1
0
0
1
1
0
0
1
0
0
0
0
0
0
1
0
0
0
2
0
0
1
0
1
0
2
0
0
1
0
1
0
1
1
1
0
0
1
0
0
0
2
0
0
0
0
1
1
1
1
1
1
0
0
0
0
0
0
0
0
0
0
1
0
1
1
0
0
0
0
0
0
0
1
0
0
0
1
0
0
1
0
1
0
0
1
0
0
0
1
0
0
0
0
0
0
0
0
0
0
1
0
1
0
1
0
0
0
0
1
0
0
2
0
0
0
1
0
0
0
0
0
0
0
1
1
2
0
0
0
0
0
0
0
1
2
0
0
0
0
0
1
2
1
0
0
1
0
1
0
0
0
0
0
0
1
1
0
0
0
0
0
1
0
0
0
0
1
0
0
1
0
1
1
0
1
0
0
1
0
0
0
0
0
0
0
0
0
1
0
0
1
0
1
0
0
1
0
1
0
0
0
0
0
1
0
0
0
0
0
0
0
0
0
0
0
0
1
0
1
0
0
0
0
0
0
0
0
0
0
1
0
0
0
0
0
1
0
0
0
0
0
0
0
0
0
0
0
0
0
0
0
1
0
0
0
0
0
0
0
0
0
0
1
1
0
0
1
0
1
0
0
0
0
0
0
