0
0
0
0
0
0
0
0
0
0
0
0
0
0
0
0
0
0
0
0
0
0
0
0
0
0
0
0
0
0
0
0
0
0
0
0
0
0
0
0
0
0
0
0
0
0
0
0
0
0
0
0
0
0
0
0
0
0
0
0
0
0
0
0
0
0
0
0
1
0
2
0
1
2
4
4
1
2
5
2
2
9
14
47
124
381
1005
2231
4833
9638
17168
27821
40704
54044
66302
72896
73211
66559
54927
41306
28427
17276
9725
4957
2322
975
358
169
48
17
4
4
2
1
2
1
0
2
1
0
2
0
0
0
0
1
0
0
0
0
0
2
45
52
55
36
46
40
47
54
44
38
38
48
38
44
34
45
44
45
43
44
29
43
42
40
47
40
30
37
53
38
42
47
28
38
46
38
30
48
36
50
41
39
37
43
35
39
40
30
34
32
31
37
44
32
47
47
36
33
42
36
44
43
56
44
42
33
60
73
70
86
105
117
125
163
146
162
160
155
141
122
94
91
77
79
68
51
55
43
37
45
49
53
48
32
45
38
49
46
41
52
45
54
48
49
44
49
75
67
75
88
77
90
83
103
106
97
103
138
147
134
137
141
205
212
272
371
649
1031
1679
2827
4641
7103
10058
13809
17805
21560
25017
27314
28556
28180
26356
23279
19492
15732
12181
8850
6577
4622
3275
2344
1625
1300
838
666
497
396
306
321
305
434
543
657
757
940
980
1087
1046
1018
925
771
653
513
421
315
238
175
158
117
98
82
77
60
60
39
34
27
16
16
22
13
11
9
15
12
7
6
11
8
8
7
7
10
5
8
7
9
12
5
16
6
11
5
7
7
3
10
7
4
7
3
4
10
9
11
12
11
13
12
13
26
18
22
24
15
23
25
31
19
17
25
31
14
18
25
21
24
18
17
19
28
16
17
14
19
22
18
21
16
19
9
7
15
16
19
16
11
8
10
14
10
7
6
6
5
9
5
8
7
6
10
7
8
5
9
7
2
4
4
7
7
6
7
7
6
7
4
5
8
4
7
7
7
5
8
12
15
19
20
18
21
12
27
23
20
24
26
17
7
17
13
9
14
10
10
9
9
2
3
7
10
10
9
9
10
9
7
8
12
9
4
13
13
7
12
7
4
2
2
5
3
7
5
4
6
4
5
14
7
4
5
8
8
8
4
2
2
9
4
10
4
6
7
4
9
6
4
4
11
5
1
4
3
8
7
7
4
4
8
7
4
7
3
5
3
1
9
4
7
3
6
5
7
6
7
3
2
8
3
6
11
2
6
4
9
9
6
6
3
5
6
5
5
7
10
9
5
6
6
11
10
6
5
7
4
6
7
5
7
4
4
8
6
7
5
8
7
7
12
7
8
9
7
7
5
11
10
5
9
7
6
9
8
4
6
10
3
9
7
8
8
9
9
11
10
7
4
6
10
9
9
9
9
5
7
10
8
11
8
10
8
9
11
12
10
10
9
8
11
8
11
14
11
9
11
15
13
8
9
7
12
9
11
6
13
6
9
7
13
13
12
14
12
11
19
13
9
9
17
19
17
18
13
29
22
19
20
18
19
18
21
22
27
16
15
16
28
29
24
26
16
30
23
22
23
16
23
28
24
25
24
15
23
20
20
19
22
25
21
16
16
13
12
18
18
25
17
12
19
24
30
22
14
21
24
23
20
20
27
11
19
20
18
24
18
23
22
22
18
21
23
24
21
22
19
26
22
18
23
23
18
22
24
18
22
27
26
21
22
32
21
27
23
19
19
24
31
25
19
30
19
28
17
32
23
33
32
35
25
27
30
35
35
40
26
35
46
41
35
34
42
38
35
34
32
30
26
29
30
46
40
30
34
36
37
33
41
44
39
47
43
32
44
47
41
51
49
62
44
57
60
61
54
52
54
64
42
62
47
60
58
61
52
57
71
62
63
85
84
106
90
83
106
109
123
129
116
151
164
151
148
138
137
128
142
163
120
130
145
124
135
118
98
94
101
95
97
85
76
76
79
97
108
65
86
77
62
81
98
78
87
69
88
82
105
74
72
79
74
76
71
88
80
86
76
76
94
67
78
72
85
78
86
86
77
71
76
85
83
95
93
81
95
79
77
71
76
82
80
80
82
82
77
74
96
70
69
81
72
86
79
73
70
85
70
86
88
74
94
68
80
72
68
56
77
86
78
97
60
79
65
67
70
64
55
59
63
71
69
83
62
77
84
71
71
80
62
71
71
74
71
91
74
79
83
76
62
91
91
76
81
75
93
85
71
85
86
88
93
75
73
87
73
76
79
89
94
64
80
88
88
89
86
89
90
95
114
117
114
157
163
184
201
255
332
383
494
558
684
866
981
1191
1322
1439
1610
1667
1880
1893
1937
1960
2102
1828
1885
1755
1560
1590
1304
1177
1003
859
745
621
529
427
343
304
225
211
175
172
145
117
104
102
111
112
118
113
115
109
109
112
109
124
123
109
114
124
105
113
113
114
116
102
116
112
116
107
114
93
108
130
131
104
120
99
122
106
121
93
118
133
122
118
99
89
130
121
116
93
102
108
116
117
120
124
117
116
137
108
120
157
121
141
154
138
174
156
158
174
193
232
275
259
270
311
299
324
379
350
357
378
372
366
369
328
337
295
266
271
241
230
235
200
194
175
168
162
146
163
152
119
145
121
140
120
132
133
149
133
147
133
123
153
135
126
135
141
144
121
137
130
132
154
144
140
133
129
120
148
145
151
151
159
144
160
155
172
160
160
198
162
146
177
167
150
166
164
165
173
184
179
185
198
165
169
168
188
206
194
178
195
183
189
194
184
183
195
202
181
180
179
186
195
191
189
217
220
208
217
190
209
183
234
213
187
202
252
227
234
243
263
264
253
252
249
255
269
263
278
258
242
250
241
304
301
251
268
269
284
279
268
257
272
265
274
260
280
255
267
271
278
256
254
253
277
288
265
244
233
286
249
238
244
269
258
254
215
260
235
220
261
223
210
209
189
234
190
207
229
205
185
195
199
191
198
167
183
176
213
176
171
160
164
174
193
163
167
165
167
156
171
167
162
156
158
184
132
175
141
167
169
152
152
167
169
159
151
149
141
178
167
173
171
157
154
147
165
170
156
163
154
163
150
153
148
168
160
158
158
190
174
184
189
179
173
163
171
192
194
187
203
187
190
202
182
187
196
201
202
210
183
201
190
210
194
205
201
200
201
192
224
216
205
216
191
190
221
195
213
181
185
192
208
211
201
196
188
215
218
229
219
199
227
219
214
237
176
186
238
194
203
186
189
205
250
186
199
214
212
206
179
191
166
204
188
205
183
193
183
177
173
194
167
173
197
183
170
187
166
168
201
180
169
169
168
195
170
161
175
170
162
166
165
171
170
161
177
171
168
177
182
169
188
149
166
175
172
182
174
167
168
193
159
168
173
174
195
163
162
172
158
172
193
196
183
168
183
169
173
170
179
194
174
169
160
193
174
199
178
172
196
200
179
186
173
174
188
182
189
172
193
184
177
160
154
164
177
174
194
183
168
182
192
181
175
173
185
185
165
191
185
160
216
177
181
180
175
187
191
198
203
177
168
185
182
189
185
188
169
169
184
178
208
192
190
213
186
225
203
186
215
185
203
216
197
191
205
192
209
194
186
209
211
207
193
199
176
204
216
198
192
202
182
206
198
203
210
202
205
229
197
186
185
206
212
207
196
208
200
197
213
219
210
198
233
196
225
211
206
210
219
214
244
201
233
233
249
197
226
234
196
232
218
210
204
235
206
217
219
216
215
212
220
211
224
242
194
235
205
196
234
208
193
183
201
189
208
190
203
190
167
216
179
201
177
201
192
168
205
194
191
199
221
186
215
180
196
209
193
202
165
202
176
187
184
185
186
204
184
192
190
197
178
208
173
184
195
193
176
183
180
185
180
216
172
186
189
187
202
180
179
212
175
177
162
194
157
184
197
194
166
195
188
177
175
180
178
203
181
195
184
172
199
195
163
198
173
173
195
197
185
215
192
190
197
194
189
173
202
196
193
198
199
189
195
153
189
200
188
188
201
189
184
179
178
211
201
186
154
181
167
199
182
191
186
167
187
221
194
184
193
202
163
190
196
197
175
182
194
161
193
184
214
194
222
175
176
198
199
210
196
174
191
192
202
198
202
204
192
213
203
206
201
215
182
189
196
192
187
201
209
214
180
209
184
198
200
179
191
164
193
206
186
188
177
180
208
178
215
173
196
176
194
202
177
179
240
211
194
201
203
183
199
218
211
191
191
204
199
217
219
212
188
202
202
204
207
175
230
219
228
180
213
236
208
203
197
190
234
229
233
221
218
234
253
218
227
215
224
204
214
247
254
211
216
254
224
238
264
260
229
248
273
227
264
264
243
314
260
278
252
263
268
229
270
284
267
279
303
310
257
317
274
299
331
294
307
296
324
330
296
328
322
319
331
354
331
343
370
354
396
370
445
393
416
389
408
393
417
467
442
424
486
501
532
507
539
566
561
583
627
610
623
653
661
669
691
705
799
726
773
817
859
926
868
884
919
949
915
938
987
1039
1108
1056
1070
1064
1078
1115
1140
1148
1128
1130
1084
1125
1094
1176
1176
1162
1097
1141
1083
1119
1103
1065
1128
1067
1027
1026
1008
1055
960
943
924
883
868
885
789
874
745
786
743
748
688
667
666
618
637
570
557
575
543
471
503
510
425
448
435
428
378
412
379
344
376
372
347
377
289
321
337
326
289
315
293
298
252
257
284
266
258
264
289
241
236
228
272
237
234
232
226
221
233
222
207
222
208
181
190
182
196
197
179
160
182
185
210
176
187
198
191
191
203
219
219
217
193
221
202
226
234
222
235
236
265
280
289
293
322
333
344
336
380
391
369
371
412
390
409
388
434
397
441
457
420
400
406
444
428
396
405
343
360
380
360
265
312
245
258
250
232
225
224
198
184
184
157
172
155
143
143
135
164
124
124
142
127
142
125
141
109
116
127
125
124
137
145
124
121
112
111
135
122
159
141
125
139
146
160
136
163
165
140
168
144
178
163
150
153
156
174
174
194
182
192
177
203
176
185
203
191
229
197
180
244
205
243
212
212
251
212
217
210
188
218
224
239
207
213
234
181
239
217
223
208
229
227
192
200
206
204
185
181
183
196
185
203
188
197
176
174
163
190
179
176
172
158
158
155
155
171
145
155
137
131
138
136
123
134
106
132
128
123
109
122
120
101
120
101
94
97
87
98
97
90
94
87
92
68
90
98
83
87
88
71
76
88
93
77
77
85
71
66
70
57
55
80
78
92
70
67
66
74
60
63
62
57
59
61
57
61
75
56
62
55
62
61
66
62
47
45
66
44
51
40
52
59
59
42
46
46
50
45
39
61
51
50
46
45
46
53
46
41
59
56
38
56
67
45
40
51
51
46
48
61
47
42
40
46
59
46
53
41
53
58
58
59
46
64
68
81
71
62
63
66
81
60
71
77
90
69
71
75
51
60
67
51
64
44
48
43
41
41
34
45
44
34
53
47
43
42
33
33
44
32
45
39
38
33
38
46
37
45
38
40
31
40
39
40
49
44
41
44
34
33
32
24
38
42
24
35
39
33
27
30
46
35
39
24
37
26
29
20
40
36
29
21
37
26
26
30
33
25
21
35
24
37
31
25
31
35
28
32
26
31
33
29
38
28
28
30
24
16
23
33
31
25
22
30
26
36
39
34
27
26
27
27
27
17
31
31
27
34
31
27
17
26
30
26
18
27
18
29
27
27
21
25
35
22
35
24
23
28
32
23
31
29
21
24
30
22
18
26
26
18
26
19
21
31
24
29
16
15
31
27
16
16
20
21
22
30
23
31
18
23
21
24
26
33
19
23
20
23
24
24
25
32
33
28
20
25
22
18
22
26
19
22
29
31
29
24
17
16
22
26
24
26
30
26
21
19
19
23
15
13
16
28
17
16
22
21
27
24
13
22
21
21
23
20
27
20
21
26
24
20
15
19
18
20
20
19
10
24
22
23
13
25
23
19
21
32
31
25
15
15
18
19
23
15
19
21
26
24
13
24
17
15
17
28
19
16
16
14
25
20
22
11
23
30
16
12
18
25
18
14
15
12
14
17
17
18
19
18
9
14
22
15
13
12
20
10
8
22
14
23
10
19
20
21
11
12
18
18
16
19
18
14
18
11
16
20
13
18
18
18
18
13
13
15
14
19
17
13
16
17
15
12
20
17
15
14
13
13
11
19
10
11
9
13
17
23
18
12
8
9
19
11
18
14
11
15
15
23
26
17
16
15
17
12
14
19
15
17
7
18
14
13
19
18
14
23
12
10
19
20
15
16
11
14
14
9
14
12
15
12
20
10
16
12
16
11
10
13
15
20
11
13
15
7
8
16
12
12
9
10
10
11
11
8
12
16
18
13
6
9
17
10
11
9
13
12
12
8
13
15
15
9
15
12
9
11
10
6
5
14
9
12
14
13
8
14
16
17
16
7
20
11
6
11
12
4
2
13
19
9
11
9
12
14
17
11
12
10
9
9
18
14
8
11
11
15
7
14
10
12
15
19
4
10
13
8
14
9
8
12
15
10
6
9
9
11
4
8
16
9
7
9
12
12
11
14
8
7
13
10
11
11
15
11
5
11
9
14
8
11
12
8
9
11
6
4
8
5
7
7
9
14
8
12
5
11
4
11
12
10
10
7
11
13
7
7
12
6
11
2
4
9
12
6
8
6
8
10
12
5
4
11
7
9
9
11
13
11
2
10
8
3
2
9
5
7
7
5
10
7
11
12
7
8
10
5
7
6
8
7
10
13
6
7
9
5
11
8
8
10
9
13
6
12
4
10
11
8
7
11
6
9
4
8
7
8
7
5
10
12
4
7
7
5
8
7
6
11
6
6
3
12
6
5
8
2
5
5
8
6
10
7
5
5
9
6
6
6
6
5
8
8
13
3
3
5
6
6
1
2
8
3
4
6
4
6
5
6
3
2
11
6
7
7
8
8
5
2
3
2
5
1
6
5
6
10
5
9
6
5
7
4
5
6
6
5
5
5
3
1
4
6
8
6
5
8
4
8
8
7
4
5
6
1
4
3
6
7
8
9
6
2
10
4
7
7
5
3
5
9
5
4
7
3
5
6
7
2
1
4
3
3
4
4
2
4
2
1
5
3
2
4
5
5
9
7
2
3
4
6
6
6
8
4
1
3
2
4
4
7
1
4
4
4
6
2
3
8
2
5
3
4
7
4
2
4
5
1
4
5
5
6
4
6
3
4
4
3
5
4
4
6
1
3
3
1
2
4
3
3
3
6
7
3
4
4
3
1
3
5
0
4
3
7
5
4
4
6
4
3
6
4
3
4
5
2
4
0
1
4
2
2
3
3
4
2
5
6
0
5
5
4
3
4
4
1
3
4
5
6
3
2
5
3
2
0
6
2
3
1
4
4
2
3
3
5
0
4
1
4
7
7
3
3
2
1
2
1
3
3
2
3
2
1
2
3
5
3
1
5
4
1
1
3
6
3
1
2
2
4
2
5
1
4
1
2
7
2
4
6
1
2
3
3
1
2
2
3
0
4
3
1
1
1
3
3
3
3
5
2
3
2
3
1
4
3
2
2
1
1
3
3
3
1
4
5
3
4
3
0
1
2
1
2
3
2
2
1
2
2
4
3
5
1
1
3
2
1
6
3
4
2
3
0
4
4
1
0
2
3
0
2
2
3
2
3
3
2
1
6
1
2
3
4
2
3
3
2
2
1
1
1
6
3
0
2
1
0
3
3
1
2
2
3
2
2
3
3
1
2
2
2
3
2
0
3
0
3
1
3
2
1
4
5
1
1
2
3
1
1
1
0
3
1
2
0
1
0
0
1
0
1
1
3
0
4
0
1
3
1
2
0
2
3
1
1
1
2
2
2
1
2
1
3
3
1
0
2
0
1
2
0
1
2
2
1
0
2
2
1
1
2
1
3
1
0
3
1
3
3
0
0
1
0
2
0
0
2
2
1
2
2
1
2
0
2
2
1
1
1
0
2
2
1
0
0
1
3
0
1
2
1
1
0
2
1
0
1
1
0
0
0
0
2
2
3
0
2
0
1
0
4
1
2
0
0
1
3
2
1
0
0
1
1
0
0
0
1
1
0
2
1
0
1
2
1
1
2
1
0
1
0
0
0
0
0
1
0
0
0
3
2
4
0
0
0
0
2
0
1
1
2
1
2
1
1
1
2
1
1
0
1
2
0
1
1
0
0
0
2
1
0
1
0
4
0
1
3
0
0
0
2
0
1
1
0
0
1
0
1
1
0
0
1
1
0
0
2
0
2
2
0
1
1
2
2
1
4
0
0
0
1
2
1
1
0
0
2
0
0
1
1
1
0
1
0
1
0
0
1
0
0
0
0
1
2
1
2
1
1
0
0
2
3
1
0
0
0
1
0
0
1
2
1
0
0
1
0
0
0
1
1
1
0
1
0
2
0
0
0
1
2
1
1
0
0
0
2
1
1
1
0
2
0
1
0
0
1
0
2
0
2
1
0
0
3
0
1
0
1
0
0
0
1
1
1
0
2
0
1
0
0
0
0
0
0
1
0
0
1
1
0
0
0
1
1
0
1
0
3
0
0
0
1
0
1
2
1
0
1
0
0
0
1
0
0
0
0
1
1
0
0
0
0
0
1
1
0
0
0
1
0
0
1
0
1
1
0
2
1
1
0
0
0
0
1
0
1
1
0
0
0
0
0
0
2
0
0
0
1
0
0
0
0
0
0
0
0
0
0
0
0
0
0
0
0
0
0
1
0
0
0
0
1
0
0
0
0
0
1
0
1
0
0
0
0
0
1
0
0
1
1
0
0
0
1
1
1
1
0
0
0
0
0
1
1
0
0
2
0
0
0
0
0
0
0
1
1
0
0
1
0
1
1
0
1
1
0
0
0
0
1
0
0
1
0
1
0
1
0
0
0
0
1
0
0
0
1
0
1
0
1
0
1
0
1
0
1
0
0
0
0
1
0
1
0
1
0
1
0
0
0
0
0
2
0
0
1
0
1
1
0
0
0
0
0
1
1
0
0
0
0
1
0
0
1
0
0
0
0
0
0
0
1
0
0
0
1
0
2
0
0
0
0
1
0
0
0
0
0
0
0
0
0
2
1
0
1
0
0
0
0
0
0
0
0
2
0
0
0
1
0
0
1
0
0
0
0
1
0
2
0
0
0
1
0
1
0
0
0
0
1
0
0
0
0
0
0
0
0
0
0
1
0
0
0
1
0
0
0
0
0
0
0
0
1
0
0
0
0
0
0
1
0
0
0
0
0
0
0
0
0
0
1
1
0
1
0
0
0
0
0
0
0
0
0
0
0
0
0
0
0
0
0
0
0
0
0
0
0
0
