0
0
0
0
0
0
0
0
0
0
0
0
0
0
0
0
0
0
0
0
0
0
0
0
0
0
0
0
0
0
0
0
0
0
0
0
0
0
0
0
0
0
0
0
0
0
0
0
0
0
0
0
0
0
0
0
0
0
0
0
0
0
0
0
0
0
0
0
0
1
1
0
0
2
3
2
4
0
4
4
5
6
20
30
136
365
957
2282
4959
9555
17191
27980
41288
54656
65907
72628
72689
66448
54850
40980
28185
17728
9803
5099
2452
997
383
135
42
21
5
4
2
2
4
0
0
0
1
0
1
0
1
0
0
0
0
0
0
0
0
9
55
48
43
44
49
49
43
42
36
41
50
37
45
42
42
47
34
42
35
44
44
38
41
30
49
34
36
33
35
44
49
41
31
28
32
40
38
41
40
40
41
38
40
34
21
26
51
37
40
43
40
36
44
35
45
48
39
35
39
31
50
43
32
46
52
59
53
71
65
89
86
111
128
168
141
160
170
179
136
122
100
92
86
59
48
67
51
53
59
35
47
53
36
48
45
45
51
44
36
54
41
48
52
58
64
68
59
68
76
72
80
93
98
106
107
110
128
128
101
132
155
161
178
207
238
380
642
1035
1808
3029
4589
7002
10222
13799
17843
21839
25540
27681
28573
28377
26149
23194
19754
15962
12143
9166
6534
4720
3386
2425
1678
1229
928
693
494
369
319
306
324
427
575
668
791
927
972
1128
1040
1046
918
745
678
526
421
315
219
170
153
104
99
84
63
57
62
45
40
27
29
20
9
18
12
17
9
12
8
6
9
5
7
7
8
6
9
12
8
7
15
6
7
7
7
6
5
7
5
9
9
6
13
6
6
5
8
14
11
8
11
11
26
15
30
18
23
29
17
23
27
17
18
11
19
12
11
10
14
19
15
15
17
16
20
23
16
22
20
14
25
20
18
20
21
17
18
16
15
12
18
7
8
7
10
9
15
9
3
8
6
4
6
8
7
3
4
7
2
8
11
4
5
6
5
5
7
6
9
5
7
9
4
5
5
11
8
14
13
15
24
17
13
21
21
26
27
24
22
16
18
22
11
7
7
11
10
8
5
6
1
9
15
7
9
9
16
10
10
14
5
13
7
7
4
10
6
10
5
7
5
8
6
6
5
3
7
10
3
6
4
6
4
9
4
3
4
3
8
8
6
11
2
8
8
3
5
3
1
3
3
9
3
7
6
3
5
4
6
5
10
6
6
6
5
12
8
1
4
2
10
7
5
5
7
5
2
2
9
5
8
6
7
8
5
7
8
6
9
5
5
6
2
3
8
8
15
5
6
4
13
7
10
4
2
6
11
6
11
10
4
6
6
6
8
9
7
10
4
5
6
10
7
9
8
4
4
4
6
4
7
9
8
7
6
5
6
1
13
9
9
11
4
9
10
8
12
7
5
15
7
8
5
9
14
5
10
5
12
9
15
4
5
8
11
3
11
10
8
7
12
9
10
11
10
3
10
8
11
11
15
15
14
9
14
9
12
16
9
5
13
12
11
7
9
13
18
13
19
17
16
15
10
21
22
15
20
14
28
23
21
22
22
17
25
24
31
22
20
28
19
25
24
29
18
27
17
17
28
35
28
24
20
19
15
14
13
27
19
18
21
22
25
19
13
21
22
14
23
23
15
21
10
16
21
19
16
16
12
12
18
16
12
17
19
29
18
22
16
21
23
14
24
18
14
23
24
32
28
25
33
27
23
18
22
20
35
25
23
22
21
18
15
27
29
24
27
24
23
24
19
29
27
30
27
30
34
29
28
27
22
43
35
23
33
37
33
30
34
34
30
26
30
38
30
32
47
37
33
37
39
36
36
29
34
42
46
47
31
36
42
46
35
43
45
48
41
53
59
42
50
45
46
52
52
48
57
68
47
48
55
61
61
63
55
59
59
65
68
58
69
96
96
109
88
113
114
134
120
135
125
137
155
168
124
137
147
133
151
127
123
132
114
128
110
126
125
94
101
94
94
84
86
79
84
92
84
85
74
82
86
82
68
85
88
85
101
76
80
89
66
60
71
81
81
79
76
75
76
84
71
77
87
76
75
90
83
79
74
86
84
83
83
71
78
67
75
89
72
67
81
75
68
72
84
65
59
83
71
74
76
60
85
67
76
71
73
74
77
62
65
66
68
74
72
82
73
70
76
74
77
68
70
79
82
72
63
79
79
86
74
79
88
78
74
74
72
95
67
73
62
74
72
86
94
68
80
83
77
80
77
73
78
66
74
83
80
86
89
84
77
80
76
90
78
89
85
98
93
88
90
72
83
83
84
89
100
84
89
113
119
114
137
174
196
240
286
338
382
521
607
664
789
937
1230
1340
1449
1600
1766
1812
1842
2067
2076
1996
1914
1823
1714
1622
1411
1336
1216
1038
939
715
614
470
447
339
277
262
203
173
156
140
131
121
121
140
106
123
125
106
93
89
100
96
110
112
125
125
129
104
110
120
119
108
109
113
111
130
120
137
103
115
110
120
121
134
118
112
104
118
106
121
127
108
122
95
139
119
91
95
88
93
130
115
123
119
124
103
109
118
124
121
116
139
140
118
156
167
173
200
170
220
251
254
241
293
299
283
328
333
378
359
385
360
343
358
379
365
303
324
303
277
220
228
188
204
172
161
147
136
147
138
144
137
129
162
138
127
140
147
133
152
150
121
143
122
155
153
126
149
136
131
166
137
152
156
136
164
140
139
142
133
118
153
165
161
127
134
171
172
145
154
164
180
190
174
194
159
177
178
170
160
189
190
179
167
163
170
177
152
198
190
156
196
194
184
180
199
184
194
201
175
207
179
201
197
198
188
188
241
217
201
184
204
215
236
250
252
241
214
206
221
246
231
242
229
246
247
241
289
259
273
253
283
270
287
295
269
263
273
291
286
259
284
273
263
285
265
283
282
261
286
273
279
267
290
255
292
254
306
244
278
253
253
240
257
244
255
279
246
253
266
278
239
251
228
231
237
211
201
219
215
204
209
202
219
184
169
186
188
195
156
169
177
171
175
177
153
169
175
167
159
149
158
164
166
165
170
160
179
155
143
168
165
167
155
166
156
167
162
150
176
194
143
139
137
144
147
157
160
162
189
152
172
174
173
160
158
180
165
191
183
180
168
177
198
171
195
212
185
183
178
184
184
178
207
196
202
176
200
199
212
205
204
210
204
196
207
230
191
223
227
208
200
196
193
208
198
221
209
195
208
218
215
248
246
211
210
219
229
195
207
189
205
213
214
221
207
200
234
200
218
214
198
223
210
192
209
195
205
194
191
209
192
203
196
195
215
190
214
193
183
194
177
207
191
182
167
200
188
177
151
183
175
172
191
184
189
186
163
165
156
170
165
193
162
181
191
166
183
176
174
176
188
179
167
148
183
155
156
183
185
170
185
163
173
167
184
185
198
176
176
180
153
174
163
159
159
169
185
190
158
175
172
191
173
155
169
163
183
180
178
188
179
167
180
197
167
155
181
186
172
189
164
190
179
202
176
188
187
192
174
200
207
177
175
173
201
183
176
172
190
196
211
193
203
186
194
201
189
194
200
200
172
170
196
179
182
179
177
193
199
187
195
208
154
192
167
175
184
199
207
188
196
187
218
203
198
184
171
212
206
202
188
194
211
214
240
213
199
221
192
208
211
203
200
195
224
192
215
185
219
193
218
220
225
231
221
202
198
213
217
210
211
211
219
219
216
216
184
212
183
211
203
248
215
219
205
207
216
223
224
208
209
217
190
230
196
223
236
201
213
194
248
218
218
219
223
210
214
188
239
198
236
193
238
216
199
193
203
212
235
206
192
198
214
218
216
186
198
201
218
179
216
200
205
206
225
211
203
183
193
206
189
185
200
199
183
188
186
212
177
187
177
191
195
175
215
182
204
198
160
178
196
179
178
159
187
205
196
197
195
175
211
222
195
170
190
165
184
190
202
205
175
177
212
167
161
177
219
206
197
174
184
172
199
198
213
198
170
183
160
205
208
206
186
176
190
208
196
175
192
179
222
199
188
193
211
186
175
182
190
208
175
188
173
199
205
173
179
203
203
195
172
209
190
183
204
199
199
212
208
172
206
175
188
177
202
195
214
192
215
208
205
210
223
212
199
186
154
198
178
180
185
183
208
181
217
188
199
194
174
209
194
187
200
173
184
168
183
191
181
186
209
171
202
200
199
214
191
211
189
194
198
200
196
190
167
189
196
199
184
209
198
196
194
194
182
208
199
204
191
201
211
186
207
230
208
193
172
204
219
195
217
202
203
223
198
223
203
224
198
183
217
216
207
194
227
247
204
215
195
232
233
199
245
192
243
243
224
227
215
225
192
242
236
236
246
237
250
247
235
248
251
241
258
249
236
265
266
278
228
264
273
250
255
256
266
275
292
265
298
257
298
283
299
285
306
288
305
288
302
302
311
327
367
355
332
371
312
350
404
332
381
338
409
405
390
407
437
436
437
451
414
526
483
531
517
543
530
550
543
601
643
590
648
648
693
742
735
756
766
812
845
833
839
881
897
933
929
913
999
1057
1091
1043
1013
1106
1056
1139
1119
1145
1102
1147
1196
1193
1176
1088
1144
1176
1213
1161
1143
1153
1115
1128
1135
1142
1128
1028
1042
1032
971
942
978
1002
932
896
880
796
791
799
782
744
701
703
622
673
639
667
577
558
584
528
530
480
462
465
468
474
456
388
401
399
374
373
363
329
352
306
322
322
319
310
336
252
270
291
275
268
290
267
250
254
269
264
233
234
245
258
224
214
188
206
228
232
218
198
203
212
198
218
205
214
175
191
183
187
194
197
197
160
199
215
185
173
222
202
193
235
193
228
254
248
253
238
269
275
272
321
324
336
344
336
382
395
333
415
383
425
418
451
429
439
462
414
419
424
400
470
392
374
372
350
348
358
293
297
276
261
222
233
199
183
216
162
162
157
143
147
134
159
130
155
122
140
144
153
124
137
127
115
112
156
124
139
143
150
134
133
131
155
132
127
128
148
149
158
126
152
153
132
132
144
144
156
191
147
175
171
160
150
165
166
177
162
151
188
188
175
195
198
197
178
205
189
225
205
191
216
209
210
214
204
218
205
202
196
221
220
226
230
190
182
211
200
230
217
193
230
209
211
234
202
202
210
189
192
190
186
191
173
158
165
174
193
167
163
162
154
162
159
152
124
138
146
161
155
160
149
123
99
135
119
113
105
111
126
100
109
120
102
91
98
106
110
87
89
88
81
102
93
84
88
105
85
71
78
79
81
75
96
71
62
58
61
74
63
60
67
75
63
63
65
69
65
63
50
67
61
50
68
60
56
57
49
49
51
56
71
53
42
59
48
66
46
56
44
57
45
51
50
59
59
54
50
55
40
51
49
38
41
55
56
46
48
54
52
45
50
43
42
66
39
54
61
50
52
44
54
50
56
58
71
65
65
53
59
70
62
57
51
64
77
71
65
66
58
78
83
56
51
59
72
56
56
59
52
49
60
57
46
44
42
48
51
37
30
39
42
41
42
46
36
39
29
47
30
37
34
39
34
42
48
47
33
47
45
44
52
36
34
41
44
32
50
41
54
43
51
37
32
21
39
37
36
29
27
30
45
30
32
33
35
43
37
25
29
35
31
25
31
31
34
28
17
32
34
32
34
27
34
24
32
28
33
32
24
20
26
36
25
33
28
22
24
31
29
25
39
22
27
34
23
30
27
33
18
25
30
18
27
29
28
36
34
24
21
29
24
28
34
28
29
28
20
23
30
24
25
16
24
20
32
30
31
20
23
20
20
26
23
22
37
27
26
30
34
28
21
25
24
29
22
24
31
22
17
26
26
23
33
32
33
22
26
30
29
22
22
30
36
22
22
21
22
21
21
12
23
18
17
19
21
16
22
26
29
19
22
24
28
14
21
23
20
24
16
31
18
26
16
21
21
22
15
31
18
13
19
17
19
21
26
30
20
21
24
19
28
16
20
19
34
23
21
20
25
30
15
25
20
13
18
21
22
27
23
17
15
19
17
18
27
25
17
24
21
18
17
22
22
19
15
17
22
25
15
20
17
23
21
14
18
19
19
25
21
20
25
21
14
13
20
15
20
20
22
13
23
23
24
10
14
24
19
17
15
16
13
26
10
15
24
15
14
9
19
16
16
18
18
12
14
20
21
18
21
17
10
16
15
22
12
18
9
23
15
24
15
14
11
14
20
18
20
14
15
11
20
16
14
13
11
22
14
15
21
14
3
16
15
12
15
11
11
14
14
19
9
11
14
23
14
13
17
15
16
12
14
17
16
10
11
17
9
12
17
13
13
13
10
10
16
15
18
11
18
13
11
13
4
13
12
15
8
13
13
10
12
12
6
12
17
17
10
10
10
10
12
11
13
10
18
14
9
11
8
12
8
11
9
12
14
15
12
18
15
18
8
17
19
7
9
7
12
9
9
7
15
12
16
10
14
13
13
10
8
8
13
10
17
19
17
6
8
15
15
14
9
17
16
18
10
14
12
11
7
8
9
12
8
9
12
12
9
9
12
6
17
13
12
13
17
14
10
9
10
8
13
6
14
8
8
15
9
12
10
7
9
10
14
8
17
8
15
8
7
13
9
6
15
12
8
16
13
13
5
6
11
8
8
7
5
10
5
10
8
4
6
8
13
13
7
14
8
12
5
12
5
9
10
10
7
10
10
6
15
10
5
4
4
8
9
7
12
13
9
6
6
6
9
5
4
9
10
2
12
10
8
7
13
5
9
8
9
10
6
9
7
9
6
9
7
9
8
3
10
10
5
3
8
6
6
8
5
6
10
11
12
8
8
7
6
10
9
9
11
6
7
4
8
14
9
4
7
5
8
8
7
8
5
5
8
6
5
7
14
5
6
8
9
7
5
5
4
3
6
4
8
5
8
2
6
6
11
6
10
6
7
5
6
8
7
7
8
5
5
4
3
7
7
5
7
6
2
3
9
4
4
12
5
4
9
7
6
4
10
7
3
3
5
6
9
6
4
4
7
10
6
7
9
6
5
8
2
5
5
11
8
8
5
6
9
4
4
7
5
7
2
9
1
5
8
4
7
3
2
9
5
6
3
4
3
5
3
6
3
7
1
5
3
2
5
8
6
3
7
5
8
4
5
7
4
1
6
5
4
6
5
4
6
4
7
8
6
5
4
3
3
6
3
3
5
5
2
2
2
3
4
6
3
8
3
4
4
4
3
8
4
6
3
4
5
5
4
1
3
4
5
4
3
7
7
3
6
5
7
3
5
6
4
7
4
5
6
2
4
3
2
2
3
3
4
4
5
4
4
4
6
6
5
3
4
1
2
2
2
2
4
3
11
0
6
6
0
5
3
5
3
2
3
3
4
1
5
1
2
2
3
5
3
4
0
5
2
5
4
5
2
8
2
4
2
1
6
4
4
7
0
5
3
1
2
3
2
3
2
1
4
4
0
3
2
5
5
2
6
2
4
6
7
3
3
2
1
3
2
2
5
3
3
4
7
2
3
2
1
5
4
4
3
1
6
3
3
2
4
3
2
4
1
3
6
3
1
0
5
0
1
3
3
4
1
1
3
1
3
1
3
3
1
1
3
2
0
0
2
3
2
1
6
1
2
2
1
3
4
4
1
0
3
6
4
9
0
2
3
2
4
2
1
2
4
6
2
2
3
3
4
2
4
2
1
2
1
0
1
2
3
1
2
1
4
2
3
3
1
2
2
0
0
5
2
1
2
2
5
2
4
2
5
0
1
0
1
3
1
2
2
0
4
1
2
1
1
2
3
2
2
2
2
2
1
0
3
2
2
3
1
3
1
0
3
2
4
1
0
2
0
2
1
3
2
1
0
4
3
0
1
0
2
2
1
1
4
2
5
0
4
0
3
2
1
0
1
0
1
1
2
0
1
1
1
2
1
3
0
3
1
2
7
0
1
0
0
0
1
1
1
0
3
4
1
0
2
1
1
2
1
2
2
2
2
0
1
1
1
2
1
1
2
0
2
0
2
2
1
1
0
3
0
3
2
1
0
4
1
0
2
0
3
0
3
0
0
0
1
3
3
3
0
0
1
0
0
3
3
1
0
0
2
1
3
1
1
0
1
0
2
3
1
0
2
1
1
0
0
1
1
1
0
0
0
0
1
4
1
1
2
1
2
1
3
0
0
0
2
0
4
1
0
2
0
1
3
1
2
1
1
1
3
1
2
0
0
1
1
0
1
1
0
0
0
1
0
1
0
0
1
0
0
1
2
1
1
0
0
0
0
2
0
0
1
1
1
1
1
1
2
0
0
0
1
1
0
1
0
2
2
2
0
2
1
1
1
1
0
0
1
1
1
1
0
0
1
5
0
1
2
0
1
0
0
1
0
1
3
2
1
0
1
2
1
1
1
0
2
1
0
0
0
0
0
0
0
0
1
0
2
0
0
1
0
1
0
2
1
1
0
0
2
0
0
3
1
0
0
0
0
0
0
0
0
1
1
1
2
1
1
0
0
0
0
1
0
0
1
0
0
2
4
0
0
1
0
0
0
3
0
0
0
0
0
0
1
2
0
0
1
0
1
0
0
0
1
0
0
1
0
1
1
0
0
1
1
0
1
0
0
1
0
0
0
1
1
0
0
1
0
1
0
0
0
1
1
0
1
0
0
1
0
0
2
0
1
0
0
0
2
2
1
0
0
0
0
0
1
1
0
1
1
1
0
0
0
0
0
0
0
1
1
0
0
3
1
0
0
1
1
0
0
2
1
0
1
0
0
0
0
0
0
1
1
0
1
1
1
1
1
0
1
0
1
4
1
1
0
0
1
0
0
0
0
2
3
0
0
0
0
0
0
1
3
0
0
1
0
0
0
0
0
0
0
0
0
0
0
1
0
0
0
0
0
0
1
1
0
0
0
1
0
0
0
1
1
0
0
2
1
0
0
0
1
0
0
0
0
0
0
1
0
1
0
0
0
0
0
0
0
0
0
0
0
1
0
0
0
0
1
0
0
0
0
0
0
1
1
1
1
0
1
0
2
0
0
0
0
0
0
0
0
1
1
0
0
0
0
0
1
0
0
1
0
0
0
0
0
0
0
0
1
0
0
1
0
0
0
0
0
0
0
1
0
0
0
0
1
0
0
0
0
0
0
0
1
0
0
1
1
2
1
0
0
0
1
0
0
0
0
1
0
0
0
1
0
0
0
1
1
1
0
0
1
0
2
1
0
0
0
1
0
0
1
0
0
0
1
0
0
0
0
0
0
0
0
0
2
0
0
0
0
0
0
0
1
0
0
0
0
0
0
1
1
0
0
0
0
0
0
0
0
0
0
1
0
0
0
0
0
0
0
1
0
0
0
0
0
1
0
0
0
0
2
0
0
0
0
0
1
0
0
0
0
0
0
0
