0
0
0
0
0
0
0
0
0
0
0
0
0
0
0
0
0
0
0
0
0
0
0
0
0
0
0
0
0
0
0
0
0
0
0
0
0
0
0
0
0
0
0
0
0
0
0
0
0
0
0
0
0
0
0
0
0
0
0
0
0
0
0
0
0
0
1
0
2
1
3
0
3
1
3
4
1
2
1
3
6
1
16
47
122
350
983
2277
4867
9775
16979
27691
40738
54430
66219
73082
72344
66500
55357
41554
27994
17524
9793
5005
2353
991
369
119
45
16
3
4
1
0
2
3
0
1
3
0
0
0
0
2
1
0
0
0
0
0
0
6
57
57
49
52
51
39
41
36
37
41
47
48
42
48
50
44
45
26
36
32
52
24
51
26
35
40
44
51
38
27
30
35
39
35
31
37
36
37
33
37
33
36
34
45
28
47
51
30
43
37
42
34
44
49
42
29
32
41
45
46
30
62
43
37
44
41
58
66
59
80
110
110
129
152
150
158
177
164
148
102
113
96
90
70
73
46
62
43
30
55
30
43
49
41
45
50
44
38
33
43
48
57
54
58
60
49
64
71
72
80
94
67
82
96
109
121
138
120
148
129
147
158
173
187
253
393
642
1042
1787
2927
4585
6926
10049
13756
17799
21930
25511
27737
28623
28320
26300
23411
19700
15660
12345
9009
6604
4670
3199
2289
1680
1210
927
707
534
384
359
347
354
434
544
668
765
914
1032
1040
1101
1032
818
825
631
512
427
290
207
150
155
114
109
94
68
63
48
41
34
23
27
20
12
13
15
11
12
4
14
9
8
10
5
9
9
9
12
12
3
5
6
7
6
6
9
9
6
9
7
10
5
5
8
9
9
11
10
10
18
7
12
17
20
16
19
22
25
27
13
22
19
18
23
23
20
22
16
17
18
15
15
20
21
26
19
22
18
18
18
18
13
22
21
25
16
14
13
23
13
13
17
12
6
10
7
11
8
7
5
8
9
3
6
6
11
3
6
3
0
7
7
6
5
6
3
6
3
7
8
6
6
3
5
1
10
11
5
9
17
12
17
16
21
21
20
28
30
23
29
18
16
16
14
13
10
13
13
10
7
8
5
11
8
13
9
7
10
5
11
8
12
6
9
5
14
6
8
4
2
9
2
5
6
8
3
8
6
6
5
3
7
5
4
7
8
5
2
5
5
4
6
8
8
5
5
12
6
4
8
10
10
4
5
6
1
4
1
3
6
7
5
7
6
5
2
4
5
6
6
4
3
11
1
6
3
5
6
4
10
2
2
8
8
4
5
9
6
5
5
6
3
5
10
12
7
8
5
6
9
9
11
11
2
6
14
6
9
9
8
7
10
7
4
8
6
5
8
7
2
8
5
3
7
9
6
5
7
7
7
9
7
5
7
6
5
7
7
10
6
11
8
7
12
8
10
13
8
9
5
5
8
8
8
9
12
7
6
9
6
12
10
6
6
4
13
9
8
5
9
9
12
8
14
9
9
12
5
19
4
9
11
6
7
10
16
13
12
7
8
13
11
14
15
12
20
11
15
12
21
17
22
14
12
14
18
15
15
14
16
21
19
16
25
18
19
16
24
26
26
26
29
26
16
18
24
17
15
24
11
26
18
24
22
25
24
26
24
14
17
15
19
11
16
15
16
16
15
17
21
21
19
16
16
21
13
18
18
14
30
15
23
13
21
20
12
16
21
16
15
21
25
22
28
13
23
26
24
22
24
19
14
19
24
21
21
33
26
22
29
27
21
22
36
24
31
31
27
26
22
24
34
27
31
36
26
30
29
35
20
25
24
23
32
23
31
24
30
30
33
31
34
21
35
38
31
35
37
49
39
38
41
45
37
34
35
41
42
36
40
35
43
47
37
54
58
43
43
53
42
45
42
50
42
55
55
47
51
54
53
47
47
62
56
71
49
64
77
67
83
75
69
74
108
107
92
109
103
113
114
121
135
136
146
175
161
144
134
128
152
129
143
120
121
94
112
105
91
88
73
85
98
101
79
94
74
74
79
84
79
78
88
81
64
66
71
64
77
83
91
84
89
92
70
76
88
74
91
74
84
72
66
77
65
85
84
87
89
75
76
75
75
76
91
53
86
77
82
83
78
65
65
65
68
70
84
72
61
64
80
76
60
75
91
62
76
76
82
69
63
79
78
63
66
94
72
90
74
85
70
70
83
77
61
86
87
81
76
77
73
65
63
74
72
57
72
63
71
87
82
71
96
80
82
82
76
75
75
81
91
71
88
84
81
61
92
72
80
76
86
74
71
84
81
81
73
89
72
81
83
76
90
100
92
77
87
91
88
84
85
100
114
100
130
173
217
235
286
338
416
473
590
711
832
935
1184
1291
1424
1584
1748
1860
1919
2037
1976
2058
1995
1906
1753
1660
1529
1307
1225
1043
894
762
573
524
444
341
269
205
210
175
127
147
128
129
113
104
92
130
108
106
111
111
98
137
96
114
119
115
113
94
116
133
123
126
111
117
127
113
104
117
119
121
121
106
109
116
119
111
110
102
100
112
132
113
133
120
106
123
119
120
122
115
104
110
112
110
101
127
116
131
127
118
124
125
144
138
169
157
172
201
216
211
254
257
300
268
262
317
326
318
340
376
360
350
354
342
353
340
332
295
311
274
244
213
207
203
183
176
167
163
169
125
141
135
126
152
144
103
125
143
141
126
129
146
139
158
122
165
144
137
131
134
167
154
139
130
139
143
151
162
151
174
150
142
140
162
174
170
156
173
144
158
179
166
150
168
170
179
156
182
179
187
155
154
176
176
180
166
217
162
186
148
190
206
159
205
200
196
218
195
174
200
197
197
204
200
225
205
195
197
220
223
219
242
226
216
228
234
226
238
258
241
241
238
248
253
267
225
226
276
262
248
277
250
260
275
281
264
250
282
284
283
246
274
264
298
254
283
257
282
269
280
265
272
275
260
246
281
258
266
253
276
248
264
250
257
275
252
279
229
244
246
223
231
229
215
214
239
233
216
204
196
187
217
220
177
193
199
193
186
176
159
179
171
172
170
178
158
166
177
174
148
196
194
159
163
141
146
160
154
150
144
169
140
163
128
167
150
165
160
174
152
147
177
168
149
140
170
165
161
156
132
176
183
186
167
162
183
138
182
167
137
179
185
164
187
189
177
205
185
180
181
174
170
195
185
173
187
171
191
218
195
223
215
198
181
196
218
203
211
215
238
217
204
201
211
238
228
236
205
214
210
243
218
224
204
223
165
223
207
203
199
246
199
194
214
204
211
214
234
217
195
179
159
234
195
195
202
208
207
173
193
183
179
186
174
186
186
204
195
190
188
183
172
198
163
205
208
177
206
173
185
187
172
166
200
193
161
177
162
168
177
160
162
200
143
169
185
177
184
166
172
174
184
177
174
174
172
183
176
161
185
142
203
178
174
170
160
155
186
183
179
189
182
173
165
210
188
175
183
170
160
177
152
170
177
155
159
179
179
177
204
193
165
191
188
173
176
184
182
165
177
185
177
172
194
156
188
174
177
155
191
195
191
181
186
179
186
168
189
183
191
201
186
165
179
162
201
200
229
199
181
194
182
204
183
192
215
175
188
186
185
191
195
169
179
203
176
177
188
189
203
199
197
184
207
181
181
186
171
175
197
181
186
192
196
191
189
212
196
209
202
203
194
213
203
209
196
223
208
220
201
204
209
223
212
197
229
211
248
207
183
224
197
205
215
198
214
227
220
213
197
188
206
224
202
220
227
200
199
212
190
207
228
198
193
221
209
218
205
196
198
185
218
208
221
231
202
209
203
212
183
235
193
220
202
209
227
201
200
209
201
218
200
198
205
205
205
205
195
199
200
176
206
196
199
219
170
206
184
203
199
217
197
201
176
186
215
184
173
167
197
190
206
179
203
176
175
209
204
195
193
196
202
192
176
211
178
198
179
195
155
207
177
186
171
211
182
181
190
192
194
199
202
183
186
188
178
178
180
178
170
172
185
181
190
197
198
172
182
223
183
195
184
202
163
167
224
190
194
173
184
187
201
187
176
173
201
177
197
186
191
201
179
184
184
202
174
183
193
208
201
218
194
195
167
184
161
182
198
204
204
193
193
204
189
157
205
186
183
198
177
189
196
201
214
189
195
218
205
191
181
185
195
184
197
197
199
213
186
186
192
195
206
184
227
191
193
189
213
200
217
216
185
184
202
188
154
204
175
191
191
176
187
206
202
217
211
209
195
179
197
222
198
187
191
191
192
231
194
217
159
208
184
218
200
213
192
176
209
176
193
229
197
214
216
207
214
190
233
206
216
216
208
214
228
196
207
205
238
196
216
217
261
230
201
240
235
226
241
209
198
234
203
218
216
241
217
255
240
260
230
249
226
256
237
241
251
240
273
252
265
265
248
264
248
279
295
280
290
281
276
295
270
245
264
301
296
288
316
297
296
287
332
340
330
316
346
326
346
365
333
365
371
362
348
385
413
435
429
407
419
460
442
434
479
480
549
557
518
586
563
618
604
635
660
689
724
728
769
753
756
799
752
838
921
894
899
919
938
997
985
990
1038
1034
1059
1067
1083
1149
1127
1160
1059
1122
1202
1185
1157
1179
1194
1190
1133
1143
1055
1166
1127
1092
1100
1080
999
1043
1027
1016
1032
964
1033
919
936
898
843
782
790
818
746
748
738
704
653
648
591
637
609
561
550
540
500
490
478
452
412
498
408
442
403
403
360
363
362
340
311
326
354
334
279
297
269
312
287
282
297
277
249
273
250
276
254
224
261
237
229
244
226
233
221
199
225
197
231
209
199
197
211
207
188
191
168
198
189
193
183
198
169
208
216
182
166
187
169
195
198
231
223
229
225
241
258
256
273
306
310
306
325
331
336
328
357
373
416
413
415
425
398
403
430
419
417
452
412
412
415
379
404
357
361
332
348
298
317
271
269
279
239
256
202
208
165
165
195
168
169
149
144
145
140
129
130
129
133
149
131
133
127
92
147
136
123
136
121
101
135
125
137
141
131
132
154
144
125
138
146
137
136
138
149
157
153
147
157
155
161
170
140
171
174
190
155
169
186
182
196
178
188
178
188
195
204
196
204
189
223
229
195
209
220
197
199
239
218
212
221
188
232
236
218
219
218
224
213
226
201
206
183
185
182
197
174
173
196
195
177
172
181
182
197
188
183
191
172
173
169
137
151
168
150
137
142
127
135
128
128
127
125
140
108
124
94
104
112
127
102
102
100
93
117
92
96
98
108
79
99
81
82
73
70
86
93
79
75
91
89
83
61
77
58
91
76
48
66
55
64
65
70
64
59
54
69
65
55
56
68
57
67
59
56
71
75
73
56
55
65
62
68
62
49
58
44
71
48
54
57
59
59
52
49
53
39
40
51
41
48
55
55
47
52
48
54
46
43
53
41
57
46
32
45
32
37
54
50
54
63
52
45
54
43
56
71
40
44
65
53
56
59
56
72
76
63
80
70
80
78
57
69
63
83
72
64
79
54
61
57
41
55
45
51
55
45
43
40
50
42
40
41
48
41
38
40
33
29
34
39
43
32
39
31
38
40
41
24
41
49
35
30
31
35
37
37
39
32
43
31
35
37
35
33
32
27
46
29
30
29
40
23
28
24
38
25
28
44
19
32
30
29
30
33
34
31
25
40
34
33
40
22
24
31
37
33
22
36
35
23
30
33
19
39
23
29
25
28
26
20
37
19
36
21
24
17
35
21
31
33
31
25
28
34
31
19
22
37
15
26
34
23
29
25
33
26
30
34
42
29
26
26
25
22
18
30
29
19
34
31
22
25
21
22
31
30
30
18
21
29
14
25
21
26
20
15
30
21
30
27
15
23
26
22
27
27
29
22
14
23
18
24
14
25
18
19
17
21
23
22
25
17
30
18
24
19
20
24
30
24
17
21
22
15
24
21
18
18
19
12
19
30
22
29
24
34
20
23
21
16
24
20
15
20
27
17
26
24
20
22
25
26
16
17
19
13
21
20
26
17
20
23
20
20
17
23
25
20
15
17
22
26
27
24
15
22
13
21
25
20
14
21
20
11
19
20
22
21
25
15
19
17
25
20
19
20
16
18
12
16
14
19
22
19
18
26
19
18
13
22
13
18
8
21
13
20
17
17
14
15
23
18
22
9
19
14
17
11
14
15
12
20
12
14
21
15
14
17
18
10
17
17
16
25
22
21
16
14
13
19
8
19
15
16
16
10
17
16
17
17
12
9
13
12
15
16
12
16
13
11
10
11
16
16
14
14
18
14
13
12
13
17
14
16
13
11
12
13
19
16
15
11
9
13
9
14
9
14
20
15
11
11
15
15
20
12
10
16
10
14
10
19
11
8
18
15
15
19
17
13
14
9
13
7
11
12
15
13
7
10
15
11
12
13
9
13
16
12
14
11
16
15
10
15
10
12
15
14
13
9
12
12
10
18
10
12
9
8
11
5
7
8
10
9
8
15
7
11
19
10
11
9
18
18
9
10
14
9
9
12
11
6
9
6
14
11
11
17
13
8
11
5
13
14
13
15
7
12
7
8
15
6
8
8
7
8
10
12
19
16
14
6
12
12
7
10
11
11
7
8
9
9
6
8
4
14
16
8
13
11
11
10
4
9
11
14
12
13
13
8
14
6
8
4
17
12
13
10
8
2
13
9
8
6
14
12
10
8
6
6
11
12
8
8
12
8
8
11
10
7
3
10
17
6
8
4
9
12
11
7
8
8
9
9
12
9
10
13
11
10
7
8
9
10
9
7
7
6
8
7
6
6
5
5
7
11
8
7
5
12
4
6
4
7
10
3
8
7
15
12
12
1
7
11
12
9
6
6
8
10
8
6
8
5
9
3
7
4
5
4
9
9
4
6
6
7
3
10
8
5
5
10
5
10
7
6
6
8
6
7
7
3
5
5
8
8
5
8
4
13
7
5
9
5
5
6
5
8
6
8
7
5
4
2
8
7
5
4
5
12
2
6
12
6
6
5
6
5
3
4
10
10
6
8
9
3
5
4
2
5
9
6
7
3
3
4
6
8
6
2
8
5
6
7
1
4
4
4
7
4
7
7
5
11
5
5
4
3
5
11
7
7
2
4
2
2
6
3
2
2
4
6
7
6
4
3
4
8
3
3
3
3
8
6
4
3
7
7
5
5
3
5
4
4
6
4
8
3
1
4
3
5
4
4
7
4
5
6
3
3
3
5
2
7
7
4
3
7
11
7
3
1
4
4
2
6
3
5
2
5
4
5
4
5
7
7
6
9
3
3
4
4
3
3
9
8
5
1
5
2
1
6
2
1
3
5
3
2
3
8
2
2
0
3
3
8
1
4
1
5
7
3
4
2
2
5
4
3
5
1
1
4
3
2
4
4
7
1
2
5
4
5
4
5
7
5
2
4
0
3
5
1
4
4
7
0
3
2
4
6
4
5
4
3
2
2
4
2
3
3
4
6
5
2
4
5
2
5
3
3
4
2
2
8
3
3
1
4
3
7
2
2
5
2
6
2
4
4
2
5
3
4
2
2
4
3
3
3
3
4
3
3
2
4
3
4
5
4
2
4
6
2
3
3
2
3
1
6
5
1
4
8
6
1
2
2
2
1
1
3
3
2
2
3
4
3
1
1
2
4
4
3
4
2
2
4
2
1
4
2
2
3
2
3
1
2
1
4
1
0
0
3
2
2
2
0
2
0
3
1
0
3
1
2
1
3
5
4
4
2
2
1
3
1
3
3
3
3
3
3
2
3
4
0
2
4
2
1
2
1
2
2
1
0
1
1
1
2
2
3
2
3
3
2
1
1
4
1
1
1
1
3
1
2
1
2
2
0
1
1
5
1
1
1
2
1
0
2
1
2
1
3
3
2
1
0
1
1
1
1
3
1
0
0
0
2
2
0
4
2
4
2
1
3
0
2
2
1
0
2
0
2
1
2
1
1
2
0
2
2
2
0
3
1
1
0
2
2
0
2
1
0
0
1
2
1
3
1
1
0
1
1
3
1
1
2
1
2
0
1
0
1
0
2
1
0
0
0
1
0
0
2
0
1
2
0
1
3
2
2
3
2
2
0
0
3
0
0
3
1
1
1
1
2
2
3
2
0
1
2
0
0
2
0
0
0
1
2
1
1
0
2
4
3
4
0
0
0
0
1
1
0
2
2
0
0
0
1
0
3
0
0
0
0
1
0
0
0
0
2
2
1
1
0
2
2
0
1
0
0
0
2
2
0
2
0
0
1
2
1
2
4
1
0
4
0
1
2
1
0
0
1
1
1
0
1
0
2
0
1
0
1
1
0
1
2
1
1
3
0
1
2
0
0
0
0
0
0
2
1
0
1
1
1
1
1
0
1
0
0
0
2
0
0
1
2
1
1
2
0
0
1
0
0
0
1
1
0
4
1
0
0
1
0
0
0
0
0
1
1
0
1
0
1
1
3
0
0
1
0
0
1
0
1
3
1
0
1
0
0
1
0
1
0
0
0
0
0
2
2
0
2
0
1
1
1
1
0
0
0
1
0
0
1
2
1
0
0
0
3
0
0
0
0
1
0
2
0
0
0
1
1
0
0
0
0
0
1
1
0
0
2
0
0
3
0
0
0
1
0
0
0
0
0
0
2
0
0
1
1
2
1
0
1
1
2
3
0
0
0
1
0
0
1
0
1
1
1
1
0
1
1
0
1
0
0
0
0
1
0
0
0
1
1
0
1
0
0
1
0
0
2
2
0
1
1
0
1
2
1
0
0
0
2
1
0
0
0
1
1
1
0
0
0
3
0
0
1
2
0
0
0
0
1
0
1
0
0
0
1
0
1
0
1
1
0
0
1
0
0
0
1
1
2
0
0
0
1
0
0
1
0
2
1
0
0
0
0
1
0
0
0
0
0
1
0
0
0
2
0
1
1
1
0
1
0
0
0
0
0
0
0
2
0
2
0
0
0
0
1
0
0
0
0
0
0
1
0
0
3
2
0
0
0
0
0
0
0
0
0
2
0
0
0
0
0
0
1
0
0
3
1
0
0
0
0
0
1
0
1
0
0
1
1
0
0
1
0
0
0
0
0
0
0
0
1
0
0
0
0
0
0
1
1
0
0
0
0
1
0
0
0
1
0
0
0
2
0
0
0
0
0
0
0
0
0
0
0
0
0
1
1
1
1
1
0
0
0
0
1
0
0
0
0
0
1
0
0
0
1
0
0
0
0
0
0
0
1
0
0
1
0
0
1
0
0
0
0
0
0
0
0
0
1
0
0
0
0
0
0
0
0
0
0
0
0
0
0
0
0
0
0
0
0
0
0
2
0
0
1
0
0
1
0
0
0
0
0
0
0
1
0
0
0
0
0
0
0
0
0
0
0
0
0
0
3
0
0
0
1
0
0
0
0
0
0
0
0
