0
0
0
0
0
0
0
0
0
0
0
0
0
0
0
0
0
0
0
0
0
0
0
0
0
0
0
0
0
0
0
0
0
0
0
0
0
0
0
0
0
0
0
0
0
0
0
0
0
0
0
0
0
0
0
0
0
0
0
0
0
0
0
0
0
0
0
0
0
1
0
1
3
0
2
7
2
3
2
3
9
7
17
31
126
365
961
2317
4943
9626
17200
27503
40941
54328
66538
72909
73736
65934
54681
41185
28044
17398
9850
5109
2385
971
345
127
46
17
1
3
0
1
0
1
1
1
0
0
0
0
2
0
0
0
1
0
0
0
0
4
60
46
52
46
45
51
49
36
38
48
37
51
50
54
43
38
36
37
34
37
47
42
42
31
47
40
30
36
38
40
45
42
38
27
38
39
35
40
31
28
30
43
26
36
34
30
41
32
36
47
41
27
33
31
30
30
32
53
40
36
48
50
46
42
46
53
58
42
61
83
107
121
122
159
152
141
161
164
147
115
105
75
72
86
72
56
55
52
48
37
45
34
47
31
40
45
37
41
54
39
44
52
58
53
50
76
55
76
87
77
101
112
84
101
114
115
118
144
121
140
150
155
197
195
265
372
671
1025
1747
2939
4741
6980
10225
13762
17608
21825
25144
27630
28483
28011
26564
23507
19846
15651
12196
8986
6581
4697
3209
2346
1656
1236
911
675
530
414
327
310
359
424
498
661
822
953
974
1087
1032
1006
914
774
667
488
377
304
237
160
136
100
100
80
77
73
62
46
33
37
30
22
15
16
10
9
12
10
9
11
10
11
8
6
13
7
8
4
8
5
6
6
9
11
2
4
8
12
5
7
10
7
9
11
9
12
9
10
11
11
8
18
11
22
20
19
17
32
26
18
25
22
17
24
23
9
16
15
18
29
25
26
20
19
16
20
25
19
12
16
17
15
14
16
17
19
14
9
15
18
8
9
7
9
13
6
10
4
7
10
5
6
3
11
7
4
4
6
7
4
3
5
3
8
4
2
6
6
5
3
5
7
7
9
7
3
6
11
6
19
11
16
7
21
25
23
26
18
23
18
23
11
11
12
12
7
11
10
7
3
6
13
10
13
9
13
9
13
17
10
6
12
12
10
7
11
7
4
9
3
8
5
4
2
3
7
8
7
3
2
9
6
7
8
3
5
3
7
5
12
9
5
9
4
4
5
1
7
6
5
8
6
4
5
6
3
6
3
5
5
4
7
4
6
5
4
4
11
5
5
4
5
6
10
6
8
8
3
7
5
1
5
5
6
5
7
5
9
4
4
5
4
8
5
10
12
12
5
13
11
10
7
4
5
5
5
6
4
5
4
3
9
6
6
3
2
14
9
5
5
8
11
6
5
6
9
9
8
10
4
8
10
5
8
6
5
9
6
3
12
6
8
15
9
6
8
3
8
10
10
12
10
5
10
5
5
10
8
6
11
10
9
9
4
10
13
6
14
8
6
9
16
10
5
7
10
9
6
10
8
9
13
10
9
10
11
10
12
9
15
10
9
13
10
21
10
18
10
15
9
9
17
14
12
17
20
23
22
16
26
18
14
21
19
24
22
19
23
14
17
20
20
18
21
25
15
19
29
32
15
19
21
23
20
21
23
21
19
19
16
18
22
26
14
17
21
20
15
24
17
14
25
12
21
18
13
27
14
15
22
21
22
21
18
16
22
22
34
22
14
26
14
25
22
31
20
28
30
25
28
23
23
18
34
28
24
21
35
22
32
21
16
24
24
20
22
22
35
26
30
18
37
23
38
24
31
29
27
39
28
31
34
38
24
38
32
31
28
41
29
24
38
28
43
28
38
37
27
35
42
46
41
39
36
39
28
47
50
36
42
34
39
47
41
42
40
49
51
49
41
49
46
51
47
57
60
43
59
49
54
54
51
68
52
62
75
60
64
93
72
73
91
76
81
110
98
127
107
133
140
118
155
150
139
141
152
130
137
145
138
148
120
118
115
108
97
124
85
97
82
91
87
73
85
93
84
67
69
84
69
102
101
76
76
92
81
87
81
89
83
75
65
76
77
77
100
83
80
77
68
83
90
86
66
75
89
92
73
86
78
73
76
69
81
73
68
75
80
69
72
71
72
60
68
61
80
70
67
82
80
68
77
76
69
81
69
83
74
80
81
93
90
62
79
72
73
74
77
79
69
83
82
75
75
80
75
75
72
72
58
57
78
90
67
79
74
57
67
77
58
76
85
80
79
79
74
64
73
81
63
80
88
89
78
81
81
88
84
62
102
72
90
86
77
82
78
90
83
91
95
108
95
89
95
86
75
77
93
93
102
108
111
151
169
194
208
249
312
397
509
562
727
795
972
1166
1257
1414
1597
1738
1874
1925
1998
2139
2084
1980
1964
1761
1672
1566
1359
1261
1039
866
710
623
517
456
364
275
235
228
170
156
136
121
137
102
110
94
106
106
104
98
117
110
90
120
104
131
126
104
114
93
126
120
131
118
104
101
133
133
119
108
109
113
122
121
101
124
108
113
106
114
95
114
118
120
111
100
118
119
126
126
112
148
131
108
120
107
113
103
127
131
128
131
151
120
143
147
185
171
176
211
226
242
268
251
290
286
321
366
324
366
363
349
393
371
336
342
356
299
266
258
243
226
200
206
182
175
188
170
149
140
136
127
150
138
164
139
139
122
131
147
121
125
157
134
128
145
144
125
158
137
165
149
152
145
146
129
144
139
129
159
155
186
162
168
150
151
159
158
162
180
168
183
151
184
166
155
196
162
169
157
147
171
173
201
178
185
181
189
174
182
195
179
174
217
164
176
170
187
209
181
188
204
198
206
192
202
205
194
184
244
203
218
217
233
215
235
227
264
245
234
277
233
234
237
248
275
239
224
208
253
260
282
272
280
270
264
246
254
286
266
270
279
283
260
282
248
285
293
292
270
269
244
271
251
260
283
289
256
291
254
264
233
243
251
227
246
248
240
248
250
213
242
262
223
234
232
219
193
196
211
208
215
197
204
207
201
176
197
209
202
186
189
170
191
186
188
168
166
182
166
161
152
131
162
184
171
157
174
171
152
148
155
121
135
153
180
152
172
160
170
178
170
150
168
167
189
158
160
170
143
172
172
179
184
186
155
141
192
161
166
173
191
153
186
183
200
159
181
194
175
167
189
179
184
194
194
197
219
188
221
210
230
222
190
227
224
186
240
208
220
202
207
223
212
219
203
201
200
190
208
207
224
220
203
201
195
210
225
207
240
209
173
224
204
210
208
187
194
201
252
235
202
218
204
189
221
192
189
195
204
189
181
211
198
223
173
182
198
211
186
198
186
177
174
177
177
187
185
188
165
182
183
177
160
162
160
189
185
164
180
159
206
169
169
177
175
164
182
181
163
173
213
182
173
187
179
170
167
165
175
188
188
173
167
175
179
177
153
169
161
187
177
171
165
173
210
166
168
182
174
165
205
193
179
169
193
198
185
181
182
204
168
180
171
179
169
194
150
163
181
184
154
192
180
192
187
172
209
182
188
186
191
169
204
168
182
208
181
183
199
190
157
199
181
187
192
181
207
188
196
179
190
188
206
194
177
191
187
183
204
193
164
177
182
206
186
179
176
204
205
211
190
191
222
194
169
192
188
217
214
218
174
190
203
188
209
244
198
205
203
194
193
209
244
218
202
217
203
213
204
195
223
218
212
199
201
203
207
229
216
205
214
212
211
241
262
214
219
191
227
230
193
223
206
214
236
188
222
215
200
221
249
208
219
228
223
214
237
224
227
241
211
191
232
210
203
223
221
207
210
202
186
212
237
230
208
193
187
238
201
193
217
192
226
213
192
190
201
205
208
192
232
191
211
183
206
180
206
186
198
199
196
204
186
166
199
195
195
177
165
187
176
181
180
181
188
189
180
182
173
214
192
170
182
187
193
160
212
190
166
187
158
197
182
199
191
181
159
182
199
177
180
204
198
187
178
197
202
200
206
185
185
158
197
196
198
180
167
177
181
189
213
193
219
174
188
201
188
214
209
195
185
185
196
202
213
194
179
197
211
175
218
203
181
166
188
180
207
186
188
188
184
195
171
191
189
217
216
169
199
181
179
181
222
204
163
208
176
194
189
185
187
186
196
211
192
208
181
186
191
182
211
213
201
176
176
191
205
179
225
185
183
181
197
174
199
191
189
187
175
199
206
194
187
180
182
200
174
198
195
192
212
173
229
176
223
190
205
219
199
178
184
205
189
210
205
200
214
184
201
215
193
219
177
207
198
200
175
206
184
193
202
196
190
213
208
246
197
200
209
190
222
202
194
206
219
216
251
204
212
206
209
220
228
228
231
201
217
231
238
243
214
233
230
223
235
251
246
190
246
227
260
259
236
248
251
262
229
291
249
268
287
252
259
262
296
277
279
271
257
271
325
287
298
301
320
297
332
281
299
315
303
329
290
340
317
364
328
374
329
324
367
391
427
386
433
398
424
468
415
418
502
476
468
491
494
539
557
554
602
567
606
602
661
645
668
683
752
741
743
722
789
797
794
873
840
935
852
979
965
988
1018
1033
971
1088
1070
1160
1150
1131
1111
1151
1178
1085
1115
1074
1119
1185
1130
1139
1176
1171
1159
1109
1051
1119
1086
1056
1029
1040
1018
1002
948
977
920
955
889
817
859
844
775
791
825
735
714
670
610
641
636
589
571
547
510
535
516
452
451
446
440
403
430
387
387
400
336
379
351
376
362
312
308
305
284
313
299
272
270
274
298
250
262
258
250
238
261
216
234
231
219
228
214
210
230
237
196
235
236
215
224
193
203
211
167
213
199
186
206
190
173
194
170
179
186
181
187
202
205
219
207
224
217
249
238
223
265
278
273
314
294
322
331
330
333
340
388
386
414
408
416
426
412
454
434
445
417
398
428
423
415
425
393
318
363
357
331
277
312
241
244
247
222
245
221
198
167
173
160
156
161
129
148
153
129
139
124
126
138
134
131
137
125
121
148
144
109
134
127
129
129
133
121
161
154
148
148
144
132
122
139
139
165
135
146
160
146
175
172
150
165
169
189
162
183
186
176
187
158
189
222
181
190
196
185
174
193
196
199
196
208
189
212
231
189
229
198
204
198
241
242
190
193
210
222
198
214
188
206
221
197
204
208
192
215
176
196
181
198
206
195
163
161
185
179
186
164
178
162
167
136
151
138
155
145
125
123
154
130
121
128
137
117
112
117
134
124
121
116
115
100
110
102
98
85
103
93
91
82
85
107
75
93
112
93
95
89
96
73
74
71
84
66
86
84
83
78
80
60
77
76
69
64
61
75
81
44
66
52
65
61
64
58
58
56
56
60
56
54
65
51
45
48
55
64
48
58
72
55
50
43
63
58
55
44
47
42
46
43
60
63
38
39
47
40
43
39
59
61
58
45
40
52
42
40
51
49
46
43
40
55
49
51
61
66
55
46
57
61
53
62
57
64
74
76
72
93
90
75
64
65
57
60
67
74
69
70
56
48
50
53
59
44
38
39
57
29
40
40
41
39
41
38
50
56
33
47
39
41
40
31
26
32
50
39
26
41
15
43
45
36
29
42
36
46
49
37
50
38
41
39
34
32
38
29
30
34
29
33
27
40
37
26
30
31
34
30
29
27
33
24
31
30
45
34
30
32
35
39
31
29
29
28
35
31
26
33
22
35
30
19
38
33
31
22
23
31
22
42
23
29
24
32
28
26
27
36
23
27
21
39
18
30
21
35
30
34
35
23
27
30
36
30
20
25
18
27
23
35
28
25
33
24
23
36
22
23
19
28
32
22
23
25
18
20
25
30
23
21
19
26
19
25
27
29
22
24
25
19
23
23
22
29
14
20
20
25
18
25
19
25
25
30
26
23
25
23
22
21
17
23
23
19
31
21
17
23
26
25
21
27
35
24
17
20
28
25
22
19
19
20
22
20
26
22
19
19
14
20
22
20
19
17
26
14
20
18
16
23
9
14
17
21
10
26
14
22
15
23
20
25
26
18
20
14
15
20
27
19
18
11
23
20
20
15
22
18
12
19
14
17
18
16
23
21
9
26
19
22
27
20
19
18
20
24
14
21
18
5
18
13
18
20
27
18
15
22
19
18
17
27
20
18
13
19
11
14
29
18
19
18
19
19
22
22
17
16
17
19
21
24
22
14
13
18
13
16
23
13
12
16
19
14
17
14
20
20
9
16
21
17
10
17
18
17
9
22
14
11
13
13
21
21
11
16
18
9
15
12
20
15
17
17
14
19
12
17
13
7
16
12
14
11
13
7
21
5
14
16
13
11
9
11
18
19
16
10
17
9
20
19
9
11
16
13
12
20
10
8
20
9
9
13
16
11
9
14
11
13
7
12
9
14
12
27
16
16
7
16
11
15
14
15
20
22
15
7
8
15
14
18
13
14
8
11
10
12
10
8
17
12
11
11
14
15
15
11
7
18
7
15
10
10
9
14
15
11
14
11
11
9
9
14
9
9
10
14
5
8
8
7
12
11
10
14
12
8
13
10
15
9
9
9
13
12
10
13
9
11
8
9
7
7
13
13
7
9
10
7
16
12
14
9
15
21
12
12
5
13
12
13
5
10
8
8
16
9
13
13
8
9
9
14
6
7
7
12
12
10
8
15
7
13
9
6
5
14
9
12
6
8
8
12
11
7
11
6
5
11
10
18
9
12
14
9
12
8
13
10
5
11
14
9
6
9
7
4
11
7
7
12
3
9
7
6
8
4
14
7
7
11
7
10
14
9
9
6
9
5
13
5
12
11
3
10
6
7
9
11
6
12
12
7
9
7
7
6
6
2
7
10
8
9
6
10
7
4
5
4
2
8
8
4
7
6
4
5
7
10
12
9
7
8
7
8
4
16
9
6
7
5
5
9
6
7
3
5
6
4
5
5
11
9
7
5
3
12
8
8
8
5
7
6
5
6
5
15
9
4
9
7
2
10
3
8
6
8
6
4
3
5
8
5
2
5
7
10
6
6
2
6
5
5
10
4
4
6
9
3
7
4
8
10
6
3
8
3
8
3
6
6
4
5
3
9
5
7
5
7
3
5
7
4
3
7
5
8
7
3
7
4
5
3
10
4
4
4
2
4
6
8
3
5
7
5
4
1
0
7
6
6
11
4
6
6
6
6
7
3
7
10
6
2
5
4
8
3
4
8
5
10
7
2
5
10
5
5
5
3
3
6
6
4
3
6
5
3
1
9
5
3
4
4
1
3
6
0
3
3
4
5
4
4
7
2
8
5
1
3
2
3
6
4
7
5
8
3
2
5
5
5
5
4
3
4
5
1
1
3
6
1
6
7
4
4
4
1
4
7
2
4
1
3
2
3
3
2
1
2
2
5
3
1
3
5
2
2
2
6
1
4
2
4
3
3
2
4
6
1
4
1
2
1
4
4
1
4
5
3
1
6
2
3
2
4
2
2
4
2
7
4
3
3
5
2
3
5
5
5
4
1
3
2
3
2
1
2
8
0
2
5
0
1
2
2
3
3
1
2
0
4
2
1
1
1
0
5
2
6
1
1
2
5
2
0
2
3
2
1
1
5
1
5
2
1
1
1
2
2
1
3
4
3
4
2
3
6
5
4
4
2
1
3
1
3
0
2
2
0
3
2
2
1
3
3
3
3
0
3
6
1
1
2
2
3
0
2
1
2
1
1
3
2
0
1
3
1
4
2
3
2
1
5
1
3
0
5
0
1
0
3
4
1
1
1
0
1
0
2
4
4
1
2
2
0
2
3
1
0
3
4
1
5
1
3
4
2
3
3
4
3
2
2
1
1
1
3
1
2
1
2
1
1
3
0
3
1
2
2
2
1
4
1
5
1
3
1
3
1
0
1
0
3
1
1
1
4
5
3
0
0
1
1
1
2
2
1
1
0
3
2
0
3
1
1
2
0
0
3
4
2
3
1
5
0
0
2
2
3
1
0
2
0
0
2
2
2
0
1
3
5
0
1
2
0
1
0
2
0
2
1
2
3
1
1
1
4
0
1
2
1
3
0
0
3
1
2
3
1
2
2
0
3
2
4
1
2
4
0
2
0
2
1
0
1
0
0
1
1
0
1
0
3
1
1
0
0
2
3
1
1
2
0
2
1
1
1
1
2
1
3
0
0
1
0
0
1
1
1
1
0
0
0
1
1
2
3
1
0
1
3
0
0
1
2
2
1
0
0
0
0
0
0
3
1
1
0
2
1
0
1
1
1
1
1
1
0
0
0
2
0
0
4
0
1
1
0
0
1
0
1
1
1
2
1
1
0
0
1
2
0
2
1
1
1
1
0
1
1
0
2
3
1
2
3
1
0
0
1
2
1
0
2
0
0
0
2
1
0
1
3
3
1
1
0
0
1
0
1
0
0
1
1
0
0
2
1
2
1
0
0
0
0
1
0
1
1
0
1
0
1
0
0
0
1
2
1
0
0
0
1
1
0
0
0
0
1
1
0
1
1
1
1
0
0
2
0
0
1
0
1
0
0
1
0
1
2
1
1
0
0
1
1
1
2
0
0
3
2
0
1
1
1
0
0
0
1
0
1
2
1
0
1
1
0
0
1
1
0
0
0
0
2
0
2
0
0
0
0
0
1
2
0
1
1
0
1
2
0
0
0
3
0
1
0
2
1
0
0
1
0
1
0
1
0
1
0
1
0
1
0
2
2
0
1
0
0
0
0
1
1
0
0
0
2
1
2
0
0
0
1
0
0
0
0
1
1
0
0
0
0
0
1
0
0
0
2
0
0
0
0
0
0
0
2
0
0
0
0
2
1
0
1
0
0
0
1
0
0
0
0
0
0
0
0
2
0
1
0
1
0
1
1
0
0
1
0
0
0
1
2
0
0
1
0
0
1
0
0
0
1
0
2
0
1
2
0
0
1
0
0
0
0
1
1
1
1
2
1
0
1
0
1
1
0
0
2
0
2
0
0
0
2
1
0
0
1
2
0
1
0
0
0
0
2
1
1
0
0
0
1
0
1
0
0
0
0
2
0
0
1
0
0
0
0
0
0
0
0
0
0
0
0
0
0
0
1
1
0
0
0
0
0
0
1
0
0
0
0
0
0
0
0
1
0
0
0
0
0
0
0
0
0
0
0
0
0
0
0
0
0
1
0
0
0
0
1
0
0
0
0
0
0
0
0
0
0
0
1
0
0
0
0
1
1
0
0
0
0
0
0
1
1
1
0
0
1
0
0
0
0
0
1
0
0
0
0
0
0
0
0
0
1
0
0
0
0
0
0
0
0
0
0
0
0
0
0
0
0
0
0
0
0
0
0
1
0
0
0
0
0
0
1
0
0
1
0
0
0
0
0
0
1
0
0
1
0
0
0
0
0
0
1
0
1
0
1
0
0
0
0
0
0
0
0
0
0
0
