0
0
0
0
0
0
0
0
0
0
0
0
0
0
0
0
0
0
0
0
0
0
0
0
0
0
0
0
0
0
0
0
0
0
0
0
0
0
0
0
0
0
0
0
0
0
0
0
0
0
0
0
0
0
0
0
0
0
0
0
0
0
0
0
0
0
0
0
0
0
1
0
2
2
2
4
2
2
4
6
3
3
15
41
126
368
938
2386
4932
9552
17092
28105
40819
54404
66022
73031
73122
66508
54799
41326
27865
17481
9708
5284
2393
992
383
118
49
15
4
2
1
1
1
2
0
1
0
1
0
0
1
0
0
0
1
0
0
0
0
3
49
52
41
43
50
43
44
47
48
43
47
46
61
43
36
49
35
35
47
40
48
46
48
41
47
38
41
46
49
41
39
37
39
46
37
32
40
36
42
34
36
31
40
34
40
31
28
36
40
41
41
39
38
38
41
26
36
36
41
51
46
49
46
44
58
39
54
69
57
80
93
112
138
152
167
155
168
165
150
117
125
97
87
60
75
47
49
40
52
39
44
48
40
38
53
50
37
51
46
40
50
46
44
54
41
59
73
75
70
71
73
70
89
77
110
121
118
121
131
133
142
142
164
195
266
420
618
1084
1734
2882
4638
6884
9882
13818
17716
21875
24931
27493
28368
28158
26446
23085
19379
15710
11993
8743
6433
4546
3336
2274
1675
1213
956
658
457
345
315
313
351
401
489
659
753
963
1011
1044
1020
983
880
811
628
547
367
287
237
189
158
94
95
81
77
70
63
66
37
30
26
21
18
12
14
9
7
10
10
9
7
10
5
7
7
7
7
7
9
7
5
8
9
9
3
11
7
14
6
9
6
8
4
12
10
9
4
10
11
8
15
16
25
16
22
20
17
27
25
17
30
23
18
21
18
16
17
19
19
21
17
33
17
14
22
22
15
23
16
16
21
16
18
9
19
19
11
8
16
13
15
13
16
9
4
2
9
8
4
5
4
3
6
8
9
9
1
8
3
10
7
6
8
4
5
9
5
10
6
4
10
3
6
5
4
9
9
12
18
14
16
20
15
17
18
15
21
13
29
20
19
12
19
21
11
11
6
10
9
11
9
6
10
5
12
12
11
9
12
7
14
11
9
11
7
13
5
5
2
6
4
7
5
7
6
1
9
3
4
7
9
9
4
5
7
2
5
4
2
9
8
6
4
5
7
1
8
8
8
5
5
2
4
0
4
11
1
6
4
6
6
6
4
3
4
4
5
8
2
4
2
3
4
6
8
3
7
6
9
5
5
6
4
6
6
8
6
6
3
3
6
6
8
7
8
8
6
11
3
6
9
6
4
1
8
8
6
5
8
4
11
8
5
7
5
13
5
9
8
5
6
10
3
7
6
8
5
7
7
4
7
3
8
3
8
6
6
5
7
11
9
9
9
4
7
10
8
13
11
12
6
7
5
14
14
12
10
10
14
4
7
13
8
5
8
13
13
8
11
7
8
6
9
7
12
12
9
8
10
10
7
6
13
12
16
7
12
9
9
16
10
12
13
14
11
10
8
6
13
14
17
10
15
17
17
29
11
14
26
16
19
25
21
21
23
20
15
18
24
18
27
21
20
23
19
20
20
12
30
24
19
28
15
20
22
26
24
15
17
20
19
14
13
21
21
19
21
17
17
18
13
14
17
16
17
22
16
26
19
18
16
23
16
14
17
23
18
21
19
16
24
20
21
22
25
21
25
22
19
15
26
21
15
19
23
31
19
19
26
24
24
26
17
28
34
30
23
24
22
24
31
43
24
27
33
31
27
30
32
34
26
18
35
39
33
25
25
34
30
23
44
34
34
31
32
30
26
33
45
41
41
32
36
31
36
37
26
49
33
33
33
42
50
34
53
49
42
50
50
56
41
44
57
50
57
49
40
55
54
53
48
65
54
73
63
59
60
67
69
74
87
88
92
86
88
101
112
122
121
111
142
143
144
160
129
145
150
144
120
141
157
108
123
114
112
105
81
109
90
94
89
92
89
91
86
92
91
63
79
69
76
79
93
80
76
93
72
75
82
80
82
84
71
85
90
82
77
104
91
90
65
79
83
77
82
88
71
68
80
89
73
75
73
96
84
64
66
92
87
71
75
71
67
68
67
65
67
75
89
72
79
77
67
75
74
74
58
74
66
77
72
64
80
72
83
63
71
72
64
78
75
62
80
61
75
91
72
79
79
64
70
57
79
66
67
70
86
71
68
70
85
74
73
69
86
88
86
75
79
62
80
76
68
88
78
87
79
61
86
76
77
92
74
79
64
93
67
86
88
74
95
74
87
56
105
74
103
111
91
99
111
105
139
161
171
233
266
327
383
473
609
680
834
953
1179
1255
1381
1558
1716
1762
1995
1932
2084
1983
2000
1858
1736
1609
1520
1418
1177
1034
850
795
580
492
401
337
262
226
179
186
166
136
113
120
106
120
103
120
105
108
119
101
115
100
111
103
115
118
118
107
113
122
100
124
100
126
114
114
122
111
105
112
102
104
126
109
102
123
101
108
106
119
122
120
120
87
108
115
102
124
100
108
115
125
121
97
108
117
105
120
103
113
125
136
126
147
165
149
202
176
173
186
210
222
294
262
307
314
335
347
345
363
364
335
357
358
347
340
315
277
289
274
218
246
213
188
175
161
168
147
139
123
140
144
129
117
150
135
135
160
133
152
135
133
115
150
139
160
134
158
136
148
144
126
136
147
137
147
130
147
139
152
143
143
147
147
148
161
154
158
164
182
156
154
147
139
147
193
169
147
179
199
180
155
172
166
185
178
185
191
181
190
195
188
183
193
171
170
186
188
183
210
172
193
213
205
194
202
216
200
208
195
218
240
217
254
210
211
246
250
239
235
239
257
278
237
253
234
238
246
245
261
261
255
283
259
273
262
281
287
262
290
291
252
287
258
278
294
251
276
271
273
292
247
234
276
266
259
268
259
271
245
271
246
264
232
243
284
231
242
257
222
241
226
239
233
208
227
241
221
218
211
202
205
180
200
180
189
171
171
178
184
162
169
161
170
174
159
169
140
137
177
183
174
162
146
166
178
148
150
172
140
138
145
159
165
149
137
138
148
142
159
181
149
156
151
157
173
158
144
135
143
171
140
148
167
163
150
179
168
196
198
188
176
176
171
156
174
175
212
214
178
160
192
200
205
212
235
177
184
199
203
202
221
214
188
207
204
203
203
207
205
211
200
232
194
218
212
229
219
206
213
199
205
195
184
180
210
211
197
206
199
199
234
223
222
224
210
198
222
198
211
185
203
220
191
206
188
185
185
182
171
192
202
187
158
204
175
181
175
178
179
185
195
194
170
163
180
179
188
175
199
214
192
163
189
174
169
165
160
164
149
168
192
172
167
158
154
170
182
160
150
184
163
173
158
175
177
158
178
151
148
151
176
173
167
174
157
168
170
181
178
160
146
164
175
160
181
178
186
162
160
164
171
170
173
197
180
184
154
181
175
197
171
167
197
182
185
175
196
164
166
167
176
175
171
175
176
188
172
165
193
168
193
183
177
206
165
180
173
179
198
167
184
186
192
175
185
163
191
188
202
166
195
187
207
195
181
193
173
186
158
213
194
192
181
176
193
192
212
190
186
200
207
202
185
191
189
170
205
185
218
190
198
189
180
221
228
211
184
209
222
186
197
222
191
219
174
193
241
196
207
210
230
204
211
205
215
212
211
209
188
225
236
178
220
238
203
220
217
207
215
204
198
221
213
209
231
187
223
231
198
197
212
215
180
211
215
242
238
166
216
211
208
185
204
191
216
214
210
204
211
195
224
208
204
216
192
227
169
206
201
185
177
203
206
189
186
196
188
188
197
202
202
199
200
198
173
197
182
180
204
207
170
169
206
207
179
177
187
202
178
181
193
163
180
197
183
185
179
170
162
212
207
190
186
177
197
188
150
184
205
183
176
203
181
177
192
178
179
196
183
201
178
178
176
184
181
217
198
179
192
193
177
202
185
177
194
194
196
192
187
203
164
200
170
184
185
181
201
181
213
188
188
171
187
219
182
184
197
185
196
204
178
212
196
176
207
191
174
173
193
177
174
197
171
182
179
209
185
203
212
181
209
176
212
204
212
202
186
195
200
178
208
185
194
184
195
182
181
181
166
201
152
156
192
174
217
197
208
176
187
200
179
182
203
182
195
171
183
174
190
189
187
203
187
196
188
186
193
207
189
198
182
190
185
196
198
198
187
175
200
199
170
200
179
185
199
180
189
199
189
231
216
189
217
210
212
202
185
202
176
201
170
217
201
196
193
197
215
177
203
245
172
205
191
178
211
200
211
186
203
235
193
207
222
228
203
234
204
231
208
237
215
215
220
238
234
244
245
223
239
243
248
244
283
254
244
227
227
265
246
220
272
278
260
271
288
250
277
280
281
278
298
285
296
287
322
290
299
280
310
308
315
326
319
322
332
374
351
359
338
354
372
394
369
390
377
401
446
393
412
460
456
482
478
497
514
502
552
552
591
578
574
610
686
676
638
699
742
756
765
795
794
880
880
854
924
940
976
891
983
1012
1043
1082
1071
1074
1090
1101
1042
1108
1131
1092
1096
1138
1154
1154
1130
1203
1110
1021
1094
1066
1125
1165
1066
1107
1053
990
1059
1020
991
929
941
946
890
904
848
810
789
812
761
719
664
713
686
665
614
627
576
591
536
508
526
445
457
445
433
431
441
403
411
409
377
377
348
342
333
324
316
302
316
289
322
262
296
288
286
254
267
263
258
237
261
287
217
212
249
244
240
245
224
216
231
182
214
217
218
230
212
207
190
215
202
185
182
157
186
189
176
161
192
167
188
196
184
206
180
205
215
206
242
246
257
227
253
276
298
335
299
330
312
366
351
392
332
377
388
415
415
407
428
442
435
439
417
369
427
430
358
379
363
318
346
316
302
270
276
259
253
233
239
184
187
172
152
159
133
149
157
148
119
142
123
124
150
121
114
126
140
136
124
116
120
150
125
92
128
111
138
143
126
135
142
149
163
124
151
129
140
140
130
150
139
145
152
182
153
149
136
172
180
176
174
153
184
189
172
173
175
182
210
195
177
185
213
188
211
203
195
198
210
194
231
214
206
213
210
178
237
221
233
216
208
188
192
199
238
181
195
206
198
182
204
204
182
179
189
204
202
180
145
170
161
160
184
164
153
154
149
164
147
145
151
134
113
152
139
104
129
109
121
144
117
112
89
131
117
123
79
97
97
89
92
95
101
76
90
80
101
90
77
86
91
88
78
94
90
80
72
68
72
72
74
74
71
75
77
79
59
66
67
63
69
51
72
67
71
43
64
71
53
63
52
50
58
49
57
44
49
52
57
63
44
60
52
48
58
54
55
39
46
58
49
56
47
41
50
44
44
56
46
51
65
38
49
49
39
39
52
51
40
51
55
48
48
60
46
46
42
69
52
61
42
52
47
56
42
64
67
77
78
74
69
60
53
64
76
49
58
79
62
69
52
53
64
58
62
56
58
58
51
48
52
41
45
44
29
53
42
42
34
38
34
34
51
39
40
42
34
44
32
39
44
43
39
33
43
31
30
30
35
35
45
49
39
31
40
46
41
47
52
19
35
36
32
32
36
29
31
35
33
27
34
27
35
20
26
32
28
35
36
32
28
30
44
31
29
32
34
26
43
35
20
28
23
29
24
33
29
20
33
32
41
25
22
26
18
28
27
34
29
37
36
25
26
30
31
27
23
35
22
27
29
22
30
30
26
24
16
23
20
22
19
35
36
30
25
29
28
31
33
18
24
26
24
16
23
22
32
30
25
21
21
23
24
29
27
23
21
23
26
21
22
25
19
25
25
23
22
18
21
21
31
27
16
27
24
26
18
29
20
26
26
19
30
23
28
22
32
24
34
16
22
24
23
26
18
26
19
11
18
25
24
29
13
16
18
19
25
14
24
14
12
24
18
17
24
17
18
13
17
22
15
18
26
24
14
25
27
18
31
22
16
25
23
22
13
26
22
25
34
31
19
19
16
19
22
19
13
13
18
16
22
24
23
24
17
25
24
20
17
14
17
19
17
21
15
17
16
15
19
23
24
23
22
18
26
16
19
19
22
17
16
21
17
19
22
17
20
20
21
19
20
15
19
14
19
23
25
17
14
20
21
25
22
18
12
16
16
11
19
17
16
19
10
8
13
18
21
27
12
12
13
14
16
13
17
20
17
17
17
19
21
23
19
7
16
18
12
17
18
15
17
11
11
14
15
10
24
12
15
18
10
7
15
14
15
15
11
19
16
9
17
15
20
15
13
20
13
15
16
7
8
20
15
12
10
13
15
13
9
13
13
13
15
12
12
12
24
7
13
11
11
7
10
11
8
12
16
16
12
14
11
15
9
9
13
16
15
18
12
11
9
7
7
20
11
11
13
15
17
7
16
13
15
18
12
14
5
11
9
15
6
9
14
11
11
9
10
14
15
13
11
6
14
16
11
12
13
13
9
9
16
11
9
13
7
11
11
13
7
8
5
6
13
12
13
10
9
11
14
12
9
10
10
5
14
9
9
9
9
10
7
7
14
12
1
8
10
6
11
12
9
12
13
6
2
15
10
4
12
11
6
7
13
4
8
9
10
9
10
10
9
7
5
5
11
8
5
8
8
7
8
6
13
18
12
13
8
5
4
12
9
8
14
12
8
10
6
6
7
9
7
5
9
11
7
13
7
8
7
10
13
11
8
10
13
8
11
5
10
17
7
3
7
8
5
3
9
9
6
6
10
12
4
10
9
13
13
8
10
11
5
9
8
5
7
12
4
3
6
7
9
10
5
10
5
11
6
7
8
6
9
8
7
7
4
6
7
10
9
12
8
8
7
8
6
4
10
4
4
5
11
8
11
7
8
8
4
7
9
7
8
4
5
9
3
8
8
7
3
11
6
13
5
5
6
12
3
6
6
4
6
9
7
9
3
6
4
4
2
7
7
5
6
8
4
5
3
11
4
9
8
4
4
6
6
5
6
6
9
6
1
7
7
8
3
5
3
7
7
6
7
2
9
6
4
5
5
6
9
5
6
5
2
8
6
8
6
6
10
4
4
3
5
4
1
7
5
10
5
8
4
3
6
4
5
7
4
4
3
2
3
7
3
3
3
5
4
5
5
5
3
2
8
7
5
10
4
6
7
1
4
4
4
5
2
1
3
5
2
3
1
7
4
4
11
4
7
3
5
6
2
7
4
3
2
4
6
6
7
2
3
4
6
2
2
6
7
5
4
4
4
5
4
10
3
10
4
4
9
6
4
1
7
5
3
2
3
5
2
4
3
2
2
3
2
3
3
4
4
5
2
4
5
6
5
2
6
2
5
5
2
2
1
6
0
6
1
5
6
3
2
1
4
6
2
5
2
2
3
3
8
4
3
5
1
3
9
2
3
4
5
3
4
4
1
5
3
2
5
4
4
3
3
3
1
4
4
5
5
6
6
5
3
4
1
2
6
2
5
1
1
5
4
6
4
2
2
5
4
4
6
3
5
1
7
2
0
3
5
2
2
3
4
3
2
1
1
2
4
2
8
2
3
2
3
4
3
1
4
1
1
5
4
3
2
3
3
1
4
3
4
2
1
4
5
2
3
0
2
1
4
4
8
0
4
1
3
2
3
4
2
2
1
3
3
0
3
1
2
1
0
1
3
5
2
4
3
2
2
0
1
2
3
2
2
2
2
4
0
3
3
1
2
6
3
3
1
1
4
2
2
0
1
2
1
4
2
0
0
2
2
0
3
1
2
3
0
3
3
2
2
1
3
1
1
3
3
1
0
4
1
1
2
1
3
1
1
3
3
3
0
1
4
2
1
4
2
1
0
2
5
2
1
2
0
2
1
1
0
0
3
4
1
1
1
1
2
3
0
4
2
3
2
0
2
1
3
6
2
5
0
1
1
1
0
0
1
1
1
2
2
1
1
1
2
2
2
3
1
1
1
0
1
1
0
3
1
1
2
2
1
1
2
1
1
5
3
1
0
0
3
2
1
1
3
3
1
0
3
2
0
0
1
4
0
1
2
2
2
1
1
0
2
0
1
1
2
4
0
1
1
1
1
2
1
4
1
2
3
2
2
3
1
1
1
1
1
2
1
5
0
3
1
0
2
1
2
0
1
2
0
1
1
1
2
1
3
0
0
0
0
2
1
1
1
1
0
0
1
3
2
0
0
3
1
2
1
0
1
0
0
2
3
3
1
1
2
1
0
0
2
1
1
0
2
1
0
1
2
1
2
0
1
2
1
1
0
0
0
1
0
0
3
0
1
0
1
4
0
1
1
0
1
0
0
2
0
1
1
0
0
1
1
0
1
0
0
2
3
0
0
1
1
0
0
0
0
1
1
0
0
2
1
1
1
0
0
0
0
1
1
1
1
1
1
2
1
1
1
0
1
0
0
0
0
1
1
0
1
0
0
0
0
0
0
1
0
0
0
3
2
0
0
0
0
2
1
0
0
0
1
1
0
0
0
0
0
0
0
2
1
0
0
1
0
0
0
0
2
1
0
0
1
0
0
0
0
0
0
1
0
0
0
1
0
0
0
0
0
0
0
2
1
0
2
1
0
0
1
1
0
1
1
1
1
1
1
1
1
1
0
1
0
1
0
0
0
1
0
1
1
1
0
0
0
0
1
0
0
1
1
0
0
0
0
0
0
0
0
1
0
2
0
0
0
0
1
1
1
0
0
1
1
1
0
1
0
1
0
0
2
2
3
0
2
1
1
1
0
0
2
0
0
0
0
0
0
0
0
0
0
0
1
3
0
1
0
2
1
0
1
0
0
0
0
0
0
0
1
0
0
0
0
0
1
0
0
0
0
0
0
0
0
1
0
0
0
0
0
0
0
0
0
0
0
2
0
0
0
0
0
0
1
0
1
0
0
0
0
0
0
1
1
0
0
0
0
1
0
0
0
0
1
0
0
0
1
2
0
0
1
0
0
0
1
0
0
0
0
0
1
0
1
0
1
0
1
0
2
0
1
0
1
0
2
0
0
0
0
0
0
0
1
0
0
1
0
0
0
0
0
0
1
0
0
0
0
0
0
0
1
0
0
0
0
0
1
0
0
0
0
0
0
0
0
0
1
0
0
0
1
2
0
0
0
0
0
0
0
0
0
0
1
0
0
0
0
0
0
0
0
0
1
0
1
0
0
0
1
0
0
0
2
0
0
0
1
0
0
0
0
0
0
0
0
0
0
1
0
0
0
0
1
1
1
0
1
0
0
0
0
0
0
0
0
0
0
0
0
1
0
0
0
0
0
0
0
0
0
0
0
0
0
0
1
0
1
0
0
0
0
0
0
0
0
0
0
0
0
0
0
0
1
0
1
0
0
0
0
0
0
1
0
0
0
0
0
0
0
1
0
1
0
