0
0
0
0
0
0
0
0
0
0
0
0
0
0
0
0
0
0
0
0
0
0
0
0
0
0
0
0
0
0
0
0
0
0
0
0
0
0
0
0
0
0
0
0
0
0
0
0
0
0
0
0
0
0
0
0
0
0
0
0
0
0
0
0
0
0
1
3
2
1
2
3
6
2
1
5
2
1
2
0
3
6
12
38
121
357
956
2163
4817
9563
17057
27546
40688
54723
66431
72895
73101
66776
55384
41067
28108
17490
9731
4897
2353
1014
361
137
48
17
4
1
0
2
2
2
1
1
0
0
1
1
2
2
2
0
0
1
0
2
0
3
60
48
51
45
42
43
43
42
46
40
49
46
45
34
39
38
36
31
40
34
38
38
60
43
29
27
37
54
52
49
44
28
35
36
37
40
45
38
41
38
44
40
31
42
37
35
37
42
32
43
36
35
46
33
36
44
38
37
42
50
36
42
41
42
49
49
61
65
70
103
103
123
137
153
165
181
166
152
129
125
96
97
79
72
62
64
63
51
48
39
47
41
38
48
40
50
40
44
55
46
55
56
70
50
70
73
60
92
80
83
99
94
108
108
103
162
143
143
143
190
173
192
224
287
374
490
825
1218
1972
3235
4846
7161
10398
14530
18437
22517
26376
28921
29962
29736
27498
24370
20489
16432
12756
9512
6856
4904
3512
2469
1798
1372
994
769
576
445
387
379
398
468
556
671
787
914
1004
1014
1083
1003
923
799
630
505
408
291
223
163
127
90
98
84
72
52
54
42
34
32
24
19
15
16
7
11
4
8
8
7
11
8
4
6
5
4
6
9
20
9
8
6
4
7
11
7
12
8
15
7
8
6
7
14
11
5
10
12
12
18
10
15
24
17
29
31
21
36
16
25
23
26
11
22
16
29
20
18
25
16
16
14
25
24
24
24
20
23
17
15
17
19
22
27
27
27
14
17
18
11
10
10
13
12
8
3
6
2
5
4
6
8
7
5
10
3
10
7
5
5
4
7
7
3
8
7
4
7
2
6
5
3
6
7
7
7
9
6
13
16
21
11
23
21
22
27
25
22
21
31
17
17
14
12
8
11
5
4
8
9
7
11
12
8
6
12
5
12
12
9
12
3
12
5
8
8
11
4
9
11
7
6
4
6
4
3
7
7
10
3
13
4
10
10
6
9
8
6
6
7
5
3
3
3
7
4
8
6
8
4
3
4
6
4
5
2
9
4
7
3
8
6
4
9
3
6
4
4
5
0
4
4
9
5
9
1
6
2
9
7
10
7
7
6
8
6
8
6
6
8
5
9
9
5
9
7
7
10
8
9
6
3
6
7
8
6
7
8
10
5
10
8
11
8
2
4
10
11
8
9
9
6
6
9
8
4
6
7
8
6
2
7
10
7
8
7
7
6
5
4
10
7
12
13
5
7
9
8
5
6
15
12
13
4
6
6
14
19
9
16
11
9
10
7
9
15
9
7
11
11
9
11
8
12
16
4
8
5
14
15
10
9
13
7
17
16
13
18
15
9
5
9
12
9
14
6
16
24
14
12
18
13
19
10
19
15
19
17
17
16
17
15
11
11
14
9
13
22
26
17
20
14
15
17
14
18
18
25
21
19
15
17
13
16
19
18
18
22
18
24
28
15
19
16
28
18
22
11
18
12
20
14
25
25
20
24
15
21
15
30
27
26
20
19
14
16
18
21
20
28
25
30
29
23
24
22
23
25
36
24
28
13
30
22
30
21
29
33
26
22
31
29
27
26
26
23
29
25
26
34
29
32
28
37
42
25
27
34
40
29
36
29
28
43
38
38
32
35
35
28
26
35
43
49
32
45
38
44
36
35
36
40
32
46
54
47
53
50
43
42
55
48
59
49
37
46
54
61
61
49
52
68
59
48
45
63
56
65
63
69
67
54
66
64
74
73
66
56
75
74
68
78
60
79
68
80
79
82
69
82
103
80
74
68
81
94
103
83
98
91
99
93
101
95
74
89
85
95
87
97
104
81
91
78
74
71
83
96
70
76
87
90
92
83
63
76
79
72
62
66
66
68
75
72
67
86
69
81
80
80
68
84
80
59
71
66
60
63
73
74
57
75
63
78
73
77
72
69
73
66
86
72
65
77
69
78
54
73
70
70
75
60
81
77
86
53
76
71
73
86
70
69
84
72
67
71
73
49
64
77
70
72
74
58
78
81
69
74
72
68
69
62
60
66
72
81
66
80
85
79
74
69
54
66
84
82
69
61
71
91
84
76
69
67
86
77
76
70
64
88
88
72
69
76
83
69
81
59
84
68
92
87
89
84
88
96
84
98
104
109
89
97
145
135
193
185
271
294
353
422
568
696
812
912
1113
1349
1427
1598
1778
1825
2019
2085
2101
2119
2063
1996
1889
1681
1600
1455
1233
1093
877
778
654
534
421
335
249
234
201
163
159
124
125
133
107
112
124
120
97
95
89
91
89
90
82
111
102
93
92
93
105
109
104
95
106
94
117
84
94
98
106
102
107
96
101
107
116
110
116
100
79
114
118
99
119
109
123
106
108
106
113
123
114
107
112
123
106
116
97
131
128
111
105
122
122
150
135
139
155
161
182
208
247
231
267
296
322
310
353
373
366
347
348
400
372
364
316
353
310
322
305
271
227
231
213
202
184
172
175
164
143
162
132
164
152
139
134
162
145
156
151
133
175
143
141
156
154
150
148
170
172
166
149
158
132
163
174
150
173
181
152
164
169
198
152
164
177
164
181
176
189
180
172
177
176
176
177
164
219
199
198
208
209
204
226
214
200
241
204
231
224
228
246
242
229
224
215
214
239
238
240
237
234
251
228
245
251
241
246
287
257
242
230
262
275
263
256
262
258
247
262
265
256
306
263
252
252
230
269
273
230
234
245
248
216
221
238
208
232
201
217
203
211
204
207
169
181
211
180
169
188
182
162
189
172
179
150
175
165
169
199
161
146
155
141
192
173
170
165
156
159
173
145
164
143
135
142
129
140
181
137
146
128
138
141
144
156
157
163
142
155
158
152
147
142
148
152
165
159
153
158
148
158
154
156
160
142
142
155
137
136
139
179
154
149
165
155
130
150
149
154
154
146
146
159
146
151
141
158
140
142
155
157
169
133
143
137
180
145
139
157
141
162
161
162
146
169
153
155
174
165
157
159
155
166
160
161
145
171
156
169
163
153
144
166
160
156
161
150
176
150
146
148
178
148
136
175
150
157
149
156
160
157
166
161
180
170
166
166
173
162
181
153
159
168
179
175
176
179
176
163
172
163
190
172
175
200
185
171
186
193
203
196
188
186
186
189
164
201
197
211
182
195
187
199
193
200
178
189
188
210
181
198
192
211
183
188
209
207
193
180
176
191
185
180
185
188
194
195
199
174
206
185
201
198
147
199
191
191
184
160
183
171
181
188
192
196
156
195
175
180
183
185
163
181
197
182
199
188
191
207
211
203
185
189
203
187
189
200
184
210
194
184
200
169
212
223
230
202
185
225
181
173
191
216
227
168
211
180
209
209
244
200
189
219
218
206
216
232
231
221
225
212
233
233
234
221
252
232
249
222
217
233
209
262
229
226
217
253
240
253
244
242
245
241
245
252
254
238
232
255
250
258
257
231
250
253
235
226
259
258
253
244
257
228
205
247
237
253
259
246
228
219
209
222
207
230
224
230
229
237
235
199
227
236
204
207
207
227
229
210
187
210
211
221
225
206
221
217
220
207
227
231
178
178
212
195
217
223
214
210
220
176
225
194
182
165
197
197
181
186
217
206
180
203
230
210
232
187
228
195
201
209
167
176
164
182
186
178
184
198
212
197
190
198
174
196
193
192
176
176
182
187
193
195
196
206
202
184
188
214
188
194
184
188
186
205
211
182
183
196
185
193
208
195
200
188
162
193
198
186
185
205
199
203
203
188
198
170
195
213
198
180
171
191
177
193
182
178
195
195
187
156
191
178
178
206
229
201
192
176
192
182
185
178
182
182
196
164
169
196
184
187
205
215
178
179
184
168
175
185
199
194
193
223
171
222
214
174
185
179
178
193
192
171
190
182
198
167
196
185
199
222
214
177
203
217
191
209
184
198
178
241
197
174
173
188
200
180
207
199
198
184
232
226
190
181
208
188
212
226
235
180
206
185
217
189
188
192
193
186
200
213
219
194
193
172
203
215
212
216
206
183
202
226
209
193
191
211
178
185
213
200
185
198
228
189
231
214
200
211
178
189
212
204
186
215
221
202
214
183
207
212
222
181
183
210
187
241
208
216
228
201
214
226
215
203
238
223
195
197
241
257
226
254
235
215
193
210
222
204
245
231
229
236
229
224
220
227
250
263
237
247
252
246
262
262
243
245
268
265
259
278
266
265
278
246
253
274
267
280
290
266
268
323
286
294
327
286
292
298
294
284
313
297
311
329
325
320
321
315
316
302
331
330
347
339
357
349
377
337
351
379
404
366
367
427
400
416
418
431
446
456
525
471
523
522
540
546
555
622
585
623
580
669
676
713
682
730
757
754
808
817
826
866
886
918
900
959
972
984
983
1028
1079
1015
1038
1144
1089
1105
1106
1110
1221
1143
1192
1193
1182
1194
1215
1170
1177
1172
1156
1133
1102
1135
1153
1090
1097
1090
1070
1039
1000
957
1017
942
901
917
896
823
780
829
754
801
721
664
674
671
625
616
599
571
585
531
507
526
495
469
453
405
424
394
407
394
384
393
356
358
354
319
323
322
307
324
317
316
256
282
287
272
272
275
270
265
257
249
239
257
240
231
221
224
238
219
204
244
201
221
188
210
209
218
196
196
190
204
169
173
184
154
182
205
199
178
174
207
182
218
217
198
211
211
209
228
250
245
240
243
289
303
243
294
346
323
352
331
349
347
368
338
368
374
395
406
414
370
355
395
353
341
377
357
322
314
276
298
287
293
270
233
203
227
207
178
163
169
139
148
143
152
156
142
145
117
139
130
142
121
164
139
118
126
147
136
120
137
137
116
144
146
142
146
119
143
132
135
158
145
146
140
142
147
154
156
156
143
186
152
162
140
173
168
215
165
149
183
190
184
191
163
213
196
217
218
187
222
205
214
199
201
207
203
217
201
220
199
209
236
206
216
243
195
250
186
201
221
208
203
209
213
235
216
194
206
192
177
209
197
215
169
189
169
183
192
202
156
192
162
160
163
154
136
133
153
132
149
142
140
125
155
129
143
125
108
114
103
118
118
112
114
97
118
103
103
99
111
96
104
91
83
82
73
77
97
92
96
79
65
95
78
78
69
57
77
76
80
58
62
91
59
71
60
82
59
58
73
71
64
60
62
48
69
73
61
69
59
54
52
65
61
38
61
47
52
55
51
53
54
47
54
55
47
49
58
50
52
64
53
43
37
59
52
62
51
50
45
51
58
51
64
39
63
58
45
36
40
41
52
34
49
47
58
56
47
47
57
57
60
72
60
56
74
78
85
71
70
76
68
62
65
69
66
68
61
66
64
46
44
56
38
51
49
51
58
54
53
48
37
52
42
44
49
36
42
38
46
43
32
44
41
38
32
36
39
45
45
34
47
41
36
36
36
41
49
41
45
37
43
36
41
31
46
35
43
34
29
29
32
39
37
23
28
30
35
25
19
35
23
36
29
27
30
42
33
27
30
25
23
32
28
29
44
31
29
32
31
20
29
30
26
34
20
33
32
30
27
23
29
29
21
31
26
26
36
29
31
27
26
24
27
32
24
28
26
22
23
22
22
20
37
30
18
25
37
22
31
35
24
25
24
28
21
22
28
22
30
27
32
24
33
26
24
20
26
24
27
21
19
16
24
25
13
32
31
27
25
24
27
24
24
22
26
15
25
27
21
27
22
26
32
23
25
30
19
15
23
21
24
22
25
27
19
35
25
20
16
27
16
26
25
15
17
22
15
23
25
24
18
20
17
24
11
20
24
20
22
16
21
24
25
12
26
23
25
21
18
20
24
24
21
21
26
22
23
21
21
22
23
17
18
22
17
18
13
22
26
18
22
22
17
19
18
14
18
15
22
15
24
23
24
17
18
13
23
22
22
12
18
17
14
18
21
22
19
18
20
11
14
24
16
14
19
18
26
16
21
14
10
16
18
23
12
17
15
23
20
16
20
22
17
19
14
21
13
10
27
16
15
25
22
12
20
23
14
17
12
21
10
20
16
23
20
19
10
16
19
22
9
20
8
13
27
16
24
22
14
16
15
16
14
16
13
21
21
9
19
18
7
15
13
16
14
14
12
20
7
20
10
15
10
10
18
11
13
22
16
9
19
13
18
16
18
17
18
16
17
12
12
13
13
9
17
9
13
12
13
15
13
20
11
13
14
18
21
18
13
8
16
11
10
10
14
15
14
17
13
11
9
14
17
16
26
8
13
9
11
14
12
9
11
12
20
4
23
12
15
6
14
12
7
10
19
4
11
13
13
6
8
10
13
13
13
11
6
9
17
9
9
14
16
18
10
15
21
11
15
9
9
12
13
14
18
15
10
18
16
14
8
15
10
7
9
9
10
10
14
11
5
11
14
6
11
9
10
9
20
15
10
17
11
7
12
8
9
10
8
4
9
9
9
9
11
10
9
7
6
4
10
13
11
15
6
4
7
14
5
7
9
8
11
13
11
9
7
10
8
6
15
10
12
7
5
5
8
10
7
7
8
12
9
9
7
6
7
11
16
7
12
10
9
10
10
5
5
9
12
8
7
16
8
5
9
10
5
8
8
6
11
10
10
4
20
7
8
8
11
5
7
8
4
6
3
7
6
5
10
4
4
6
3
10
5
13
6
4
9
5
10
6
4
8
6
10
5
1
12
6
10
6
3
4
4
8
8
6
5
5
7
8
8
3
8
6
1
5
5
4
9
4
6
6
11
7
10
9
3
4
5
5
5
1
7
14
3
6
5
9
12
2
7
4
10
8
3
5
7
4
9
2
9
4
9
4
7
7
5
10
3
7
6
6
3
6
2
6
2
6
4
9
11
7
5
9
5
9
2
3
8
5
6
5
7
4
5
5
5
4
7
5
6
6
0
6
9
4
4
4
2
5
7
4
4
6
6
10
7
5
6
4
2
5
8
9
6
3
4
6
3
8
5
4
3
4
5
9
4
5
5
5
2
5
11
3
5
7
5
7
5
7
6
3
2
6
6
6
3
3
6
2
6
2
1
2
9
1
5
4
4
5
10
5
3
4
1
4
5
2
5
3
1
2
3
3
6
4
9
4
9
4
3
4
8
3
5
9
4
6
5
6
7
6
4
2
0
3
6
4
7
2
4
5
4
3
4
1
2
2
7
4
4
6
1
3
6
5
5
8
6
5
2
2
3
5
2
3
6
2
4
2
5
3
3
3
4
2
4
2
3
2
7
2
5
2
0
1
2
6
3
3
4
2
2
2
2
2
5
4
2
4
2
4
7
4
5
1
4
4
1
1
2
4
4
1
6
3
3
3
3
3
1
5
4
3
4
5
4
4
2
3
1
3
0
4
0
1
2
2
6
1
2
3
3
4
3
1
4
1
5
0
5
5
6
3
5
3
3
5
5
2
7
1
1
1
2
6
3
0
2
1
3
2
3
2
5
2
3
2
4
2
0
2
2
5
2
1
2
1
3
7
2
1
3
2
1
3
3
0
3
2
2
0
3
1
0
1
2
4
3
5
5
1
1
2
3
0
2
2
4
1
3
2
3
4
3
1
2
4
2
2
1
1
0
3
3
1
2
0
0
0
2
4
1
2
2
2
1
1
1
3
4
0
2
4
2
2
2
3
1
3
2
0
1
2
0
1
0
2
0
3
2
0
0
2
2
4
1
2
1
1
3
3
1
0
1
2
0
0
2
1
1
0
3
1
1
2
2
1
3
0
2
2
2
1
2
1
1
2
0
1
1
0
2
2
0
3
0
2
2
1
3
1
2
0
1
1
1
1
3
1
1
0
0
0
0
2
3
1
1
0
1
1
1
0
0
0
0
2
2
2
2
0
1
0
0
3
1
0
2
0
1
3
0
3
1
0
2
0
3
1
1
1
3
2
0
0
0
2
2
1
2
1
2
0
0
2
3
1
0
1
1
3
0
5
0
1
0
1
2
1
1
0
1
1
1
3
0
2
0
0
0
1
2
2
0
1
2
0
3
0
1
1
0
0
1
2
0
1
1
1
1
2
2
2
2
1
0
0
3
3
0
0
1
1
2
0
2
0
1
1
1
1
1
2
2
3
1
0
2
1
1
1
0
0
0
2
2
1
0
1
2
1
0
0
0
0
0
2
1
2
1
1
2
0
2
0
1
0
1
0
0
1
2
1
1
0
1
0
1
2
0
0
0
2
1
1
0
1
0
0
1
0
1
0
0
1
0
2
1
0
1
0
0
3
0
1
0
1
0
0
1
1
0
1
0
4
0
1
0
1
2
0
0
2
1
0
0
0
1
1
0
0
0
1
1
1
0
0
0
1
1
1
1
0
1
0
0
0
0
0
1
0
0
0
0
0
1
0
1
0
1
0
0
0
2
0
1
1
0
0
0
0
0
0
1
1
1
1
1
1
1
0
0
0
0
1
1
0
0
0
0
0
1
0
2
1
1
1
1
0
0
0
0
2
1
1
0
1
1
1
1
0
0
1
0
0
3
1
0
1
0
0
2
0
0
0
0
0
3
0
0
0
0
2
0
0
0
0
0
0
1
0
0
0
1
0
1
0
0
1
2
0
0
1
0
0
0
0
0
1
0
0
1
0
0
1
0
0
0
0
0
0
0
1
0
0
0
1
0
0
0
1
0
1
0
0
0
0
1
2
1
0
0
1
1
0
0
0
0
0
0
0
0
0
1
0
1
2
0
0
1
0
0
0
0
0
1
0
0
1
0
0
0
1
2
1
0
0
0
0
1
0
0
0
0
1
0
1
0
0
1
0
1
0
0
0
1
1
0
1
0
0
2
0
1
1
0
1
0
0
0
1
0
0
0
1
0
0
1
0
0
0
0
0
1
1
0
0
0
1
0
0
0
1
1
0
0
1
0
1
0
0
0
0
1
0
1
0
0
1
0
1
0
0
0
2
0
0
0
0
1
0
0
0
0
0
0
0
0
0
0
0
0
0
0
0
0
0
1
0
0
1
1
0
0
0
0
0
0
0
0
0
0
0
0
0
0
1
0
0
1
0
0
0
0
1
0
0
0
2
1
0
0
0
0
0
0
0
0
0
0
0
0
0
0
0
0
0
1
0
0
0
1
0
0
0
0
0
0
0
0
0
0
1
0
0
0
2
0
0
0
0
0
0
1
0
0
0
0
0
0
0
0
0
0
0
1
0
0
0
0
0
0
0
0
0
0
0
0
0
0
0
1
0
0
1
1
0
0
0
0
0
0
0
0
2
1
0
