0
0
0
0
0
0
0
0
0
0
0
0
0
0
0
0
0
0
0
0
0
0
0
0
0
0
0
0
0
0
0
0
0
0
0
0
0
0
0
0
0
0
0
0
0
0
0
0
0
0
0
0
0
0
0
0
0
0
0
0
0
0
0
1
1
0
0
1
1
0
0
0
2
1
0
2
1
0
1
5
2
4
18
50
123
361
946
2162
4844
9563
16896
27582
40885
54458
66056
73246
72912
66675
54941
41662
28330
17417
9895
5066
2390
955
375
127
56
13
4
1
3
2
4
1
1
1
4
0
0
0
0
0
0
0
1
1
0
0
0
5
44
44
40
40
40
44
45
32
44
35
40
41
34
36
43
24
41
41
45
32
46
35
49
44
35
32
45
30
44
37
48
29
34
26
36
43
49
34
40
24
41
38
41
45
34
36
42
27
27
26
31
47
37
37
50
33
48
31
48
37
41
40
39
47
44
40
65
52
71
83
119
131
128
159
170
180
145
149
143
101
94
88
64
68
73
39
50
58
55
37
52
46
49
46
38
48
48
58
37
54
49
53
41
49
63
58
66
65
69
73
88
87
115
104
115
118
113
146
148
132
188
175
207
264
323
526
745
1206
2012
3152
4853
7310
10333
13879
18297
22375
25926
28515
29195
28769
27052
24373
20213
16162
12509
9271
6744
4721
3307
2457
1750
1311
1013
737
650
478
408
350
391
456
496
657
834
882
1046
1014
1028
980
897
777
653
462
404
302
199
159
132
88
121
90
73
55
64
40
31
28
25
19
8
9
7
8
10
3
7
10
10
5
6
8
9
6
13
10
9
12
8
8
7
5
10
5
9
5
5
8
9
11
6
10
5
11
6
9
15
9
19
18
18
25
24
28
30
25
31
19
22
18
23
19
17
18
16
14
29
19
16
23
19
20
22
35
21
16
11
17
24
16
14
17
20
18
22
10
16
13
14
10
9
13
6
5
4
2
6
7
2
9
4
5
7
12
6
6
6
8
3
1
5
7
4
9
10
7
10
6
7
3
11
7
11
2
8
10
15
12
18
8
18
19
23
25
24
22
18
17
22
12
13
17
11
10
9
9
8
7
11
10
16
9
15
5
15
14
13
19
14
10
14
4
5
12
7
9
10
8
5
5
7
9
6
6
5
5
8
10
4
2
6
6
5
6
4
7
11
4
4
6
7
6
9
4
4
4
1
8
6
6
6
10
1
4
5
8
2
7
6
2
5
6
5
6
1
5
1
2
7
5
5
4
8
5
5
3
7
12
5
6
5
6
10
11
3
5
6
4
7
2
5
3
9
10
4
5
11
5
7
5
6
3
8
6
5
13
7
6
5
4
7
11
8
5
6
3
5
12
7
9
7
6
7
10
11
5
5
10
13
7
11
12
7
4
12
5
4
5
9
7
11
8
9
7
10
6
12
11
9
3
7
4
3
10
4
5
9
8
15
4
8
8
8
12
11
7
10
7
10
9
7
15
7
6
8
7
13
17
14
12
7
6
10
14
12
12
16
8
9
19
10
17
20
11
12
13
21
12
14
17
8
5
12
16
21
15
11
13
14
9
16
15
13
13
20
16
14
13
14
15
15
16
17
19
14
20
18
21
13
17
17
17
15
16
24
19
22
18
14
22
11
19
13
26
15
22
12
17
17
22
21
18
18
30
16
27
18
23
18
18
19
16
20
20
21
24
12
28
25
27
26
33
26
23
33
31
24
27
24
24
23
31
24
27
30
31
21
29
28
24
27
27
24
26
20
32
26
32
31
26
31
31
20
33
37
31
30
27
25
38
33
33
33
44
38
30
36
41
35
41
41
50
42
34
46
28
42
44
43
62
57
51
49
53
47
39
46
45
43
45
37
64
47
55
47
69
67
58
42
50
58
49
41
52
50
57
73
59
54
60
64
56
61
57
72
72
71
66
70
70
67
70
72
80
91
87
87
91
81
95
79
75
84
91
75
80
81
80
89
110
86
83
106
99
87
81
82
67
98
77
97
79
102
102
90
94
87
80
76
79
79
76
81
55
73
57
80
66
60
68
80
69
71
76
65
70
66
71
77
80
70
71
64
80
63
72
64
83
78
75
59
62
74
83
63
58
69
58
73
81
75
73
76
80
68
69
68
71
77
64
62
69
68
64
70
74
70
55
59
86
82
53
66
63
59
58
64
83
68
75
70
77
74
66
80
56
75
72
62
59
68
71
66
76
80
79
61
59
74
69
83
64
73
67
68
74
69
70
81
81
70
78
66
65
74
67
69
71
77
70
75
74
74
75
91
85
79
85
74
90
89
78
102
119
96
78
88
102
100
129
146
138
165
218
256
299
339
459
582
635
791
934
1185
1282
1393
1587
1731
1934
1943
2013
2058
2085
2004
1903
1798
1686
1486
1334
1227
1070
828
770
657
543
384
358
266
244
175
161
123
132
120
112
101
114
102
95
98
80
90
104
101
115
91
74
98
127
103
96
100
104
114
104
92
90
94
98
99
92
116
98
97
91
96
107
105
97
97
106
113
99
114
112
110
120
109
108
95
104
106
122
97
114
125
108
126
127
117
116
122
136
145
111
129
131
161
174
139
188
173
192
220
234
270
268
318
337
322
365
378
405
357
407
370
357
375
314
307
304
287
237
236
187
207
182
192
173
166
177
151
156
143
119
149
145
148
138
151
158
143
123
170
120
144
151
120
142
155
145
153
169
160
150
144
135
138
154
170
171
178
147
145
166
156
176
178
173
182
162
158
163
175
182
193
184
196
176
199
179
202
194
217
232
181
237
219
220
218
203
189
208
213
218
221
228
234
244
234
231
246
243
235
235
258
267
244
263
281
261
239
242
272
245
281
264
252
243
277
232
262
226
251
253
280
268
242
259
249
234
253
265
218
230
237
235
241
223
230
204
206
216
200
192
194
181
164
165
173
172
178
190
173
173
186
159
187
181
160
161
161
167
138
172
160
175
182
159
148
148
154
153
152
189
144
160
155
168
150
158
154
149
154
161
169
131
151
164
148
140
158
140
141
125
158
141
152
156
144
156
153
147
164
150
131
144
123
157
163
163
133
108
149
136
152
158
163
150
160
150
161
137
160
153
159
123
142
148
128
133
173
139
136
153
143
159
152
161
132
152
158
147
144
168
144
139
148
163
144
136
136
131
136
167
152
154
164
126
129
144
154
156
171
145
149
178
155
141
144
168
160
173
139
157
148
144
154
167
168
149
155
163
166
160
161
175
177
182
175
181
199
144
180
179
159
168
177
183
173
171
188
158
168
164
157
168
147
172
170
177
166
192
182
192
164
187
202
191
178
173
207
174
154
167
193
172
187
177
190
194
212
193
198
197
160
198
185
197
201
175
210
181
177
165
146
181
187
186
205
172
202
186
198
183
162
156
165
182
197
202
169
195
188
185
156
173
190
199
179
187
199
167
202
170
176
193
182
182
193
183
190
167
195
217
185
160
203
197
168
198
204
186
170
190
201
186
216
210
217
190
186
198
183
194
187
195
202
191
209
232
188
191
222
221
219
214
244
187
217
201
197
198
221
221
219
238
196
224
238
232
228
224
277
227
267
243
233
261
218
237
224
240
250
247
227
240
230
241
224
244
236
240
252
257
227
220
234
228
237
259
245
257
221
263
226
222
222
239
221
229
213
224
244
222
249
219
228
232
238
206
230
234
195
200
204
199
219
220
210
220
224
184
227
205
229
187
210
211
191
178
198
215
196
218
204
205
181
228
207
220
196
197
187
195
194
195
218
191
208
202
197
214
164
174
183
190
176
174
209
183
166
163
202
176
168
182
182
170
181
181
188
194
187
184
168
185
208
193
189
173
166
185
184
209
195
194
159
158
173
181
188
165
184
167
166
193
177
176
174
169
170
186
170
180
169
191
185
169
181
178
184
195
171
165
170
198
170
175
176
204
198
197
171
162
156
190
159
192
184
155
202
183
162
173
168
189
157
181
196
178
195
186
198
193
201
182
171
203
186
188
188
187
178
181
202
185
207
156
170
175
186
205
177
177
177
176
207
178
180
196
187
188
211
200
213
160
185
171
185
198
192
160
172
209
218
181
165
185
185
217
176
163
187
198
197
195
195
177
175
181
175
177
188
202
177
191
176
200
163
185
185
177
164
181
174
198
178
214
216
182
180
212
198
207
206
213
182
208
204
195
204
190
212
205
191
185
183
184
176
194
195
185
196
192
195
191
201
204
205
197
204
194
197
189
220
204
172
195
196
204
187
208
205
223
202
194
196
192
185
203
206
206
196
222
194
191
195
193
207
203
196
206
185
217
253
200
191
209
221
202
222
220
218
232
221
212
228
230
207
211
226
229
245
235
240
234
277
244
239
256
243
242
244
267
253
250
263
258
270
266
279
284
254
253
307
261
284
256
297
253
264
285
304
291
304
300
273
295
326
281
328
360
317
291
330
327
351
353
353
336
351
348
337
391
387
372
379
419
421
415
402
440
448
457
467
497
534
511
525
538
577
524
593
558
626
655
626
680
721
682
756
808
812
811
785
812
895
924
919
987
963
926
1009
1065
1010
1036
1062
1088
1083
1087
1130
1092
1084
1116
1151
1132
1122
1176
1155
1110
1130
1131
1121
1115
1120
1047
1075
1061
1118
1010
963
969
1002
908
951
846
862
851
842
842
798
756
717
700
684
648
680
631
598
545
604
582
536
456
468
453
448
459
453
392
386
425
357
380
358
396
334
368
324
317
316
322
302
284
310
292
288
264
267
248
224
272
264
236
225
241
254
242
246
226
199
225
197
197
187
191
215
205
213
184
164
195
200
197
189
188
188
204
171
200
186
176
173
158
172
187
189
181
188
207
228
200
184
243
235
239
242
258
259
321
301
295
308
309
342
333
341
365
376
383
328
403
392
416
322
403
371
390
360
379
320
316
272
315
278
263
274
240
230
223
208
195
162
176
162
147
143
149
171
131
138
123
141
158
119
134
135
118
122
133
134
117
117
133
137
134
118
137
119
150
159
147
135
133
136
128
149
174
160
123
140
159
163
154
129
146
161
160
162
183
158
148
177
165
175
202
179
170
217
199
178
214
181
216
199
193
209
211
211
187
196
240
220
205
230
170
231
229
199
215
205
184
203
220
218
204
199
192
210
196
228
197
187
194
193
183
177
169
174
159
163
176
158
167
169
171
178
143
159
130
131
135
134
125
129
124
136
121
123
113
135
109
111
122
113
111
93
116
114
114
120
100
95
103
82
99
97
107
71
93
92
74
83
84
82
73
73
72
89
82
66
70
71
80
76
63
77
71
60
48
62
57
68
56
68
78
64
67
63
58
66
51
64
49
47
67
46
50
68
68
53
54
55
63
62
49
51
50
53
49
42
44
55
55
52
39
54
51
46
58
43
41
60
36
52
46
46
47
62
36
37
43
46
61
42
37
28
67
54
52
55
53
51
38
48
57
70
65
68
77
64
69
71
55
64
62
68
68
50
65
63
63
65
53
61
47
64
58
58
56
52
50
47
33
54
35
39
38
33
39
46
33
40
37
45
43
33
45
35
48
29
41
37
39
38
41
34
43
32
41
35
41
38
31
30
35
35
32
48
39
37
31
29
30
34
29
28
28
25
27
42
37
34
44
29
33
32
32
24
31
24
26
33
30
25
19
30
37
35
36
31
24
25
22
25
33
27
31
33
24
38
34
24
24
28
28
28
28
25
21
29
29
31
30
32
33
33
23
35
31
32
31
23
20
27
35
20
29
28
23
22
24
22
17
32
23
33
25
28
34
26
27
26
25
31
23
28
32
26
23
23
19
31
18
21
21
28
29
15
19
19
30
22
26
18
35
20
22
17
25
30
20
27
23
27
31
18
17
33
23
26
28
23
22
21
25
15
21
27
23
29
14
25
21
23
31
25
25
18
21
20
21
21
20
25
24
18
21
9
20
19
22
30
19
29
26
17
18
20
20
20
18
18
15
19
17
25
27
25
19
27
20
22
17
27
17
23
16
18
22
17
19
17
16
22
14
9
31
23
19
21
18
26
17
19
21
18
25
18
20
20
20
20
25
19
21
16
20
22
16
24
14
25
11
17
26
14
14
21
19
19
17
21
23
25
19
21
13
12
12
21
15
18
15
12
22
20
13
17
15
11
18
10
20
16
20
16
20
13
12
16
20
12
14
17
11
24
14
13
17
17
17
15
19
8
19
28
8
17
11
16
12
10
15
12
13
17
15
12
14
18
12
12
13
12
15
20
18
10
13
19
17
24
11
11
9
18
12
13
20
11
17
9
12
20
16
12
16
16
8
11
18
14
14
14
10
16
15
18
18
13
19
8
14
14
12
13
9
10
13
13
9
15
10
5
19
9
11
7
10
10
14
15
8
13
8
12
13
12
13
14
12
10
13
5
15
12
14
10
13
13
11
9
12
12
10
7
9
9
10
12
15
16
7
16
5
10
10
21
12
13
11
17
9
15
8
6
7
14
8
10
5
17
10
8
16
11
16
6
11
6
12
9
7
14
10
14
11
8
11
11
15
8
13
15
12
12
11
12
13
6
6
8
11
11
12
13
6
8
7
7
10
12
11
13
9
6
14
9
8
10
8
7
4
9
12
10
9
13
8
4
13
5
11
6
5
12
12
11
10
13
15
8
6
9
9
5
6
6
11
8
7
16
5
2
11
6
7
5
11
7
10
9
6
5
10
8
9
6
6
11
7
3
13
7
12
7
13
10
11
15
5
8
6
9
16
7
5
10
5
5
12
3
7
9
6
6
5
6
9
10
8
5
7
9
8
10
11
6
7
7
6
11
6
3
5
13
4
5
10
8
7
7
2
7
7
6
11
9
6
7
11
5
5
11
7
4
10
7
5
11
8
6
7
8
8
6
9
4
3
3
5
6
5
4
8
9
6
5
7
9
4
12
6
6
3
7
8
6
7
5
9
5
4
8
6
9
7
3
4
6
5
2
6
10
3
9
10
5
11
7
5
7
2
4
6
6
3
7
5
3
1
7
8
3
8
7
4
6
4
2
5
9
6
4
1
4
5
6
4
5
8
7
6
1
7
5
8
6
1
5
4
6
3
4
2
7
8
7
4
3
10
4
5
5
3
4
4
5
6
4
5
4
6
6
9
3
3
6
6
4
3
5
3
6
5
4
9
7
2
4
6
4
6
7
1
2
6
6
2
2
4
3
8
4
4
4
7
8
5
6
4
4
1
3
2
7
6
3
4
8
4
4
4
6
2
1
6
4
3
1
5
7
2
3
6
5
4
1
5
1
5
2
4
2
5
4
2
6
4
4
5
4
4
4
2
1
0
5
7
6
4
1
7
4
3
5
3
2
7
3
3
2
3
2
2
4
5
4
3
4
2
6
7
7
4
3
6
6
3
4
4
3
6
0
4
2
2
2
7
2
3
1
1
3
7
6
4
1
0
2
6
3
3
1
3
3
3
3
5
7
1
4
3
1
6
4
3
1
3
3
3
5
4
3
5
3
4
3
5
2
3
0
2
2
1
3
3
5
4
3
4
2
2
3
5
2
3
2
1
0
1
2
1
0
2
2
4
6
3
4
6
5
5
5
1
2
0
6
3
2
1
0
3
1
1
2
1
2
0
2
2
2
2
2
0
1
3
1
2
2
0
2
0
5
2
2
1
3
1
2
3
1
2
2
2
3
5
1
5
3
1
4
2
4
5
3
5
7
2
1
1
0
2
1
4
2
2
1
4
3
2
4
1
1
1
1
3
1
2
1
0
2
3
2
2
0
1
3
2
2
2
2
0
1
3
1
1
1
2
2
2
0
1
1
1
3
0
2
1
1
3
1
1
1
2
2
0
4
1
1
4
3
0
2
3
0
4
1
2
3
2
3
0
0
0
2
2
1
0
1
3
2
0
1
1
0
1
1
3
2
1
2
1
1
1
1
1
1
1
1
2
1
2
1
2
2
0
1
2
0
0
4
1
0
0
3
0
0
0
0
4
2
1
3
1
2
0
0
2
4
1
0
0
1
0
0
2
2
0
0
0
1
1
0
2
1
2
1
2
1
1
0
1
0
0
3
0
1
2
1
0
2
1
1
1
0
2
0
1
2
2
0
1
1
0
3
3
1
1
1
0
1
1
1
0
1
1
1
0
0
1
1
3
2
1
0
0
1
0
1
0
2
1
0
0
1
2
3
2
2
3
0
0
0
1
0
0
3
2
1
1
0
1
0
2
2
1
1
1
1
2
1
2
2
1
0
3
0
0
0
0
2
1
1
1
1
1
1
0
0
2
0
0
1
0
1
2
0
1
1
1
1
1
0
1
0
1
0
2
1
1
2
0
0
0
1
1
0
0
1
0
2
2
0
1
1
2
1
0
0
0
1
0
0
3
2
2
0
1
3
0
1
0
1
0
0
1
2
0
1
1
0
0
0
0
1
0
0
0
0
1
0
0
0
0
0
0
0
0
0
0
0
0
0
1
1
0
1
0
1
1
0
0
0
0
0
0
2
0
1
1
0
0
1
0
0
1
1
0
0
2
0
0
2
0
0
0
0
0
1
0
1
1
1
0
0
0
0
2
0
0
0
0
1
2
0
0
0
0
2
0
0
1
0
0
1
0
1
0
0
0
0
0
0
0
1
0
2
1
0
1
0
1
1
1
0
1
0
0
1
0
1
1
0
0
0
1
0
0
0
1
0
1
0
0
0
0
3
0
0
0
0
3
0
0
1
0
0
1
2
0
2
1
0
0
1
0
0
0
0
0
1
0
0
0
0
1
2
2
1
0
1
0
0
0
0
0
1
1
1
1
0
1
0
0
0
0
1
1
1
1
0
1
0
0
0
1
0
2
0
0
0
0
1
0
0
0
1
0
1
1
0
0
0
0
0
0
0
0
0
1
0
0
0
1
0
1
0
0
0
0
0
0
1
0
0
1
0
0
1
1
1
1
0
0
0
1
0
0
2
0
0
0
0
0
0
1
0
1
0
1
0
1
0
0
0
0
0
1
0
0
0
0
0
1
1
0
0
0
0
0
0
0
0
0
0
0
0
2
2
1
1
0
1
1
0
0
0
0
0
0
0
0
0
1
1
0
0
0
0
0
0
0
1
0
0
0
1
0
0
1
1
0
0
1
0
0
1
0
0
1
0
2
0
0
1
0
0
0
0
0
0
1
0
1
1
0
0
0
0
0
0
0
0
0
0
0
0
1
0
0
1
0
0
0
0
0
0
1
0
0
0
0
0
1
0
1
0
0
0
0
2
0
0
0
0
0
0
1
0
1
0
0
0
1
0
0
0
0
1
0
0
0
0
0
0
0
0
0
1
0
1
0
0
0
0
0
1
1
0
0
0
0
0
0
0
0
0
0
0
0
0
0
0
0
0
0
0
0
0
1
0
0
1
0
