0
0
0
0
0
0
0
0
0
0
0
0
0
0
0
0
0
0
0
0
0
0
0
0
0
0
0
0
0
0
0
0
0
0
0
0
0
0
0
0
0
0
0
0
0
0
0
0
0
0
0
0
0
0
0
0
0
0
0
0
0
0
0
0
0
0
0
0
2
2
1
0
3
1
3
3
0
3
2
3
1
9
23
47
129
374
960
2276
4850
9421
17209
27696
40704
54157
66070
73110
73054
67058
54946
41314
27970
17415
9856
5120
2391
976
400
152
43
9
2
3
1
1
3
2
0
0
1
0
1
0
0
0
0
0
0
0
0
0
0
12
57
56
43
40
50
49
45
44
45
40
55
44
41
39
38
54
36
43
51
37
30
48
34
41
50
29
40
48
41
39
45
27
42
34
51
44
39
42
38
33
44
34
36
45
30
42
36
35
35
38
41
44
46
37
39
35
37
39
28
54
41
45
51
44
42
69
56
55
70
86
98
118
143
150
138
187
154
143
140
116
127
95
94
64
62
65
44
50
56
52
38
35
41
43
48
48
37
46
57
50
61
48
37
50
57
49
63
65
65
72
75
93
85
95
109
92
114
142
141
153
150
167
162
190
258
389
593
1041
1825
2869
4697
7079
10048
13616
17614
21757
25356
27412
28821
28278
26384
23178
19596
15890
12034
9005
6437
4544
3205
2314
1724
1255
907
674
509
392
340
296
371
424
506
685
780
927
1036
1074
1009
990
921
797
641
565
428
310
193
155
132
114
91
76
68
68
63
50
29
42
23
24
19
7
14
17
9
5
5
10
7
10
6
8
5
12
9
9
11
10
8
6
8
10
4
7
8
9
6
7
10
5
8
2
8
9
12
12
9
14
14
11
19
15
37
19
27
31
32
21
20
21
21
19
19
16
20
19
26
29
22
22
23
24
17
19
15
9
9
17
18
14
17
14
18
18
16
11
9
13
8
9
21
2
7
5
8
5
4
3
3
5
3
8
4
10
5
10
10
9
2
5
6
5
5
7
12
1
5
4
0
8
4
8
9
8
6
4
10
9
17
19
17
22
21
27
23
16
21
24
17
17
9
14
6
9
9
6
6
7
13
5
7
15
9
10
7
15
16
18
13
8
14
4
7
15
9
10
11
6
5
6
5
3
1
5
5
3
7
7
8
2
5
7
4
9
2
10
7
6
8
9
9
4
2
7
5
8
11
6
6
10
3
6
3
7
4
8
5
7
4
3
5
3
5
7
7
3
5
4
4
6
10
3
5
12
3
3
6
8
5
3
4
8
1
6
9
9
6
6
4
11
6
7
5
2
7
6
10
7
5
7
3
6
6
6
5
6
4
5
8
7
5
10
5
8
12
7
6
5
10
3
5
6
4
8
6
8
10
9
8
11
11
12
12
10
8
8
8
8
7
9
5
9
3
11
10
11
10
6
7
8
13
10
8
5
3
12
6
11
6
10
7
11
5
8
14
7
6
9
10
10
8
13
10
9
10
8
3
11
19
7
4
8
11
8
10
11
9
5
12
12
8
12
20
10
10
20
16
17
19
14
21
18
18
21
11
14
19
15
17
23
19
16
18
13
20
18
22
28
17
23
20
20
16
24
25
26
16
22
29
25
21
19
14
26
21
23
22
19
20
18
23
14
16
19
14
18
18
13
14
21
23
17
18
24
16
14
19
16
20
20
18
29
18
17
21
24
19
25
18
18
15
15
30
18
26
20
19
20
29
29
20
22
27
20
36
23
21
23
25
22
22
25
22
34
21
21
27
28
28
28
38
19
16
19
33
29
33
20
32
40
29
20
21
20
27
29
45
27
29
29
43
43
35
30
35
37
42
37
36
38
37
43
38
33
48
36
44
48
49
34
41
48
39
45
41
50
49
44
45
46
42
53
55
64
47
55
56
51
61
65
65
68
57
63
54
80
73
69
82
80
78
98
99
95
114
115
116
155
144
130
132
168
163
161
148
150
147
148
153
127
118
110
109
107
94
97
93
87
81
83
71
85
77
81
93
86
76
91
80
96
91
61
87
80
83
88
75
85
64
93
83
90
89
82
77
93
90
77
76
69
84
94
72
67
90
74
87
73
92
91
84
82
72
71
70
92
71
75
75
82
96
80
70
71
80
70
78
76
67
71
77
70
89
73
76
74
64
78
73
74
63
84
70
71
78
90
70
70
62
82
68
79
89
62
73
72
83
64
90
64
65
68
76
83
76
79
93
71
86
89
75
74
65
83
82
68
67
83
78
85
70
78
70
92
83
78
82
97
68
65
85
94
78
84
87
71
82
72
87
90
89
83
79
94
74
95
102
134
119
123
158
161
178
217
246
346
410
476
585
723
884
938
1090
1298
1440
1688
1731
1897
1942
1962
2021
2019
2008
1886
1714
1654
1522
1334
1220
1005
923
700
626
516
420
333
277
224
208
182
153
129
142
108
121
105
129
112
100
105
115
107
102
129
118
106
127
99
114
111
134
129
118
105
105
136
126
118
118
104
124
99
118
111
127
90
128
114
118
116
108
108
103
118
112
102
142
118
110
110
113
116
120
106
103
117
97
116
115
116
145
122
124
127
150
138
142
136
187
170
166
190
215
237
283
264
295
304
308
356
389
331
356
360
358
365
362
316
279
298
264
266
220
221
225
205
165
167
152
169
150
149
149
148
121
141
141
118
125
132
142
145
134
133
151
142
149
131
138
177
135
143
167
161
126
139
148
165
152
131
176
147
141
140
151
163
165
166
171
163
154
171
179
162
183
164
187
174
165
185
176
184
156
175
174
179
164
194
182
178
186
172
211
192
185
179
193
193
202
187
191
230
227
202
182
217
228
225
195
222
220
216
225
216
229
223
204
251
198
242
264
227
284
243
227
255
247
269
252
266
258
240
240
228
267
279
284
262
272
311
273
253
245
295
291
287
243
244
278
308
291
262
312
278
252
274
286
275
254
267
242
265
293
248
255
242
269
251
248
238
248
220
250
216
201
249
202
224
208
210
194
214
194
209
159
189
236
174
200
193
184
185
193
154
156
167
212
165
172
148
174
141
155
171
182
189
188
138
137
163
159
160
151
177
165
154
165
168
155
165
161
139
167
175
162
171
159
175
163
183
177
155
167
156
192
164
160
188
152
164
193
169
166
177
185
196
193
195
175
201
182
189
172
193
195
186
208
217
177
196
212
210
198
209
199
228
230
228
206
229
231
211
194
193
209
201
232
227
204
219
205
222
224
213
198
240
214
240
231
193
212
205
199
207
209
205
224
233
218
220
208
224
207
222
207
223
203
211
224
196
219
227
216
196
220
193
204
210
201
192
171
200
181
200
191
193
205
177
185
186
193
156
189
208
181
199
191
165
199
192
182
179
193
185
199
153
194
173
191
151
195
139
192
190
217
193
169
159
187
195
183
191
179
161
181
172
195
197
189
179
171
180
183
193
194
193
172
166
180
188
188
201
190
193
171
181
202
185
204
161
185
195
182
174
174
198
207
201
223
224
180
193
186
186
177
172
218
179
178
201
197
189
198
180
196
181
212
200
187
191
194
194
196
186
176
185
200
192
211
208
214
191
192
195
199
177
173
236
200
228
208
201
201
193
199
215
191
204
194
190
203
187
199
214
200
196
224
194
197
201
234
221
209
206
231
212
199
191
211
201
245
199
215
202
203
201
204
207
216
252
218
248
222
220
231
219
185
207
230
235
231
241
257
219
245
236
226
219
231
216
196
205
234
232
250
234
252
233
212
217
209
229
218
232
252
227
230
212
225
227
227
242
240
223
220
231
227
230
232
230
233
207
249
254
253
216
209
209
214
204
196
209
234
200
194
192
238
252
223
209
178
193
204
198
190
202
198
194
224
182
217
169
203
214
198
193
211
220
204
230
204
209
211
208
187
210
167
201
207
182
172
195
198
190
199
192
197
194
184
182
193
205
207
199
201
216
232
207
202
210
183
187
217
204
220
183
214
215
211
211
210
213
205
219
231
215
197
201
218
209
215
201
219
186
208
190
221
185
205
186
176
222
195
213
181
198
216
239
207
217
226
200
200
232
222
218
207
201
191
200
216
194
206
221
180
191
200
208
212
211
184
208
202
212
213
209
216
227
190
205
191
218
219
207
208
211
193
222
180
203
222
221
175
184
200
186
186
197
233
185
214
187
194
212
221
193
212
207
198
226
246
210
220
234
216
214
217
201
192
193
195
215
195
213
198
220
207
202
211
192
211
195
203
241
214
209
227
193
201
171
210
215
206
216
235
236
225
225
185
230
230
193
198
201
209
223
205
206
210
248
217
212
240
240
246
224
205
231
242
255
218
251
214
245
244
256
236
273
199
256
262
252
249
281
249
255
251
262
238
250
254
269
283
260
259
266
251
268
261
264
265
319
290
293
268
269
307
315
280
291
270
297
295
300
313
320
301
317
310
327
339
332
340
314
352
366
335
350
387
366
335
341
369
391
386
424
445
423
432
482
426
453
467
499
489
498
511
527
601
601
600
580
599
664
651
654
701
755
779
792
810
870
910
832
872
879
929
971
978
1027
1038
1048
1072
1074
1111
1202
1137
1139
1203
1187
1198
1174
1288
1218
1250
1233
1211
1187
1204
1252
1250
1149
1184
1206
1232
1170
1169
1178
1109
1028
1059
1025
991
984
934
967
949
909
867
874
815
775
825
744
743
744
696
653
626
629
577
604
523
553
485
520
477
473
472
418
451
425
400
383
373
403
332
349
359
334
304
303
300
334
301
291
298
307
303
264
279
265
280
264
273
259
257
230
253
216
247
256
229
245
221
230
188
227
212
226
197
199
207
208
215
192
202
190
214
206
182
206
183
206
213
223
181
214
233
232
251
242
255
253
285
291
289
309
345
318
306
393
375
386
396
420
383
407
466
458
420
437
438
425
446
446
418
415
459
393
364
394
367
329
345
296
291
271
257
242
238
254
232
214
176
178
192
167
188
136
142
141
140
150
127
146
137
131
131
109
143
128
145
128
164
148
131
136
163
127
136
154
142
158
132
145
156
165
161
181
168
172
177
155
180
169
165
178
130
193
178
177
207
187
195
206
203
207
181
202
188
211
187
217
218
229
202
231
220
229
215
224
225
247
224
227
225
248
214
255
234
204
235
244
237
222
219
193
218
213
214
212
210
212
210
216
197
201
180
212
169
180
166
189
155
158
171
161
165
180
170
145
150
131
140
131
151
151
113
111
132
113
108
113
116
119
128
114
108
127
99
114
99
111
96
91
99
94
85
79
103
98
90
86
76
79
91
75
93
82
82
78
97
68
79
71
65
70
87
83
72
62
67
56
89
59
67
55
58
75
64
67
52
75
56
63
59
57
58
58
58
62
46
66
75
65
54
55
64
64
63
60
44
42
50
52
66
51
47
61
57
59
54
42
49
51
50
47
51
45
48
50
43
48
49
53
36
47
51
48
54
57
54
52
52
52
64
71
63
52
64
75
65
60
85
74
61
73
65
71
72
61
58
67
68
65
82
57
63
62
43
43
47
71
28
45
45
50
52
44
43
38
43
49
36
39
39
41
35
34
59
35
50
41
42
37
46
44
27
35
40
46
40
43
56
44
44
36
42
37
39
32
31
21
34
42
28
38
28
33
30
36
47
31
44
27
39
34
32
24
34
37
28
32
19
35
32
29
23
30
29
39
36
30
34
31
27
37
30
24
24
32
29
31
25
30
33
26
26
19
29
32
29
28
30
27
24
23
24
32
29
25
29
25
29
22
19
25
27
26
21
32
39
24
26
34
21
24
32
18
22
21
20
30
20
19
37
34
26
32
26
34
30
33
22
20
35
25
22
24
29
24
28
20
23
26
20
28
36
22
28
32
23
21
30
25
32
27
28
33
25
28
23
35
19
9
29
21
25
21
20
18
22
19
22
17
23
17
24
21
22
23
26
22
21
21
29
29
18
29
23
17
18
29
20
14
21
28
24
24
21
17
18
18
10
20
24
16
31
21
24
22
19
20
17
19
20
16
18
35
18
15
9
30
26
26
17
22
17
24
22
29
19
30
25
24
17
17
21
17
15
19
21
25
16
25
18
15
22
19
8
20
16
20
23
16
20
25
29
22
15
24
18
17
18
16
16
20
11
29
16
24
17
14
14
14
13
23
16
23
20
13
14
20
21
13
18
14
18
11
22
14
23
20
10
15
15
18
16
14
10
18
17
14
18
24
14
19
20
12
16
15
15
23
16
18
17
12
20
18
17
21
18
24
16
17
17
18
21
13
16
18
15
14
12
13
13
15
11
19
21
13
13
10
18
10
12
16
21
13
19
16
12
16
21
14
25
16
16
8
14
8
15
17
17
15
9
11
16
13
9
14
12
11
21
18
17
14
9
10
16
13
10
17
14
12
16
21
14
12
11
13
12
10
21
14
9
11
10
16
11
13
8
17
15
16
11
17
8
9
6
9
21
16
17
9
16
11
16
13
13
6
18
15
11
13
15
13
9
11
7
7
8
13
15
12
13
10
10
11
4
12
11
8
13
17
8
13
11
7
10
17
12
9
6
8
9
14
13
15
14
10
14
10
7
12
6
11
7
14
10
22
12
11
12
15
9
9
12
13
18
10
8
6
8
6
17
12
8
10
12
14
16
2
7
11
9
5
12
6
11
4
8
6
7
8
3
9
6
4
5
8
12
8
10
2
9
13
8
7
10
5
11
7
12
9
8
4
4
14
18
8
10
8
8
5
13
8
10
8
5
13
6
7
13
12
8
14
12
7
4
12
5
14
5
5
5
6
9
14
11
11
9
17
12
8
12
9
9
10
7
9
8
4
6
3
7
5
6
11
12
10
7
6
4
8
9
10
4
8
9
8
13
6
7
8
5
6
11
10
5
6
9
10
7
12
8
11
10
8
9
9
2
5
4
7
6
13
10
5
11
6
1
4
10
10
12
5
8
11
7
7
4
6
6
6
8
5
8
6
8
4
5
7
12
5
8
4
9
6
3
5
6
7
8
4
8
4
3
6
9
8
8
6
6
3
9
9
5
7
5
5
5
11
4
9
7
8
4
4
9
7
6
6
3
6
6
2
11
5
4
7
6
6
3
6
6
10
4
10
6
12
1
4
6
1
7
5
9
5
7
6
6
2
2
3
5
3
2
6
3
6
3
6
8
6
1
5
1
3
6
6
4
3
3
3
7
4
12
4
9
4
6
8
2
1
5
6
3
4
4
8
6
4
8
4
3
6
7
4
6
5
3
4
2
7
5
2
2
5
2
3
6
9
9
4
8
2
1
2
6
7
3
5
4
6
2
4
3
1
7
5
3
1
2
3
4
3
6
2
7
7
3
1
8
4
2
9
3
7
4
2
6
9
2
0
6
8
4
4
3
2
4
7
6
8
3
1
2
7
3
2
5
6
3
0
6
3
3
5
2
3
5
2
6
2
7
5
4
1
2
1
2
3
2
5
1
3
9
3
5
2
2
3
6
9
5
3
2
3
5
3
4
3
7
3
0
1
4
1
4
5
2
2
2
4
4
3
2
4
2
4
1
5
2
4
2
2
1
2
3
2
3
4
1
0
2
3
2
4
4
4
4
1
1
4
1
1
0
2
3
0
0
4
1
1
2
0
2
3
5
1
5
4
5
0
3
7
4
1
7
3
1
1
2
2
3
2
2
3
2
2
1
2
3
1
1
1
4
2
1
1
3
3
0
2
2
4
5
2
3
2
1
3
0
1
2
2
4
0
1
3
2
2
0
1
2
1
1
0
2
2
1
0
4
1
1
1
1
2
3
5
1
4
1
1
1
4
2
3
4
0
3
5
3
0
1
5
1
1
0
3
3
6
3
4
0
2
2
0
0
1
2
2
1
1
0
2
1
1
2
4
1
0
0
4
1
2
1
2
2
3
0
0
2
2
0
2
4
1
2
2
1
1
2
2
0
2
0
1
1
0
1
0
1
1
1
1
3
2
3
2
0
1
1
2
1
0
0
1
1
1
3
1
0
0
1
0
1
1
0
1
0
2
4
2
2
2
1
2
1
2
1
4
0
0
3
2
1
0
1
4
3
0
1
3
2
4
0
1
2
0
0
3
0
0
0
1
1
1
0
2
3
1
0
2
4
2
1
2
3
0
1
1
0
0
0
1
0
2
1
0
2
2
0
0
1
0
0
0
1
3
1
2
1
1
2
3
1
3
1
1
2
1
0
4
1
0
0
0
1
1
1
1
2
0
2
1
1
0
1
0
1
0
1
0
1
0
2
1
0
1
2
1
3
1
2
1
1
2
1
2
3
0
0
0
1
0
1
0
1
2
0
1
0
2
3
1
1
2
0
0
1
0
3
0
1
0
0
1
0
1
0
1
1
1
2
2
2
1
0
1
0
0
0
0
0
1
1
1
0
0
1
0
1
2
0
1
1
0
2
0
1
1
1
2
1
0
2
0
0
0
1
1
2
0
0
1
0
0
1
1
1
0
0
1
1
1
1
2
0
1
1
0
2
1
0
1
1
1
1
1
2
2
0
0
0
1
1
0
1
1
0
0
1
1
1
1
1
0
0
1
0
1
0
2
0
0
1
3
1
0
1
0
0
0
0
1
1
0
0
1
0
0
1
1
1
0
1
2
2
0
0
1
0
0
0
1
1
0
0
1
1
2
1
1
1
0
0
0
0
1
0
1
0
0
0
1
0
0
2
0
0
0
0
0
0
1
0
1
0
0
0
0
0
1
0
1
0
0
2
1
1
0
1
1
1
0
0
0
0
0
0
0
2
1
3
0
0
1
4
0
2
1
0
0
0
0
0
1
2
2
1
0
0
1
3
2
1
0
0
0
0
0
0
0
0
2
0
2
0
2
0
0
0
1
0
0
0
0
2
0
0
0
0
0
0
1
1
1
1
0
0
1
0
1
0
0
0
1
1
0
0
0
0
0
0
0
1
1
1
0
1
0
0
1
1
0
2
2
0
0
0
0
0
0
1
2
0
0
0
0
0
0
0
0
1
0
0
1
0
0
1
0
0
0
0
1
1
0
0
1
0
0
0
0
0
1
3
2
0
1
0
2
0
2
0
0
1
0
0
0
0
1
0
0
1
3
0
0
1
1
0
0
0
0
0
0
0
1
0
0
1
0
0
0
1
0
1
0
2
0
0
0
0
1
0
1
0
0
0
0
0
0
0
0
0
0
1
0
0
0
1
0
1
0
0
0
0
0
1
0
0
0
0
0
1
2
1
0
0
0
0
0
0
0
0
0
0
2
0
0
0
1
0
0
0
0
0
0
2
0
0
0
0
0
0
0
0
0
0
0
2
0
0
0
0
0
1
0
0
0
0
0
1
1
0
2
0
0
0
0
0
0
0
1
0
0
0
0
0
0
0
0
0
0
0
0
0
1
0
1
0
0
0
0
