0
0
0
0
0
0
0
0
0
0
0
0
0
0
0
0
0
0
0
0
0
0
0
0
0
0
0
0
0
0
0
0
0
0
0
0
0
0
0
0
0
0
0
0
0
0
0
0
0
0
0
0
0
0
0
0
0
0
0
0
0
0
0
0
0
0
1
0
1
1
0
1
1
3
1
6
2
2
2
3
3
1
12
51
128
330
961
2179
4912
9406
16724
27633
40631
54537
66412
73383
73343
66593
54803
41282
28314
17446
9946
5013
2422
942
384
138
44
13
5
1
0
2
2
2
1
4
1
0
3
0
1
0
0
0
0
0
0
0
0
8
47
43
53
41
42
49
28
51
57
44
52
54
53
45
57
48
43
43
47
37
39
33
49
43
34
44
50
39
26
43
38
45
36
48
29
45
31
36
41
32
27
35
33
29
35
34
23
33
33
47
32
35
40
30
40
40
47
39
44
39
41
45
49
43
42
51
55
74
76
86
109
110
155
165
150
178
175
142
161
123
110
76
73
58
61
60
57
40
46
49
42
49
40
40
46
49
49
52
50
53
45
71
65
56
70
77
69
81
73
76
90
92
98
106
117
137
145
125
142
154
193
212
237
286
406
518
788
1231
1982
3245
4994
7386
10645
14343
18631
22885
26424
29002
29948
29404
27767
24536
20545
16394
12837
9509
6902
4816
3433
2416
1815
1384
981
698
585
492
357
375
379
489
555
643
796
999
959
1008
1055
1025
939
752
609
538
410
297
216
177
127
102
81
89
67
63
42
48
31
28
24
20
14
10
12
13
9
10
7
6
11
9
11
9
11
7
9
8
9
5
11
17
8
7
7
7
8
7
8
14
10
8
8
4
7
9
13
7
10
13
20
15
15
21
25
32
23
24
21
25
18
25
21
23
26
23
18
17
20
24
21
20
20
25
23
22
26
11
11
17
11
25
19
12
21
23
18
13
23
19
20
13
11
10
5
10
5
11
7
6
6
3
2
3
10
8
5
13
11
6
8
5
14
6
5
7
2
8
3
7
3
9
7
8
9
7
16
17
8
15
17
17
18
15
15
20
11
21
22
26
17
13
13
15
8
11
4
5
7
9
10
11
13
10
7
13
7
16
10
14
14
2
6
12
12
18
6
7
12
4
6
7
6
10
7
5
7
6
3
7
6
8
4
9
5
8
4
3
6
6
3
9
7
7
2
7
2
5
7
5
2
8
4
3
1
3
8
7
9
7
6
6
9
6
6
7
10
5
2
8
9
7
7
0
8
9
3
6
6
12
9
8
8
6
9
1
9
12
2
4
8
2
8
8
8
5
3
5
8
7
4
15
11
6
8
5
7
5
11
9
4
10
8
5
6
8
9
6
11
8
7
6
6
6
9
11
10
12
8
8
6
2
7
8
8
5
7
5
14
8
8
6
6
4
8
15
11
7
10
12
7
9
7
9
16
8
6
10
16
12
14
8
9
8
11
12
14
9
12
13
4
15
13
9
18
13
11
13
14
14
10
9
11
9
10
8
14
14
9
12
11
12
20
13
16
14
20
16
14
15
16
15
11
16
21
21
14
23
6
18
15
17
12
21
11
21
25
12
19
17
20
18
20
14
19
22
17
21
22
13
18
7
12
18
15
17
13
13
19
11
13
16
21
16
21
20
20
15
23
18
15
20
17
22
21
26
16
17
25
23
15
12
21
15
18
16
20
19
27
23
27
22
28
22
24
26
21
25
24
35
30
23
20
38
28
26
26
29
29
18
20
39
31
33
34
47
32
35
26
33
27
28
39
42
38
25
37
33
28
23
30
40
44
25
29
37
32
40
30
34
48
44
41
34
40
41
45
46
45
49
54
36
53
58
47
42
51
54
44
48
58
39
46
54
45
45
47
49
46
42
60
60
62
55
43
45
53
50
57
68
65
61
79
69
60
67
62
67
56
95
82
82
66
72
71
79
84
90
73
88
84
88
95
87
74
84
85
92
93
76
90
78
71
83
80
89
85
88
84
90
85
88
89
94
76
86
89
86
97
85
67
90
89
80
79
83
94
84
79
69
79
76
80
64
73
91
69
69
70
77
76
79
66
74
86
59
73
62
65
69
73
86
69
60
72
100
61
78
79
61
85
58
74
84
64
69
73
48
75
99
88
81
70
69
81
101
73
76
63
79
75
67
54
63
63
68
53
51
68
79
65
68
79
50
73
75
69
65
79
47
72
72
68
65
77
72
64
74
69
63
70
71
83
71
64
62
61
85
74
77
77
73
74
89
64
81
85
67
74
90
71
84
86
65
77
85
84
74
79
79
93
97
85
75
80
100
93
84
99
98
104
139
138
163
173
192
257
300
370
457
535
667
843
982
1132
1275
1468
1579
1827
1924
2002
2059
2075
2141
2031
1863
1899
1717
1590
1438
1146
1071
863
810
633
538
438
370
294
258
196
162
153
152
109
98
80
90
87
89
107
81
94
99
109
105
96
110
106
101
107
116
95
119
97
107
117
90
107
102
108
85
103
94
113
105
97
99
85
103
121
92
120
113
102
112
110
95
112
111
104
123
124
113
101
114
116
95
150
125
103
102
114
128
123
144
114
144
172
167
186
180
197
192
202
229
274
272
313
326
360
375
358
373
384
390
369
353
321
309
338
284
259
217
252
239
189
208
159
166
185
185
119
166
128
135
139
140
150
144
146
150
146
144
147
138
139
139
157
169
149
149
129
153
151
170
155
142
197
157
148
164
157
153
178
172
155
179
148
152
181
170
165
169
172
183
178
183
205
174
173
229
196
197
204
198
205
234
228
213
191
238
224
239
214
242
230
242
219
252
242
233
262
229
260
269
244
263
254
276
251
241
246
255
259
252
292
262
263
260
230
269
256
263
271
245
230
271
240
240
233
244
229
202
218
233
221
252
246
227
237
212
214
222
192
198
226
192
183
192
192
178
168
156
188
164
159
180
183
153
200
166
169
159
166
163
178
155
151
171
171
164
174
145
145
144
143
148
154
145
171
164
160
156
155
145
145
160
164
150
156
172
148
176
149
155
167
149
140
140
163
157
133
158
139
135
134
141
142
129
153
155
153
142
145
162
127
159
122
159
146
153
130
145
161
153
124
140
132
157
161
159
154
177
141
159
160
166
153
165
179
135
141
158
152
154
151
130
151
134
164
152
149
163
136
132
166
130
159
155
155
143
159
164
176
129
148
154
174
136
155
150
151
153
135
183
161
142
163
129
166
144
138
177
156
147
141
154
158
149
189
164
178
175
193
174
158
162
169
180
183
180
169
169
169
181
187
150
176
204
190
167
208
171
167
184
175
177
182
197
175
189
209
195
158
182
191
176
184
183
210
158
184
181
203
186
183
172
173
187
209
179
172
182
226
192
180
188
206
188
177
195
196
201
181
191
183
214
182
182
178
191
188
196
186
188
188
168
175
185
183
185
157
199
204
179
201
183
187
181
180
175
194
174
194
189
188
188
203
183
164
185
178
203
187
193
199
209
195
177
219
205
187
172
170
198
219
236
208
227
239
223
211
190
206
204
210
213
228
236
213
216
222
198
217
235
233
238
235
245
244
241
218
227
260
257
240
243
225
250
235
228
252
224
257
239
213
243
255
261
253
247
233
224
231
256
222
269
231
220
234
222
224
245
233
246
251
253
245
213
217
235
219
234
213
237
205
221
224
209
225
214
222
235
191
226
214
225
225
200
213
220
229
226
218
219
195
208
212
231
187
194
190
221
206
205
174
199
184
200
183
180
197
192
188
213
182
199
183
173
200
202
172
189
209
211
168
196
189
174
162
174
175
176
172
172
205
209
200
207
196
159
168
200
174
191
200
180
177
147
163
180
181
192
210
185
193
183
180
195
188
165
205
171
183
164
190
160
167
183
156
193
194
176
174
197
205
172
200
187
157
186
190
190
186
183
189
186
174
196
162
208
197
190
168
186
195
167
166
180
191
195
173
168
171
173
160
178
177
179
173
170
172
173
181
169
217
169
171
192
178
161
193
185
224
188
182
191
159
181
179
171
185
179
168
165
189
179
195
182
190
198
186
189
168
190
163
182
179
197
189
176
209
185
178
178
188
183
174
180
196
205
210
165
204
208
201
185
187
207
182
182
164
182
197
182
189
192
167
197
182
218
213
196
196
177
173
211
179
185
197
179
176
184
210
203
185
204
189
192
188
202
188
199
220
185
173
191
185
200
183
166
217
194
199
166
189
177
199
169
204
201
181
192
198
205
194
215
165
207
200
189
192
208
181
201
194
204
205
192
216
192
209
215
229
191
177
195
193
173
211
206
205
221
214
201
213
218
204
218
233
215
214
218
216
224
219
218
241
205
208
230
211
227
282
237
214
252
220
242
270
253
243
248
224
237
267
258
238
236
255
243
247
253
270
268
249
286
276
255
288
273
272
295
270
285
313
298
289
302
311
342
301
311
312
315
333
321
335
343
322
350
356
357
377
366
370
398
400
403
374
426
397
439
499
442
468
479
488
485
519
551
553
552
617
599
579
618
669
694
744
728
740
773
802
784
819
821
821
867
939
917
996
1018
1003
996
982
1085
1071
1081
1092
1137
1104
1129
1071
1062
1168
1172
1081
1107
1174
1120
1207
1104
1137
1100
988
1034
1053
1032
1018
1000
947
1035
962
921
935
893
873
860
847
831
711
742
716
641
654
615
661
635
620
569
608
470
533
519
499
454
440
459
439
385
419
388
362
359
372
360
332
329
340
322
332
289
331
285
281
290
235
257
268
277
247
247
233
261
250
244
226
228
203
214
234
237
186
215
184
197
194
192
171
189
188
196
187
210
203
186
153
179
192
157
177
172
172
161
179
168
199
201
168
209
185
216
227
263
239
232
249
243
280
279
283
272
317
344
345
316
347
348
351
331
385
340
335
397
355
366
350
347
364
325
377
317
321
260
306
274
236
240
249
194
220
187
182
188
138
152
142
171
135
141
126
128
130
129
125
139
124
118
134
127
114
123
123
132
127
136
116
138
128
129
139
120
127
138
142
129
131
149
140
121
141
162
132
164
161
143
156
150
162
157
179
170
178
195
177
165
195
181
199
171
181
205
202
199
214
206
212
194
203
205
218
235
205
216
203
226
213
186
214
246
199
190
232
214
192
201
206
201
197
208
169
188
198
195
179
165
146
180
168
192
187
160
177
158
154
147
162
160
165
135
144
132
147
157
160
137
130
132
138
122
132
114
111
108
130
117
99
109
100
105
97
88
97
106
82
89
98
97
88
82
91
75
77
82
102
67
81
82
73
69
74
88
62
60
74
89
68
68
82
70
59
69
69
62
77
71
60
55
68
67
62
68
51
47
57
69
50
63
58
60
45
57
51
54
52
51
55
57
44
50
61
54
51
63
52
60
54
47
50
40
40
55
43
47
48
55
40
48
38
50
42
48
51
39
34
51
46
73
54
41
64
49
53
52
45
55
50
50
60
58
74
53
72
69
73
56
71
81
73
62
70
60
70
60
47
72
62
58
45
40
47
53
39
46
35
35
43
47
29
33
42
31
51
25
44
39
34
30
35
26
38
31
37
42
32
32
32
37
38
34
44
43
31
33
37
42
31
39
42
28
39
40
25
27
39
38
26
27
24
31
26
33
25
38
20
31
30
28
28
40
28
35
20
24
30
33
33
31
26
34
26
20
27
21
24
26
25
30
22
39
30
33
27
36
37
29
33
22
19
33
33
22
32
24
29
29
28
17
25
23
23
24
28
19
32
28
26
26
29
33
18
30
23
28
24
37
18
18
25
38
31
26
28
35
17
25
20
29
29
18
21
23
23
27
28
27
29
13
29
18
27
20
17
21
34
27
27
21
31
24
23
24
29
26
18
28
22
17
27
14
15
21
20
34
19
22
16
20
26
18
21
18
28
25
20
16
24
20
17
23
23
26
19
16
15
22
16
15
18
25
26
22
16
18
15
19
18
14
20
25
14
27
23
18
20
33
14
21
22
23
24
16
18
22
20
20
31
10
19
18
26
17
17
28
21
29
24
11
23
17
22
11
24
24
22
19
15
21
22
22
17
14
18
15
16
17
13
15
18
18
18
24
14
18
34
20
12
20
22
22
23
16
18
17
22
17
16
23
19
17
18
26
12
13
18
14
19
15
16
15
11
19
20
20
15
17
15
17
10
20
13
19
14
18
20
19
13
22
20
17
12
14
21
9
17
18
17
16
18
26
18
8
13
15
12
14
15
18
16
12
11
22
13
17
8
11
18
23
20
14
18
16
20
9
24
11
24
12
13
17
10
17
9
17
10
15
12
12
11
15
12
9
10
8
16
15
15
13
12
16
13
19
12
14
15
13
18
15
11
15
10
15
8
12
12
20
15
12
10
7
11
21
13
6
11
11
18
17
19
12
11
13
11
16
12
12
16
16
11
18
9
7
11
17
6
13
14
13
15
14
12
9
11
14
12
7
11
14
12
10
13
15
5
8
9
7
12
11
11
7
13
7
8
7
13
10
14
4
14
9
12
10
17
16
8
6
11
4
10
8
10
7
18
7
9
10
16
15
10
16
9
9
8
9
13
7
11
13
9
10
7
12
4
8
9
9
9
5
8
7
15
7
12
3
4
7
12
6
11
7
9
5
9
8
7
11
16
5
4
5
6
10
12
8
7
7
8
5
10
7
8
5
5
9
7
11
11
5
4
7
10
6
5
4
3
8
9
8
6
2
12
15
8
9
10
9
4
6
6
12
4
6
8
14
7
3
11
15
9
8
4
2
4
9
10
9
5
11
6
6
6
4
9
7
4
11
10
7
5
5
3
10
13
7
3
5
9
5
6
6
11
5
4
3
2
11
12
3
9
5
6
10
7
7
6
11
10
4
13
5
1
6
3
3
6
5
6
5
2
6
8
5
6
9
6
8
7
5
5
2
4
4
9
4
11
8
8
12
10
4
7
5
8
9
10
8
2
9
10
3
8
5
6
2
6
4
2
4
4
1
4
7
4
8
1
3
8
8
5
4
6
8
5
6
4
10
3
6
4
6
3
4
6
5
5
8
5
5
4
7
5
6
8
3
8
4
4
5
7
3
5
2
4
1
3
2
6
6
6
3
7
1
4
9
8
4
3
3
4
5
7
4
1
2
4
4
5
3
8
5
2
9
6
6
9
3
8
4
3
3
5
4
3
10
2
8
4
7
1
3
4
9
7
5
2
4
3
2
5
1
3
5
2
3
1
4
4
6
2
4
2
4
3
2
6
0
2
8
2
3
4
2
3
2
6
7
8
4
1
2
1
1
6
5
3
2
4
7
5
4
4
5
4
3
2
3
5
5
5
5
1
3
4
7
8
2
2
6
5
3
2
4
3
5
4
2
5
4
1
4
5
8
2
2
4
4
6
3
6
5
2
5
4
3
4
4
1
4
3
7
3
1
2
6
3
4
3
8
4
2
4
5
0
1
2
4
2
3
5
2
0
5
4
5
6
3
4
1
0
5
3
6
3
5
0
1
1
2
6
3
4
2
1
2
3
2
4
2
3
2
3
1
5
2
2
3
0
3
0
3
5
1
1
1
1
3
5
4
2
2
3
5
2
3
4
4
4
0
0
4
0
3
2
2
2
1
2
4
1
2
2
6
2
4
0
3
2
2
0
3
1
5
3
2
3
3
3
2
4
1
2
3
1
1
2
3
1
4
1
0
4
1
5
3
0
4
2
1
1
1
2
2
0
2
0
2
2
3
1
2
1
0
1
5
1
2
2
0
1
2
3
4
4
1
2
1
7
2
1
0
0
3
0
2
3
3
2
1
1
1
2
1
1
1
1
4
1
1
2
4
0
2
0
2
1
3
0
4
2
1
1
2
1
2
3
2
4
1
4
2
1
2
2
2
3
1
3
4
3
0
0
2
0
1
0
2
0
1
0
1
2
1
0
2
3
2
1
0
0
1
0
2
2
2
0
2
1
1
1
1
1
2
2
0
2
2
0
3
3
1
1
1
2
1
1
1
1
3
2
1
1
1
1
2
1
4
1
0
0
1
2
2
2
0
0
0
1
2
2
1
0
0
0
2
0
3
2
1
2
0
1
0
2
0
0
2
1
1
1
0
0
1
1
3
1
0
0
1
0
0
2
0
0
0
0
2
3
0
0
1
1
1
0
3
2
1
0
3
2
2
0
1
0
1
1
1
0
1
0
2
0
1
0
1
1
2
0
0
1
3
1
0
1
0
0
1
1
1
2
0
3
0
1
2
0
1
3
0
1
1
1
0
0
3
1
0
0
0
1
1
1
2
0
0
0
2
1
0
0
0
0
1
1
1
0
0
0
1
0
0
1
1
0
2
2
0
0
0
0
2
2
1
0
1
1
1
2
0
1
1
0
0
0
0
2
1
3
0
0
1
0
1
1
2
0
1
0
1
1
0
1
0
0
0
0
1
1
1
4
1
0
1
0
0
0
0
1
1
2
0
1
1
0
0
1
0
0
0
0
1
0
2
0
1
0
0
1
0
1
1
1
0
0
0
1
0
1
0
1
0
4
1
1
1
0
0
0
2
0
1
0
0
2
0
1
1
0
1
0
1
0
1
0
1
2
0
0
0
1
0
0
0
0
1
0
0
0
0
1
0
1
3
1
1
1
3
0
0
0
0
1
0
0
0
1
0
2
1
0
1
0
0
0
1
0
0
2
1
1
0
0
0
0
1
0
1
0
1
0
0
1
1
0
0
0
1
0
2
0
0
0
1
0
0
0
0
1
0
1
1
2
0
0
0
0
0
0
1
0
1
0
0
0
1
1
1
1
2
0
0
0
0
1
1
1
0
1
0
0
0
2
0
0
0
0
0
0
0
0
0
1
0
0
0
1
0
0
0
0
0
1
0
0
0
1
0
0
1
0
0
1
1
0
0
1
2
0
0
1
0
0
1
0
1
0
0
1
0
0
1
0
0
0
0
0
0
0
0
1
2
1
1
1
0
0
0
0
0
0
0
1
0
0
0
1
0
0
0
0
0
0
0
1
1
2
0
1
0
1
1
1
0
0
1
0
0
0
0
1
0
0
2
1
0
0
0
0
0
0
0
0
0
0
0
0
0
0
0
0
0
0
0
0
0
0
1
1
0
1
0
0
0
0
0
0
0
0
0
0
0
0
0
0
0
0
0
0
0
0
1
0
0
0
0
0
0
0
1
0
1
0
0
0
0
0
0
0
1
0
0
1
0
0
0
1
0
1
0
0
0
0
0
0
0
0
0
0
0
0
0
2
0
0
1
1
0
0
1
0
0
0
0
0
0
0
0
0
0
0
0
0
0
0
1
0
0
2
0
0
0
0
0
0
0
0
0
1
0
0
0
0
0
0
0
1
0
0
0
0
0
0
1
1
0
1
0
0
0
1
1
0
0
0
1
1
0
