0
0
0
0
0
0
0
0
0
0
0
0
0
0
0
0
0
0
0
0
0
0
0
0
0
0
0
0
0
0
0
0
0
0
0
0
0
0
0
0
0
0
0
0
0
0
0
0
0
0
0
0
0
0
0
0
0
0
0
0
0
0
0
0
0
0
0
0
0
1
2
0
4
0
1
4
4
2
2
3
2
3
12
37
121
363
915
2246
4769
9504
16959
27903
40861
54558
66228
73199
73470
66677
54498
41123
28069
17305
9827
4991
2260
1014
393
140
48
10
3
1
3
0
1
3
0
0
2
0
0
0
0
1
1
0
0
0
1
0
0
5
57
57
48
46
55
45
36
38
55
40
42
57
37
36
50
42
40
57
38
41
34
50
52
46
31
36
53
31
40
31
26
41
27
49
34
42
37
33
33
32
40
22
35
25
33
30
41
29
30
47
36
24
29
37
50
39
39
49
36
49
40
39
48
50
47
40
68
56
69
71
85
118
139
182
153
163
176
162
137
115
110
90
78
55
58
51
58
48
32
49
41
40
35
42
40
38
38
50
34
42
61
42
46
54
54
58
66
66
64
82
93
88
119
118
109
125
108
118
123
132
124
162
180
203
270
404
648
1019
1814
2822
4643
7021
9983
13573
17761
21685
25009
27616
28458
28249
26175
23328
19593
15718
12012
9052
6323
4556
3385
2306
1627
1262
892
671
501
398
279
309
353
372
526
649
807
910
989
1015
1143
1014
867
723
651
523
412
304
232
167
145
115
100
85
74
66
51
55
38
19
21
19
19
13
13
5
7
9
8
10
7
10
11
9
7
9
6
7
7
7
8
5
5
7
6
5
9
12
11
5
10
8
9
8
7
9
9
8
9
13
8
16
17
25
19
14
32
27
32
23
14
22
19
17
25
15
13
21
14
17
19
24
13
16
19
14
11
14
19
18
18
12
16
18
9
18
12
18
15
5
12
9
14
8
9
7
8
4
5
4
9
7
4
10
6
4
4
8
2
6
5
3
10
3
3
4
5
8
6
8
11
9
5
6
10
8
6
15
10
7
11
14
29
26
32
26
27
27
24
17
16
13
11
17
11
10
2
12
3
7
6
8
5
6
8
11
8
11
5
14
16
16
9
5
7
6
6
4
9
3
10
8
5
3
6
7
2
5
3
5
7
3
4
11
6
8
2
7
3
3
10
11
6
9
2
1
7
5
6
6
3
9
4
5
10
5
5
9
7
9
7
5
2
12
5
3
5
4
5
4
3
2
4
8
0
3
8
11
8
6
5
6
4
3
3
8
4
10
2
5
4
6
11
7
5
7
6
6
8
2
3
8
5
5
2
9
8
4
8
10
6
7
6
6
5
8
3
7
10
4
4
9
4
7
5
3
4
8
14
6
8
7
8
8
8
6
7
11
8
6
6
7
4
12
6
14
9
8
10
7
12
7
6
4
12
10
6
12
12
8
12
5
11
8
12
10
12
9
12
10
10
11
12
7
14
12
9
10
11
5
13
14
11
16
15
8
10
12
8
9
11
10
15
12
9
13
21
15
12
21
15
16
13
17
24
20
15
25
22
9
16
18
21
26
25
17
19
21
17
24
21
18
21
21
26
23
21
20
20
18
18
24
22
24
22
16
24
23
12
14
22
16
15
22
16
26
9
16
15
28
13
17
11
28
11
18
13
11
21
21
12
24
22
25
27
18
22
17
19
15
18
20
28
13
15
11
24
26
17
21
28
26
30
22
22
30
21
21
26
18
26
19
18
25
23
33
20
33
34
34
25
30
31
22
39
33
25
28
30
25
27
15
21
34
19
31
37
29
42
34
34
37
26
34
31
43
35
41
34
40
37
49
48
41
32
43
42
42
53
48
41
40
62
47
33
46
48
35
46
52
45
40
51
49
37
67
54
46
70
45
60
52
64
61
54
77
83
72
66
77
86
96
85
104
95
124
112
121
120
137
125
151
131
144
135
135
138
127
115
133
123
129
126
106
117
121
90
104
89
91
85
78
97
85
79
81
96
72
85
81
70
91
79
102
81
87
89
70
79
73
97
68
73
84
75
65
81
74
70
87
76
58
85
65
68
83
60
62
70
69
56
76
86
79
86
81
66
69
76
74
77
73
74
74
81
77
86
80
80
83
86
77
93
79
58
81
74
74
87
82
72
78
67
81
77
65
81
80
66
75
78
67
85
67
72
71
83
62
76
68
69
63
76
70
69
89
81
57
67
86
74
81
57
80
71
67
80
87
89
83
79
77
64
80
87
109
83
57
79
83
85
85
80
72
87
86
79
67
79
78
74
88
80
88
94
105
102
94
97
89
124
116
137
149
209
208
270
328
424
470
543
715
837
949
1178
1193
1387
1609
1751
1795
2046
1914
2086
1956
1958
1868
1784
1592
1509
1421
1244
1002
867
739
585
498
405
336
314
214
210
198
178
149
127
123
121
120
109
109
104
88
114
115
117
125
114
108
114
107
106
113
124
118
122
105
116
104
109
121
99
108
110
116
107
119
107
117
105
120
109
128
88
96
116
115
112
120
105
117
134
129
119
120
93
124
119
99
127
121
115
120
123
125
143
148
142
128
174
134
178
178
186
199
205
258
243
234
283
330
307
312
370
394
351
364
345
349
351
315
280
275
255
229
229
227
164
168
177
174
155
144
146
149
152
159
127
124
126
105
115
127
128
145
133
133
113
151
141
122
145
147
139
149
139
143
132
146
150
148
138
133
159
141
163
175
153
138
139
151
149
183
165
150
157
178
167
180
157
180
179
167
169
171
198
183
199
182
175
162
212
161
156
137
152
183
185
208
180
188
168
182
200
170
203
204
210
224
193
173
211
200
251
221
223
200
211
199
238
231
218
256
237
204
239
261
245
274
256
251
253
235
277
309
259
260
272
268
243
279
272
253
257
278
238
283
262
301
277
270
260
281
240
293
276
237
285
300
282
262
251
224
247
264
243
254
261
239
275
242
226
234
264
224
226
226
234
202
239
206
188
230
197
195
224
203
170
208
208
181
210
169
161
194
191
170
200
182
167
160
126
170
173
170
154
159
175
156
164
147
157
152
172
144
131
144
177
169
167
160
145
148
144
156
154
149
155
142
154
174
163
159
136
171
160
179
178
171
166
160
173
170
197
187
167
185
162
185
186
172
210
166
204
198
207
216
207
200
198
198
195
182
163
198
184
200
207
196
199
191
211
218
214
206
213
202
212
206
206
205
218
213
213
186
197
214
200
212
218
224
190
200
207
217
190
223
216
217
188
209
210
206
204
231
219
212
206
201
196
226
193
193
194
213
207
197
199
194
189
177
204
205
187
189
185
199
176
207
182
157
183
194
189
175
171
139
175
175
195
176
165
162
145
203
189
153
191
180
167
165
161
155
179
169
161
186
176
182
194
164
167
184
169
141
201
180
165
185
174
157
175
153
182
178
181
175
166
199
205
187
176
175
184
165
177
164
184
183
182
209
183
160
182
180
168
164
200
162
196
168
174
180
192
180
194
185
174
179
163
174
166
193
200
170
158
169
185
207
185
147
200
202
203
196
192
201
197
196
184
170
199
217
163
180
190
165
184
199
188
207
154
155
187
183
178
210
206
202
165
187
194
198
177
192
184
182
179
210
180
217
206
184
213
205
176
175
215
189
211
192
219
194
210
195
220
211
212
214
214
191
214
201
206
223
218
201
206
209
222
206
211
224
209
186
218
223
205
227
207
226
199
220
195
219
231
205
207
214
221
218
231
250
222
221
191
226
203
223
202
220
207
221
222
195
219
225
222
205
201
235
215
219
204
227
214
198
222
199
220
207
212
205
219
203
214
185
199
201
176
191
201
176
198
187
210
191
207
208
213
190
178
200
183
195
192
177
207
182
193
210
188
194
193
199
177
191
187
176
172
190
195
200
198
175
203
179
195
181
202
189
164
193
184
208
198
192
193
177
210
171
187
185
192
237
194
210
200
177
199
176
196
212
201
202
214
197
179
170
186
184
181
211
175
185
162
188
184
204
185
172
198
199
197
203
200
179
201
171
186
208
204
195
207
182
185
183
214
185
201
196
231
183
190
192
189
180
172
185
193
209
224
180
202
185
172
180
182
192
161
193
223
206
173
193
193
200
198
188
205
208
192
209
173
201
216
169
160
202
207
189
201
227
194
205
209
230
196
211
201
199
208
213
201
182
216
184
203
208
175
189
218
204
205
190
208
187
186
186
200
207
187
179
184
198
180
185
182
197
183
218
209
181
202
223
182
211
195
208
215
190
217
192
212
219
183
213
201
207
211
215
214
188
203
233
221
200
191
161
210
208
255
235
219
202
218
191
212
230
230
208
226
211
233
241
271
266
248
228
259
242
239
227
241
251
237
250
244
240
251
241
220
226
243
264
283
295
267
279
295
265
267
259
254
292
305
254
307
304
318
285
304
323
295
294
313
311
345
332
362
340
328
366
326
356
352
385
352
395
399
416
427
442
440
405
508
463
500
499
509
538
552
584
583
589
603
598
627
674
702
687
698
714
736
772
750
758
799
863
892
878
918
931
995
976
930
1088
1089
1091
1058
1053
1145
1128
1100
1160
1138
1204
1125
1177
1244
1153
1174
1136
1108
1135
1193
1129
1090
1128
1076
1074
1049
1037
1014
985
1016
977
961
913
922
804
850
859
812
789
740
784
684
699
623
635
581
582
565
532
547
482
506
501
494
468
424
401
382
417
409
364
365
339
364
344
315
327
304
313
322
258
320
289
269
259
291
267
251
261
260
240
241
253
260
227
238
257
225
224
227
188
221
212
209
215
207
189
213
178
204
179
188
187
185
183
186
188
176
212
177
198
218
177
184
222
232
205
235
243
266
235
269
267
275
307
296
301
334
358
318
417
352
384
388
418
431
444
439
414
434
442
445
387
413
399
434
402
376
380
343
321
336
290
280
277
256
241
234
211
185
179
170
151
153
168
162
149
121
132
148
144
126
134
121
118
147
107
112
141
126
129
127
144
146
105
138
123
136
149
144
157
126
150
156
162
170
153
160
152
153
156
178
182
165
185
161
183
193
198
164
163
199
172
149
195
207
177
167
190
179
202
190
222
193
232
213
222
194
221
213
232
203
222
213
215
198
226
222
226
196
199
231
232
223
188
195
201
238
222
185
158
199
189
202
159
197
180
169
157
199
161
189
168
170
153
163
149
151
131
136
143
131
141
144
133
128
117
120
117
120
122
107
128
126
119
125
95
105
99
83
107
106
111
87
92
78
99
84
81
78
87
74
91
77
67
87
78
92
88
83
61
76
62
81
74
71
61
69
68
55
69
72
56
49
49
53
55
57
52
56
59
67
62
67
55
61
55
54
47
45
50
53
52
46
58
54
43
53
40
42
66
45
51
46
56
49
49
48
55
57
33
53
37
51
51
55
58
45
53
47
55
58
49
59
56
58
64
56
62
55
47
57
63
63
66
66
79
73
73
53
68
53
40
63
75
78
69
63
76
72
68
62
58
52
54
49
58
52
42
53
45
42
51
42
44
49
38
33
39
37
43
48
40
50
30
26
36
33
30
40
28
38
31
50
43
44
36
28
37
49
55
36
35
32
42
42
33
52
32
29
41
36
26
40
27
39
39
39
34
36
33
26
27
34
28
27
28
30
31
34
33
27
37
24
32
32
25
32
28
31
27
27
26
26
29
32
31
31
24
27
37
39
32
33
29
19
37
34
34
38
26
31
24
32
24
29
27
30
29
24
27
31
32
23
28
23
24
30
25
22
29
27
28
31
28
17
20
20
21
19
28
27
33
27
26
24
23
33
20
17
20
29
24
16
24
27
15
26
22
23
24
15
24
20
29
23
25
28
17
17
28
27
19
24
35
20
26
24
31
21
24
21
22
18
22
27
31
27
24
27
23
20
29
25
20
16
31
29
19
19
20
19
27
23
19
24
30
19
24
29
26
17
25
24
16
18
17
21
21
22
20
19
25
25
15
15
41
17
21
22
22
22
15
16
22
20
19
18
20
14
20
17
30
18
22
20
24
25
19
16
14
24
22
21
16
16
18
26
27
16
20
19
10
23
26
15
21
29
17
18
20
15
24
18
16
12
16
16
24
17
12
8
18
10
11
11
19
18
13
14
21
14
13
19
20
18
16
15
17
13
20
15
19
16
8
12
13
17
14
16
16
15
17
15
21
18
11
15
21
19
17
22
25
14
18
17
13
19
19
21
12
13
9
22
14
20
16
15
19
13
16
15
16
10
16
18
11
16
10
15
9
18
20
14
16
18
18
13
15
9
18
16
20
19
12
9
14
14
10
15
14
17
15
18
17
12
12
11
13
13
14
17
12
5
16
14
14
11
10
10
18
12
9
14
12
15
18
10
12
14
15
8
12
14
14
12
15
12
5
9
20
21
11
8
10
7
14
11
14
8
17
9
15
15
14
7
13
12
14
11
13
16
12
14
11
6
7
10
13
14
11
9
9
16
11
7
10
15
9
15
7
14
4
12
13
12
11
10
12
8
11
12
13
6
14
15
13
15
9
15
9
14
5
5
8
7
12
12
8
5
12
7
8
11
14
15
8
13
12
9
14
11
8
12
11
13
9
10
10
9
10
12
6
6
9
12
13
10
8
5
7
7
9
3
15
10
10
12
6
6
12
7
12
13
14
7
6
10
10
9
4
10
6
8
9
17
7
7
6
15
11
16
10
9
12
8
8
8
10
14
5
7
8
9
7
14
7
8
12
11
6
11
6
7
8
6
12
10
5
9
7
5
5
11
8
5
10
3
10
9
6
5
7
11
9
3
14
11
7
10
10
7
8
10
6
10
9
9
9
9
6
6
10
6
6
8
4
6
2
8
5
15
6
9
5
11
7
10
4
4
7
5
7
10
6
5
8
5
9
4
11
4
2
8
3
6
10
5
5
2
8
12
5
8
9
7
9
6
3
6
6
5
5
9
10
10
9
5
4
4
4
4
4
7
12
7
6
6
10
5
9
6
4
5
8
7
9
7
6
6
10
8
3
3
3
8
4
3
13
5
7
5
11
10
3
1
3
4
8
6
7
5
7
5
6
8
4
3
7
11
7
2
4
9
4
5
4
6
3
4
2
3
3
9
4
7
6
2
7
4
7
3
3
4
4
4
6
8
7
5
4
3
7
5
3
7
5
0
3
5
7
8
3
7
5
8
3
4
3
4
1
4
2
9
6
6
4
6
3
4
6
3
4
8
3
2
6
4
4
5
3
7
4
5
4
5
4
7
8
4
7
7
3
3
3
5
2
0
2
4
5
8
1
6
10
5
1
2
4
1
4
2
4
4
5
2
6
2
9
3
4
2
8
7
4
5
2
5
5
3
1
6
1
5
9
6
2
4
2
3
2
3
4
4
2
4
7
4
4
2
2
2
5
6
2
0
3
5
1
0
5
4
2
1
6
6
5
4
4
3
1
3
5
5
6
3
4
2
4
4
5
3
2
1
4
1
3
3
1
2
2
5
3
5
3
4
3
1
3
3
3
1
6
6
0
1
1
2
3
1
2
3
3
1
0
3
2
5
2
1
2
2
1
2
1
1
2
1
0
3
3
4
1
1
4
3
4
2
4
2
3
1
2
3
4
1
1
1
4
1
2
1
2
3
4
4
4
5
3
4
0
4
5
3
6
2
2
2
0
2
1
2
3
2
1
4
1
5
3
1
5
2
4
1
1
5
2
3
1
2
3
2
1
8
2
3
1
3
1
1
1
2
2
0
4
3
3
1
0
1
1
1
2
1
2
3
1
3
1
2
0
2
3
3
4
1
0
4
1
1
4
1
3
1
4
1
0
5
2
1
1
1
1
1
1
3
0
4
1
1
2
1
2
3
1
1
2
1
1
3
1
1
2
4
3
1
2
2
2
3
2
1
1
2
1
1
2
0
1
1
2
1
2
0
0
0
2
2
1
1
1
3
2
4
1
4
2
3
1
0
0
0
3
3
1
1
2
0
0
1
1
1
4
2
0
2
6
0
4
1
3
1
1
2
4
1
2
3
3
0
4
0
3
1
5
1
2
1
1
0
1
1
0
1
0
2
2
0
1
3
2
1
2
1
1
1
1
1
3
1
0
1
2
0
3
1
0
0
2
0
0
3
2
1
0
1
2
1
0
0
2
1
1
0
1
0
2
0
0
0
1
1
1
3
2
2
3
1
1
1
0
1
1
2
0
2
1
2
1
1
1
1
3
0
0
0
2
1
2
1
0
0
0
0
0
1
2
0
2
1
0
1
2
0
0
0
0
1
1
0
0
0
1
0
1
2
2
1
0
1
0
0
1
2
0
1
0
1
2
2
1
1
0
2
0
1
1
2
2
2
0
2
1
1
0
0
1
1
1
1
0
1
0
3
2
2
3
1
1
1
0
1
2
2
0
0
0
0
1
2
1
2
0
0
2
1
0
1
1
2
1
1
0
1
0
1
2
3
1
2
3
1
0
0
1
0
0
1
0
1
1
0
1
0
1
2
0
0
0
0
1
1
0
1
0
2
0
0
1
0
1
0
0
0
1
0
1
0
1
0
1
1
0
3
2
2
0
0
0
1
0
1
1
1
1
3
1
0
1
0
2
0
0
0
0
0
0
0
0
0
0
1
0
0
0
0
0
1
1
0
1
1
1
0
0
0
1
0
0
0
1
0
1
1
1
0
0
1
0
0
1
0
1
1
1
0
0
2
0
0
0
0
0
1
1
1
0
1
0
1
1
1
0
1
0
2
0
0
1
2
0
0
0
1
0
0
1
0
0
0
1
0
2
0
1
0
1
0
1
1
1
0
0
0
1
2
0
0
0
0
1
0
0
1
0
1
1
0
2
0
1
0
0
0
1
1
1
0
0
0
0
0
1
2
2
0
0
1
0
1
2
0
1
0
0
0
0
1
1
0
0
0
1
0
0
0
0
0
0
0
0
0
1
0
0
1
0
0
0
0
0
2
0
1
0
0
0
0
0
0
1
0
1
0
1
1
0
0
0
0
0
0
1
0
0
1
0
0
0
0
0
0
0
1
0
0
0
0
0
1
0
0
0
1
1
0
0
0
0
0
0
0
0
2
0
0
1
0
1
0
0
0
1
0
0
0
0
0
0
0
0
0
0
0
0
0
0
0
0
0
0
0
0
0
0
1
1
0
0
0
0
0
0
0
0
0
0
0
0
0
1
0
2
0
1
0
1
1
0
0
0
0
0
0
0
0
0
0
0
0
0
0
1
1
0
0
0
1
0
1
0
0
0
0
1
0
0
0
0
0
0
1
0
0
0
0
0
0
0
0
0
0
1
0
0
0
0
0
1
0
0
1
0
0
0
0
0
0
0
0
0
0
0
1
0
0
1
0
0
0
1
0
1
0
0
0
0
0
0
0
0
0
0
