0
0
0
0
0
0
0
0
0
0
0
0
0
0
0
0
0
0
0
0
0
0
0
0
0
0
0
0
0
0
0
0
0
0
0
0
0
0
0
0
0
0
0
0
0
0
0
0
0
0
0
0
0
0
0
0
0
0
0
0
0
1
0
1
1
0
1
2
2
0
0
1
3
2
0
2
2
5
1
4
2
4
15
40
116
343
905
2244
4640
9540
16888
27613
40686
54423
66186
73058
73572
66579
54980
41590
28121
17615
9869
5048
2292
1018
364
159
49
9
4
2
2
0
2
2
1
0
0
0
1
0
3
0
0
0
1
0
0
0
0
2
46
51
51
42
44
41
60
48
46
33
53
45
44
40
34
39
39
30
30
40
47
40
37
43
37
36
33
41
33
34
40
37
43
40
36
35
37
41
31
40
47
43
41
38
36
36
40
39
38
43
36
44
47
34
39
35
27
49
55
50
43
50
39
49
37
37
59
58
76
90
100
127
137
152
157
164
163
157
159
110
109
101
85
60
73
55
53
48
39
42
45
47
45
34
42
41
44
42
48
57
65
50
58
48
58
66
68
82
81
75
90
109
111
96
128
151
119
142
162
141
196
194
247
296
367
548
767
1203
2027
3096
4907
7359
10313
14414
18665
22842
26278
28913
30222
29432
27501
24645
20353
16634
12852
9446
6727
4969
3464
2425
1844
1410
943
769
534
493
412
354
381
473
563
702
767
900
1073
1088
1065
971
941
776
659
515
401
326
218
161
128
92
92
101
68
70
61
39
37
32
22
25
13
13
14
9
7
12
10
5
4
8
12
15
7
7
8
7
3
3
11
8
6
7
8
6
8
6
2
10
8
7
7
8
15
10
6
12
17
9
19
19
19
27
28
26
32
32
31
40
26
29
28
23
26
24
16
20
28
10
21
22
18
16
21
23
29
30
18
15
31
24
17
20
9
19
12
24
26
12
13
13
5
8
3
7
10
6
6
5
5
7
4
6
6
9
9
8
8
8
6
6
6
8
6
4
3
3
5
8
5
8
5
6
9
10
8
15
11
9
15
13
9
24
24
25
20
24
26
23
21
20
10
13
13
17
13
8
11
7
11
8
5
9
14
8
4
12
19
19
15
10
9
9
9
8
7
10
10
4
8
6
4
6
7
3
5
6
7
4
4
6
5
3
4
4
6
3
9
5
9
1
10
7
6
7
3
5
5
1
6
10
3
2
10
9
4
2
3
14
8
8
10
6
2
4
9
7
5
3
8
8
8
5
2
6
4
6
10
2
3
7
2
6
5
8
4
4
8
7
5
7
6
7
5
5
4
4
11
9
6
9
8
12
8
8
5
8
8
8
8
9
3
4
8
10
9
6
8
6
7
3
6
11
2
7
5
8
7
9
10
5
6
12
9
15
10
7
6
9
14
9
13
6
11
10
6
9
10
3
9
13
11
5
16
4
8
7
7
18
12
9
12
9
10
10
9
10
9
7
9
13
26
13
14
6
10
12
17
12
8
22
17
14
10
13
17
15
14
13
16
9
17
9
13
20
19
15
18
17
15
12
10
18
10
18
15
18
15
20
10
10
21
13
18
15
18
14
14
16
20
14
15
13
21
22
21
18
19
15
13
19
18
17
20
16
15
14
19
20
24
19
20
16
18
21
17
26
23
21
19
21
22
22
23
14
31
11
29
24
27
25
22
19
18
24
24
23
22
24
25
31
18
21
23
24
31
20
32
26
26
31
19
25
32
32
28
28
26
36
30
33
33
30
28
33
31
26
18
34
31
29
29
31
36
29
30
31
33
39
36
38
28
42
32
35
36
37
37
33
41
35
46
34
41
29
33
43
28
47
40
41
41
36
37
44
60
46
55
41
53
49
50
62
49
50
52
49
46
42
51
55
45
57
56
57
61
58
67
75
60
64
71
66
65
66
57
70
65
63
74
71
82
89
61
75
82
81
74
97
83
84
107
84
102
94
103
100
92
94
85
106
97
99
84
85
91
114
92
91
91
111
89
87
87
72
71
87
89
99
63
85
78
87
89
80
84
72
79
65
77
85
76
82
71
86
62
87
89
74
70
89
72
67
76
74
69
86
71
76
79
62
81
76
62
83
81
78
67
69
63
81
64
74
65
81
71
68
70
68
82
88
84
83
58
81
76
76
69
68
68
73
55
61
56
51
71
74
75
61
75
65
60
67
84
76
73
60
82
72
74
67
55
62
77
77
79
63
58
79
63
70
75
83
79
74
63
89
69
80
62
94
79
81
80
86
77
83
72
53
79
78
68
67
86
96
98
88
87
84
83
76
84
97
92
84
84
94
84
98
102
121
145
170
166
201
266
319
399
483
576
706
877
990
1131
1272
1431
1642
1810
1932
2020
2071
2097
2040
2042
1998
1844
1755
1604
1393
1256
1118
978
773
619
553
433
373
266
246
229
151
159
133
138
113
87
107
112
103
92
106
119
103
104
98
86
101
99
107
107
104
85
101
105
95
102
89
116
100
99
86
98
105
110
130
112
110
116
101
113
102
111
108
108
108
109
107
105
128
109
114
106
111
90
119
107
112
118
131
109
133
117
128
113
125
110
157
142
148
160
177
182
203
241
232
272
284
317
316
364
351
408
394
391
378
383
346
368
355
318
316
266
260
256
231
209
182
230
174
154
142
154
134
132
136
136
144
150
145
151
142
152
152
149
138
145
125
150
154
173
156
149
145
153
163
158
166
141
161
160
149
176
180
151
167
184
156
198
181
170
162
174
161
180
172
170
187
217
219
190
189
185
210
182
220
200
201
217
223
228
234
232
241
245
215
227
226
240
242
253
236
241
238
270
244
271
264
267
264
256
280
235
274
251
260
271
271
276
266
262
231
260
253
245
265
259
260
257
273
254
241
233
249
249
227
256
231
226
239
210
213
236
190
218
207
187
179
171
193
195
154
190
192
182
194
173
168
184
183
141
160
167
172
166
157
152
163
149
145
156
166
173
152
165
152
155
155
162
154
144
154
120
167
159
135
154
151
154
165
140
144
148
161
160
171
149
151
162
148
131
165
161
161
131
150
157
162
144
150
157
164
161
151
145
155
156
156
142
151
155
157
172
151
140
164
160
147
146
154
148
149
156
150
133
143
145
145
145
151
160
164
138
153
127
143
143
141
130
159
170
181
172
168
147
154
149
158
155
129
152
153
161
150
156
156
155
177
185
134
166
151
143
159
155
141
168
154
172
179
148
169
151
137
150
162
153
158
151
159
177
180
137
200
166
177
158
186
188
164
183
186
187
159
159
178
173
172
170
177
169
170
204
170
170
183
194
168
192
198
182
149
198
195
174
185
193
201
187
227
187
188
206
197
218
179
174
197
175
205
202
183
190
173
201
191
199
195
202
181
181
194
185
177
197
197
173
205
174
181
190
187
191
184
184
196
194
196
173
196
187
211
178
166
204
189
222
197
179
179
164
167
186
209
192
185
194
207
187
189
172
203
205
188
198
189
172
219
191
200
221
194
197
208
211
190
215
226
213
202
211
253
202
190
195
229
220
233
215
238
223
238
230
225
219
199
220
228
225
223
236
242
239
233
248
240
236
260
236
241
245
243
239
263
240
253
237
255
266
268
242
240
231
245
262
203
229
245
235
273
260
265
249
252
222
241
233
235
249
234
231
225
232
228
214
217
209
214
211
241
232
255
228
213
217
222
222
206
222
216
215
203
255
207
218
219
190
226
208
183
228
254
226
191
195
194
223
191
192
203
218
175
222
183
179
182
211
194
178
190
191
198
197
186
183
183
188
190
185
201
183
183
181
174
211
181
187
226
210
184
167
186
191
177
180
188
203
173
159
206
227
190
172
171
178
176
194
202
210
193
161
171
209
189
185
195
192
190
171
173
196
188
173
198
201
175
186
178
210
215
173
183
161
184
184
179
216
159
179
166
185
212
187
213
200
187
180
174
220
186
182
194
173
194
179
147
196
158
202
183
194
174
199
203
158
181
182
172
194
201
180
187
177
170
184
187
174
190
191
170
176
219
163
187
201
179
202
201
189
171
182
178
192
186
182
187
205
163
184
198
181
176
210
191
179
193
189
172
175
180
187
193
184
201
178
212
195
204
207
176
202
166
199
207
208
188
200
205
179
202
179
209
183
223
205
181
197
233
194
205
198
190
190
198
210
185
192
234
212
196
189
203
210
200
210
189
208
218
216
216
219
206
202
182
208
206
193
214
234
212
200
193
192
176
205
168
201
187
197
207
207
214
160
199
196
183
179
174
188
220
214
208
198
197
220
204
196
201
194
222
220
182
204
208
201
223
223
236
221
219
205
238
225
225
212
207
224
213
234
222
243
252
239
226
213
236
219
220
237
261
272
224
257
250
253
256
246
237
257
268
269
266
266
270
291
275
276
275
263
277
259
276
309
268
274
312
312
296
309
288
292
296
328
317
315
314
325
306
311
380
377
332
386
346
359
427
385
367
410
415
419
410
441
468
477
437
476
497
490
538
474
537
584
583
602
600
630
638
696
713
715
755
739
760
772
788
830
856
894
863
913
979
981
933
945
1012
1116
1067
1050
1124
1063
1096
1124
1085
1185
1107
1118
1161
1195
1117
1196
1228
1181
1125
1178
1181
1145
1131
1026
1045
1075
957
1019
953
1010
910
946
920
889
920
852
864
799
782
752
666
684
679
647
618
615
596
566
559
565
502
462
481
432
434
421
422
392
435
395
382
360
332
334
354
301
355
306
284
306
297
297
282
279
278
292
262
263
271
247
266
251
252
235
237
245
222
225
234
242
237
210
224
206
236
185
200
183
197
200
184
192
172
181
184
182
152
182
177
202
178
185
222
198
170
195
196
208
204
233
218
256
251
254
278
258
270
297
314
338
353
361
321
320
357
365
376
403
390
389
405
401
387
373
423
398
362
340
349
326
321
290
278
272
245
245
213
200
186
194
168
170
156
160
142
152
145
137
154
123
130
126
131
101
158
133
130
126
122
117
123
125
124
107
125
128
107
131
106
132
139
153
117
152
155
160
160
158
148
150
153
157
158
162
154
164
150
196
195
192
176
193
165
191
174
183
209
197
221
191
195
203
233
202
211
197
215
212
214
214
193
235
190
233
224
206
198
199
239
219
215
214
199
208
201
178
191
215
201
183
187
176
192
179
176
208
183
174
172
169
152
181
163
150
157
164
164
147
142
150
150
151
127
130
163
120
118
136
117
122
111
120
150
99
126
113
117
97
111
100
98
97
93
85
91
85
96
79
76
73
87
102
91
84
72
76
78
85
62
70
75
77
64
66
68
70
71
52
72
67
59
66
64
61
55
51
69
57
77
81
54
59
74
73
67
57
61
56
48
53
56
49
55
60
60
50
54
40
47
48
58
58
59
42
64
56
43
57
60
56
56
49
41
44
43
47
34
60
41
43
40
49
41
54
52
38
43
66
46
57
58
51
71
44
72
63
55
76
58
62
68
75
69
59
64
52
70
71
58
65
50
51
62
60
71
59
57
60
48
44
47
53
45
46
51
46
45
36
31
47
41
46
29
30
32
43
47
34
30
37
38
37
37
31
32
30
29
33
41
37
37
35
31
40
42
41
41
33
34
38
33
26
37
29
41
35
30
41
25
30
27
32
31
27
28
38
34
33
37
35
28
27
28
29
40
36
36
41
45
37
20
29
24
30
30
28
32
23
32
28
40
28
28
32
31
29
19
25
21
28
26
28
30
32
22
23
19
30
22
36
27
24
28
29
25
21
25
25
24
13
22
21
29
31
23
30
19
32
16
20
27
24
24
23
25
20
23
25
22
30
20
22
26
20
25
31
13
29
23
25
20
22
25
30
22
27
28
23
27
15
17
24
22
33
16
22
21
28
25
24
18
28
23
29
14
23
21
19
24
24
21
21
22
22
25
21
19
29
15
16
26
16
23
18
24
22
24
23
23
19
19
23
16
16
22
19
18
29
24
17
19
18
23
28
21
22
21
21
21
20
23
18
15
13
19
25
14
15
13
16
22
20
23
11
21
16
19
16
21
17
11
13
30
17
23
13
21
12
21
20
18
21
21
14
19
25
20
14
15
20
29
19
21
18
17
14
13
23
18
12
12
20
9
17
27
21
22
15
14
14
19
14
9
24
11
15
17
24
15
18
20
12
21
20
7
11
18
18
18
15
18
19
14
13
19
16
5
17
17
11
18
18
12
15
14
16
17
17
21
19
8
11
11
10
7
19
12
13
11
12
14
12
15
12
17
15
11
11
13
10
20
13
16
15
14
12
18
19
10
15
13
14
15
10
13
13
15
7
14
17
21
18
9
14
17
19
12
11
15
11
11
20
10
13
14
12
10
19
13
13
13
12
17
13
17
17
11
12
19
10
6
12
6
7
11
10
14
12
9
5
11
16
15
13
12
15
16
10
11
13
7
17
17
8
14
9
21
13
9
8
8
7
17
18
15
12
14
13
13
18
9
14
14
17
11
13
15
11
17
11
14
9
7
17
10
10
12
8
12
10
15
14
7
8
9
15
6
10
18
11
10
13
10
7
8
11
8
11
9
11
7
9
6
12
11
7
15
8
9
10
7
10
11
8
10
13
8
14
9
9
7
5
16
10
6
7
10
14
8
9
7
8
15
9
7
12
14
10
6
11
12
12
10
9
12
7
9
8
8
6
6
3
8
12
10
8
4
11
6
11
9
11
7
11
13
4
13
5
7
9
8
7
11
5
3
9
9
6
10
9
7
2
10
4
7
9
7
6
9
8
10
5
6
10
9
5
5
7
7
11
11
10
9
1
5
4
8
6
12
14
6
7
8
5
7
7
8
9
4
3
5
6
7
5
9
9
4
2
8
6
6
6
9
7
10
8
11
6
5
10
4
5
4
8
5
4
5
4
1
7
7
5
5
8
5
10
6
6
10
4
8
5
4
9
11
7
8
5
7
7
5
7
8
5
5
7
11
6
4
5
7
6
7
9
6
4
6
7
6
7
4
7
8
6
6
2
3
5
2
6
5
5
4
7
9
10
7
7
6
3
6
6
3
8
2
3
8
3
9
6
5
9
4
3
7
4
8
5
4
7
2
1
5
12
3
5
6
5
3
3
5
6
2
3
5
4
3
4
3
6
3
2
1
5
5
0
6
3
5
2
7
3
2
5
1
2
2
0
3
8
4
2
5
6
1
4
3
4
2
3
4
6
4
3
3
4
6
2
8
0
4
5
3
3
1
3
5
8
6
1
3
5
5
5
3
4
5
4
3
2
4
6
5
3
4
3
5
4
2
3
0
3
4
4
2
4
7
6
2
3
3
1
4
5
3
2
3
5
6
3
5
3
3
3
4
3
4
3
5
4
1
2
6
1
5
7
3
2
5
2
5
5
2
3
2
3
1
2
0
4
3
3
1
3
3
5
2
0
2
2
2
3
7
5
4
2
3
1
2
1
2
2
4
1
4
3
2
4
2
3
2
2
5
3
3
0
3
4
0
2
2
2
0
3
1
4
2
2
2
3
1
2
3
4
3
1
2
5
5
2
2
3
0
2
3
2
1
2
4
1
1
3
3
3
3
3
3
4
1
3
4
2
3
3
3
2
4
1
5
2
3
3
0
1
3
3
2
1
3
5
2
1
2
1
3
2
1
1
1
2
2
5
1
1
1
3
3
2
1
4
3
2
1
2
2
1
1
1
1
3
3
1
0
4
0
1
2
1
1
3
2
4
3
2
0
2
3
4
1
1
1
0
5
2
4
2
1
0
0
2
1
0
0
0
1
1
3
3
2
5
1
0
2
2
1
2
1
3
3
2
0
0
2
0
1
0
0
1
3
2
1
0
0
1
3
1
1
2
1
1
2
1
0
0
3
0
3
2
0
0
0
4
2
3
2
2
1
1
1
5
2
1
2
0
1
1
2
2
2
0
2
0
1
2
3
1
2
0
2
4
2
2
1
3
2
1
0
2
1
0
1
1
0
0
0
2
1
0
1
2
2
1
2
5
1
2
0
1
1
1
0
3
0
0
1
1
1
1
3
1
0
1
2
0
0
1
1
0
1
1
2
1
0
0
4
1
1
0
1
1
4
1
2
1
0
2
0
1
2
0
2
0
0
1
0
0
0
3
1
0
1
3
1
0
2
3
0
0
1
0
2
0
1
0
1
1
1
0
4
0
2
0
0
2
1
1
3
0
1
0
0
1
1
0
1
2
1
1
0
1
0
3
0
3
1
0
0
0
0
1
1
0
2
0
0
0
0
0
0
1
0
1
2
1
0
0
0
1
2
1
3
2
2
0
0
3
0
0
2
1
1
0
0
1
0
2
1
2
2
1
2
0
0
0
1
0
0
1
0
1
1
0
0
0
2
1
0
1
1
0
1
1
2
1
2
0
0
3
0
2
1
0
1
0
2
3
0
1
0
1
1
1
1
0
1
0
1
0
3
0
0
0
1
0
1
1
0
0
0
0
0
0
1
1
1
0
0
2
0
1
0
0
1
0
0
0
0
0
0
2
0
1
0
1
1
0
1
0
0
1
0
1
0
0
0
1
1
0
1
0
0
0
0
0
1
2
0
2
0
0
0
0
4
1
0
0
0
0
1
1
0
0
0
0
0
1
1
0
0
0
0
0
0
3
0
0
0
0
0
0
0
0
0
1
0
0
2
0
0
0
0
1
1
3
0
1
0
0
0
1
2
0
1
0
0
0
0
0
1
2
0
1
1
2
0
1
1
1
1
0
0
0
1
0
0
1
1
0
0
1
1
0
0
0
1
1
0
0
0
0
0
1
1
0
2
1
0
0
0
0
1
0
0
0
1
1
0
0
0
1
1
0
1
1
1
0
0
0
0
1
0
0
0
0
0
1
0
0
1
1
0
0
0
0
0
0
1
0
0
2
0
0
1
1
0
0
1
0
0
0
0
2
0
0
0
0
2
0
0
1
0
2
0
1
0
0
0
0
0
0
0
1
0
0
0
0
1
0
1
0
0
0
1
0
0
0
0
0
1
0
0
0
1
0
0
0
1
0
0
0
0
0
0
0
0
1
0
0
0
0
0
0
0
0
1
0
1
0
1
0
0
1
0
0
1
0
0
0
1
0
1
0
0
0
0
1
0
0
0
0
0
1
1
0
1
0
0
0
0
0
1
0
0
0
0
0
0
1
0
0
0
0
0
0
0
3
0
0
0
0
0
0
0
0
0
0
1
0
1
0
0
0
0
0
0
0
0
0
0
0
0
0
1
0
0
0
0
0
0
1
0
1
1
0
0
0
0
0
0
0
0
0
0
1
0
0
0
0
0
1
1
0
0
0
0
0
1
0
0
0
0
0
0
0
0
0
0
1
0
0
0
0
0
0
0
1
1
0
0
0
1
1
0
0
0
0
0
0
1
0
0
0
0
