0
0
0
0
0
0
0
0
0
0
0
0
0
0
0
0
0
0
0
0
0
0
0
0
0
0
0
0
0
0
0
0
0
0
0
0
0
0
0
0
0
0
0
0
0
0
0
0
0
0
0
0
0
0
0
0
0
0
0
0
0
0
0
0
0
1
0
0
1
0
1
0
1
2
1
3
0
5
5
2
6
4
15
38
108
376
956
2267
4938
9546
17249
27984
40772
54107
66418
72523
72575
66672
54750
41619
28459
17454
9814
5167
2362
965
425
120
47
16
8
1
2
3
1
2
1
1
1
0
0
0
0
0
1
0
0
1
0
0
0
13
47
41
48
31
34
46
45
50
54
33
38
37
43
36
38
46
34
45
42
39
45
40
51
40
38
46
44
25
41
49
41
27
36
34
29
41
34
39
29
36
47
36
46
23
40
39
41
43
40
37
30
39
38
40
43
46
37
42
44
44
42
48
37
40
45
34
51
55
64
89
109
112
143
162
151
166
174
161
144
105
102
106
80
84
62
60
47
40
55
38
37
41
37
47
46
47
43
53
40
52
57
44
59
63
65
55
67
81
68
81
69
95
95
108
100
108
132
134
134
139
149
142
177
223
263
383
635
1019
1854
3004
4528
6969
10383
13800
17819
21905
25530
27696
28942
28629
26540
23308
19779
15966
12344
8968
6669
4772
3360
2273
1686
1229
907
647
518
381
327
303
356
434
563
663
753
923
1015
1100
1069
982
955
792
633
487
433
313
228
170
141
124
106
86
72
52
46
49
50
24
20
19
14
21
12
8
8
15
8
6
10
7
7
7
8
5
8
11
10
14
12
13
10
13
12
12
7
7
6
9
9
6
7
7
7
8
4
11
12
7
11
19
20
26
11
19
17
24
31
18
25
29
34
12
25
19
11
24
23
18
23
12
27
15
17
28
20
25
25
23
19
15
22
11
22
23
20
14
13
11
14
9
15
8
9
10
5
5
5
4
5
5
5
12
10
5
5
2
1
7
4
8
2
6
2
3
5
8
6
3
7
6
3
4
9
7
10
8
15
16
16
24
16
23
18
17
19
24
19
22
15
11
16
13
8
12
9
8
6
4
10
7
6
5
11
9
10
8
11
19
4
12
7
11
10
8
10
5
3
3
5
6
4
2
10
7
5
7
2
5
4
6
7
7
6
3
3
2
4
3
5
4
4
9
3
7
5
5
5
9
8
3
7
8
9
7
2
7
3
6
6
9
6
4
6
5
8
6
4
4
8
5
5
5
8
4
2
1
10
4
9
7
4
6
6
8
2
3
12
6
3
11
5
5
6
8
7
7
7
7
6
6
9
2
3
5
7
4
10
7
7
10
8
9
8
7
8
9
12
6
5
5
2
10
8
7
6
5
4
8
6
8
8
11
6
5
4
7
2
5
6
8
9
11
15
6
4
10
11
9
8
11
15
13
9
8
13
12
8
9
8
9
9
12
3
11
8
12
6
12
11
8
7
10
9
12
7
13
13
10
12
13
7
7
9
10
12
16
8
13
12
8
10
9
15
12
13
9
17
6
14
15
16
12
17
17
19
16
15
19
17
20
17
23
26
28
22
17
18
28
23
15
28
19
16
29
13
17
22
18
25
26
21
22
22
16
22
28
20
14
18
22
13
21
16
23
13
21
9
16
25
14
23
12
17
14
17
18
16
14
25
25
25
18
15
17
25
27
29
29
27
18
22
12
11
23
25
26
24
26
13
20
17
24
29
26
27
26
29
24
23
20
30
33
25
28
22
20
22
24
17
33
23
25
19
28
40
20
33
28
29
33
23
36
35
39
26
37
28
28
30
25
27
34
31
38
32
28
38
40
45
32
23
41
46
41
29
30
42
31
46
48
43
46
40
51
37
41
52
48
39
37
41
58
52
45
59
60
66
64
63
49
58
67
76
74
76
85
60
56
75
84
91
105
92
91
108
125
136
129
137
146
137
143
139
166
153
142
138
146
135
149
135
121
104
90
112
103
108
102
102
90
82
75
91
88
78
99
82
73
81
84
87
84
89
70
94
65
92
90
81
62
72
79
74
56
69
80
66
59
84
88
72
89
90
85
74
86
77
73
71
78
88
85
85
72
59
69
69
81
79
82
65
79
93
81
74
66
68
69
75
78
72
63
76
69
74
72
66
85
70
80
89
73
77
69
83
86
75
76
75
87
69
86
69
70
78
68
66
74
80
87
86
60
74
68
78
73
87
59
69
82
77
84
91
73
71
70
92
84
77
63
74
94
91
77
96
76
73
75
82
78
65
82
88
79
94
86
80
89
90
93
97
83
103
98
102
87
101
98
105
130
131
171
182
218
312
349
404
507
621
723
835
1016
1083
1343
1463
1562
1781
1964
1939
1979
2057
1978
2010
1907
1779
1629
1524
1320
1212
1071
880
734
621
511
419
349
252
240
214
164
149
145
136
106
111
111
109
89
109
102
117
98
109
111
106
112
106
131
126
130
92
134
113
119
120
109
120
111
120
108
117
134
99
132
110
114
103
121
127
134
110
140
130
120
135
119
107
94
134
128
102
106
116
137
120
126
137
120
131
121
127
109
140
135
130
154
149
164
196
159
239
199
218
226
259
264
312
315
361
356
356
392
355
385
331
390
324
321
321
279
275
263
227
204
203
171
170
147
151
147
170
139
158
138
146
107
114
150
158
154
134
128
142
152
148
135
150
149
140
162
121
141
155
155
150
149
169
158
132
140
162
150
161
167
139
188
151
158
149
161
150
158
184
191
163
184
157
183
169
187
186
194
182
201
183
190
175
183
193
192
201
200
172
189
173
190
192
188
195
213
185
206
205
196
195
187
224
198
223
194
207
207
263
216
215
209
215
229
226
236
248
276
245
242
268
274
246
260
293
287
255
262
256
263
262
280
276
259
253
273
311
253
283
288
288
324
277
255
295
270
281
308
273
260
261
275
277
271
255
257
251
266
257
226
255
256
211
253
264
253
256
241
248
216
250
272
215
215
209
201
208
201
207
215
214
177
204
186
197
192
194
163
186
186
166
141
162
160
174
188
168
161
167
155
154
161
166
158
164
183
167
165
165
171
155
189
133
153
149
161
157
156
174
156
152
152
176
163
153
170
146
160
186
165
179
172
178
177
174
182
163
177
202
178
179
185
147
178
174
165
196
179
200
203
204
171
191
194
198
224
204
201
208
213
209
197
201
230
187
222
193
204
205
211
253
208
228
211
179
226
206
213
212
210
228
194
221
219
179
184
219
225
199
218
205
186
204
213
226
222
173
196
177
224
187
206
206
203
183
184
200
195
201
188
184
193
203
233
166
180
201
186
168
185
185
181
178
182
182
161
197
179
183
177
177
173
182
194
180
173
188
176
185
164
189
174
173
157
174
165
180
172
177
191
206
170
189
162
164
188
177
177
178
159
182
180
179
148
170
151
175
166
180
167
191
175
186
157
171
160
176
166
181
173
175
166
177
191
173
182
204
179
175
183
196
204
162
194
144
170
174
169
168
164
180
188
195
189
179
196
172
174
192
183
186
193
180
204
182
181
187
197
170
196
189
179
184
189
197
174
186
206
190
181
184
201
207
181
204
179
205
177
187
182
206
184
184
191
178
181
211
210
213
182
204
185
185
218
201
171
202
191
195
196
212
195
208
222
190
196
165
203
201
200
207
205
211
198
208
188
192
211
220
223
190
213
209
205
223
218
199
184
208
213
225
214
221
205
219
211
231
210
226
235
202
190
216
243
219
188
208
219
212
231
213
221
230
214
218
212
221
192
223
202
229
222
205
233
214
211
197
202
214
233
206
225
216
205
211
207
215
188
198
187
209
195
198
205
209
211
190
214
202
172
184
182
209
213
176
201
180
217
180
162
160
186
213
183
174
180
210
195
198
197
205
167
183
192
190
196
184
174
196
189
166
214
170
221
219
164
171
203
176
210
170
211
183
201
190
214
185
177
182
197
174
172
185
199
193
196
194
208
189
205
177
187
190
192
201
189
186
181
161
198
184
179
203
188
208
204
208
182
180
200
189
190
177
209
194
189
224
194
189
194
180
181
175
188
215
212
189
202
169
192
196
180
192
168
189
192
197
206
193
197
200
192
202
223
212
195
189
207
178
173
212
195
186
192
197
186
205
184
184
156
187
229
177
205
195
183
204
186
189
175
198
224
192
190
162
178
184
181
205
200
169
225
215
188
171
191
203
191
205
187
191
180
198
212
198
213
209
171
178
205
174
201
198
192
198
236
206
218
212
167
210
204
185
201
200
218
202
187
192
202
213
236
212
192
228
220
217
198
207
205
198
201
207
210
196
205
193
215
205
202
256
223
207
232
223
233
210
196
222
221
240
252
225
242
243
266
247
240
278
265
265
246
236
231
226
242
247
257
251
287
276
275
240
278
270
269
298
294
281
292
296
280
346
309
286
323
327
305
317
316
353
344
334
349
328
331
352
346
355
393
385
392
410
390
420
417
435
429
451
443
520
500
482
529
535
559
547
611
587
642
617
593
677
661
716
692
719
816
830
821
842
881
898
904
905
947
1037
1003
1008
1069
991
1091
1162
1076
1183
1098
1113
1125
1090
1131
1239
1168
1125
1199
1151
1196
1162
1184
1179
1111
1074
1105
1099
1041
1088
1014
994
1048
998
956
914
948
896
930
798
804
855
798
753
718
649
637
679
610
626
614
546
532
513
558
496
441
460
471
442
386
422
416
381
393
367
331
403
352
364
356
297
272
322
297
283
275
304
280
281
251
240
283
244
291
240
236
254
238
238
214
226
263
208
224
224
204
218
213
212
204
179
175
195
176
179
199
199
174
189
173
189
183
166
195
170
197
193
236
209
229
225
224
234
245
278
293
296
274
285
324
296
332
376
367
385
416
391
437
392
401
431
442
460
453
408
421
450
376
423
388
393
384
390
366
345
314
303
278
292
239
225
212
209
175
171
175
183
152
143
144
143
148
154
123
95
135
126
124
147
136
130
119
132
141
134
122
133
138
117
133
136
146
138
134
149
149
137
153
174
158
176
138
151
154
158
164
145
159
148
156
167
159
187
168
182
175
183
168
177
204
179
211
190
198
201
202
201
222
209
206
212
200
234
209
212
227
211
257
211
230
239
202
210
225
177
199
188
211
210
207
199
204
189
199
182
176
202
175
185
197
195
190
188
169
179
148
171
163
140
158
161
179
137
131
139
144
125
132
141
138
129
132
116
127
105
120
134
110
108
104
96
110
113
113
90
91
85
87
96
105
88
95
83
78
86
77
87
90
84
67
78
84
74
81
72
74
60
76
80
73
53
71
66
60
62
59
63
78
53
63
63
60
49
67
61
43
63
60
53
55
42
62
69
49
61
60
58
65
58
55
60
52
50
60
46
48
53
52
53
44
45
43
48
49
37
45
52
40
61
45
56
43
48
52
58
46
52
58
45
51
37
54
56
70
54
50
69
64
56
57
63
66
78
75
62
75
74
81
84
69
66
62
58
76
66
47
60
62
48
41
49
58
48
43
48
36
46
46
46
32
39
39
40
42
43
26
42
35
51
41
40
32
44
32
41
48
35
40
33
29
43
37
38
46
35
36
26
48
32
38
37
36
37
35
27
38
34
33
37
40
24
29
48
35
35
34
29
35
41
19
26
31
30
25
22
32
28
26
37
41
34
32
27
36
26
35
32
33
35
30
33
36
30
29
30
34
28
24
32
27
30
25
27
37
26
38
38
36
18
36
30
19
22
30
23
24
33
29
32
23
26
38
23
22
27
28
28
26
26
21
18
30
21
24
24
25
27
28
27
34
27
22
16
25
18
21
22
27
24
28
26
28
26
18
19
15
22
25
25
28
31
19
32
30
16
31
21
29
16
16
17
23
20
24
21
29
19
27
22
15
25
31
19
17
24
22
28
25
24
28
18
24
23
22
33
19
25
19
29
18
26
9
19
22
19
25
21
23
24
24
26
30
22
25
28
16
23
26
15
14
21
23
15
24
20
19
28
28
31
15
19
16
22
24
21
20
29
16
26
18
15
19
13
17
22
23
36
13
19
19
23
15
16
13
13
18
19
20
22
12
20
17
32
12
24
20
20
21
17
17
24
15
15
13
17
12
20
21
10
15
15
22
21
20
15
21
15
22
17
19
16
17
17
24
14
15
13
19
20
10
16
17
16
17
17
25
18
24
15
15
18
11
20
13
14
12
12
12
18
16
22
23
14
12
10
17
11
10
12
20
19
13
11
14
13
24
15
19
9
13
16
16
18
16
7
21
20
19
9
13
20
14
16
19
10
25
16
19
19
9
12
17
13
14
15
15
8
11
14
13
7
16
13
21
18
20
10
14
9
16
11
12
6
14
16
28
16
14
8
9
20
9
13
14
12
6
14
15
10
13
11
14
11
6
12
15
20
13
10
14
14
14
13
9
9
10
12
13
14
12
9
12
10
15
17
7
10
13
11
12
16
10
18
12
7
16
15
7
13
14
9
9
14
10
8
14
8
19
9
8
9
11
6
6
15
10
8
10
9
6
6
6
15
9
8
10
14
10
13
9
10
13
8
5
11
9
9
8
16
8
11
5
12
10
15
14
4
9
11
7
4
11
9
8
10
11
5
10
10
13
13
10
19
6
10
10
11
15
9
10
12
7
7
8
15
8
8
14
8
6
7
13
10
9
10
10
6
11
7
10
8
15
12
16
5
13
8
10
8
6
14
6
5
6
16
7
11
5
12
9
12
7
6
8
7
8
7
6
5
9
3
6
9
9
8
6
7
4
6
14
3
3
11
11
5
3
7
11
9
4
3
4
2
5
15
5
6
7
5
4
8
11
10
3
5
6
10
8
3
7
7
8
2
9
8
8
8
6
10
9
11
8
1
7
7
4
8
8
10
4
4
6
5
7
5
12
10
12
8
9
12
4
10
5
2
2
5
2
6
6
10
6
5
5
11
4
7
4
4
3
5
1
8
6
9
2
10
8
6
7
5
5
4
7
6
3
8
6
8
8
4
4
7
7
2
8
3
4
8
6
6
1
10
5
5
6
6
3
5
6
3
7
6
6
9
5
8
5
4
4
5
6
7
7
10
5
8
3
6
7
9
6
4
4
4
4
2
2
3
5
4
6
5
3
6
5
7
2
7
4
4
5
4
4
6
7
5
2
1
6
2
8
5
6
6
6
3
4
5
4
4
5
4
3
3
6
5
6
10
2
4
1
5
2
5
4
4
5
6
2
4
3
1
5
3
5
4
5
9
6
5
4
1
3
4
5
5
7
4
3
4
7
2
6
2
7
5
1
6
3
3
4
5
4
3
6
3
8
3
2
2
5
4
1
8
2
3
3
4
6
3
4
4
1
6
4
5
7
2
3
3
1
1
7
1
3
6
6
2
2
1
3
3
2
4
2
3
7
2
4
5
3
6
7
2
6
7
2
3
6
2
5
4
5
4
3
6
2
5
2
4
4
1
3
5
2
4
3
4
2
4
2
4
2
2
2
2
2
2
3
1
4
5
0
6
5
2
1
1
2
3
6
5
3
5
5
5
3
3
1
2
2
2
2
2
2
6
4
1
3
0
2
1
3
4
7
4
2
3
3
3
4
0
2
3
3
4
2
4
4
2
1
4
1
2
3
5
3
4
2
0
3
6
3
2
2
3
2
1
4
2
3
2
6
4
4
3
2
0
2
3
2
1
3
1
3
4
4
3
1
2
0
2
1
2
1
2
2
4
2
4
4
1
1
1
3
1
5
5
0
4
1
3
1
6
1
4
6
0
1
2
2
4
2
2
4
2
3
1
1
0
5
5
1
0
1
0
2
2
1
1
2
1
3
2
0
1
2
3
3
1
1
0
2
1
3
2
3
1
0
0
0
8
0
0
0
2
1
1
2
0
1
1
1
5
0
2
0
3
0
1
1
1
1
1
0
2
3
2
1
1
2
1
1
4
2
1
2
0
3
1
2
3
0
0
2
0
2
3
0
3
2
3
4
1
0
0
1
1
0
1
0
0
3
1
1
3
1
3
2
0
1
1
1
2
0
0
2
2
1
2
1
2
0
2
2
0
1
0
0
0
4
0
0
0
2
0
0
0
0
2
0
1
0
2
0
1
2
2
1
0
3
2
3
4
1
0
1
2
0
1
1
1
2
0
1
0
2
1
0
1
0
0
4
1
2
0
0
1
0
1
1
2
2
2
2
2
3
1
2
1
2
2
1
2
1
0
0
0
3
0
1
1
1
0
2
1
0
2
0
1
1
0
2
1
1
0
0
0
0
1
0
0
1
0
2
2
0
2
1
0
1
1
3
2
1
1
0
1
0
0
1
1
0
1
0
1
0
4
1
0
1
0
1
1
0
1
3
1
2
1
1
1
0
2
2
2
0
0
0
1
2
0
1
0
0
2
0
1
1
2
1
2
1
2
0
1
1
0
1
0
1
0
0
0
1
1
3
0
3
0
1
0
0
0
0
1
0
1
1
3
0
0
1
0
0
1
2
0
2
1
1
0
2
0
2
0
0
1
0
0
0
0
0
0
0
0
1
0
1
0
1
0
1
0
0
1
1
1
0
1
1
1
0
0
0
1
1
0
2
0
0
0
0
1
1
0
0
0
1
0
0
1
1
0
0
0
1
0
1
0
2
0
0
2
1
1
0
0
0
2
0
1
0
1
0
1
0
0
1
0
0
0
0
0
0
0
1
0
1
0
0
0
0
0
0
0
1
2
0
0
0
0
2
1
1
0
0
0
0
1
1
0
0
0
0
1
0
4
0
1
0
0
2
1
1
0
1
0
0
0
0
0
1
1
0
1
1
0
0
0
0
1
1
1
1
0
0
0
0
1
0
0
2
0
1
0
0
0
1
0
0
1
0
1
2
0
0
0
0
1
0
0
1
0
0
0
0
0
0
2
0
1
1
0
0
1
0
0
0
1
0
0
0
0
0
0
1
0
0
0
0
1
0
0
2
1
2
0
0
0
0
0
0
0
0
1
1
0
0
1
0
1
0
0
2
0
0
0
0
0
0
0
0
1
0
1
0
0
0
0
0
1
1
0
1
1
0
0
0
0
0
0
0
1
0
0
1
0
0
0
1
0
0
0
0
0
0
1
0
0
0
1
0
0
0
0
0
0
0
1
0
0
0
1
0
0
0
0
0
0
0
0
1
0
0
0
1
0
0
0
1
0
0
1
0
0
0
1
1
0
1
0
1
0
0
0
0
0
0
0
0
0
0
0
0
0
0
0
0
0
0
0
0
0
0
0
1
0
0
0
0
0
0
0
1
0
0
0
0
0
1
0
0
0
0
0
0
0
0
1
0
1
0
0
0
0
0
0
0
0
0
0
0
0
0
0
0
0
0
1
1
2
0
0
1
0
0
0
0
0
0
0
0
0
0
