0
0
0
0
0
0
0
0
0
0
0
0
0
0
0
0
0
0
0
0
0
0
0
0
0
0
0
0
0
0
0
0
0
0
0
0
0
0
0
0
0
0
0
0
0
0
0
0
0
0
0
0
0
0
0
0
0
0
0
0
0
1
0
0
0
0
1
0
1
2
2
1
2
6
3
4
2
3
3
4
3
2
22
40
123
344
958
2203
4725
9372
17154
27619
40681
54572
66171
72878
73271
66830
54933
41301
28468
17516
9843
5141
2320
1021
391
139
41
11
3
2
0
4
3
2
3
3
2
0
0
1
0
1
0
0
1
0
2
0
0
4
72
51
48
47
45
54
39
46
31
52
41
42
42
47
45
52
34
29
46
33
41
35
37
31
39
37
31
35
35
37
41
29
26
32
39
36
32
33
36
33
36
28
37
32
45
37
31
35
43
40
37
38
44
23
40
44
43
38
36
35
43
51
35
44
55
49
52
67
73
80
92
121
129
135
183
178
153
155
156
114
109
85
83
59
54
65
55
48
48
48
38
40
47
46
34
46
49
36
52
51
53
64
62
51
53
68
62
81
63
75
78
94
94
107
108
111
146
129
159
164
169
217
243
270
359
546
769
1225
2039
3026
4956
7142
10304
14161
18121
22180
26010
28482
29290
29072
27162
23957
20361
16298
12548
9234
6608
4830
3387
2460
1728
1323
1038
737
562
458
375
400
375
440
538
712
860
884
1040
1035
1033
973
880
788
664
514
397
291
208
159
123
91
97
89
67
63
72
53
47
28
30
19
18
5
9
11
5
11
12
14
11
5
3
6
7
11
1
4
10
10
7
3
9
9
3
0
9
10
12
12
8
11
5
8
9
4
9
17
14
9
15
20
19
24
17
32
18
39
19
29
21
13
25
14
15
18
15
19
13
11
26
15
14
22
16
14
13
18
23
22
30
15
20
25
16
19
11
18
14
16
10
6
8
8
13
7
2
2
9
6
7
8
9
8
7
7
10
10
8
11
6
8
5
4
4
4
1
8
5
5
4
4
4
6
10
4
10
9
10
17
10
16
26
23
11
19
34
31
22
20
13
24
14
5
10
11
6
5
6
7
10
5
9
2
11
10
13
13
12
9
12
6
8
8
11
8
7
4
9
6
6
10
5
10
3
7
7
3
1
3
7
2
1
4
6
5
6
9
7
6
3
4
6
3
3
12
7
7
5
7
4
6
12
5
4
3
7
6
3
4
9
4
5
10
3
6
6
8
7
7
3
8
7
6
8
7
4
5
8
11
6
3
11
6
8
4
11
8
8
4
8
4
7
7
7
7
6
8
10
8
6
11
7
3
7
12
8
6
4
7
8
8
6
9
10
9
8
13
8
7
2
13
6
10
10
12
6
13
9
8
7
7
5
9
11
6
9
11
5
6
11
10
3
8
12
14
12
11
12
13
10
7
9
7
8
12
3
10
11
14
8
7
7
13
10
7
8
9
7
9
6
12
11
7
17
13
8
8
7
10
12
10
13
19
19
16
12
16
17
17
8
8
15
14
19
11
21
11
22
15
11
12
17
11
17
18
12
15
11
11
14
20
10
18
18
16
10
21
20
17
10
15
19
16
20
15
26
16
28
14
22
28
15
25
19
18
15
19
24
14
18
10
18
19
19
19
18
13
17
21
24
19
17
17
21
20
27
24
20
21
19
27
23
27
21
21
23
16
20
32
28
20
28
23
26
22
27
31
36
28
29
23
29
19
25
32
24
34
31
29
28
18
29
25
29
25
25
36
40
35
35
33
27
22
27
22
33
35
23
25
31
30
24
35
34
32
41
33
44
29
49
33
31
39
40
39
43
38
27
40
32
54
40
37
38
61
58
42
50
39
51
55
51
46
63
47
52
49
49
52
51
51
49
53
61
49
63
64
46
68
61
62
55
70
68
65
65
56
56
75
69
73
59
77
77
77
74
67
86
77
84
100
83
83
97
104
106
99
86
99
92
93
70
89
86
87
94
89
94
86
79
92
86
77
95
88
89
72
77
85
81
79
82
86
79
88
76
73
67
80
79
66
76
82
84
76
72
76
73
74
70
60
69
68
77
67
65
74
89
67
69
56
67
62
67
76
65
73
53
67
81
77
76
51
82
52
67
75
70
71
59
78
72
69
68
71
56
75
78
70
73
75
52
64
68
69
54
78
66
78
62
78
56
73
63
69
70
66
57
62
75
57
72
63
62
74
65
74
68
78
74
67
73
64
63
70
85
80
64
73
58
74
71
57
66
78
76
60
68
64
58
86
72
87
89
88
72
72
72
74
85
83
81
79
85
83
93
87
91
96
93
114
139
132
164
199
254
270
342
474
552
724
793
962
1144
1248
1420
1574
1763
1845
1972
1953
2055
2097
2062
1948
1834
1678
1506
1398
1248
1041
898
787
621
535
405
348
304
214
216
187
136
125
141
105
105
86
104
102
101
108
91
98
82
128
107
80
87
89
108
87
98
111
106
86
115
89
106
103
86
95
84
97
105
104
108
99
100
117
116
97
98
101
96
115
107
108
106
114
111
123
128
97
112
112
123
109
114
101
112
110
116
124
120
125
137
131
149
154
168
169
178
206
184
246
283
276
287
301
303
325
375
349
369
369
404
362
361
325
323
323
269
293
235
253
178
180
166
184
168
154
151
164
155
151
163
162
123
132
134
148
150
171
132
133
130
139
153
166
158
154
158
157
167
145
166
151
164
136
165
160
156
167
186
151
147
188
171
177
167
163
187
152
181
173
170
180
176
164
182
191
172
200
200
183
223
217
209
202
227
176
204
226
251
218
224
222
224
233
247
246
257
261
251
242
264
258
273
269
258
230
279
273
256
264
241
269
267
233
279
241
231
257
259
275
255
211
234
238
240
256
236
234
244
233
210
271
215
230
218
208
206
191
217
202
176
180
193
163
160
192
186
175
168
174
170
165
166
164
162
167
142
152
150
157
161
152
168
160
159
172
155
174
163
143
159
166
126
163
144
144
134
161
152
167
147
138
164
146
136
169
165
150
137
151
133
134
165
128
152
149
169
147
142
134
141
130
152
137
147
131
146
167
141
138
148
141
157
201
135
135
158
124
154
161
143
142
160
152
141
125
154
150
149
161
157
146
124
144
150
160
158
157
151
164
148
147
146
136
147
144
160
167
151
165
170
160
172
152
141
159
142
173
179
150
144
163
139
156
131
150
142
170
151
167
168
166
167
143
164
142
148
181
150
161
149
184
152
155
154
171
161
163
175
163
153
168
150
179
147
160
189
170
169
155
175
188
188
201
174
190
169
162
148
184
196
184
175
183
177
175
195
181
192
164
178
171
204
166
181
179
198
176
206
200
197
184
175
195
185
161
205
168
189
179
190
201
175
201
170
183
186
195
199
184
150
189
197
179
186
198
195
188
176
188
163
206
192
201
204
203
189
197
154
204
184
195
190
182
199
168
177
214
188
180
167
176
206
191
177
195
205
158
213
184
198
195
180
220
210
205
220
206
225
204
215
196
218
220
197
217
188
219
212
222
222
213
203
220
201
231
224
212
226
245
214
225
205
230
222
243
212
216
236
222
227
258
228
240
242
239
236
234
221
224
243
250
238
222
250
237
241
222
225
239
251
213
242
227
246
225
248
245
226
270
244
206
241
232
211
232
204
267
223
209
216
209
223
242
240
223
221
204
216
247
212
227
210
206
225
213
203
201
233
203
197
216
173
198
224
214
218
218
216
198
201
189
206
180
212
207
184
198
187
193
176
195
204
195
182
216
166
206
178
180
178
191
157
202
163
176
192
200
183
168
170
200
175
182
201
187
176
191
206
181
209
190
190
182
193
190
185
183
155
194
181
168
180
155
188
163
176
165
193
170
195
182
208
169
168
173
171
198
179
167
188
182
191
173
181
199
189
186
192
204
195
201
187
198
200
185
179
187
188
183
191
193
160
215
181
189
209
174
163
190
199
178
183
197
187
174
178
166
151
184
204
201
195
180
197
193
182
181
186
224
180
180
180
181
184
184
197
192
164
183
161
188
213
172
169
186
178
189
165
214
185
198
218
171
175
188
213
195
188
193
199
206
190
175
184
190
183
205
206
203
208
202
171
193
205
176
206
174
179
206
211
176
212
167
201
198
177
178
162
206
202
204
186
186
190
176
203
201
196
174
190
187
189
179
206
195
196
210
181
182
194
208
188
209
191
200
176
187
197
202
200
205
220
194
235
195
194
183
172
191
202
181
174
207
171
204
215
203
195
188
230
202
190
232
190
196
188
191
198
200
184
217
206
190
192
210
233
218
194
223
206
201
240
229
230
214
226
216
228
200
253
239
195
241
226
239
210
229
237
271
216
233
279
247
237
246
236
216
258
261
263
263
262
266
237
249
259
239
258
266
268
290
265
287
280
284
283
300
315
299
290
274
309
317
310
302
353
306
325
331
303
342
326
350
358
323
353
338
354
337
407
380
412
415
408
406
410
457
460
492
496
485
516
496
554
511
616
602
613
649
630
652
624
699
731
675
744
787
768
777
759
900
837
938
922
964
918
993
959
990
1031
1078
1033
1117
1125
1080
1172
1123
1080
1133
1162
1192
1108
1149
1175
1137
1146
1119
1128
1135
1111
1087
1083
1075
1072
1057
982
1015
943
934
923
905
877
819
803
798
775
786
683
691
677
642
639
601
562
544
594
564
521
516
500
456
435
435
431
401
410
397
397
400
347
355
329
332
347
334
332
296
297
291
287
284
297
258
287
296
258
272
292
259
238
219
255
235
229
231
179
235
207
222
204
212
187
225
214
169
208
215
187
210
165
188
206
163
184
198
218
171
171
197
188
185
191
196
203
192
202
200
225
235
252
241
228
272
286
290
293
254
279
355
322
324
346
336
401
347
352
369
342
350
357
373
410
336
351
385
360
334
293
292
303
271
247
268
240
224
198
188
190
158
167
147
142
152
146
143
128
129
129
123
119
132
116
110
111
130
116
155
112
131
144
143
135
140
141
149
126
143
117
151
120
158
138
147
180
134
137
134
151
153
152
138
159
149
148
156
169
164
193
169
199
182
173
189
171
198
205
205
200
194
193
202
214
205
219
167
193
210
206
208
222
229
218
229
202
219
232
216
203
204
217
194
215
207
178
204
184
211
208
165
178
206
205
199
152
169
173
169
152
177
182
136
166
165
155
159
160
131
173
123
141
150
138
124
127
112
122
112
113
132
92
100
101
91
118
98
93
76
113
83
97
90
88
91
101
87
107
98
83
81
82
79
89
85
68
65
65
83
63
74
75
64
70
60
79
65
75
68
54
62
64
59
83
64
62
71
60
56
66
48
55
54
47
47
48
65
70
55
61
66
60
48
47
58
57
55
63
47
60
44
53
52
50
57
55
38
49
47
38
51
51
53
45
45
47
43
39
35
48
52
46
44
51
49
50
66
45
54
59
51
44
51
57
65
59
45
55
56
68
73
63
61
53
90
69
55
85
78
58
59
60
54
64
63
47
60
69
50
52
37
33
49
50
48
44
35
38
40
38
37
30
39
40
39
32
37
36
32
41
36
26
39
35
36
38
31
36
44
39
27
32
34
44
34
35
29
30
44
30
30
28
34
28
32
34
28
28
32
26
27
36
30
18
30
26
28
28
30
32
28
28
29
24
30
34
28
32
29
30
38
23
29
39
35
24
38
30
28
30
36
24
23
23
36
25
21
20
27
28
28
35
31
28
20
26
22
21
26
29
27
30
24
25
23
38
23
32
20
19
27
19
22
32
28
21
25
30
26
21
30
24
28
27
19
21
33
31
24
33
31
29
29
19
26
24
21
32
26
25
25
28
15
25
27
21
29
25
23
22
21
15
29
20
27
15
25
24
29
21
22
23
33
18
16
25
23
20
24
22
16
16
24
21
28
30
21
19
23
34
19
21
28
16
24
16
26
31
23
18
20
21
28
30
21
22
11
11
15
27
27
29
16
18
21
24
26
20
19
17
19
21
18
20
26
18
24
22
20
14
18
25
16
18
16
13
15
28
26
14
19
23
21
24
18
18
31
17
18
26
25
17
15
18
9
23
24
19
19
23
21
18
15
19
16
19
17
20
13
16
10
16
24
19
14
18
25
23
20
14
17
17
24
13
12
14
11
12
16
6
22
14
21
15
20
13
14
17
15
12
16
23
13
17
11
20
17
12
13
18
16
14
23
10
18
30
21
15
20
28
14
8
13
9
14
16
12
13
15
12
11
12
11
17
10
15
16
11
15
11
16
18
12
16
14
14
13
14
18
17
13
15
17
13
9
13
7
11
10
20
9
12
14
13
21
15
15
17
18
16
13
10
9
10
15
6
15
14
18
12
11
15
19
7
12
7
14
8
17
8
18
12
13
11
12
16
11
13
12
8
8
14
8
12
7
8
10
10
7
10
10
11
9
7
13
10
6
13
11
17
12
12
12
8
7
7
12
7
16
8
14
11
11
15
10
7
10
13
13
11
10
13
12
8
10
13
7
15
8
7
6
7
11
11
7
8
16
12
7
8
15
9
8
7
15
11
11
14
5
9
10
16
9
8
8
12
4
5
6
7
10
6
6
12
12
8
11
8
11
18
14
13
8
7
9
13
10
8
12
11
12
7
2
10
8
10
7
5
14
8
8
10
9
11
8
12
8
12
6
8
10
12
5
7
7
7
5
6
7
6
16
11
4
7
5
10
7
7
6
11
7
5
7
8
11
9
12
8
7
16
8
3
7
5
6
7
5
9
7
9
3
9
11
4
5
7
11
4
3
13
8
10
4
2
6
12
8
6
7
3
8
9
7
8
6
2
8
8
4
6
8
8
6
6
7
8
8
9
10
7
5
6
6
6
9
9
6
9
9
2
7
4
11
4
7
4
5
6
4
8
8
6
12
5
6
3
1
8
5
5
7
0
3
5
7
4
4
7
9
5
6
6
6
6
5
9
2
1
9
2
9
7
9
5
5
8
3
6
6
5
8
5
8
5
9
5
7
4
6
6
5
8
5
4
4
6
7
7
5
4
10
3
6
8
2
8
9
2
3
7
7
6
6
4
4
6
7
3
3
4
1
3
3
4
4
4
4
2
2
1
7
7
3
3
2
3
3
9
5
7
3
4
7
7
4
7
5
6
3
5
6
5
4
6
5
3
4
6
7
0
3
4
7
3
2
7
7
6
8
4
5
3
4
4
1
2
3
3
6
1
6
8
5
2
5
3
5
4
6
6
1
1
4
5
4
3
3
6
7
6
2
0
4
3
3
4
2
0
2
3
6
5
0
4
6
0
8
8
3
3
2
3
5
5
1
3
5
3
3
2
2
4
2
2
3
3
2
4
6
3
2
5
2
1
1
3
6
2
4
3
2
5
5
7
4
3
3
3
4
1
2
3
4
5
2
2
2
4
7
6
2
6
6
4
5
3
6
2
1
4
6
4
1
6
4
2
4
5
0
3
2
5
4
5
4
3
3
3
5
6
5
0
2
2
4
2
5
3
4
2
5
1
4
6
3
0
4
2
3
5
1
0
6
2
6
2
6
0
5
2
1
4
3
2
2
2
1
1
1
4
4
3
1
3
1
2
4
3
4
4
2
4
4
1
3
2
3
2
4
3
1
1
4
1
1
0
3
3
3
4
3
1
1
3
2
3
3
1
3
5
1
0
0
2
3
1
0
3
3
2
2
3
3
3
1
1
2
1
1
2
1
1
3
2
1
3
0
3
1
2
3
1
3
5
4
5
2
0
2
1
2
1
2
0
1
1
1
1
1
1
0
2
2
3
0
2
2
2
4
2
2
2
3
1
1
1
1
1
0
3
1
0
2
4
3
2
2
1
2
1
2
0
1
4
1
1
8
2
2
1
1
2
3
1
2
5
4
0
2
3
0
0
1
4
1
5
0
1
1
2
1
2
3
2
3
3
3
2
2
1
3
2
2
1
0
4
1
1
0
3
2
4
0
0
0
1
0
1
1
4
3
2
2
1
2
2
4
0
2
0
4
2
0
0
1
1
0
0
1
0
2
1
1
4
0
2
0
0
0
1
0
1
1
1
0
0
1
1
0
2
2
1
1
1
1
0
1
2
0
1
1
1
2
3
0
2
0
2
0
2
2
0
3
3
0
1
1
2
2
1
1
0
0
1
1
0
0
3
1
0
1
1
1
1
0
0
2
0
0
0
0
1
1
1
1
1
1
1
1
2
0
1
1
1
0
0
1
2
1
0
0
1
1
2
0
1
0
1
0
1
2
1
1
2
1
0
0
1
0
1
2
0
0
1
0
0
0
0
1
0
0
0
0
1
0
0
0
1
0
0
1
1
1
0
0
2
0
0
1
2
1
1
1
0
0
0
0
1
0
1
3
0
1
1
1
0
1
1
1
1
0
2
1
0
3
0
0
1
1
0
1
1
0
0
0
0
0
0
1
1
1
0
0
0
1
0
2
1
0
0
0
0
0
0
3
1
0
0
0
1
1
0
0
2
0
0
2
1
2
2
1
1
0
0
1
0
1
1
0
1
1
1
0
0
0
0
0
0
1
1
0
0
0
1
0
0
0
2
0
1
0
1
0
0
0
0
1
0
0
0
0
2
0
0
1
1
0
1
1
1
0
1
0
0
2
0
0
0
0
0
0
1
0
0
0
0
0
1
0
0
0
0
0
1
0
0
0
0
0
1
0
0
0
0
0
0
0
2
3
0
2
0
0
1
2
0
1
0
0
0
0
1
2
1
0
1
0
0
1
2
0
0
0
0
0
0
0
0
1
1
1
0
0
0
0
1
0
0
0
1
1
1
0
1
0
1
1
0
0
1
0
0
0
0
1
0
0
0
1
0
0
1
0
0
0
0
0
0
0
0
0
0
0
1
1
0
1
0
1
0
0
0
0
0
0
0
0
0
1
0
0
0
0
0
0
0
2
0
0
0
1
0
0
1
1
0
0
1
0
0
0
0
0
0
0
0
0
0
1
0
0
0
1
1
0
0
0
0
1
0
0
0
0
0
0
0
1
1
1
0
0
3
0
0
0
2
0
1
1
0
1
0
0
1
0
0
0
0
0
0
0
0
0
0
0
0
0
0
0
0
0
0
0
0
0
1
0
0
1
0
0
1
0
2
1
0
0
0
0
0
0
0
0
0
0
0
1
0
0
1
0
0
0
0
1
0
0
0
0
0
0
1
0
0
0
0
1
0
0
0
0
0
0
0
0
0
0
1
0
0
0
0
1
0
0
0
1
0
0
0
0
0
0
0
0
0
0
0
0
0
0
1
0
0
0
0
0
0
0
0
0
0
0
1
0
0
0
0
0
1
0
0
0
0
0
0
0
0
0
0
0
0
0
0
0
0
0
0
0
0
1
0
0
0
0
0
0
1
0
0
0
0
0
