0
0
0
0
0
0
0
0
0
0
0
0
0
0
0
0
0
0
0
0
0
0
0
0
0
0
0
0
0
0
0
0
0
0
0
0
0
0
0
0
0
0
0
0
0
0
0
0
0
0
0
0
0
0
0
0
0
0
0
0
0
0
0
0
0
0
0
0
0
0
1
2
3
2
2
1
3
1
3
2
4
4
17
49
128
349
962
2299
4848
9504
16791
27804
41036
54477
66105
73004
72961
66843
54996
41011
28309
17523
9626
5029
2364
978
409
128
40
18
6
7
2
0
1
0
2
3
2
2
0
0
1
0
1
0
0
0
0
0
0
6
69
52
61
47
51
42
47
44
59
49
50
44
33
48
43
39
34
32
33
31
43
42
29
36
31
46
34
35
45
43
31
34
46
41
33
29
29
28
32
33
42
36
44
34
44
38
35
35
32
43
34
45
39
33
29
35
34
41
36
34
54
37
36
54
43
47
70
55
57
88
110
132
130
144
171
163
164
162
144
130
117
79
79
61
52
58
49
46
49
39
38
54
41
45
47
51
45
42
48
49
56
49
45
53
54
68
61
71
76
92
81
79
95
111
116
131
111
138
140
145
147
145
177
217
249
380
658
1111
1746
2933
4739
7141
10095
13826
17872
22002
25316
28146
29056
28434
26523
23615
19878
16147
12242
9120
6610
4646
3306
2356
1685
1215
949
704
519
400
363
335
323
410
531
637
796
932
1043
1003
1092
1013
947
838
684
524
418
263
219
195
131
104
96
75
68
73
57
45
32
20
26
13
15
20
7
7
7
10
6
8
6
12
7
6
8
11
10
9
5
5
8
9
7
11
9
10
3
5
11
9
6
9
4
5
3
6
10
12
16
13
9
17
13
19
26
25
29
28
31
30
33
23
25
24
13
16
15
18
25
13
15
18
17
17
24
22
17
14
18
24
18
19
23
23
16
13
12
14
18
19
8
8
11
10
7
6
5
5
9
7
3
12
2
7
8
4
5
6
3
7
3
3
6
2
10
3
4
5
4
8
9
4
9
3
7
7
8
15
12
12
10
19
20
28
27
26
22
29
20
21
23
17
26
13
11
9
10
13
6
12
10
5
12
10
8
9
12
7
14
18
8
8
10
8
10
7
9
7
5
5
4
11
6
4
8
5
1
7
10
6
2
4
5
3
7
7
7
5
7
3
2
6
7
6
8
5
7
9
2
2
6
4
6
4
6
6
3
8
7
9
5
5
4
9
3
6
5
10
7
10
8
4
3
3
4
7
8
8
6
5
8
8
9
9
5
2
6
1
3
4
6
4
6
1
7
10
7
12
10
5
6
3
8
3
7
11
6
3
5
4
9
6
4
6
6
7
10
8
11
7
4
8
6
4
8
5
8
6
11
10
4
5
3
11
3
8
5
9
10
7
7
6
7
12
7
11
8
9
12
10
9
3
8
14
9
11
11
5
11
10
12
11
7
5
6
7
12
11
19
11
5
9
12
7
8
8
9
8
5
9
10
8
8
6
11
11
6
16
15
13
13
15
12
10
7
13
17
15
8
12
20
17
15
19
18
18
21
22
14
18
19
18
21
22
23
24
19
27
21
19
26
21
18
20
26
22
27
17
25
19
25
19
23
14
15
22
23
20
14
20
11
14
23
19
16
10
17
18
21
26
20
17
20
17
15
19
28
18
20
15
23
21
22
24
27
21
24
14
17
21
15
25
21
22
19
18
27
15
23
25
29
23
24
24
23
21
21
21
12
29
30
35
15
26
25
24
26
27
30
39
27
32
25
27
37
22
23
18
22
24
27
33
25
35
26
32
25
25
29
34
34
34
41
38
32
35
40
32
34
25
35
49
42
39
37
42
37
37
42
45
38
32
43
47
48
43
47
48
51
47
53
44
55
53
45
51
50
52
51
39
60
46
60
58
64
69
60
77
63
74
74
80
98
99
95
123
123
121
137
133
140
142
131
168
150
148
134
135
142
147
121
127
120
89
121
111
115
94
117
113
92
95
72
84
104
84
95
82
77
77
92
77
92
94
78
83
83
80
75
83
86
96
83
74
79
94
82
79
79
78
86
78
84
70
84
78
87
77
78
78
70
88
94
72
66
81
82
78
76
81
78
55
92
73
84
78
76
63
79
89
84
77
74
84
88
63
82
88
86
86
68
82
81
77
76
83
75
79
80
80
67
74
65
77
78
69
64
79
82
84
71
64
66
75
87
71
62
80
60
65
90
82
89
90
75
68
83
77
66
72
70
75
70
85
65
76
76
83
93
69
85
78
86
92
97
92
80
92
99
92
95
86
83
105
90
103
95
103
97
93
102
147
132
164
209
200
278
355
430
536
630
664
856
979
1089
1353
1425
1618
1734
1839
1993
2078
2021
2050
1907
1815
1762
1623
1461
1361
1122
978
890
680
599
559
430
368
304
240
197
187
148
117
122
127
106
124
111
111
103
101
105
106
108
119
112
103
107
114
120
107
96
125
115
99
124
124
119
119
128
122
115
100
105
119
113
128
110
118
141
132
115
121
101
99
113
120
119
105
100
113
120
132
130
110
120
100
113
102
132
118
103
123
130
129
149
142
149
167
165
193
193
219
214
265
214
310
296
330
307
382
350
358
354
362
346
360
348
346
309
277
294
271
258
224
186
187
170
166
161
153
156
143
144
141
140
155
145
132
162
162
166
133
139
155
145
147
132
129
123
147
145
147
132
144
128
152
134
152
138
136
141
149
162
161
163
153
136
160
174
165
138
163
188
165
153
172
163
187
178
177
158
184
165
180
172
174
170
180
194
199
201
171
194
193
195
201
195
178
192
185
174
186
196
183
209
206
209
227
208
217
217
233
206
210
235
232
234
235
252
237
278
251
218
257
243
256
272
220
269
271
259
236
291
283
273
269
307
274
296
261
283
263
260
262
260
246
283
273
280
259
259
274
296
288
241
262
278
257
249
244
266
256
242
279
254
261
251
250
262
237
243
225
243
261
216
203
221
218
210
187
214
204
221
182
207
199
201
190
161
163
189
189
170
188
186
183
161
194
183
182
164
167
166
134
177
150
161
149
154
152
131
153
166
167
193
164
170
157
162
152
174
165
179
150
157
150
174
177
177
179
178
172
182
176
164
194
186
182
172
178
179
174
155
190
165
166
169
203
182
194
178
197
198
197
177
195
192
186
181
187
196
201
206
185
184
217
205
215
199
229
205
210
202
217
198
248
238
221
203
194
208
214
220
229
202
222
225
205
225
203
204
202
217
198
201
208
201
175
202
204
188
203
196
213
210
200
196
186
200
197
178
186
188
190
186
201
190
202
178
179
192
192
190
209
198
202
172
160
172
170
180
183
186
169
178
184
176
167
184
204
167
179
159
190
176
153
190
164
194
172
173
140
175
210
163
193
174
176
174
183
189
171
171
170
177
175
173
186
161
185
180
191
172
172
176
174
173
181
176
165
186
172
186
189
181
179
181
185
163
163
179
166
171
167
196
187
178
193
177
199
151
183
175
180
178
156
186
190
176
177
174
180
165
175
210
179
183
197
189
161
197
179
204
179
196
168
168
212
190
208
191
198
197
218
168
171
174
198
198
188
167
192
199
190
210
180
183
203
204
196
187
174
220
193
211
220
218
219
209
191
219
201
204
186
196
211
211
214
173
181
178
245
190
222
228
191
217
176
194
217
222
220
228
202
204
204
208
207
214
239
208
224
204
198
203
248
190
212
211
178
204
199
202
198
203
206
221
210
231
234
207
216
223
210
241
215
251
211
221
217
204
214
227
202
218
211
203
231
209
208
233
207
230
208
200
210
202
198
213
208
204
203
214
212
215
183
231
158
222
194
210
185
206
200
186
198
196
190
198
191
207
186
196
180
161
170
196
179
164
168
192
202
174
182
183
200
176
214
177
184
173
181
172
189
185
194
190
162
166
191
178
177
180
205
187
194
195
192
182
171
165
156
172
181
207
186
190
196
170
180
195
169
191
181
187
188
183
162
206
160
214
188
186
188
207
170
171
195
181
184
191
181
198
200
179
170
169
198
194
190
177
185
181
205
201
199
164
219
178
183
186
187
176
181
182
186
196
230
189
192
208
201
194
201
205
182
183
191
200
187
165
199
188
211
199
195
203
170
181
171
210
194
184
196
196
194
194
184
182
191
194
207
186
197
191
177
189
183
186
172
178
180
209
208
188
195
180
184
170
173
185
187
212
196
212
191
180
192
189
199
201
193
184
191
194
187
187
179
214
195
219
202
206
177
195
202
177
227
190
198
185
193
188
175
200
211
204
208
192
180
229
233
189
198
200
216
190
215
248
216
195
215
213
230
216
234
222
205
237
237
201
213
245
244
236
238
222
209
258
247
238
241
198
236
242
258
253
246
263
217
269
273
252
254
270
272
267
251
273
277
290
275
314
266
277
272
295
284
288
297
302
315
302
348
350
330
315
340
365
364
354
393
371
354
380
412
414
384
411
480
433
452
422
465
454
483
523
551
555
526
600
613
552
614
653
643
679
686
779
708
731
817
713
842
798
869
872
920
939
940
951
948
1024
967
1066
1120
1065
1093
1146
1121
1079
1205
1129
1137
1130
1118
1165
1152
1221
1111
1136
1212
1213
1056
1099
1146
1138
1026
1093
1083
1010
989
961
952
879
912
893
829
853
814
767
744
765
738
674
635
618
597
594
520
566
575
549
534
486
519
458
449
433
433
417
401
371
373
342
330
348
384
334
350
316
301
303
303
268
300
287
265
246
275
261
259
238
236
251
243
252
225
231
226
207
242
240
209
193
226
225
215
215
219
173
217
200
225
190
209
189
193
194
184
168
195
206
200
206
224
191
217
197
206
211
242
254
245
265
283
261
282
300
291
332
342
340
337
382
378
401
404
409
422
460
413
444
403
419
416
429
389
422
409
378
379
374
390
331
316
291
272
274
222
221
200
225
186
186
170
179
147
158
157
150
127
148
118
124
141
124
107
116
134
125
130
150
112
138
148
139
164
136
138
123
123
135
124
146
155
140
170
140
152
156
158
135
154
170
141
170
186
156
170
160
164
174
203
205
197
205
185
191
191
195
180
186
223
207
228
209
204
200
225
203
203
208
225
216
240
243
214
200
223
197
196
210
218
219
174
213
181
216
189
218
222
204
188
194
211
191
185
193
182
165
180
174
165
139
135
168
175
162
153
147
147
139
159
155
133
138
120
134
124
124
120
142
116
99
107
113
135
94
125
102
89
91
97
87
84
86
87
83
82
78
84
83
74
75
77
101
79
81
81
72
63
77
73
83
68
65
77
67
65
73
72
61
78
54
63
54
58
66
58
60
71
51
62
53
47
52
66
55
62
52
51
38
55
62
53
54
55
58
53
51
57
51
48
54
66
55
56
45
49
55
40
44
50
48
42
48
44
50
57
52
43
50
56
55
54
45
63
50
61
58
54
48
62
56
66
55
61
62
69
69
65
64
69
74
77
63
58
67
71
74
56
65
61
55
62
49
70
55
60
63
51
48
45
46
54
41
51
37
37
36
33
42
38
28
37
35
37
31
43
32
49
32
45
49
40
43
39
29
37
34
37
30
27
29
41
45
35
36
34
30
33
40
31
42
42
34
27
31
29
43
22
24
30
29
26
38
33
32
31
27
42
37
37
27
30
38
26
27
30
25
29
26
39
19
31
27
32
27
36
16
43
23
33
44
32
30
28
29
34
30
28
29
15
39
32
29
29
25
25
22
27
26
32
27
20
24
28
33
26
31
22
26
26
25
30
25
36
30
25
23
26
27
34
23
31
32
29
24
31
35
22
26
25
27
35
24
19
35
22
28
23
27
25
18
21
22
20
26
22
29
25
22
24
23
26
19
31
36
25
16
31
19
18
17
27
22
16
23
34
20
20
13
12
14
18
25
21
22
28
21
27
24
24
25
21
25
17
16
22
14
17
17
16
22
23
23
20
24
21
20
18
15
21
18
16
25
24
24
20
28
14
20
17
18
25
17
24
26
20
32
12
17
13
21
20
22
27
17
16
18
24
27
21
15
16
26
25
20
17
24
25
18
24
22
16
20
27
12
18
17
21
23
22
15
16
15
16
16
20
19
22
18
17
14
22
14
25
12
15
18
16
19
10
19
18
21
21
22
16
12
19
12
22
13
18
20
9
22
15
22
17
16
21
13
15
15
21
17
9
14
19
18
17
12
16
18
10
24
9
17
12
17
17
10
16
16
22
14
13
9
19
12
18
14
17
15
12
14
11
13
15
10
16
20
18
16
16
16
10
13
14
9
17
16
14
23
11
14
16
14
16
16
14
19
12
11
16
12
20
13
11
14
12
14
14
12
10
18
12
18
14
12
19
16
17
11
13
12
15
11
10
16
13
11
16
11
9
7
17
14
8
11
16
14
5
8
17
16
14
21
10
14
7
12
8
13
14
11
15
13
6
10
10
12
11
10
12
10
13
11
5
10
14
15
11
13
10
8
15
11
9
11
10
7
10
9
12
10
9
12
15
10
13
18
9
14
10
9
10
13
6
8
9
8
6
10
10
10
8
5
13
6
10
9
9
11
9
12
9
6
7
8
3
9
18
14
5
12
12
8
11
9
22
10
12
6
8
12
8
11
6
11
11
13
11
8
9
13
9
10
11
9
5
6
11
17
16
11
11
9
14
11
7
9
9
12
11
9
5
8
11
11
8
15
10
7
10
4
8
7
13
11
9
4
11
10
6
11
8
7
7
5
9
6
7
7
8
5
10
11
7
9
8
7
7
8
11
10
6
6
10
10
7
6
7
6
8
6
7
10
9
5
5
5
9
7
7
5
7
9
5
7
4
4
8
4
15
7
3
4
3
4
9
9
5
7
12
7
3
2
8
6
6
4
10
11
9
11
8
11
9
6
3
10
6
6
7
7
6
7
8
5
11
7
11
3
6
6
5
7
6
7
9
8
8
9
5
5
5
5
5
11
6
6
3
14
8
8
9
4
7
6
6
4
4
4
6
6
5
3
4
5
2
9
9
5
9
8
6
10
7
5
6
9
3
3
6
5
5
11
5
4
7
3
6
3
4
4
6
7
6
5
4
5
6
3
3
9
10
8
7
6
6
3
4
4
5
8
3
7
3
5
4
4
5
2
9
3
1
5
3
3
5
6
7
2
7
8
7
6
4
8
5
4
9
5
4
5
5
4
5
4
5
3
3
6
7
5
6
9
3
4
4
4
3
2
4
3
4
3
3
3
6
5
3
2
4
3
3
8
5
6
3
5
7
4
4
3
4
4
5
9
0
5
7
6
5
6
3
4
8
4
4
6
5
5
2
10
1
3
2
1
4
7
7
4
6
2
4
3
3
7
3
4
4
3
3
3
1
4
0
4
5
2
4
3
6
3
3
5
6
3
1
5
4
3
3
2
4
4
2
3
3
1
2
6
3
1
3
7
4
5
1
2
0
4
6
3
3
4
4
4
3
1
3
6
4
1
5
2
2
2
1
6
4
5
3
3
3
2
4
1
2
1
4
5
1
3
2
4
0
1
3
3
3
3
3
1
2
7
5
3
1
2
0
0
3
0
4
6
4
2
3
5
2
0
0
2
1
3
4
5
1
3
4
2
2
1
5
5
3
1
3
0
2
2
3
1
2
4
2
1
0
2
1
0
3
2
3
1
2
5
2
1
2
0
0
2
4
1
0
2
3
4
0
1
0
1
2
2
1
2
1
2
2
3
0
2
2
1
1
4
2
3
0
4
3
2
3
2
2
2
1
2
1
3
0
4
1
1
1
0
2
1
4
0
1
2
2
0
1
0
1
2
3
0
1
0
5
0
1
2
2
2
2
0
0
2
2
0
1
2
2
2
4
3
0
2
0
2
2
1
1
0
1
4
3
6
0
0
0
2
1
0
1
2
2
0
0
2
0
3
2
1
2
0
2
1
1
1
2
1
2
2
2
5
1
3
0
1
2
1
1
1
2
0
0
1
1
2
3
5
0
1
2
2
1
4
2
0
3
4
2
1
0
1
0
0
1
2
1
3
1
1
1
2
0
0
2
2
1
3
1
0
1
1
0
1
0
1
0
5
2
1
1
0
1
0
0
1
3
1
1
1
1
2
1
1
1
1
2
1
1
2
1
2
0
2
0
1
0
0
1
0
1
1
1
1
1
0
0
3
0
2
1
1
0
0
0
0
1
1
0
1
0
1
0
1
0
0
0
1
2
0
1
0
2
0
0
1
1
0
1
0
0
2
2
0
0
0
2
0
0
3
0
0
0
0
2
0
3
0
1
1
1
0
0
0
1
0
1
2
0
2
0
1
0
1
0
0
1
1
0
1
0
0
0
0
2
1
1
3
0
2
1
0
1
0
1
0
1
0
1
2
1
0
0
1
1
0
1
0
1
2
0
0
2
1
0
0
3
0
1
2
1
1
0
1
1
1
0
0
0
1
0
0
0
3
0
2
0
2
2
1
2
1
1
2
1
1
2
0
0
1
1
0
0
0
0
0
1
0
0
0
1
0
0
2
0
0
0
0
0
2
0
0
1
0
1
1
1
1
0
1
0
0
0
1
0
0
0
1
0
1
0
0
0
1
0
0
1
0
1
1
0
0
0
1
0
0
0
0
3
2
0
0
1
1
1
0
0
0
1
2
1
0
1
0
2
0
0
0
1
0
1
0
0
0
0
0
0
0
0
0
0
0
1
0
0
1
1
2
1
0
1
0
0
0
1
1
0
0
1
1
0
1
0
0
0
0
0
0
0
1
1
0
1
1
1
0
0
1
0
1
0
0
0
1
1
0
0
0
1
1
0
0
1
1
0
1
0
2
0
0
2
0
0
1
0
1
0
0
1
0
0
0
0
0
1
1
0
0
0
2
0
0
0
0
0
1
0
0
0
0
0
1
0
0
1
0
0
0
1
1
1
0
1
0
0
0
0
0
0
0
0
0
0
0
0
0
0
1
0
0
0
0
2
1
1
0
1
2
1
0
0
0
0
1
0
1
0
0
0
1
0
1
1
0
0
0
0
1
0
1
0
0
0
0
0
1
1
0
0
0
1
0
1
0
3
1
0
0
0
0
0
0
0
0
0
1
0
1
1
1
1
0
0
0
0
0
0
0
0
0
0
1
1
0
0
1
1
0
0
0
1
1
0
0
0
1
0
0
0
0
1
0
0
1
0
0
0
0
0
1
0
0
0
0
0
0
0
0
0
1
0
0
0
1
0
0
1
1
0
0
0
0
0
0
1
0
0
0
1
0
0
0
0
0
0
0
0
0
0
0
0
1
0
0
0
0
0
0
0
1
0
0
1
0
0
0
0
0
1
0
0
2
1
0
0
0
0
0
0
0
1
0
0
0
0
0
0
0
0
1
0
0
0
0
1
0
0
0
0
0
0
