0
0
0
0
0
0
0
0
0
0
0
0
0
0
0
0
0
0
0
0
0
0
0
0
0
0
0
0
0
0
0
0
0
0
0
0
0
0
0
0
0
0
0
0
0
0
0
0
0
0
0
0
0
0
0
0
0
0
0
0
0
0
0
2
0
1
0
0
0
2
4
2
2
1
3
2
6
2
4
2
0
8
12
45
132
339
898
2210
4779
9428
16806
27385
40630
54418
65992
73520
73752
66693
55283
41505
28095
17323
9778
4979
2378
971
372
114
43
11
3
3
3
0
1
0
2
0
0
2
0
1
1
0
0
1
0
0
0
0
0
10
45
40
48
42
47
33
49
40
56
38
45
54
47
51
40
42
40
46
46
43
37
36
28
49
52
36
39
36
35
35
45
31
34
38
33
44
39
28
44
40
41
36
44
39
35
45
38
37
40
36
30
35
36
31
55
36
40
42
45
47
43
42
39
38
46
50
52
68
66
93
84
120
149
141
159
162
162
155
132
115
111
77
86
84
70
54
51
48
45
42
35
30
35
39
48
41
48
32
58
60
54
55
54
60
57
51
60
69
73
82
82
86
106
106
113
125
126
137
141
148
205
212
238
287
366
537
788
1238
1981
3121
4842
7319
10504
14286
18418
22613
26296
29042
30011
29386
27407
24457
20336
16591
12869
9577
6768
4878
3408
2431
1788
1293
1002
761
542
426
356
386
377
434
543
672
778
975
1011
1038
1079
1030
879
791
649
507
373
293
203
158
133
109
106
92
68
65
61
43
38
27
35
16
22
11
3
7
12
11
7
11
9
8
9
9
5
13
11
7
7
5
10
15
4
6
2
7
3
5
7
11
7
10
10
5
21
12
7
11
15
15
15
20
13
34
23
23
21
29
32
38
28
25
21
25
15
26
19
25
20
19
20
11
25
22
27
22
22
22
18
10
16
14
20
27
13
21
19
18
12
10
16
5
8
7
5
10
3
9
3
11
6
6
7
9
6
9
1
4
4
11
4
10
7
5
6
1
2
3
1
9
6
4
8
4
7
10
12
13
8
12
13
22
8
17
15
20
28
29
19
20
20
19
16
16
9
7
6
6
8
11
5
8
10
10
11
13
8
7
7
10
7
7
5
11
10
3
9
3
8
5
5
6
4
9
12
4
7
3
6
4
9
4
5
7
4
8
6
7
4
7
6
2
7
5
1
6
8
4
7
3
5
5
4
4
6
5
4
4
4
9
1
4
8
3
1
5
4
5
2
9
6
6
5
4
7
6
6
7
5
3
2
5
7
7
7
5
5
7
6
6
11
9
8
5
10
5
6
8
4
8
5
7
7
11
9
8
6
9
11
8
7
7
6
6
8
11
10
3
4
6
6
6
7
7
13
7
6
9
8
6
2
12
9
12
8
4
10
5
10
9
7
6
8
5
10
7
8
14
9
7
13
7
9
6
15
15
8
13
8
10
5
10
7
11
6
9
8
9
14
7
7
10
13
14
14
5
18
9
12
11
11
9
9
16
18
12
13
16
17
15
19
10
17
16
11
14
16
16
15
20
11
15
21
13
15
18
15
14
20
12
13
14
19
12
14
22
14
18
7
8
12
20
15
15
16
14
12
10
22
14
22
16
23
15
12
21
16
13
15
13
14
27
19
20
20
20
15
13
13
22
19
23
21
24
25
22
27
16
11
20
16
23
21
33
27
20
23
24
20
28
28
20
28
20
26
27
26
19
27
19
26
17
24
17
20
25
29
24
25
26
26
24
38
27
33
36
26
26
29
33
30
38
31
32
44
22
39
34
36
37
30
26
33
30
31
31
38
43
51
38
39
32
49
37
40
41
42
48
33
47
37
48
44
59
38
44
49
48
52
43
48
53
55
48
50
55
48
49
49
47
48
57
66
57
51
52
74
54
61
52
62
75
73
62
54
49
67
67
82
61
69
77
78
61
71
78
83
64
87
78
76
66
94
88
89
110
73
107
72
96
89
87
99
96
93
85
82
77
86
90
93
82
83
91
109
85
94
78
87
94
87
98
85
79
72
82
77
82
84
91
82
66
84
88
79
72
73
69
70
75
67
73
78
64
69
60
71
63
71
75
83
79
67
75
62
62
72
54
63
91
66
72
75
63
74
63
76
78
70
50
51
70
80
73
85
77
60
68
72
67
72
74
65
71
73
76
66
78
60
62
72
72
69
64
72
92
73
78
71
72
50
78
62
91
80
67
72
78
69
73
65
83
78
65
75
74
70
86
65
73
80
75
79
57
89
73
81
75
66
74
80
83
79
73
73
83
83
85
85
69
70
87
83
70
91
91
82
91
90
86
101
101
120
164
171
204
247
302
383
456
569
690
843
947
1129
1246
1450
1560
1785
1872
1965
2110
2103
2116
1981
2048
1855
1743
1544
1369
1259
1039
885
759
644
533
410
323
316
225
213
160
128
133
95
113
118
89
90
93
97
94
113
86
87
107
101
100
100
108
113
116
85
103
110
95
93
110
95
88
103
91
108
102
105
116
93
94
102
97
128
102
90
101
105
102
99
125
100
109
99
102
119
121
102
110
110
121
126
124
94
138
141
147
123
140
132
145
130
170
174
169
158
203
199
259
284
277
296
312
352
357
345
359
387
377
386
400
364
311
310
319
267
258
254
250
219
205
168
161
164
155
161
151
125
135
149
156
139
157
152
146
150
158
142
137
142
138
145
167
136
167
152
144
137
147
150
167
166
148
155
176
151
172
149
143
161
169
186
177
186
154
169
179
188
179
189
209
207
214
210
199
215
225
200
207
222
216
233
195
230
208
231
213
242
219
232
262
224
249
251
219
238
245
255
271
241
234
256
246
262
276
210
279
259
289
282
258
249
268
266
230
282
268
250
257
248
271
255
267
236
264
252
220
227
258
252
224
229
228
224
198
204
236
195
189
213
187
215
187
174
171
178
187
168
189
177
173
144
171
164
195
149
154
146
163
164
154
164
151
163
170
148
179
155
140
154
134
145
157
157
160
173
152
146
166
142
170
135
163
152
139
152
144
166
161
147
165
144
161
141
150
148
158
165
156
132
158
156
145
145
151
173
150
156
184
132
154
156
156
138
138
134
149
147
146
140
169
157
157
147
134
145
153
159
176
155
164
135
149
150
144
164
160
126
134
174
163
137
153
148
159
163
151
143
163
144
171
166
160
165
158
129
136
140
147
171
153
153
152
179
156
158
166
161
169
160
156
142
165
161
174
153
171
161
180
168
192
157
172
178
137
169
162
171
205
193
174
164
164
165
187
177
180
154
205
162
167
183
178
173
175
176
164
180
168
185
171
179
204
178
164
180
188
197
188
187
182
202
184
178
183
205
172
201
173
189
171
163
228
199
179
186
202
202
208
191
190
191
172
189
183
176
195
187
196
204
160
184
206
197
187
181
208
164
186
201
184
169
193
216
203
201
182
176
195
208
186
198
177
169
213
191
177
177
212
193
177
197
183
185
197
172
192
188
190
178
206
170
185
200
187
214
186
193
220
202
211
213
206
216
230
223
225
206
240
243
218
226
220
217
205
214
245
227
251
237
213
214
223
253
235
229
248
245
229
246
253
252
235
256
253
248
258
235
244
253
237
275
225
237
220
274
238
251
244
251
221
250
224
252
241
235
233
228
226
228
277
233
273
256
214
253
215
213
211
228
209
249
250
235
231
253
197
232
225
215
218
202
212
205
231
220
220
203
230
228
232
214
182
216
216
225
198
197
209
221
206
200
222
192
218
209
196
215
211
186
187
203
191
203
186
198
188
215
200
187
187
179
183
193
206
176
185
170
172
193
187
171
174
185
216
186
207
196
192
189
171
210
203
164
192
181
169
189
172
204
175
192
195
180
217
192
166
173
195
170
191
210
204
181
198
186
190
193
187
177
183
164
174
175
184
175
174
187
172
187
186
194
196
189
180
179
204
185
185
181
190
216
178
204
188
176
193
183
236
207
194
196
183
177
192
199
198
191
198
182
181
183
195
177
182
182
191
222
195
199
181
190
213
175
200
172
188
176
166
198
190
204
192
189
179
195
164
190
198
176
161
194
180
158
205
183
196
173
192
192
173
175
202
204
171
200
202
190
177
186
184
198
194
205
214
212
180
166
166
194
187
209
211
169
215
182
194
170
208
177
195
187
210
193
211
195
192
178
192
189
213
187
214
185
189
188
208
187
217
202
191
212
190
203
222
195
194
179
202
188
205
210
191
179
185
186
184
204
217
197
182
197
191
202
216
197
196
213
189
254
205
168
185
198
224
191
205
222
213
201
212
203
212
214
194
216
236
234
236
199
251
188
197
213
242
228
211
230
224
254
211
208
204
223
230
228
241
227
243
266
253
261
227
235
249
253
255
254
252
252
267
261
271
275
247
242
279
280
299
311
293
270
297
297
274
289
300
333
266
280
312
309
326
314
321
311
317
321
321
347
304
345
354
301
325
378
368
346
372
413
361
400
413
410
422
439
457
486
469
485
492
527
537
509
521
589
591
616
628
657
663
654
723
759
746
756
748
843
795
800
800
895
921
955
968
908
1035
1060
1038
1008
1094
1082
1115
1106
1207
1114
1123
1181
1198
1108
1172
1192
1153
1121
1152
1202
1148
1119
1192
1086
1131
1169
1059
1147
1067
1032
1004
911
1035
921
898
860
815
811
831
784
739
762
702
675
740
655
626
611
620
556
568
518
518
492
479
443
500
424
415
411
377
407
385
385
321
361
365
359
308
305
266
318
320
318
279
287
287
287
253
253
277
232
249
228
233
233
233
236
237
221
235
207
213
193
196
213
209
198
202
212
174
198
169
181
194
195
169
169
152
195
188
190
187
179
174
174
206
215
185
218
224
224
248
270
254
272
276
258
271
296
332
308
316
308
353
368
376
380
375
348
403
391
348
403
370
378
377
393
374
326
298
299
293
297
252
276
249
233
233
222
183
202
189
160
172
154
172
156
146
142
134
113
145
129
119
124
113
140
129
138
134
134
130
122
103
125
132
123
140
136
136
168
116
141
160
122
168
124
119
164
144
149
143
145
148
179
159
151
170
197
169
174
176
157
183
166
179
195
201
194
192
192
177
195
230
219
221
204
193
201
203
225
225
199
204
218
212
211
207
225
215
243
196
204
208
213
199
201
204
223
191
210
190
202
189
191
173
181
183
193
165
187
164
166
180
156
178
127
159
168
144
135
131
136
147
135
140
140
131
130
121
120
112
109
122
138
102
113
124
102
115
118
94
99
93
94
80
80
87
88
91
88
69
76
73
87
80
82
80
95
77
69
65
73
64
71
81
74
64
51
65
71
72
53
57
59
66
55
73
66
69
63
57
57
56
59
51
56
60
50
55
62
57
57
54
53
52
45
54
45
54
55
44
51
45
49
48
38
52
40
39
53
60
54
51
44
46
53
50
45
41
43
57
47
50
61
43
47
57
37
45
49
45
79
73
48
55
59
59
55
78
65
68
54
80
74
45
78
65
68
61
61
65
69
60
52
60
59
56
40
55
48
49
42
34
53
53
37
45
40
39
37
47
43
32
38
41
33
37
41
45
30
34
45
49
35
34
36
46
38
41
42
43
38
42
30
36
32
33
30
30
18
37
46
42
29
21
39
29
28
34
30
31
26
30
28
45
21
27
35
29
36
22
38
30
26
26
28
32
34
30
34
32
31
21
28
33
29
30
26
28
20
34
33
28
28
27
31
28
27
31
22
28
23
40
20
19
29
29
25
20
26
21
22
22
33
27
19
27
23
16
27
32
26
19
23
22
27
27
28
26
25
21
30
29
30
27
17
31
20
22
28
25
24
23
18
26
25
25
36
18
22
20
19
29
31
26
24
26
18
28
26
23
19
23
25
28
22
26
29
24
20
24
28
25
27
17
18
25
23
17
21
24
29
27
22
27
28
19
23
30
36
32
20
32
34
25
27
14
21
25
15
21
21
20
19
23
11
26
14
31
25
10
19
20
22
13
11
19
21
23
26
29
19
24
17
18
15
21
13
24
22
19
22
29
18
19
21
18
20
22
16
25
16
20
20
14
25
16
17
18
12
14
19
24
26
16
17
22
18
18
19
19
15
19
21
22
16
18
18
18
15
24
15
19
20
25
13
17
22
11
23
17
19
19
16
18
17
22
18
12
12
21
17
16
13
12
17
20
24
14
16
16
22
14
15
15
15
20
14
13
13
19
10
25
16
23
11
21
17
22
17
13
11
23
11
13
15
4
15
16
19
13
23
8
14
16
11
12
13
15
16
13
11
11
16
12
16
15
18
15
20
13
18
14
16
22
18
15
15
9
17
16
13
12
13
13
12
21
11
16
15
13
16
9
13
14
16
15
11
15
17
10
14
19
9
13
13
13
10
19
18
16
12
12
8
11
8
6
18
13
6
15
16
7
7
8
13
11
12
8
9
9
15
8
11
22
8
17
9
11
11
11
16
15
17
12
8
14
11
8
10
9
11
11
14
7
16
16
12
9
17
13
8
7
16
10
9
8
6
13
14
12
8
10
6
10
11
5
13
9
15
15
10
14
6
15
9
12
7
8
10
13
13
9
6
11
1
12
10
10
8
8
14
10
9
9
9
12
13
8
13
11
7
13
11
10
9
11
5
6
7
5
6
9
5
5
8
14
11
8
9
7
9
7
7
14
11
11
12
7
3
14
10
9
13
6
8
8
3
11
5
9
9
10
10
6
5
6
7
9
9
8
13
8
11
5
7
5
6
8
15
9
8
9
8
12
8
12
7
6
7
9
5
9
6
10
9
6
6
7
3
6
8
4
6
7
7
3
10
11
12
7
6
9
6
4
8
6
6
7
6
5
10
8
6
3
5
3
8
7
4
5
7
5
5
1
7
3
3
3
2
6
7
6
8
3
6
12
5
7
9
8
10
5
10
7
11
5
10
6
10
4
5
5
7
4
3
4
4
5
6
6
5
5
7
10
4
8
4
4
5
6
5
7
8
9
10
5
8
9
8
8
4
3
5
7
11
1
6
4
8
2
5
8
5
10
6
8
4
6
4
7
4
8
5
7
4
4
7
4
3
7
12
1
3
4
6
4
5
3
5
5
7
7
10
1
4
3
7
5
6
8
4
10
6
6
3
2
3
5
5
5
3
1
4
3
5
3
7
4
3
6
6
7
3
4
6
5
5
3
5
7
5
5
4
1
6
4
1
8
3
5
1
5
7
5
3
3
2
2
0
3
6
4
2
1
5
4
5
7
4
3
9
4
6
4
4
7
6
2
4
3
6
0
8
1
9
3
5
2
3
5
5
3
3
2
4
5
2
4
4
5
3
5
6
3
5
2
9
6
2
5
2
5
2
0
3
5
10
4
2
4
4
3
1
1
1
4
0
1
4
3
5
4
2
0
2
7
5
3
2
4
1
3
2
1
2
6
6
1
4
3
3
1
3
4
1
3
1
2
4
5
2
3
2
1
5
0
3
4
5
2
4
1
5
4
1
2
1
4
4
0
3
8
1
5
5
1
2
3
6
2
3
5
0
4
5
2
1
0
2
1
0
2
5
1
2
3
3
0
3
2
3
3
3
1
0
4
4
5
4
4
4
1
2
2
2
2
1
2
5
0
0
3
1
0
3
4
3
1
3
2
5
4
4
3
0
3
3
3
2
1
3
6
1
3
2
0
1
3
2
0
2
4
4
1
1
1
5
1
1
3
2
1
2
3
2
0
1
4
1
3
0
3
1
2
2
5
2
3
4
2
0
3
2
0
2
4
1
2
1
4
2
4
1
4
2
0
0
1
0
3
2
0
2
2
0
1
4
0
1
3
1
2
4
0
0
3
2
1
4
4
1
1
2
3
1
0
2
2
1
0
1
4
2
1
1
1
0
2
1
1
2
3
0
4
3
3
1
2
3
2
1
4
2
0
2
2
1
1
1
0
0
1
2
3
1
4
2
0
0
3
0
1
2
0
2
3
5
0
0
1
0
1
3
0
0
2
1
2
2
2
2
3
1
2
0
0
0
3
3
2
0
1
2
0
2
0
2
1
1
1
0
2
0
1
1
2
3
3
0
0
1
2
0
3
0
2
0
1
1
1
0
1
1
1
1
2
0
0
0
2
2
1
2
1
1
0
1
3
0
1
2
0
1
1
0
2
0
1
0
7
1
3
2
1
0
1
2
0
1
1
1
2
0
0
2
2
1
3
2
2
1
0
1
3
1
1
2
0
1
1
1
1
0
3
0
0
0
0
2
0
2
1
1
2
0
2
4
0
0
1
2
1
1
0
0
1
0
0
2
0
1
1
1
1
2
0
0
1
1
2
1
1
1
2
0
2
0
0
2
0
2
1
0
0
1
0
1
1
0
1
3
2
1
0
1
0
0
0
0
0
0
2
0
1
0
0
1
1
1
2
1
1
0
0
1
0
1
2
0
3
1
0
0
0
0
0
0
1
0
1
0
0
1
2
0
0
0
2
2
0
3
0
0
2
0
0
0
0
0
0
0
0
0
2
0
1
0
0
0
0
0
0
1
1
0
2
0
0
1
0
2
1
0
3
1
1
1
0
1
0
1
0
1
1
0
0
2
0
0
0
2
0
1
1
0
1
0
1
0
1
0
1
0
1
1
0
0
1
0
2
0
0
1
0
1
0
0
0
0
0
0
2
2
2
1
1
0
0
1
1
0
1
0
2
0
0
0
2
1
2
2
0
1
0
1
0
3
0
1
0
0
2
0
0
1
1
0
1
1
1
0
1
1
1
0
2
0
0
0
1
0
0
0
0
0
1
0
1
0
0
0
0
1
0
1
3
0
1
0
0
0
0
0
0
0
0
0
0
1
0
1
1
0
1
1
0
2
1
1
0
0
1
0
1
0
0
1
1
0
0
0
1
0
0
0
0
0
0
0
0
0
0
0
1
0
0
0
0
1
0
1
0
0
1
0
1
0
0
1
1
0
0
0
1
0
0
0
0
0
1
0
0
0
0
1
0
1
0
1
1
0
0
1
0
1
0
0
0
0
0
0
2
0
0
0
0
0
1
0
0
0
0
0
1
0
0
1
0
1
0
0
0
1
2
0
0
0
0
1
0
0
0
0
0
0
0
1
0
0
0
1
0
0
0
0
0
0
0
0
2
0
0
0
0
1
0
0
0
1
0
0
0
0
0
0
0
0
0
0
0
0
0
0
0
0
0
1
0
0
0
0
1
1
0
0
0
0
0
0
2
0
0
0
0
1
0
0
3
0
0
0
0
0
0
0
0
0
0
0
0
0
0
0
1
0
0
0
2
0
0
0
0
0
0
0
0
0
0
0
0
0
0
0
0
0
0
0
0
0
0
0
0
0
0
0
1
0
0
0
0
0
0
0
0
0
0
0
0
0
0
0
0
0
0
0
2
0
0
0
0
0
0
