0
0
0
0
0
0
0
0
0
0
0
0
0
0
0
0
0
0
0
0
0
0
0
0
0
0
0
0
0
0
0
0
0
0
0
0
0
0
0
0
0
0
0
0
0
0
0
0
0
0
0
0
0
0
0
0
0
0
0
0
0
0
0
0
0
0
0
0
1
1
0
1
5
2
1
0
1
2
3
3
4
2
14
42
140
360
885
2255
4837
9460
16989
27565
40799
54641
66601
72834
73125
66388
55036
41592
28103
17534
9824
5011
2390
950
396
137
38
18
2
1
2
1
0
1
0
3
2
4
0
0
0
0
0
0
0
0
0
0
0
5
60
44
33
49
36
41
45
60
46
36
53
45
54
46
38
47
40
41
41
36
40
37
39
39
43
33
48
43
29
43
37
36
39
40
35
33
36
41
44
32
36
33
41
44
32
37
41
35
42
31
38
38
40
45
33
41
38
47
39
53
46
44
46
48
42
45
44
60
62
81
100
136
140
151
167
167
165
152
141
129
102
81
78
85
63
46
45
34
51
46
41
43
45
58
40
46
52
51
51
45
44
44
55
62
65
66
67
71
77
69
104
66
118
115
97
116
129
130
146
153
163
201
236
268
327
542
781
1164
2015
3090
4936
7260
10559
14386
18302
22564
25877
28231
29891
29049
27222
24050
20330
16484
12591
9333
6694
4715
3450
2476
1884
1351
968
702
570
475
371
357
402
472
580
652
756
871
1036
1031
1057
992
865
767
594
494
408
272
216
154
134
99
115
83
75
66
60
37
36
23
23
25
12
16
8
20
13
6
5
9
19
10
13
8
3
8
8
9
10
6
8
7
9
4
5
7
3
9
6
8
13
9
8
5
8
9
7
8
13
13
18
23
18
15
22
26
23
25
31
26
18
31
10
24
26
23
10
10
31
16
24
18
14
10
17
25
19
20
10
27
25
23
15
11
21
17
19
22
15
19
5
9
18
3
6
7
8
8
5
6
3
7
5
4
7
5
6
4
10
5
4
6
3
5
6
5
9
4
9
4
7
8
6
8
9
9
11
10
13
7
13
15
16
15
25
24
17
21
21
17
15
16
14
6
11
15
8
4
13
9
13
8
8
3
12
10
12
3
17
17
16
16
11
14
12
14
4
6
4
8
8
11
3
4
3
6
6
5
2
9
5
7
7
5
10
9
3
6
3
5
7
6
7
6
7
6
12
11
11
6
6
8
11
6
7
8
6
5
8
8
7
7
8
7
7
7
5
4
3
3
5
7
5
1
8
6
7
4
7
3
3
4
9
6
8
3
11
8
6
9
10
9
11
1
9
3
6
8
6
8
9
5
11
6
5
7
4
8
6
5
8
7
8
9
9
8
9
4
14
5
7
3
8
9
16
4
9
12
7
7
6
8
12
8
11
5
13
11
10
1
5
10
4
9
11
14
9
8
6
10
12
8
7
14
8
4
7
9
12
10
9
11
10
7
12
7
6
8
6
10
15
7
14
11
9
13
9
7
8
15
10
10
15
13
12
15
11
8
8
17
19
19
18
8
11
13
17
18
22
18
14
15
19
12
18
8
16
10
11
20
12
7
10
20
16
12
11
21
15
16
14
21
12
14
14
17
18
20
14
15
15
11
20
16
18
16
19
16
21
19
17
17
9
21
11
22
12
15
22
25
23
23
18
24
23
24
19
19
17
22
20
17
20
21
24
17
18
19
26
31
26
18
17
18
12
20
24
31
18
26
27
29
31
23
21
19
23
18
22
27
28
25
23
36
32
26
29
32
31
33
23
30
18
23
34
29
28
26
31
26
27
46
34
33
31
37
21
32
42
42
43
26
49
33
35
38
33
38
35
36
47
41
53
30
59
50
61
46
48
51
47
52
50
42
47
61
60
43
50
55
53
70
65
69
62
64
45
78
67
62
62
55
58
63
61
69
67
57
84
70
80
64
82
76
70
86
71
71
84
85
82
85
79
87
94
110
101
99
102
88
97
110
78
101
99
86
97
76
95
97
91
83
77
71
75
78
91
80
71
90
84
70
94
78
71
61
78
78
75
92
83
88
58
80
82
79
79
77
75
67
67
70
65
82
80
73
71
84
63
71
82
59
63
52
59
64
71
64
71
65
70
71
67
72
78
61
72
79
81
78
68
66
69
66
69
75
77
79
66
67
64
58
69
87
71
69
59
61
68
63
67
74
78
63
62
61
69
64
73
69
55
56
71
73
65
67
84
69
75
67
81
65
74
94
83
65
72
74
74
83
77
77
61
74
77
80
73
81
70
63
64
80
55
70
78
73
89
74
83
65
66
82
82
101
81
94
81
93
98
93
103
130
137
153
170
203
252
339
363
419
585
677
821
940
1105
1268
1476
1576
1719
1800
2021
2067
2023
2037
2000
1971
1873
1635
1575
1424
1190
1064
893
749
666
507
400
326
279
230
214
155
143
126
123
95
123
101
104
103
91
107
95
101
100
112
105
120
102
90
87
97
108
96
122
100
108
101
101
102
86
106
101
116
94
97
122
104
100
96
104
108
121
115
105
108
112
100
109
115
98
116
109
120
115
121
105
118
114
135
115
107
114
122
141
117
114
131
158
142
169
160
176
202
216
225
274
285
300
288
314
359
358
378
376
404
387
354
379
310
332
292
257
248
237
221
224
192
172
182
144
154
149
153
139
150
130
135
126
146
154
146
132
150
125
164
136
136
131
166
140
146
132
158
144
146
180
176
149
145
152
163
141
174
147
172
184
177
175
171
160
158
182
186
150
195
193
227
177
171
183
187
206
216
206
194
201
218
221
205
215
216
209
223
188
209
234
232
232
263
245
229
248
261
264
272
263
258
244
241
267
247
250
268
267
268
259
273
274
254
259
241
271
262
286
248
250
240
222
247
249
241
247
257
238
239
196
190
209
249
225
218
194
187
206
204
181
189
206
177
199
170
186
189
159
161
190
183
145
176
155
169
144
144
134
176
180
183
155
155
159
150
172
161
148
146
143
134
148
147
148
150
148
167
158
154
141
153
135
136
139
140
141
130
157
142
148
147
143
150
145
152
136
149
140
140
155
156
157
143
129
166
133
130
156
143
153
158
148
166
152
104
144
176
147
163
164
163
149
133
156
144
147
137
153
127
128
130
157
132
126
165
141
163
156
142
160
165
139
156
142
152
122
153
142
152
142
138
162
152
162
149
150
155
143
137
160
152
143
174
153
170
135
145
159
156
164
163
123
160
133
154
162
169
171
149
155
166
171
172
163
184
162
170
157
174
170
147
150
154
179
162
145
157
165
166
205
155
173
180
185
193
195
165
190
178
169
166
163
187
184
175
173
172
172
186
193
171
193
185
193
182
197
204
189
160
221
194
197
179
190
197
195
189
176
184
225
186
201
184
179
193
180
174
179
187
192
192
208
195
188
199
185
162
182
185
193
175
176
185
183
184
186
172
174
175
200
180
192
162
190
200
166
205
182
193
176
195
205
195
191
188
194
208
197
199
200
185
206
177
170
170
211
227
180
231
209
186
190
182
217
219
234
222
196
205
206
227
222
225
232
230
238
213
211
220
245
231
232
225
223
234
230
235
221
208
242
256
233
247
256
239
251
260
241
279
253
242
241
251
248
235
243
268
251
247
283
217
213
249
226
250
235
230
227
249
223
236
190
224
234
230
224
193
246
220
215
241
225
219
249
233
226
214
229
207
229
237
219
199
200
207
186
226
203
233
201
196
207
194
214
224
210
186
192
210
210
169
228
187
202
195
196
189
195
218
174
181
186
190
186
202
213
201
188
170
205
191
181
200
176
208
193
185
175
222
204
198
199
183
182
192
218
194
175
193
192
186
222
184
188
188
206
190
155
176
180
198
176
182
174
183
174
192
163
186
172
167
189
175
193
193
169
165
168
169
193
196
174
172
170
179
170
171
183
171
180
162
181
173
177
187
200
196
174
185
180
202
185
184
184
179
196
193
198
173
180
167
184
176
187
175
204
174
167
187
197
189
198
169
187
175
198
201
193
192
175
180
185
160
197
168
198
171
188
165
185
182
204
187
209
179
185
178
187
198
193
183
201
196
186
178
208
187
170
220
206
181
194
190
195
183
188
233
195
198
203
190
164
179
183
183
198
194
220
174
197
192
177
196
200
192
202
186
191
196
207
196
199
171
162
205
168
190
189
192
191
207
178
187
205
176
201
184
212
188
188
197
207
207
180
209
178
195
182
200
182
214
208
185
196
210
188
173
197
194
209
202
167
200
191
221
199
214
216
202
202
185
212
207
205
217
206
205
204
202
210
193
207
240
213
211
185
234
199
217
185
232
229
210
195
220
213
228
236
218
215
209
222
211
240
228
227
222
248
253
257
240
249
220
259
241
254
267
240
240
242
270
263
264
275
260
268
240
246
270
300
256
292
282
243
283
325
269
286
313
252
294
295
299
330
313
313
336
324
354
311
314
310
374
368
326
355
367
353
355
382
382
400
439
400
421
445
449
443
478
472
448
510
482
529
552
605
583
580
604
627
661
663
715
717
687
732
733
840
778
812
811
883
929
876
919
973
1057
1018
1012
1064
1049
1039
1040
1140
1076
1102
1177
1186
1170
1179
1185
1173
1132
1168
1097
1152
1186
1157
1131
1060
1098
1134
1065
1043
1046
1048
1048
943
997
944
877
907
829
824
788
767
723
748
690
667
642
646
608
601
551
553
575
549
483
518
473
494
448
424
417
393
382
387
342
369
361
301
359
323
299
316
290
312
319
283
295
280
247
291
250
257
259
264
252
241
248
220
226
215
207
221
257
229
201
225
199
166
199
194
207
199
205
173
178
192
201
210
188
156
177
157
179
191
168
185
189
199
200
186
221
201
233
194
214
240
221
250
277
272
260
308
321
311
312
345
319
340
345
354
351
403
360
377
389
353
404
340
338
371
368
308
300
321
283
296
300
295
260
249
209
218
197
197
145
154
159
146
173
141
149
137
147
130
135
126
117
121
129
103
120
153
118
144
127
123
116
126
133
146
131
131
118
146
137
129
134
122
178
127
137
172
148
159
155
151
176
167
183
179
168
181
155
157
184
171
188
201
198
179
190
204
214
190
199
204
208
190
184
216
206
185
218
209
217
199
226
215
194
235
215
237
219
213
216
180
196
195
211
187
209
203
183
197
190
187
211
176
192
170
187
160
192
185
160
159
182
151
150
164
148
149
145
153
161
156
125
129
124
119
138
124
130
117
97
124
108
117
104
114
99
114
107
116
109
96
80
93
78
109
99
107
89
79
79
91
74
81
74
76
80
72
86
71
78
66
81
73
69
64
62
64
58
62
62
53
63
74
65
69
52
64
66
61
62
51
63
70
68
64
59
72
50
82
54
57
39
63
49
58
61
52
59
45
57
59
46
59
64
54
39
49
41
50
49
50
46
49
54
34
47
53
49
51
43
49
55
49
49
56
48
49
43
53
61
69
56
54
63
48
71
70
64
70
66
69
80
69
70
62
74
77
72
75
63
47
56
67
60
60
47
38
35
45
46
43
57
33
43
38
49
36
39
48
27
39
36
35
34
40
41
39
34
37
31
42
37
41
45
42
43
39
40
37
41
31
39
39
31
38
37
35
37
40
25
38
33
35
26
36
45
31
34
32
26
36
35
36
28
38
22
26
28
35
26
35
28
31
27
24
30
30
24
30
28
36
22
31
18
27
31
32
30
25
28
22
34
33
28
24
26
36
26
29
28
31
44
36
25
23
34
38
25
24
21
22
31
26
24
27
25
21
29
31
25
21
34
28
35
33
30
16
31
23
24
29
31
19
32
20
27
28
25
24
25
15
27
21
18
27
27
13
31
28
19
29
21
31
20
21
17
20
30
20
28
23
31
24
18
19
19
22
19
22
20
20
19
28
25
22
21
23
27
24
14
25
20
27
17
19
19
27
20
21
24
23
23
27
17
15
30
15
25
21
18
23
22
31
22
12
21
26
20
19
18
20
25
22
21
26
21
23
23
15
25
26
12
24
21
23
27
17
17
18
18
26
18
16
22
20
21
22
21
21
18
14
23
14
18
13
18
18
29
14
17
27
17
14
11
21
11
21
18
18
19
17
20
17
18
19
17
15
12
19
24
9
17
15
22
24
16
18
13
18
16
20
15
18
16
16
15
18
20
17
13
16
20
17
13
13
17
17
12
20
13
21
18
19
16
11
17
21
18
16
15
16
17
18
20
15
19
17
24
13
11
15
6
13
12
17
16
11
20
13
8
12
14
15
13
10
12
19
18
12
21
10
12
16
12
13
15
6
7
12
11
14
11
12
11
14
15
9
15
11
8
15
15
9
13
10
13
8
16
16
10
16
10
8
10
14
12
15
11
13
13
13
16
10
17
15
13
18
12
9
7
13
6
9
6
10
13
15
8
11
12
9
20
17
8
10
9
14
10
8
7
18
9
13
15
11
13
11
9
20
12
12
9
10
15
12
6
13
14
11
12
11
15
22
10
10
15
15
14
7
10
7
5
16
6
18
12
13
13
8
3
11
7
11
13
6
12
8
8
7
6
9
7
10
11
8
9
10
11
10
13
11
6
6
14
13
14
8
7
11
5
10
16
4
9
1
12
9
9
10
4
13
6
6
9
7
4
10
8
6
4
7
4
6
9
10
13
14
7
9
11
13
7
12
4
10
5
5
9
9
9
14
10
11
11
10
4
15
11
10
14
11
7
9
7
12
10
10
9
8
9
8
11
9
7
7
18
6
13
9
7
9
10
5
6
4
9
9
4
6
7
5
7
8
8
5
3
8
8
7
9
11
8
5
11
13
9
9
7
10
11
4
3
7
3
9
3
5
7
8
11
10
3
10
5
8
5
7
7
6
10
13
7
6
6
8
8
8
8
7
5
5
11
3
8
9
6
4
6
6
4
5
4
7
3
9
8
8
4
5
6
8
3
5
8
7
8
6
7
8
3
6
1
4
5
2
8
7
3
3
4
5
8
9
9
5
4
10
7
9
6
4
6
5
4
4
5
3
4
5
5
6
11
3
6
5
8
5
5
10
3
11
2
3
7
8
9
4
5
6
6
3
2
8
2
8
5
3
3
2
5
5
5
3
4
12
6
5
4
4
2
3
5
9
5
1
5
11
3
3
4
3
3
5
3
4
4
4
6
3
11
4
4
2
6
2
6
4
3
5
4
10
10
4
4
4
3
2
3
5
5
1
10
10
9
1
3
3
8
3
8
6
2
5
4
4
4
5
6
6
3
6
3
4
6
2
4
4
5
5
6
0
2
5
0
7
4
1
7
6
4
4
5
3
3
1
4
7
1
5
4
3
7
3
7
5
5
4
5
3
3
2
6
5
3
2
6
7
5
2
5
2
4
4
4
4
0
4
2
4
4
3
5
4
6
5
0
4
2
4
8
4
2
4
2
3
2
3
3
2
3
2
4
3
3
3
0
3
1
3
1
3
2
3
4
7
4
4
4
3
2
3
4
1
4
3
3
0
0
5
2
2
4
3
4
2
1
2
4
2
2
2
4
3
3
4
2
3
7
1
3
2
3
3
4
2
8
3
1
2
2
1
2
2
8
5
4
8
5
4
4
1
1
0
3
4
2
2
1
2
5
0
3
2
1
0
2
2
2
2
3
2
0
3
1
3
1
2
0
5
1
2
4
2
1
4
3
6
3
3
1
1
2
2
2
1
4
3
2
0
2
6
3
2
4
7
4
1
0
2
3
3
1
0
2
4
2
3
2
0
3
4
1
2
2
5
2
1
2
3
1
0
0
1
0
1
2
2
1
1
1
2
0
5
1
3
2
5
1
2
1
2
0
2
1
0
3
2
0
3
0
2
1
1
2
1
2
0
2
2
0
1
2
2
1
4
2
4
2
0
1
1
3
4
2
0
1
4
2
1
2
1
0
0
0
0
3
1
0
2
1
1
1
3
1
0
1
1
2
1
1
2
3
0
3
0
1
3
3
1
3
3
2
2
3
0
0
1
2
2
1
1
0
0
1
0
1
0
2
3
0
2
2
1
2
1
1
2
2
1
2
2
1
2
1
3
0
3
1
0
0
0
3
0
3
1
0
1
1
0
3
0
1
3
1
0
0
2
0
3
0
2
1
1
2
2
2
2
0
1
1
0
1
0
0
1
2
0
1
0
1
0
1
0
1
1
0
1
0
2
4
0
1
2
1
3
0
1
1
2
0
0
0
0
0
0
0
2
1
0
1
0
1
0
1
3
2
0
2
3
2
1
0
1
1
1
2
1
2
1
0
1
2
0
0
1
3
2
1
0
0
0
3
1
0
1
0
0
0
0
0
0
0
3
1
2
2
0
0
0
2
1
1
0
0
0
0
0
1
1
1
0
1
1
1
0
0
1
1
2
1
2
1
1
1
2
3
1
1
1
1
2
0
1
3
1
2
2
1
0
1
0
1
0
1
1
0
0
0
2
0
1
1
2
0
0
0
0
0
0
0
2
0
1
0
0
1
0
0
0
1
0
0
0
1
0
0
0
0
1
0
0
0
0
0
1
0
0
1
0
0
0
1
0
0
0
2
0
1
0
0
0
0
0
0
0
0
0
1
0
0
0
0
0
1
1
0
0
0
0
0
0
2
0
1
0
2
1
0
0
1
0
1
0
1
0
1
0
1
0
0
3
0
1
2
0
1
1
0
0
0
0
0
0
0
0
0
0
0
0
1
2
0
0
1
1
1
0
1
0
0
1
0
1
1
0
0
2
0
0
1
1
1
1
1
0
0
0
0
0
1
1
0
0
0
0
0
1
0
0
1
0
0
0
0
1
0
1
1
1
1
0
0
0
0
0
0
2
1
0
2
1
0
1
0
0
2
0
0
0
0
0
1
1
0
0
0
0
0
0
0
2
0
0
1
0
1
1
2
0
0
0
0
0
0
1
0
0
0
1
0
0
1
3
1
0
1
0
0
0
1
0
1
1
0
0
0
0
0
0
1
0
0
1
0
0
0
0
0
0
0
0
1
1
0
0
0
0
0
1
1
2
0
0
2
1
0
0
0
1
0
1
0
0
0
0
0
0
1
0
0
1
0
0
0
0
0
0
0
0
0
0
1
1
0
1
0
0
0
0
0
0
0
0
1
0
0
0
2
0
0
0
0
0
0
0
0
0
1
0
0
0
0
1
0
0
0
0
0
0
0
0
0
1
1
0
1
0
0
0
1
1
0
0
0
0
0
0
0
1
0
0
0
0
0
0
0
0
1
0
0
0
0
0
1
0
0
0
0
0
0
0
0
0
0
1
0
0
0
0
0
0
0
0
0
0
0
3
0
0
1
2
0
0
1
1
0
0
0
0
0
1
0
0
1
0
0
0
0
0
0
0
0
1
0
0
0
0
0
0
1
0
0
0
0
0
0
0
0
0
0
0
0
