0
0
0
0
0
0
0
0
0
0
0
0
0
0
0
0
0
0
0
0
0
0
0
0
0
0
0
0
0
0
0
0
0
0
0
0
0
0
0
0
0
0
0
0
0
0
0
0
0
0
0
0
0
0
0
0
0
0
0
0
0
0
0
0
0
0
0
0
0
0
3
0
3
2
3
0
4
4
1
4
4
6
21
24
108
356
964
2310
4859
9534
16933
27544
40870
54429
66114
72891
73045
66339
55293
41461
28037
17662
9844
5140
2296
1055
403
137
37
11
8
3
3
0
1
0
0
0
2
0
0
1
0
0
1
0
0
0
1
0
0
7
58
61
41
54
43
40
54
40
52
37
38
37
34
43
47
44
42
49
51
42
47
46
45
36
40
36
37
28
29
33
41
39
42
34
29
35
41
35
47
36
35
36
39
46
36
28
40
34
30
35
46
43
39
33
43
39
49
39
40
48
43
49
54
47
43
50
51
55
71
80
102
119
144
170
166
176
173
153
134
121
113
88
82
84
54
62
55
46
50
38
58
36
41
50
40
45
54
44
57
39
51
57
50
57
45
73
76
71
88
69
92
88
114
99
114
125
116
123
124
142
166
168
173
180
251
367
660
981
1764
2934
4634
7046
10354
13802
17769
21764
25296
28192
28934
28466
26519
23445
19498
15917
12229
9111
6473
4695
3324
2317
1722
1293
993
649
493
372
324
317
351
443
501
685
822
878
1012
1046
996
1022
935
800
670
514
386
322
215
201
137
116
78
90
86
68
65
41
37
29
31
26
18
14
16
10
14
7
8
11
10
4
6
8
14
7
8
6
7
7
12
8
5
9
10
3
13
4
12
6
6
13
11
10
11
11
13
16
10
18
16
13
14
13
15
23
29
26
17
14
19
29
19
20
15
19
7
25
16
15
21
20
22
22
25
17
15
19
18
10
16
14
18
18
16
21
19
17
9
7
7
10
11
9
4
5
5
5
6
5
7
5
3
2
7
11
6
10
2
5
5
7
1
5
4
6
10
4
7
9
3
7
2
5
3
5
7
13
8
10
19
17
26
23
16
30
27
22
26
16
14
11
14
19
14
13
8
13
4
9
13
3
8
10
12
9
18
10
9
15
7
13
12
6
11
5
10
7
9
11
6
6
8
3
3
7
7
9
4
3
2
8
5
3
5
7
6
5
4
8
10
3
3
7
5
3
6
3
5
5
7
4
3
4
8
4
6
5
6
3
2
5
7
9
7
4
6
6
2
7
4
6
8
4
4
4
8
6
7
8
8
7
4
9
7
5
5
8
9
4
8
5
8
5
9
7
4
4
9
6
9
4
6
11
5
4
8
7
6
8
8
6
6
4
6
5
5
11
5
4
7
8
9
8
11
6
14
5
8
5
9
8
8
5
4
5
7
10
4
11
8
5
9
10
13
9
10
11
7
12
3
5
12
14
5
8
13
2
10
10
8
12
6
9
9
10
12
9
10
7
12
10
8
9
5
5
11
7
5
17
11
17
20
11
6
8
16
13
15
8
12
17
20
13
7
11
13
18
14
10
16
11
10
19
17
23
16
19
18
26
15
18
21
19
25
20
18
22
27
21
24
25
16
20
20
20
23
24
24
27
19
19
28
13
22
15
19
15
25
25
17
24
21
16
26
18
14
22
12
13
12
16
15
21
18
20
17
27
20
23
16
23
16
21
19
18
18
17
15
18
21
18
27
29
21
20
25
24
14
25
20
19
28
26
22
22
16
25
22
24
23
35
32
32
28
27
21
25
15
25
19
28
34
37
27
29
37
28
27
30
32
33
31
34
36
42
20
31
36
25
46
22
36
32
42
38
45
40
32
34
37
32
43
41
42
40
40
32
40
42
41
45
43
35
36
49
34
51
43
50
46
53
54
54
44
48
55
65
68
67
52
64
52
50
56
53
60
101
74
70
102
86
92
110
123
107
121
121
123
137
141
144
160
152
159
141
151
117
140
133
128
128
105
110
112
107
119
86
99
81
90
103
82
88
97
86
80
67
82
89
76
84
87
81
86
69
83
77
82
72
75
73
84
78
84
71
80
82
79
78
80
76
89
66
81
69
80
84
77
60
62
77
90
81
70
76
72
83
88
82
74
94
74
70
63
78
77
78
70
82
99
77
71
68
74
63
62
84
62
69
81
71
77
78
75
76
72
96
71
78
79
60
78
82
79
68
53
83
76
90
94
79
76
61
84
74
69
80
73
75
77
79
92
78
69
87
82
102
76
97
79
85
83
64
51
86
95
68
75
101
90
78
84
88
81
68
81
84
81
73
85
85
86
85
100
87
90
94
101
119
104
120
146
187
156
231
259
329
434
478
625
707
855
960
1103
1344
1419
1576
1744
1939
1894
2025
2053
2087
1910
1867
1796
1652
1492
1434
1171
1066
895
718
666
531
447
365
283
235
192
162
149
131
116
117
107
129
81
124
110
102
108
95
111
93
99
116
97
130
90
133
112
108
109
116
120
104
109
114
103
128
106
104
106
109
115
129
109
124
106
120
139
106
135
101
136
114
115
128
119
119
103
126
128
112
126
138
127
122
120
126
129
123
128
145
162
139
137
161
171
187
189
218
221
266
238
295
293
277
313
360
359
356
342
409
352
370
358
307
318
293
296
243
235
234
215
183
183
181
165
145
154
118
150
138
138
154
128
135
131
142
153
139
141
137
136
142
157
144
147
140
133
159
154
141
145
155
155
141
129
143
156
163
165
179
155
177
148
156
141
178
155
149
164
155
185
168
170
174
159
141
180
178
176
188
184
183
158
187
205
173
168
168
185
179
178
220
190
193
184
233
186
195
203
178
194
223
178
223
187
225
196
224
227
259
223
242
227
205
247
233
223
249
256
270
280
287
270
242
270
265
279
273
300
281
267
243
285
272
297
279
311
271
262
283
296
264
280
260
269
281
275
271
290
255
308
273
251
264
272
281
250
248
267
261
246
243
267
232
241
239
251
239
237
247
236
224
215
231
215
207
188
198
191
175
216
182
182
176
193
174
178
192
166
161
174
177
148
173
175
171
179
167
167
172
160
152
166
173
145
155
146
165
157
158
178
128
161
161
158
131
145
161
166
161
138
167
160
167
155
167
190
164
148
187
143
182
163
162
173
193
197
199
179
171
190
187
182
185
168
186
205
171
187
196
226
197
201
205
185
205
208
216
199
210
223
223
200
208
225
221
211
230
206
205
195
196
233
200
220
215
222
198
228
225
216
211
209
212
221
239
211
210
201
199
219
194
214
201
204
215
220
197
214
200
204
209
205
230
190
180
215
223
191
183
199
189
214
186
189
194
183
194
175
179
183
205
186
190
196
181
178
170
163
162
177
177
172
171
180
197
171
161
179
173
158
165
157
162
173
176
155
165
151
169
171
176
186
172
164
167
160
170
179
173
184
159
161
168
176
166
180
164
178
182
181
206
192
194
192
183
173
186
209
184
180
175
175
170
183
164
184
168
181
165
175
171
193
178
168
181
163
181
192
180
190
185
188
178
177
169
197
201
174
183
191
186
214
183
192
180
182
206
182
195
148
164
201
187
194
190
199
218
187
203
181
195
159
201
187
197
177
179
171
194
191
181
204
202
209
200
195
199
203
200
183
205
182
215
194
200
202
209
200
193
193
186
188
192
225
183
205
212
217
225
202
210
237
187
206
197
213
205
220
206
207
216
225
190
183
223
220
200
224
189
211
247
201
192
226
228
206
213
216
210
216
223
205
208
232
226
213
207
210
215
226
187
230
193
223
202
212
193
233
231
196
216
208
213
211
212
220
205
193
195
219
197
212
224
221
207
225
226
205
223
193
202
166
193
203
207
196
194
185
179
192
181
192
188
200
210
179
192
166
199
194
204
171
215
196
188
172
171
190
214
195
174
183
195
170
197
164
207
213
201
196
170
191
183
199
193
186
210
188
182
191
199
197
188
178
182
176
183
167
190
171
188
185
216
198
205
185
176
203
214
180
162
224
194
187
193
165
194
184
186
180
181
198
187
203
208
194
203
178
199
204
200
181
183
185
209
188
188
182
200
174
204
197
198
211
196
170
163
190
197
199
152
214
193
201
183
166
202
196
201
192
191
189
181
182
174
196
185
196
196
171
214
168
194
211
185
181
232
168
188
185
208
191
190
187
189
178
210
223
203
194
206
178
184
170
196
185
192
182
182
192
201
210
188
190
182
215
183
180
186
199
179
200
206
186
207
201
184
190
225
180
205
213
205
187
190
186
176
200
200
190
196
210
227
212
207
176
207
200
178
200
222
178
201
220
216
187
222
231
218
215
198
232
190
216
204
205
198
223
219
220
244
238
209
227
242
231
210
210
210
224
225
259
248
227
234
227
273
262
261
240
237
233
254
256
260
277
270
256
246
265
264
242
275
279
301
289
249
257
296
324
320
292
300
276
303
297
314
296
332
325
319
319
324
334
335
362
370
372
381
372
367
404
414
397
432
426
378
438
472
480
474
491
517
565
572
564
572
598
605
648
602
674
737
732
714
705
775
739
800
870
890
901
877
954
935
966
1009
976
1053
1096
1057
1106
1092
1113
1067
1121
1149
1137
1130
1091
1142
1160
1154
1139
1117
1139
1122
1194
1136
1109
1100
1134
1086
999
1102
1025
975
1011
975
926
898
889
883
813
803
752
763
726
756
692
679
669
626
623
582
559
517
529
542
474
481
458
453
464
447
381
416
407
361
356
345
333
317
329
325
334
343
328
327
306
302
245
277
270
275
253
245
252
252
280
249
227
234
225
220
233
233
233
194
208
217
212
204
214
173
191
211
174
163
188
220
188
167
179
202
196
208
188
181
187
209
213
224
223
219
222
252
240
233
271
268
294
325
296
292
330
336
342
365
398
384
421
421
407
445
423
391
423
438
445
426
409
422
409
411
383
367
347
320
328
316
288
267
294
240
246
210
184
197
178
175
165
157
123
157
141
134
120
148
134
142
139
128
131
129
133
144
128
136
143
109
125
124
137
129
151
135
140
146
140
137
138
147
148
152
141
148
143
145
155
173
163
183
174
158
172
166
180
163
171
180
194
205
172
201
185
215
204
184
219
194
204
205
198
218
219
196
215
234
226
214
230
228
203
226
185
187
203
212
179
204
206
208
213
200
217
207
189
186
185
183
216
215
167
199
173
162
169
172
193
161
167
170
145
155
158
144
132
114
145
124
146
141
116
140
129
125
131
103
125
127
119
111
113
120
111
91
110
95
106
96
92
88
84
93
92
82
78
99
88
78
78
89
86
86
73
69
94
83
70
74
74
89
60
77
90
70
64
68
71
56
59
74
64
74
75
54
47
50
58
56
62
61
48
57
50
62
37
54
58
46
49
62
45
57
54
44
49
44
52
40
52
46
39
59
51
40
61
48
54
49
44
46
41
40
60
47
53
46
42
55
52
54
43
50
73
59
56
64
35
54
62
49
70
67
64
57
71
75
52
60
56
64
66
64
71
68
62
69
66
70
57
52
56
53
57
51
55
52
34
45
44
40
46
33
46
43
39
44
32
35
38
47
40
40
34
37
38
50
24
33
52
45
38
34
33
41
33
28
32
31
29
41
37
27
24
31
24
21
32
31
30
31
35
31
46
37
30
33
39
39
25
32
22
35
42
35
31
37
31
44
29
31
35
40
34
19
29
25
25
27
25
31
23
30
27
33
26
30
40
42
32
34
30
30
22
26
31
31
36
32
25
24
24
32
24
29
24
27
25
21
29
19
22
31
28
20
22
34
34
16
20
23
22
21
29
21
33
30
22
23
21
26
31
29
26
32
30
18
20
22
28
19
28
29
25
20
24
30
26
25
27
33
31
23
25
24
28
28
21
20
22
21
24
26
25
19
19
16
28
23
31
23
28
29
28
22
24
30
28
21
27
13
30
23
19
20
18
11
30
22
23
21
24
17
18
22
26
27
17
18
24
28
21
27
20
24
17
13
29
15
25
21
26
22
24
29
25
14
23
25
28
20
21
15
20
25
24
18
14
23
14
16
19
16
16
22
28
18
19
21
19
17
22
27
26
21
26
21
24
26
18
15
17
17
14
23
16
17
19
15
13
20
20
27
16
20
22
17
18
19
20
22
20
17
14
17
17
15
8
24
26
19
18
13
17
17
17
16
17
28
11
11
11
17
7
15
17
13
21
26
18
9
12
10
18
21
13
15
15
12
19
21
19
15
14
20
15
12
14
15
11
21
16
14
15
19
12
7
16
13
16
16
17
12
13
17
15
15
12
15
12
15
17
10
17
8
24
7
13
11
10
16
11
11
21
12
10
11
24
17
14
6
18
13
16
12
12
15
20
10
15
15
20
15
14
9
13
15
17
13
18
12
10
13
14
13
7
9
16
9
14
19
14
12
12
12
10
10
8
15
9
20
20
10
4
15
20
8
15
22
14
8
8
17
8
11
15
16
5
12
17
15
11
11
13
8
6
8
16
8
14
11
13
12
11
16
18
8
14
7
9
11
8
9
12
6
14
12
12
14
17
11
10
12
11
13
10
15
10
13
15
11
9
10
14
11
10
11
2
9
8
13
9
4
13
10
11
7
13
10
9
13
9
6
12
9
6
9
6
6
10
19
9
7
10
10
9
10
9
6
13
9
8
2
15
8
9
9
8
8
7
8
8
12
8
19
5
7
11
12
11
8
9
8
8
11
8
10
11
8
6
8
6
6
5
13
11
10
10
8
14
11
6
7
6
4
12
5
9
10
5
10
5
11
10
6
3
9
3
8
6
10
4
13
6
8
6
4
10
4
9
9
11
6
3
6
7
10
11
7
7
10
8
7
5
5
6
6
5
9
9
3
5
6
8
12
5
10
7
7
8
7
5
7
5
3
9
4
10
2
5
8
7
5
11
6
7
14
7
9
11
5
6
8
8
5
7
9
8
5
3
8
1
7
9
7
11
11
8
8
6
10
8
5
6
7
4
8
3
5
3
4
2
4
4
7
8
6
3
10
5
3
11
6
3
4
6
7
8
5
6
4
11
4
3
7
5
8
4
6
5
7
3
2
5
7
4
6
4
1
5
2
4
3
8
6
3
6
8
5
5
4
6
5
5
2
2
4
3
2
5
7
4
2
5
2
6
7
2
3
4
4
11
5
2
3
4
5
8
6
5
2
4
3
9
2
4
4
4
2
4
3
2
4
6
8
8
3
4
4
3
6
5
1
4
5
4
6
3
5
7
3
2
5
6
0
5
8
6
5
4
5
2
4
5
4
3
5
6
4
4
8
9
2
3
9
6
2
2
3
3
6
1
4
4
3
0
3
6
3
4
5
7
7
4
1
0
2
5
3
3
4
4
3
2
1
1
3
2
4
4
4
6
2
2
2
3
2
6
5
6
0
6
4
3
1
5
4
2
1
4
2
3
2
3
4
4
4
4
2
2
2
4
3
3
2
5
3
1
0
3
5
2
2
2
2
2
2
3
1
3
4
3
3
2
5
4
5
1
2
2
2
2
2
4
3
4
4
2
2
4
2
0
2
4
2
1
4
2
3
1
4
3
1
4
7
3
3
2
2
2
1
2
3
8
6
2
5
4
6
4
2
5
2
2
1
2
4
1
0
4
4
2
6
1
3
3
1
5
1
1
1
0
5
1
3
3
2
1
3
3
3
1
3
4
3
5
2
1
0
2
2
4
4
2
2
2
0
1
3
0
2
2
2
4
2
5
2
3
2
3
1
4
1
3
2
3
0
1
2
1
1
2
4
3
1
1
4
4
3
2
2
5
2
2
4
1
0
3
0
3
1
2
3
0
2
2
2
1
1
0
2
1
2
2
3
1
2
3
1
2
1
3
1
0
1
3
2
1
0
1
0
0
4
5
2
1
1
1
1
0
5
3
0
0
1
0
2
1
3
2
2
0
2
0
2
1
2
3
1
2
1
2
3
0
3
1
2
1
1
0
0
3
0
1
1
1
3
1
4
1
1
1
1
1
1
2
2
0
0
0
5
1
3
0
3
1
1
1
0
0
3
1
3
1
1
2
3
1
3
0
0
3
2
1
1
1
0
0
0
1
0
0
1
0
1
1
2
0
3
0
0
3
2
0
2
1
3
0
0
3
0
0
0
2
0
2
1
0
0
1
0
2
2
3
1
2
3
1
2
2
3
0
1
1
2
1
2
0
1
1
1
1
1
0
1
0
1
2
1
0
0
2
1
1
3
2
0
1
1
1
2
2
1
4
0
1
1
2
1
2
0
1
0
2
1
0
0
1
2
0
2
2
1
0
2
0
0
0
0
3
0
1
0
1
0
1
0
2
2
0
1
0
1
0
0
0
1
0
1
4
0
2
0
1
1
0
3
1
1
1
1
0
1
0
0
0
0
1
2
1
0
0
0
0
2
1
0
1
0
1
1
0
0
1
1
2
2
0
2
2
1
0
1
0
2
1
1
0
0
1
1
1
0
2
1
1
0
1
0
0
1
2
2
1
1
0
1
0
1
0
0
0
0
0
2
0
1
0
0
0
3
1
1
1
1
1
0
0
0
0
1
1
0
0
0
1
1
0
0
1
0
0
0
0
1
1
0
0
1
0
1
1
1
0
2
1
1
0
2
1
2
0
2
1
0
0
0
1
0
0
1
1
1
1
0
1
1
1
2
0
1
0
0
0
1
0
1
1
0
0
1
0
0
1
0
0
1
0
0
0
0
0
0
0
0
1
0
1
0
0
0
1
1
0
3
0
1
0
1
0
0
1
0
2
0
0
0
0
0
2
0
0
0
2
0
0
0
0
0
2
1
0
0
1
2
0
0
0
0
0
0
2
1
0
2
1
0
0
0
0
1
2
1
1
0
1
1
2
0
0
1
0
0
1
0
1
0
2
0
0
0
0
2
0
1
0
1
0
0
0
0
1
0
0
0
2
0
1
0
1
0
0
0
0
2
0
0
0
2
0
0
0
0
0
0
0
0
1
0
0
0
0
0
0
0
0
1
2
1
0
1
0
1
0
0
0
1
0
0
1
1
0
0
1
0
1
0
0
1
0
0
0
1
0
0
0
1
0
0
0
0
1
1
0
0
0
0
0
0
1
1
0
0
1
0
1
1
0
0
0
1
1
0
0
0
0
0
1
0
1
0
0
0
0
0
0
0
0
0
0
0
1
1
0
1
0
0
1
0
0
0
1
0
0
0
0
0
1
0
0
0
0
0
0
0
1
0
0
1
1
0
1
0
0
0
0
1
1
1
0
0
1
0
0
1
0
0
0
1
0
0
0
0
2
0
0
0
0
0
0
0
0
0
0
1
0
0
0
0
1
0
0
0
0
0
1
1
0
0
0
0
0
0
0
1
0
0
0
0
0
0
0
0
0
0
0
0
0
1
0
0
0
0
0
0
0
0
1
1
