0
0
0
0
0
0
0
0
0
0
0
0
0
0
0
0
0
0
0
0
0
0
0
0
0
0
0
0
0
0
0
0
0
0
0
0
0
0
0
0
0
0
0
0
0
0
0
0
0
0
0
0
0
0
0
0
0
0
0
0
0
0
0
0
0
0
1
0
0
2
0
1
1
2
1
4
4
4
2
6
1
9
13
39
126
376
985
2255
4874
9567
17114
27858
40968
54652
65908
73186
72956
66181
55009
41100
28203
17500
9766
5021
2357
996
400
141
36
13
7
2
1
4
0
2
0
0
0
0
1
2
0
0
0
0
0
0
0
0
0
3
38
57
41
51
39
58
51
37
45
43
44
37
52
33
43
41
45
49
34
42
44
25
35
40
42
34
30
30
32
52
31
42
31
37
29
31
43
30
45
43
40
31
31
34
47
33
37
37
38
33
37
36
36
28
40
26
37
41
41
42
52
42
54
44
49
43
66
62
86
73
102
128
147
173
160
173
187
145
164
133
104
87
87
75
51
54
55
57
42
44
48
47
50
44
44
54
45
49
42
33
47
45
62
42
57
69
49
50
68
74
75
87
98
111
95
110
124
127
114
139
150
167
184
238
254
372
634
1048
1794
2895
4707
6990
10069
13745
17684
21635
25099
27407
28444
28047
26278
23375
19589
15669
12042
8952
6536
4629
3198
2390
1675
1325
920
666
479
369
312
300
327
384
521
679
785
977
988
1047
1078
1000
901
784
648
508
384
306
213
191
153
126
88
76
70
67
72
45
31
30
23
16
19
7
9
11
14
10
8
15
8
3
8
9
9
6
8
6
2
3
12
11
12
10
4
6
7
7
6
5
10
6
4
7
7
8
6
7
13
10
17
11
21
18
20
19
29
26
28
24
22
24
18
16
14
19
18
19
15
28
19
15
15
26
25
21
15
28
12
11
12
8
22
9
14
22
17
19
17
14
11
13
7
12
9
2
6
6
9
5
4
7
10
8
7
4
7
4
13
8
7
2
7
7
6
6
4
8
1
8
7
5
3
8
5
5
14
11
12
19
19
18
19
14
18
20
23
25
24
20
22
12
16
12
4
8
8
13
13
4
11
3
7
8
18
8
14
4
10
9
13
11
15
5
8
6
12
7
4
5
3
5
4
2
6
5
5
8
2
0
7
4
5
7
8
4
9
4
5
5
5
4
10
7
2
11
6
4
6
5
8
4
6
4
2
1
0
5
8
3
4
4
9
9
4
8
6
4
4
5
4
4
8
5
5
5
7
6
9
10
3
10
7
2
7
11
6
10
4
6
12
11
6
8
8
9
8
5
3
5
8
8
5
3
8
12
9
4
6
8
6
6
7
5
6
3
6
8
8
13
11
10
3
8
11
5
12
7
7
5
11
10
7
4
9
5
13
12
4
6
6
4
4
8
4
2
4
13
9
7
13
10
11
6
8
10
12
8
10
11
6
11
4
8
14
8
9
8
10
10
7
14
5
3
12
9
4
9
16
7
11
2
13
11
10
17
12
9
7
15
16
10
19
10
9
15
8
17
19
14
20
21
18
12
18
15
18
15
21
27
19
19
23
14
21
33
22
29
19
27
26
16
19
18
26
24
22
25
18
26
33
29
24
22
22
19
24
17
16
21
17
23
17
17
18
17
16
16
17
19
18
10
15
17
15
16
20
20
11
23
16
16
20
11
21
11
15
17
29
19
16
15
31
19
20
26
24
25
23
27
19
22
25
19
20
28
31
22
23
22
23
24
24
19
28
27
28
38
28
28
27
31
30
33
22
21
38
18
35
42
24
37
33
29
30
44
34
35
21
34
36
34
30
31
35
31
35
32
32
30
26
42
25
38
36
47
50
27
45
48
42
30
37
37
40
35
45
56
36
37
41
53
41
51
42
59
55
59
54
57
48
56
68
57
58
61
74
69
74
70
76
93
89
76
101
108
110
119
145
127
144
157
127
137
183
154
136
153
148
128
127
114
110
124
106
113
93
98
84
101
87
102
99
87
84
81
84
87
88
85
82
78
88
89
86
82
80
78
89
79
93
86
69
73
77
73
67
63
76
93
92
81
74
89
74
80
75
93
74
72
85
73
74
82
72
66
68
71
76
80
88
71
78
67
72
82
74
82
75
93
70
81
71
74
81
62
79
78
89
77
74
76
89
66
92
80
75
63
71
84
72
86
72
60
76
71
70
68
59
69
77
78
78
77
80
79
69
82
77
71
61
71
65
80
89
77
85
70
76
76
70
94
77
68
68
88
87
98
73
80
86
72
88
81
73
82
84
77
87
100
79
88
83
89
91
102
89
104
103
107
105
122
145
148
188
206
256
347
394
480
590
733
833
959
1109
1303
1465
1640
1755
1767
1952
1958
1967
1986
1930
1942
1711
1619
1484
1370
1179
1013
902
736
594
527
435
341
309
234
181
179
140
137
146
108
122
125
101
123
95
108
113
93
111
118
102
103
115
116
115
117
123
127
99
95
112
117
125
119
117
103
125
122
138
117
116
115
121
108
116
122
99
107
105
105
119
98
107
106
112
105
100
110
121
129
126
128
116
100
116
117
106
143
116
108
144
115
174
143
158
179
197
187
220
242
274
276
291
293
314
354
359
384
376
382
354
351
373
334
303
299
268
232
237
216
189
179
168
173
161
148
131
129
135
127
147
139
154
152
137
143
120
124
135
132
137
141
115
142
128
136
132
145
145
139
143
134
137
130
153
145
184
155
151
160
162
152
162
164
174
140
164
161
144
173
164
170
173
151
177
188
190
171
169
164
163
193
184
180
183
193
151
190
143
186
189
197
187
184
186
166
173
195
204
211
178
212
203
196
220
229
223
200
189
228
207
225
213
235
181
205
220
230
250
249
224
232
247
238
244
257
243
252
251
244
284
241
275
284
257
293
282
257
274
285
262
298
246
283
269
282
286
260
279
294
273
285
290
297
235
271
252
255
256
246
271
220
232
244
245
222
210
209
227
226
204
213
210
228
215
207
209
189
197
213
194
189
201
194
211
176
191
180
184
167
162
180
155
129
165
157
142
161
153
158
186
165
169
153
157
157
168
166
154
151
157
141
144
155
168
146
138
163
155
158
168
150
161
169
164
170
155
168
150
168
159
160
166
158
151
171
131
177
176
166
170
188
210
176
181
180
208
159
180
204
192
187
179
204
171
183
190
230
201
213
190
174
215
210
210
205
251
222
211
208
217
200
240
206
213
220
204
236
223
219
224
217
194
217
220
211
232
206
238
208
211
200
192
237
223
217
217
222
206
173
202
211
184
207
216
192
208
211
198
193
193
191
199
186
179
185
194
183
197
182
172
190
169
199
176
162
188
178
177
190
176
183
173
182
145
190
198
177
187
192
193
181
182
174
183
165
176
173
174
163
173
166
173
156
197
161
178
182
181
167
153
188
165
177
194
184
173
144
174
176
196
171
171
172
168
178
162
178
169
191
181
171
182
194
175
180
170
179
176
182
170
171
167
179
183
161
183
192
187
169
167
187
169
175
166
187
191
175
183
184
193
190
173
179
208
172
190
179
187
215
182
190
197
183
190
180
176
167
173
177
187
169
179
177
183
185
220
190
185
162
219
212
209
200
170
192
189
173
203
213
196
226
208
215
184
200
196
198
196
223
217
204
212
192
184
191
193
212
212
204
202
192
213
226
228
218
179
220
239
218
215
216
204
226
230
202
203
207
235
207
218
222
189
207
205
219
222
235
223
196
248
210
223
223
200
226
212
190
223
226
231
225
221
203
227
219
211
217
208
221
232
208
222
229
202
207
216
211
215
235
218
222
188
226
194
204
207
199
203
199
206
218
210
227
168
187
205
190
188
160
206
163
205
208
192
185
206
179
171
196
190
182
188
193
175
197
200
182
192
162
187
211
180
182
200
170
191
182
193
181
212
175
179
163
161
187
177
193
211
210
200
187
192
190
194
195
197
189
195
196
195
199
204
183
187
189
191
170
196
194
176
201
171
210
166
191
192
192
194
175
198
183
192
163
191
201
213
174
188
212
186
182
204
205
195
191
200
187
193
188
189
172
187
181
182
206
208
186
194
179
190
207
187
179
217
191
184
176
202
169
210
194
194
210
215
191
191
219
180
189
204
180
203
181
206
220
193
195
169
169
214
188
188
190
181
192
184
193
216
202
193
173
191
176
179
219
188
203
193
192
191
223
204
187
209
197
180
202
205
208
187
220
187
190
198
174
201
195
200
194
219
196
201
226
197
211
193
207
190
195
195
199
203
210
168
202
221
192
211
210
192
208
213
212
210
204
220
188
207
203
217
244
189
200
216
207
226
213
209
252
227
220
191
216
246
237
213
209
220
224
235
245
240
244
251
235
211
228
229
243
249
233
248
260
244
256
265
261
246
270
262
287
263
277
269
279
327
298
281
272
308
290
296
318
290
311
290
292
353
327
325
353
306
322
342
337
366
385
356
356
402
388
359
453
406
378
424
430
457
423
495
485
481
487
530
562
586
539
576
654
639
637
721
691
707
782
717
775
815
775
804
847
899
884
936
945
956
954
1069
1077
1064
1053
1062
1164
1144
1135
1104
1110
1170
1171
1106
1149
1108
1167
1165
1133
1172
1193
1106
1133
1056
1073
1053
1019
1024
1056
987
1013
959
1009
903
909
910
884
925
828
828
751
767
746
735
664
670
693
589
568
575
588
500
507
477
473
486
452
434
424
397
441
379
351
373
375
322
339
319
342
295
325
305
278
285
291
269
285
283
250
297
248
243
236
254
223
265
226
255
234
259
220
237
208
208
220
216
191
220
189
216
198
192
168
202
190
198
203
185
181
188
200
184
210
202
218
227
173
198
226
184
253
257
266
247
310
258
303
309
298
320
352
390
369
417
339
383
393
403
407
437
433
479
427
414
418
440
404
399
382
363
400
398
320
332
319
296
302
273
222
226
231
194
187
183
149
172
163
156
152
124
125
148
138
135
122
123
125
124
121
147
129
117
122
133
130
151
103
125
128
120
137
140
141
158
144
128
129
158
144
149
136
157
167
162
137
133
171
169
162
158
162
162
172
201
188
162
170
167
210
184
199
200
183
202
205
196
196
226
210
221
216
237
209
196
216
232
210
205
217
245
216
191
208
218
206
211
227
199
191
203
227
188
193
199
215
190
183
211
185
184
159
166
165
156
166
169
177
144
159
137
138
174
139
144
155
138
136
137
132
126
126
125
116
110
116
109
116
106
112
92
95
105
105
111
95
103
75
87
91
101
79
77
83
83
81
94
82
97
85
68
66
84
78
85
70
68
75
74
73
61
71
79
67
82
69
70
61
62
70
73
69
54
53
69
47
43
51
57
52
66
42
57
51
49
48
52
56
52
40
32
58
57
59
54
44
41
46
49
42
53
46
39
50
66
58
50
48
50
50
48
36
47
33
49
43
53
50
38
45
49
53
68
60
55
55
62
69
76
61
55
69
67
69
94
80
88
84
69
76
60
64
67
88
63
70
64
50
57
58
50
56
47
63
48
41
48
44
61
44
38
34
47
40
28
47
39
39
39
26
31
48
35
30
39
45
49
36
41
46
35
36
40
40
48
36
41
35
32
35
29
20
39
36
28
30
40
32
28
42
41
40
31
28
31
30
29
26
35
36
30
38
27
32
32
29
29
39
32
28
24
34
39
28
29
31
37
30
27
18
26
27
30
37
22
27
24
29
32
28
15
27
27
35
29
29
27
34
33
37
31
32
26
34
26
21
24
19
29
13
36
20
31
26
24
23
29
31
19
32
31
25
25
32
27
29
38
42
30
31
21
22
21
31
32
29
24
26
29
19
28
23
25
32
14
17
25
24
22
23
23
23
22
32
17
22
17
22
33
21
21
26
20
22
22
23
20
22
26
19
20
22
26
26
25
28
33
18
17
26
24
20
25
22
27
19
22
23
16
29
16
19
22
22
23
17
17
23
23
22
16
17
26
16
31
21
22
27
20
27
29
30
17
21
17
26
18
27
22
18
23
20
18
23
18
15
16
15
24
25
19
21
15
17
24
23
20
17
21
12
22
24
20
17
21
17
24
24
23
22
17
19
24
22
18
23
17
19
25
16
19
17
21
13
16
10
14
21
22
25
19
12
21
26
16
22
19
18
15
11
16
12
21
13
16
19
15
17
32
18
19
14
23
18
17
13
19
12
15
18
16
17
16
12
8
18
19
17
14
14
12
22
21
22
17
14
24
15
21
18
12
12
18
11
8
14
22
15
18
22
15
14
14
8
10
11
13
9
11
9
13
11
13
18
16
12
13
10
15
11
13
19
16
13
10
9
14
8
17
9
10
15
14
16
10
8
15
14
19
13
17
13
8
13
9
14
14
13
11
10
10
11
13
11
9
10
14
17
10
17
14
10
17
11
14
7
21
17
9
16
16
14
8
15
19
25
8
7
11
11
15
8
12
11
20
22
14
9
14
12
24
10
9
13
17
20
9
13
8
13
13
11
13
13
10
12
10
12
11
11
9
12
9
12
9
12
4
8
8
11
13
11
6
8
12
8
11
9
13
11
12
9
10
13
13
13
11
4
12
11
9
11
9
13
12
11
6
13
8
8
9
10
10
9
10
6
10
9
10
11
7
15
8
9
10
9
4
4
11
5
14
9
13
9
6
9
10
6
12
9
12
14
8
5
10
6
7
9
10
10
5
12
10
10
10
11
8
10
10
7
5
7
4
9
8
11
9
7
5
12
7
9
5
9
9
8
11
11
17
13
6
10
7
7
13
7
11
6
6
8
8
11
4
8
10
7
11
7
12
8
6
6
6
10
9
7
6
8
8
6
4
7
5
7
6
5
7
8
13
8
7
13
5
10
7
4
4
3
7
5
8
2
6
12
3
11
7
7
3
10
11
8
7
7
5
7
10
4
7
5
3
7
6
3
6
9
7
5
4
6
5
6
9
3
11
6
2
8
4
12
7
5
8
9
5
9
4
5
5
9
8
6
6
11
1
12
12
6
6
4
6
8
6
4
9
11
2
7
4
1
6
3
11
7
5
8
5
4
2
5
4
2
9
8
8
8
3
4
9
4
4
5
10
12
11
4
6
8
6
4
5
5
2
4
8
8
2
5
2
4
4
7
6
7
3
6
5
11
6
5
6
2
4
7
2
4
10
2
6
4
7
4
4
4
3
5
3
1
7
1
5
8
5
7
4
6
4
3
3
4
5
3
3
2
5
2
6
5
5
3
5
3
3
1
1
7
4
5
4
2
5
5
5
3
12
2
8
2
10
3
4
1
4
4
2
4
5
4
2
5
3
6
5
2
5
5
3
4
3
7
0
5
4
5
6
1
5
1
4
5
10
4
5
5
1
6
3
5
7
6
5
4
4
2
3
7
4
3
4
4
2
4
2
6
1
2
3
5
3
3
2
3
2
4
1
2
4
0
6
2
2
2
3
3
0
1
6
3
3
3
3
4
5
5
2
3
3
3
0
4
2
5
2
5
2
4
2
4
3
1
1
1
0
2
2
3
2
1
0
4
4
3
4
4
3
1
3
2
3
1
1
4
3
4
1
3
3
3
3
3
3
2
5
4
2
5
2
4
0
3
2
6
2
6
0
1
6
0
3
3
1
5
1
5
1
3
2
6
5
5
1
3
1
2
0
1
0
2
1
2
1
2
2
3
3
1
2
5
3
2
3
1
2
3
4
1
4
2
4
2
0
2
1
9
5
2
0
5
2
2
4
1
2
3
0
0
0
3
1
1
5
1
1
2
4
2
2
1
1
3
1
4
4
4
2
3
2
2
3
3
1
2
5
0
1
2
0
1
1
1
1
2
4
0
2
2
4
3
1
2
2
1
1
1
2
1
0
0
1
2
2
0
3
0
0
1
2
3
0
0
1
0
0
5
1
2
1
0
5
2
2
1
1
1
2
1
2
3
1
2
2
2
1
2
1
0
1
0
1
0
2
4
0
1
1
1
4
0
5
2
3
1
0
1
1
0
1
1
0
1
2
1
0
5
0
1
2
3
2
1
3
2
1
1
2
2
1
1
0
0
2
1
2
2
0
0
1
2
3
2
1
3
1
2
3
1
1
1
2
2
0
1
0
0
0
3
2
0
1
0
2
0
2
1
2
1
1
1
3
0
3
2
1
1
0
1
1
1
1
0
3
2
0
1
3
0
1
1
1
1
1
1
0
1
4
1
2
0
2
1
1
0
1
1
2
1
0
0
1
1
0
1
0
0
0
0
1
1
0
1
0
1
0
1
5
1
1
1
0
1
1
1
0
0
1
1
1
1
0
0
1
1
2
1
0
0
2
0
1
0
0
1
1
2
0
1
0
2
0
0
2
2
2
0
0
1
3
1
1
1
2
1
0
1
0
1
2
1
2
0
1
1
0
1
1
2
3
1
2
0
1
0
1
1
0
2
0
2
1
0
1
1
0
1
1
0
0
2
0
1
1
1
0
0
2
0
1
0
1
0
0
0
0
1
1
2
2
2
0
0
1
0
0
1
1
1
1
0
0
1
1
2
1
0
0
0
1
0
0
0
1
0
1
0
1
1
0
1
0
0
0
0
0
0
1
0
0
0
0
1
2
2
0
1
0
0
0
1
0
0
0
1
1
1
0
1
2
0
0
1
0
1
1
2
1
0
0
1
0
0
0
0
0
0
1
0
1
0
2
1
0
0
1
0
0
0
0
0
0
0
1
0
0
2
0
0
1
0
2
2
0
0
0
0
0
1
0
0
2
0
0
0
0
0
0
1
0
0
1
0
1
0
0
0
1
0
3
0
0
0
0
1
2
1
0
0
0
0
0
1
0
0
1
0
0
1
0
1
0
1
2
2
0
1
0
1
0
1
0
0
0
1
1
0
0
0
0
0
1
0
0
0
0
0
0
0
0
1
0
0
0
0
0
0
1
0
0
0
0
0
3
0
0
0
1
0
0
0
1
0
0
0
0
0
0
0
0
0
0
1
1
2
0
0
0
1
0
1
0
0
0
0
0
0
1
1
0
0
0
0
0
0
0
0
1
0
0
0
0
0
0
0
0
0
0
0
0
0
1
0
0
0
0
0
0
1
0
0
0
0
2
0
0
0
0
0
1
0
0
0
0
0
0
0
1
0
0
0
1
2
0
0
0
0
0
0
1
0
0
0
0
0
0
0
0
0
0
1
0
0
0
1
1
0
0
2
0
0
0
0
0
0
0
1
0
1
1
0
0
0
0
0
0
0
0
0
0
0
0
0
0
1
1
0
0
0
0
0
0
0
1
0
3
1
0
0
0
0
0
0
0
1
0
0
0
0
0
0
0
0
0
0
1
0
0
2
0
0
0
0
0
0
1
0
0
0
0
0
0
0
0
1
1
1
0
0
1
0
0
0
0
0
0
0
1
0
