0
0
0
0
0
0
0
0
0
0
0
0
0
0
0
0
0
0
0
0
0
0
0
0
0
0
0
0
0
0
0
0
0
0
0
0
0
0
0
0
0
0
0
0
0
0
0
0
0
0
0
0
0
0
0
0
0
0
0
0
0
0
0
0
0
2
0
1
2
0
2
4
1
2
2
2
3
6
3
4
1
5
13
34
134
370
861
2199
4806
9493
16868
27575
41030
54746
66253
73327
73259
66144
55038
41178
28121
17693
9881
4891
2367
953
407
126
63
18
6
4
4
2
0
2
2
2
1
0
2
0
0
0
0
0
0
0
1
0
0
3
51
43
41
41
35
45
56
45
58
53
48
54
45
42
47
52
36
43
43
42
43
41
30
45
35
34
41
40
48
37
40
37
35
37
45
39
39
47
38
35
32
28
33
27
52
34
26
52
41
36
40
37
33
33
48
37
36
40
42
41
42
36
42
36
43
60
57
64
88
90
123
109
135
161
148
172
160
172
138
113
116
88
79
68
66
58
46
55
35
35
33
51
52
38
38
52
39
54
65
52
58
53
53
65
72
71
59
60
67
84
89
104
86
120
110
115
124
147
161
165
166
197
281
304
351
554
782
1228
2005
3185
4944
7607
10774
14484
18543
22655
26647
28874
30222
29819
27939
24536
20680
16592
12680
9539
6810
4923
3418
2467
1759
1346
1061
743
554
476
391
385
409
460
588
679
823
958
1038
1053
1048
997
970
769
669
504
383
286
225
154
131
93
91
78
85
60
66
53
35
33
18
23
16
13
20
14
12
14
10
9
3
13
5
9
6
10
7
8
7
6
7
8
3
11
10
4
9
8
12
12
7
8
10
13
12
14
13
14
9
13
12
20
20
15
18
25
22
24
32
28
48
17
22
20
31
20
19
21
29
33
26
17
20
19
24
19
17
17
24
22
15
21
31
22
19
19
20
20
20
15
9
9
7
8
10
3
9
5
8
6
8
7
10
9
8
10
10
9
8
5
7
4
4
4
7
6
6
4
9
6
4
10
7
9
7
13
7
11
8
17
17
16
11
19
20
17
26
23
26
25
15
26
11
10
12
11
8
8
10
13
7
7
5
8
6
10
8
13
6
10
14
11
7
11
12
6
13
6
7
4
7
1
8
8
7
7
4
11
9
5
7
5
7
7
5
4
11
10
6
9
6
6
4
7
4
3
7
2
6
7
8
5
7
5
5
4
10
5
4
5
6
4
7
2
7
5
5
3
5
3
5
4
8
5
4
7
2
4
6
7
7
6
6
10
11
7
4
10
5
5
4
8
9
7
7
10
4
8
6
7
6
8
14
8
7
6
10
9
8
7
9
6
8
12
4
3
10
6
12
3
7
6
9
11
7
8
9
9
5
11
4
8
6
9
7
4
7
6
5
4
8
5
6
8
11
11
7
8
12
6
2
11
5
15
5
7
11
14
7
4
10
13
9
8
9
9
7
14
9
8
2
7
10
14
16
12
13
18
9
10
12
12
17
13
10
12
9
19
16
13
20
17
15
15
8
12
13
24
18
16
18
10
20
16
20
25
12
15
15
10
12
20
16
18
8
16
13
15
12
17
17
19
15
13
14
16
16
16
13
15
18
19
15
19
16
17
20
20
17
24
25
12
16
15
14
22
23
17
24
15
13
22
21
25
24
20
24
14
17
23
25
17
32
18
12
28
28
16
26
30
28
14
26
29
26
23
27
24
25
26
29
25
34
32
30
37
22
25
24
29
28
32
26
24
24
28
24
24
39
31
32
35
30
29
34
32
42
31
34
38
29
34
41
47
27
51
39
30
34
36
35
36
44
38
47
50
39
52
42
39
39
46
43
50
45
56
52
49
40
49
38
51
54
61
49
56
60
47
50
59
57
41
65
69
73
57
66
61
59
49
57
77
55
67
68
87
83
76
66
70
68
75
78
76
80
77
79
68
92
80
77
95
101
86
100
87
91
75
112
82
101
95
104
94
89
88
86
84
82
94
101
77
95
97
84
72
93
84
68
72
89
88
97
76
85
66
76
78
74
72
81
61
78
85
70
82
95
77
62
69
58
80
71
74
85
72
80
68
75
76
77
75
68
75
79
73
66
83
72
61
72
69
81
58
80
65
63
67
73
75
66
85
80
66
68
78
69
75
78
76
57
69
64
69
69
60
59
74
65
58
71
75
70
81
65
68
76
74
69
69
83
67
77
50
63
64
77
74
73
71
72
62
88
71
79
81
87
87
64
81
66
74
83
72
73
65
63
76
85
87
59
71
65
60
68
74
77
96
95
92
68
90
85
91
62
72
93
90
104
104
105
116
156
132
174
215
253
305
365
498
566
677
784
974
1094
1309
1510
1602
1758
1930
1910
2046
2091
2089
2010
1974
1876
1716
1475
1412
1286
1058
868
799
666
537
436
395
254
230
199
181
134
147
124
103
98
104
94
89
94
106
84
96
99
82
92
96
99
93
76
97
91
97
99
116
104
109
103
77
96
83
100
93
92
108
103
103
107
116
98
102
91
109
112
106
109
112
110
127
122
122
101
109
121
109
97
116
129
124
130
115
125
118
106
138
127
153
144
151
170
178
207
166
219
264
277
263
306
316
351
369
377
365
345
361
388
357
344
369
338
304
291
248
255
228
185
198
193
158
178
174
151
119
146
144
164
142
130
156
149
147
135
155
131
147
153
171
135
145
157
136
163
154
137
133
165
167
167
156
164
167
149
152
161
171
166
173
188
155
185
159
172
188
173
172
189
155
181
199
197
179
214
172
201
204
213
200
188
248
233
232
244
216
222
249
224
185
222
234
240
249
253
264
258
294
250
256
279
279
250
269
295
269
273
269
274
235
280
284
252
284
252
277
236
259
247
259
269
269
251
265
270
248
230
244
242
209
236
212
224
223
210
197
196
199
202
222
192
196
174
155
197
170
187
194
170
162
183
183
177
154
133
142
148
192
146
188
168
171
155
166
170
169
159
169
166
155
178
153
154
147
165
142
143
157
131
135
147
154
145
165
144
170
159
137
137
164
153
152
165
138
178
156
143
148
152
166
146
160
147
151
140
142
121
138
144
158
170
170
144
167
149
148
128
163
140
155
148
155
140
144
172
149
140
133
169
150
139
161
142
150
150
133
172
142
141
157
153
162
153
152
141
152
156
150
146
160
176
145
147
150
172
170
167
164
179
158
188
166
135
178
143
160
167
156
184
140
178
157
161
161
162
160
149
166
161
173
160
158
150
165
136
177
178
165
165
163
183
172
148
154
178
191
163
169
187
199
176
189
192
180
162
187
175
169
178
174
172
170
204
175
180
183
190
194
182
193
202
200
175
184
182
214
207
203
181
186
182
185
175
191
186
181
206
213
188
208
178
186
205
205
173
194
170
177
177
162
178
193
201
185
221
213
194
192
177
176
194
213
178
202
162
167
186
212
196
179
208
189
198
206
175
184
209
183
202
167
194
204
180
177
201
181
175
170
189
241
185
235
181
208
207
197
209
197
197
198
214
213
181
216
219
191
213
224
190
229
235
235
229
219
202
240
214
244
233
239
239
251
231
254
239
251
273
242
217
248
254
236
241
232
231
233
256
267
229
248
243
225
252
271
248
264
238
246
290
222
251
249
234
249
250
222
231
244
242
248
243
211
226
225
232
218
229
233
200
212
242
207
212
208
243
213
225
222
214
231
216
230
236
233
239
225
213
211
229
196
197
188
193
211
223
198
215
210
186
200
212
191
221
203
180
166
193
203
217
203
200
173
227
215
185
221
178
201
236
201
192
184
186
191
204
184
194
201
208
207
181
180
190
189
205
201
206
170
209
188
182
186
202
211
167
208
169
180
193
168
184
183
181
189
162
192
174
191
206
186
174
194
187
172
162
200
174
178
170
195
182
192
169
192
173
177
202
181
192
203
202
186
175
191
192
187
186
174
186
208
211
161
194
203
200
197
198
188
187
195
180
202
205
188
165
183
193
202
209
175
172
196
202
189
179
174
209
170
195
192
160
194
171
194
178
183
199
168
200
194
172
181
187
167
206
184
182
201
203
180
167
183
199
189
166
178
169
190
185
183
187
177
202
167
186
189
218
201
206
193
215
197
196
174
192
206
199
171
166
183
206
187
175
179
185
147
201
218
190
173
218
173
192
200
221
171
182
200
217
206
209
177
177
161
184
186
214
207
221
197
197
210
193
200
193
172
205
190
218
195
199
221
213
194
178
186
180
187
215
203
223
177
196
209
194
197
203
224
223
225
189
206
219
196
179
194
215
231
224
212
213
206
216
213
217
227
231
217
228
191
231
212
224
222
213
246
217
230
195
235
245
254
225
242
238
225
226
236
266
250
234
275
274
262
250
260
233
247
252
238
291
280
277
287
295
267
266
289
294
266
268
291
274
274
287
306
287
289
305
316
294
277
281
329
325
336
324
337
317
321
360
350
317
364
367
359
345
356
407
440
398
437
443
436
422
472
443
461
508
454
473
552
530
538
567
574
618
614
669
640
671
735
728
710
749
739
786
825
814
852
907
905
929
942
1002
978
1009
1044
1079
1067
1171
1125
1123
1129
1077
1143
1207
1139
1159
1111
1178
1170
1206
1129
1178
1139
1143
1094
1161
1115
1120
1064
1021
1063
1025
1034
1000
989
938
976
942
875
818
810
804
759
705
754
694
712
702
575
606
615
607
529
585
492
513
459
458
449
410
421
387
403
402
338
318
361
328
304
313
334
332
314
352
249
282
262
298
284
264
237
264
260
265
240
244
244
234
234
235
254
197
243
216
200
236
212
231
225
199
200
189
198
203
176
210
202
183
187
180
194
210
182
177
207
201
176
204
205
190
199
191
228
237
220
236
252
229
287
291
297
280
281
298
311
326
339
368
384
351
414
383
375
385
419
375
380
365
362
365
400
360
334
335
310
292
277
268
244
210
226
185
198
183
193
174
182
156
155
141
129
143
133
132
137
130
130
136
128
128
109
129
135
128
142
130
138
133
120
132
142
130
149
148
118
157
154
146
174
144
124
132
144
138
163
156
150
149
173
176
149
186
166
171
182
164
179
185
175
190
176
209
184
202
201
202
197
206
198
213
215
236
203
220
224
215
205
226
198
209
200
231
225
225
250
222
203
215
209
191
214
215
210
209
174
205
197
200
178
188
169
208
193
169
177
180
171
156
144
138
165
148
138
155
153
120
125
135
108
132
112
111
119
125
102
132
116
100
104
108
95
98
102
87
112
106
89
115
96
81
88
102
114
80
74
88
83
71
73
70
73
81
68
74
69
85
55
59
73
70
66
75
73
59
61
58
71
70
65
59
58
61
61
63
58
54
48
68
51
52
58
52
56
49
54
54
56
60
53
46
55
62
56
42
45
44
55
43
56
39
53
58
55
44
47
55
54
47
47
46
47
44
56
53
58
54
54
55
58
47
41
55
48
52
58
65
73
57
52
54
62
53
52
87
76
66
72
65
75
70
77
65
62
64
66
67
46
63
54
65
57
48
46
41
47
51
52
32
49
54
40
36
35
39
36
38
36
42
34
40
42
40
40
40
41
36
21
52
42
30
41
30
40
39
43
43
30
41
40
42
27
33
39
43
31
32
32
36
34
33
34
21
41
37
43
42
20
22
24
31
48
41
25
29
26
28
35
35
23
28
21
37
29
30
25
38
29
27
18
30
26
22
31
23
34
28
24
24
35
31
24
35
41
24
24
19
28
38
36
27
29
29
33
33
21
28
30
25
32
37
31
31
25
29
23
31
27
27
25
27
22
30
26
20
25
29
24
22
26
17
28
16
24
31
36
29
22
22
18
19
16
25
18
36
35
29
24
26
26
22
26
27
21
27
19
36
21
24
17
24
20
19
20
25
24
24
24
27
23
24
33
23
15
15
17
21
28
23
33
36
17
17
28
25
27
31
23
22
20
23
23
17
25
24
22
15
31
23
20
21
16
15
16
27
22
11
18
27
32
21
24
25
22
18
19
18
23
19
22
23
22
28
18
23
14
14
20
21
21
12
24
27
19
17
25
22
18
17
23
16
21
16
25
9
16
19
18
17
18
33
20
24
16
24
11
15
21
21
19
21
23
21
32
27
15
19
24
21
13
12
22
23
14
14
13
12
19
15
16
21
15
23
16
17
16
12
10
21
24
14
16
8
24
17
10
17
19
15
11
15
13
24
24
24
12
17
15
16
12
15
10
17
20
18
19
15
12
18
15
17
12
13
18
5
16
15
20
15
14
15
20
15
10
17
17
12
12
9
15
15
12
17
17
15
12
15
13
17
14
10
15
8
20
14
8
10
12
6
13
20
14
10
13
15
19
10
16
11
14
17
14
12
11
9
12
12
16
7
15
18
12
12
16
12
19
13
16
11
8
11
11
9
15
7
14
13
12
10
16
13
13
10
14
10
6
17
15
8
14
11
12
10
12
10
7
12
14
7
12
17
17
15
9
12
14
8
10
9
10
13
16
6
11
9
10
12
11
17
10
10
11
10
9
12
6
7
11
6
5
6
6
8
9
10
7
10
17
9
10
9
11
7
10
11
15
7
13
12
14
9
12
9
8
10
11
6
15
6
10
11
13
13
11
12
12
10
6
6
8
4
8
12
5
12
7
16
7
10
7
10
5
16
6
8
10
12
9
8
6
8
5
9
7
8
8
14
6
5
14
14
13
12
13
12
12
9
11
5
14
6
15
8
3
12
6
5
6
7
6
9
4
10
10
5
9
6
6
3
5
9
10
6
4
5
13
5
6
11
5
11
10
11
3
5
8
11
6
6
4
8
5
7
11
5
11
10
3
1
7
15
6
9
6
7
7
6
7
1
6
7
5
5
3
4
9
7
3
4
5
8
6
5
8
5
4
6
3
5
11
8
5
6
5
4
4
2
4
7
3
14
11
4
11
5
5
6
7
6
9
6
6
9
6
5
5
9
4
7
9
9
6
3
9
4
8
3
7
7
6
5
7
3
4
5
8
4
4
5
5
6
2
2
9
7
4
0
4
8
7
6
10
3
6
7
9
3
2
10
8
2
8
8
6
9
6
6
6
4
8
3
4
7
7
1
4
1
7
5
5
7
7
5
4
4
2
7
5
5
4
4
4
5
6
4
8
10
5
3
3
6
3
3
0
2
6
5
5
3
2
6
4
3
2
4
4
5
2
7
4
4
4
7
6
2
6
4
6
1
4
3
8
4
4
4
5
6
2
2
2
6
8
3
2
6
2
6
5
4
6
1
2
3
6
2
5
3
3
5
3
3
2
9
5
6
8
5
1
3
4
1
4
6
2
2
1
4
6
2
1
4
3
3
4
4
4
4
8
5
2
4
2
2
0
1
4
4
4
5
5
3
3
6
5
6
2
0
2
7
0
4
4
1
1
4
3
6
0
3
1
1
5
4
3
5
2
3
5
4
4
4
2
3
4
4
6
0
0
1
4
1
2
1
2
0
5
5
5
3
2
6
7
4
4
2
3
5
1
0
5
1
1
1
1
3
2
2
4
1
2
6
3
2
4
2
3
2
2
3
3
3
3
0
1
3
6
1
1
2
6
3
2
5
2
3
6
3
2
3
0
3
2
1
1
0
3
7
5
3
3
2
2
0
1
3
2
4
2
2
3
2
4
1
2
1
2
2
2
4
2
3
3
2
1
4
4
3
1
1
7
0
2
2
0
2
5
3
5
1
2
2
4
1
4
0
2
3
5
1
7
2
1
1
2
2
3
3
4
0
2
0
1
3
0
4
3
2
5
2
1
0
2
2
1
0
1
4
2
2
1
0
2
2
0
2
1
1
1
0
1
3
0
6
5
2
1
2
4
3
1
0
1
1
2
1
2
3
3
2
4
1
0
1
2
1
2
0
1
4
4
1
2
2
2
1
2
1
3
0
2
1
1
1
3
1
2
2
4
2
0
6
0
2
1
0
1
1
1
0
1
0
1
0
2
1
1
2
2
1
2
0
2
1
0
0
1
0
0
0
1
1
3
1
5
2
1
3
1
1
0
5
1
2
0
0
1
0
2
5
0
0
0
1
2
0
3
1
1
2
1
0
1
2
2
1
0
2
1
0
1
1
2
1
0
3
3
0
2
2
1
1
4
3
1
4
0
1
3
1
1
2
1
0
0
0
0
0
0
0
2
3
0
2
0
1
0
1
2
0
2
2
2
0
1
2
0
1
0
0
2
0
2
0
0
0
0
1
2
0
0
1
1
1
0
1
2
0
1
1
1
0
2
0
0
1
0
1
0
0
1
0
2
3
2
0
0
0
0
0
1
0
0
0
0
1
0
0
4
2
1
0
0
3
1
3
2
2
2
3
0
0
0
1
1
2
0
1
0
0
0
2
0
0
2
4
0
1
1
0
0
2
0
2
0
1
1
0
2
0
0
0
1
0
2
1
2
0
1
0
1
0
0
0
1
0
0
0
0
0
0
0
0
1
2
1
0
0
2
1
2
0
3
1
2
0
2
0
1
0
1
0
0
1
0
0
0
0
0
2
0
0
1
0
0
0
0
0
1
2
0
2
0
0
0
0
0
0
0
0
0
0
0
0
1
1
0
2
0
1
0
0
0
0
2
0
1
0
1
0
1
0
0
0
0
1
0
1
0
0
1
0
0
0
1
0
0
0
2
0
0
0
1
0
0
0
2
0
1
1
1
0
1
0
1
1
1
1
1
0
1
1
0
0
0
0
1
0
0
0
0
0
1
1
1
0
0
0
1
0
1
0
0
0
0
1
0
0
0
0
1
0
1
0
0
1
1
1
2
2
1
1
1
0
1
0
0
0
0
0
1
0
0
0
0
0
0
2
0
1
1
1
0
0
0
0
1
1
0
1
0
0
0
0
0
1
0
0
0
0
0
0
0
0
0
0
0
0
0
0
1
1
0
0
0
0
0
1
0
1
0
0
0
0
0
0
1
1
0
0
0
0
1
2
0
0
0
0
0
1
0
0
0
0
0
0
0
1
0
0
0
1
0
0
0
0
1
0
0
1
1
0
0
0
0
0
0
2
0
0
0
1
0
0
0
0
0
1
0
0
0
0
0
1
1
0
0
0
0
0
1
0
0
0
0
0
0
0
0
1
0
0
0
0
0
0
0
0
0
1
0
0
0
0
1
0
0
0
1
0
0
0
0
0
0
0
0
0
0
0
0
0
0
0
1
0
1
0
0
0
0
0
0
2
0
0
0
0
0
0
1
0
1
0
0
0
0
1
0
0
0
0
1
1
0
0
0
0
1
0
0
0
0
0
0
1
0
1
0
0
0
0
0
0
0
0
0
0
0
0
0
0
0
0
0
0
0
0
2
0
0
1
1
0
0
0
1
0
0
0
0
0
0
0
0
0
0
0
0
0
0
0
0
0
0
0
0
1
0
