0
0
0
0
0
0
0
0
0
0
0
0
0
0
0
0
0
0
0
0
0
0
0
0
0
0
0
0
0
0
0
0
0
0
0
0
0
0
0
0
0
0
0
0
0
0
0
0
0
0
0
0
0
0
0
0
0
0
0
0
0
0
0
0
0
0
0
0
0
2
1
1
1
2
0
1
0
2
2
3
1
5
17
39
138
364
921
2225
4891
9704
17061
27825
40696
54465
66106
72688
72721
66789
54764
41661
28225
17509
9834
5044
2420
997
384
141
60
19
4
4
0
1
1
0
0
0
1
0
2
1
0
0
0
2
0
0
0
0
0
9
54
46
52
43
40
52
34
43
39
43
43
43
51
38
50
40
49
42
40
34
47
41
40
42
34
42
41
41
31
45
36
37
37
36
28
32
31
38
27
39
38
25
41
31
37
34
34
36
32
54
32
40
41
35
38
41
36
30
41
48
40
42
53
48
59
46
48
58
66
71
100
112
128
162
162
152
141
168
151
132
104
100
120
74
52
50
46
38
48
38
37
40
38
44
44
45
44
48
32
53
50
51
49
56
73
54
59
78
79
89
81
87
76
88
108
118
128
123
129
147
166
166
179
178
267
388
603
1027
1823
2881
4627
6974
10144
13727
17927
21787
24925
27326
28429
28274
26423
23031
19681
15861
12138
8887
6487
4600
3318
2290
1762
1238
894
734
541
401
339
286
363
426
469
609
822
880
1041
1036
1078
1048
898
801
659
519
397
305
243
177
136
107
103
86
74
67
52
40
41
21
24
18
8
15
8
9
4
9
11
14
13
10
6
5
5
4
9
5
10
5
7
9
5
9
10
7
7
5
9
5
4
13
9
4
6
5
11
7
12
10
14
17
13
21
28
13
29
23
20
30
32
17
24
20
24
18
16
23
23
13
16
15
24
13
18
15
22
25
21
13
18
22
27
22
15
20
19
10
13
14
9
14
8
10
5
6
6
5
4
7
1
4
6
6
7
10
5
12
5
8
6
5
7
2
5
7
4
7
5
7
3
7
3
13
14
8
9
12
9
11
24
16
11
31
20
25
21
24
23
17
18
12
16
11
8
11
10
8
12
8
8
9
7
11
9
4
11
9
6
15
8
11
8
13
11
9
7
5
5
4
9
10
10
7
3
8
5
3
4
5
4
5
6
9
5
10
3
2
7
2
8
7
2
9
7
6
7
3
3
4
2
5
5
2
2
8
6
4
5
6
3
5
6
5
4
6
5
9
6
3
8
3
6
5
13
5
5
7
5
9
4
12
5
8
10
6
7
7
6
8
8
4
6
10
2
3
7
6
4
5
5
3
7
7
9
2
6
11
7
5
6
4
6
9
11
7
9
6
10
6
12
4
5
2
2
6
1
8
7
7
6
4
13
2
10
11
10
11
6
9
8
5
8
11
5
4
11
9
6
6
8
11
12
8
11
14
9
9
7
9
4
12
12
10
11
9
14
9
14
10
12
13
11
11
13
9
11
10
8
13
3
8
9
6
7
12
10
11
9
17
16
14
20
13
9
14
16
8
14
15
18
16
17
18
18
22
26
21
15
20
22
18
14
16
20
31
20
22
12
23
21
23
24
23
20
21
23
17
21
20
25
27
20
19
15
27
15
8
15
24
22
14
14
17
18
11
14
23
17
20
21
15
16
14
12
30
19
19
21
13
19
25
19
15
27
11
17
20
17
22
31
16
17
24
13
17
32
30
28
19
14
18
20
22
30
20
23
24
25
26
31
17
20
30
25
28
20
28
22
27
37
20
25
34
36
24
26
30
31
35
32
39
23
41
31
38
36
25
32
36
18
38
38
33
47
26
35
47
25
43
39
45
35
31
40
41
38
35
26
34
49
36
49
41
43
51
43
43
51
50
45
47
54
52
48
51
50
44
40
42
60
64
52
62
60
67
59
69
80
75
66
67
75
82
101
111
99
117
115
129
157
128
158
123
155
151
151
130
156
119
132
121
113
118
105
104
102
99
80
86
87
96
72
76
97
96
93
78
70
88
89
78
82
78
76
69
80
84
77
86
77
77
98
66
92
88
76
91
104
85
67
79
82
71
61
70
72
89
81
85
89
70
68
79
74
71
73
68
88
90
65
94
83
84
73
69
65
80
79
70
79
72
73
75
63
78
82
77
67
66
75
87
69
67
80
81
74
67
57
74
63
67
78
78
73
76
73
72
84
66
77
70
79
74
80
73
75
86
73
76
78
72
87
68
81
85
90
84
74
80
76
69
90
80
80
86
83
78
72
78
79
102
89
78
77
76
67
82
96
74
80
99
101
78
79
100
106
92
73
126
96
121
144
165
186
221
282
332
400
468
576
736
781
970
1156
1292
1422
1640
1650
1887
1902
1900
1970
2029
1973
1896
1819
1602
1454
1348
1166
1032
874
725
581
498
402
365
261
216
194
164
133
138
141
124
117
105
89
125
109
108
122
117
95
101
114
115
118
89
104
120
115
124
129
115
117
122
108
119
122
126
107
128
118
121
114
123
128
134
100
100
117
94
113
92
108
102
94
103
126
128
115
101
104
109
107
103
117
109
125
125
134
112
131
121
123
145
148
145
160
198
174
206
221
233
261
292
323
284
361
336
337
402
388
392
351
314
320
321
325
290
266
265
244
206
190
188
169
146
163
161
143
151
144
127
122
130
114
148
126
152
137
124
115
123
135
137
115
148
162
155
152
127
169
141
147
152
154
147
144
157
151
146
144
145
127
154
149
143
170
154
169
170
149
166
184
164
167
163
179
157
183
166
177
189
173
164
170
175
201
170
193
171
179
189
188
179
173
213
197
174
213
195
185
176
217
183
213
195
246
190
199
198
233
200
203
195
232
224
222
248
237
257
248
225
250
268
258
273
262
284
263
250
271
291
282
257
289
316
283
275
265
260
309
278
270
258
254
272
276
269
295
238
270
284
283
260
262
282
257
273
272
218
224
277
266
272
247
248
222
246
246
252
238
247
201
203
205
189
200
230
186
178
203
193
222
183
184
184
195
196
186
196
172
185
155
144
191
150
166
174
171
158
171
152
147
180
166
155
175
157
159
155
158
161
171
168
151
165
145
148
133
153
157
161
141
163
132
163
157
155
138
139
156
162
148
157
166
174
160
173
166
170
188
163
186
181
150
194
191
184
186
200
196
191
178
195
213
204
186
200
199
197
201
205
198
189
210
196
171
208
196
229
221
198
215
195
243
219
231
186
217
194
226
195
205
208
226
198
201
215
232
216
204
208
216
216
214
203
201
212
227
207
208
212
204
204
223
220
200
172
198
209
207
211
197
170
182
200
205
171
186
171
211
175
192
171
185
166
165
165
161
187
161
196
167
158
187
166
181
159
168
151
172
152
171
173
184
167
164
154
171
191
155
183
177
183
148
173
180
175
178
141
168
186
183
176
183
180
187
194
189
183
158
153
149
162
163
174
179
172
192
183
164
185
169
166
157
178
177
172
168
172
184
183
167
173
191
184
165
146
171
173
192
173
204
181
187
163
195
195
170
185
200
166
177
193
197
212
165
192
168
174
154
182
190
187
202
185
165
183
172
172
200
201
195
171
177
181
183
193
177
188
178
171
198
194
205
191
180
164
178
173
178
211
181
169
225
202
183
175
179
179
214
194
175
224
209
169
187
191
206
202
173
189
186
188
185
224
204
179
197
189
220
220
210
222
194
210
206
208
214
231
211
223
203
191
201
212
202
181
201
215
216
206
201
209
203
232
209
203
206
216
221
208
215
184
228
217
201
232
199
207
205
232
210
201
207
239
223
234
225
233
226
198
187
186
198
204
202
208
219
204
201
204
192
218
198
210
173
214
175
205
182
194
215
190
191
210
189
162
194
181
193
178
189
210
206
180
183
187
202
192
174
208
202
193
181
174
181
183
169
183
183
180
163
213
146
157
200
182
190
178
199
154
197
174
203
178
212
199
182
214
186
168
174
177
183
200
180
185
204
194
206
197
169
181
189
190
205
196
192
163
188
184
192
193
196
195
200
194
193
189
194
182
194
183
170
179
156
185
192
177
184
199
193
194
190
170
176
195
178
194
194
196
179
190
164
197
175
186
180
189
170
192
176
178
185
192
171
185
201
178
208
210
199
179
182
174
164
184
209
188
200
197
187
189
213
177
180
190
216
172
187
212
177
199
168
173
190
200
198
220
169
181
221
178
201
187
201
173
181
177
195
167
179
209
176
197
189
187
171
160
182
188
195
182
188
201
192
208
218
199
208
194
172
193
194
189
198
212
188
189
181
204
182
204
219
202
185
179
194
227
212
220
204
211
207
188
191
203
215
238
212
230
228
228
224
198
212
222
225
231
244
206
213
227
212
243
262
201
232
232
215
245
273
237
232
256
245
246
231
263
242
257
252
245
260
296
281
285
237
266
272
295
307
279
280
274
276
284
296
315
286
294
299
331
344
311
321
354
350
356
380
393
397
374
375
408
397
428
388
443
430
477
477
485
475
518
524
529
571
586
596
608
627
662
657
672
701
705
768
781
772
850
813
822
905
858
919
910
960
989
1027
1059
986
1058
1106
1059
1059
1141
1084
1144
1119
1114
1096
1174
1130
1125
1139
1133
1134
1075
1093
1106
1163
1157
1049
1042
1072
999
1036
1019
981
930
923
872
835
912
819
765
785
798
706
684
695
671
618
613
578
598
560
524
487
520
515
509
470
473
430
405
399
372
409
393
371
344
330
308
313
328
314
344
286
277
280
276
267
261
265
266
234
283
259
257
244
239
240
250
218
230
206
208
212
209
220
199
197
200
191
183
190
213
188
206
183
195
168
209
195
178
180
196
201
206
177
205
211
208
206
231
231
215
213
231
223
231
299
289
298
324
306
332
348
362
382
410
402
402
415
434
383
447
405
455
417
442
434
404
402
355
364
370
371
350
324
269
306
289
253
241
235
216
190
199
184
167
173
148
158
155
148
124
139
132
123
126
134
116
126
119
132
133
120
126
132
132
115
129
130
160
132
135
146
117
136
120
136
137
154
174
180
159
140
144
140
144
163
144
162
172
150
181
182
181
173
153
167
185
216
174
199
193
210
186
207
227
187
219
198
186
218
212
237
219
239
225
190
205
197
208
193
209
212
229
203
195
219
192
186
183
222
188
183
186
211
210
207
175
187
202
167
168
163
169
179
156
145
161
160
154
128
153
144
137
138
140
138
142
121
121
140
100
113
108
102
115
121
108
103
88
120
98
117
99
90
97
94
95
97
77
93
79
89
81
75
93
75
75
72
75
74
67
74
72
74
71
69
69
76
74
60
73
65
54
69
71
57
55
58
70
59
51
60
73
65
50
55
61
63
58
64
62
59
61
50
62
53
51
57
53
52
50
56
57
50
52
53
58
56
48
59
49
54
57
55
58
44
50
37
48
36
47
54
51
43
51
54
49
43
46
45
47
50
65
59
42
52
65
67
67
65
61
51
67
57
59
72
87
85
58
68
64
52
61
76
76
68
52
43
48
50
51
51
42
47
53
44
46
41
32
45
30
40
34
26
36
44
36
38
42
38
42
33
51
46
33
47
41
25
40
50
30
39
32
29
37
49
34
45
45
37
42
28
36
29
35
26
21
19
40
21
24
35
35
34
24
42
39
30
29
31
27
31
26
30
31
37
34
24
36
36
30
25
25
30
32
39
35
28
33
19
26
31
32
36
31
24
38
25
34
23
29
28
25
29
32
30
23
30
39
29
28
25
17
23
27
20
27
36
29
24
31
31
21
29
31
22
19
22
33
30
26
27
28
25
23
24
37
21
20
18
33
24
20
35
27
29
23
26
29
28
23
24
27
21
30
23
26
30
27
32
22
25
21
23
28
19
26
27
25
24
24
28
14
25
21
26
15
25
20
20
24
14
24
17
12
17
18
19
26
16
16
24
20
19
18
23
19
23
25
25
26
19
21
21
23
22
19
21
19
35
23
14
18
15
21
25
30
16
19
20
22
25
12
23
21
22
17
17
18
22
22
20
28
19
22
14
26
33
22
16
24
22
21
18
20
21
18
17
16
23
19
14
16
18
15
17
15
24
21
15
18
17
15
14
19
16
21
14
21
23
22
19
19
17
14
18
10
20
11
18
19
11
10
17
20
13
13
10
15
15
17
14
15
17
14
15
13
19
22
19
19
12
10
14
20
20
15
13
14
16
16
16
13
19
16
19
13
14
17
12
17
14
18
20
8
18
14
11
13
14
19
20
15
20
13
9
16
22
15
16
15
9
16
19
15
12
19
21
21
12
14
12
14
13
13
14
13
19
27
12
9
11
9
8
13
17
15
11
18
12
16
11
19
16
11
17
12
12
13
8
16
6
12
16
19
12
18
11
8
14
12
13
13
14
9
20
13
14
13
17
17
17
10
5
13
16
14
11
16
9
8
8
14
17
9
7
9
14
17
9
11
12
12
15
9
11
17
9
11
10
14
8
10
8
9
10
15
13
15
5
10
10
14
12
9
14
10
6
10
13
11
7
17
11
12
8
12
19
10
7
12
11
5
7
13
10
7
6
12
10
12
15
11
11
12
9
9
10
5
10
9
10
16
8
15
5
11
8
10
10
11
11
3
12
12
9
6
9
11
13
12
10
13
9
6
11
12
9
12
11
9
8
7
4
10
10
7
12
4
12
10
4
4
9
10
9
8
10
7
5
7
5
8
8
11
12
5
15
6
7
4
5
7
10
10
8
11
9
4
5
11
10
6
10
6
8
7
10
5
10
9
10
12
11
6
1
11
3
7
9
7
9
7
6
8
5
9
14
10
6
2
11
9
11
6
1
8
10
4
8
6
4
6
7
0
5
6
9
8
7
5
4
10
8
5
7
7
9
3
5
3
5
7
4
12
9
7
4
4
7
6
11
8
4
7
7
6
5
11
8
7
6
7
4
12
5
7
3
8
7
9
6
6
4
6
7
6
5
4
10
2
6
6
11
7
8
11
4
8
6
5
4
4
6
5
2
4
5
5
8
9
9
5
4
5
8
5
2
1
7
9
2
8
9
6
8
8
5
8
5
6
4
6
10
5
4
6
6
3
5
8
4
6
10
3
6
3
3
6
9
2
5
4
6
6
7
8
4
6
7
10
2
2
7
4
5
3
2
4
5
5
4
7
3
8
7
5
4
3
6
1
4
1
6
5
5
2
4
4
2
5
3
5
6
5
1
4
8
2
4
2
6
3
4
3
4
4
3
6
5
4
4
5
3
3
5
2
3
2
2
2
4
8
4
4
4
6
5
7
1
6
2
5
8
4
6
4
8
3
1
5
1
1
3
6
2
9
3
3
2
2
7
2
3
3
5
2
7
6
3
2
4
3
4
4
5
3
1
4
0
2
1
4
5
4
2
6
4
5
4
6
3
2
3
2
0
1
6
4
1
3
4
7
4
5
2
5
4
4
2
4
5
4
2
5
3
3
2
2
3
3
0
2
3
2
4
6
2
1
3
3
0
3
3
2
2
1
6
1
4
2
0
5
2
5
2
5
2
2
2
3
3
4
2
1
2
7
3
4
3
3
0
5
2
1
5
2
1
0
3
3
2
3
1
0
4
1
1
7
3
4
3
4
2
3
4
3
1
1
3
4
3
1
3
7
2
3
1
1
5
2
4
4
1
3
2
3
3
1
3
1
1
1
0
1
1
3
1
5
1
2
2
1
2
1
0
2
2
3
3
2
3
2
0
0
1
1
4
3
0
3
0
1
1
4
4
3
1
0
1
2
2
3
2
3
3
3
3
1
0
0
1
2
4
2
4
1
2
1
1
6
3
3
4
0
2
3
1
0
0
1
2
1
4
1
2
0
1
3
2
1
5
2
1
3
1
0
3
0
1
1
4
2
3
2
0
2
4
0
1
0
2
5
1
2
1
2
1
0
2
1
1
0
2
1
3
2
2
0
1
0
1
1
1
3
2
0
0
0
0
2
1
0
2
0
2
1
3
1
1
0
3
2
0
1
3
3
1
2
2
0
2
3
1
0
2
0
2
0
0
1
3
3
1
2
0
0
0
0
1
1
1
1
1
0
0
3
2
0
1
1
3
0
0
0
3
3
3
0
2
2
0
0
1
1
0
1
3
2
0
2
1
0
2
0
1
2
1
0
1
1
0
3
0
0
3
1
1
1
1
1
1
0
2
0
1
1
2
0
0
2
2
0
2
0
0
1
0
1
1
4
2
1
3
1
1
1
0
0
2
3
0
0
1
2
0
2
0
0
1
4
0
0
1
1
2
1
1
0
0
0
0
1
2
1
2
0
1
1
0
1
2
0
2
3
0
0
1
2
1
2
0
0
0
3
1
0
1
2
1
0
2
2
0
1
2
1
0
2
2
1
0
2
1
0
1
1
1
1
1
0
0
0
2
1
0
1
0
0
1
0
0
1
1
3
1
0
1
0
1
0
0
1
0
1
3
3
2
0
0
0
1
0
1
1
2
0
1
0
0
0
0
0
0
1
0
2
0
0
1
1
0
1
0
1
0
0
0
1
2
0
0
0
0
0
0
2
0
0
0
0
1
1
0
1
0
1
1
0
2
0
0
1
1
1
1
0
0
0
0
1
1
1
1
0
2
2
0
0
1
1
3
0
3
1
0
0
2
1
0
1
0
2
0
1
1
0
0
0
1
0
0
1
0
0
0
0
0
0
0
0
1
0
2
1
1
0
0
0
2
0
0
2
0
0
0
0
0
0
1
0
1
0
0
1
0
0
0
1
0
0
0
0
1
2
0
0
0
1
1
1
0
0
0
0
1
0
0
0
0
1
2
0
0
0
1
1
0
1
3
1
1
0
0
0
0
1
0
1
0
0
1
0
0
0
0
0
2
0
0
2
0
1
0
0
0
1
0
0
0
0
1
0
0
0
0
1
0
1
0
0
0
0
0
0
0
0
0
1
0
0
1
0
0
0
0
1
1
0
1
0
0
0
1
0
1
0
1
1
0
1
0
0
0
0
0
0
0
1
0
0
0
0
0
0
0
0
0
3
1
0
0
0
0
0
0
0
0
0
0
0
0
0
0
0
0
0
0
0
0
0
0
0
0
0
0
0
1
0
1
0
1
1
0
0
1
0
2
0
0
0
0
1
0
0
0
1
0
0
0
0
0
2
1
0
2
0
0
0
0
0
0
0
0
0
0
0
0
1
0
0
0
0
0
2
0
0
0
0
0
0
0
0
0
0
0
0
0
0
1
1
0
0
0
0
1
0
1
0
0
0
0
0
1
0
0
0
0
0
0
0
0
0
0
0
1
1
0
0
0
0
0
0
0
2
1
0
0
0
0
0
0
0
1
0
0
1
0
0
0
0
0
0
0
0
0
0
0
0
0
0
0
0
0
0
0
0
0
0
0
0
0
1
0
0
