0
0
0
0
0
0
0
0
0
0
0
0
0
0
0
0
0
0
0
0
0
0
0
0
0
0
0
0
0
0
0
0
0
0
0
0
0
0
0
0
0
0
0
0
0
0
0
0
0
0
0
0
0
0
0
0
0
0
0
0
0
0
0
0
0
0
0
0
1
0
0
1
0
2
4
2
0
3
3
2
5
6
14
33
151
343
998
2338
4787
9714
16984
27533
40434
54647
66479
72818
72860
66634
55110
41249
27999
17574
9940
5025
2344
968
327
138
41
15
5
1
0
1
2
1
1
0
2
0
1
0
1
0
0
0
1
0
0
0
0
5
47
58
55
56
39
47
50
57
44
58
43
38
35
42
42
38
41
47
33
42
44
43
50
35
28
37
34
37
30
35
39
39
29
36
50
35
32
32
37
46
38
39
30
42
35
41
38
41
39
44
40
38
43
46
40
52
39
40
48
48
39
48
43
37
35
48
63
59
67
89
94
118
124
132
147
166
150
173
130
122
114
110
92
62
44
52
42
45
46
44
45
31
34
39
50
38
53
53
45
51
46
49
48
63
62
52
68
67
66
77
93
112
98
86
96
113
117
137
136
117
151
138
197
207
285
381
578
1066
1739
2956
4630
6984
9878
13847
17430
21570
25114
27415
28695
28045
26150
23204
19625
15979
12090
8914
6381
4632
3241
2339
1659
1210
939
674
489
392
326
331
330
419
557
655
787
888
1008
1065
1065
1019
867
846
651
569
369
294
246
178
141
111
102
76
74
63
61
46
57
36
27
17
18
7
13
11
9
10
8
2
8
12
8
5
9
14
6
11
11
7
4
13
6
10
10
11
11
8
9
7
9
7
6
7
10
4
8
13
6
15
13
12
16
29
20
33
22
20
13
26
20
31
27
23
14
16
23
18
17
19
20
14
20
25
23
18
22
21
21
20
21
22
24
8
17
19
14
15
8
14
7
14
6
4
7
9
11
6
1
6
9
8
6
5
6
4
7
7
11
4
5
6
7
5
5
3
1
6
8
7
7
10
6
10
8
9
6
13
12
11
14
17
19
20
22
19
14
21
29
20
12
18
14
18
13
6
9
11
5
9
10
7
5
12
10
11
5
14
11
12
11
6
7
15
10
11
9
9
5
6
7
11
5
3
5
4
10
9
9
3
5
8
10
6
9
4
7
10
4
8
4
10
14
5
7
9
0
6
5
4
6
4
7
7
5
6
11
5
6
6
6
6
9
8
4
7
2
4
8
1
5
3
5
4
5
5
4
5
9
10
6
5
7
13
4
6
8
5
4
6
6
7
6
6
7
6
8
5
8
6
9
3
7
6
5
7
5
5
1
6
7
4
3
5
6
5
9
6
14
6
8
10
10
10
3
11
14
6
15
3
11
8
5
9
11
16
8
12
11
2
6
4
5
9
7
5
16
9
4
8
13
5
6
21
9
2
13
6
11
10
7
10
11
10
7
9
8
9
13
12
10
7
8
8
8
14
6
9
14
6
9
14
9
13
11
14
13
10
12
13
9
14
13
12
13
8
15
13
11
16
15
18
20
22
22
14
17
14
23
23
15
23
24
21
17
17
27
25
27
28
28
20
26
21
30
15
22
24
24
21
19
19
19
22
19
21
22
20
10
20
25
12
13
15
20
18
19
19
20
19
5
17
17
21
20
28
18
18
19
10
19
14
17
23
25
33
18
22
21
23
28
27
21
13
25
21
30
36
22
22
21
18
17
24
19
22
29
27
17
19
35
27
19
28
19
16
28
29
27
28
22
24
30
26
33
34
40
39
28
24
29
29
27
41
27
29
29
34
22
39
37
33
32
34
35
32
39
46
30
38
35
33
37
38
39
41
43
49
37
42
36
36
45
51
49
46
58
51
51
39
45
48
58
51
56
56
51
59
49
48
67
62
52
66
75
55
68
69
76
77
66
68
104
87
86
94
105
94
110
144
133
133
129
156
144
148
148
137
154
131
123
113
134
116
105
88
103
102
98
87
80
78
79
87
84
90
82
70
79
76
84
71
95
88
79
79
96
85
83
73
76
77
66
86
86
70
78
89
85
75
73
60
98
83
77
79
79
70
82
75
87
76
83
78
70
74
74
87
74
88
79
64
68
92
74
75
92
78
62
89
85
77
85
72
75
67
85
86
84
63
75
83
84
77
72
71
84
78
69
76
69
70
79
72
79
72
76
68
63
72
72
66
77
88
73
85
73
67
59
70
60
71
100
71
82
75
80
83
85
90
87
76
84
97
89
83
89
65
85
70
74
85
81
74
71
80
69
93
86
74
88
72
83
67
80
85
87
93
102
123
96
125
147
170
181
234
244
345
343
460
571
702
819
992
1078
1255
1382
1587
1711
1816
1901
1944
2007
1990
1999
1870
1790
1601
1524
1362
1168
1007
912
749
617
522
372
340
284
240
198
175
157
122
140
127
87
98
93
106
98
130
94
107
97
109
117
98
100
128
101
113
101
117
102
118
98
126
123
99
111
106
113
124
123
117
109
120
129
101
96
112
103
122
105
110
127
110
108
117
113
128
120
107
126
119
120
110
97
123
120
135
104
148
130
118
119
136
145
158
150
186
205
212
223
204
267
297
287
325
327
373
344
334
372
389
349
326
342
326
296
316
259
246
258
211
202
199
153
154
168
122
158
149
130
129
161
124
130
136
132
144
140
118
129
127
129
172
130
143
111
161
116
148
151
130
167
134
142
157
145
144
158
137
157
157
156
163
123
156
168
159
165
183
133
179
171
160
186
180
169
153
158
195
176
183
146
187
160
195
188
170
178
166
185
165
191
196
184
186
192
168
195
211
198
188
210
177
208
213
194
224
209
208
205
213
207
226
224
236
242
258
254
246
266
262
241
244
265
260
237
272
252
263
273
271
262
257
262
252
264
262
240
313
273
256
284
282
248
299
283
282
281
302
268
260
252
263
265
255
261
271
262
215
244
243
240
276
254
241
235
253
227
225
247
226
206
221
230
241
218
212
236
190
183
196
204
196
199
177
186
187
195
167
182
187
167
174
185
191
173
140
155
169
157
174
146
142
161
153
148
167
177
155
150
149
176
153
171
182
172
174
147
179
152
146
158
150
176
167
183
159
151
160
143
153
172
159
161
164
160
166
173
176
161
160
192
156
195
199
192
200
184
177
200
183
191
189
203
183
177
214
189
220
155
214
238
202
199
210
241
207
204
206
219
217
203
226
216
237
196
223
192
211
235
234
209
220
208
229
206
204
204
200
206
226
233
232
190
215
203
207
209
184
223
215
204
199
188
207
196
209
201
198
191
198
207
200
209
201
163
158
184
213
179
204
162
179
189
176
196
154
186
163
180
192
189
164
190
178
187
160
181
156
165
175
189
196
166
178
162
173
169
156
167
173
164
170
192
180
171
167
163
172
181
164
173
191
195
158
182
186
181
179
170
183
177
192
184
172
161
177
172
187
182
169
160
180
170
182
160
181
171
173
201
174
164
190
166
181
190
166
148
157
204
179
169
145
180
173
209
159
198
164
176
178
188
189
190
171
202
216
185
174
190
190
180
166
199
170
187
202
178
207
168
174
173
175
200
186
209
195
178
181
176
160
198
171
183
202
192
176
203
198
208
199
206
192
208
213
195
195
176
191
174
202
182
203
196
183
200
184
192
178
184
225
218
218
225
223
209
199
195
217
236
192
235
193
217
209
220
218
223
200
221
223
214
212
236
223
204
226
202
191
230
214
187
233
218
208
213
220
220
202
222
218
222
214
212
208
212
221
203
208
221
198
191
198
243
184
212
206
198
196
207
217
227
198
180
201
215
204
197
182
182
210
188
216
222
194
207
227
199
209
194
212
196
189
188
222
176
180
172
213
183
202
175
185
197
193
195
210
204
199
193
173
190
197
179
172
196
177
205
204
174
188
210
178
197
186
179
176
207
186
193
205
193
187
194
179
195
170
219
188
171
188
185
185
202
193
188
179
188
196
183
201
201
182
208
202
187
197
179
168
181
214
203
177
189
181
190
179
169
211
209
199
195
230
200
178
213
209
182
181
196
195
193
195
164
186
190
203
211
201
174
195
175
192
197
204
211
197
181
205
187
186
180
198
205
190
205
196
198
217
170
174
213
195
197
159
222
183
182
189
166
184
189
186
163
171
215
198
194
176
197
193
201
196
183
201
191
188
203
174
183
172
193
205
193
183
183
180
187
197
209
220
190
197
209
187
199
232
192
193
203
188
190
179
193
215
195
191
191
198
191
204
220
176
191
187
189
205
213
199
205
199
202
210
212
233
207
221
193
224
223
197
213
229
239
203
209
208
192
210
221
190
191
222
232
235
223
237
214
236
245
241
202
257
216
261
251
227
245
230
246
236
260
240
252
263
238
258
223
268
281
241
274
276
269
302
268
275
279
279
309
289
292
302
304
299
274
304
292
309
316
325
322
339
327
328
339
334
386
368
356
364
370
379
398
411
397
418
447
434
436
434
507
491
472
515
572
557
565
553
599
622
637
655
717
650
738
728
763
743
793
886
785
941
886
908
980
903
951
1006
983
1027
1103
1092
1033
1076
1079
1166
1057
1101
1156
1169
1148
1172
1112
1136
1192
1148
1122
1140
1112
1099
1113
1130
1081
1070
1023
1021
1043
949
966
954
902
905
803
842
772
838
819
782
776
722
646
676
672
642
649
588
530
541
537
516
504
476
477
415
451
394
422
411
376
343
355
346
360
356
315
305
318
324
298
287
301
293
284
270
274
279
271
287
266
235
239
256
234
197
199
204
231
210
196
223
204
188
196
202
166
194
210
218
195
202
188
199
180
193
172
179
179
157
199
177
197
203
210
182
206
215
219
231
273
257
296
272
280
288
335
321
374
336
356
335
415
365
386
384
404
436
407
425
386
465
433
434
405
406
412
433
401
363
380
337
351
332
314
239
265
234
226
220
210
195
198
167
149
148
167
127
130
124
134
146
126
133
119
146
141
141
127
146
124
128
122
124
135
137
118
134
137
131
133
134
122
154
140
131
151
123
152
157
162
145
154
138
159
140
185
160
149
149
191
181
188
187
157
205
195
183
171
181
224
192
235
192
197
209
207
194
228
204
200
205
217
235
195
205
230
220
237
202
230
222
194
204
207
221
214
195
211
198
204
204
214
165
172
192
176
184
188
183
194
183
189
152
159
151
148
155
147
146
151
124
130
119
143
126
141
124
137
103
112
113
111
106
115
118
100
97
99
118
112
88
89
97
79
73
79
98
94
81
79
97
89
73
92
76
77
75
68
74
82
78
65
66
55
65
61
79
81
59
68
66
55
59
68
69
53
70
52
59
49
52
41
68
69
63
52
48
58
55
55
52
62
56
46
54
62
53
58
54
53
59
60
53
54
52
56
61
50
49
54
47
49
41
56
48
52
51
56
44
52
47
43
61
51
51
51
56
49
54
60
63
55
51
55
60
65
61
52
74
64
80
65
62
76
63
66
83
67
69
61
60
73
62
53
61
51
51
45
47
36
41
41
54
40
34
39
30
37
40
29
34
30
33
29
35
41
44
29
47
42
42
41
42
49
28
40
39
31
39
41
41
42
50
36
37
30
34
50
39
36
25
29
27
37
30
28
29
34
34
34
26
22
30
21
36
29
21
39
31
35
28
33
38
25
34
32
35
33
17
41
28
28
26
24
25
32
26
31
39
36
25
28
26
28
30
33
18
29
22
20
23
23
35
33
24
29
21
23
30
27
26
28
21
22
39
31
33
21
27
31
30
31
27
25
33
19
28
22
25
25
41
33
21
26
27
27
26
30
19
23
22
27
13
34
27
24
15
25
24
27
23
29
30
26
31
20
18
28
21
19
21
22
18
19
20
23
24
21
27
22
23
31
20
33
18
25
25
26
29
19
28
17
32
26
10
20
26
16
26
15
20
21
21
30
28
20
26
25
31
22
25
18
23
22
23
18
15
22
24
21
20
20
24
17
15
24
18
21
25
23
22
21
15
24
23
18
25
13
25
24
26
22
19
14
19
20
16
18
21
24
20
19
26
16
23
19
18
20
11
20
16
20
16
23
10
24
18
21
14
17
20
29
21
18
23
23
19
21
12
11
15
14
12
25
19
17
11
19
15
18
14
20
16
21
12
15
10
13
20
17
11
18
15
12
15
14
28
19
11
14
18
12
23
17
12
11
11
18
20
23
17
19
16
12
12
14
9
18
15
18
8
19
14
9
17
15
18
23
16
15
11
18
19
17
20
18
15
13
12
15
15
12
16
11
13
9
10
24
12
12
12
15
14
11
15
8
15
13
16
13
19
15
17
18
17
20
9
17
11
16
8
14
14
12
11
13
16
21
17
12
17
7
9
11
17
10
11
14
8
17
8
13
13
15
15
9
13
13
10
12
13
9
13
11
17
15
11
11
9
14
8
17
5
16
10
14
15
7
15
10
8
12
6
10
14
12
5
12
16
12
18
11
11
10
11
10
10
9
15
11
13
13
12
14
9
12
19
14
6
10
10
14
10
4
16
17
14
12
10
8
9
12
11
10
17
13
18
13
8
12
12
6
10
5
8
11
12
6
10
11
9
11
7
6
9
18
9
11
6
11
7
12
13
10
10
13
9
5
13
9
4
11
11
12
10
11
9
10
9
8
11
13
8
8
7
15
9
12
5
7
8
7
8
11
12
9
10
10
7
12
6
10
5
13
6
10
9
6
3
9
10
11
13
8
10
9
7
7
11
8
11
8
4
7
9
6
13
10
8
13
11
5
7
4
7
5
14
11
6
6
9
5
13
9
6
4
7
9
5
6
4
10
6
13
4
6
7
5
8
8
11
16
6
8
4
5
6
9
5
11
6
3
2
10
4
6
9
8
6
6
7
10
3
6
6
7
9
7
4
7
11
9
7
7
3
4
5
6
7
7
7
6
5
9
6
3
9
6
4
4
5
4
9
6
6
4
4
5
4
6
3
7
6
6
6
4
2
5
6
5
9
8
7
8
9
4
4
4
2
4
6
3
5
1
10
6
9
9
3
7
4
4
6
7
10
6
6
2
6
12
2
6
9
4
8
7
4
5
4
3
6
7
3
4
4
6
7
6
7
2
5
14
4
5
7
6
9
5
8
4
5
7
3
6
4
6
4
3
6
2
7
5
4
4
1
8
4
7
6
4
4
9
1
4
8
3
1
5
3
2
6
2
2
8
5
6
4
5
2
4
7
3
4
12
6
1
2
4
3
5
2
4
3
6
3
9
6
2
5
4
4
4
2
3
1
2
5
5
2
2
0
5
5
6
6
2
3
8
4
3
4
4
3
3
6
4
4
2
5
2
4
4
4
4
6
1
2
2
5
0
1
6
2
4
3
2
3
3
2
2
5
4
3
3
1
4
4
3
1
2
1
2
2
3
1
5
2
4
1
6
4
3
1
6
0
0
2
4
3
3
2
3
2
1
3
4
6
3
2
0
2
4
2
1
8
2
2
4
1
7
2
4
1
4
1
2
5
5
2
5
7
2
1
3
2
5
3
1
2
1
3
2
2
0
5
3
2
2
2
2
1
2
1
3
1
4
2
2
1
2
2
1
0
3
2
1
3
2
2
1
4
1
0
0
1
3
4
5
2
3
3
3
2
3
3
2
3
4
1
2
1
3
4
3
4
0
0
3
3
5
3
1
1
1
4
6
1
2
5
2
2
2
2
2
1
1
2
1
0
0
1
0
1
0
1
1
2
4
3
0
2
1
3
3
3
2
1
4
2
0
1
2
0
3
2
0
3
1
3
2
4
2
2
2
3
0
1
4
2
5
3
1
7
1
2
2
2
2
2
5
2
3
2
2
2
4
2
3
2
1
4
2
2
0
1
2
5
3
1
2
2
2
2
2
2
1
0
2
4
4
1
1
2
2
2
1
2
2
2
0
1
1
2
1
5
2
1
1
1
0
1
1
1
2
1
2
3
1
4
1
1
0
1
1
2
1
0
1
0
2
1
0
0
2
0
0
1
0
3
2
1
0
1
0
0
2
2
2
1
2
0
3
2
2
1
1
1
0
0
1
0
1
2
2
1
3
0
1
1
0
0
2
2
1
1
2
1
2
1
1
0
0
1
0
1
1
0
1
0
0
2
1
0
3
0
3
1
0
1
2
3
0
3
1
0
0
0
2
1
0
0
1
0
1
0
2
1
0
0
0
4
1
1
2
1
0
1
1
0
1
0
1
0
2
2
0
1
3
0
0
0
1
0
2
2
4
0
1
1
0
1
0
2
1
0
2
1
1
0
1
0
1
0
1
1
0
0
1
0
2
1
0
0
1
0
1
0
0
0
0
0
2
1
3
1
0
0
1
3
1
2
1
0
0
2
1
1
0
0
1
0
2
1
0
0
1
0
1
0
0
0
1
2
0
1
0
1
0
2
2
1
0
1
0
0
1
0
0
1
0
1
1
0
0
1
0
2
1
2
2
1
1
0
0
2
0
0
1
2
1
0
1
1
1
1
0
0
2
0
0
2
0
0
0
0
1
1
1
1
2
2
2
0
1
0
0
1
0
0
1
3
0
0
1
0
0
0
1
0
0
0
1
2
1
1
0
1
2
1
1
0
0
0
0
2
0
0
1
2
0
0
1
1
2
1
1
0
1
0
1
0
0
0
1
0
0
1
1
0
1
1
0
1
0
1
0
1
0
0
0
0
0
0
0
0
0
1
0
1
1
0
0
0
0
0
0
0
0
1
1
1
0
0
0
0
1
0
0
0
1
1
0
0
1
0
2
0
1
1
0
1
0
0
0
2
0
0
0
0
0
0
0
1
1
0
0
0
0
2
0
0
0
0
0
1
0
1
0
0
0
1
0
0
1
0
0
0
0
0
0
1
0
0
0
1
0
1
0
3
0
2
0
1
1
0
0
0
1
0
2
0
0
0
1
0
0
0
0
1
1
0
0
0
1
0
0
0
0
0
0
0
0
0
1
1
0
1
0
0
0
0
0
0
0
0
0
0
0
0
1
0
0
0
1
1
0
0
1
0
0
0
1
0
1
0
0
0
1
0
0
0
2
1
1
0
0
0
0
0
1
0
1
0
1
0
1
0
0
0
0
0
0
0
0
0
0
0
1
0
1
2
0
0
0
0
1
0
1
0
1
0
0
0
0
0
1
0
0
0
0
0
0
0
1
0
0
0
1
1
0
0
1
1
0
1
0
1
0
0
1
0
1
0
0
0
1
0
0
0
1
1
0
0
0
0
0
0
0
0
0
1
0
0
0
0
0
0
0
1
1
0
0
0
0
1
0
0
0
1
0
0
0
0
0
0
0
0
0
0
0
0
1
2
0
0
1
0
0
0
0
0
1
0
0
0
0
0
0
1
0
0
0
0
0
0
0
0
0
0
0
0
0
0
