0
0
0
0
0
0
0
0
0
0
0
0
0
0
0
0
0
0
0
0
0
0
0
0
0
0
0
0
0
0
0
0
0
0
0
0
0
0
0
0
0
0
0
0
0
0
0
0
0
0
0
0
0
0
0
0
0
0
0
0
0
0
0
0
0
0
0
2
2
4
1
2
2
1
3
1
3
3
2
2
2
3
13
46
127
338
905
2134
4685
9486
17078
27564
40666
54578
66725
73166
73120
66747
55364
41031
28188
17310
9755
4993
2300
980
393
130
36
9
3
5
1
2
1
3
0
3
0
2
2
2
1
2
2
0
0
0
0
1
0
5
46
37
50
45
41
46
38
38
34
52
38
49
36
53
38
44
41
45
53
31
48
49
45
33
43
47
42
38
37
37
38
37
40
45
28
36
38
46
37
35
37
32
44
38
41
39
39
39
33
36
36
38
41
36
34
38
41
43
61
42
40
39
59
42
56
42
63
56
68
85
109
122
143
142
154
170
146
167
158
107
93
92
90
75
53
52
59
57
52
59
39
46
49
37
47
42
40
45
46
56
57
73
76
56
76
74
69
88
74
90
84
99
97
109
121
113
146
163
148
155
187
186
231
287
358
550
771
1232
1947
3236
5057
7344
10687
14449
18759
22928
26209
28962
29819
29563
27948
24511
20611
16235
12782
9498
6922
4877
3438
2518
1855
1295
996
778
592
477
406
406
411
411
575
664
829
932
1008
1074
1037
1013
916
777
663
502
380
276
210
162
130
109
99
79
70
64
63
38
42
29
33
11
25
13
12
6
12
16
12
4
5
7
10
3
8
3
6
12
8
16
9
5
11
7
9
2
8
11
5
11
9
11
12
7
10
7
12
9
16
15
13
18
17
19
26
26
25
22
30
29
30
31
16
31
19
21
21
19
23
17
22
23
23
23
28
23
14
13
20
13
19
21
19
16
20
23
21
16
16
11
17
9
8
13
8
7
7
4
6
6
5
7
7
7
4
5
6
8
8
8
6
3
7
3
5
11
5
6
4
6
2
2
2
5
5
9
3
15
14
19
23
16
14
17
26
21
29
13
21
21
21
13
11
15
5
9
11
5
11
6
7
4
8
14
10
9
8
10
12
8
6
14
13
8
7
7
5
9
8
7
8
5
4
10
7
5
8
12
5
9
4
5
6
8
4
6
3
3
3
6
5
11
9
8
11
9
8
6
4
8
8
5
11
7
5
4
3
5
6
10
3
4
6
7
5
5
5
8
10
3
7
8
6
5
2
6
5
3
5
8
7
8
4
5
5
6
7
2
2
6
3
8
7
5
8
6
5
7
2
9
8
7
6
8
4
6
8
10
8
7
2
6
11
4
14
3
8
8
6
5
5
7
10
4
7
8
6
4
4
9
6
10
4
7
6
6
12
9
11
3
5
10
6
5
8
11
10
11
16
4
5
11
11
6
10
12
9
9
9
9
13
16
7
6
12
10
13
9
10
13
4
9
7
5
8
9
12
9
7
15
13
13
12
14
14
8
11
16
9
19
19
16
14
17
13
17
16
23
10
19
15
20
16
17
10
13
13
20
14
21
16
21
15
19
14
14
16
15
18
18
21
25
18
20
21
27
21
25
24
17
17
12
15
14
12
16
13
12
22
20
13
20
9
20
13
18
20
17
14
15
22
12
20
22
25
21
22
18
23
18
18
24
24
26
22
23
28
29
19
18
23
27
26
24
32
28
30
25
31
31
36
32
21
32
29
28
12
23
29
27
30
33
29
30
30
37
30
39
26
23
42
28
28
35
26
30
32
32
28
29
35
26
40
23
35
34
47
41
25
49
29
27
44
36
44
48
36
44
49
41
37
49
38
41
37
40
45
51
41
41
34
43
56
55
56
53
45
40
55
53
67
65
68
59
66
58
65
60
76
82
50
60
72
70
53
78
60
76
78
66
76
74
77
78
83
84
76
88
92
79
83
96
95
98
77
97
79
85
73
93
93
99
83
106
88
102
92
71
80
91
80
75
109
94
75
106
89
87
105
91
77
94
92
83
73
78
71
71
72
73
65
81
77
76
77
82
67
71
69
83
77
87
66
86
87
65
75
63
90
65
65
79
76
64
68
56
63
82
77
74
66
64
62
66
86
65
61
84
56
72
71
73
61
73
78
75
79
62
69
72
74
76
71
69
78
78
70
75
70
94
60
67
65
69
70
67
66
74
70
73
65
80
72
65
74
79
75
69
67
78
63
68
73
69
78
86
71
86
75
82
57
53
75
82
75
71
88
66
78
94
92
68
89
98
73
74
85
87
84
87
88
93
81
98
91
90
93
83
105
107
116
110
132
145
188
220
241
335
352
433
565
699
828
962
1116
1304
1473
1611
1763
1825
1988
2006
2135
2150
2010
2018
1877
1705
1513
1434
1278
1118
869
815
619
488
450
311
307
217
194
179
146
134
112
112
96
108
114
114
88
88
99
103
110
94
100
84
95
94
98
116
100
116
103
103
96
97
101
125
102
86
98
102
110
86
115
80
116
125
116
114
103
110
103
89
111
119
111
111
125
100
96
121
108
97
114
99
118
117
107
126
125
111
132
128
138
134
129
161
210
173
193
207
227
257
280
271
305
321
348
384
409
390
388
367
391
368
359
370
323
317
301
271
248
245
212
200
196
159
170
135
159
137
153
131
136
132
140
150
139
147
174
145
144
132
170
138
145
135
147
125
162
179
155
128
161
151
154
167
154
151
150
148
151
171
166
161
169
169
172
192
168
174
201
202
165
169
181
186
188
187
201
168
181
231
183
220
199
213
214
226
222
239
213
236
231
210
231
251
248
241
243
255
222
259
263
247
280
229
247
255
249
277
264
290
233
255
253
285
251
286
257
264
248
253
231
275
252
292
253
233
244
231
227
194
230
228
240
243
197
201
218
215
219
178
212
180
215
190
189
187
187
172
173
201
176
165
154
180
180
170
165
163
199
159
169
168
180
170
162
151
156
136
165
168
132
147
170
158
174
174
155
167
156
141
142
151
163
145
165
145
158
150
149
158
161
170
146
137
154
144
159
159
148
150
162
142
140
147
149
137
175
149
145
162
154
147
149
194
168
143
146
150
176
140
155
140
149
156
148
149
161
160
143
154
146
153
161
159
159
139
144
156
183
143
158
169
156
168
156
161
167
162
139
153
140
149
161
154
167
185
136
172
152
131
148
148
134
153
156
147
149
175
163
160
156
153
164
152
185
152
154
176
172
152
156
182
169
199
171
167
161
177
179
175
175
178
152
175
173
156
184
174
161
167
160
194
169
181
181
188
188
185
186
193
184
160
196
205
177
176
196
173
178
191
179
202
215
179
186
167
191
201
178
176
203
160
177
201
213
205
206
215
200
197
208
178
197
201
221
202
184
198
181
212
200
201
209
173
190
216
202
180
190
189
191
195
192
164
190
191
218
187
202
172
186
191
169
192
206
190
190
196
200
186
208
222
199
172
206
202
199
180
180
178
183
198
186
211
185
201
196
202
219
196
192
228
185
186
232
216
207
216
209
216
220
204
209
213
209
227
214
208
233
233
213
230
228
230
221
214
219
234
247
244
244
242
244
237
267
239
254
227
235
231
235
261
239
269
231
244
240
241
256
259
259
262
237
226
256
245
217
252
230
244
222
234
206
240
243
214
274
238
233
209
240
225
264
215
215
209
223
221
227
210
259
186
241
189
214
215
222
222
199
245
218
213
229
220
229
196
196
190
198
211
219
194
214
208
196
193
174
207
203
180
219
199
186
216
218
185
222
201
203
215
218
224
191
203
172
175
194
190
187
180
200
194
201
194
208
197
209
192
170
199
191
197
205
198
177
205
185
185
193
212
203
183
187
197
213
195
211
205
188
195
191
173
175
194
211
186
180
204
183
200
199
206
175
201
197
207
189
207
182
194
187
204
207
176
184
183
195
190
185
189
188
168
211
190
171
183
167
185
179
196
212
179
175
184
209
190
207
167
202
206
186
171
175
158
206
195
188
183
187
192
148
180
178
176
189
200
181
191
201
166
183
200
185
190
197
204
177
203
185
178
184
200
194
186
194
180
210
208
210
164
200
185
194
165
213
182
232
184
206
199
195
175
188
193
201
202
186
202
208
196
193
199
167
207
179
176
199
189
215
167
203
210
196
191
196
220
212
187
185
201
165
163
193
201
222
190
204
225
199
222
215
167
199
182
202
205
209
220
206
217
216
202
198
183
194
209
224
207
187
203
192
199
193
228
194
203
186
205
197
208
193
207
227
211
209
172
210
207
201
199
201
204
225
206
198
184
215
199
249
200
209
245
242
243
233
244
223
182
236
236
246
225
258
251
240
213
236
241
253
226
235
256
268
236
224
243
270
226
268
274
252
266
248
237
264
287
278
296
247
283
275
316
267
249
287
284
267
307
279
283
280
311
290
325
341
343
318
311
330
315
303
316
349
356
383
341
347
364
381
377
422
406
421
441
436
397
462
461
467
471
489
489
488
533
532
569
576
573
609
609
604
691
690
686
728
745
742
796
807
810
879
883
867
897
911
975
984
1007
1053
1039
1124
1057
1082
1109
1127
1169
1114
1180
1222
1179
1178
1140
1130
1141
1152
1143
1125
1139
1172
1185
1086
1151
1135
1032
1063
1066
993
1058
1010
924
916
907
882
896
870
831
770
807
786
696
721
724
620
619
643
620
585
536
561
552
513
499
475
468
433
392
406
418
405
374
374
351
325
348
348
304
338
303
284
302
270
314
319
295
298
287
240
264
263
261
242
236
263
229
240
204
257
213
232
257
246
200
192
206
207
189
197
218
188
174
172
172
166
194
183
206
204
186
170
193
181
200
207
206
194
191
245
214
233
226
229
258
267
288
282
286
290
293
346
318
298
366
341
346
345
390
380
401
389
374
408
373
403
339
334
374
329
365
321
355
309
271
272
235
243
242
209
210
189
167
182
167
153
168
156
161
137
148
120
132
124
121
127
145
108
115
130
139
143
137
137
132
135
113
145
135
129
139
128
147
152
126
139
145
133
144
135
161
147
161
160
169
172
137
165
171
154
164
169
169
179
190
210
164
201
184
190
184
191
186
198
200
235
216
231
227
192
214
199
198
226
202
230
234
242
239
226
233
197
238
200
207
225
210
204
218
205
206
197
189
212
202
171
186
187
159
176
187
172
155
174
179
169
173
166
167
152
135
151
129
124
136
133
158
131
131
113
121
111
103
125
107
107
120
101
91
102
111
96
108
98
101
85
86
88
84
101
100
85
77
85
88
91
71
60
86
76
95
63
79
72
62
79
66
60
72
64
63
74
70
66
52
50
69
67
65
52
55
69
74
56
60
58
61
59
59
57
54
68
58
64
49
45
53
62
52
47
55
53
45
51
62
46
61
48
55
66
58
41
43
58
41
44
44
46
47
50
42
53
58
54
56
67
53
43
51
39
57
46
61
54
57
64
63
52
76
52
67
77
59
56
83
69
69
51
71
69
61
86
66
60
60
43
48
49
54
48
61
45
41
50
43
29
42
48
39
48
42
39
41
38
40
26
39
41
38
34
32
43
49
34
34
38
32
38
43
41
34
25
36
30
32
43
33
33
35
37
42
46
31
28
35
32
24
35
42
29
31
25
29
40
33
28
34
36
29
30
25
40
37
33
38
32
42
22
29
25
25
32
22
26
36
31
24
25
28
23
33
25
42
29
34
29
33
32
18
32
29
26
23
33
31
28
36
26
36
25
19
19
25
26
33
15
19
33
33
19
30
27
23
24
30
30
22
22
20
27
21
27
26
25
24
18
22
20
28
29
25
24
21
18
21
18
26
26
32
20
28
21
26
19
27
21
23
16
24
23
22
23
20
28
27
20
34
25
22
24
17
26
23
19
32
22
23
25
23
28
22
23
19
25
23
17
30
21
21
17
21
21
17
16
25
15
17
23
18
22
29
18
25
23
20
27
27
23
10
22
17
29
23
20
22
19
29
17
17
24
14
15
23
22
17
28
19
23
9
18
15
17
22
19
14
26
11
23
19
20
26
15
21
25
19
20
17
22
26
20
25
18
15
10
21
21
18
18
19
22
14
14
19
22
20
18
19
16
15
15
21
14
21
19
18
22
19
24
19
11
16
21
16
15
22
18
14
19
14
21
15
18
18
22
16
17
17
15
20
18
20
11
18
21
13
21
17
12
19
19
7
16
16
21
14
9
22
5
15
13
15
17
13
20
21
16
14
15
10
18
17
13
20
14
19
15
10
17
19
15
22
22
11
15
13
11
12
18
18
14
17
15
15
9
11
19
7
12
16
17
13
16
19
17
16
17
19
9
22
13
11
12
14
7
6
12
11
17
14
8
16
11
19
12
17
16
13
17
15
16
19
8
18
13
17
8
16
12
13
10
14
11
13
14
8
7
21
13
13
12
10
4
12
13
12
15
18
16
7
13
10
9
15
15
6
7
11
8
13
15
18
12
12
10
9
9
14
14
13
9
14
10
12
11
10
14
10
14
18
9
10
13
8
5
7
8
14
9
8
15
12
10
10
10
14
9
5
10
19
16
9
10
13
8
12
6
9
8
5
12
15
3
11
5
16
5
8
12
11
12
17
5
6
10
11
13
6
13
6
3
10
7
11
11
7
12
16
11
16
7
6
16
14
9
17
13
11
6
7
8
7
4
6
9
10
8
7
5
13
8
8
11
11
9
9
5
6
9
17
5
8
7
8
14
9
11
6
12
10
6
10
9
10
10
9
6
8
7
9
11
5
12
10
10
4
7
6
7
5
8
10
13
10
4
9
9
6
6
8
3
5
5
9
10
10
10
8
9
12
5
9
7
5
10
10
4
6
6
5
1
9
12
5
7
10
9
9
9
12
11
8
6
10
5
7
13
5
5
6
7
5
6
7
6
5
11
7
9
6
9
5
4
4
5
6
8
10
8
6
1
6
8
3
5
3
4
4
5
6
6
9
5
11
10
8
6
5
4
4
6
10
6
11
4
9
5
9
5
9
2
9
3
3
8
7
5
2
4
7
5
6
1
10
4
4
4
5
8
7
16
8
4
6
7
8
4
8
2
8
4
5
3
4
5
5
3
1
2
3
4
5
6
3
9
6
5
5
8
6
3
5
6
4
8
4
6
5
5
4
6
9
3
6
3
5
4
3
3
5
5
5
2
6
5
6
6
3
4
9
4
8
2
7
4
4
3
4
6
5
2
5
5
3
3
6
6
6
6
8
4
4
8
5
1
2
5
3
2
5
4
5
3
3
3
1
1
5
2
6
3
2
4
3
3
6
3
1
5
7
1
2
3
7
3
4
5
4
7
3
3
6
4
3
3
3
6
4
5
1
2
4
5
3
5
3
3
4
4
6
5
3
3
4
3
1
5
8
6
4
7
4
2
2
0
4
4
5
2
5
4
4
2
1
4
3
6
4
5
3
2
3
1
2
6
6
3
3
3
6
3
3
2
3
0
3
3
1
0
0
2
2
4
5
3
2
3
2
2
1
2
3
3
4
0
3
3
2
4
0
3
5
0
1
2
0
7
0
8
3
1
3
3
1
5
3
2
5
2
2
1
0
4
3
7
3
4
1
3
3
1
1
0
4
2
2
4
3
2
2
2
0
3
2
1
3
1
3
0
4
1
5
3
2
4
4
1
1
2
2
4
3
2
1
1
2
4
0
1
2
5
3
4
1
4
2
4
4
3
1
3
6
0
2
1
1
3
3
2
3
3
1
4
2
2
1
0
2
2
2
0
2
2
2
0
3
2
4
7
4
4
2
3
0
3
4
4
0
1
1
4
4
1
2
1
2
2
4
2
0
0
2
0
0
2
1
3
1
1
1
3
3
2
2
0
2
1
1
1
1
3
1
0
1
2
2
2
2
3
2
1
0
3
0
1
2
2
2
3
6
1
2
1
2
0
2
3
1
1
5
1
1
2
1
1
0
3
1
2
3
0
1
0
1
0
1
0
0
1
0
1
2
1
1
2
1
0
1
4
2
3
1
0
1
2
4
2
0
1
0
3
1
0
2
3
2
3
3
2
1
2
1
0
5
2
2
1
1
0
1
1
2
1
0
3
1
1
2
3
1
1
2
0
0
1
2
0
1
1
3
1
0
1
0
3
1
2
2
0
1
0
0
1
3
1
2
1
0
2
2
2
0
0
1
0
1
4
0
1
1
2
1
0
1
0
0
2
2
0
2
3
0
2
0
0
0
0
1
1
1
2
0
1
1
1
2
3
3
1
1
1
2
0
0
0
0
4
1
1
0
2
1
0
0
1
0
1
3
3
4
1
0
0
1
0
0
2
0
2
0
2
1
0
1
1
0
1
0
0
3
1
0
1
0
1
2
1
2
0
1
0
1
0
1
0
0
0
0
0
0
2
0
1
0
0
1
0
3
1
0
2
1
1
1
0
1
0
0
0
0
0
0
2
0
1
0
0
0
0
0
0
1
1
0
0
1
2
0
2
0
2
0
1
1
0
0
1
0
1
0
0
1
0
0
0
2
0
1
0
1
2
0
3
0
1
1
0
0
0
0
0
0
2
0
1
0
0
1
1
0
2
0
0
2
0
1
0
0
1
0
1
1
0
0
0
0
0
0
1
1
0
0
1
0
0
0
0
0
0
0
0
0
0
1
1
0
0
2
0
1
0
0
0
0
0
1
1
1
0
0
0
0
0
0
0
0
0
0
0
1
0
0
0
1
0
0
0
0
0
0
0
0
0
0
0
0
0
0
0
0
1
0
1
0
1
1
0
1
0
0
0
2
0
0
0
0
1
0
2
0
1
0
0
0
0
1
0
0
0
0
0
0
0
0
0
2
0
0
0
0
1
1
2
0
0
0
0
1
1
0
1
0
0
0
0
0
2
0
0
0
0
0
0
1
0
0
0
0
0
0
0
0
0
1
0
0
0
1
0
1
1
1
1
1
1
0
0
1
1
0
0
0
0
0
0
0
0
0
0
0
0
0
0
0
0
1
0
1
2
1
0
0
1
0
1
0
0
0
0
0
1
0
0
0
2
1
0
0
0
2
0
0
0
1
0
1
0
0
0
0
0
1
0
0
0
0
0
0
1
0
0
0
0
1
0
0
0
0
0
1
0
0
1
0
0
0
0
0
1
0
0
0
0
0
0
0
0
0
0
0
0
1
0
0
1
0
0
0
0
0
0
1
0
0
1
0
0
0
0
0
1
0
0
0
0
1
0
0
0
0
0
0
1
1
0
0
0
0
0
0
0
0
0
0
0
0
0
0
0
0
0
1
0
0
0
1
1
0
0
0
0
0
0
1
0
0
0
0
0
0
0
0
0
0
0
1
0
0
0
0
0
0
0
0
0
0
0
0
0
0
0
0
0
2
0
0
0
1
0
1
0
0
1
0
1
0
