0
0
0
0
0
0
0
0
0
0
0
0
0
0
0
0
0
0
0
0
0
0
0
0
0
0
0
0
0
0
0
0
0
0
0
0
0
0
0
0
0
0
0
0
0
0
0
0
0
0
0
0
0
0
0
0
0
0
0
0
0
0
0
0
0
1
0
1
0
0
0
0
2
1
2
4
2
0
3
1
3
9
10
41
139
387
980
2304
5021
9619
16977
28080
40691
54250
66027
73473
73184
66533
54945
40890
27997
17327
9764
5056
2317
922
362
141
42
11
9
4
1
1
1
1
1
1
0
0
0
0
0
0
0
0
0
0
1
0
0
8
65
68
52
42
59
43
47
48
53
38
51
46
46
33
46
53
44
44
42
36
45
46
37
49
27
33
36
33
41
36
38
35
37
38
39
35
35
41
34
42
32
39
36
33
34
42
29
26
36
37
37
31
30
38
38
34
41
41
61
41
46
31
46
47
41
34
67
50
85
75
104
114
163
149
150
146
163
131
154
147
108
102
84
62
60
72
49
47
41
32
42
45
42
46
40
47
40
34
42
43
66
56
55
54
58
77
61
54
61
63
100
99
96
99
101
117
125
112
128
137
191
156
153
223
263
402
640
1113
1782
2857
4582
7041
9980
13805
17615
21865
25295
27819
28627
28232
26303
23477
19740
16131
12270
9137
6515
4644
3313
2367
1714
1305
943
670
493
379
348
325
339
391
563
636
794
896
985
1153
1078
956
930
743
676
504
407
301
206
161
142
133
84
86
81
55
62
47
34
37
22
14
19
8
9
8
6
14
11
9
13
8
12
11
7
6
10
15
6
9
7
6
10
10
6
8
9
13
9
5
10
11
15
8
7
2
7
9
8
9
12
16
13
13
18
20
23
30
20
28
20
22
28
16
14
19
15
22
22
29
18
24
14
26
21
10
13
25
19
21
15
25
18
10
10
27
25
15
11
14
12
4
9
7
11
9
7
6
6
10
5
7
1
5
9
3
5
4
1
3
8
4
7
3
7
8
6
4
6
8
5
7
8
4
9
5
5
14
15
12
20
19
21
17
27
20
15
20
18
21
25
17
15
11
14
8
9
7
5
3
17
11
7
10
9
9
6
9
10
7
11
9
10
5
12
10
7
8
13
5
5
2
3
7
4
3
5
3
6
6
3
5
5
5
10
3
3
2
9
8
13
7
0
5
5
3
8
8
6
11
5
3
9
8
9
9
8
3
3
7
3
4
6
6
5
8
4
12
6
5
6
8
7
10
4
11
7
5
2
8
7
5
5
7
5
4
6
9
7
6
7
5
7
10
7
10
3
6
6
6
7
9
8
8
3
3
7
5
5
8
3
7
6
7
10
5
6
7
5
7
4
5
9
7
4
8
7
7
6
7
9
3
8
7
6
7
7
3
4
8
11
13
12
10
9
5
7
6
6
8
8
6
12
7
3
10
10
7
4
11
9
11
10
9
11
9
11
7
4
12
10
11
6
15
13
10
12
20
9
10
12
11
10
11
9
8
8
10
8
13
12
13
18
9
16
18
21
12
17
16
12
12
23
13
19
15
15
21
28
22
22
13
23
26
23
16
24
18
25
23
23
22
20
19
25
21
20
35
20
23
27
20
19
16
20
12
23
20
24
17
25
15
20
17
18
11
19
13
22
26
24
11
10
19
19
28
13
20
15
16
23
18
18
18
21
20
14
22
15
20
21
23
26
15
26
32
20
21
31
27
26
19
21
26
26
19
17
26
15
32
23
28
24
23
24
25
28
26
19
35
21
21
28
28
28
29
28
20
34
27
28
29
35
32
39
27
33
22
39
33
31
34
35
39
39
33
38
32
35
31
33
31
36
42
31
42
49
34
37
35
34
44
48
31
38
52
50
55
39
47
40
54
56
45
58
62
46
46
57
47
61
51
59
58
66
62
70
58
81
55
66
105
85
89
108
115
102
107
128
132
130
143
149
154
147
155
129
141
138
150
132
113
125
114
120
110
109
92
92
90
99
87
83
100
83
78
93
81
78
87
90
82
71
77
85
84
80
91
71
74
73
86
81
73
81
63
79
94
76
73
74
84
84
83
76
84
97
82
75
87
86
61
79
64
75
75
73
79
70
81
75
82
67
81
80
75
65
74
64
71
71
78
102
57
76
76
67
67
69
78
76
74
81
56
56
84
78
72
78
71
76
74
46
81
78
78
67
73
81
85
74
76
75
67
74
75
93
100
71
73
85
70
76
75
88
72
78
76
72
77
65
73
84
72
80
78
86
69
66
77
77
84
87
84
95
90
83
79
79
90
84
87
75
86
100
81
93
87
104
112
126
141
144
139
180
226
255
319
437
495
582
691
822
941
1108
1357
1432
1552
1779
1881
1945
1975
2008
1997
1968
1882
1811
1634
1517
1323
1236
1075
904
724
627
577
420
362
279
242
201
165
158
165
116
137
104
109
101
115
102
92
114
90
94
106
122
116
117
129
111
113
106
127
98
109
97
114
105
111
105
134
130
122
103
125
105
148
114
120
110
122
121
112
104
111
123
95
115
99
98
115
115
126
124
102
124
124
105
101
113
119
132
137
133
121
138
151
147
171
159
187
187
187
193
226
276
277
306
328
347
354
346
366
379
386
357
312
340
348
308
270
271
234
243
251
215
185
144
192
176
166
136
143
127
124
154
122
128
116
150
145
158
143
145
138
136
122
148
140
143
154
146
141
156
144
168
148
130
147
146
144
162
143
155
157
146
156
152
157
172
160
157
145
155
179
181
177
155
173
153
185
192
161
186
165
154
190
164
186
194
194
208
180
208
175
188
187
200
174
203
192
186
208
169
203
195
196
191
172
191
206
218
205
232
214
228
261
235
232
241
243
234
270
270
244
246
240
232
237
276
246
274
291
255
253
268
300
271
310
289
283
283
280
277
259
319
236
297
260
271
276
254
280
264
277
272
289
273
265
267
265
266
258
265
246
244
241
257
249
238
232
261
236
228
233
226
230
248
250
213
214
221
223
196
181
208
180
170
195
195
198
192
186
180
192
151
191
148
166
172
158
128
141
165
183
192
150
162
169
172
143
175
156
166
162
178
158
163
154
167
153
179
177
149
146
154
143
163
157
156
166
173
176
166
140
162
151
158
175
191
195
172
176
164
175
163
201
196
170
202
181
181
182
173
181
198
200
189
200
206
219
224
211
192
166
205
207
207
212
221
233
216
235
207
188
229
197
235
220
203
238
203
208
246
232
224
192
208
221
225
228
196
215
210
199
237
199
219
216
205
224
206
165
215
204
186
190
218
198
201
208
205
202
221
215
213
160
213
196
184
188
165
206
194
188
189
183
197
177
170
190
179
179
173
170
176
171
174
180
168
179
167
193
190
170
171
181
187
183
155
157
190
184
153
172
170
176
166
178
165
162
183
163
168
188
188
151
185
169
174
142
160
175
168
192
176
177
192
184
192
187
182
163
182
188
187
180
187
159
178
203
210
190
211
174
162
183
163
161
194
189
196
178
175
175
198
175
183
196
170
180
195
189
171
157
199
163
175
171
166
183
197
183
196
170
207
198
186
187
184
164
194
199
175
181
198
188
171
202
164
191
176
184
226
198
161
187
193
182
212
204
193
197
218
191
199
208
181
217
201
210
214
228
207
214
183
195
200
199
195
201
220
209
201
184
228
194
225
202
225
181
220
201
216
219
213
210
223
222
226
243
205
207
202
195
206
207
210
223
230
223
205
241
228
200
198
232
210
231
211
201
229
219
246
221
213
202
225
216
212
198
209
232
211
198
219
216
234
232
217
219
202
214
208
196
191
186
216
224
201
202
193
200
199
214
202
220
193
206
198
201
208
216
194
187
190
192
175
186
193
190
194
181
203
180
194
205
199
179
209
218
187
193
174
200
170
184
203
188
176
162
191
179
184
211
218
182
182
188
173
172
172
178
193
173
179
168
158
187
206
189
176
179
199
202
196
193
182
167
171
171
175
213
206
199
206
185
195
160
202
177
180
177
207
188
199
185
206
175
195
183
172
191
194
198
179
212
221
202
172
186
165
202
205
211
161
200
192
197
193
198
204
181
207
172
169
195
191
180
206
205
192
185
201
200
201
174
183
192
205
191
185
201
184
175
198
212
210
180
187
191
176
184
184
175
190
185
200
178
217
186
213
202
195
182
192
182
194
198
206
160
186
183
197
172
204
180
194
189
197
194
182
222
173
163
224
190
209
201
219
194
181
203
181
189
188
187
187
191
188
197
236
215
206
174
183
196
194
203
216
211
209
188
221
199
219
191
217
212
219
204
231
182
235
225
197
224
193
212
218
233
211
213
242
215
212
229
237
242
242
213
214
215
232
251
229
275
252
234
213
255
253
256
245
247
268
229
236
224
273
282
249
265
299
301
249
258
252
289
242
263
271
274
282
297
294
290
326
296
275
301
310
331
336
357
323
313
325
327
343
335
325
368
392
399
354
376
393
419
406
387
436
463
472
447
462
501
511
494
479
538
548
561
564
566
667
672
653
681
706
764
722
748
736
837
822
862
872
873
959
960
977
1007
1018
980
1030
1081
1058
1068
1068
1050
1116
1124
1165
1187
1155
1161
1157
1195
1155
1138
1210
1116
1120
1178
1132
1065
1068
1134
1058
1089
946
943
946
990
950
973
898
848
883
842
795
731
740
721
690
655
598
665
630
611
630
537
533
512
514
482
440
462
462
446
428
455
388
356
351
328
339
316
351
314
318
314
342
286
294
288
294
280
289
325
285
240
256
240
215
248
234
247
234
230
211
233
207
217
239
203
210
190
187
229
218
183
185
185
203
213
198
196
193
173
192
183
172
196
197
192
203
205
203
235
249
229
255
231
295
253
264
294
308
318
333
371
366
405
405
373
405
417
394
394
453
392
420
436
422
424
396
424
411
414
393
372
370
326
322
310
319
292
249
250
251
202
195
188
179
178
155
154
139
157
148
124
135
141
98
131
130
104
116
139
121
121
139
134
136
132
110
120
122
138
146
139
136
141
151
142
170
144
155
156
146
149
165
176
145
174
170
151
154
174
159
159
187
171
180
190
214
184
186
197
209
187
197
223
188
192
201
232
187
209
196
220
196
220
209
210
197
219
231
210
238
208
185
219
209
188
196
190
201
185
219
209
202
184
200
178
177
182
196
171
165
173
141
179
188
158
154
142
150
150
159
146
131
140
151
156
151
134
126
118
117
112
126
116
104
120
109
109
104
113
98
102
112
116
95
86
97
91
96
84
98
90
83
87
86
87
83
91
94
81
92
64
75
79
66
72
65
72
73
52
72
65
69
67
64
59
64
60
77
55
65
59
59
49
62
60
76
63
53
52
53
56
59
62
69
59
48
59
52
58
47
61
53
35
49
62
55
43
44
68
55
48
49
31
52
54
54
61
36
56
48
44
45
44
40
50
50
68
62
47
57
58
41
51
59
50
55
49
66
70
71
63
69
74
81
68
76
77
66
62
62
61
53
55
51
47
55
40
54
63
47
52
47
49
46
57
38
46
43
42
49
38
43
41
42
42
35
38
39
44
42
50
38
30
35
37
30
40
44
43
48
34
47
29
31
37
37
39
34
36
38
42
29
35
30
39
30
40
29
33
26
36
30
28
27
23
31
31
32
43
28
41
19
29
27
31
34
18
31
42
27
28
36
30
26
34
26
31
31
27
32
29
33
29
21
25
36
36
32
30
32
23
38
37
18
28
30
25
34
26
29
25
29
28
26
38
30
25
26
34
23
32
21
35
20
28
31
23
22
29
27
25
22
33
34
24
26
32
21
22
26
21
21
23
18
22
19
23
29
26
24
26
27
24
33
21
21
19
24
20
20
25
33
32
23
27
28
22
25
22
17
31
26
20
18
20
25
16
17
21
23
28
23
27
18
19
27
20
20
19
20
28
26
17
13
22
14
22
18
34
27
20
22
29
24
19
21
19
22
17
26
26
22
26
24
17
19
33
22
26
20
19
21
23
15
23
34
17
18
24
19
29
12
17
22
20
29
21
13
36
17
22
16
16
12
23
23
18
20
18
20
18
26
26
15
15
24
14
14
15
18
22
25
24
19
18
23
22
16
18
23
23
20
24
15
17
16
20
13
12
21
22
19
18
23
18
18
22
15
14
27
18
18
18
23
26
15
13
13
14
17
13
18
18
14
15
20
18
7
11
7
13
13
14
15
13
20
18
9
12
20
19
9
21
10
10
23
15
8
12
15
14
17
13
14
13
9
16
12
17
7
12
10
24
16
13
16
18
18
13
9
11
13
21
17
12
19
16
14
11
17
10
17
15
18
14
11
19
16
19
9
13
15
10
15
16
16
6
12
15
17
18
18
9
17
9
18
18
16
17
20
13
8
17
9
16
17
18
10
12
8
14
9
9
7
12
13
11
7
13
12
16
13
15
10
15
15
13
12
19
12
15
1
9
10
7
11
9
10
8
14
11
8
11
17
22
9
8
10
7
10
18
9
15
9
9
17
12
8
9
9
11
15
7
14
9
12
12
7
12
10
12
14
13
9
9
10
10
8
16
15
15
16
7
7
6
5
8
16
7
10
8
8
5
9
14
11
14
9
14
12
7
9
8
13
12
9
12
8
8
9
10
9
11
6
7
6
11
7
10
11
12
9
8
14
11
11
13
10
11
12
6
3
7
13
8
15
12
4
13
5
7
4
7
9
10
9
13
13
10
8
6
14
9
6
7
5
7
11
8
6
7
6
9
9
12
5
7
11
8
2
11
2
10
10
10
9
6
6
11
6
5
10
9
5
9
6
3
13
15
8
3
7
9
7
6
14
9
7
9
5
7
9
6
8
9
9
10
5
9
8
11
6
7
6
5
9
7
11
3
14
6
7
3
10
9
9
5
10
10
7
6
4
11
5
14
14
9
5
4
9
7
1
4
2
5
4
7
5
3
7
10
6
4
6
3
17
4
5
8
5
11
7
6
4
8
2
7
1
3
5
5
7
2
2
10
3
6
5
2
7
4
6
7
7
6
3
4
5
7
7
6
11
6
5
4
7
4
7
3
6
7
7
6
7
8
4
5
4
4
6
6
4
8
8
9
7
4
6
4
5
5
5
4
8
5
9
5
6
4
2
6
6
2
2
11
4
8
6
5
5
4
7
4
7
3
5
6
6
3
5
7
5
4
6
5
5
2
2
6
5
3
5
2
1
6
4
4
4
5
5
6
4
1
5
3
6
3
0
2
2
3
4
5
3
1
1
7
2
1
1
2
5
2
4
2
4
3
3
4
3
4
3
1
3
5
1
1
6
5
2
2
3
5
2
2
6
1
1
4
6
5
1
1
4
3
3
3
5
1
4
0
2
6
4
6
2
3
6
3
4
4
2
3
2
5
2
6
4
4
4
3
2
2
5
2
3
0
2
5
2
4
0
2
5
5
2
4
2
4
3
5
4
3
1
0
2
5
4
2
1
2
5
4
1
4
2
2
4
2
2
7
3
2
2
1
2
2
4
4
4
3
3
5
4
4
2
3
1
5
2
4
5
2
1
3
6
2
4
4
2
5
5
0
3
3
1
2
3
0
3
5
1
10
2
2
3
5
5
3
3
3
1
1
4
2
3
0
3
2
4
4
1
2
5
3
5
2
4
3
6
4
5
2
6
5
5
2
0
2
2
0
2
2
2
1
4
2
3
5
3
1
0
2
0
4
1
3
0
3
0
4
8
1
0
0
0
4
1
2
4
3
2
0
1
7
0
2
1
2
5
4
2
0
4
0
4
1
3
2
1
1
4
6
1
3
0
2
4
0
1
2
0
1
1
1
1
3
1
3
0
3
2
2
2
2
0
0
1
4
1
3
3
1
2
3
4
3
6
4
0
3
3
0
3
1
1
1
2
4
3
2
4
0
2
6
4
1
0
1
1
1
2
1
1
0
4
0
0
1
1
1
2
1
2
4
3
0
0
2
2
1
1
1
0
3
4
2
0
1
6
3
0
3
1
1
1
3
1
2
1
0
1
3
4
0
1
1
2
1
1
3
2
2
0
2
1
1
3
0
2
0
0
2
1
0
2
0
2
1
1
1
3
2
2
1
0
1
1
0
0
2
1
0
2
2
4
0
1
0
3
0
0
1
0
2
2
0
1
4
2
2
1
0
0
0
0
0
1
0
1
3
2
0
0
1
1
1
1
2
2
0
3
0
1
2
1
1
2
1
1
0
1
2
3
2
0
1
1
2
0
0
0
2
0
0
1
1
1
0
1
1
0
1
1
0
0
0
5
1
1
0
1
2
2
3
0
0
2
4
0
0
1
2
0
0
0
0
2
2
2
0
2
0
1
0
2
0
1
2
0
2
1
1
0
0
0
1
0
1
2
0
1
0
0
0
1
3
0
1
1
0
0
0
0
0
1
1
0
1
2
1
0
0
1
1
0
0
0
4
2
0
1
0
0
0
1
1
1
0
0
1
0
0
1
1
1
2
1
0
0
2
0
0
0
1
0
1
0
0
0
0
0
0
0
2
0
1
0
0
0
0
0
0
0
1
0
0
0
1
1
0
0
1
3
0
1
0
0
2
1
2
1
0
0
1
1
1
1
0
1
2
0
1
0
0
1
1
0
2
2
1
0
0
0
0
1
0
0
1
1
1
1
1
0
1
0
0
1
0
0
1
0
0
1
2
1
3
0
1
1
1
0
0
1
2
0
1
0
0
1
0
2
0
0
0
1
1
0
1
0
1
1
0
0
0
2
0
0
2
2
0
0
0
1
0
1
0
0
0
0
0
4
0
1
1
1
0
0
0
0
0
1
0
0
1
0
0
0
2
0
0
1
1
0
0
0
0
1
0
0
1
2
0
0
0
0
0
0
2
3
0
0
0
0
0
0
1
0
0
0
0
0
0
0
0
1
0
1
0
0
0
1
1
0
0
0
0
0
1
1
1
1
0
0
1
0
0
0
0
0
0
0
0
1
0
1
2
0
0
0
1
0
2
0
0
0
0
0
1
0
0
0
0
1
0
0
0
0
0
0
0
0
0
0
1
2
0
1
0
0
1
0
0
0
0
1
0
0
0
0
1
0
1
1
0
0
1
1
0
0
0
0
0
0
1
0
1
0
0
0
0
0
0
0
0
0
1
1
0
0
0
0
0
0
0
0
0
0
0
0
0
0
0
0
0
0
1
0
1
0
0
0
0
0
0
0
0
0
0
2
0
0
1
2
0
0
0
0
0
0
0
0
1
0
0
1
0
1
0
0
1
0
2
0
1
0
0
0
0
1
0
1
0
0
0
0
0
0
0
0
1
1
0
0
0
0
1
0
0
0
0
0
0
0
1
0
0
1
0
1
0
0
0
0
0
0
0
0
0
0
0
1
2
0
0
0
0
0
0
0
0
0
0
2
0
