0
0
0
0
0
0
0
0
0
0
0
0
0
0
0
0
0
0
0
0
0
0
0
0
0
0
0
0
0
0
0
0
0
0
0
0
0
0
0
0
0
0
0
0
0
0
0
0
0
0
0
0
0
0
0
0
0
0
0
0
0
0
0
0
0
0
0
0
0
1
1
0
2
0
3
0
3
3
4
4
1
12
14
31
120
341
874
2256
5006
9614
17012
27668
40821
54634
66252
73113
72998
66708
54478
41303
28007
17437
9948
5118
2303
1013
407
128
39
12
3
2
0
3
1
1
0
0
2
0
0
2
0
0
0
0
0
0
0
0
0
4
58
56
46
47
48
41
42
32
43
50
45
44
38
55
46
47
44
39
45
40
58
33
32
49
62
37
45
48
46
36
39
29
46
36
30
38
31
43
36
38
36
25
44
27
32
35
34
29
41
31
37
28
32
42
37
43
44
30
38
46
37
41
39
43
34
46
41
63
70
81
108
126
141
135
150
173
180
158
146
123
114
103
65
82
52
69
51
42
49
61
45
36
40
47
38
45
48
49
42
41
68
49
60
47
57
59
57
77
75
86
83
82
92
112
89
96
133
144
135
127
163
148
169
188
272
461
673
1091
1842
2975
4720
7086
10394
13757
17902
21986
25346
28052
28425
28570
26600
23556
19719
15883
12351
9028
6548
4696
3250
2399
1744
1290
953
710
521
364
302
361
367
447
547
665
818
966
1035
1076
1009
1018
934
819
692
538
396
315
241
169
164
102
128
87
66
68
57
47
39
30
20
28
16
5
7
10
6
6
6
8
12
12
9
4
8
6
5
7
7
10
4
4
11
7
2
7
6
8
9
6
5
5
6
9
5
13
8
9
13
9
13
18
17
16
19
29
30
27
21
24
29
18
26
21
14
27
17
16
16
23
29
18
22
24
22
18
24
25
16
23
13
17
17
15
15
17
16
18
14
20
11
12
10
7
4
14
10
11
9
6
4
7
8
5
5
8
9
4
13
3
6
2
4
7
3
0
8
2
6
10
7
2
3
6
3
4
12
11
11
12
11
21
34
23
13
16
16
29
18
23
17
9
10
11
13
8
8
4
10
6
9
10
7
7
13
15
19
9
11
5
11
7
11
14
3
3
5
6
6
10
2
7
6
6
2
6
5
5
4
11
3
4
6
4
3
4
7
5
6
11
5
10
4
4
6
4
3
3
3
7
7
6
4
6
6
6
8
9
2
6
7
6
6
5
7
3
4
6
12
8
10
4
4
6
4
6
5
9
5
10
11
7
9
8
7
5
6
7
5
8
7
3
8
5
4
5
3
7
7
3
4
4
10
5
3
5
7
8
6
6
5
6
5
5
1
10
3
6
3
8
10
7
9
8
3
3
4
3
11
4
6
10
4
12
7
7
5
5
7
8
6
3
6
10
14
6
6
10
7
13
13
9
13
11
14
7
13
9
6
7
12
12
10
15
7
7
10
8
8
13
11
7
16
6
7
7
8
11
13
10
16
5
11
10
21
14
6
13
10
16
10
10
11
12
16
17
19
13
10
17
19
11
20
14
16
20
18
15
20
16
22
12
25
17
17
19
14
19
16
23
13
25
29
21
27
24
22
23
31
20
25
21
19
27
17
16
18
15
15
19
22
12
15
12
17
21
18
15
13
11
14
21
23
15
12
15
12
20
23
21
23
13
24
13
18
26
21
25
23
23
18
15
22
20
30
19
16
18
30
23
35
13
22
14
23
20
20
19
24
16
31
32
27
27
22
27
29
23
24
30
26
38
23
26
32
28
33
20
30
41
32
21
28
40
28
32
27
30
28
43
35
35
42
37
35
31
29
40
41
41
39
44
50
31
37
39
37
36
40
45
65
50
38
40
39
31
49
72
62
55
48
51
53
54
56
48
54
49
52
49
65
57
58
61
62
60
68
63
61
78
68
94
97
100
96
91
123
134
133
132
136
160
149
140
159
158
138
135
146
118
135
136
125
123
116
82
104
102
93
92
91
84
62
91
90
81
74
72
95
89
82
85
79
83
80
72
81
94
95
100
74
60
84
71
84
81
80
75
80
71
65
70
87
86
81
76
87
68
83
67
83
64
78
82
73
79
77
62
79
91
78
86
65
64
62
72
66
73
67
101
70
77
88
73
73
83
88
74
68
88
79
69
84
69
62
68
73
58
79
80
83
74
84
76
75
59
73
75
79
71
69
80
85
85
76
66
66
77
65
69
69
64
73
90
86
100
73
76
83
86
75
84
93
80
87
76
68
84
77
83
78
83
68
73
91
79
81
74
92
79
81
85
80
81
112
106
96
99
83
103
119
140
124
183
181
227
261
313
404
522
541
739
842
991
1223
1301
1519
1577
1844
1899
1989
2094
1996
2008
1979
1926
1757
1694
1531
1408
1192
1044
891
792
607
522
412
348
294
225
206
186
151
139
139
125
109
118
129
128
106
101
111
104
102
113
119
116
124
117
123
99
114
101
127
113
147
104
131
125
110
123
116
114
117
111
108
126
105
112
115
121
127
113
107
97
106
109
106
120
109
121
133
127
101
120
124
128
118
134
122
131
125
105
153
136
131
155
166
151
182
179
195
182
223
223
252
300
289
313
335
360
358
392
383
383
358
317
330
313
334
294
278
274
216
226
205
209
188
152
171
139
130
140
140
120
127
141
142
136
144
141
159
134
138
138
137
154
145
128
144
135
139
148
122
162
137
143
168
118
151
154
144
130
155
168
172
162
158
170
180
168
161
165
179
182
201
173
178
197
210
188
167
181
187
175
209
163
175
173
172
184
145
188
182
181
193
202
191
189
177
176
197
185
197
210
205
216
209
198
226
230
198
219
212
214
238
240
217
233
202
243
249
263
252
245
255
239
265
280
264
246
286
268
238
269
297
259
284
292
266
285
279
263
265
287
281
291
317
292
310
278
272
259
286
290
244
260
272
284
294
274
272
269
251
263
270
269
276
216
252
259
226
253
229
244
228
227
222
234
242
210
210
198
208
212
190
209
214
202
168
179
212
173
205
183
190
156
157
167
190
182
167
169
154
173
135
176
151
134
149
145
168
164
155
170
150
143
144
172
164
142
166
147
161
147
158
140
158
161
188
149
150
165
175
166
158
146
161
167
164
171
178
171
174
175
199
191
174
194
166
196
172
188
201
201
187
201
180
178
195
212
187
205
215
209
199
220
220
228
204
224
240
230
217
217
217
211
206
204
215
203
215
215
201
218
219
260
217
235
225
215
214
219
191
215
225
205
229
198
172
218
202
244
207
204
230
196
195
218
244
228
220
183
198
177
186
183
174
192
191
199
191
171
195
185
194
161
192
170
185
185
197
165
173
188
185
205
185
173
203
161
183
213
168
177
187
186
191
201
181
175
174
188
159
195
193
182
175
164
187
191
158
177
178
193
178
198
177
164
184
161
203
165
194
154
178
186
181
180
179
174
174
187
178
187
196
184
182
172
194
170
163
151
197
193
204
161
179
190
193
202
186
215
180
174
190
178
205
182
186
175
188
203
200
183
192
198
201
205
176
164
198
190
188
180
176
188
186
190
152
190
192
200
184
207
199
159
185
204
176
177
201
221
197
192
186
192
197
191
201
185
210
215
178
197
185
192
216
211
192
197
184
208
202
200
201
208
223
202
218
202
204
192
201
200
215
219
224
204
200
206
194
204
200
205
232
212
197
243
223
218
220
205
227
219
209
203
202
247
237
179
209
210
206
203
229
233
219
230
239
216
229
211
255
219
269
216
225
237
214
238
232
188
228
255
202
228
207
216
220
222
210
221
229
198
210
196
217
207
194
201
202
217
210
194
206
224
218
194
205
183
212
228
182
215
211
192
197
187
171
202
182
196
210
190
173
207
228
181
211
206
195
204
170
213
199
191
212
204
192
207
199
175
178
173
196
228
181
193
186
195
195
190
181
197
169
210
182
190
222
181
194
190
176
187
184
219
195
160
169
191
183
214
194
218
175
183
198
190
195
176
193
201
186
186
205
229
194
187
189
214
182
192
207
211
201
197
196
177
237
202
222
196
217
197
191
178
200
193
185
219
200
187
182
205
180
199
184
193
180
201
173
189
199
185
180
205
213
191
230
200
202
193
186
204
218
179
210
190
192
199
194
174
191
177
180
199
207
205
197
203
194
205
195
189
210
210
181
193
203
178
186
217
187
185
194
198
192
196
190
195
162
189
210
199
203
216
173
194
191
189
186
205
205
195
195
179
193
210
174
204
216
208
171
176
201
192
211
208
196
203
240
189
221
210
232
240
231
232
223
227
229
186
215
211
216
240
223
199
218
224
220
217
193
234
241
207
213
228
207
221
210
210
218
228
270
231
244
257
212
242
230
257
203
242
217
249
267
246
291
249
267
268
236
262
271
254
290
292
270
280
297
275
316
275
301
313
279
310
296
297
367
313
328
332
318
325
351
351
354
339
367
344
358
359
395
405
413
398
401
462
434
460
445
503
468
476
535
526
558
572
542
616
615
638
633
621
743
711
700
805
793
780
783
836
802
842
924
915
945
950
909
1005
1052
1009
1063
1089
1102
1070
1081
1082
1082
1109
1145
1182
1217
1212
1140
1231
1175
1163
1199
1099
1110
1111
1152
1139
1088
1033
1091
1042
1010
1053
948
953
954
909
903
882
849
812
791
806
714
711
733
665
697
619
595
568
568
548
540
524
503
498
483
477
444
428
378
423
409
384
374
344
347
335
351
293
319
330
307
291
307
311
275
287
261
285
266
257
248
213
220
243
228
244
256
223
221
221
210
208
201
218
233
224
205
211
214
193
186
205
215
176
204
206
180
198
181
179
209
183
205
213
214
208
216
222
232
232
254
215
280
267
279
276
314
329
349
355
361
361
393
416
421
402
438
413
419
460
454
448
418
471
414
393
382
410
383
382
353
321
348
317
282
277
267
232
242
225
193
195
220
196
150
149
144
157
148
149
126
154
138
130
133
126
150
120
146
140
140
156
133
145
126
131
139
121
139
142
144
126
139
141
124
136
148
142
147
166
159
162
169
150
174
181
189
175
173
178
175
162
168
186
213
187
197
184
202
206
223
209
208
198
202
212
219
202
209
203
210
219
211
212
226
215
230
213
215
222
220
225
251
209
212
219
194
190
183
219
206
207
220
179
181
211
177
174
182
180
173
154
160
172
161
152
164
142
137
172
126
151
157
167
123
128
148
130
122
108
124
109
126
123
83
104
95
110
115
116
111
91
80
103
95
80
107
86
82
84
83
73
79
93
89
73
86
71
74
69
69
73
75
72
78
76
64
67
70
68
74
54
65
64
65
79
65
82
65
63
52
54
62
63
45
52
50
43
61
47
44
55
57
65
55
58
49
57
58
50
39
46
47
46
53
41
57
55
46
58
55
60
54
50
58
50
42
40
46
52
56
48
59
57
44
48
62
58
54
62
61
43
56
63
66
50
64
55
60
60
66
59
66
74
75
66
62
74
59
78
61
49
63
48
66
64
52
49
63
55
54
41
50
38
42
42
34
35
37
38
33
48
39
27
34
41
41
44
36
41
48
37
38
37
38
40
44
51
46
40
43
43
33
47
31
45
35
45
34
40
46
26
27
31
37
31
46
39
36
33
29
32
33
31
29
41
32
29
32
26
35
29
33
32
32
21
34
32
41
34
34
28
23
33
31
28
33
31
24
34
30
34
32
30
22
29
20
31
31
30
28
23
20
29
29
33
25
30
22
25
19
32
29
30
22
24
29
27
30
28
25
31
26
22
21
31
26
21
31
22
27
29
24
21
35
21
33
22
25
29
23
16
19
28
25
24
20
32
24
34
34
24
21
31
21
15
26
29
15
31
24
31
21
23
28
21
19
18
28
30
30
28
17
23
19
23
25
36
28
18
17
23
28
19
26
25
21
18
13
22
22
27
21
31
15
24
29
25
14
18
25
25
14
29
20
26
24
22
30
21
25
26
23
25
20
22
22
25
25
28
14
25
17
15
15
25
20
26
21
24
19
25
24
17
22
28
19
21
25
17
22
13
18
10
21
14
16
23
16
12
9
22
18
23
18
23
22
11
15
15
28
19
19
13
11
19
16
14
15
16
17
18
10
14
18
25
15
20
21
13
20
16
16
17
10
18
15
12
22
26
19
12
17
19
12
14
12
11
17
20
16
20
14
9
16
15
15
23
15
19
20
18
19
6
22
20
19
18
11
18
15
24
19
10
21
9
15
16
13
21
17
12
21
13
13
15
9
17
18
9
15
12
12
12
14
10
12
5
16
13
16
17
8
14
12
9
17
12
19
13
9
22
15
12
13
9
7
14
14
15
12
11
11
14
12
15
15
16
17
11
15
9
7
13
10
13
15
9
8
14
10
8
15
9
14
11
14
6
10
11
15
14
19
12
13
12
11
18
17
14
12
11
11
6
15
12
16
17
14
8
9
6
16
15
13
18
15
6
11
11
13
10
11
9
14
15
15
15
14
7
7
16
9
14
9
20
16
9
7
11
18
9
11
11
13
11
11
12
13
9
13
11
7
15
16
10
11
9
11
7
12
9
9
10
9
14
8
8
11
10
13
10
8
10
11
6
10
12
9
8
14
11
11
2
7
10
10
12
8
10
8
14
8
10
3
10
8
12
5
11
8
7
8
12
9
11
8
13
14
9
11
11
10
11
11
7
7
13
10
4
9
12
9
14
17
9
8
8
6
8
8
8
7
11
7
7
12
12
6
7
8
3
10
7
6
8
8
4
3
9
10
4
7
6
8
10
5
7
7
6
5
6
4
9
5
5
7
10
6
5
9
10
12
8
9
9
7
11
2
15
8
10
12
10
9
10
9
7
11
6
5
7
6
4
4
7
10
8
8
6
2
12
10
8
5
9
7
7
7
3
5
10
3
4
11
4
7
7
6
7
2
9
5
5
6
8
4
8
4
8
4
7
6
10
11
5
8
6
8
3
7
4
11
5
7
7
5
7
3
5
5
7
5
6
4
1
6
6
8
1
3
4
5
1
7
3
7
5
3
8
9
3
2
4
6
2
4
3
5
8
4
6
6
7
4
10
4
8
3
4
7
6
4
7
3
8
4
6
5
6
6
8
5
3
7
3
4
7
7
4
3
3
2
5
6
5
4
2
5
5
7
3
3
5
3
8
4
7
3
7
5
4
4
3
1
5
5
4
5
6
9
1
8
6
4
5
2
3
6
2
7
4
3
5
7
2
4
5
3
4
3
4
8
3
0
4
3
3
3
7
7
1
2
4
5
3
4
2
3
5
1
8
2
3
3
3
4
6
3
8
4
10
2
4
9
3
5
3
2
4
2
2
5
5
3
1
0
1
7
6
8
3
3
5
3
2
2
1
4
6
4
2
3
1
4
1
4
3
6
2
1
2
2
3
3
3
1
5
4
4
1
2
2
3
3
4
3
3
3
1
1
2
5
4
3
3
5
1
2
4
7
4
2
5
2
1
4
3
3
3
0
1
5
5
2
5
1
2
2
2
4
3
4
3
3
4
3
1
4
3
4
3
1
3
5
1
4
3
1
2
1
1
2
2
2
2
2
2
2
3
4
5
0
1
4
1
2
0
4
6
2
2
2
6
1
4
2
1
3
1
5
4
1
1
0
2
3
4
1
1
2
1
3
2
4
0
1
2
2
1
2
3
2
4
4
4
2
2
2
0
2
1
1
0
3
2
2
2
3
0
5
2
1
0
2
2
2
0
0
6
3
2
3
0
4
2
2
2
4
4
3
1
0
4
0
2
2
5
2
2
2
4
1
2
2
2
1
0
2
3
2
2
1
3
1
1
2
2
1
2
3
1
3
4
2
1
0
0
1
0
0
2
1
0
2
1
1
1
1
3
0
5
1
1
1
3
1
0
0
0
1
3
2
1
3
1
0
4
1
1
2
2
2
2
1
1
4
2
1
0
2
0
1
1
0
6
3
3
0
1
0
3
3
2
2
1
2
1
1
2
2
3
1
3
1
2
0
1
0
4
0
1
0
1
0
1
1
2
2
3
2
0
1
2
0
2
1
0
0
0
1
3
1
0
0
1
3
1
3
2
1
1
1
1
4
1
2
1
1
1
2
2
1
1
3
1
1
0
1
1
0
2
1
0
1
1
3
1
1
1
1
0
3
3
2
1
0
1
0
4
0
3
0
3
0
0
1
0
2
1
2
0
0
0
1
1
1
2
1
1
0
0
2
1
0
1
2
2
0
2
0
0
0
1
0
1
2
1
1
2
2
0
0
1
2
1
2
2
0
1
2
0
1
2
0
1
0
1
0
0
2
0
1
1
1
0
0
1
0
1
0
2
1
1
0
3
0
1
1
1
0
0
1
1
1
1
1
1
1
0
0
0
1
0
0
2
1
0
2
0
1
1
0
0
1
0
2
0
2
0
0
0
1
1
0
0
0
1
3
1
1
2
0
2
0
1
0
0
1
1
0
0
2
0
1
1
0
1
0
0
0
0
0
1
0
3
0
1
0
0
0
0
0
2
2
0
2
0
0
0
2
0
0
0
2
1
1
0
1
0
1
0
2
0
0
1
0
0
1
2
0
0
0
0
0
1
1
1
1
0
0
0
1
0
2
0
0
0
0
1
0
0
1
1
0
2
0
0
0
0
0
0
0
1
2
0
0
0
0
0
0
0
0
2
0
0
0
1
0
0
1
1
1
0
0
1
2
1
1
0
0
1
1
0
0
0
0
1
1
0
0
0
0
1
0
0
0
0
3
0
0
0
0
0
2
0
1
2
1
0
0
1
0
1
0
2
1
1
1
0
0
1
0
2
1
0
0
0
1
0
1
0
0
1
1
0
0
0
0
0
0
1
0
0
1
1
0
0
0
0
0
0
1
1
0
0
0
0
2
0
1
0
1
0
0
0
0
0
0
0
0
0
0
0
0
0
0
1
1
0
1
0
0
1
0
0
0
0
0
0
0
1
1
0
0
0
0
0
1
0
3
0
0
0
1
0
2
0
2
0
0
1
0
0
0
0
1
0
0
1
0
0
0
0
0
0
0
0
0
1
0
0
0
0
0
0
1
2
1
1
0
0
0
0
0
1
0
0
0
2
0
0
0
0
0
0
0
0
1
0
0
0
0
0
0
0
0
0
0
0
1
0
0
0
0
1
0
0
0
0
0
0
0
0
0
0
0
1
1
0
0
0
0
0
0
0
1
0
1
0
0
1
1
0
0
0
1
0
0
0
0
0
0
0
1
1
0
1
0
0
1
0
0
0
1
1
0
0
0
0
0
0
1
1
0
0
0
0
0
0
0
0
0
0
0
0
0
0
0
0
0
0
0
0
0
0
1
0
0
0
0
1
0
0
0
1
1
1
1
0
0
0
0
0
1
0
0
0
0
0
1
0
0
1
