0
0
0
0
0
0
0
0
0
0
0
1
0
0
0
0
0
0
0
0
0
0
0
0
0
0
0
0
0
0
0
0
0
0
0
1
1
0
0
0
0
0
0
0
1
0
1
0
0
0
0
0
0
0
0
0
0
0
0
0
0
0
0
0
1
0
0
0
1
0
1
2
0
3
2
2
1
4
1
4
4
5
10
37
112
391
948
2228
4805
9697
17045
27842
40926
54681
66091
73089
73275
66131
54809
41095
28093
17579
9755
5022
2281
983
379
132
42
16
6
3
2
1
2
1
0
0
1
1
0
0
2
0
0
0
0
0
0
0
0
6
61
51
45
62
30
48
43
45
42
47
64
33
42
50
41
38
36
58
29
31
31
30
32
38
42
31
43
36
40
34
38
41
32
29
26
40
44
36
34
36
40
53
42
37
36
42
45
36
42
37
34
54
32
41
45
33
40
27
39
34
40
40
43
46
50
38
48
49
61
87
105
132
131
163
148
177
175
144
155
131
109
90
79
71
68
57
55
46
40
46
45
47
48
37
47
49
40
48
56
52
65
56
65
61
54
55
58
78
68
81
97
92
102
101
118
106
112
135
141
160
168
147
170
223
282
396
679
1097
1793
3075
4867
7226
10258
14310
18354
22258
26122
28479
29441
29002
26862
23764
20227
16132
12503
9481
6616
4830
3470
2435
1830
1274
972
700
547
397
364
322
386
440
585
627
855
933
1015
1053
1129
1083
952
835
724
545
433
312
247
192
123
101
97
100
62
58
48
45
44
17
18
27
15
18
11
12
4
13
10
4
11
10
10
8
9
12
11
9
6
8
11
12
7
6
5
12
4
9
6
10
3
8
8
16
8
7
6
14
9
17
11
25
16
19
25
27
16
31
26
29
27
27
19
14
18
16
21
14
22
30
17
13
23
20
15
15
23
16
22
23
19
22
17
21
17
14
12
12
15
12
10
9
14
6
4
5
5
4
5
3
9
5
8
9
8
3
6
5
10
4
4
4
6
4
7
7
5
3
9
8
5
5
7
7
8
11
12
10
18
16
29
22
21
25
21
18
22
24
24
22
19
11
10
11
13
10
14
2
11
13
5
14
9
8
7
6
5
7
14
12
10
6
9
9
7
4
6
6
10
6
4
8
7
8
6
7
5
10
9
7
8
5
4
4
7
11
16
7
1
1
10
3
6
4
6
7
5
5
6
7
7
8
6
5
6
6
6
5
8
4
7
5
3
4
6
3
4
6
7
7
3
9
10
3
5
4
7
8
5
4
6
1
5
11
8
3
8
7
3
5
6
4
5
10
7
8
7
3
5
9
9
3
7
5
8
11
4
8
7
6
8
7
9
9
9
6
8
8
6
13
16
4
7
8
12
11
9
8
7
7
11
8
11
9
7
9
8
2
12
8
8
7
9
8
9
9
6
9
7
3
6
7
9
5
11
9
6
8
9
9
8
13
13
7
10
15
11
14
7
14
9
10
12
12
13
16
12
11
14
15
9
11
13
12
15
13
11
12
13
11
21
14
18
18
21
12
8
19
18
16
15
17
17
17
18
18
21
18
23
23
17
17
21
23
19
21
19
28
15
20
35
13
19
23
18
30
24
23
25
30
17
35
24
21
20
16
26
21
21
19
20
19
28
15
27
16
21
18
24
14
21
15
12
16
15
20
20
22
12
19
22
21
21
25
22
15
24
22
26
20
24
25
19
29
30
28
24
20
18
27
27
19
24
20
15
22
21
30
19
21
23
19
30
26
27
26
26
29
34
36
23
24
24
28
19
33
25
28
23
24
18
31
35
40
43
31
38
36
41
40
32
31
24
34
26
37
42
38
43
28
43
40
26
39
33
45
37
34
43
37
38
37
39
53
52
43
41
55
39
49
49
53
48
48
67
49
62
50
60
52
60
69
58
55
78
62
67
68
70
83
90
66
93
79
85
115
116
114
148
117
131
145
139
158
133
161
159
135
140
138
152
120
126
121
116
104
109
121
101
89
94
85
84
80
65
77
85
102
92
71
93
78
90
93
89
80
88
88
78
94
66
96
102
81
89
68
92
68
81
67
95
82
82
65
69
84
82
87
69
89
69
82
71
91
89
72
69
73
74
82
80
88
100
82
84
76
76
82
91
86
79
73
84
87
63
81
57
66
76
88
74
82
68
66
78
81
75
82
71
59
61
79
65
85
83
70
78
59
85
76
57
91
70
78
87
74
77
64
66
77
95
74
80
87
57
85
80
80
90
65
85
76
88
83
76
76
69
95
75
71
86
80
79
79
82
75
101
90
86
89
85
93
87
83
101
106
104
106
100
107
116
131
139
169
184
213
265
299
442
491
622
689
874
963
1166
1284
1419
1626
1682
1863
2007
2165
2050
2032
2022
1972
1835
1702
1582
1351
1255
1108
915
766
620
527
453
348
315
229
203
200
174
129
131
120
121
116
112
116
113
112
110
117
104
105
100
101
111
110
130
114
132
132
138
98
133
108
104
115
117
107
95
112
97
110
118
103
131
108
140
118
103
101
116
123
122
127
103
132
109
133
113
122
116
102
111
129
119
127
131
131
125
108
126
127
150
120
151
150
188
169
206
208
232
259
266
302
273
298
364
357
347
364
406
352
368
363
342
334
348
285
247
240
249
231
201
194
169
175
146
164
170
141
144
150
137
142
151
145
123
135
141
138
142
138
148
161
153
130
127
142
169
164
138
140
142
151
139
160
148
157
136
162
163
160
146
171
153
155
150
162
162
167
154
152
173
171
165
163
196
165
178
157
187
194
188
193
201
149
187
194
167
165
185
192
181
186
193
166
166
190
168
191
209
214
184
200
183
216
217
207
228
213
194
214
219
232
236
234
224
245
282
257
258
247
213
238
258
278
253
285
262
284
271
297
264
294
292
231
272
271
302
292
246
275
309
276
276
296
256
286
248
304
278
281
289
274
285
270
277
296
287
270
260
275
255
252
288
248
251
283
237
221
289
262
224
184
201
193
210
211
216
189
232
178
187
197
192
217
222
182
186
192
201
173
207
179
163
150
172
181
155
161
157
169
191
182
163
164
183
171
165
157
167
147
155
153
176
149
180
168
174
149
159
142
159
151
159
167
159
149
150
162
162
161
150
172
150
164
175
168
183
162
176
170
201
191
179
194
187
181
190
195
195
212
194
214
204
190
226
209
203
195
217
211
231
228
220
225
209
200
227
235
234
235
203
220
217
225
212
197
206
242
233
198
223
215
221
237
229
206
190
231
202
221
212
216
242
196
191
244
211
204
220
186
214
208
175
219
196
201
204
200
208
179
201
203
220
194
204
177
201
191
166
197
193
177
184
180
198
210
186
219
183
179
165
185
169
189
166
182
172
181
186
158
177
192
165
167
183
181
209
169
187
189
188
160
174
165
179
194
174
168
177
172
163
204
188
174
178
171
180
192
148
180
197
174
157
186
184
181
154
186
182
164
165
193
183
169
182
202
183
164
173
181
184
167
176
177
180
178
181
194
197
182
180
194
182
178
180
176
174
218
197
219
181
177
181
173
185
192
174
185
184
170
207
193
186
182
189
191
174
188
193
168
193
207
206
200
176
181
202
175
194
182
168
206
190
177
185
209
205
187
198
190
180
199
202
204
200
206
180
193
200
233
196
187
218
222
215
199
209
207
222
207
262
192
245
195
219
226
197
190
208
226
223
219
220
210
202
248
227
216
226
246
216
226
188
211
211
215
252
212
217
228
195
209
208
197
224
234
236
247
262
207
195
223
213
249
245
208
221
219
250
220
214
239
217
214
222
229
208
240
196
233
220
218
243
216
223
207
195
237
220
201
210
198
198
201
216
188
193
185
185
173
212
232
207
204
201
175
193
200
203
192
205
201
198
189
201
190
203
196
182
195
187
186
169
213
210
193
169
186
194
206
190
192
200
183
196
187
189
202
192
159
192
186
179
192
187
188
223
184
194
205
198
186
193
169
180
177
218
195
165
182
221
190
199
174
174
204
195
170
203
188
198
171
200
186
185
181
189
190
203
196
204
199
217
189
174
166
188
187
194
187
203
196
191
210
211
196
197
186
235
207
214
194
188
196
201
208
228
178
219
203
209
206
182
193
200
196
171
199
189
214
183
183
196
199
206
182
171
196
200
202
165
208
186
200
182
184
205
214
207
200
212
171
204
219
174
216
224
182
193
205
192
196
162
188
200
184
179
196
191
200
194
204
204
202
211
192
236
216
180
178
214
197
182
180
213
196
209
195
196
210
201
220
226
205
197
212
212
216
218
205
185
218
178
203
200
191
227
216
235
226
228
227
212
228
229
206
211
246
218
237
206
229
236
240
205
221
223
259
231
236
223
248
219
247
256
220
233
254
239
259
254
262
269
289
256
266
240
248
293
276
277
286
257
269
274
285
261
288
290
293
284
273
296
307
316
299
307
340
339
321
324
359
313
358
363
355
363
349
393
378
362
387
409
399
395
433
472
430
437
477
470
463
521
530
562
572
566
630
604
642
663
682
691
741
731
749
747
793
790
843
896
922
922
940
918
967
959
970
1070
1069
1095
1141
1096
1110
1154
1098
1118
1174
1183
1135
1200
1171
1164
1121
1181
1172
1223
1160
1107
1191
1128
1098
1127
1089
1105
1034
1115
1014
1025
972
990
933
909
872
835
824
876
782
758
719
703
740
647
675
631
611
640
585
550
551
469
512
419
488
446
468
406
423
421
364
398
383
342
309
303
321
322
310
295
309
296
288
298
269
279
198286
242
272
202642
278
232
233
260
236
252
247
236
201
214
216
250
233
206
188
192
187
185
219
193
198
206
202
168
187
196
197
182
200
218
185
217
204
224
228
197
200
229
230
272
254
253
309
274
297
315
332
362
334
363
340
388
369
410
464
399
400
447
438
385
456
471
432
414
441
443
460
398
375
390
355
315
311
311
295
280
254
245
214
201
193
186
174
175
160
140
140
149
149
168
145
127
132
142
139
143
121
136
116
128
133
151
120
152
133
132
141
134
159
129
130
141
165
169
143
143
169
162
171
128
157
156
139
167
146
163
187
179
174
160
196
191
190
209
158
194
192
184
222
207
178
209
201
197
209
220
210
210
234
201
231
208
205
243
220
218
204
200
204
210
222
214
233
226
214
219
214
192
222
191
190
218
228
204
187
184
165
181
166
166
181
185
167
173
163
182
142
169
158
164
134
129
135
138
143
120
150
135
131
128
121
136
116
113
111
124
98
118
97
95
112
96
110
91
87
101
97
89
75
83
81
82
86
85
75
81
75
79
75
69
84
77
58
75
73
71
76
49
75
62
61
67
53
69
65
68
66
61
62
54
67
65
51
58
49
69
57
52
56
39
51
48
58
50
55
46
67
53
49
50
53
61
46
61
52
50
55
50
51
46
49
54
45
51
47
56
55
55
50
43
48
44
46
56
46
44
58
46
47
68
44
65
39
66
53
74
65
79
61
60
70
66
80
76
67
74
84
59
69
68
63
70
69
72
58
38
59
52
49
44
50
40
34
46
41
44
42
38
45
36
38
43
27
23
37
35
37
40
27
34
53
29
37
34
43
37
45
40
35
46
29
31
50
37
38
31
32
45
41
35
35
35
35
37
31
38
30
28
44
24
40
32
41
39
28
41
33
36
28
33
30
32
35
28
33
34
31
31
33
32
23
35
32
25
28
22
27
32
20
30
21
25
33
34
25
26
31
27
28
31
28
26
32
28
29
36
24
33
22
30
25
25
30
26
27
28
30
34
18
31
35
23
38
34
23
30
24
31
30
32
32
26
33
24
20
23
31
30
23
33
24
25
35
23
24
23
28
31
31
23
26
32
25
27
24
23
30
25
22
21
20
20
25
14
23
18
32
22
24
22
21
31
28
28
22
30
12
22
22
23
25
23
26
18
25
29
21
20
34
21
19
24
25
22
22
20
21
20
21
24
29
28
31
18
27
14
24
21
18
20
24
21
17
20
23
18
19
26
24
23
26
24
22
14
15
20
18
18
23
20
16
12
26
22
23
20
21
15
19
26
17
25
12
18
23
22
19
20
18
12
11
20
17
17
21
15
26
26
21
20
23
24
17
19
27
21
26
17
19
17
13
18
23
25
16
12
14
22
17
23
20
10
19
18
21
16
13
20
18
15
21
16
17
16
14
17
11
20
9
18
10
13
15
21
15
16
27
23
19
20
18
19
14
11
21
15
15
24
18
12
13
15
18
16
16
23
16
16
15
22
13
10
22
16
11
11
17
7
22
17
21
12
19
11
17
14
14
12
13
17
12
14
20
10
8
19
11
11
11
15
9
18
21
12
19
11
17
18
18
20
19
16
18
16
14
10
7
11
15
13
12
15
18
16
15
18
18
19
20
12
13
19
17
21
7
15
15
11
11
18
16
8
11
12
7
17
16
16
12
12
11
10
15
15
17
15
20
8
14
23
17
15
7
7
13
11
21
15
18
14
11
8
13
19
9
9
7
8
7
13
10
7
10
10
14
13
11
10
10
16
12
13
8
13
11
6
9
14
6
10
19
14
10
13
8
15
15
11
8
9
13
15
10
14
10
9
15
13
16
9
12
8
9
7
8
7
13
7
11
18
12
9
10
9
9
13
17
10
9
9
9
14
13
11
15
10
12
6
7
9
13
6
8
10
17
8
10
7
8
17
11
8
10
7
2
10
11
8
7
8
8
15
9
9
4
12
9
8
5
8
9
8
10
6
9
5
10
10
13
7
5
6
7
4
10
5
6
15
4
6
8
4
4
10
13
9
17
13
5
5
10
8
9
10
7
11
5
10
6
8
9
3
1
5
6
6
7
8
3
6
3
8
6
13
7
7
4
8
11
6
6
6
7
7
7
9
7
11
5
8
8
7
9
6
6
7
6
7
11
6
6
9
4
2
4
6
8
7
8
4
10
6
3
8
8
6
8
6
5
3
6
7
11
4
7
7
9
6
6
5
6
10
7
6
7
5
6
4
8
6
9
7
5
8
5
3
4
5
4
3
4
4
8
7
2
10
7
7
5
11
6
3
11
3
2
4
6
7
4
4
3
9
4
5
7
2
3
8
5
2
6
5
4
4
4
6
6
2
3
4
3
4
6
4
8
6
6
5
5
6
6
4
1
6
6
4
2
5
5
4
8
3
10
4
3
8
4
8
3
5
4
10
7
7
3
5
7
9
5
2
3
5
8
5
3
2
9
3
7
0
6
5
1
3
3
3
5
3
1
5
4
5
2
3
2
10
6
1
5
2
2
2
1
4
4
6
6
5
4
3
4
5
1
10
4
5
8
3
3
5
6
6
8
8
6
8
7
4
6
2
4
2
5
3
4
1
5
7
1
3
1
2
5
3
4
2
4
5
0
1
2
9
6
1
2
4
4
2
2
6
2
6
12
2
4
5
5
3
4
2
2
8
5
1
6
1
4
1
1
1
1
5
2
1
7
1
0
4
4
6
3
1
3
3
1
1
4
4
5
1
2
3
2
5
1
2
1
3
2
3
4
4
5
1
3
4
5
4
3
2
5
3
3
4
3
1
2
5
1
1
5
6
1
5
4
1
6
3
1
2
8
1
1
3
5
3
1
1
3
4
0
1
3
2
4
2
5
1
3
3
3
1
2
2
3
0
2
3
1
0
6
4
2
5
6
1
5
1
2
3
2
1
2
2
1
1
4
1
4
2
3
1
0
3
1
1
4
2
4
1
4
1
4
1
0
2
2
2
4
1
2
2
3
3
0
4
2
3
1
1
2
1
3
1
2
2
1
1
0
4
3
0
2
4
0
1
2
2
3
0
3
3
1
2
3
2
0
2
1
2
1
0
1
2
3
2
0
2
2
3
1
4
1
0
1
2
1
1
4
5
2
2
0
1
2
2
2
0
3
4
4
1
3
3
0
0
2
7
1
1
1
2
1
4
2
2
2
1
3
2
2
3
1
2
1
1
3
1
0
2
0
0
1
2
1
0
0
0
1
0
2
1
1
0
3
1
0
4
0
3
3
3
1
2
2
3
1
1
1
2
4
1
0
4
2
1
0
2
1
0
1
2
0
0
0
0
1
0
3
0
2
5
4
0
2
0
1
3
1
0
0
1
1
1
0
1
3
2
1
3
0
1
0
1
1
0
0
0
3
2
1
1
0
1
3
1
0
1
1
3
2
1
0
1
1
2
2
2
1
1
0
1
1
1
2
2
2
2
0
2
2
1
0
0
2
3
3
0
1
0
1
0
0
1
1
0
1
3
2
0
0
2
3
0
0
1
0
0
2
2
1
0
1
0
0
0
1
0
0
1
0
1
3
0
2
0
0
2
1
0
2
2
1
0
1
0
1
3
0
1
1
1
0
0
0
0
0
0
1
0
1
1
0
1
1
0
0
1
1
1
2
1
1
0
1
0
0
0
0
0
2
0
0
1
1
0
3
1
0
1
1
0
1
1
0
2
2
2
0
0
2
1
0
0
1
0
1
0
1
0
2
0
2
2
0
0
0
0
2
3
0
2
0
2
0
1
1
1
0
0
1
0
0
2
0
1
1
2
0
2
1
0
2
0
2
1
0
0
4
0
0
2
0
0
2
0
0
1
1
0
0
0
0
1
1
1
1
1
0
0
0
0
0
3
0
0
1
3
0
0
0
0
0
0
0
1
0
0
2
0
0
1
1
0
0
1
1
1
1
1
0
1
0
0
0
0
0
0
0
0
0
2
1
0
0
1
2
0
0
0
0
0
0
2
0
0
0
2
0
0
1
1
0
0
0
0
0
0
0
0
2
1
0
1
1
0
1
0
2
0
0
0
0
1
1
1
1
1
1
0
0
1
0
1
1
0
0
0
1
0
0
1
1
1
0
0
0
0
0
0
1
0
1
0
1
1
1
1
0
0
1
0
0
0
0
0
0
1
1
0
0
1
0
0
2
2
0
0
0
0
0
0
1
0
0
0
1
1
1
0
1
0
0
0
0
0
0
1
0
0
0
0
0
1
0
1
0
0
0
0
0
0
2
0
2
0
1
0
1
0
0
0
2
0
2
0
0
1
0
0
2
0
0
0
0
1
0
0
0
1
0
0
0
1
0
0
0
0
1
0
1
0
0
1
2
0
1
1
1
0
0
1
1
0
1
0
0
0
0
2
0
1
1
0
0
0
1
0
0
0
0
0
0
0
2
2
1
0
0
0
0
0
0
1
1
2
0
0
1
0
0
0
1
1
0
1
0
0
1
1
0
0
0
0
0
0
0
0
0
0
0
0
0
0
0
0
0
0
0
0
0
0
0
0
0
0
0
0
0
0
1
0
0
0
0
0
0
0
0
0
0
0
0
0
0
0
0
1
0
0
0
0
0
0
0
1
0
0
0
0
1
0
0
0
0
0
0
0
0
0
0
0
0
