0
0
0
0
0
0
0
0
0
0
0
0
0
0
0
0
0
0
0
0
0
0
0
0
0
0
0
0
0
0
0
0
0
0
0
0
0
0
0
0
0
0
0
0
0
0
0
0
0
0
0
0
0
0
0
0
0
0
0
0
0
0
0
0
0
0
0
0
2
0
0
0
1
1
1
0
2
4
4
3
3
5
11
37
137
386
946
2321
4818
9545
16941
27582
40662
54563
66359
73051
73355
66682
54451
41173
28383
17365
9873
4873
2376
989
387
138
45
12
6
3
0
3
1
1
0
1
1
0
1
1
0
1
0
0
1
0
0
0
0
10
61
53
51
47
50
41
51
41
31
37
56
44
34
38
44
44
24
33
46
43
40
54
36
39
42
19
45
40
34
43
37
46
44
38
27
49
25
30
32
31
35
29
40
37
26
28
34
31
29
30
36
37
38
37
45
34
38
36
37
40
45
44
34
40
36
36
43
59
60
90
87
114
144
142
171
182
164
145
124
111
113
100
82
66
60
57
49
37
44
46
52
50
36
30
53
34
42
50
43
48
44
40
67
61
59
48
71
61
63
78
79
85
78
110
98
130
109
154
141
132
160
151
173
191
220
396
636
1029
1733
2894
4552
7050
9975
13775
17687
21880
24829
27298
28516
27885
26172
23431
19491
15521
12146
8890
6418
4515
3311
2365
1693
1235
920
699
492
391
353
289
359
402
486
648
792
868
1015
997
970
991
943
838
631
522
387
299
221
159
154
113
121
68
77
63
57
50
45
28
25
12
23
14
10
11
15
10
9
3
5
3
5
5
7
7
11
6
11
11
13
9
9
6
3
6
5
5
3
5
7
12
12
6
8
8
8
13
4
13
14
18
19
16
29
20
23
31
32
23
29
28
24
23
13
20
12
25
10
26
20
13
15
14
7
17
11
15
19
19
17
16
23
22
17
23
15
20
12
14
13
9
16
6
6
10
5
5
3
3
4
4
6
9
8
4
6
3
6
3
3
11
6
5
7
5
7
6
7
5
3
10
12
2
8
12
6
12
9
10
10
15
18
20
27
29
16
20
27
16
13
20
10
8
9
10
9
9
10
7
10
12
10
9
9
9
12
15
9
10
8
6
4
7
11
9
15
6
6
8
9
3
9
7
7
8
7
6
12
2
7
9
3
5
7
7
6
8
7
5
8
4
5
7
6
6
6
9
9
5
8
8
7
3
6
7
8
6
3
3
3
4
8
3
4
6
4
7
6
4
4
2
6
9
11
7
7
5
5
5
8
10
5
6
7
5
6
7
8
5
9
6
5
4
4
5
11
4
4
6
6
7
8
7
8
7
9
11
12
5
6
3
8
8
7
9
4
6
7
7
5
2
12
4
4
13
9
6
7
8
10
6
5
8
8
2
9
11
11
11
13
8
2
7
6
8
13
8
9
14
10
6
8
5
10
9
4
10
12
11
12
7
10
8
7
6
4
11
9
11
10
7
4
10
15
12
11
16
7
12
10
6
10
9
14
12
16
16
11
10
9
17
12
7
17
15
16
12
14
22
11
16
13
22
20
13
17
20
27
19
18
18
20
21
21
21
22
20
23
25
20
18
15
19
23
17
17
18
18
16
30
23
26
22
16
22
14
18
11
11
19
17
21
13
19
17
16
21
20
23
17
26
14
16
12
23
14
13
20
16
17
22
20
11
17
18
17
19
19
32
25
22
12
17
17
22
17
20
23
18
23
19
23
21
27
31
28
15
25
21
37
16
23
15
32
31
21
29
27
36
28
20
19
32
22
27
26
22
32
23
29
33
22
36
47
30
34
37
34
30
33
20
43
32
28
38
24
33
25
47
38
41
44
39
35
52
44
52
44
39
46
52
52
41
39
38
45
50
42
43
48
43
36
39
61
55
40
63
59
56
61
47
48
63
57
74
70
63
66
58
77
78
88
78
115
109
112
99
117
154
127
146
143
130
143
158
136
143
128
138
126
120
94
112
113
89
107
84
95
94
110
91
91
94
78
80
94
86
73
94
96
89
68
97
73
70
93
73
69
78
82
96
67
65
79
80
88
86
82
85
77
78
67
87
68
72
73
80
77
77
74
89
75
82
73
72
72
63
73
82
80
85
71
67
86
84
68
71
73
75
69
76
78
71
80
76
82
87
91
81
76
73
82
74
84
95
80
68
63
74
66
74
72
85
68
72
69
78
78
76
83
88
84
84
63
83
64
72
86
71
73
96
60
78
80
66
93
72
85
73
83
82
82
89
71
69
84
80
74
80
75
82
84
83
78
93
82
100
75
79
83
79
76
80
94
89
99
112
80
105
120
114
149
172
189
194
265
325
377
465
580
698
876
1004
1160
1340
1440
1657
1737
1819
1933
1979
1958
1999
1952
1802
1753
1697
1458
1315
1244
1034
875
720
601
493
407
370
298
242
192
184
134
129
125
100
116
98
108
111
123
107
93
105
130
107
90
117
130
117
108
103
118
109
111
116
125
109
120
120
134
121
111
121
115
124
117
106
130
118
102
92
110
112
105
102
117
98
124
116
106
114
108
106
107
110
121
120
122
129
115
131
149
127
114
144
145
147
115
155
180
173
181
217
211
248
277
300
278
327
334
362
378
374
385
343
367
368
323
314
321
283
269
275
230
212
212
196
162
156
160
152
167
152
140
123
148
118
143
147
124
148
137
147
126
127
132
116
143
138
131
136
144
117
164
132
138
159
146
140
161
157
143
145
155
173
179
143
156
146
160
157
172
168
173
175
154
194
145
179
188
163
169
187
168
188
174
171
184
163
194
188
235
163
189
184
181
175
199
203
183
149
183
212
194
188
206
173
209
213
212
204
184
209
236
212
248
236
217
236
241
250
243
230
236
238
264
225
257
238
263
242
245
262
260
280
262
270
285
282
280
282
264
258
267
280
266
273
286
274
264
283
297
277
231
271
259
298
295
242
246
266
279
268
284
252
255
260
272
238
241
254
242
221
224
244
220
233
208
220
231
204
206
227
205
179
187
193
187
186
172
162
173
155
166
170
154
149
163
125
155
148
135
177
180
160
169
159
158
157
140
159
151
172
145
149
134
151
173
152
153
143
136
150
173
171
171
180
160
154
158
146
167
149
158
179
145
154
174
171
150
146
193
153
159
168
136
183
172
196
159
180
191
160
179
187
210
187
174
181
185
174
184
167
215
190
220
204
218
203
190
206
209
192
236
198
198
229
213
199
200
240
215
218
225
223
216
210
195
188
220
221
199
209
214
205
197
228
207
190
200
208
207
195
224
195
199
201
192
205
211
175
203
172
190
196
173
185
162
194
185
159
197
172
216
176
181
195
187
179
170
204
185
188
178
176
185
172
192
164
196
153
166
168
171
162
190
182
174
176
196
163
156
183
172
182
151
162
172
166
159
191
167
157
161
174
158
169
172
177
172
146
146
163
175
179
183
179
183
155
205
165
159
164
172
181
172
180
182
171
169
171
172
169
193
176
181
184
188
174
159
211
208
196
170
180
167
170
188
190
160
179
189
171
209
192
190
161
187
189
173
169
194
162
173
179
161
180
202
186
218
202
192
194
183
173
162
188
183
179
204
189
186
204
193
200
186
205
173
201
182
206
203
169
187
185
175
188
210
202
205
206
199
193
184
184
179
205
190
222
193
184
210
217
185
182
197
217
199
183
179
188
206
203
180
209
225
189
202
199
227
186
216
228
202
216
243
196
195
214
217
218
228
212
221
205
199
199
217
202
225
210
185
199
231
211
204
219
230
232
219
224
194
247
239
211
188
233
218
196
213
199
188
222
206
204
190
213
177
199
194
205
195
214
174
205
195
208
199
185
193
192
174
207
194
184
167
175
187
189
203
206
209
193
199
184
196
165
194
188
182
181
180
190
205
192
199
194
205
192
193
216
180
198
182
173
151
188
189
178
184
198
202
183
189
173
168
186
176
180
176
180
203
169
205
171
225
204
185
177
190
210
179
195
178
158
206
167
201
193
187
181
209
198
196
180
191
177
217
190
197
212
182
159
179
159
210
189
189
180
207
204
191
197
186
180
181
195
186
171
207
200
181
206
195
189
199
185
178
222
194
181
188
175
171
171
190
186
178
207
194
186
185
186
184
192
199
184
183
191
171
200
201
203
202
179
200
182
200
197
180
194
157
172
182
204
192
202
164
162
208
195
196
194
176
165
165
202
177
201
180
155
175
186
182
191
209
176
184
222
196
172
187
186
200
195
190
191
213
202
168
212
196
198
206
174
190
195
188
198
212
193
171
196
202
198
192
193
200
210
197
208
223
216
208
228
200
209
235
193
224
197
205
201
191
202
225
224
196
210
256
224
222
232
220
221
239
222
301
226
227
239
241
239
248
243
224
223
248
225
255
234
241
266
263
258
265
254
231
284
278
283
299
259
273
303
290
275
273
290
318
288
297
313
325
322
300
325
336
338
317
368
349
339
349
383
387
373
385
374
388
420
392
426
446
460
462
493
461
514
509
494
554
576
571
629
619
642
656
682
708
768
754
825
764
818
815
855
858
897
953
923
988
974
1008
1012
1033
1047
1066
1122
1092
1125
1063
1129
1175
1047
1134
1164
1159
1135
1119
1129
1171
1151
1171
1191
1044
1090
1050
1027
1024
1036
1038
960
983
891
878
890
913
823
886
723
745
744
726
716
686
665
698
611
610
543
588
558
508
512
461
481
427
439
424
433
416
398
352
360
434
343
339
319
340
333
312
335
296
327
277
267
265
291
252
250
269
250
260
265
266
235
243
231
208
244
211
203
203
218
197
206
212
189
186
168
189
180
206
208
179
196
208
201
181
204
176
175
170
173
185
207
193
209
211
207
208
218
220
236
233
272
308
315
295
307
319
334
342
379
358
381
374
405
383
412
427
392
448
458
398
427
428
431
419
385
384
400
352
322
324
303
282
261
236
234
212
213
184
185
178
170
158
144
164
154
142
155
122
128
130
122
127
119
125
128
144
137
129
138
126
133
127
128
126
137
130
129
158
138
170
128
142
137
157
144
147
157
132
157
144
146
174
151
159
167
144
181
185
181
168
175
177
152
208
199
184
214
233
190
209
200
236
193
182
192
216
184
203
214
195
227
200
197
232
207
247
209
217
226
205
191
218
244
188
203
186
199
211
179
209
184
184
195
165
201
185
162
170
145
143
170
159
160
151
159
161
145
141
143
145
123
130
121
135
128
122
115
111
105
108
120
116
93
91
85
97
115
96
79
90
88
81
98
89
84
82
100
94
110
82
82
83
86
78
85
86
70
67
82
87
72
67
55
63
61
57
63
69
66
55
66
51
60
69
59
73
65
71
66
56
67
49
58
51
61
60
64
46
47
44
57
61
50
56
49
49
53
45
47
56
50
44
40
59
43
42
36
45
33
58
48
48
44
38
42
49
46
50
37
41
42
45
52
43
49
55
47
46
58
63
62
60
59
46
61
67
75
73
66
79
64
55
55
62
71
82
71
72
58
56
40
56
54
57
59
42
50
38
54
44
33
49
24
27
33
46
36
48
41
33
37
28
42
38
39
36
46
26
31
34
36
40
33
47
47
27
31
43
35
42
36
33
37
37
29
35
34
30
28
36
33
33
33
23
32
24
33
27
37
27
29
34
26
36
25
32
31
32
33
25
38
28
27
25
36
17
34
33
24
47
28
20
24
38
26
23
28
25
27
30
32
20
24
27
29
27
27
32
24
29
21
23
34
27
30
36
29
30
30
17
24
42
29
23
22
20
16
23
30
22
24
25
35
25
25
26
27
30
33
18
24
36
29
24
19
38
26
33
22
25
31
21
23
26
19
19
23
22
28
17
24
25
22
33
22
19
31
25
20
22
21
31
30
25
25
22
25
24
35
17
22
22
30
17
14
20
28
19
32
21
19
21
26
19
11
24
18
19
15
18
21
21
27
21
23
25
23
21
19
17
22
16
27
21
21
20
16
24
23
32
17
19
22
17
23
25
19
21
19
21
14
23
17
22
17
12
18
16
11
24
16
21
26
28
19
16
22
22
19
29
24
20
22
20
22
14
14
13
12
16
18
25
28
23
16
19
15
22
18
14
10
13
20
25
15
17
20
16
15
14
16
15
14
10
20
18
17
20
24
18
9
19
22
13
16
20
12
10
19
14
13
15
20
13
10
19
16
13
11
15
15
15
18
9
10
21
19
12
13
23
26
11
16
17
17
13
17
24
10
17
11
17
18
17
9
15
13
15
20
20
13
12
12
11
26
15
19
13
13
14
12
12
10
11
10
15
14
14
9
10
13
16
14
13
6
19
20
9
11
19
17
11
16
14
12
14
13
11
11
20
16
15
21
12
17
14
21
10
12
4
8
10
10
10
14
10
10
9
17
16
13
10
9
10
5
18
18
20
11
14
11
16
7
13
11
8
10
10
16
13
9
14
7
9
8
14
11
7
13
15
16
11
20
15
9
12
14
8
21
7
15
9
6
8
7
10
14
10
11
8
6
9
10
8
15
13
14
10
6
8
14
12
11
11
10
11
8
11
6
7
8
15
13
5
6
6
10
15
11
13
13
18
13
12
9
10
8
9
10
7
11
13
14
13
12
7
15
10
7
5
8
8
6
7
9
6
8
10
14
9
14
12
5
10
7
9
5
10
15
10
15
9
9
9
8
9
8
9
6
11
12
7
6
11
8
10
15
10
11
14
4
12
10
4
9
11
6
7
9
10
7
7
10
7
11
9
9
11
8
5
4
13
4
11
10
5
12
10
7
6
7
5
8
7
8
8
4
10
8
7
11
13
5
6
9
10
9
6
9
8
6
5
4
7
5
11
8
7
6
6
4
6
10
9
6
10
7
4
8
12
9
7
8
8
7
6
6
13
2
5
6
7
7
11
8
7
9
6
10
6
5
5
9
5
2
5
9
5
4
3
2
8
5
7
5
5
4
5
7
3
9
6
5
3
7
5
4
4
6
2
7
2
4
7
8
9
8
6
3
10
8
6
1
10
4
5
2
8
2
6
10
10
5
2
9
5
3
5
7
4
4
4
11
5
6
6
7
3
4
10
8
3
3
9
8
7
5
4
8
5
4
4
3
4
6
7
6
2
4
5
2
4
4
5
6
4
3
2
8
8
4
4
3
4
5
2
3
4
5
4
5
3
3
3
5
3
4
6
6
3
4
2
3
5
7
5
3
3
5
3
6
5
5
3
5
7
8
4
6
3
4
5
2
4
5
2
4
7
7
3
1
6
6
4
1
5
4
7
2
4
3
3
2
2
2
3
3
3
6
6
1
8
4
2
6
6
5
6
6
4
7
5
4
5
6
6
9
3
6
2
2
1
2
4
2
4
4
2
2
4
3
3
5
3
5
5
1
2
2
3
0
3
2
3
4
6
2
9
2
5
5
2
3
4
1
6
5
6
3
4
4
3
6
4
3
3
1
4
5
2
2
1
3
0
1
1
0
3
2
6
3
2
2
4
2
2
4
5
3
4
4
3
2
4
1
4
3
5
2
3
1
4
1
1
3
2
5
4
3
1
1
3
7
0
1
3
2
7
1
4
2
6
3
1
3
3
1
0
1
5
2
1
2
2
7
2
4
4
2
0
1
2
2
2
1
2
2
2
2
1
2
4
1
2
4
5
1
1
1
2
4
2
2
1
3
6
0
1
2
1
2
2
4
1
3
0
1
3
2
0
1
2
2
2
0
2
1
1
2
0
2
2
4
1
2
0
2
3
0
3
0
1
3
2
4
2
2
4
0
3
3
1
1
1
0
1
2
1
1
1
0
2
2
1
0
1
2
1
1
0
1
2
0
1
2
0
3
0
1
1
1
1
3
3
2
3
3
1
2
0
0
2
0
0
0
2
4
2
2
0
1
3
1
1
1
2
3
4
2
0
2
2
2
2
1
2
2
1
0
0
1
0
1
1
4
2
0
1
1
2
1
1
1
3
1
0
1
1
0
1
1
2
0
1
0
0
2
0
3
1
1
0
4
1
4
0
3
1
1
0
1
0
3
1
1
2
2
1
1
0
2
2
2
1
0
1
0
0
0
1
2
3
1
1
0
0
0
1
0
0
1
0
2
0
0
1
1
2
2
1
0
1
2
1
1
2
0
1
0
0
2
0
2
2
1
0
2
1
1
2
1
0
2
0
4
0
2
0
0
3
2
1
0
1
2
0
3
0
0
2
0
2
1
1
2
1
1
1
1
1
2
1
0
1
0
0
0
1
0
0
1
1
1
0
0
1
0
1
2
0
1
0
1
0
0
1
0
0
1
1
1
0
1
0
0
1
0
1
0
1
1
1
2
2
0
3
1
0
0
2
0
1
0
0
1
0
4
0
1
1
0
0
1
0
1
1
0
2
1
1
0
1
0
1
2
1
0
2
0
0
2
1
0
3
0
0
3
1
0
2
4
0
1
0
0
3
0
1
3
0
2
0
1
0
2
1
1
1
1
1
1
1
1
2
1
2
0
0
1
2
0
1
2
2
1
1
0
0
1
0
0
0
0
1
0
1
0
0
1
1
2
1
0
0
0
1
0
0
0
1
0
0
0
0
0
0
0
0
0
0
2
0
2
0
0
2
1
0
0
0
1
1
0
0
0
0
0
1
0
0
2
0
0
0
0
0
0
0
0
0
0
0
0
1
1
0
1
0
0
0
1
3
1
0
0
0
0
2
0
1
1
0
1
1
0
1
1
0
0
1
1
0
0
1
0
0
0
1
2
0
0
0
1
0
0
0
0
1
1
1
1
0
0
0
2
1
1
1
0
1
2
1
1
1
1
0
0
0
2
0
1
0
0
1
1
2
1
1
0
0
2
1
1
0
2
1
1
0
1
1
0
0
0
0
1
3
0
1
0
1
1
1
1
0
0
0
0
0
0
0
0
1
0
2
0
2
1
0
0
1
1
0
0
0
1
0
0
0
0
0
0
0
0
1
0
0
0
0
1
3
0
1
0
0
0
2
0
0
1
0
0
0
0
0
0
0
1
1
0
0
2
1
0
1
1
0
0
0
0
0
0
1
0
0
2
0
1
0
0
0
0
0
0
0
0
1
0
0
1
1
0
0
0
1
0
0
1
0
0
0
0
0
1
0
0
0
1
0
0
0
0
0
0
0
0
0
0
0
0
0
0
0
1
0
0
0
0
0
0
0
0
0
0
0
0
0
0
0
0
0
0
0
0
0
0
0
0
0
0
0
1
0
0
0
0
0
0
0
0
0
0
0
1
0
0
0
1
0
0
0
0
0
0
0
1
0
1
0
0
0
0
0
0
0
0
0
0
0
0
0
0
1
0
0
0
0
0
0
0
0
0
0
0
1
0
0
0
0
0
0
0
0
0
0
2
0
2
0
0
1
0
0
0
1
1
0
0
0
0
0
0
