0
0
0
0
0
0
0
0
0
0
0
0
0
0
0
0
0
0
0
0
0
0
0
0
0
0
0
0
0
0
0
0
0
0
0
0
0
0
0
0
0
0
0
0
0
0
0
0
0
0
0
0
0
0
0
0
0
0
0
0
0
0
0
0
0
2
0
0
1
3
1
1
4
0
1
3
2
7
1
2
4
3
14
38
104
327
912
2196
4657
9495
16862
27613
40800
54256
66557
73196
73273
66578
54902
41420
28235
17600
9989
5059
2366
993
391
138
50
13
9
2
2
0
4
2
0
0
4
2
2
1
1
0
0
0
1
1
1
0
0
7
56
45
46
43
50
55
41
40
40
56
42
48
45
50
33
44
47
35
50
37
39
41
48
34
40
43
40
39
47
33
27
32
45
32
34
37
33
38
46
43
32
33
35
36
42
30
40
37
42
34
43
36
46
40
31
52
41
35
50
48
28
40
46
46
57
49
46
55
63
83
105
96
131
149
168
176
147
175
145
160
114
97
75
83
56
49
45
49
44
44
32
49
51
45
49
46
53
42
38
50
60
43
67
65
52
63
51
67
68
77
91
95
97
130
128
128
129
130
156
162
164
198
250
262
343
530
777
1190
1903
3218
4890
7237
10504
14296
18505
22491
26008
28535
29919
29063
27424
24643
20305
16420
12740
9304
6805
4983
3410
2539
1749
1337
1065
714
636
490
371
373
394
451
551
722
788
911
990
1060
1054
997
899
771
648
499
384
302
216
164
126
112
79
77
72
60
48
46
32
24
29
20
14
9
11
11
7
7
7
7
14
11
6
7
5
10
10
8
7
9
5
6
8
6
8
11
6
7
8
14
8
6
9
8
15
12
6
19
12
13
13
18
18
16
30
26
29
28
24
29
24
18
23
13
23
16
23
15
23
19
18
26
21
26
27
18
27
19
22
22
24
22
22
18
28
21
16
20
21
12
11
14
14
8
9
5
8
11
5
5
4
5
2
15
6
4
7
6
13
8
9
9
2
4
2
6
5
8
5
8
4
7
4
12
8
6
9
8
7
9
14
9
21
18
13
25
31
15
18
20
21
16
17
16
19
14
8
12
13
5
9
4
5
6
11
16
10
8
11
10
14
9
7
10
13
9
5
8
5
5
7
13
4
4
4
6
8
9
5
7
3
6
4
3
7
2
5
7
10
11
7
11
3
6
6
10
2
12
7
5
9
5
7
5
4
6
2
5
4
5
5
10
5
9
9
5
7
11
3
5
4
8
10
5
10
2
7
5
8
6
7
5
4
4
3
12
12
6
6
5
6
8
4
4
6
4
1
8
10
5
9
7
6
5
4
4
11
7
6
10
10
4
9
8
10
4
6
10
6
8
3
12
11
4
7
7
7
9
7
6
5
13
7
11
11
9
9
10
7
7
4
9
3
15
12
14
7
8
8
15
11
10
9
9
17
7
13
12
8
8
10
8
12
7
10
12
9
9
10
9
9
12
9
12
12
9
9
14
10
7
10
11
11
13
11
14
16
11
21
9
10
13
10
10
17
18
20
22
15
15
17
12
26
19
16
16
12
18
23
11
4
19
13
16
17
19
15
19
9
15
13
19
14
12
14
19
17
24
13
24
27
21
14
21
18
9
20
21
24
23
14
22
20
24
22
15
23
21
19
19
23
20
16
22
13
24
21
28
24
27
25
18
18
25
27
22
18
24
19
21
26
19
19
24
18
22
21
23
23
39
26
31
21
28
30
27
24
33
28
25
23
28
36
24
23
29
27
28
34
36
23
41
35
31
34
29
37
35
39
27
28
43
37
41
37
29
43
39
38
34
28
44
41
32
48
37
36
35
52
54
36
46
39
49
40
50
49
47
39
55
62
53
57
53
60
67
61
46
51
58
55
64
49
59
55
62
62
56
67
52
60
71
63
62
56
68
73
66
59
81
63
60
83
96
71
64
87
77
70
81
95
87
89
91
87
90
95
101
78
100
78
94
100
87
94
98
85
94
109
76
95
86
95
83
85
93
83
85
76
98
91
103
88
75
78
81
78
89
68
62
68
74
81
80
84
80
70
80
66
67
66
72
67
69
81
74
88
70
80
77
76
67
75
68
73
72
94
65
69
80
83
59
83
62
74
70
88
89
70
81
68
74
81
84
60
67
79
70
61
61
69
79
72
72
64
76
73
64
64
80
82
61
64
69
73
70
67
78
75
70
62
73
73
82
68
55
94
66
73
84
57
86
76
77
73
67
60
70
79
68
68
88
90
82
65
76
60
82
77
79
86
65
74
87
86
81
71
83
91
72
104
82
90
86
76
99
92
101
107
81
107
114
132
137
140
202
257
274
383
393
566
650
789
980
1161
1351
1468
1625
1739
1827
1828
2075
2141
2032
2026
2005
1801
1717
1604
1425
1224
1067
928
758
667
576
417
353
323
243
201
169
158
118
98
113
111
110
94
101
82
105
87
100
86
89
95
84
100
98
88
111
104
105
103
99
111
105
99
86
86
102
116
83
104
90
110
98
94
95
95
109
100
105
99
99
121
113
104
115
109
106
111
122
113
107
115
122
128
125
102
94
119
122
131
116
141
122
135
160
170
160
178
229
229
257
259
284
311
338
345
346
362
352
386
398
334
393
376
367
297
279
279
282
248
217
222
204
203
165
179
144
151
143
144
152
139
144
156
123
146
143
126
138
171
163
137
117
141
153
140
145
159
139
149
173
156
167
169
157
147
162
174
171
168
158
157
174
164
179
176
197
189
149
170
181
173
192
188
182
225
186
209
208
172
208
203
210
244
219
206
210
246
224
257
221
237
232
252
255
234
231
252
246
256
230
291
269
263
250
272
244
245
278
256
248
272
272
253
262
260
259
263
247
277
264
243
255
255
234
249
230
270
247
236
245
234
213
234
216
223
201
225
231
200
212
180
193
202
208
194
171
189
180
180
193
161
194
169
190
174
166
185
165
164
175
179
151
157
145
174
179
158
163
136
158
148
128
165
149
152
163
157
142
135
147
148
142
113
123
147
165
167
134
140
149
154
137
141
155
150
159
153
153
147
140
150
155
149
162
149
164
149
162
161
159
140
141
168
156
140
143
153
155
159
170
130
158
146
158
134
168
145
135
158
156
156
142
150
133
149
179
142
159
151
143
159
150
150
147
149
155
151
165
151
173
156
136
147
159
154
142
138
125
156
161
169
149
154
164
150
150
133
165
139
138
128
163
165
136
174
166
149
151
176
159
165
207
152
181
167
172
172
153
160
174
171
168
171
183
176
167
175
166
164
174
176
185
182
186
156
180
187
200
189
176
210
182
194
208
188
188
188
208
217
172
181
190
175
191
188
186
201
206
198
213
190
192
188
179
158
214
196
197
197
180
207
185
170
168
209
198
190
215
209
179
202
199
210
201
197
202
191
176
187
214
203
188
192
174
186
207
206
188
177
182
209
185
184
183
173
204
182
196
191
181
190
193
182
217
179
188
192
180
181
178
193
199
179
198
231
220
188
207
217
219
201
177
204
180
215
183
201
202
190
252
210
217
231
216
238
227
209
216
216
225
238
227
261
229
272
233
216
262
249
249
249
257
257
275
242
241
255
248
261
258
239
245
233
287
276
247
236
232
254
244
270
236
264
262
255
204
261
231
232
239
235
225
235
244
256
249
222
237
220
199
242
241
237
244
243
224
222
199
198
218
227
229
196
215
193
193
183
217
182
196
215
209
202
217
194
203
190
199
184
197
203
193
200
221
200
198
208
192
224
195
177
221
191
201
190
197
223
185
199
197
177
191
188
194
189
194
199
195
183
187
188
213
175
193
192
180
195
180
196
187
181
189
191
167
200
180
205
187
190
192
194
196
159
225
189
192
224
203
178
196
184
180
182
186
170
191
162
195
179
172
210
181
181
160
190
187
216
182
179
194
184
185
200
203
204
159
184
207
173
172
177
166
202
205
189
171
172
188
219
181
191
183
187
202
176
187
189
207
181
183
187
187
200
164
179
169
193
169
198
194
181
186
209
196
182
171
194
182
190
214
195
169
194
166
196
184
166
204
153
199
209
176
188
178
174
185
183
175
217
179
182
181
190
180
188
173
192
169
185
213
172
203
214
208
188
188
204
180
165
195
181
174
188
194
190
199
198
213
196
209
168
197
182
210
205
190
201
196
210
222
185
194
192
200
215
211
194
188
209
205
209
202
209
199
179
187
203
198
209
198
217
186
193
186
179
175
169
188
185
201
181
216
194
188
174
201
203
201
188
196
193
202
203
230
214
219
234
191
212
225
210
211
211
205
209
223
201
224
220
214
205
221
201
205
222
213
237
231
233
211
213
228
232
246
217
243
226
219
250
257
241
208
227
260
235
258
240
237
255
220
261
257
224
242
242
256
280
226
259
243
272
298
316
309
305
267
316
285
287
253
289
303
289
297
340
349
322
344
320
345
311
343
322
325
342
336
349
352
372
363
383
375
361
357
431
436
407
437
479
462
472
508
494
542
515
507
564
584
571
632
583
626
743
664
733
758
752
810
800
800
816
876
864
854
928
920
946
989
1013
1042
1003
1099
1084
1108
1085
1135
1111
1170
1125
1096
1150
1127
1153
1182
1139
1136
1115
1209
1134
1134
1191
1085
1078
1146
1051
1045
985
988
989
949
871
910
868
854
819
798
774
777
765
702
702
716
646
595
602
593
583
525
506
529
516
449
436
458
419
436
427
402
420
371
378
331
350
346
311
325
324
288
288
317
283
320
312
238
262
253
247
233
276
256
263
251
221
227
244
218
247
234
238
224
200
202
184
204
197
212
190
170
199
160
189
193
164
202
171
183
183
172
166
177
195
202
191
197
162
202
226
205
228
222
239
245
252
239
261
302
294
286
262
367
338
329
349
332
354
350
382
406
393
400
375
385
348
408
392
389
330
347
338
336
299
271
258
225
228
225
216
171
172
166
186
156
160
141
156
140
137
133
142
128
121
118
133
133
122
131
125
124
137
118
141
100
140
128
126
122
156
134
132
149
144
167
127
135
115
158
158
165
167
160
153
155
153
169
177
164
175
162
187
176
177
173
175
206
173
203
196
181
221
210
199
200
194
231
210
222
206
192
203
211
205
229
223
230
232
239
212
213
206
221
235
211
216
207
195
219
213
193
171
211
197
194
178
198
183
174
178
161
198
171
177
203
162
159
163
167
139
148
161
145
144
138
115
123
122
123
135
112
132
111
121
97
120
93
108
103
101
93
95
65
85
86
98
83
95
77
75
102
75
83
85
103
78
84
85
63
79
72
67
79
82
53
78
81
70
67
61
74
78
72
66
71
66
62
56
74
52
59
53
42
38
52
54
54
58
61
61
52
45
60
47
58
50
59
49
55
57
55
57
43
50
47
49
61
40
54
55
49
40
44
50
51
68
45
50
55
56
40
42
42
59
50
41
53
54
51
52
56
48
46
54
62
64
68
56
62
54
61
74
69
94
74
62
63
85
64
52
72
63
50
65
43
54
49
48
49
56
48
48
47
40
46
34
41
33
35
38
44
44
28
37
39
32
36
29
35
32
33
38
36
40
36
48
40
46
35
32
43
33
44
42
41
45
36
38
31
39
32
32
31
34
41
33
28
35
25
33
31
40
39
21
46
41
31
30
26
29
28
35
31
30
23
25
32
23
26
21
27
40
34
28
23
30
23
28
25
22
25
28
20
27
31
21
30
25
34
33
22
25
21
27
23
29
32
29
30
34
25
31
33
29
31
19
24
17
33
27
21
27
35
29
31
33
20
29
34
30
31
29
36
17
35
21
36
26
28
28
25
22
31
27
13
27
30
21
34
24
18
17
20
24
22
28
25
22
22
32
27
20
17
23
29
19
25
27
25
29
24
14
30
23
20
19
26
16
25
23
26
23
21
11
9
24
27
23
34
21
22
23
20
17
14
27
23
27
15
26
19
19
25
15
14
19
24
19
17
20
16
17
29
29
21
18
23
18
20
25
16
27
15
24
26
19
27
24
20
28
16
18
18
20
20
17
18
16
20
25
20
19
15
11
17
13
16
23
20
19
28
13
20
19
18
17
13
26
17
20
23
13
14
16
15
17
16
9
23
20
19
8
17
24
22
16
18
18
11
20
16
11
22
18
23
11
15
28
13
19
23
8
17
18
21
18
14
18
22
22
22
14
22
6
16
22
18
22
10
17
17
13
14
19
16
15
12
12
13
17
11
18
13
14
17
16
13
11
15
15
20
17
11
14
10
24
10
10
14
9
16
15
15
15
12
7
9
9
7
21
18
16
16
8
14
14
20
14
11
16
10
15
11
9
21
14
15
8
16
12
19
9
13
17
17
15
14
13
19
16
15
20
13
13
15
11
7
10
11
16
11
11
12
11
12
10
11
13
16
15
14
8
10
9
17
16
14
9
12
12
13
17
14
8
10
18
12
10
9
11
6
17
13
7
9
12
6
14
10
17
14
11
13
7
13
13
9
10
14
8
12
16
7
15
9
8
8
14
12
5
13
14
9
4
8
15
8
7
11
12
7
12
13
8
9
10
13
11
11
11
8
8
14
9
7
10
8
19
11
6
15
10
7
5
12
10
10
10
9
4
9
7
12
11
8
6
12
12
5
12
10
5
10
10
11
6
9
7
10
14
9
8
11
10
12
12
11
11
10
10
7
12
10
14
3
10
12
7
9
4
9
7
8
4
17
13
9
12
10
10
7
8
6
7
16
8
7
4
5
5
10
9
4
3
11
6
10
8
7
6
4
8
11
9
10
11
11
11
6
10
8
8
14
6
5
4
10
6
11
8
7
6
5
1
6
5
7
8
6
5
12
6
6
2
3
9
11
7
7
9
6
8
4
11
7
11
7
4
5
7
13
5
5
6
10
6
4
12
7
6
6
9
7
6
9
5
9
9
8
8
6
14
4
6
7
8
8
4
14
3
6
3
6
5
7
5
10
5
2
4
1
5
6
11
10
6
6
7
3
4
6
5
5
7
4
4
5
2
6
3
2
3
5
7
7
9
6
2
5
6
7
3
11
10
2
7
7
7
4
7
5
9
5
5
6
6
5
3
2
3
10
3
3
4
3
2
8
2
5
2
8
6
8
3
6
5
5
5
3
4
10
4
5
3
2
8
10
3
6
4
6
3
5
5
4
2
6
2
3
6
3
1
4
5
4
2
2
9
3
4
3
1
3
7
6
4
4
5
5
5
4
3
5
3
2
5
6
8
5
4
4
3
1
5
8
2
5
4
0
1
6
3
5
4
2
6
4
3
6
3
5
5
1
2
7
3
3
1
2
4
7
2
6
4
5
4
6
4
4
0
3
3
2
0
5
1
5
4
3
9
3
1
3
2
2
3
3
3
3
3
5
1
4
3
1
3
4
6
7
8
5
2
3
2
2
2
4
3
3
4
3
7
2
2
3
3
4
3
3
1
2
5
2
5
3
3
2
6
3
3
4
3
2
5
4
2
5
2
2
3
4
1
1
2
3
4
3
3
8
2
1
4
5
2
4
3
2
2
4
2
1
3
1
6
3
4
3
3
2
7
5
4
1
5
3
2
3
2
1
3
3
6
4
0
1
2
6
1
4
2
1
2
2
3
3
4
0
2
1
2
1
4
3
3
1
1
2
2
3
4
3
0
0
3
0
2
3
1
6
2
2
1
4
3
4
2
3
4
3
3
4
1
0
0
0
2
2
3
4
2
2
2
1
1
3
2
2
1
3
0
4
2
2
1
3
3
2
3
3
3
0
2
1
0
2
1
6
4
2
2
0
3
1
1
1
0
0
2
1
1
4
2
4
1
4
3
4
1
2
0
3
1
1
2
0
0
2
3
0
2
4
1
2
0
0
1
0
1
2
2
2
3
2
0
3
2
1
1
0
2
2
1
2
1
1
3
2
0
1
0
2
1
0
1
2
3
2
2
1
0
0
2
2
4
5
1
4
4
3
1
2
0
1
1
0
1
3
3
2
1
1
1
0
0
2
1
0
0
1
3
1
1
2
1
1
0
1
0
2
0
0
2
3
1
0
1
2
0
0
1
1
0
0
1
2
2
2
3
1
1
0
1
0
1
0
1
1
1
2
1
0
2
0
1
2
3
2
0
2
1
3
0
2
1
2
1
1
1
0
1
0
3
2
0
1
2
0
1
0
1
0
0
2
0
1
2
0
1
0
2
0
1
1
2
1
0
1
1
2
1
3
1
1
0
2
0
1
2
0
0
0
0
1
1
1
1
0
0
1
1
1
1
1
1
1
2
0
0
0
0
0
1
1
1
1
0
1
0
2
2
0
0
0
1
0
0
0
4
0
3
2
1
1
1
0
0
1
0
1
0
0
0
1
0
0
0
2
0
1
2
0
1
1
1
2
0
0
1
0
1
0
1
2
0
0
0
1
0
0
0
1
1
1
0
0
0
1
1
0
0
1
4
1
0
0
2
0
0
0
0
0
0
0
1
0
2
2
0
0
2
0
0
2
0
0
2
1
0
1
0
2
2
1
0
0
0
0
1
1
0
0
1
3
1
0
0
0
1
1
0
1
0
1
0
1
0
1
0
2
0
0
1
1
0
0
1
1
1
0
0
0
0
0
0
0
0
0
1
1
1
1
1
0
1
0
0
1
1
1
1
1
1
0
2
1
1
1
0
1
0
1
1
1
1
0
0
1
0
1
1
0
1
2
0
0
0
0
0
0
0
1
0
0
1
0
0
1
0
0
1
2
0
0
0
1
1
0
1
0
0
1
0
0
0
1
0
0
1
0
0
0
0
0
0
2
0
1
0
0
0
0
1
0
0
0
0
0
1
1
1
0
1
0
2
0
0
0
1
0
1
0
0
2
0
0
0
0
0
1
0
0
0
1
0
0
0
0
0
0
0
1
1
0
0
1
0
0
0
0
0
0
0
0
0
2
0
0
0
0
0
2
2
0
0
1
0
0
0
0
0
0
0
1
0
0
0
0
0
0
0
0
1
0
1
0
0
0
0
0
0
0
0
1
0
2
0
0
0
1
0
1
0
0
0
0
0
1
0
0
0
0
0
0
0
1
1
0
0
1
0
0
0
0
0
0
0
0
0
0
0
1
0
0
2
0
0
0
1
0
0
2
0
2
0
1
0
2
0
0
0
1
0
1
0
0
0
1
0
0
0
0
0
0
0
1
0
0
0
0
0
0
0
0
0
1
0
0
2
0
0
0
0
0
0
0
0
0
0
1
0
0
0
0
0
0
0
0
0
0
0
2
1
1
0
1
0
0
0
0
0
1
1
0
0
0
0
0
0
1
0
0
0
0
0
2
1
0
0
0
1
0
0
0
0
0
0
0
1
0
0
0
0
0
0
0
0
0
0
0
0
0
0
0
0
0
0
0
0
2
0
0
0
1
0
0
