0
0
0
0
0
0
0
0
0
0
0
0
0
0
0
0
0
0
0
0
0
0
0
0
0
0
0
0
0
0
0
0
0
0
0
0
0
0
0
0
0
0
0
0
0
0
0
0
0
0
0
0
0
0
0
0
0
0
0
0
0
0
0
0
1
0
0
0
0
0
0
2
1
0
2
4
2
2
0
2
1
6
9
44
133
386
939
2309
4805
9409
16963
27714
41030
54197
66471
72827
72987
66511
54989
41390
27844
17916
9770
4961
2308
981
405
130
45
13
6
4
0
0
1
0
0
2
1
1
1
0
0
2
0
1
0
0
0
0
0
6
71
53
55
50
52
50
47
45
42
43
44
39
36
37
42
50
44
46
45
32
41
41
39
43
36
33
39
37
31
39
38
42
28
43
36
31
42
39
30
35
35
31
38
46
32
33
33
36
25
25
28
34
26
39
30
43
42
51
51
44
40
35
37
52
40
48
33
37
60
73
87
109
155
119
168
165
155
188
147
140
107
91
75
88
56
53
52
43
47
40
37
37
40
56
34
55
40
38
51
49
46
50
57
52
59
62
53
68
55
70
95
82
100
97
126
112
149
140
131
151
150
165
142
192
268
432
642
1055
1774
2979
4703
7160
10010
13653
17704
21899
25230
27780
28802
28408
26296
23267
19674
15618
12148
9130
6443
4589
3347
2363
1717
1299
924
659
524
380
313
324
318
405
548
662
831
897
1031
1080
1032
980
955
821
644
550
397
281
233
160
160
106
101
95
78
61
57
46
39
28
19
22
9
16
13
10
11
11
11
6
7
9
7
7
5
9
7
5
7
9
11
2
11
8
8
9
5
5
10
8
12
9
6
12
8
5
12
17
14
11
18
13
18
24
19
25
34
30
36
25
18
20
19
21
28
18
16
16
13
18
25
22
22
29
30
15
15
22
16
18
22
20
16
17
22
21
19
15
15
14
11
6
5
9
13
11
7
8
8
7
7
6
6
5
2
10
6
4
1
8
7
2
5
6
10
5
4
4
6
4
6
7
2
9
7
9
7
6
10
16
16
20
21
32
25
22
22
17
24
23
20
11
16
18
15
11
8
9
14
9
5
6
6
17
8
8
11
17
10
13
12
9
6
11
7
5
15
7
3
6
9
6
2
3
9
5
5
1
8
3
10
7
7
6
5
4
12
8
6
7
7
6
8
4
8
5
6
3
3
6
7
5
5
2
9
4
12
6
1
4
3
5
4
4
7
1
2
9
7
7
3
8
8
7
9
1
5
3
3
9
5
8
10
2
12
9
10
7
11
3
6
9
3
11
7
8
5
10
3
5
6
3
7
9
7
7
6
14
7
8
6
11
7
11
7
5
7
9
9
5
9
4
7
3
10
8
10
10
11
7
5
7
11
6
5
9
9
10
5
7
5
10
7
10
6
10
7
8
6
17
10
15
12
11
8
9
11
7
9
11
8
11
9
7
9
14
11
8
12
8
12
7
12
7
13
7
5
8
17
10
8
11
11
16
9
14
15
8
13
9
13
13
10
12
8
8
16
18
17
20
15
14
21
20
14
14
23
17
17
21
30
18
16
20
30
18
26
22
21
26
23
20
20
23
16
20
27
27
15
19
18
22
23
15
26
24
15
17
21
14
15
22
17
22
19
16
13
18
12
15
22
16
20
21
24
16
22
24
18
20
15
15
19
21
16
19
21
21
20
13
23
17
19
20
25
24
19
25
15
17
23
17
25
22
26
21
28
24
27
22
20
31
15
20
39
24
29
25
17
24
27
21
37
28
23
36
29
22
31
35
31
35
18
37
23
26
31
32
31
38
26
39
39
32
41
34
38
36
22
32
36
42
36
40
36
40
40
43
45
33
42
47
36
46
51
51
49
48
46
49
52
46
47
54
59
59
58
65
54
74
52
63
55
45
54
65
80
72
60
95
87
89
92
94
105
89
93
126
121
140
149
149
163
158
172
148
154
151
149
128
129
123
113
99
143
113
103
88
92
91
91
83
86
84
92
79
76
86
87
79
80
57
80
73
84
81
71
72
89
79
88
82
83
79
85
76
77
77
86
79
67
81
74
67
87
90
81
81
78
76
83
68
71
73
68
61
87
67
62
72
81
72
76
78
73
75
68
72
73
70
92
67
81
80
90
80
79
72
75
66
81
81
63
69
85
57
70
72
75
65
65
81
56
99
74
76
67
71
69
75
73
63
74
85
65
85
71
76
83
72
82
66
82
79
75
69
86
83
72
77
75
87
64
90
84
71
76
75
97
70
94
81
102
77
95
82
82
77
84
85
83
76
76
99
87
114
87
103
103
97
123
130
157
163
165
215
273
321
395
493
573
757
868
919
1182
1259
1503
1638
1775
1854
1936
2021
2034
2037
1921
1886
1771
1667
1549
1312
1200
965
857
752
641
496
436
347
302
225
206
169
151
137
141
104
128
105
101
97
91
114
122
101
106
134
100
105
108
104
126
107
116
125
123
115
98
107
137
113
95
104
121
103
135
128
127
109
98
111
123
112
101
123
124
123
108
108
121
112
131
129
119
120
114
113
122
106
127
101
116
119
110
119
128
132
166
152
156
151
151
183
175
219
208
254
256
264
328
330
342
299
345
368
391
398
360
360
315
340
334
285
276
260
214
216
203
176
178
178
165
146
140
151
134
150
125
121
141
138
127
102
135
136
143
128
124
149
123
112
162
176
148
121
132
140
165
127
148
133
168
138
147
150
125
151
145
157
137
184
167
164
147
151
162
174
164
149
180
152
168
167
189
179
197
178
170
170
188
192
210
213
182
184
198
194
175
187
173
183
202
161
193
168
206
181
200
204
210
201
212
212
181
223
228
228
219
219
246
224
245
249
262
246
248
272
259
270
248
248
277
243
251
277
305
279
266
276
266
256
275
265
259
276
266
264
279
309
285
264
274
309
290
277
281
281
276
294
280
297
266
263
262
279
256
307
258
228
254
234
242
252
229
206
222
223
257
224
237
206
203
215
211
210
205
193
198
187
200
189
197
196
191
202
179
195
193
177
180
199
156
155
142
162
172
175
186
155
178
163
158
169
156
147
140
163
174
169
169
171
162
163
144
158
169
159
183
148
184
135
165
164
167
149
147
163
155
173
163
174
192
164
185
177
178
168
166
199
193
170
184
170
187
198
177
182
203
178
182
213
213
203
187
175
187
207
217
185
236
179
187
200
205
220
215
204
204
217
207
227
209
232
219
210
217
207
229
237
235
218
235
206
190
218
213
213
221
203
207
228
231
195
200
181
200
188
196
191
224
201
216
194
193
193
179
177
183
190
199
186
167
174
188
178
199
187
200
190
163
182
172
157
201
187
179
177
180
167
192
179
164
148
170
178
156
201
178
190
163
169
172
180
177
158
174
177
172
193
173
196
176
207
157
180
155
182
177
180
175
158
162
146
177
165
170
158
155
188
197
164
164
156
156
170
157
161
171
188
184
175
180
177
193
187
196
164
173
209
177
198
202
179
186
178
165
188
167
194
196
190
202
179
178
202
196
181
175
154
170
173
167
193
175
171
186
177
167
179
189
184
172
189
181
190
184
178
190
175
183
192
169
191
185
162
199
180
204
178
181
206
184
194
180
179
196
197
201
202
204
187
204
203
214
211
209
202
198
174
197
184
213
217
174
187
215
198
219
187
226
193
204
214
195
210
235
211
213
168
227
205
206
219
198
215
205
205
214
202
208
228
238
244
222
236
210
223
206
211
204
220
217
234
191
211
217
215
196
249
216
221
186
192
226
216
223
204
230
244
203
231
224
211
205
229
192
209
193
213
205
189
226
220
184
211
194
198
204
223
199
193
198
199
189
208
215
181
196
222
217
178
211
180
179
204
183
191
207
187
187
181
189
208
180
188
176
208
198
205
207
185
210
171
185
165
180
207
162
184
194
184
169
181
179
195
194
161
191
193
209
200
187
215
184
184
203
182
188
165
205
202
197
192
180
193
203
179
161
178
186
182
168
187
187
179
222
171
184
183
197
184
186
193
168
180
198
186
182
197
173
223
205
163
192
194
186
190
189
190
201
179
205
185
183
176
212
176
174
188
188
187
210
194
163
184
192
201
184
197
198
199
189
172
183
201
181
202
187
194
212
212
168
204
244
192
185
180
192
213
191
199
181
226
197
212
190
188
203
183
204
232
205
192
205
185
170
190
192
184
190
178
195
218
199
166
201
200
201
190
198
195
212
184
201
191
209
190
199
201
211
191
214
207
221
178
198
201
209
199
215
173
227
218
219
193
193
205
209
211
191
199
205
213
227
182
210
213
216
188
225
208
215
235
208
221
212
215
219
221
215
208
233
239
222
220
228
213
209
228
234
228
243
227
244
241
218
234
253
271
303
261
252
260
247
260
251
274
267
274
289
284
299
267
274
257
270
293
288
284
305
309
297
285
302
275
298
312
309
339
351
354
378
365
378
363
348
370
384
405
386
415
417
423
394
426
451
460
460
418
498
491
554
524
488
541
564
587
644
637
659
697
678
736
745
809
761
810
865
792
921
876
823
935
920
1024
939
1003
1092
1046
1077
1131
1068
1085
1185
1106
1140
1126
1136
1182
1222
1153
1138
1133
1222
1110
1143
1125
1115
1068
1014
1095
1077
1081
1008
1012
1014
936
959
916
897
840
872
844
827
739
716
715
730
675
686
689
640
602
590
567
558
528
481
471
468
436
428
396
420
411
437
355
355
379
346
332
323
326
318
327
294
324
292
328
299
305
280
269
259
282
239
262
251
241
233
222
222
215
198
250
236
190
189
218
216
199
203
214
195
178
190
198
170
195
172
213
172
202
162
203
182
171
185
229
180
199
197
209
193
217
227
249
248
274
277
295
324
308
331
348
336
368
384
423
385
400
450
430
406
432
417
363
441
421
434
429
405
386
399
378
385
335
328
306
268
289
270
242
235
223
215
183
187
176
170
163
136
148
153
152
112
108
132
142
130
128
150
139
123
165
133
118
127
136
153
131
134
128
126
121
142
130
126
159
149
150
148
181
163
168
161
154
148
146
156
159
172
173
170
169
160
155
182
177
203
208
170
197
225
205
171
215
227
192
208
187
220
204
232
199
194
208
217
239
241
192
231
210
202
233
219
218
205
233
189
203
190
196
217
208
180
210
175
181
196
193
170
181
180
178
169
151
172
136
182
144
160
143
171
149
141
154
136
134
127
133
122
129
120
131
128
120
123
137
128
90
105
115
104
100
100
98
87
93
92
84
83
102
88
88
96
97
91
103
84
91
79
70
80
78
65
68
63
76
68
70
74
73
79
64
68
73
71
68
62
66
73
59
68
66
41
58
45
60
58
62
51
45
54
62
54
57
50
58
60
54
66
62
53
38
59
44
56
50
44
51
60
50
56
49
46
54
45
55
49
47
42
47
37
55
44
59
49
60
45
64
53
58
40
49
60
57
67
58
53
62
62
50
72
69
77
61
74
56
60
59
69
68
75
69
64
59
70
67
65
62
57
55
49
48
42
54
47
41
43
32
34
42
42
46
29
49
43
35
23
44
45
39
37
47
39
35
41
47
29
30
37
42
31
49
31
38
43
39
39
45
35
42
32
45
36
42
35
36
28
23
22
30
31
33
33
26
27
20
33
28
38
32
34
38
25
27
29
38
34
36
31
36
25
28
32
34
35
28
28
29
27
22
27
27
30
37
23
20
26
23
30
32
24
25
31
24
37
24
22
31
26
34
40
36
36
38
33
24
23
30
28
38
30
28
29
33
18
21
32
30
22
27
24
23
23
25
26
25
27
26
27
24
35
14
22
28
29
17
29
33
26
19
44
32
26
16
21
27
15
32
21
15
23
29
25
29
23
20
34
19
24
28
18
20
15
27
18
32
27
29
29
30
19
18
20
26
25
25
21
22
23
28
18
18
23
21
23
20
19
30
22
22
25
24
26
18
17
20
12
26
30
26
15
23
21
18
15
31
25
21
18
20
24
23
27
22
24
24
19
24
16
18
21
17
22
20
24
18
29
16
18
17
11
20
14
16
22
14
23
12
22
18
18
15
17
18
21
24
19
20
15
21
21
12
17
23
14
16
17
13
15
15
19
22
22
15
20
16
17
14
10
19
16
15
18
12
17
19
22
16
14
15
16
14
20
16
26
19
24
28
19
17
21
18
16
15
19
17
14
15
18
8
10
20
9
12
14
15
12
20
20
17
20
16
16
11
12
12
14
15
17
18
19
19
17
20
15
14
18
12
16
22
11
14
18
21
17
5
20
14
19
14
12
18
11
13
16
16
18
13
8
13
21
11
11
18
18
13
15
17
13
7
17
17
17
12
12
8
16
15
15
20
10
16
13
13
10
17
13
15
17
14
14
18
15
12
10
11
18
11
12
13
15
16
21
17
8
14
20
12
8
12
10
11
18
15
13
16
10
17
18
16
15
9
11
14
10
11
15
16
9
9
11
13
9
16
8
10
15
11
11
14
15
14
11
12
15
11
15
20
10
10
6
15
11
13
14
10
9
6
16
10
9
11
7
9
11
16
14
13
7
14
4
10
9
11
17
11
8
8
6
12
7
9
10
6
8
11
13
7
6
5
8
11
6
9
11
10
15
8
11
7
15
15
11
9
9
12
12
7
9
13
3
8
9
5
11
8
11
14
7
6
11
12
16
12
9
7
11
7
8
9
9
6
11
12
5
9
11
7
12
12
9
5
8
9
5
11
4
12
10
12
8
13
6
10
7
9
10
4
5
7
6
12
6
8
7
10
6
4
7
5
12
15
6
6
6
5
9
8
4
13
13
10
7
6
8
8
12
10
10
6
5
6
9
7
5
8
7
2
8
9
9
6
9
9
8
11
6
12
6
5
6
6
5
9
5
3
5
7
12
9
7
7
5
2
8
3
6
8
11
4
6
7
8
5
10
2
7
4
12
6
6
6
7
3
6
5
5
7
3
5
6
8
6
7
4
6
6
5
9
7
5
3
4
6
2
9
8
5
2
6
7
7
14
6
6
7
8
0
5
5
3
9
5
2
5
7
4
8
3
6
6
4
4
11
4
6
3
7
6
5
5
7
6
3
3
8
5
7
7
8
7
8
3
9
6
3
3
6
6
8
2
6
5
5
4
4
4
5
12
6
2
3
7
7
6
2
10
8
3
2
5
3
3
6
7
6
2
5
5
8
1
8
6
5
8
4
1
5
4
10
3
4
6
3
2
4
6
3
3
5
2
2
2
3
10
3
4
4
8
1
2
11
3
8
6
1
5
5
4
5
7
6
3
4
4
3
5
4
6
4
6
4
4
4
4
5
7
4
2
4
5
2
2
2
2
3
5
4
3
3
1
4
2
5
9
4
6
4
4
3
6
6
3
4
1
1
2
0
2
4
3
0
5
1
3
3
2
3
5
2
1
2
3
2
1
4
6
4
6
1
2
3
2
3
3
5
1
1
2
2
2
2
5
0
1
1
4
3
1
3
6
3
4
2
3
3
1
4
1
3
3
2
1
2
5
4
3
4
2
4
1
3
6
3
4
4
4
1
3
2
3
2
1
3
0
3
2
0
6
2
4
4
3
2
1
0
4
0
3
2
2
3
1
0
2
1
1
3
0
0
4
3
2
3
3
4
2
5
1
2
2
3
3
4
1
2
1
5
4
2
1
2
1
0
2
4
6
1
1
2
3
0
2
2
3
0
3
0
3
4
4
1
1
3
1
6
0
2
3
1
3
4
3
3
3
0
2
4
2
1
3
0
0
1
2
4
1
2
2
1
1
3
2
2
0
2
1
4
1
2
1
2
2
4
4
1
2
5
1
1
5
3
0
2
2
2
3
1
1
0
0
3
3
0
1
2
3
2
2
0
1
2
2
1
2
1
3
4
1
1
5
2
4
0
1
2
1
1
3
4
4
2
1
0
1
0
1
0
1
1
0
1
0
1
1
0
4
6
1
1
1
1
0
0
2
1
2
1
1
0
0
1
1
1
1
3
1
5
2
1
2
1
0
1
1
1
1
1
2
1
0
1
0
1
2
0
1
1
1
0
0
0
3
1
1
1
2
1
0
1
2
2
1
0
2
1
0
0
5
0
1
2
1
2
1
0
0
2
1
4
1
1
0
1
2
1
0
1
1
3
2
1
0
1
2
2
1
2
0
1
0
1
0
0
0
0
1
1
1
0
1
1
0
0
0
0
1
1
1
2
0
1
2
0
3
0
1
1
3
0
3
0
3
0
0
2
2
0
1
1
2
1
1
0
0
0
1
2
1
0
0
0
5
0
0
0
1
3
1
1
0
0
0
1
0
1
0
0
1
0
1
2
0
0
1
0
0
0
0
0
2
0
0
2
1
1
1
0
0
2
1
0
0
1
2
0
0
1
3
0
0
4
0
0
0
0
2
1
0
5
1
0
0
0
1
0
0
0
1
0
0
0
0
1
1
1
0
0
2
0
2
0
0
0
2
0
1
1
0
1
1
1
1
0
0
2
1
1
0
0
1
0
2
0
2
2
0
1
0
1
0
0
1
0
0
0
1
0
0
0
1
0
0
1
1
1
0
0
0
3
0
0
0
1
0
2
0
0
0
0
0
0
2
0
0
0
0
0
0
0
1
0
1
1
2
1
0
1
0
0
0
3
1
1
0
1
0
0
1
0
0
0
1
0
0
0
2
0
1
0
0
0
0
0
0
1
1
0
1
1
1
0
0
1
1
1
0
2
2
1
0
0
0
0
2
1
0
1
0
0
0
1
0
1
0
0
0
0
1
0
0
0
1
0
1
0
1
1
0
1
0
1
1
0
0
0
1
1
1
0
0
1
0
1
1
0
1
0
0
0
1
0
0
1
0
0
0
0
1
0
0
0
0
0
0
0
0
0
0
0
1
0
1
0
0
0
0
0
0
0
0
1
2
0
0
2
0
0
0
0
0
0
0
1
0
0
0
0
0
0
0
0
3
0
0
0
0
1
1
0
0
0
0
0
0
1
1
0
0
1
0
0
0
0
1
0
0
0
1
1
0
0
0
0
2
0
0
0
0
0
0
1
1
1
0
0
2
1
0
0
0
0
1
0
0
0
1
1
0
0
1
1
0
0
0
1
0
0
1
0
1
1
0
1
2
0
2
0
0
0
0
0
0
0
0
0
1
0
1
0
2
0
0
0
1
0
0
0
0
1
0
0
0
1
0
0
0
0
0
1
0
0
0
0
0
0
0
0
0
1
1
0
0
0
0
0
0
0
0
0
0
0
0
0
0
1
0
0
0
0
0
0
0
0
0
0
0
1
0
0
1
0
0
0
0
1
1
0
0
0
0
0
0
0
0
0
0
0
0
0
0
0
0
0
0
1
0
0
0
1
0
0
0
0
0
0
1
0
0
0
0
1
0
0
0
0
