0
0
0
0
0
0
0
0
0
0
0
0
0
0
0
0
0
0
0
0
0
0
0
0
0
0
0
0
0
0
0
0
0
0
0
0
0
0
0
0
0
0
0
0
0
0
0
0
0
0
0
0
0
0
0
0
0
0
0
0
0
0
0
0
0
0
0
0
0
2
0
1
1
2
4
4
1
4
3
0
3
2
13
42
132
363
960
2448
4894
9458
17138
27894
40888
54561
65923
72546
73069
66990
55442
40960
27949
17385
9592
4978
2400
948
404
124
57
14
7
4
0
0
0
2
0
2
1
0
0
1
0
0
0
0
0
0
0
0
0
6
65
44
42
60
47
58
49
36
42
40
47
33
51
38
44
49
56
41
38
51
37
48
38
55
46
38
43
43
34
34
30
39
32
26
37
38
35
27
38
43
38
31
46
35
29
33
39
33
41
35
31
38
39
36
38
47
19
35
48
36
45
49
37
49
49
37
49
61
73
77
98
109
153
151
171
152
174
132
147
92
117
103
75
71
60
48
49
56
46
47
42
25
52
46
35
44
33
51
47
55
46
57
54
46
63
63
72
70
80
81
81
83
80
103
108
116
110
142
138
108
149
161
157
185
263
396
617
1070
1766
3034
4562
7259
10200
13977
17787
21701
25609
28017
28821
28557
26307
23468
19700
15735
12340
9077
6588
4719
3350
2292
1560
1251
946
705
513
377
337
354
327
421
493
599
822
925
1015
1104
1017
1075
961
797
665
525
388
308
221
184
134
119
109
95
79
60
68
53
53
29
26
10
14
13
13
11
9
13
8
9
8
12
8
12
10
3
8
6
4
8
11
8
6
9
7
10
3
10
4
9
12
8
5
10
16
6
10
9
14
12
14
11
16
19
28
20
29
22
24
27
22
22
20
13
18
15
21
17
19
11
15
19
16
24
17
25
21
22
18
15
20
19
15
23
11
10
20
17
16
14
23
7
10
11
5
7
1
7
4
8
10
12
5
7
6
8
9
10
5
6
7
5
3
4
5
4
5
8
4
6
4
5
5
1
8
1
9
8
14
12
20
10
14
19
23
27
16
26
19
16
22
18
14
15
7
10
16
11
10
5
9
7
9
8
15
8
7
7
5
17
12
12
13
9
10
10
3
9
7
5
5
4
8
4
8
2
10
7
4
4
4
9
4
5
3
10
6
5
2
6
7
7
10
3
6
4
3
4
3
7
2
7
6
2
4
12
6
9
5
3
5
1
10
8
7
4
7
10
4
11
5
6
1
8
6
5
2
8
1
2
6
3
5
5
4
4
7
8
9
7
7
9
8
5
7
4
6
8
7
5
4
3
6
8
12
3
6
3
3
12
7
8
7
4
8
7
5
10
10
10
3
7
9
7
5
5
9
4
5
3
4
12
7
7
2
8
10
6
6
11
13
5
8
7
9
4
7
9
6
14
7
9
6
7
11
4
10
15
9
7
13
11
5
9
12
9
11
12
9
12
5
10
10
14
7
6
7
14
3
12
11
7
11
15
9
14
10
20
13
15
14
10
16
10
17
11
13
13
13
17
18
20
13
21
13
15
20
23
26
22
11
15
24
28
31
25
20
23
8
18
25
24
18
21
26
19
24
22
22
17
20
19
28
22
19
15
34
18
20
27
31
19
21
15
21
15
16
15
14
24
14
17
15
17
20
22
7
17
21
20
19
22
22
20
23
25
18
16
18
13
20
19
16
27
19
19
22
27
31
15
22
26
21
28
16
23
23
25
21
32
25
31
30
29
21
18
20
30
27
26
32
33
29
31
40
32
25
27
21
26
38
31
22
39
39
29
27
35
31
36
21
37
37
32
32
46
30
38
40
36
38
40
38
41
37
42
57
50
42
47
32
39
36
55
50
58
43
47
40
48
37
54
58
49
49
61
56
47
50
53
52
55
56
63
65
70
59
73
68
85
76
59
104
103
103
107
116
121
121
132
135
139
157
147
127
165
161
162
141
134
135
129
125
109
106
96
105
98
91
95
96
84
79
71
85
74
71
92
91
78
82
84
81
62
90
81
89
79
75
87
91
84
75
77
70
85
99
83
80
93
62
75
92
73
73
90
81
91
82
66
78
81
75
62
60
74
81
84
68
92
87
73
75
75
79
86
75
73
82
78
78
67
72
82
73
71
79
87
78
72
78
75
84
83
64
78
72
73
86
73
88
67
74
72
70
89
70
64
85
74
86
81
79
78
82
65
85
97
67
77
81
71
71
98
58
82
84
90
82
63
76
62
75
69
82
75
76
77
91
87
58
69
79
86
86
80
66
73
82
86
84
65
89
86
81
86
91
111
122
111
112
125
131
157
182
253
265
319
393
468
610
705
912
1017
1087
1334
1468
1657
1771
1903
1944
2014
2094
2015
1902
1934
1748
1724
1535
1368
1152
1025
904
753
600
489
440
352
270
250
208
168
161
155
135
105
100
113
97
123
105
98
112
88
102
116
110
102
130
120
125
114
109
123
112
121
101
107
128
121
123
111
103
107
134
120
102
106
112
128
108
107
127
119
112
112
126
122
109
102
114
107
127
124
107
109
119
105
103
131
115
150
123
112
132
119
156
122
149
152
165
188
176
201
222
232
274
276
299
339
356
382
345
382
373
369
381
353
340
289
327
299
291
289
197
238
171
180
186
189
157
161
154
140
134
137
132
158
124
156
125
136
126
141
123
128
143
128
127
139
136
131
139
160
149
146
148
145
123
149
154
136
136
159
142
161
163
143
159
166
170
144
164
163
182
177
160
184
161
165
163
166
172
205
158
145
160
169
173
211
184
198
181
190
202
184
197
176
204
194
221
213
200
199
201
199
206
199
205
213
218
205
207
220
204
202
234
219
223
241
231
239
243
256
245
248
270
276
251
248
296
286
226
280
283
251
277
270
286
287
279
282
262
271
305
290
270
296
266
263
294
275
283
281
295
307
275
260
275
257
262
295
236
268
277
258
248
245
246
251
248
223
256
245
235
242
237
238
215
221
213
218
205
214
195
196
206
205
194
187
174
193
190
178
168
165
151
181
150
160
167
162
167
151
152
173
168
184
171
159
169
176
185
174
153
141
180
166
153
165
161
165
160
159
164
161
166
172
149
144
160
165
162
154
174
159
167
173
169
144
190
157
154
172
169
216
162
175
179
177
170
182
203
193
184
186
197
202
207
188
200
213
207
198
238
221
196
221
194
247
210
209
212
231
205
200
206
206
196
198
196
212
210
206
211
216
238
191
213
190
220
242
242
199
226
200
213
213
229
216
200
201
202
213
229
195
198
196
208
215
165
209
204
207
194
210
211
201
178
193
168
185
216
196
202
176
193
209
167
148
172
219
170
172
194
177
176
184
189
178
168
171
188
131
165
172
189
157
195
151
174
163
198
170
173
172
193
165
193
162
203
151
195
185
177
188
163
157
198
180
162
185
181
171
192
182
186
187
179
179
208
184
170
175
176
169
166
171
169
187
189
171
185
203
177
186
184
174
172
188
198
189
181
173
186
183
179
197
185
167
187
171
175
192
180
176
197
177
183
191
186
185
185
176
193
189
185
191
201
187
183
188
176
167
196
196
195
183
203
188
200
184
203
180
181
188
190
207
190
189
211
166
180
221
196
193
172
221
210
179
207
212
223
205
210
210
207
197
192
197
217
193
201
190
189
195
235
203
201
210
201
211
211
188
200
220
189
228
234
197
211
198
235
215
207
215
210
212
208
253
209
204
202
221
221
227
211
198
205
218
226
215
226
224
192
218
224
206
235
239
222
205
233
199
200
216
227
217
190
201
221
211
220
248
218
225
218
202
215
202
219
228
226
192
232
196
210
175
189
165
178
180
197
211
172
196
189
196
183
200
194
199
177
187
182
195
194
177
189
161
180
190
209
187
210
186
199
191
177
182
183
186
177
174
194
185
184
181
155
207
175
212
165
179
186
185
190
189
182
185
177
198
187
213
198
193
177
199
216
194
190
175
170
189
172
189
186
206
194
190
182
203
172
180
190
214
191
159
173
191
180
197
178
229
206
194
190
186
186
193
173
205
209
187
173
178
215
187
168
164
216
152
187
194
203
188
200
185
225
210
180
196
186
185
214
209
193
200
200
194
178
199
209
185
219
194
190
178
219
182
216
192
196
207
203
215
199
178
188
185
188
197
192
173
210
191
192
198
195
203
201
195
183
167
203
196
203
191
183
192
210
205
201
182
180
197
189
169
182
162
180
209
187
187
164
186
226
207
192
189
224
189
194
211
221
169
186
176
191
227
217
194
199
198
197
207
176
177
229
219
203
218
184
211
214
187
206
231
223
213
200
204
212
224
186
213
213
233
244
190
207
228
244
234
210
228
247
190
250
247
194
245
270
224
231
250
233
244
251
271
226
252
270
263
238
243
273
259
267
259
268
269
279
280
269
254
280
327
309
310
265
306
359
327
301
304
320
328
358
315
360
368
369
363
361
359
385
389
391
405
392
385
420
449
463
419
449
504
497
523
540
557
552
580
603
590
663
646
686
707
721
785
795
756
831
781
847
907
909
929
959
980
952
1029
1009
1055
1066
1063
1064
1174
1065
1164
1131
1200
1111
1099
1187
1185
1171
1131
1174
1146
1141
1149
1145
1133
1065
1044
1141
1119
1099
1007
987
977
1022
969
928
925
909
892
895
873
780
774
731
744
684
685
656
658
624
595
559
532
537
565
486
492
438
438
404
422
390
403
377
376
382
368
365
336
344
363
340
350
302
263
270
286
271
264
277
252
285
269
252
268
219
255
247
252
225
233
223
219
212
216
218
220
209
217
202
219
209
217
199
205
200
222
193
193
192
208
180
196
166
200
210
184
204
201
209
212
208
216
236
235
245
321
275
302
310
358
358
380
342
379
357
389
409
439
447
461
437
445
429
408
440
433
407
376
414
396
376
392
328
356
304
291
306
261
249
236
216
211
194
186
187
171
160
168
141
147
159
138
156
149
136
145
149
154
150
138
146
134
153
134
138
122
134
126
119
143
152
149
135
153
130
133
147
160
164
144
167
165
171
163
166
133
160
181
146
173
170
177
180
185
187
170
167
178
178
193
180
207
195
194
206
201
204
212
196
201
218
207
219
221
198
217
191
217
219
210
213
211
223
209
213
201
215
228
223
217
221
192
207
177
177
192
189
181
198
183
148
163
163
169
170
170
179
161
132
151
149
130
132
141
147
142
119
112
126
121
115
114
124
121
109
105
102
114
85
104
89
106
99
111
115
97
102
92
84
106
89
83
84
100
99
82
64
77
72
76
75
78
73
80
77
76
68
62
60
67
67
78
69
58
84
59
68
64
63
76
65
63
62
63
65
51
55
60
61
68
50
62
65
54
49
62
54
56
55
42
45
65
49
59
47
50
57
37
44
44
42
46
42
47
52
51
57
51
44
43
51
47
38
51
51
46
40
46
45
57
59
56
49
47
48
69
63
67
56
79
61
60
56
82
77
78
68
64
76
71
83
68
61
57
62
60
61
71
56
77
50
47
46
46
37
35
52
50
48
35
40
50
41
42
39
36
51
35
43
35
48
23
40
36
41
32
45
39
37
29
42
31
32
47
37
35
39
34
30
35
39
34
33
41
30
27
37
30
35
24
24
27
34
30
38
24
36
31
46
35
29
40
25
32
32
29
26
35
28
32
26
31
29
31
27
33
27
21
34
24
24
19
28
29
26
27
31
28
20
19
26
30
22
37
28
33
20
33
24
30
31
26
38
22
25
25
21
32
35
22
23
26
30
28
27
30
30
29
30
35
19
24
27
26
22
14
27
23
29
21
21
20
25
25
19
20
28
27
31
21
22
20
24
26
32
17
36
22
27
21
27
31
22
16
15
17
22
21
21
11
25
22
29
20
26
25
38
19
26
18
32
27
22
15
26
29
39
18
27
23
31
21
20
28
25
27
24
19
24
24
24
19
25
23
23
25
15
21
23
23
18
16
24
13
18
19
19
22
17
22
19
20
17
27
23
24
24
26
17
19
26
13
21
19
23
26
17
25
19
18
17
15
22
24
19
13
18
17
24
21
21
23
21
23
21
18
15
22
20
15
17
12
18
19
17
21
20
29
26
11
14
18
16
10
25
21
16
19
20
16
17
20
20
16
18
10
16
26
26
20
14
10
27
14
19
17
13
11
16
19
16
24
15
17
23
13
15
13
11
10
10
14
13
16
10
13
22
19
25
18
15
19
10
13
18
13
16
17
29
18
12
13
9
22
12
16
14
13
27
12
14
15
15
18
18
17
15
15
13
17
16
14
15
20
7
13
13
16
13
10
15
14
21
20
11
12
13
9
15
15
16
8
11
13
9
17
5
15
12
11
16
17
9
11
14
8
9
17
16
8
17
12
13
11
12
13
10
6
12
12
18
10
11
12
13
6
7
13
10
16
12
6
15
6
12
16
9
8
9
16
16
18
12
22
8
12
8
9
12
13
13
4
11
10
10
8
6
17
10
16
11
12
12
9
13
9
12
14
10
16
14
16
13
14
13
7
13
8
10
17
14
14
11
9
10
8
7
9
16
8
8
6
9
11
11
10
9
11
9
14
11
11
12
9
8
10
11
11
7
9
7
11
14
10
6
9
14
13
13
9
7
10
7
8
11
11
7
5
9
14
8
15
13
6
14
11
8
8
11
5
9
10
6
4
5
7
9
10
10
3
5
6
6
6
8
8
13
16
12
6
6
8
11
9
4
9
13
6
12
13
7
8
9
11
5
5
11
7
8
10
10
8
5
6
12
10
5
5
13
5
9
4
7
2
4
5
5
6
4
6
11
5
7
2
9
9
6
10
7
7
10
7
6
5
5
11
9
9
10
12
6
7
6
12
7
8
13
8
6
10
7
5
7
6
5
10
5
4
9
8
6
10
8
6
7
5
8
1
12
5
11
4
4
8
8
6
4
5
9
6
6
6
10
4
8
9
4
3
2
4
7
11
13
2
9
2
3
11
6
6
9
5
5
6
5
5
8
3
11
2
7
6
5
9
6
5
4
7
6
6
5
7
7
4
8
7
6
4
2
2
1
7
3
5
5
7
4
7
6
3
10
6
4
5
3
5
3
8
6
6
3
2
4
12
5
2
7
6
6
1
2
9
4
2
4
4
1
6
6
7
4
5
5
4
10
4
2
6
7
4
5
5
7
3
5
2
5
4
4
2
4
4
9
4
5
4
6
2
4
3
2
0
7
6
5
6
3
1
5
5
0
4
2
5
2
5
4
6
10
1
5
2
5
5
1
3
5
8
4
3
5
3
3
6
6
4
4
3
5
2
5
2
3
1
5
2
3
6
0
4
5
4
4
5
6
5
2
4
4
3
4
4
7
2
1
3
4
2
6
6
8
4
5
4
2
3
7
3
2
3
2
3
4
3
6
2
4
4
5
4
5
4
3
0
2
2
1
4
7
1
1
4
4
2
2
1
1
2
4
1
2
5
5
1
4
4
1
5
2
4
1
6
3
4
1
1
4
1
2
3
3
3
4
3
2
1
2
2
2
6
3
2
2
2
5
2
2
5
0
2
1
1
1
2
1
5
1
1
3
4
3
3
3
3
3
6
8
1
0
2
1
4
4
7
0
2
3
1
2
0
4
3
2
2
1
2
4
2
3
5
1
4
1
3
2
3
2
0
1
2
2
7
1
1
1
0
2
1
2
4
2
1
1
4
3
2
3
2
0
4
1
0
6
2
2
3
2
4
0
1
2
4
1
0
3
5
3
5
1
4
1
0
2
5
0
4
2
0
1
2
1
1
2
0
2
0
1
2
0
4
2
1
2
1
0
1
1
1
0
1
3
1
2
1
1
2
4
0
0
1
1
1
0
1
0
1
2
2
2
0
1
4
3
1
1
3
5
0
1
1
2
3
1
2
1
1
3
5
1
2
3
0
0
1
1
0
1
0
1
2
4
1
1
1
0
3
2
0
3
1
2
2
3
1
1
0
0
2
1
0
5
2
2
1
3
1
1
0
2
1
0
1
3
0
2
3
3
4
2
2
1
1
3
2
5
0
1
1
2
2
3
0
3
0
0
1
0
0
1
2
0
1
0
1
1
2
1
0
2
2
1
0
1
2
0
2
2
1
4
2
2
2
2
2
0
1
0
3
2
2
0
3
1
0
0
1
0
1
3
1
0
1
0
1
1
2
0
2
2
1
0
0
0
1
0
0
0
0
0
0
1
3
1
0
1
0
1
1
1
1
0
0
1
0
0
1
0
2
0
2
0
1
1
2
0
2
2
0
0
0
1
0
2
1
1
1
1
0
1
0
0
0
1
1
2
1
0
0
0
0
0
1
0
0
1
1
1
0
1
1
3
1
1
1
1
0
0
0
0
0
0
0
1
1
1
0
0
1
0
0
0
1
0
2
0
0
0
1
2
0
1
0
1
0
2
1
1
2
0
0
0
2
0
0
0
1
1
0
0
2
1
0
0
1
0
1
0
0
0
0
3
1
0
2
0
1
1
0
0
1
0
1
0
2
1
0
1
0
1
0
0
2
0
0
0
0
2
2
0
1
1
1
0
0
0
1
1
0
0
0
1
0
2
0
1
0
0
0
0
0
0
1
1
0
1
0
1
1
1
1
1
0
3
0
1
0
0
1
0
0
0
1
2
0
0
0
2
1
0
0
0
0
0
2
0
0
0
1
1
0
1
1
2
1
1
0
1
1
0
0
0
1
1
0
0
1
1
0
1
0
0
0
1
0
1
0
1
0
0
0
1
0
0
0
0
1
0
0
1
0
0
0
0
1
0
1
0
0
1
1
0
1
0
0
0
0
0
0
0
0
0
0
0
0
0
0
0
0
2
0
2
0
1
1
1
0
1
1
0
1
1
1
0
0
0
0
1
1
0
1
0
0
0
0
0
0
0
0
0
0
0
0
0
0
0
1
0
1
0
0
0
1
0
0
0
0
0
0
0
1
0
0
0
0
1
2
0
0
0
0
0
0
0
1
0
0
0
0
1
1
0
0
1
0
0
0
0
1
0
0
1
0
0
0
0
0
1
1
0
3
0
0
1
0
0
0
0
0
0
0
0
0
0
0
0
0
0
0
0
0
0
0
0
0
0
0
1
0
1
0
0
0
0
0
0
1
0
0
0
0
0
1
0
0
0
1
0
0
0
2
2
0
1
0
0
0
0
0
1
0
0
0
0
0
0
0
1
0
0
0
0
0
1
0
0
0
1
0
0
0
0
0
0
1
0
0
0
0
3
1
1
0
0
0
0
0
0
0
0
0
0
0
0
0
0
0
0
0
0
0
0
0
0
2
0
0
0
1
0
0
1
0
0
0
0
0
0
1
0
1
0
0
1
0
0
0
0
0
0
0
0
0
1
0
0
0
1
1
1
0
0
0
0
1
0
0
