0
0
0
0
0
0
0
0
0
0
0
0
0
0
0
0
0
0
0
0
0
0
0
0
0
0
0
0
0
0
0
0
0
0
0
0
0
0
0
0
0
0
0
0
0
0
0
0
0
0
0
0
0
0
0
0
0
0
0
0
0
0
0
0
1
1
1
2
2
1
2
3
2
3
3
0
1
1
5
4
5
8
14
38
118
363
910
2253
4925
9686
17013
27631
40353
54566
66393
73047
73399
66816
55203
41072
28172
17406
9638
5096
2350
979
362
123
33
13
7
5
3
3
3
0
1
2
1
0
1
2
2
0
0
1
1
0
0
0
0
6
53
41
33
55
53
49
46
54
39
40
33
50
33
28
37
48
42
37
34
41
35
34
41
42
41
49
38
38
38
42
45
36
38
27
32
43
39
39
35
36
44
37
39
34
36
36
33
26
38
41
34
41
31
33
51
45
57
32
39
38
37
46
47
50
44
55
69
62
80
87
102
107
119
141
149
165
143
163
145
135
108
117
70
64
60
54
47
46
49
42
37
47
58
48
40
48
53
33
43
59
55
62
54
54
68
72
55
55
67
85
89
84
84
96
96
122
135
127
138
171
179
208
254
282
413
491
789
1239
1910
3199
4822
7274
10336
14088
18256
22111
25562
27935
29350
28658
27022
24004
20127
16307
12403
9209
6790
4717
3328
2291
1797
1362
980
796
538
461
390
364
413
460
547
668
807
866
925
1011
1063
1027
856
815
636
472
356
247
195
169
135
122
83
73
74
66
73
37
46
35
26
16
15
12
13
7
7
10
9
5
4
4
6
6
10
16
4
5
5
7
7
12
7
5
6
13
8
7
11
9
9
7
6
10
2
12
6
17
18
12
16
16
17
15
15
22
35
21
28
27
36
27
17
14
24
16
23
20
21
18
23
18
18
21
23
21
15
19
13
24
12
22
20
23
13
27
21
17
15
17
10
11
16
10
4
8
9
6
3
6
9
10
6
5
7
4
10
4
9
8
4
7
2
5
8
4
5
9
8
5
6
7
2
5
9
8
7
9
13
12
13
11
9
21
17
20
25
25
26
17
18
21
14
15
9
12
9
5
14
7
7
4
9
11
7
8
8
14
13
12
13
4
3
6
2
7
12
8
5
7
2
4
10
7
4
1
8
8
3
6
4
5
6
8
8
6
8
5
3
4
8
6
10
2
4
6
6
3
5
8
5
10
9
10
8
5
5
3
5
4
5
4
9
4
7
7
7
5
1
10
8
3
3
6
4
5
7
5
7
6
8
12
1
6
5
6
5
6
10
4
9
5
7
4
6
12
7
6
8
7
6
6
8
8
6
10
9
5
6
7
6
6
7
6
8
10
10
10
8
12
16
7
3
3
7
6
9
12
5
6
6
3
6
7
7
4
11
9
7
10
9
10
6
8
11
8
6
8
9
9
12
5
11
4
13
8
8
8
10
8
12
6
9
6
10
10
7
15
15
5
7
9
6
6
10
9
13
12
8
14
9
12
10
14
10
6
13
12
5
9
18
12
13
14
14
18
14
10
11
13
11
11
8
16
16
20
14
17
8
17
21
16
18
13
15
14
17
11
13
15
18
20
19
12
23
15
18
16
24
15
19
15
14
15
19
20
21
13
17
18
16
14
17
19
15
15
18
12
18
17
19
18
14
18
10
21
19
15
17
18
20
16
18
19
18
20
14
22
16
27
22
24
24
15
23
20
27
18
25
28
28
20
24
19
21
18
13
36
24
25
27
17
26
25
32
25
31
34
22
30
32
25
25
41
37
37
33
36
33
27
29
34
29
34
30
37
34
30
33
35
45
42
47
42
33
43
37
37
31
43
44
50
48
49
40
43
49
30
50
41
46
62
52
60
55
56
46
53
55
47
62
65
53
58
86
59
59
68
54
61
60
83
83
67
66
57
70
62
74
74
58
57
72
64
59
72
85
75
78
85
106
83
93
75
93
101
89
100
85
89
62
101
82
84
86
85
72
80
88
88
91
90
97
80
98
70
90
73
87
102
64
72
78
100
72
71
82
79
85
72
81
70
87
72
72
74
63
71
56
54
74
63
71
67
74
89
73
69
66
69
74
72
80
73
63
77
73
66
64
67
56
68
65
60
79
73
67
69
89
68
67
58
78
76
65
71
68
52
79
69
69
65
72
67
69
62
67
73
79
71
64
76
69
72
64
60
76
77
49
75
58
70
69
68
74
80
79
59
64
63
76
76
64
62
77
73
69
72
68
86
68
71
83
65
75
87
77
79
67
83
70
89
73
88
65
83
76
102
88
89
78
83
77
75
96
91
81
96
101
100
108
112
120
165
186
195
245
272
389
469
541
626
823
935
1019
1267
1405
1536
1740
1878
2007
2014
2066
2093
2065
1974
1796
1698
1503
1404
1213
1033
925
787
612
520
421
343
274
238
218
165
142
139
135
102
105
104
84
102
91
85
112
86
101
80
93
94
81
98
94
92
111
102
104
92
94
95
98
101
106
84
99
101
83
92
87
114
115
104
101
112
83
99
106
103
113
115
119
121
114
96
112
111
100
125
113
114
100
137
119
98
109
125
110
126
148
152
139
158
157
169
187
202
192
224
270
287
326
310
345
361
326
384
349
351
386
350
343
297
322
292
294
238
236
214
203
179
179
151
170
141
146
166
143
140
152
134
128
157
146
131
159
129
155
141
142
143
131
140
155
155
130
165
185
167
153
139
161
181
156
136
151
152
163
180
164
175
174
200
159
159
151
186
162
188
190
189
201
178
190
190
187
201
205
202
205
202
218
212
206
210
213
213
247
246
216
222
244
243
229
237
259
227
248
240
240
239
273
267
257
258
255
246
239
258
239
268
273
259
248
261
264
246
250
233
251
247
260
237
236
228
250
225
254
254
216
215
218
233
238
223
220
199
220
191
214
161
151
192
205
191
173
180
172
167
172
161
169
170
164
165
139
175
170
150
161
161
150
162
158
150
151
175
151
166
156
159
149
131
138
161
155
143
155
146
157
131
160
141
139
168
144
152
152
142
158
167
151
158
152
174
138
147
138
151
162
135
116
133
141
165
129
171
144
139
130
131
164
144
158
135
145
140
171
135
124
144
153
154
157
148
160
139
157
143
145
150
130
124
129
149
167
156
163
145
149
157
136
144
143
124
147
163
156
147
147
139
152
172
158
167
151
158
147
150
131
142
152
156
140
153
154
160
171
141
167
149
158
147
137
140
164
177
171
143
169
172
178
171
139
164
163
167
158
180
171
166
166
171
178
171
156
185
156
163
164
163
183
173
176
213
174
174
188
187
177
182
201
199
195
177
192
200
176
176
203
187
190
172
176
187
191
172
200
185
187
163
189
159
166
205
190
215
186
185
217
208
173
197
213
169
195
189
179
186
186
172
194
162
205
166
188
175
206
208
191
198
197
183
202
173
174
178
188
156
184
180
168
192
176
171
171
186
196
196
191
173
174
210
197
199
179
191
173
208
174
196
194
199
193
210
188
170
190
195
199
197
210
206
213
196
222
198
207
208
195
229
196
243
212
223
212
224
235
201
234
231
209
218
231
227
260
196
234
242
223
258
243
234
227
238
240
228
232
227
247
235
243
217
272
225
248
238
216
228
258
243
238
231
217
248
239
228
216
222
224
244
221
229
211
231
252
273
212
250
222
206
234
214
244
204
204
217
222
216
214
197
214
217
216
209
196
211
200
209
209
204
211
202
177
209
185
196
173
202
180
191
206
185
199
193
206
174
174
171
205
176
191
184
198
210
194
184
203
185
195
176
201
188
171
190
212
194
177
201
192
166
203
174
179
178
187
182
199
168
170
204
192
180
185
178
179
200
211
183
166
168
183
177
198
184
177
173
185
151
201
176
166
156
180
174
175
164
164
198
173
169
169
190
193
178
161
148
170
168
211
181
172
148
195
185
191
168
186
172
165
178
198
165
195
184
173
194
162
176
182
183
162
184
167
161
184
181
193
189
176
209
171
198
207
197
185
177
201
191
180
165
186
207
181
176
171
176
176
195
182
201
203
190
191
187
187
180
170
169
176
175
158
196
210
184
182
163
194
186
191
180
192
184
198
167
190
186
168
195
188
191
205
199
211
190
188
177
212
202
223
217
182
206
174
198
190
183
177
191
192
216
174
226
180
190
235
186
186
206
191
175
202
174
176
204
200
192
200
197
198
202
191
222
187
202
189
172
230
198
198
199
201
184
214
199
204
187
209
206
187
195
220
201
201
191
189
191
182
170
203
202
179
201
197
195
216
182
230
186
208
201
188
203
193
203
214
206
233
204
202
225
202
211
197
236
221
197
213
240
204
226
215
218
249
230
204
254
233
223
196
222
248
214
263
247
257
290
255
242
259
264
253
270
281
295
283
269
283
292
245
255
250
293
284
288
270
285
270
299
289
288
293
311
304
272
354
315
320
316
338
324
324
333
317
344
379
370
384
366
390
367
409
393
404
417
412
442
437
456
469
465
481
491
494
516
507
552
584
612
570
616
664
621
745
739
731
727
814
831
844
830
844
965
842
915
924
916
975
1021
967
1055
1114
1067
1071
1064
1084
1087
1129
1129
1194
1129
1052
1111
1088
1080
1184
1083
1100
1059
1058
1091
1046
1050
946
978
1008
973
965
910
930
867
856
849
852
780
795
798
715
672
663
656
673
618
588
601
524
560
537
495
473
445
462
438
471
402
367
387
378
373
360
380
358
312
306
313
331
313
314
301
270
296
267
246
258
259
299
244
232
222
230
244
215
241
224
179
233
219
184
217
188
213
230
189
186
185
171
210
192
206
179
216
190
196
177
158
194
199
168
170
143
189
187
170
186
216
200
221
204
233
246
224
276
274
282
288
286
298
269
327
292
351
387
307
343
395
395
373
381
376
357
359
377
386
352
331
324
299
316
278
288
279
278
215
204
192
210
211
210
183
156
145
162
151
137
149
147
132
123
127
130
136
136
117
124
143
132
116
128
117
114
134
129
124
139
126
139
150
150
133
136
145
136
158
147
131
142
164
151
147
152
141
162
143
161
133
156
182
167
168
185
158
172
187
154
186
186
208
200
208
211
205
195
190
179
178
207
185
227
220
196
232
192
215
236
248
230
205
193
186
217
201
177
188
205
197
182
197
214
187
175
191
180
191
150
151
186
159
185
151
154
161
156
153
148
156
121
147
153
154
124
157
126
121
116
102
139
146
106
118
121
96
107
113
117
99
92
104
100
98
82
88
82
88
95
88
92
94
88
83
83
86
72
93
86
62
75
66
60
75
72
73
82
68
57
75
65
70
72
69
54
58
61
74
61
49
47
63
52
60
53
65
54
47
52
47
43
49
54
67
62
68
49
51
44
56
52
38
51
39
56
45
64
47
51
45
47
40
64
48
51
38
44
38
44
49
51
52
36
47
43
31
40
38
41
39
49
41
48
62
65
51
62
59
66
79
52
63
70
76
57
54
73
62
68
69
64
77
46
56
49
66
53
51
55
47
55
42
41
44
39
45
52
49
46
32
38
42
40
36
33
41
28
35
40
29
40
41
24
35
43
33
27
38
30
38
38
41
35
39
38
29
49
31
35
46
35
29
28
24
32
43
34
29
37
34
35
31
31
32
33
28
25
27
40
36
38
29
24
25
29
18
31
28
24
23
33
25
31
21
32
44
32
31
32
28
30
26
24
28
21
27
18
20
32
20
22
21
30
27
28
34
26
38
31
23
26
23
28
29
27
28
25
28
19
28
18
20
30
21
20
31
21
39
20
17
27
20
27
29
29
21
30
28
33
22
18
21
20
27
25
16
27
23
24
13
23
21
27
29
28
33
30
28
23
31
16
26
25
20
30
21
25
17
22
24
26
24
12
26
22
30
20
19
23
18
30
20
13
27
27
32
19
18
18
25
21
24
21
18
22
30
16
15
30
20
28
19
15
26
22
22
17
19
22
16
21
17
21
25
25
23
23
22
19
11
19
20
21
25
13
21
21
14
19
19
20
27
22
21
20
14
14
28
19
26
19
22
11
19
16
19
11
21
18
25
20
15
15
23
16
13
18
27
19
17
13
13
10
23
18
16
11
18
16
18
16
17
21
14
22
19
21
16
12
17
18
16
16
12
30
19
15
22
22
19
15
13
14
15
19
15
16
22
18
15
20
15
14
19
23
9
15
11
21
15
17
15
19
16
12
17
9
11
12
15
11
19
22
15
16
17
9
11
18
12
21
9
18
15
10
12
15
10
20
15
18
12
21
14
24
16
13
16
16
10
12
10
20
18
17
8
18
12
13
5
17
11
6
13
13
12
13
10
8
9
19
12
13
16
22
11
12
21
13
7
18
9
10
7
12
9
14
14
22
13
17
10
15
13
8
7
13
12
10
6
11
17
14
9
15
16
11
13
11
9
15
8
14
13
9
14
17
6
8
7
21
7
9
9
12
10
11
12
11
10
7
10
9
8
7
9
16
10
6
7
9
12
9
12
11
6
9
13
14
13
16
20
11
10
10
14
15
8
8
6
11
8
11
15
8
10
4
10
6
16
13
11
10
7
6
9
18
8
12
13
10
7
6
5
8
12
9
11
9
14
11
10
10
4
10
5
6
6
11
10
13
9
11
13
10
10
8
10
13
6
6
11
7
2
4
8
11
6
8
10
8
6
8
9
9
4
4
5
7
12
5
5
4
4
13
3
8
8
4
7
3
9
8
10
10
9
8
4
10
5
8
16
5
7
7
13
4
7
9
4
1
9
5
10
5
10
5
12
6
14
8
6
10
1
9
7
2
8
8
8
6
5
13
7
6
13
8
5
10
5
6
12
1
7
6
9
6
5
3
5
6
13
9
9
10
8
4
8
1
8
7
9
4
4
5
10
10
5
3
5
2
6
6
5
4
9
4
5
10
7
4
5
3
5
5
9
4
8
9
5
4
10
2
7
4
2
10
2
7
7
2
6
5
8
4
11
8
8
5
6
8
4
6
5
5
2
5
5
4
5
2
1
3
8
4
11
5
5
6
6
8
7
2
4
8
8
2
7
4
2
6
4
2
6
7
6
6
4
5
5
10
5
2
9
4
6
6
5
6
4
4
3
4
5
2
5
5
8
3
6
1
7
4
6
6
3
6
4
4
5
2
3
2
7
7
6
4
4
3
2
2
6
4
4
4
4
3
12
6
4
3
6
9
0
3
3
5
4
2
7
4
6
4
5
3
4
3
4
4
4
5
4
5
7
2
8
2
3
5
4
5
2
6
7
4
3
5
4
4
3
3
3
10
3
4
6
4
1
3
4
7
4
3
2
4
2
2
5
6
4
7
0
1
3
7
3
4
3
2
4
4
4
2
3
2
3
3
5
4
2
4
2
3
3
4
5
2
4
9
2
4
1
1
3
2
4
1
2
2
1
4
3
3
2
2
1
2
2
3
2
4
1
2
5
3
4
2
3
1
1
5
6
6
5
5
3
1
0
0
2
1
2
3
3
3
5
4
2
3
3
3
2
5
3
0
0
1
0
5
2
3
3
3
1
4
2
2
0
1
2
2
2
3
1
2
2
4
3
3
4
3
3
3
2
2
5
2
2
2
7
0
0
1
2
3
1
0
1
0
3
2
5
3
5
1
1
3
3
2
1
0
3
0
2
2
3
2
1
0
1
2
2
1
1
2
1
0
2
1
0
1
2
0
2
2
2
1
4
2
2
2
0
2
0
1
1
2
3
0
2
3
2
3
2
1
4
0
5
0
0
1
0
1
1
1
1
2
1
1
1
4
0
1
0
3
1
0
2
0
3
0
3
1
1
6
2
0
3
1
3
1
0
2
2
1
0
3
2
1
2
0
1
2
4
0
2
1
2
1
2
1
0
1
4
1
2
0
3
2
1
0
4
1
2
2
2
2
1
0
4
1
0
2
1
2
1
4
6
1
2
1
0
2
2
1
3
2
1
3
3
1
2
0
2
2
2
1
0
3
0
2
0
1
1
1
2
0
2
1
0
2
1
1
0
2
2
0
1
0
2
3
1
1
2
1
3
0
0
2
1
0
1
0
2
1
1
2
2
1
0
0
1
0
2
4
1
0
1
3
2
2
2
3
0
2
0
1
3
2
0
1
1
1
0
3
2
0
2
1
0
1
0
1
1
1
1
1
1
0
0
0
0
1
0
2
1
1
3
0
0
1
0
2
0
1
0
1
1
1
0
1
0
1
1
1
0
1
1
3
1
0
1
0
0
1
1
0
1
1
0
0
1
0
1
0
2
0
1
0
1
0
2
0
0
1
1
1
0
0
1
2
0
0
1
0
1
2
0
0
0
1
1
1
0
0
1
2
3
0
0
0
0
0
1
2
0
1
0
1
1
1
0
1
0
1
1
0
1
0
0
1
1
1
0
1
0
4
0
1
0
2
0
0
1
2
1
0
0
0
1
0
1
2
0
0
1
1
1
0
1
1
0
0
1
0
0
1
0
1
1
0
0
1
0
0
1
0
1
1
3
0
1
1
0
1
1
0
2
0
0
0
1
1
0
0
0
0
0
0
0
1
0
0
1
1
0
2
0
1
1
0
0
0
1
3
1
0
0
0
0
0
1
1
1
0
1
0
0
1
1
1
0
1
0
0
1
0
0
0
0
1
0
1
0
0
1
0
2
1
0
0
0
1
2
0
0
0
1
1
0
1
1
0
0
1
1
0
1
1
0
0
2
0
0
0
0
0
0
0
1
0
0
1
0
0
0
1
1
1
0
0
0
0
0
0
0
0
0
1
1
0
0
1
0
1
0
0
0
0
0
0
0
0
0
0
2
0
0
0
0
2
0
0
0
1
0
0
1
0
1
0
0
0
2
0
0
0
0
1
1
0
1
1
1
1
1
0
1
0
1
1
2
1
0
0
0
0
0
0
2
1
0
0
1
0
0
1
0
1
0
0
2
1
0
0
0
0
2
0
0
0
2
0
0
0
0
1
0
1
0
0
0
1
1
0
0
1
0
0
0
0
0
0
0
0
1
0
0
2
1
0
0
0
1
0
0
0
0
0
0
0
1
0
1
0
0
0
0
0
0
0
0
0
0
0
0
0
1
0
1
0
1
0
0
0
0
0
0
1
1
1
0
0
0
0
0
0
1
0
0
0
0
1
0
0
0
0
0
0
2
0
0
0
0
1
0
1
0
0
0
0
0
0
0
1
0
0
0
0
0
1
0
0
0
1
0
0
0
0
0
0
0
0
0
0
0
1
0
0
0
0
0
0
0
0
0
0
0
0
0
0
0
0
1
0
0
0
0
0
0
0
0
0
0
0
0
0
0
0
0
0
0
0
0
0
0
0
0
0
0
0
0
0
0
0
0
0
0
0
0
2
0
0
0
1
0
0
0
0
0
0
0
0
1
0
0
