0
0
0
0
0
0
0
0
0
0
0
0
0
0
0
0
0
0
0
0
0
0
0
0
0
0
0
0
0
0
0
0
0
0
0
0
0
0
0
0
0
0
0
0
0
0
0
0
0
0
0
0
0
0
0
0
0
0
0
0
0
0
0
0
0
0
0
0
0
0
0
2
5
1
1
1
2
2
1
0
2
4
9
41
121
343
920
2203
4841
9458
16983
27922
40948
54812
66571
73099
72612
65967
55082
41329
28292
17358
9735
4952
2327
983
376
129
43
18
8
4
3
2
1
1
0
0
0
0
1
2
0
1
1
0
0
1
0
0
0
7
49
54
49
61
54
53
46
49
43
54
37
34
38
40
50
37
50
38
39
28
47
44
32
44
38
30
42
44
33
32
40
22
38
46
27
27
34
42
25
44
47
36
38
42
24
35
35
45
36
35
34
39
27
42
34
27
41
39
32
40
48
38
50
35
34
45
48
74
69
75
96
109
139
141
157
182
161
159
149
140
122
97
78
72
63
61
46
41
52
36
40
42
34
48
38
50
46
40
37
37
60
58
43
53
56
43
68
66
70
88
72
84
104
110
96
103
124
122
120
138
146
138
162
191
282
379
603
1037
1793
2940
4531
6990
10206
13783
17489
21712
25117
27353
28546
28127
26280
23398
19740
15783
12154
8956
6388
4606
3295
2335
1651
1247
891
669
500
398
334
317
316
404
544
633
802
907
1013
1069
1051
958
902
779
666
540
394
297
209
173
126
107
109
75
69
70
69
49
38
25
27
17
7
14
11
10
7
6
7
5
7
4
7
5
8
6
10
8
9
6
6
6
7
6
6
8
5
5
5
10
5
6
10
11
4
12
12
9
9
12
13
17
18
14
25
25
28
24
27
26
25
27
17
21
22
19
18
19
14
16
19
23
14
17
16
18
27
31
23
30
16
20
19
17
14
18
12
19
12
15
6
6
14
16
5
8
6
3
11
5
5
7
10
5
7
4
6
5
7
9
5
7
4
5
9
5
9
5
10
6
8
4
6
8
5
11
9
12
12
15
22
22
23
18
16
25
19
16
21
10
23
17
14
10
11
10
16
6
7
3
6
8
9
7
9
4
9
11
12
5
8
13
7
10
7
10
3
7
5
2
5
5
4
8
3
6
2
8
4
9
8
9
7
9
6
12
6
7
7
5
9
5
6
9
9
6
9
10
5
8
3
5
5
9
9
4
5
9
6
10
10
2
5
7
6
3
4
5
6
2
7
6
7
5
4
5
8
5
6
5
3
10
7
8
6
6
10
5
6
6
5
7
8
6
8
8
8
4
4
11
3
11
6
8
9
5
10
6
7
6
5
4
5
6
9
4
5
6
11
5
5
5
10
10
5
7
8
9
5
8
9
10
6
3
7
7
10
6
5
5
4
5
7
9
12
11
3
7
5
10
6
9
11
4
4
9
12
7
8
10
8
8
8
6
8
8
9
7
8
10
9
6
11
8
12
8
10
15
11
10
15
6
10
13
7
10
6
11
19
8
12
11
14
13
24
12
19
14
14
20
13
20
16
15
26
19
21
16
20
23
25
17
21
24
16
13
22
28
20
19
18
21
22
15
15
20
16
26
21
17
28
11
21
22
20
20
18
36
24
22
19
21
24
16
22
15
12
12
19
19
23
23
15
17
12
14
11
14
15
19
18
23
23
21
18
19
30
13
18
26
28
24
18
21
17
28
19
20
40
24
15
17
25
20
18
21
30
24
26
23
25
30
18
28
27
30
31
22
27
32
26
31
28
31
25
30
23
35
33
34
29
26
34
30
34
36
41
26
45
30
32
26
24
30
33
31
36
46
35
34
44
35
33
37
36
41
39
42
32
39
43
45
49
50
54
36
38
43
39
54
53
58
46
62
59
48
61
47
52
65
64
57
56
58
71
72
73
62
92
78
86
79
88
94
106
99
112
118
135
138
141
158
128
140
127
140
135
152
140
132
131
128
127
109
122
110
95
84
91
94
94
86
75
84
90
82
89
91
78
94
83
70
77
84
74
85
89
55
86
75
68
77
88
74
90
87
77
78
82
74
81
80
90
79
71
71
89
69
74
86
83
66
80
77
85
77
75
68
75
92
73
76
69
64
77
84
80
82
69
81
78
70
76
80
69
77
69
67
70
75
63
82
75
85
69
89
72
88
83
71
72
67
71
78
82
77
77
83
71
85
66
62
69
83
77
82
61
74
87
79
74
69
93
63
65
70
83
80
73
82
88
79
75
99
70
91
86
105
80
93
77
91
77
86
85
99
83
93
79
75
85
87
82
85
83
100
98
102
109
85
117
115
145
160
196
236
260
316
414
498
582
694
843
973
1150
1286
1396
1596
1754
1908
1877
2024
1971
1998
1989
1909
1741
1715
1431
1343
1230
943
874
723
617
464
405
358
280
206
183
186
148
132
124
103
113
126
116
101
107
98
114
98
113
113
101
104
103
102
115
119
109
126
106
122
107
118
108
100
110
117
109
150
110
118
116
123
135
123
111
141
128
123
120
103
113
124
98
127
113
134
110
125
109
129
126
138
125
110
119
105
136
124
143
117
133
141
134
128
173
174
171
186
230
238
276
289
307
310
350
331
347
393
414
410
367
354
345
343
316
279
259
242
224
233
200
190
165
186
150
148
162
141
152
137
124
139
129
149
123
123
119
127
149
119
136
133
161
134
133
130
142
125
152
141
152
129
149
131
139
137
142
156
166
132
145
150
163
156
158
143
175
166
160
176
150
180
182
179
188
177
179
180
169
160
173
171
155
157
178
206
164
185
164
188
174
202
190
182
195
201
219
203
185
193
187
211
196
186
173
216
204
187
199
237
212
211
202
232
225
239
237
242
253
265
241
270
280
222
266
275
255
298
262
246
288
270
247
260
289
234
261
263
271
283
289
292
297
257
270
286
262
275
303
280
251
273
261
294
242
278
289
257
251
298
244
274
276
234
236
246
274
267
219
212
221
241
219
241
214
204
214
190
207
195
209
195
193
187
185
182
178
167
195
174
156
164
174
171
161
165
174
167
196
177
152
174
131
157
169
159
170
162
169
148
161
181
151
182
148
155
147
164
163
174
151
166
146
147
157
165
157
179
169
175
169
135
161
167
157
159
168
167
167
171
172
175
148
170
175
214
183
180
200
203
201
180
198
190
179
181
197
196
226
187
208
198
194
229
208
193
226
203
212
230
209
212
222
233
203
203
200
196
192
215
211
210
225
220
218
220
195
200
180
217
207
210
212
199
208
219
216
203
179
212
178
198
207
199
186
193
199
229
197
195
197
160
218
203
175
194
202
170
180
180
156
187
168
189
199
185
173
184
198
166
195
203
168
158
183
169
163
188
190
181
176
193
160
145
158
176
177
150
191
173
156
159
184
187
148
170
164
162
145
160
169
158
165
173
175
166
185
164
173
196
155
168
156
170
167
179
161
187
176
177
174
161
166
192
155
181
171
171
165
164
175
173
187
202
160
187
178
161
168
190
181
180
159
183
175
181
189
186
178
194
186
166
171
185
166
184
170
197
191
167
168
179
175
200
196
168
173
196
178
178
185
173
183
191
196
190
181
200
171
179
192
171
191
185
186
176
185
199
205
205
199
177
208
192
175
198
206
203
200
209
185
171
183
230
183
178
182
206
187
190
175
205
174
193
193
189
188
229
217
217
209
229
210
198
188
197
216
216
200
226
218
219
229
181
200
209
223
216
221
178
176
194
224
192
217
211
197
217
206
194
206
208
211
193
205
213
226
184
208
197
228
180
204
234
206
209
211
202
200
222
189
207
192
208
194
218
182
194
220
198
191
189
199
174
212
232
190
186
169
194
204
173
195
191
194
181
193
185
181
186
199
181
192
191
178
171
170
176
155
190
174
183
197
189
183
184
176
173
181
194
202
172
181
169
207
174
192
195
182
208
184
200
171
175
196
147
200
184
192
171
176
172
177
170
221
185
184
197
181
187
180
193
182
179
202
171
196
193
192
183
183
206
191
173
213
165
189
190
176
182
185
195
161
170
197
185
214
181
188
176
176
183
185
187
171
186
176
212
174
173
195
180
198
178
168
192
163
192
180
186
179
201
188
196
184
160
185
210
200
206
171
198
196
167
180
173
188
182
200
185
181
196
173
205
183
166
174
189
175
185
204
214
169
184
196
199
200
182
192
195
205
201
165
169
164
174
199
187
210
192
205
188
207
194
184
200
194
196
194
180
180
193
162
199
194
195
178
202
208
214
193
187
175
203
184
204
186
189
199
188
170
199
194
186
199
214
209
216
224
221
181
201
227
221
221
184
194
218
216
218
199
232
208
221
207
215
221
237
229
237
222
211
216
244
240
220
236
268
234
198
254
236
231
232
240
257
253
240
251
235
228
253
251
267
272
275
279
272
258
280
277
288
291
288
308
321
303
318
287
294
338
329
326
347
356
348
341
363
342
353
370
361
405
385
404
404
401
407
450
404
493
478
507
491
506
510
567
560
596
595
597
627
643
663
676
732
712
773
781
746
816
858
891
923
926
892
968
974
976
985
986
973
1020
1053
1007
1064
1105
1052
1046
1182
1129
1120
1120
1143
1109
1057
1083
1082
1113
1116
1038
1095
1083
1041
977
981
993
947
949
948
856
858
883
862
831
781
753
753
764
652
730
676
610
599
618
539
552
507
511
466
507
434
520
445
427
395
417
361
354
381
358
333
333
343
325
320
333
311
282
297
265
269
283
263
243
266
242
256
236
254
229
228
239
224
200
218
225
206
217
219
229
233
218
199
193
187
167
195
185
180
179
180
161
164
199
178
196
189
189
186
187
178
207
234
181
200
215
206
220
248
244
257
290
274
320
298
315
334
327
362
359
375
387
373
381
390
387
415
451
425
383
436
406
384
396
407
350
346
358
358
301
302
264
274
260
258
231
198
187
189
181
167
161
179
157
130
128
145
129
139
127
109
115
123
133
138
120
112
125
112
125
120
141
121
139
138
134
125
133
128
131
119
147
131
137
150
135
162
156
150
147
163
151
171
163
154
166
165
161
178
185
183
165
168
180
183
179
198
202
223
210
204
192
197
244
204
178
199
178
175
222
218
199
237
218
209
208
229
201
226
196
230
214
223
205
186
192
199
190
173
194
173
165
169
196
196
199
168
168
171
159
171
182
153
146
149
157
131
140
137
143
131
116
125
114
115
138
112
117
100
98
130
104
102
109
108
100
100
115
122
88
84
80
89
97
91
84
95
71
85
84
61
87
88
82
71
72
81
69
63
67
62
68
71
65
65
61
71
66
46
63
51
58
51
74
62
55
65
71
52
59
62
59
53
49
53
56
61
55
56
69
48
64
63
56
51
52
53
50
50
37
39
50
61
42
53
46
48
43
43
54
43
51
53
37
52
53
41
48
40
45
47
54
41
50
46
61
53
58
48
59
62
55
78
73
60
62
57
76
68
52
69
69
61
61
65
50
57
57
46
54
69
46
56
62
50
37
52
58
48
37
48
36
48
44
27
24
37
41
39
38
34
36
34
32
31
37
40
41
37
37
24
32
37
40
36
41
44
37
28
41
35
27
37
29
40
31
36
38
33
44
42
22
34
42
31
32
37
27
21
29
31
27
31
30
29
23
31
28
24
37
32
29
21
30
21
26
27
22
31
46
21
29
38
34
33
36
35
32
28
25
22
31
19
19
35
26
21
33
31
24
23
24
19
27
32
26
23
22
19
29
21
25
24
37
20
26
19
21
27
23
26
16
35
30
20
30
24
34
19
34
24
26
19
27
25
39
17
21
29
29
21
25
16
22
28
22
22
28
23
18
31
24
26
21
32
22
24
28
22
22
21
26
26
20
23
14
22
22
23
25
28
24
22
23
22
24
20
28
25
24
20
21
22
31
12
25
20
24
20
27
23
23
14
21
25
20
21
23
19
22
13
28
18
14
30
15
19
24
21
28
16
18
20
27
24
20
27
7
29
26
26
26
17
26
17
13
16
24
23
11
18
22
23
16
20
24
18
15
18
26
19
26
18
18
14
14
28
26
23
19
17
19
22
21
17
14
17
21
23
23
22
21
18
18
10
16
18
14
15
14
14
16
17
27
16
13
16
22
18
14
12
6
19
14
16
16
15
18
18
17
14
21
13
18
16
11
18
14
24
16
13
20
17
17
11
19
18
14
16
20
18
16
17
14
14
15
19
11
19
20
16
8
11
8
16
20
15
12
15
14
16
21
9
14
16
20
13
19
13
14
17
15
15
9
14
12
14
8
12
12
11
10
16
19
16
18
14
14
13
12
11
11
7
11
14
17
17
17
20
12
14
10
16
11
11
13
15
18
12
14
14
11
21
18
10
12
14
18
15
7
13
13
8
15
16
16
16
12
8
13
9
11
9
12
15
13
10
11
12
12
14
10
17
15
8
12
8
11
15
3
13
6
19
8
14
17
15
12
10
15
11
13
10
8
11
16
7
12
12
15
11
8
9
20
12
10
5
9
12
9
9
9
10
6
10
13
12
8
8
10
11
10
12
9
11
7
7
15
10
12
7
8
10
10
7
8
9
12
7
12
6
7
10
9
15
11
8
11
13
8
7
9
8
17
9
15
10
7
5
9
6
14
11
8
6
7
8
6
9
11
10
9
12
4
4
8
9
8
10
6
3
14
9
9
12
7
12
4
7
6
14
10
8
6
8
12
6
7
9
5
11
3
13
13
9
9
12
11
12
12
8
6
7
7
11
5
5
8
6
8
6
8
9
7
7
7
4
10
7
8
2
5
3
4
6
7
7
8
6
3
6
4
7
10
8
4
7
2
8
6
14
7
9
4
13
6
6
9
8
7
8
8
3
10
13
10
6
11
9
6
4
5
3
5
7
2
6
10
4
2
5
5
7
11
3
7
5
3
8
6
2
2
8
11
6
5
8
4
6
3
6
7
11
7
8
4
3
7
6
2
11
3
8
4
4
4
8
6
9
8
5
8
3
6
3
7
2
3
5
9
7
8
4
6
3
6
4
4
0
3
6
3
6
10
6
4
1
7
2
3
7
9
5
8
2
7
5
5
4
5
7
3
6
5
7
5
7
6
5
6
6
6
5
5
4
4
5
3
3
5
7
8
3
4
4
6
3
5
6
6
5
3
6
7
5
7
3
3
10
3
4
2
2
6
3
2
2
4
6
6
8
8
0
4
8
3
5
3
2
4
8
3
4
4
3
8
1
3
1
7
6
2
2
6
2
7
5
4
4
2
2
1
3
6
3
5
5
4
10
3
6
3
4
5
3
4
2
3
6
2
3
2
4
2
3
3
4
6
4
3
5
3
2
3
5
5
6
3
4
2
2
2
3
6
6
2
7
2
2
3
3
3
1
4
3
3
4
3
5
7
1
6
4
2
1
3
2
3
4
3
5
2
6
2
2
2
3
2
5
4
4
3
3
3
2
4
2
1
3
4
5
5
3
5
0
3
3
3
2
2
2
1
1
6
5
3
3
6
5
4
2
3
0
2
5
1
4
0
2
0
0
2
1
4
0
1
4
4
2
2
0
3
4
3
4
1
1
0
5
3
4
4
4
1
4
3
4
2
3
2
5
0
5
2
2
5
4
1
1
3
1
2
3
2
2
2
2
5
2
2
1
4
0
3
2
4
2
2
5
1
2
5
3
1
3
4
2
2
4
2
5
0
4
1
1
4
3
4
1
2
4
1
4
4
2
1
1
2
7
1
4
2
3
0
2
2
2
2
1
0
3
6
3
3
2
2
3
3
1
1
5
2
1
3
0
1
3
2
2
0
2
2
0
3
1
3
0
2
0
1
3
0
2
1
1
1
2
4
1
1
1
2
1
3
1
2
3
0
2
2
3
0
1
4
2
2
2
2
1
2
3
5
3
3
1
1
0
1
1
1
0
0
3
3
1
0
2
2
0
3
1
0
4
0
2
3
2
0
5
1
1
2
2
0
1
3
0
4
0
2
1
1
0
3
2
0
2
0
2
2
3
1
1
0
0
0
1
0
0
1
3
2
3
0
0
1
0
3
2
3
0
1
1
1
1
2
3
2
1
0
0
0
2
1
1
0
0
1
0
0
0
1
1
1
3
0
1
0
1
0
1
0
0
2
0
2
0
3
1
2
2
1
0
2
1
0
2
1
0
3
3
0
0
1
1
1
3
0
3
2
1
2
1
1
2
1
1
1
0
1
1
2
1
2
0
1
1
0
1
0
2
0
0
1
1
0
2
1
1
1
0
0
0
0
0
1
1
1
2
0
1
2
0
0
0
1
0
1
1
1
1
1
2
2
0
2
1
2
1
3
0
1
1
2
1
2
0
1
2
1
0
0
0
1
3
0
0
0
1
0
0
1
3
1
0
1
1
0
1
1
0
0
0
1
2
0
2
0
5
0
0
2
1
1
0
1
1
0
0
1
0
1
0
1
1
1
0
2
0
1
3
0
0
0
0
0
0
2
0
2
0
0
1
0
0
2
1
1
0
0
0
0
1
2
0
0
1
1
1
1
1
1
2
0
1
0
0
0
0
1
0
1
0
0
0
0
0
2
0
1
0
0
1
0
2
0
0
0
1
2
0
0
0
2
1
1
2
2
1
2
1
0
0
0
0
0
0
2
1
0
1
0
2
0
0
0
0
1
0
0
0
0
0
0
0
1
0
0
0
0
1
0
1
0
1
1
1
1
1
2
0
0
1
0
2
0
0
0
0
0
1
1
0
0
0
0
1
0
0
2
0
1
0
0
1
0
1
0
0
0
0
1
0
0
1
0
0
0
0
0
1
1
0
0
1
0
0
0
1
0
0
1
0
1
0
1
1
0
1
2
0
0
0
0
1
0
1
1
0
0
0
0
0
0
0
2
0
0
0
0
1
0
1
1
1
0
1
0
0
0
0
0
0
2
0
1
1
1
1
1
0
2
1
2
1
0
0
0
1
1
1
1
1
0
0
0
0
0
0
0
0
0
0
0
2
0
0
0
0
0
0
0
0
1
0
0
0
0
0
0
0
0
0
0
0
1
0
0
0
0
0
0
0
0
0
1
0
0
0
0
0
0
0
1
0
0
1
1
0
0
0
0
1
1
1
1
0
0
0
0
0
1
0
1
0
0
0
0
0
0
1
0
0
1
2
0
0
0
0
0
1
0
0
1
0
1
0
0
0
0
1
0
0
1
2
0
1
0
2
1
0
0
1
0
0
1
0
0
0
0
1
0
1
0
0
0
1
0
0
0
0
0
0
0
0
0
0
0
0
0
0
0
0
0
0
0
0
0
0
1
1
0
1
0
0
0
0
1
0
0
0
0
0
0
0
0
0
0
1
0
0
0
0
0
0
0
0
1
0
0
0
0
0
0
1
0
0
1
0
0
1
