0
0
0
0
0
0
0
0
0
0
0
0
0
0
0
0
0
0
0
0
0
0
0
0
0
0
0
0
0
0
0
0
0
0
0
0
0
0
0
0
0
0
0
0
0
0
0
0
0
0
0
0
0
0
0
0
0
0
0
0
0
0
0
0
0
0
0
0
2
0
1
1
1
3
1
0
0
3
2
0
1
6
12
47
113
399
954
2236
4846
9623
17019
27651
41052
54704
66185
72739
72694
66471
54959
41332
28409
17314
9886
5129
2346
998
375
160
45
11
5
1
4
2
2
4
1
1
2
0
0
1
0
1
1
0
0
1
0
0
0
12
50
50
47
45
55
50
44
50
35
35
50
41
48
39
42
61
44
32
30
30
52
38
44
41
35
43
38
49
35
36
29
42
35
38
25
37
24
46
30
34
37
33
40
42
32
46
39
35
42
43
39
33
47
35
38
33
33
44
45
35
43
45
45
43
45
51
36
44
90
75
97
111
130
156
161
154
163
152
144
145
109
114
77
70
63
53
39
63
41
35
48
37
56
33
33
53
47
40
47
44
38
54
47
67
63
63
68
70
76
79
72
79
99
107
80
117
112
109
151
121
151
187
172
210
281
405
642
1074
1821
2944
4663
7098
10488
13965
17927
22059
25369
27697
28933
28716
26556
23786
19657
15875
12476
8983
6359
4710
3390
2414
1661
1190
971
645
542
395
311
289
327
401
541
618
804
965
1020
1085
1113
1066
931
821
655
558
390
289
244
153
134
117
75
95
83
57
56
64
31
33
28
13
19
10
15
11
11
3
13
12
7
11
8
3
12
9
10
17
9
8
7
7
7
11
7
4
9
9
9
1
9
4
4
10
11
12
6
10
11
9
11
15
19
20
20
21
29
29
28
31
26
28
24
12
26
16
26
12
22
23
25
17
21
18
14
14
22
21
19
17
22
16
20
17
21
27
17
14
4
19
14
7
4
8
9
8
7
6
6
7
3
3
8
6
5
4
7
8
8
7
9
7
3
4
3
5
6
7
8
4
8
4
7
12
8
7
13
10
13
20
12
20
19
17
20
29
10
25
25
21
19
14
17
11
15
8
5
5
7
5
7
8
9
6
10
12
12
17
8
11
13
6
5
9
14
12
14
6
15
3
4
7
11
12
7
4
3
4
2
4
8
6
5
5
2
7
5
6
2
10
4
7
9
8
13
9
7
6
8
13
7
8
5
8
5
3
7
4
5
3
8
5
3
4
5
7
10
8
7
3
4
6
7
9
7
3
5
7
6
6
7
5
4
7
7
6
5
8
8
5
8
9
10
6
8
9
8
9
7
5
3
6
5
12
10
8
7
3
11
13
6
6
5
8
8
11
4
11
12
4
6
6
10
12
8
7
10
9
6
5
5
10
7
4
8
10
13
9
7
6
8
10
7
8
8
12
6
9
8
11
7
12
14
7
6
9
11
7
6
12
6
5
11
11
7
7
12
9
6
7
8
10
12
7
12
4
9
16
11
14
11
8
9
12
12
18
13
7
14
12
15
13
18
11
12
11
15
18
11
12
15
22
13
17
13
17
23
19
15
19
18
17
24
21
29
20
24
22
19
24
26
20
17
21
24
26
28
25
23
23
20
19
16
21
18
16
19
24
14
17
21
14
15
20
21
10
23
20
19
22
14
17
20
27
7
16
15
12
17
14
26
18
20
17
19
20
18
21
31
21
23
19
22
18
13
25
17
18
26
18
21
22
17
25
24
13
17
18
20
21
24
25
20
20
20
28
19
30
26
28
30
22
30
31
25
30
26
27
26
38
26
37
18
31
27
24
40
27
27
37
31
29
31
39
45
32
35
34
33
45
45
33
29
33
35
30
33
48
34
54
37
47
34
35
39
61
48
45
51
42
52
52
56
49
53
66
53
53
56
63
56
69
54
60
59
67
55
62
81
65
80
70
77
82
105
97
111
112
139
140
135
142
135
137
165
144
129
128
120
136
134
122
97
117
112
109
113
84
85
94
103
96
81
88
76
95
78
83
77
80
87
81
90
76
68
87
75
74
63
83
87
65
78
97
80
81
72
86
92
101
77
94
81
80
85
76
70
83
70
81
73
65
75
77
78
65
70
71
60
98
75
84
71
68
81
68
64
72
70
74
59
70
64
77
79
76
72
52
81
82
79
76
56
75
75
80
64
68
82
72
66
96
96
78
65
79
68
62
84
77
67
78
80
60
90
75
87
67
62
78
73
56
71
66
59
75
81
84
71
66
73
92
62
80
85
74
101
74
98
88
68
96
75
88
83
93
74
79
73
94
63
92
100
83
87
97
103
89
105
97
113
118
146
154
194
248
281
337
395
504
591
714
878
960
1154
1346
1461
1614
1815
1893
1972
2023
2101
1972
2008
1925
1805
1653
1524
1306
1190
1039
933
728
609
529
434
368
316
251
217
174
160
132
119
121
125
106
119
96
101
116
97
121
131
79
99
128
96
97
129
131
109
103
133
148
126
119
102
129
96
116
100
132
111
111
105
108
134
102
105
117
107
128
113
113
108
118
128
127
102
117
115
103
109
129
107
92
127
110
108
121
131
120
117
112
151
126
139
150
174
183
179
238
219
243
250
291
331
316
329
363
367
346
335
383
420
360
345
341
331
306
286
286
227
228
193
194
182
149
159
143
135
156
144
122
125
133
143
146
137
136
134
145
147
148
126
132
132
124
148
127
130
147
141
178
160
139
152
161
153
156
154
147
149
145
160
153
156
159
168
144
176
156
177
147
145
183
166
191
164
180
183
177
159
164
173
191
180
168
188
188
163
184
185
230
206
174
192
193
177
211
193
197
184
207
200
206
198
213
232
225
212
222
224
206
229
217
242
245
223
240
248
258
232
254
264
229
246
256
241
283
268
279
269
282
257
282
271
243
261
289
284
296
277
292
267
235
268
278
291
293
276
252
279
287
285
281
246
262
255
282
244
265
275
271
273
235
247
252
260
248
258
226
244
206
227
236
242
212
194
217
224
219
214
187
190
172
196
184
165
194
185
167
156
164
170
189
176
161
167
147
170
150
183
172
166
205
158
168
182
159
172
179
154
160
157
163
153
185
165
162
142
144
171
164
137
158
162
151
187
151
178
156
187
172
183
172
138
153
186
172
184
172
171
180
170
185
184
169
194
200
173
158
219
197
183
216
188
201
185
186
202
205
202
206
215
213
215
187
198
229
241
216
200
202
231
213
212
247
223
223
201
219
204
238
245
213
209
218
239
224
200
225
246
215
203
197
193
189
207
215
203
217
191
231
211
201
194
209
210
192
211
194
201
186
191
197
220
199
192
184
186
192
200
205
185
194
173
181
181
171
182
184
188
180
165
177
191
175
158
180
203
201
171
188
180
195
166
184
188
171
166
180
155
171
150
152
184
160
189
168
185
171
187
168
169
204
167
178
175
176
177
179
163
151
177
176
167
177
182
184
180
152
182
169
173
188
172
180
195
179
169
184
170
202
175
194
187
210
166
152
189
203
202
181
187
207
183
195
169
190
185
190
194
203
191
201
191
188
185
180
168
190
166
165
157
196
216
179
197
190
206
193
214
197
170
200
178
216
192
196
200
180
189
201
201
212
222
192
208
176
183
225
192
205
193
204
190
185
192
194
202
205
211
189
215
201
194
204
194
171
200
220
202
177
200
234
211
193
216
202
214
222
213
226
225
225
206
198
216
202
236
252
223
216
197
229
220
211
214
211
199
199
230
221
215
217
222
211
197
218
226
243
207
220
218
235
209
220
236
219
215
223
206
237
228
207
223
246
217
222
207
205
225
202
231
207
214
202
226
206
216
219
193
198
198
216
178
200
182
213
197
202
175
197
198
194
185
186
179
175
196
201
152
213
152
199
214
187
218
182
168
206
175
192
176
202
181
192
206
194
187
205
208
174
207
186
205
181
199
202
192
218
166
193
176
174
203
181
186
192
188
203
186
183
188
225
179
211
185
192
174
207
191
211
189
201
185
191
181
166
193
188
199
182
192
197
180
198
211
200
203
204
201
175
193
180
166
210
193
186
202
171
196
188
161
220
191
192
205
208
215
179
196
165
193
185
222
208
199
192
189
212
201
187
201
204
206
192
193
186
186
209
171
176
171
181
165
198
192
202
206
181
181
200
192
222
185
197
205
192
177
207
198
192
167
182
209
172
167
183
179
187
202
188
221
184
212
213
210
189
206
196
210
181
212
191
200
213
163
195
198
191
187
218
210
218
201
203
194
189
192
228
203
204
221
199
206
202
224
166
176
214
190
212
202
210
204
191
218
232
200
189
221
231
217
232
203
224
188
220
216
233
200
208
208
226
214
229
227
207
205
209
237
228
276
251
244
252
254
223
224
236
279
255
250
247
245
251
232
256
261
275
238
282
243
274
256
266
284
265
297
289
302
280
294
281
281
314
276
330
273
336
310
321
339
289
361
312
346
394
349
344
391
340
393
341
357
421
428
479
440
405
442
454
481
512
526
492
512
551
560
595
564
640
622
634
676
734
723
712
747
779
841
880
816
820
933
914
923
939
988
1009
920
1069
1073
1136
1078
1108
1113
1159
1097
1149
1094
1188
1178
1153
1200
1156
1132
1134
1191
1145
1155
1160
1105
1240
1098
1070
1026
1053
1112
1006
1031
983
936
913
861
883
878
851
856
798
761
764
667
678
678
684
623
633
589
573
519
470
503
469
470
460
434
428
417
428
401
380
375
366
363
347
335
361
306
336
314
290
281
297
246
278
274
264
263
279
275
250
285
228
253
255
258
217
238
236
238
225
218
225
210
212
215
193
195
224
195
193
210
196
194
173
182
189
196
180
180
192
203
221
228
216
210
227
213
223
223
266
315
277
278
304
324
316
332
334
391
353
390
359
399
429
446
431
433
469
442
397
451
458
432
433
410
381
388
393
349
333
311
327
279
276
244
269
232
202
202
210
188
181
195
178
145
144
155
137
142
147
146
139
130
119
120
137
127
115
135
114
121
133
117
133
128
154
140
131
141
140
151
182
147
139
149
172
163
157
164
168
143
181
150
169
188
155
158
183
170
155
171
197
193
183
195
192
196
195
221
220
191
202
217
242
195
205
191
230
210
216
214
224
222
212
233
221
225
241
205
224
218
206
200
205
213
231
200
170
194
227
192
163
205
178
171
179
159
174
198
172
170
154
159
140
162
156
141
155
151
177
141
114
144
139
113
134
133
107
124
139
102
115
107
112
107
107
99
96
104
98
83
93
102
83
85
95
114
86
71
69
91
70
75
91
67
87
72
69
73
70
73
73
79
74
73
52
80
77
69
55
75
68
66
75
60
67
61
65
71
56
47
49
54
67
53
60
63
55
52
52
58
54
47
66
55
49
43
31
52
48
37
53
54
50
56
47
40
55
39
47
45
50
49
50
44
52
51
66
51
50
61
49
50
47
34
57
39
56
50
57
64
63
61
57
64
59
69
58
57
63
61
72
77
69
66
64
59
67
62
56
65
56
65
66
50
45
59
48
60
60
37
61
46
35
53
43
53
50
44
34
38
36
41
27
22
44
44
41
40
32
36
54
43
45
29
50
43
33
33
37
31
39
40
38
34
27
31
36
34
41
27
38
42
32
33
32
31
27
35
28
34
34
29
29
28
25
38
26
23
32
29
30
34
40
25
28
34
34
36
41
28
33
35
33
34
34
40
25
30
26
30
27
28
29
28
38
28
28
33
34
18
17
25
26
24
17
24
27
30
34
23
29
26
40
25
30
21
22
30
25
26
28
28
25
34
25
27
32
24
36
22
23
29
24
31
21
20
26
21
31
26
27
29
24
27
31
17
26
32
27
28
21
30
27
21
18
18
22
30
25
23
28
21
21
22
23
24
20
23
24
24
23
21
17
20
26
29
27
32
19
22
25
22
22
29
25
27
27
17
20
29
29
22
22
24
22
19
24
30
19
25
26
24
24
20
16
23
21
15
14
26
19
22
17
24
21
25
24
24
21
24
20
20
29
15
13
14
24
23
22
19
14
24
25
25
26
22
14
24
19
23
9
17
25
17
19
20
20
25
13
13
15
15
21
20
15
26
24
15
27
22
19
24
16
25
11
8
15
19
22
11
14
19
17
14
20
19
29
17
23
20
15
16
11
16
13
17
14
11
15
15
17
15
11
19
16
15
17
17
16
12
14
22
20
25
19
23
18
18
17
17
13
15
11
11
19
29
15
19
16
16
17
18
19
10
22
15
18
18
12
15
16
18
9
21
16
16
17
14
15
14
10
13
13
21
10
16
9
10
15
17
16
12
16
19
10
10
10
13
14
16
20
17
15
16
15
11
11
16
11
14
16
17
16
11
13
12
10
17
20
17
12
12
19
13
7
16
12
12
14
22
4
10
16
13
15
15
12
9
11
19
13
13
18
11
12
13
8
10
10
13
8
10
15
11
9
12
10
9
11
13
14
10
11
10
9
6
9
10
15
11
24
14
5
11
10
7
9
11
18
8
9
11
15
6
8
15
13
11
8
13
11
21
12
15
10
9
13
8
10
11
17
14
9
13
9
9
11
12
11
10
13
11
10
9
9
9
5
8
12
11
8
17
9
13
16
17
10
10
9
6
6
15
7
11
6
9
7
7
16
11
7
6
13
7
7
3
8
12
6
8
10
7
9
10
8
10
5
6
5
8
7
7
7
7
14
9
5
9
5
11
9
9
11
13
9
7
8
2
8
7
9
8
8
7
13
10
6
10
5
13
7
7
11
8
4
12
7
5
10
18
11
7
11
8
11
15
4
8
10
8
11
8
14
12
7
8
8
10
8
8
8
11
17
7
5
9
3
6
7
8
9
8
3
4
3
7
6
3
9
6
8
10
4
10
6
9
7
13
10
8
10
7
9
9
11
4
6
6
7
6
9
5
7
6
4
9
9
8
6
3
12
8
8
7
4
8
4
5
8
10
3
10
12
16
7
4
8
9
3
5
5
4
5
3
8
8
9
7
8
4
3
4
5
5
5
6
4
6
10
8
4
7
4
6
5
7
6
5
8
8
8
5
5
9
5
6
7
3
7
5
9
2
1
5
9
5
4
5
3
7
4
5
5
5
6
4
3
4
3
5
6
6
6
3
6
5
2
2
4
8
3
6
4
5
4
5
6
4
7
4
8
4
4
4
5
4
6
3
4
5
3
5
6
7
4
3
6
5
4
4
5
1
5
1
6
2
0
5
3
5
3
4
5
7
5
3
4
4
4
4
0
5
3
5
8
6
2
2
2
4
1
2
5
1
3
4
2
3
5
4
4
5
6
5
8
2
6
3
4
4
2
2
5
3
3
3
6
7
4
3
2
3
2
6
2
4
4
1
3
3
6
3
3
4
4
3
2
6
3
8
1
4
3
1
5
4
4
1
5
7
3
5
4
3
6
9
1
4
4
6
3
4
4
4
3
2
4
3
5
2
4
1
1
4
1
4
5
4
4
5
2
3
4
1
3
5
4
4
1
3
8
2
3
3
5
7
2
0
2
3
3
2
1
1
0
1
0
4
4
1
6
2
2
2
4
2
2
3
2
5
5
1
0
3
2
2
3
6
2
3
2
6
1
3
1
3
5
0
3
3
5
5
2
5
2
2
4
2
3
3
1
2
0
4
2
2
2
3
0
0
2
4
3
5
2
1
2
4
2
2
2
3
6
2
3
4
1
3
0
0
0
1
2
1
3
2
1
4
1
3
0
3
2
3
2
2
5
0
1
3
1
2
2
2
2
3
0
3
2
2
4
1
3
1
2
4
2
0
4
4
2
6
0
1
0
2
2
1
7
2
5
0
5
0
1
1
1
1
3
3
3
2
2
4
2
0
3
5
4
1
0
1
3
0
2
1
4
0
0
4
0
2
1
3
2
2
0
0
2
1
1
4
1
1
5
4
2
2
3
0
1
0
3
0
1
0
0
2
2
1
0
1
0
2
1
1
0
1
1
3
3
1
0
0
2
1
1
2
1
0
0
1
1
3
0
1
2
0
0
2
1
0
0
2
1
1
1
0
2
0
2
4
2
3
2
1
0
2
3
2
2
1
1
1
1
2
1
3
2
1
0
1
1
2
3
2
2
2
2
1
0
1
0
0
1
1
1
5
0
1
1
1
0
2
1
1
0
3
0
0
2
2
0
1
2
2
2
0
0
0
1
1
1
0
1
2
3
4
0
1
1
1
0
1
2
3
0
1
0
1
2
1
1
2
0
3
0
0
1
1
1
0
0
1
0
0
0
2
1
2
0
0
2
2
1
2
1
0
2
1
1
1
1
2
1
0
0
1
0
0
0
1
0
0
1
0
4
3
0
1
2
2
1
0
4
0
1
0
2
2
0
1
0
2
2
0
2
1
2
0
1
2
0
0
2
0
1
0
0
1
1
1
0
0
1
0
2
1
3
0
0
1
1
0
0
1
0
0
1
2
1
1
0
1
0
2
1
2
0
0
0
0
0
0
1
0
0
1
0
0
1
0
0
0
0
0
1
0
2
0
1
0
1
1
0
0
1
0
1
0
1
0
1
0
0
2
3
0
0
1
0
1
0
1
2
1
0
0
0
0
1
0
0
0
1
1
0
0
1
1
0
1
0
0
0
2
0
0
0
1
0
1
0
0
0
0
0
0
1
1
1
1
0
0
0
0
0
1
1
0
1
2
0
0
0
1
0
1
0
1
0
0
0
2
1
1
1
0
0
0
1
0
0
0
0
0
0
0
1
1
1
1
1
0
1
1
0
0
1
1
0
0
0
0
1
0
1
0
1
0
2
1
0
0
0
1
2
0
0
0
1
0
0
0
1
0
0
0
0
0
0
1
1
1
0
0
2
0
0
0
1
1
1
1
1
0
0
0
1
0
0
0
0
1
0
0
0
0
0
0
1
0
0
1
0
0
0
1
0
0
0
1
0
0
0
0
1
0
0
0
0
1
0
1
3
0
0
0
0
0
0
0
1
0
0
1
0
0
0
0
0
0
0
0
0
0
0
1
0
1
1
0
0
0
0
0
0
0
0
0
0
0
0
0
0
2
0
1
0
0
0
2
0
0
1
1
0
0
0
0
0
1
0
0
0
0
0
0
0
0
1
0
1
0
0
0
1
1
0
0
0
1
1
0
0
0
0
0
0
0
0
0
2
0
1
0
2
0
1
1
0
0
0
1
0
0
0
0
1
0
0
0
0
0
1
1
1
0
0
1
2
0
0
1
2
1
1
0
1
0
0
0
0
0
2
0
0
0
1
0
0
1
1
1
0
0
0
0
0
0
0
0
0
0
0
0
0
0
0
0
1
0
0
0
0
0
0
1
0
0
0
0
0
1
0
0
0
0
1
0
0
0
0
1
0
2
0
1
0
0
0
0
0
0
0
0
0
0
0
1
0
