0
0
0
0
0
0
0
0
0
0
0
0
0
0
0
0
0
0
0
0
0
0
0
0
0
0
0
0
0
0
0
0
0
0
0
0
0
0
0
0
0
0
0
0
0
0
0
0
0
0
0
0
0
0
0
0
0
0
0
0
0
0
0
0
0
0
1
0
1
0
2
4
1
0
0
2
2
1
2
1
3
5
8
55
127
346
1006
2266
4803
9643
17231
28143
40691
54312
66553
72837
73148
66178
54948
41067
28141
17363
9777
5098
2270
1048
400
147
54
15
8
2
2
1
1
1
1
1
0
0
1
2
0
1
0
0
0
0
0
0
0
5
50
52
50
51
55
38
52
45
44
42
41
48
47
40
45
45
39
41
40
36
36
41
42
36
44
40
39
43
40
36
36
45
32
43
26
30
39
33
36
38
48
41
38
44
47
35
33
38
32
37
45
35
45
44
45
28
41
40
43
45
45
40
50
41
51
47
59
63
68
88
112
112
143
143
154
209
187
163
161
137
104
118
65
74
72
56
38
47
50
36
48
46
41
49
40
44
34
41
36
59
46
46
61
55
59
74
74
77
82
73
77
93
95
106
119
117
101
130
143
134
138
152
166
210
260
390
634
1090
1792
2805
4668
7054
10108
13979
17734
21624
24828
27353
28533
28022
26390
23351
19464
15657
12049
8953
6464
4542
3243
2361
1735
1243
885
703
488
382
325
313
359
422
521
637
781
932
995
1047
1057
989
858
833
620
518
432
293
228
151
122
104
88
71
87
79
69
59
28
37
23
26
24
11
12
8
10
8
6
8
8
12
5
11
12
7
7
10
8
4
11
10
12
11
10
8
13
9
3
12
10
6
12
8
9
12
15
10
13
5
14
9
18
22
16
17
26
23
24
14
19
26
19
23
19
19
13
19
18
14
11
22
29
25
16
20
25
18
14
18
13
21
17
17
12
18
13
14
6
19
9
9
8
9
12
7
5
3
7
8
5
7
8
6
6
5
6
8
6
3
7
4
6
3
5
5
2
5
6
4
8
5
5
5
5
10
10
4
11
15
12
27
18
21
30
28
18
27
33
20
17
10
11
17
7
11
10
3
7
8
9
9
6
10
8
9
6
9
7
9
5
12
8
7
4
9
8
6
5
9
8
5
7
3
11
4
5
9
5
5
5
2
5
11
4
11
8
4
6
5
7
5
2
7
10
6
5
7
6
3
3
11
6
3
6
6
7
0
5
5
4
6
8
3
6
9
4
4
5
5
8
3
6
6
6
3
3
3
12
5
9
5
12
10
3
8
6
3
11
9
5
5
9
3
6
7
9
5
7
6
7
1
12
8
4
7
3
8
8
5
12
11
10
7
4
12
1
6
5
3
9
11
9
8
11
5
9
7
8
12
14
5
6
4
8
9
6
7
4
6
6
4
9
7
3
8
6
13
12
5
12
14
5
2
12
7
9
6
11
14
12
13
9
8
7
5
18
7
15
14
7
11
18
8
13
8
8
8
6
9
5
11
5
14
8
16
10
9
11
10
15
6
13
16
16
11
20
17
21
16
16
9
15
18
18
22
18
19
20
22
22
17
25
21
16
21
18
21
24
16
23
20
24
24
22
22
20
25
18
23
22
23
22
23
17
15
14
20
18
23
16
24
19
15
24
19
15
25
19
12
15
15
19
12
17
15
15
19
24
17
21
12
20
28
22
18
19
12
25
16
12
23
17
24
25
20
23
34
26
30
21
26
25
20
33
18
31
24
23
22
17
26
26
28
24
24
31
31
36
36
28
28
27
22
23
26
30
33
25
28
35
41
32
37
36
37
36
33
29
26
33
32
39
41
26
34
29
40
42
35
33
36
41
37
42
42
43
45
38
45
41
55
51
40
47
45
52
38
60
55
58
55
48
43
54
53
52
58
38
60
58
43
68
67
64
57
78
60
57
78
91
99
102
72
108
111
122
116
117
126
152
133
127
135
141
173
135
142
143
150
132
132
129
110
113
93
109
83
88
82
92
75
102
102
59
91
87
59
77
69
94
88
77
78
85
95
75
70
79
85
104
88
90
79
71
76
79
77
83
76
69
93
65
71
74
90
85
75
89
80
74
79
56
73
62
74
68
79
71
57
72
64
75
69
87
66
72
69
85
73
70
88
74
91
64
91
80
69
69
82
66
77
63
83
77
87
64
63
72
88
88
92
58
78
81
81
65
74
75
71
76
88
67
81
81
79
60
83
71
76
81
65
68
86
71
76
67
73
89
75
90
80
82
80
61
87
84
80
63
70
87
65
62
89
104
98
85
71
77
73
82
74
91
79
89
85
104
116
114
107
128
130
136
152
187
223
279
330
397
497
610
696
841
977
1070
1344
1490
1625
1763
1839
1992
1989
2000
2046
2002
1852
1896
1632
1476
1319
1177
1019
898
739
606
532
411
327
272
234
200
177
159
128
132
122
123
120
102
118
100
99
92
113
109
132
102
101
121
100
114
122
115
132
125
123
128
133
106
122
118
137
128
115
116
119
126
115
116
100
125
108
119
110
113
99
111
120
122
96
111
107
115
112
117
88
125
123
109
126
119
99
134
123
136
113
124
160
155
153
170
189
186
203
239
259
261
248
314
309
332
360
353
366
402
342
375
376
315
329
295
296
256
265
239
198
211
198
166
144
181
152
165
159
129
125
118
120
149
125
139
124
139
135
131
113
151
143
131
147
146
124
134
138
145
145
147
164
130
143
125
161
141
146
119
133
149
189
159
168
164
162
183
165
182
169
162
191
162
163
178
176
155
163
183
174
159
182
180
164
178
196
164
196
173
165
175
202
194
191
183
182
215
193
178
205
197
174
198
183
209
219
229
210
188
237
213
226
259
254
221
246
226
267
237
234
257
255
251
250
247
262
256
277
259
262
252
250
265
254
261
306
258
274
306
279
262
300
284
288
277
297
277
272
264
292
279
261
266
281
278
256
267
267
257
286
244
275
259
256
246
266
259
218
209
234
244
207
230
223
199
215
203
198
214
202
187
200
184
191
194
189
177
179
188
180
188
184
199
184
164
172
197
166
170
175
161
174
162
160
167
162
149
167
155
147
166
173
152
155
162
147
148
178
171
151
188
153
160
145
165
162
171
157
166
161
174
155
163
169
160
181
174
168
167
180
186
183
176
167
167
159
170
213
207
200
196
199
200
177
178
207
208
202
182
211
196
194
200
216
198
195
209
215
229
202
211
213
208
209
213
220
206
232
213
220
205
217
223
218
222
212
217
205
235
216
198
200
203
253
211
208
192
227
203
210
220
199
202
207
153
193
217
203
176
194
182
185
206
199
185
199
206
179
170
202
171
213
184
212
183
191
181
186
189
169
192
166
206
182
158
137
196
178
171
200
183
160
178
193
181
182
189
207
179
188
180
182
152
187
179
189
165
191
190
169
171
174
155
194
203
191
167
179
164
191
183
178
167
201
195
180
199
194
189
178
193
156
172
176
169
181
191
181
167
187
180
200
193
185
169
178
196
193
175
180
190
177
177
195
190
191
185
166
187
190
195
168
197
208
186
192
184
205
190
194
182
199
189
180
205
213
216
182
170
184
178
190
192
200
201
190
230
195
204
186
213
214
178
195
231
219
197
190
202
196
171
194
214
188
212
171
208
182
193
198
216
211
206
206
208
205
216
208
206
213
217
229
213
206
223
237
216
232
217
224
227
223
214
233
191
215
219
217
227
232
227
221
227
219
239
197
241
226
179
236
250
240
239
223
235
238
210
220
224
203
248
222
232
229
207
245
219
225
229
220
233
232
226
235
228
196
213
187
212
219
229
196
216
235
217
248
217
214
214
216
243
210
202
218
189
214
197
206
191
197
209
181
197
204
187
194
226
186
198
214
181
172
221
198
188
191
187
197
215
187
183
181
207
190
204
190
223
190
198
182
203
219
182
203
182
190
162
179
175
202
220
204
188
197
192
213
179
193
196
177
203
190
200
177
212
232
223
194
211
227
183
233
180
192
221
206
190
198
193
216
200
205
204
176
207
195
187
186
193
185
201
211
191
204
216
199
203
185
212
179
210
215
193
197
206
213
189
194
208
204
191
219
226
196
192
220
218
176
183
198
200
196
212
213
212
212
194
181
189
207
215
204
202
209
196
177
190
209
199
174
221
219
218
212
198
205
206
203
194
180
179
206
203
194
208
203
205
183
194
187
215
185
201
182
233
206
192
195
215
189
175
191
233
225
192
197
221
196
221
197
197
215
203
191
211
192
218
211
238
218
197
219
204
203
186
212
216
218
217
208
228
220
189
227
217
199
202
187
214
223
230
208
226
219
266
230
214
227
216
235
212
224
227
253
252
237
242
226
260
252
247
244
228
256
254
213
231
255
257
241
231
229
244
270
263
285
250
270
262
280
309
315
247
286
281
303
306
287
272
297
295
309
316
321
360
329
355
342
331
336
319
359
367
320
346
355
356
382
406
358
397
378
437
415
426
460
448
436
438
455
501
498
443
538
565
602
570
590
571
683
668
664
694
717
755
791
803
808
820
859
873
949
930
976
949
992
1005
1103
1041
1078
1060
1047
1078
1097
1184
1117
1143
1196
1168
1230
1167
1227
1229
1169
1228
1182
1232
1146
1179
1134
1137
1164
1146
1191
1099
1078
1027
988
994
1030
971
951
886
850
868
881
787
801
789
761
695
693
661
654
639
588
579
563
550
542
518
500
478
451
449
411
399
408
379
379
381
377
331
323
323
342
329
330
341
306
332
260
314
280
278
282
246
282
266
243
273
228
231
263
226
248
229
243
233
215
219
204
202
210
202
196
193
232
221
201
211
220
223
214
189
194
199
176
210
182
208
175
195
224
234
226
217
231
223
260
252
280
289
324
299
319
314
369
366
380
391
385
421
450
443
415
459
425
425
430
423
432
418
442
420
417
373
400
377
348
322
322
289
276
269
223
224
209
200
197
174
158
182
149
152
129
123
136
144
127
134
122
125
167
145
130
129
129
143
143
157
141
120
145
140
142
166
158
159
129
138
161
153
157
132
155
155
185
171
158
177
158
164
161
164
156
197
175
180
175
183
181
189
196
187
202
191
199
206
228
226
209
198
213
225
222
230
235
213
239
193
213
227
198
210
211
213
201
224
221
246
201
213
226
201
223
225
197
214
193
199
170
178
195
193
184
183
168
165
177
169
160
152
157
161
160
152
156
154
152
128
131
149
137
120
143
152
122
122
112
104
111
105
120
112
112
123
108
112
84
118
85
94
74
91
87
76
87
89
99
91
78
73
73
81
77
61
80
78
77
74
58
82
63
87
66
64
49
66
69
75
67
57
59
47
70
70
66
63
56
63
62
57
60
69
68
67
62
72
61
51
52
50
58
45
46
47
62
56
58
60
51
47
48
48
55
48
49
52
45
47
49
55
44
35
44
45
39
55
37
46
59
53
42
62
49
51
52
65
48
60
66
49
72
66
84
65
68
78
72
69
65
78
77
70
58
63
71
53
71
51
72
60
73
51
71
50
57
50
54
47
41
61
40
55
44
47
37
45
32
43
44
35
40
48
32
36
50
38
46
38
30
45
29
38
32
38
29
42
42
29
41
33
49
31
43
29
32
24
30
42
30
30
26
28
27
43
30
42
27
40
31
34
30
45
35
28
36
35
26
35
34
33
37
26
36
26
27
29
38
21
30
25
33
33
28
25
32
33
32
28
40
33
21
32
28
26
30
25
34
31
30
24
24
28
27
31
22
28
33
21
28
20
26
24
20
19
32
22
25
32
19
27
27
27
26
22
33
25
26
41
20
31
30
23
26
36
27
21
18
29
26
24
36
25
27
33
25
23
23
23
13
20
22
28
30
26
26
21
22
24
32
29
18
20
24
36
20
22
24
23
19
18
22
29
19
22
32
26
19
27
22
24
23
36
19
29
31
12
26
24
25
21
17
26
14
16
18
26
19
15
27
18
26
27
30
18
21
23
32
22
19
23
17
28
19
15
28
25
35
16
20
18
26
25
12
23
21
17
22
17
28
14
20
20
19
28
17
22
22
25
26
16
16
22
28
25
20
24
19
15
25
19
26
10
28
24
21
16
19
18
19
16
10
25
15
10
21
21
14
26
18
15
16
23
19
22
22
16
21
25
20
18
17
20
7
18
8
17
20
18
11
21
16
20
24
19
11
12
18
22
21
11
16
25
21
19
15
16
22
12
17
10
18
14
22
17
20
17
16
10
17
15
12
16
19
11
12
17
14
15
10
21
11
13
19
16
23
16
14
16
14
14
11
8
20
20
10
17
15
18
17
22
12
11
18
16
12
19
22
17
19
9
9
16
13
12
12
13
15
11
13
10
8
21
11
14
14
13
9
14
11
17
12
10
17
16
12
16
9
9
10
13
14
15
17
15
14
14
13
12
10
14
17
15
13
25
19
7
18
24
18
6
15
13
16
8
10
11
17
16
11
8
16
12
9
13
11
11
13
7
17
9
13
13
9
15
13
8
13
12
13
11
10
10
15
8
14
6
16
14
17
12
14
8
6
13
7
13
11
6
14
5
7
9
16
6
12
5
15
11
18
8
11
15
9
7
13
18
7
8
13
8
21
15
14
9
9
12
9
11
11
9
7
9
15
9
10
9
8
19
4
12
8
13
7
11
13
15
10
7
9
11
12
6
8
6
10
10
8
12
13
5
11
5
6
10
11
7
11
7
10
8
7
7
13
11
9
7
8
8
12
3
14
3
12
10
4
10
8
9
4
6
12
9
8
10
11
7
12
10
10
14
5
6
10
14
10
8
10
10
10
7
5
6
6
14
12
9
5
7
8
6
8
7
10
9
12
8
4
8
8
7
2
4
4
6
8
8
8
8
7
5
11
5
8
6
5
10
14
6
1
6
7
5
10
8
4
5
6
4
6
8
8
9
5
6
8
7
7
6
13
7
8
6
8
5
5
12
13
8
7
5
8
7
5
3
4
6
4
7
5
10
3
5
5
6
11
7
4
8
8
3
6
5
3
4
4
9
4
13
2
9
5
7
6
6
5
6
7
4
4
10
3
3
2
3
7
6
5
5
5
5
7
5
4
7
6
4
7
4
6
2
2
5
7
7
10
3
5
9
3
3
4
3
2
2
4
5
5
1
6
7
4
4
5
3
6
4
6
5
7
8
5
3
8
1
6
5
4
6
1
6
2
6
3
4
6
7
7
5
4
7
7
4
5
4
3
2
9
4
2
2
4
3
2
4
3
3
6
3
3
5
3
3
8
5
3
4
4
2
4
4
3
5
5
5
4
8
3
4
2
3
3
3
3
8
3
1
6
2
7
3
3
2
5
3
3
1
0
4
2
7
4
3
3
5
2
4
2
1
5
5
5
5
3
1
2
10
4
3
4
4
4
3
3
4
4
0
5
3
7
1
2
4
1
2
5
4
3
2
4
1
4
3
5
4
0
3
1
2
2
3
2
5
3
2
4
3
1
1
4
2
4
2
5
3
2
6
0
2
3
3
3
4
5
2
9
1
4
2
2
4
3
0
3
1
4
0
1
4
3
1
0
3
3
0
3
1
2
4
4
2
5
3
5
2
3
1
5
1
2
2
3
0
2
2
3
4
3
4
0
2
4
1
4
2
5
7
4
1
2
1
3
3
4
1
3
2
2
3
1
2
1
1
2
4
1
6
4
4
2
2
2
2
2
1
0
1
4
3
2
2
3
3
2
2
6
1
3
4
1
0
3
1
2
3
3
0
3
2
1
4
2
4
0
0
0
3
2
0
4
4
2
1
4
1
4
2
0
3
1
2
2
2
0
5
1
1
2
1
1
1
3
3
3
0
0
1
0
2
3
4
2
1
2
1
2
3
0
2
1
2
1
0
4
1
2
1
4
2
3
2
0
0
3
0
2
0
2
3
1
0
1
1
1
2
2
5
2
2
1
2
2
0
2
3
2
3
2
4
2
3
0
2
0
4
0
0
1
3
2
3
2
0
0
2
1
1
1
2
3
0
0
2
3
1
0
0
1
2
2
4
1
3
0
4
2
1
2
3
3
1
0
2
1
0
3
1
1
2
3
0
1
1
1
0
1
0
3
0
2
0
1
0
1
0
0
1
2
0
2
1
0
2
1
2
3
1
1
3
3
2
0
0
3
1
2
2
0
2
2
1
0
0
1
1
1
3
3
2
0
4
1
2
0
1
2
0
0
2
1
1
2
0
0
0
2
0
1
2
0
1
2
0
1
2
3
1
2
2
2
2
2
1
0
0
1
1
0
0
0
2
1
0
1
4
1
1
0
2
2
2
0
1
0
1
0
0
1
1
0
0
0
2
0
0
0
1
0
2
2
0
0
0
0
0
1
2
2
1
2
1
1
0
1
0
1
2
1
1
0
1
0
0
1
0
0
1
0
0
1
0
0
0
0
2
1
0
0
0
1
0
0
0
1
2
1
1
0
0
0
1
0
0
0
0
0
0
1
1
0
0
1
3
1
1
2
0
0
0
0
0
2
0
1
0
3
0
3
0
0
1
0
0
0
0
0
1
1
0
0
0
2
0
1
0
1
1
0
3
1
0
0
0
1
2
0
0
2
1
0
0
0
0
1
1
0
0
1
1
0
1
0
0
0
1
0
0
1
0
1
1
0
0
0
1
1
0
0
1
1
0
0
0
2
1
0
0
0
1
1
1
0
0
0
1
0
1
1
0
1
0
1
1
1
2
0
2
0
0
0
0
0
1
1
0
1
1
0
0
1
0
0
0
0
0
0
1
1
0
0
1
2
1
0
1
0
0
1
0
0
1
0
2
0
0
0
0
0
0
0
0
0
0
1
0
1
2
0
0
1
1
0
1
0
0
1
1
0
1
0
0
0
0
1
0
1
0
0
1
1
1
1
0
0
0
0
0
0
0
1
0
0
1
0
0
0
0
1
0
0
0
2
1
1
0
2
0
0
0
0
1
2
0
0
0
1
0
0
0
1
0
0
0
0
1
1
1
0
1
0
0
2
1
0
0
0
0
0
0
1
0
1
0
1
1
0
0
0
0
0
1
0
0
0
0
0
0
0
0
0
0
0
0
0
0
0
1
0
0
0
0
0
0
1
1
1
0
0
0
1
0
0
1
0
0
0
0
0
0
0
0
1
0
1
0
0
1
1
0
0
0
0
0
0
0
1
0
0
0
0
0
0
0
0
0
1
1
1
0
1
0
0
0
0
2
0
0
0
0
0
0
0
1
0
0
1
0
0
0
0
1
0
0
0
0
0
0
0
0
0
0
1
0
0
0
0
0
1
0
0
0
0
0
0
1
0
0
0
0
0
0
0
0
0
0
0
0
0
0
1
0
0
2
1
0
0
0
0
1
0
0
0
0
0
1
0
0
0
1
0
0
1
0
0
0
0
0
0
0
1
