0
0
0
0
0
0
0
0
0
0
0
0
0
0
0
0
0
0
0
0
0
0
0
0
0
0
0
0
0
0
0
0
0
0
0
0
0
0
0
0
0
0
0
0
0
0
0
0
0
0
0
0
0
0
0
0
0
0
0
0
0
0
0
0
2
0
0
2
1
2
1
3
1
2
2
1
3
4
3
0
2
5
15
37
132
357
905
2264
4890
9707
17090
27416
40758
54523
66093
73247
73640
66178
54723
41468
28287
17551
9745
5033
2417
931
366
138
48
13
3
2
3
1
1
0
2
0
0
1
2
0
0
0
1
0
0
0
1
1
2
13
63
50
52
44
49
47
46
42
38
59
51
38
38
46
41
47
35
53
44
43
32
41
40
39
35
44
42
40
44
31
26
48
39
41
45
32
41
42
37
44
31
42
39
36
42
31
34
31
30
32
45
33
38
40
48
48
29
38
42
50
34
40
41
33
45
37
59
61
72
88
91
150
134
135
166
176
174
177
113
122
105
77
92
73
51
45
45
52
48
52
46
49
46
38
47
33
49
47
38
51
49
37
62
51
65
60
63
71
97
69
84
89
100
110
112
120
104
144
139
152
176
212
219
295
359
550
767
1255
2089
3184
4927
7410
10648
14520
18615
22683
26342
28918
30100
29573
27830
24607
20588
16695
12555
9295
6831
4940
3434
2493
1771
1296
978
731
623
489
415
384
409
467
571
667
798
855
989
1043
1022
997
873
792
659
523
392
321
190
177
125
118
93
95
71
70
56
42
44
33
27
23
10
18
16
6
9
7
7
12
13
6
8
10
6
14
7
6
11
8
7
7
11
8
8
5
5
6
10
14
6
11
13
9
9
8
13
10
8
9
13
16
12
25
23
22
26
28
27
33
16
33
29
31
29
21
25
16
14
24
25
23
20
22
19
27
20
19
16
21
12
16
17
18
18
16
13
15
12
12
16
10
9
9
9
7
7
8
7
4
5
3
4
6
8
4
1
2
5
8
4
5
3
5
4
8
3
5
7
11
4
8
8
4
4
8
8
9
16
10
14
15
22
21
23
24
22
27
28
19
19
18
8
22
16
13
7
10
8
4
7
7
6
8
14
16
14
11
14
9
13
5
8
10
9
11
4
5
6
9
9
6
6
4
4
6
5
2
11
2
8
3
9
5
5
6
8
10
8
6
3
10
5
10
9
5
10
6
5
8
3
2
9
2
5
7
6
1
4
2
6
9
6
5
3
4
5
15
10
8
4
5
8
5
7
7
4
8
6
6
10
6
10
9
7
2
4
6
6
6
3
3
4
11
8
6
6
7
9
6
4
11
12
9
7
10
0
10
16
8
3
9
7
7
4
2
4
9
10
13
7
3
10
8
7
7
6
10
4
8
8
5
9
6
9
6
5
9
6
13
8
8
6
9
9
7
8
7
13
10
7
11
6
11
4
5
7
11
10
9
10
13
17
15
8
10
13
9
6
7
9
7
10
9
14
13
10
11
13
10
5
8
8
7
10
11
6
9
17
17
15
18
18
12
12
17
23
19
21
15
19
16
15
16
23
10
14
14
19
14
21
19
15
14
13
15
20
18
19
13
26
14
18
18
24
21
19
15
12
11
16
24
14
14
8
16
31
18
18
15
23
18
16
17
22
13
18
11
10
24
25
16
18
21
19
20
14
30
22
20
21
20
26
20
25
18
20
23
25
27
27
21
16
27
18
36
26
29
23
27
23
28
28
30
30
27
22
19
33
37
26
25
35
27
26
26
27
37
27
36
34
30
33
21
31
37
33
42
46
31
33
51
36
30
50
37
40
38
34
35
32
36
37
35
43
37
39
38
32
35
39
46
43
43
34
60
46
48
47
37
58
40
49
55
50
47
55
49
56
52
48
51
60
65
67
56
46
71
61
71
56
68
43
64
61
76
60
56
61
62
82
66
79
73
66
75
66
91
89
60
87
93
82
97
77
113
96
74
106
103
110
104
107
81
81
102
99
97
94
92
92
81
70
101
88
91
86
82
76
71
77
81
94
73
66
72
71
93
87
71
88
86
65
77
73
57
66
83
57
52
79
71
82
64
71
74
74
91
75
86
60
84
80
67
73
77
78
83
77
76
58
77
69
73
74
69
62
64
72
61
75
76
86
66
83
84
83
87
78
74
65
81
69
63
63
85
66
69
75
78
59
79
78
70
65
71
79
80
72
61
85
64
61
82
60
76
67
62
74
71
78
62
78
81
67
77
81
73
74
56
82
84
71
83
80
82
76
75
81
79
70
77
86
66
81
80
80
84
92
89
72
69
75
91
83
95
95
86
104
98
112
91
130
159
173
204
264
289
406
433
600
710
817
992
1175
1343
1460
1625
1781
1928
1939
1997
2144
2077
2104
1895
1842
1695
1530
1419
1268
1103
903
746
617
536
439
347
298
251
234
185
163
119
130
87
105
94
115
107
108
86
99
98
88
105
96
82
101
106
101
102
91
114
104
106
99
102
93
110
86
110
112
93
111
95
105
94
101
93
97
96
115
94
119
107
101
86
131
100
106
121
130
118
115
117
111
128
92
121
112
139
125
131
119
125
147
134
135
141
146
176
169
192
255
236
239
278
310
354
360
363
362
385
367
354
397
353
386
349
322
300
289
262
241
241
187
194
187
187
186
163
170
132
157
148
146
129
147
145
135
136
135
136
142
144
163
150
142
144
161
153
152
179
154
178
157
146
150
149
175
159
141
166
166
170
168
181
161
158
189
170
189
212
176
171
203
196
177
182
180
218
220
209
216
201
178
225
220
222
215
228
212
214
239
241
214
238
231
219
226
240
273
259
229
216
271
240
253
266
266
267
255
287
292
288
268
261
273
268
287
302
247
230
260
250
268
247
279
229
244
232
263
229
223
239
210
216
217
220
229
181
201
220
184
193
169
190
198
185
172
188
180
170
178
183
194
156
187
169
179
170
159
170
133
179
173
172
176
168
169
142
145
170
165
170
162
138
163
135
133
153
164
163
152
139
169
130
148
141
133
164
167
183
175
178
154
129
152
171
152
147
143
138
157
164
122
146
131
156
129
148
163
166
147
167
144
159
139
156
146
146
155
162
154
150
147
159
164
144
149
149
162
146
139
152
130
149
152
141
165
155
164
127
162
142
158
120
166
153
146
159
152
157
146
133
150
150
142
153
156
149
157
145
153
158
164
164
169
149
160
148
171
172
152
172
161
162
162
146
178
181
161
201
139
173
152
187
163
145
189
180
165
172
165
189
169
149
171
164
195
160
174
161
173
187
181
174
188
183
179
181
169
172
168
182
204
176
156
178
200
176
181
188
185
191
235
193
204
168
196
184
203
197
190
181
177
196
204
194
189
188
216
224
184
205
190
186
204
192
191
161
194
182
176
189
197
175
202
219
176
188
211
199
180
198
202
210
188
154
195
167
184
174
168
202
179
164
189
194
193
195
208
186
196
188
182
176
194
194
217
198
191
180
184
210
176
195
213
199
201
198
184
214
215
201
212
202
241
196
212
230
219
217
230
216
226
218
229
199
210
232
213
233
230
217
240
247
234
208
230
251
228
242
253
240
252
260
255
230
255
248
238
238
228
240
241
267
233
254
243
242
265
256
233
261
286
268
208
217
231
226
253
238
225
234
253
239
260
234
235
188
230
240
243
232
229
228
240
246
202
229
219
216
252
240
239
218
208
209
227
241
211
215
223
219
216
215
226
201
201
214
211
207
215
217
200
185
212
214
217
202
182
189
205
195
212
213
199
205
202
171
222
204
234
186
197
188
195
200
157
195
209
201
195
195
169
163
187
206
165
201
184
219
185
193
197
174
194
181
183
206
195
170
203
163
168
180
182
204
176
188
174
181
187
187
187
184
190
170
203
192
178
202
198
176
191
202
186
172
208
190
192
179
186
186
186
194
177
195
222
175
174
191
188
191
197
176
171
184
188
206
191
148
201
207
180
174
194
176
192
182
212
202
202
174
188
197
182
156
203
192
193
201
232
195
200
177
200
172
195
172
191
198
188
169
185
187
191
184
204
202
215
234
181
201
185
196
165
172
166
165
180
211
198
191
201
184
179
188
203
174
208
253
198
177
169
185
213
188
226
216
196
198
175
192
179
172
182
197
196
196
195
213
204
222
189
196
201
191
185
192
221
167
221
193
201
193
218
195
215
197
205
183
202
184
220
188
181
205
208
189
210
194
208
198
202
203
211
180
179
181
188
199
194
204
198
198
180
237
185
205
215
205
190
226
186
220
203
191
206
204
200
192
191
206
193
197
212
209
200
217
207
209
240
223
224
239
256
213
237
198
227
237
212
225
243
218
234
261
216
255
222
235
228
226
241
249
246
245
246
245
277
211
252
266
234
267
259
287
280
268
234
249
274
266
269
286
303
292
280
294
261
294
288
320
314
315
320
313
314
339
319
325
314
313
350
349
325
366
370
369
369
354
376
379
387
390
410
425
425
451
442
478
520
453
481
492
478
537
552
546
585
606
584
605
613
679
693
657
749
701
721
766
848
828
874
886
914
891
935
979
1043
1008
992
1057
1073
1115
1127
1122
1146
1216
1135
1147
1158
1200
1117
1200
1228
1229
1200
1142
1189
1185
1179
1116
1196
1107
1152
1096
1039
981
1037
1023
972
973
949
896
917
847
855
919
800
743
783
732
660
697
637
635
594
610
606
573
484
507
516
496
450
478
449
400
424
409
380
353
373
307
354
358
361
340
333
309
316
326
339
325
282
274
263
261
258
225
261
267
250
234
259
251
215
242
233
216
224
238
196
224
215
195
198
208
192
196
185
209
183
205
174
164
185
187
157
184
198
192
184
183
195
211
206
210
221
209
257
234
259
255
246
304
273
319
290
325
347
336
348
340
339
349
378
405
367
368
398
404
391
358
392
381
350
367
326
323
314
313
330
300
273
245
219
204
185
199
193
176
167
181
167
174
142
134
145
129
151
148
122
146
134
141
126
142
135
133
113
119
134
127
138
131
127
132
140
146
117
161
132
145
152
165
147
136
144
150
159
153
167
158
167
157
181
188
169
183
193
170
198
187
193
190
202
216
182
206
189
220
224
211
195
217
211
217
206
209
247
258
219
211
211
213
218
209
211
197
195
186
229
229
207
209
219
219
211
217
202
195
188
176
187
185
182
178
149
164
151
145
187
198
152
144
157
146
145
174
157
162
136
150
142
141
143
127
138
110
131
111
104
108
113
110
101
112
113
107
122
84
102
107
106
109
105
98
84
76
92
81
91
83
73
72
84
76
90
64
71
75
78
76
74
65
84
67
67
62
63
69
67
61
77
69
46
64
51
59
61
76
60
52
55
54
60
49
64
56
53
47
58
61
52
53
48
55
57
61
60
66
58
38
44
46
52
47
54
44
57
45
46
55
46
55
52
46
49
50
41
49
46
46
52
63
64
51
60
43
59
50
58
66
55
60
63
57
68
75
70
82
67
75
72
60
78
82
74
54
67
63
75
56
62
64
54
57
61
57
49
43
48
32
33
48
59
43
50
27
40
39
38
31
40
39
37
40
34
30
40
34
48
38
38
37
43
38
44
37
36
27
40
41
50
34
39
34
40
28
46
43
32
38
34
31
33
37
38
38
27
43
38
30
30
37
44
28
33
30
29
31
43
23
25
23
22
37
29
29
39
31
31
27
28
29
31
32
23
38
27
30
30
35
34
39
32
30
24
32
23
24
29
26
29
25
29
18
32
19
25
32
31
25
30
17
30
33
23
34
30
29
17
22
34
20
32
31
28
23
20
22
29
26
30
32
24
27
25
28
21
26
23
22
27
46
31
23
18
27
30
29
13
31
11
28
32
20
26
25
23
35
23
26
25
26
18
26
31
26
20
28
26
33
17
28
18
23
22
19
22
22
23
19
20
25
21
21
24
27
15
19
30
29
26
17
24
26
17
15
20
28
14
23
22
22
26
19
17
18
19
18
22
11
19
24
23
24
13
24
31
28
14
28
16
25
20
15
14
24
12
24
25
19
27
26
16
29
21
14
17
26
24
19
31
22
21
21
18
28
17
20
29
14
20
20
21
15
22
22
22
26
28
18
17
16
18
17
19
18
22
14
12
20
17
11
18
15
23
21
18
21
15
18
19
23
19
12
20
16
17
19
16
18
17
20
11
30
22
20
20
23
10
28
8
18
14
8
20
17
17
15
16
15
15
9
14
17
14
14
17
27
24
14
18
21
11
9
14
12
22
18
15
16
12
15
17
20
15
12
15
12
17
10
16
13
12
18
14
18
12
10
8
12
12
12
6
15
11
9
17
11
17
19
17
11
9
16
13
18
12
11
15
16
11
12
16
19
19
11
13
16
14
12
11
15
15
14
12
20
8
10
16
13
13
12
10
14
16
11
6
11
11
10
8
12
6
15
9
13
14
14
11
14
9
10
10
12
13
9
13
12
17
11
13
10
10
13
10
8
10
8
10
13
8
12
11
12
11
12
16
14
18
9
15
9
4
19
13
10
12
7
14
10
12
16
14
10
11
14
7
18
16
13
5
9
8
17
14
14
9
11
11
14
6
7
8
13
13
9
12
7
11
8
12
14
11
18
14
17
7
13
10
9
12
9
10
14
10
12
8
7
16
8
6
8
7
8
9
9
11
5
3
5
7
9
6
11
8
11
9
9
6
9
7
12
6
9
4
7
7
8
7
12
10
10
6
11
7
10
10
8
7
6
5
6
6
9
7
8
10
5
7
7
4
8
11
6
8
13
7
9
4
5
11
6
9
13
13
6
7
6
6
6
6
8
8
11
3
10
6
5
11
6
12
5
7
6
9
6
11
9
7
10
5
1
10
8
3
12
7
11
6
9
8
10
7
9
11
2
8
3
6
10
4
5
7
3
4
9
2
4
8
7
10
6
10
5
9
5
13
4
3
7
4
9
9
4
12
8
6
3
4
5
8
6
9
3
7
4
6
1
6
10
8
7
5
11
5
3
10
7
3
5
7
8
11
8
5
5
6
6
7
4
7
9
6
4
7
3
8
6
5
4
2
4
4
11
4
5
4
6
4
3
4
5
5
4
5
5
8
6
2
4
5
4
6
6
7
9
4
4
7
5
7
2
3
4
7
4
5
4
6
4
2
5
6
4
10
8
4
7
7
5
2
3
4
4
7
4
7
13
5
5
4
2
4
6
2
4
4
6
6
8
2
5
3
3
5
2
5
5
4
2
1
4
4
4
2
3
6
7
6
2
4
6
5
3
2
3
0
3
9
5
7
5
5
2
2
9
2
1
5
5
2
4
3
2
1
5
8
9
6
4
7
4
6
5
7
2
2
2
0
4
6
3
6
4
7
2
5
10
3
3
3
6
1
7
6
7
6
1
3
2
3
4
0
1
3
9
1
4
6
2
2
1
3
4
7
3
4
3
6
1
4
4
4
5
3
2
2
2
3
0
1
4
2
3
1
6
4
1
2
4
0
2
2
3
3
2
3
5
3
2
1
5
4
2
4
1
2
3
2
1
2
3
3
1
8
4
2
2
3
3
4
2
2
5
4
2
1
3
2
1
3
3
3
2
4
3
1
2
2
3
1
0
1
4
2
3
3
2
2
4
3
4
6
4
6
4
0
1
0
2
3
1
0
2
4
1
4
0
2
1
1
1
1
3
0
2
4
1
4
4
1
4
1
2
3
1
1
3
3
2
2
2
1
4
0
0
3
0
0
3
3
2
5
3
1
2
2
2
0
4
2
2
3
1
3
3
3
2
4
2
2
2
2
3
2
4
1
2
1
2
3
3
2
2
0
1
1
3
1
2
3
1
2
2
1
1
4
1
0
2
5
1
2
1
2
4
0
1
2
6
2
1
0
2
1
2
1
4
0
1
1
1
1
4
2
1
0
3
3
1
0
2
2
0
2
4
2
2
3
3
1
0
1
1
1
1
0
0
2
0
0
1
1
2
0
2
3
3
1
0
0
0
1
1
1
2
3
2
1
2
1
1
1
2
0
2
0
2
1
1
1
1
0
1
0
2
0
1
0
2
1
0
0
1
1
2
1
1
2
0
2
2
0
3
2
1
0
1
5
1
1
3
2
1
1
2
1
0
2
0
0
1
0
2
2
0
0
2
3
0
1
0
1
0
0
0
0
2
0
2
1
1
2
2
2
2
3
1
2
2
1
1
4
1
0
2
1
0
0
3
0
2
1
0
1
0
4
0
1
1
1
1
2
0
1
1
2
0
0
1
1
0
0
1
0
2
2
2
2
0
0
2
1
0
2
4
2
0
2
1
2
1
0
2
1
0
0
1
1
1
0
0
1
1
2
0
0
0
0
1
0
1
1
0
0
1
0
0
3
1
1
0
1
0
1
1
0
0
0
0
0
0
1
1
0
2
1
1
1
0
0
0
0
1
0
0
0
0
0
0
1
0
2
0
0
2
0
0
1
0
0
0
1
0
1
1
0
1
0
0
0
0
0
0
1
0
1
1
1
0
0
0
2
0
1
2
0
1
0
1
0
0
1
1
2
1
0
2
0
0
0
0
0
0
0
0
1
3
0
0
0
0
0
1
1
0
2
0
0
0
1
0
0
1
0
1
0
1
0
0
0
1
0
0
0
0
1
0
0
1
1
0
1
0
1
1
1
1
1
2
0
0
0
0
2
0
1
0
0
1
1
0
0
2
0
1
0
0
0
0
1
1
0
1
0
0
1
0
0
0
0
0
0
0
0
0
1
1
1
1
0
0
0
1
2
0
0
0
0
0
1
0
1
0
0
0
0
0
0
0
0
0
0
1
0
0
0
0
0
0
0
0
0
0
1
0
0
0
0
0
0
1
0
1
0
0
0
0
1
0
0
0
0
1
0
1
0
0
1
3
1
0
1
1
1
0
0
0
0
0
0
0
0
1
0
0
0
0
2
0
0
0
0
0
0
0
0
0
2
1
0
0
0
0
1
0
0
0
0
0
0
0
1
0
1
0
0
0
1
0
0
0
0
0
1
0
0
1
0
0
0
0
0
0
0
0
0
0
0
0
0
2
0
0
0
0
0
0
0
0
1
0
1
0
0
2
1
0
0
0
1
0
0
1
1
0
0
0
0
0
1
0
0
0
0
0
0
0
0
0
0
0
0
0
0
0
0
0
0
0
0
0
1
1
0
0
0
0
0
0
0
0
0
0
0
0
1
0
0
0
0
0
0
0
0
1
0
0
0
0
0
0
0
0
0
0
1
1
0
0
0
0
1
1
0
0
0
0
0
0
0
0
0
0
0
0
0
0
0
0
0
0
0
0
0
0
0
0
0
0
0
0
1
0
0
2
0
1
2
0
0
0
0
0
1
0
0
0
1
0
0
0
0
0
0
1
0
0
1
0
0
0
0
0
0
0
0
0
0
0
