0
0
0
0
0
0
0
0
0
0
0
0
0
0
0
0
0
0
0
0
0
0
0
0
0
0
0
0
0
0
0
0
0
0
0
0
0
0
0
0
0
0
0
0
0
0
0
0
0
0
0
0
0
0
0
0
0
0
0
0
0
0
0
0
0
0
0
0
1
1
1
3
4
2
5
0
2
2
1
1
4
5
16
41
111
323
919
2243
4753
9487
16929
27601
41216
54531
66421
73092
73212
66716
55180
41111
28092
17267
9762
4975
2293
970
343
140
36
13
3
3
2
2
1
1
1
0
2
1
2
2
1
0
2
0
0
2
0
0
0
6
56
45
36
52
39
44
34
56
50
40
41
46
41
34
35
45
45
28
27
37
33
48
42
29
41
37
47
52
39
22
36
28
39
46
37
43
43
48
53
33
45
39
33
39
44
34
28
37
38
40
39
29
38
41
40
43
44
38
32
43
42
38
40
45
36
52
51
69
80
95
95
136
120
139
160
183
152
166
140
127
103
95
79
71
68
62
44
52
51
38
63
29
48
44
40
52
49
50
55
35
58
51
60
51
60
72
55
75
78
101
80
107
93
112
125
129
132
138
155
158
197
178
236
272
368
513
763
1232
1934
3054
4790
7203
10538
14317
18414
22417
25760
28420
29695
28769
27331
24047
20029
16313
12716
9195
6671
4798
3442
2481
1743
1305
990
779
534
454
338
373
370
466
555
646
803
839
1026
1034
1032
931
881
785
634
498
386
299
213
170
139
115
107
71
66
62
52
54
46
37
28
16
14
11
10
14
7
10
6
12
4
10
8
5
3
4
6
8
4
8
11
7
10
10
8
8
3
10
14
7
3
7
9
5
6
5
12
10
7
14
13
17
7
31
24
27
25
17
24
29
31
27
16
19
16
18
16
27
19
16
17
22
24
27
26
13
21
16
18
22
19
21
10
12
15
13
12
19
10
17
11
11
6
7
10
5
6
6
5
5
7
6
5
6
7
3
5
6
3
4
5
5
6
3
9
3
1
7
7
1
6
4
4
2
7
8
10
13
8
10
13
12
18
22
12
22
20
19
26
22
13
20
12
13
8
5
10
10
5
6
9
10
9
7
15
15
7
6
11
13
13
9
14
6
8
5
7
8
6
5
8
4
9
9
10
7
4
6
9
4
6
10
9
8
6
4
4
4
8
4
5
4
6
5
0
6
5
3
9
8
6
6
7
7
5
10
8
6
8
6
8
5
3
2
5
4
5
6
7
7
2
12
4
2
5
11
6
7
7
5
6
4
8
6
6
6
8
4
9
4
10
6
5
12
5
9
8
6
6
6
8
4
9
9
11
6
7
9
5
5
6
11
5
7
8
11
10
5
8
8
5
13
16
8
1
7
3
12
8
3
9
10
3
9
7
10
5
11
8
10
6
8
7
9
7
6
11
12
11
11
10
10
8
1
12
5
8
10
18
10
9
18
12
11
9
7
8
10
10
12
9
10
6
15
10
7
15
7
6
18
14
14
10
10
15
12
16
13
12
15
14
18
15
9
17
16
16
10
16
15
22
17
13
24
11
20
15
12
10
17
11
9
17
19
11
6
12
18
12
12
10
14
10
23
11
14
16
16
17
20
10
18
15
14
18
22
19
13
19
17
11
14
15
16
17
21
11
14
19
21
20
14
22
15
23
21
29
25
24
14
26
34
26
18
28
22
26
33
21
20
26
31
28
14
29
28
23
29
21
18
19
27
25
29
28
28
28
30
24
28
31
23
25
23
35
31
31
27
20
28
36
35
31
25
31
30
32
32
25
31
39
36
30
30
33
32
29
40
35
34
42
42
43
42
42
35
48
32
46
33
37
54
35
51
46
37
40
54
48
52
38
43
43
46
49
48
57
56
69
56
66
57
58
59
59
57
56
59
61
78
50
63
56
68
70
48
59
60
78
65
66
69
94
70
87
80
67
80
80
81
95
82
86
87
85
81
93
74
95
88
87
94
81
84
86
88
92
105
73
89
104
106
87
99
83
92
80
76
77
85
69
88
84
83
87
84
84
72
66
76
88
72
75
81
76
74
68
68
81
64
70
66
79
77
84
65
69
75
76
57
62
77
59
66
47
70
77
74
71
71
82
56
62
55
75
58
74
83
73
79
79
64
72
70
63
78
65
69
84
87
89
75
58
74
70
59
75
56
91
91
77
70
64
49
73
70
72
56
72
68
75
78
78
76
71
81
68
73
79
60
72
86
64
85
82
67
74
85
73
73
66
89
87
79
64
78
80
85
89
76
86
76
60
85
75
90
88
93
85
91
85
80
88
84
81
74
77
91
102
94
109
128
137
157
171
212
248
295
375
437
552
682
805
959
1140
1285
1442
1664
1697
1850
1966
2046
2056
2013
1978
2018
1809
1696
1488
1422
1143
1079
939
791
616
520
448
364
282
202
189
173
147
137
104
97
111
98
103
96
107
103
83
105
102
98
114
104
108
95
103
84
105
98
112
97
109
99
99
82
111
98
90
92
102
107
89
95
117
118
99
99
102
112
90
102
103
105
100
101
105
122
108
112
108
114
99
111
120
119
134
125
99
126
113
120
115
155
149
159
173
154
201
188
224
260
293
259
303
292
354
359
370
358
368
383
359
390
343
336
292
294
248
243
256
247
207
194
207
176
159
165
133
167
141
168
128
137
122
168
147
150
121
156
145
157
125
124
129
158
152
128
133
169
154
151
165
158
148
172
134
169
142
148
159
173
134
168
168
167
181
156
180
162
197
177
193
173
160
210
192
183
212
201
201
214
194
189
220
205
250
204
195
224
206
224
226
231
247
224
243
245
232
260
246
221
258
241
267
266
246
257
272
237
248
264
273
267
275
272
235
274
261
268
266
274
254
253
246
256
243
228
233
226
233
225
226
208
217
214
182
211
220
191
220
213
201
191
195
187
198
196
205
183
197
155
188
195
177
156
166
170
156
157
187
160
153
160
156
190
174
135
174
145
168
137
147
134
149
156
154
140
146
150
168
145
153
109
152
120
172
159
147
152
164
130
116
168
138
162
138
173
143
151
142
152
139
135
141
153
147
140
144
149
150
138
145
135
156
142
121
124
132
146
147
145
131
156
164
139
164
143
136
136
133
157
130
145
153
148
151
156
144
164
147
151
126
130
159
128
154
151
137
145
167
151
165
163
147
175
134
130
157
146
138
146
157
154
164
120
163
147
154
149
152
150
139
167
155
167
151
148
156
162
162
155
171
155
154
183
179
165
169
163
155
170
179
181
173
162
177
185
164
166
175
169
154
180
177
165
186
209
188
199
179
168
194
175
188
177
183
189
201
205
186
209
190
175
180
194
188
184
180
174
178
179
159
182
168
200
186
178
181
178
195
187
198
184
177
200
177
181
155
166
184
206
190
204
185
158
190
190
166
172
192
194
196
193
166
190
215
176
167
187
203
165
167
188
193
179
191
171
180
201
176
196
200
174
177
182
188
190
199
222
181
212
190
193
184
197
181
170
198
204
177
216
221
224
199
198
218
210
231
206
202
195
199
225
201
210
233
216
209
250
221
211
222
215
218
237
241
229
210
208
233
247
235
251
233
224
235
231
233
249
259
278
256
264
222
245
217
252
256
238
257
271
258
254
238
230
231
239
250
252
237
236
241
221
217
222
235
220
236
231
238
228
248
229
210
234
218
206
200
216
218
197
233
210
220
225
221
211
228
202
192
202
223
206
177
198
211
207
202
193
179
181
181
208
175
211
207
190
232
214
214
197
205
203
207
194
199
205
183
182
180
192
195
200
223
187
195
212
180
186
187
193
150
206
196
195
195
205
197
192
182
199
198
188
188
161
187
177
181
186
180
165
199
180
184
189
190
206
192
189
179
188
169
191
190
189
168
176
176
169
175
171
166
184
186
223
168
184
176
156
181
179
195
167
203
186
176
164
166
203
164
200
193
168
214
181
209
194
162
195
184
184
204
160
214
190
154
182
191
177
180
176
155
192
191
160
174
179
225
205
198
184
177
173
200
187
165
176
208
198
188
165
181
196
190
192
184
175
204
183
199
206
201
165
203
179
211
190
188
210
166
184
196
186
177
189
177
174
177
190
181
185
168
162
193
200
199
191
183
194
196
185
199
205
191
188
210
196
218
201
177
198
199
187
202
188
232
198
201
176
185
198
185
214
173
199
204
200
200
199
201
215
178
182
186
213
201
187
196
217
201
195
219
199
182
203
174
196
181
188
186
213
200
212
195
213
187
211
211
202
250
204
210
176
190
191
190
204
196
174
201
185
226
211
222
220
204
203
203
199
231
209
248
221
232
226
215
233
185
195
246
228
220
202
237
233
241
210
216
246
267
208
222
239
263
257
243
211
230
258
256
260
238
249
285
263
279
259
263
263
268
266
263
266
280
269
260
260
299
276
310
266
298
314
322
312
284
289
315
270
339
336
347
301
314
335
353
347
362
355
353
389
370
404
365
414
410
418
417
474
405
471
500
489
494
484
523
505
579
514
578
587
613
661
671
706
652
726
721
774
790
768
862
833
848
937
955
908
995
975
978
980
1041
1062
1008
1038
1095
1107
1097
1069
1163
1156
1143
1135
1118
1159
1148
1141
1151
1116
1131
1084
1113
1084
1082
1029
1073
968
1026
1042
953
973
944
863
871
847
867
794
797
781
763
732
658
705
646
639
572
571
573
529
538
530
514
501
466
438
442
369
400
407
366
325
334
320
369
316
321
319
320
336
294
266
274
279
299
281
278
238
256
264
251
258
254
237
227
207
223
214
175
213
230
236
213
180
204
237
204
205
199
182
212
226
211
208
168
201
198
187
167
187
191
164
201
162
202
191
209
176
204
225
237
230
238
233
248
266
282
302
268
290
323
302
353
337
329
353
349
349
359
378
350
384
376
368
355
370
396
342
351
299
306
340
288
273
250
248
238
222
208
183
204
182
190
183
138
142
156
151
130
127
117
121
130
112
120
131
135
114
126
140
120
124
154
125
130
121
119
151
133
150
121
126
143
120
140
141
154
135
133
158
175
167
135
139
163
144
173
150
159
159
159
183
164
186
204
177
177
187
198
208
208
199
186
192
209
244
206
230
205
218
225
211
187
234
217
215
197
184
224
206
198
233
225
208
195
216
189
220
199
212
185
205
196
180
194
185
182
170
158
177
159
174
166
196
159
164
156
133
145
150
146
151
138
128
134
142
134
149
146
116
120
132
105
115
100
109
92
90
101
95
97
109
102
109
69
90
98
81
80
84
86
88
92
85
85
90
91
90
77
81
71
88
54
76
71
69
66
62
62
83
61
75
68
70
70
45
60
72
59
47
48
50
57
53
73
60
72
48
50
51
60
58
58
43
42
69
58
54
43
35
48
50
46
52
58
50
42
46
59
45
46
47
59
53
53
50
37
34
38
50
47
44
44
46
48
52
52
61
51
43
40
59
54
43
56
67
70
61
70
77
62
56
59
61
54
68
65
75
59
67
70
72
61
67
57
51
39
40
56
49
47
49
46
40
47
46
33
40
37
49
39
27
44
33
52
44
34
51
46
37
48
48
36
44
33
45
32
43
37
30
29
34
34
36
30
37
35
37
42
34
44
39
35
33
25
25
38
32
35
37
33
38
25
36
28
40
39
34
30
27
35
35
28
31
34
20
27
33
33
28
34
30
29
30
39
31
33
27
30
26
27
31
31
35
32
35
27
26
26
29
28
31
28
27
36
30
38
27
37
23
41
28
24
20
24
28
26
34
26
27
30
17
30
29
31
26
21
27
25
23
23
24
29
24
22
18
23
19
31
25
20
27
25
16
27
31
20
23
25
28
20
23
22
19
20
26
24
29
23
23
24
17
26
15
17
23
21
22
16
24
21
32
26
26
18
22
23
23
17
23
26
17
31
18
20
22
22
14
23
16
19
20
26
30
26
25
29
16
32
19
16
15
27
22
27
19
21
25
21
17
23
25
19
16
19
23
21
21
22
18
14
20
16
23
22
24
19
23
17
16
22
14
20
22
20
20
20
15
20
25
23
22
15
17
22
15
25
21
17
17
9
13
22
24
24
14
14
21
15
21
23
9
19
17
19
24
21
23
14
17
19
17
12
19
16
34
19
18
14
14
26
18
22
12
19
18
20
20
18
24
18
17
11
16
21
20
9
13
13
11
16
11
16
17
17
14
14
6
13
17
17
15
22
16
16
14
15
9
19
16
18
12
14
19
17
14
14
15
20
19
17
14
18
13
14
20
9
16
17
10
12
11
10
18
15
10
14
14
20
10
8
11
18
12
17
18
14
8
11
10
6
8
11
15
14
19
13
10
8
13
8
13
14
11
10
17
16
16
11
20
17
8
16
11
11
10
15
17
14
12
11
12
6
13
8
9
16
10
11
17
12
13
16
5
10
9
12
15
16
9
11
9
10
11
8
12
11
12
6
9
8
8
6
7
19
14
10
14
7
14
6
5
8
12
10
7
12
13
11
14
11
16
11
15
10
21
11
11
14
13
10
11
12
8
9
11
9
8
15
8
9
13
6
12
5
10
10
9
5
10
10
10
9
16
10
16
14
5
13
15
12
10
11
7
6
9
10
9
14
6
14
5
13
9
10
8
8
6
8
8
9
10
8
16
9
4
11
9
7
15
10
9
8
5
10
8
11
10
12
12
13
14
12
9
11
6
13
8
8
12
9
6
14
8
5
4
18
10
6
6
12
7
6
8
7
10
7
9
9
7
2
8
4
10
9
10
3
11
1
9
10
4
9
9
14
8
9
10
9
10
7
8
6
8
6
7
11
8
9
6
11
9
9
6
3
8
8
9
8
8
7
9
8
6
8
11
4
5
7
6
5
10
10
11
11
7
8
10
6
4
5
6
6
14
10
9
10
6
8
6
8
5
5
6
9
4
6
6
10
4
7
8
7
6
2
8
6
7
8
8
8
6
6
9
11
3
9
6
6
5
7
10
7
9
4
9
10
6
6
5
7
11
2
4
5
4
4
5
1
7
5
7
4
2
5
7
9
11
3
3
7
6
5
4
2
4
11
2
6
5
5
5
1
8
4
6
9
5
3
6
1
4
7
6
8
8
4
3
7
3
8
3
3
5
4
8
7
0
4
5
5
4
6
4
6
5
4
3
3
9
9
5
3
8
2
7
0
7
5
2
0
2
4
2
6
8
4
2
6
5
4
4
5
2
6
7
3
5
1
7
6
4
4
3
5
8
7
2
3
2
3
1
2
2
2
3
3
4
8
0
4
2
1
3
4
6
6
3
5
0
4
1
4
4
5
2
5
3
2
3
6
4
1
2
3
4
2
2
8
5
3
3
5
4
6
2
1
3
6
6
4
2
3
3
9
3
4
7
5
4
2
3
3
1
3
1
3
1
5
6
2
3
6
3
3
4
9
1
4
0
5
1
2
6
3
3
4
1
3
4
5
8
3
1
8
4
1
2
1
5
1
4
3
3
1
6
6
2
1
3
4
2
3
4
4
8
4
4
4
6
2
2
3
1
3
5
4
5
4
1
4
3
4
3
5
3
2
1
2
5
1
3
5
3
2
4
2
6
5
3
1
3
4
1
4
1
0
2
0
0
2
2
4
3
1
3
3
2
1
3
1
3
1
4
2
5
4
2
6
1
3
3
5
2
4
3
2
5
2
6
2
2
0
2
1
1
1
9
2
3
0
1
1
2
4
1
2
0
2
1
0
0
4
2
0
1
4
2
2
3
3
2
1
2
1
4
0
4
1
2
1
1
4
1
4
2
2
4
3
4
1
3
1
1
1
1
3
2
1
3
0
2
5
2
2
2
2
0
0
2
0
3
3
3
3
4
0
3
2
1
1
5
3
2
4
1
2
3
1
0
2
3
0
1
0
2
2
4
2
2
0
2
2
1
2
1
2
0
0
2
1
1
2
1
1
1
1
0
1
2
4
1
3
2
1
1
2
0
2
3
3
1
1
3
0
1
0
1
0
1
0
0
0
3
0
2
0
2
3
1
2
1
1
3
1
0
1
3
1
3
1
6
4
1
0
1
0
1
0
2
1
1
1
2
1
2
2
0
2
2
2
1
0
2
1
1
3
3
0
0
1
1
1
2
2
3
0
0
2
0
3
1
0
0
0
2
0
0
2
3
2
0
1
1
2
1
0
0
1
2
3
3
0
0
3
1
2
0
0
0
1
1
1
1
1
3
0
1
1
3
2
0
2
1
0
0
1
0
4
2
0
2
1
0
1
2
0
1
0
0
0
0
0
1
1
2
0
1
0
1
2
1
3
1
0
2
0
0
1
1
0
2
0
0
2
0
2
2
3
1
1
2
0
0
1
0
0
1
0
1
1
0
2
0
0
4
3
0
0
1
1
1
0
2
0
1
1
2
1
0
1
1
1
0
1
2
1
1
0
2
1
1
0
0
1
1
2
0
1
1
1
1
1
0
0
1
0
0
0
1
0
0
1
4
0
1
2
1
0
2
1
2
1
0
0
0
1
0
1
0
0
0
0
1
1
0
0
1
0
1
0
1
0
0
0
0
0
1
1
1
1
2
0
2
0
0
1
1
0
0
0
0
0
1
0
0
1
0
1
0
0
1
1
0
0
3
2
0
1
0
0
0
2
0
0
2
1
0
0
1
0
0
0
0
2
0
0
0
0
1
0
0
0
0
2
0
0
0
0
1
1
3
0
2
0
0
0
0
0
0
1
1
2
0
2
0
0
0
0
1
1
2
2
1
1
0
0
0
0
0
0
0
0
0
0
0
0
0
0
2
0
1
3
1
1
0
0
0
0
0
0
0
0
0
1
0
0
0
0
0
1
0
0
0
2
0
0
0
0
0
0
1
0
0
2
1
0
0
0
0
0
0
0
1
0
0
1
1
2
1
1
1
1
1
1
1
0
0
1
0
0
1
0
0
0
0
0
0
0
0
0
0
0
0
0
1
0
0
0
0
1
0
0
1
0
0
0
0
0
0
0
0
0
0
0
0
1
0
0
1
0
0
0
0
1
1
1
0
1
0
0
0
0
0
0
1
0
0
0
0
0
0
1
0
0
0
1
0
0
0
0
1
0
0
2
0
0
0
0
0
1
0
0
1
1
1
0
0
0
0
1
0
0
0
0
0
0
0
0
0
0
0
0
0
0
1
0
2
2
0
1
1
0
1
0
0
0
0
0
0
1
0
0
0
0
0
0
1
1
0
0
0
0
0
0
0
2
1
0
0
0
0
0
0
0
1
0
2
0
0
0
0
0
1
0
0
0
0
0
0
0
1
0
0
0
0
0
1
0
0
0
0
0
0
0
0
0
0
0
0
0
0
0
0
0
0
1
0
0
0
0
1
0
0
0
0
1
0
0
1
0
0
0
0
0
0
0
0
0
0
1
0
0
0
