0
0
0
0
0
0
0
0
0
0
0
0
0
0
0
0
0
0
0
0
0
0
0
0
0
0
0
0
0
0
0
0
0
0
0
0
0
0
0
0
0
0
0
0
0
0
0
0
0
0
0
0
0
0
0
0
0
0
0
0
0
0
0
0
0
0
0
0
0
0
0
1
3
3
4
3
2
0
1
6
7
3
26
42
142
349
956
2252
4882
9567
17022
27471
40471
54734
66274
73759
72813
66710
54842
41184
27975
17352
9813
5010
2304
1005
378
129
50
17
6
3
4
1
0
1
1
0
3
0
0
0
1
0
1
1
0
0
1
0
0
11
70
49
53
55
42
39
34
47
52
48
42
40
49
47
44
35
42
34
38
40
20
47
35
37
43
29
29
41
49
43
45
42
51
30
35
40
45
37
32
32
34
37
34
31
29
42
40
40
33
36
43
39
28
41
40
31
32
49
35
42
48
29
43
42
53
45
54
54
73
101
104
103
118
128
155
179
185
168
159
124
121
94
80
66
57
61
46
39
44
49
45
37
55
32
36
47
45
44
43
45
43
53
51
51
54
55
60
73
76
65
84
74
108
98
108
106
122
141
135
144
154
172
155
167
259
399
615
1052
1810
2927
4622
6918
10126
13786
17738
21518
25063
27469
28591
27941
26290
23075
19923
15517
12147
9091
6493
4617
3264
2299
1690
1302
915
625
493
413
325
309
309
429
509
664
739
929
1016
1054
1107
1009
872
753
652
468
400
298
250
161
131
93
99
80
52
67
64
56
37
42
33
19
16
11
15
6
6
7
11
10
10
6
6
15
3
6
7
4
7
11
7
7
6
6
13
10
8
7
5
9
8
7
7
5
8
5
12
14
16
9
11
15
23
15
23
21
24
29
24
23
19
26
14
20
17
19
19
12
18
21
14
17
16
11
22
23
23
22
22
13
19
19
17
17
18
17
16
13
20
19
12
9
6
11
9
3
9
4
7
9
8
5
8
8
8
8
4
13
8
4
6
3
5
5
4
6
3
7
7
7
4
2
5
4
7
1
8
11
16
12
15
19
27
17
31
21
14
18
18
22
18
12
16
10
11
11
8
9
9
11
4
7
8
11
11
10
13
8
8
8
9
8
4
7
7
7
7
7
10
6
7
3
6
7
3
7
8
6
5
5
4
6
4
6
4
8
10
6
5
7
4
6
3
3
4
6
6
4
6
4
6
3
6
7
4
1
6
8
3
1
5
7
6
8
4
6
10
5
6
4
2
2
8
2
6
4
12
4
7
6
7
8
5
4
7
4
5
3
4
10
8
4
7
9
10
7
7
5
8
7
3
6
2
5
5
12
4
4
8
6
6
5
6
6
8
8
3
6
10
6
8
5
5
1
8
11
1
6
15
8
8
7
12
12
6
7
7
8
4
11
10
8
15
9
14
5
11
9
8
6
4
11
8
4
4
7
8
8
8
13
10
6
9
9
10
12
13
12
11
9
13
9
5
9
10
4
16
14
10
11
13
11
13
6
9
10
8
15
13
9
10
8
6
16
14
9
17
12
15
26
15
21
15
18
16
15
17
18
14
14
15
24
15
19
25
23
16
22
22
20
25
31
18
17
26
17
22
23
20
23
24
25
22
24
20
20
19
20
19
11
14
12
17
14
22
18
19
14
17
21
17
16
22
18
16
27
18
18
16
18
18
15
19
14
22
17
28
31
16
22
24
17
24
16
26
14
11
19
22
24
25
20
26
36
24
16
27
25
14
22
29
13
24
26
30
21
28
27
31
34
21
27
24
28
31
21
35
26
22
30
28
35
32
28
32
29
31
35
45
43
39
39
36
32
39
32
33
39
37
41
29
46
37
34
37
45
41
43
50
39
38
43
45
39
59
43
41
40
41
57
54
44
57
45
52
68
48
44
63
51
58
76
50
53
65
67
58
62
70
69
83
58
83
86
106
112
108
129
113
128
146
129
144
137
130
158
153
128
132
120
135
141
99
130
119
115
102
90
97
90
100
80
100
94
92
93
83
81
82
93
82
84
84
108
86
87
79
86
88
94
82
71
77
67
95
62
81
64
77
74
80
81
91
79
61
88
72
56
87
64
83
77
94
60
78
88
72
76
83
75
80
88
85
76
78
76
84
81
89
62
62
70
78
89
77
88
65
74
79
95
85
70
71
80
84
75
64
65
73
67
72
72
83
61
86
86
84
70
67
80
78
67
64
79
58
80
74
69
80
83
74
69
75
86
71
73
80
76
86
73
74
78
75
73
69
89
83
96
88
71
97
87
79
88
82
98
97
79
75
73
98
80
98
87
99
86
85
102
87
114
129
112
138
157
186
228
247
341
407
495
608
659
814
972
1100
1282
1400
1552
1720
1852
1984
2025
2111
1936
1873
1833
1818
1714
1478
1339
1167
1073
951
689
635
494
403
353
291
271
189
172
148
122
126
106
140
107
92
105
123
112
137
125
114
98
119
116
97
106
122
118
109
133
124
112
111
113
109
102
117
113
110
129
106
110
107
103
112
128
104
107
108
105
124
108
102
103
116
114
119
120
136
105
106
131
112
116
105
115
127
130
133
110
149
136
133
149
161
143
158
167
211
205
237
256
267
267
308
334
344
345
368
342
377
335
381
350
301
306
317
305
278
245
256
209
189
193
176
190
178
149
163
131
144
143
140
150
139
121
144
135
130
135
145
147
177
158
128
139
161
142
118
132
139
147
141
118
155
169
152
161
145
147
154
139
158
161
158
158
161
152
182
168
176
187
163
154
171
183
185
161
179
202
152
178
190
186
177
186
187
179
172
182
181
179
179
176
197
197
188
170
185
192
168
191
211
198
188
206
188
207
240
188
232
209
219
224
253
245
218
252
226
240
243
235
289
262
237
288
266
249
222
299
272
297
260
276
291
271
276
286
243
270
280
280
276
275
288
275
255
227
292
265
274
274
273
275
245
279
266
255
280
247
265
255
238
245
229
252
234
234
256
253
243
212
209
256
225
240
234
224
182
197
190
201
207
199
171
182
185
167
175
198
174
189
155
182
179
182
161
151
157
161
131
171
172
154
161
149
158
166
165
176
171
166
140
154
164
138
163
136
148
163
152
143
162
150
159
157
140
200
167
146
158
163
131
182
150
182
173
150
184
175
175
159
175
182
158
163
187
174
189
212
205
200
182
229
192
193
202
199
186
212
208
209
208
199
199
198
225
174
207
196
199
224
171
232
207
218
228
212
212
199
214
213
215
220
220
210
217
229
214
208
199
213
224
210
222
221
220
209
215
212
185
208
213
215
204
218
204
198
176
199
178
228
205
196
206
190
203
212
197
163
170
174
196
164
181
205
175
210
195
207
191
159
160
192
185
169
166
213
163
156
174
165
152
167
199
173
192
176
170
171
169
175
179
174
167
176
169
174
170
165
168
171
170
162
179
173
180
167
192
173
170
190
177
182
177
168
201
160
172
185
172
195
192
170
185
170
125
179
168
187
166
169
178
185
178
172
195
176
176
192
161
174
185
178
185
176
178
173
171
199
188
176
197
184
184
180
179
180
168
160
181
177
175
200
182
187
188
184
184
224
188
178
169
216
190
178
188
196
216
187
173
164
213
190
185
207
179
213
207
206
210
179
204
201
200
209
209
215
182
195
195
183
190
184
217
189
228
198
196
162
185
191
181
184
197
188
204
207
195
214
208
223
199
217
240
201
202
204
208
230
223
220
209
211
197
211
209
246
221
187
207
246
182
213
234
225
228
214
232
207
227
209
213
197
200
205
206
197
222
228
224
212
193
211
201
195
205
222
244
211
204
200
210
210
225
228
204
206
200
200
226
214
197
191
180
213
219
191
213
177
184
199
166
199
201
206
186
185
196
196
179
200
192
174
210
184
199
175
180
196
196
195
215
198
179
193
201
188
209
193
182
199
205
186
209
170
169
189
215
187
167
170
181
198
207
188
186
174
199
164
200
195
153
183
193
177
188
197
177
168
184
191
212
179
191
184
195
198
215
181
210
209
182
191
189
199
196
195
174
191
200
205
178
225
202
193
208
207
199
189
202
209
208
206
190
171
212
192
196
181
175
213
203
205
199
195
186
181
189
185
203
207
166
185
194
167
181
178
171
231
208
188
195
202
224
206
193
201
205
190
195
183
207
181
193
199
210
182
195
205
201
201
187
167
191
201
202
203
199
213
174
175
200
172
201
195
202
189
185
195
212
188
179
197
197
177
184
175
173
187
198
198
182
214
184
196
195
195
226
203
208
204
194
211
163
200
190
191
198
209
224
213
186
235
199
209
206
185
185
185
193
180
211
225
186
198
213
215
187
227
213
222
215
223
211
217
210
240
216
194
223
238
246
225
249
218
247
260
225
218
249
230
280
228
267
275
247
230
281
262
263
265
267
241
224
288
274
263
263
271
287
324
271
318
310
282
287
305
325
298
334
323
304
360
332
321
337
368
355
336
360
361
403
409
430
426
422
416
429
443
474
450
501
504
531
516
533
574
526
595
593
616
648
606
683
680
685
728
776
745
768
823
859
845
859
897
873
931
991
951
1006
981
1064
1015
1127
1112
1100
1086
1156
1111
1065
1181
1083
1159
1174
1218
1097
1162
1174
1125
1121
1158
1093
1094
1097
978
1047
1044
1026
1040
956
981
919
855
941
897
844
799
798
731
722
725
681
663
688
679
664
537
565
543
569
542
492
503
489
462
443
400
395
357
379
401
373
361
339
342
329
310
311
289
286
294
276
282
261
293
288
259
269
266
224
226
224
242
218
225
251
231
209
208
191
214
216
194
225
217
207
192
188
213
209
188
194
197
173
203
180
185
175
182
190
181
198
192
211
220
227
202
209
253
220
251
251
258
274
314
335
366
328
326
344
364
354
420
374
399
407
426
432
416
421
428
458
465
408
431
379
407
381
365
373
331
325
304
280
287
260
254
238
205
199
188
171
163
146
143
147
156
139
131
134
139
140
148
127
149
120
125
112
118
132
129
122
136
125
141
143
143
139
136
152
122
124
142
134
126
126
142
162
144
144
151
166
145
166
160
178
163
170
155
171
171
175
192
185
180
190
175
168
174
182
201
182
186
211
198
204
214
203
213
220
228
187
216
213
203
217
213
213
233
200
243
202
195
196
216
223
192
192
190
188
199
183
177
226
191
197
168
177
171
180
158
175
171
174
156
149
132
146
131
149
152
141
130
117
110
113
121
115
134
132
100
121
109
97
119
106
76
94
111
102
104
100
89
91
104
88
74
87
102
87
73
95
87
60
92
82
79
84
67
70
72
61
71
76
76
60
68
61
69
49
68
49
63
61
70
57
65
60
69
49
62
63
56
68
62
61
58
55
55
61
74
50
67
62
55
46
54
53
60
49
56
42
52
49
50
53
50
53
48
50
55
47
52
50
46
46
43
52
52
47
54
49
40
52
50
42
57
40
45
47
52
57
69
61
61
59
46
77
61
67
53
72
68
62
52
64
52
62
65
72
80
53
58
51
58
52
67
55
49
48
42
52
41
55
45
37
40
46
51
39
40
47
40
32
41
38
31
40
50
45
35
44
33
30
39
45
39
44
43
34
35
26
26
36
45
29
29
33
32
43
41
38
31
24
41
37
34
28
23
29
30
36
29
37
31
36
34
28
39
33
33
34
35
28
34
22
25
26
26
23
29
30
20
31
27
31
26
23
31
33
32
31
32
18
29
30
33
36
35
25
13
32
19
20
35
39
29
34
26
27
22
21
22
20
24
31
25
22
23
24
28
17
20
31
21
23
21
25
25
26
29
17
25
35
32
18
24
27
23
25
29
23
33
24
30
40
31
19
15
35
27
23
16
20
24
18
15
13
26
20
21
18
22
30
26
31
21
21
28
29
18
24
29
26
28
24
33
25
29
33
27
17
20
25
22
19
21
19
25
18
27
20
21
24
26
23
19
23
18
13
17
21
19
25
15
18
25
32
25
20
19
23
28
19
22
20
18
17
16
13
18
24
26
13
16
19
18
16
23
20
29
23
16
12
14
16
14
19
15
19
26
23
14
19
21
22
23
20
26
20
18
15
23
16
21
19
17
16
13
15
17
24
13
23
25
21
21
26
20
20
14
14
17
12
17
16
20
20
14
15
22
18
15
12
19
21
18
18
20
17
14
20
16
21
14
14
16
14
20
17
20
13
13
22
21
20
17
15
16
14
10
15
12
12
14
16
11
14
16
18
15
20
18
14
21
15
14
12
15
19
13
19
10
8
23
14
12
12
15
20
13
15
19
12
8
13
19
13
11
16
20
17
15
13
12
11
16
17
16
8
10
14
13
14
17
9
12
15
15
13
15
12
16
12
8
13
17
12
13
23
20
19
16
17
14
12
20
14
14
17
15
12
16
15
22
16
10
12
9
12
8
12
13
15
13
16
13
13
11
13
13
11
15
13
9
10
20
12
12
5
12
14
3
10
21
13
9
13
7
12
14
9
19
8
8
13
12
17
9
9
5
13
9
11
12
10
13
14
9
6
7
2
10
10
15
8
10
6
14
13
14
12
12
11
5
7
15
13
8
13
13
10
7
4
9
11
12
12
11
11
4
8
13
15
5
9
6
6
11
9
11
15
14
10
11
6
7
14
11
10
6
10
8
8
9
4
4
5
7
9
17
9
9
10
15
12
9
10
11
8
10
11
8
7
12
9
8
9
5
9
6
9
14
8
11
5
13
7
8
8
10
11
9
8
7
12
5
5
5
5
7
6
8
4
8
3
12
6
7
8
6
8
7
12
6
13
8
6
7
9
8
4
10
10
7
9
5
9
7
11
12
6
7
12
4
7
11
11
8
6
5
10
8
9
6
5
7
6
6
12
5
7
4
10
6
5
8
2
10
7
8
7
6
8
2
9
7
8
5
10
6
9
2
6
10
11
4
5
6
8
7
6
4
4
3
4
3
8
8
9
8
8
8
13
6
6
6
6
3
3
2
9
7
3
5
5
4
7
6
6
5
7
10
4
4
1
8
7
7
2
5
3
2
4
5
6
8
5
5
2
2
5
5
6
8
3
4
5
3
3
5
2
4
4
4
5
10
2
5
4
4
7
6
9
1
3
5
6
9
4
7
6
4
6
6
9
5
2
1
5
2
8
3
5
3
1
7
5
11
7
3
7
5
10
1
4
8
8
6
5
6
1
5
3
10
5
4
0
6
2
2
2
2
4
4
5
5
3
9
5
8
4
1
3
5
4
3
3
2
4
8
2
4
5
2
4
1
4
3
4
3
2
6
3
6
6
3
2
3
1
4
5
3
5
3
9
3
4
5
3
1
4
5
1
1
2
3
4
3
0
2
6
5
3
4
4
3
3
1
3
3
1
3
4
1
2
1
5
2
3
4
3
3
8
4
4
5
5
3
4
4
3
2
3
1
5
2
4
3
7
4
4
3
1
2
1
6
0
6
5
3
4
4
0
1
2
7
3
5
5
4
3
4
4
4
3
2
0
0
3
2
4
4
3
2
2
2
4
3
3
4
2
2
3
2
2
5
0
3
2
7
4
3
2
4
4
3
5
6
4
3
6
1
2
2
3
2
2
2
2
1
2
2
3
4
2
3
0
3
2
2
2
1
5
0
4
4
3
2
4
2
2
0
0
2
2
4
3
4
3
3
2
2
1
2
5
1
0
4
4
2
6
5
0
5
2
1
2
4
1
1
1
3
4
1
2
2
4
3
3
0
3
4
5
1
2
3
6
3
2
2
2
2
4
3
4
1
1
1
3
0
2
2
1
3
2
2
4
1
3
4
0
2
2
4
1
2
3
3
1
4
2
0
3
3
0
2
1
2
2
3
1
3
0
1
1
1
0
1
2
1
2
0
6
2
2
1
1
2
0
3
1
3
1
1
1
1
0
1
1
1
0
3
1
2
2
1
1
0
1
2
0
2
1
1
1
0
2
2
3
4
3
1
2
0
2
1
1
3
2
1
3
3
3
0
4
1
1
2
2
1
3
0
0
1
2
2
2
1
0
2
1
0
1
1
0
3
0
2
1
1
1
0
2
1
4
2
2
1
0
1
2
1
1
3
0
1
0
1
1
0
2
1
1
3
1
1
2
3
1
0
1
3
1
0
0
4
1
0
0
1
0
0
1
2
3
1
0
1
2
2
0
2
1
2
1
3
2
2
0
1
0
1
2
0
0
1
1
0
0
2
1
0
0
1
0
0
2
1
0
0
0
1
3
0
1
0
1
2
0
0
3
2
3
1
0
1
0
1
1
1
0
1
1
1
0
0
0
0
0
0
1
1
1
3
0
1
0
0
0
2
1
3
1
2
1
1
0
1
1
0
2
3
1
2
1
2
0
0
0
1
0
3
1
0
0
1
0
0
1
1
0
3
0
0
0
1
0
0
3
1
2
1
0
0
1
2
2
0
0
0
0
0
1
0
0
1
0
0
0
2
0
1
1
1
0
3
0
0
3
2
2
1
1
1
0
1
3
0
0
3
0
0
1
0
0
0
0
1
0
0
0
0
0
1
1
3
0
0
0
2
0
0
0
1
0
0
0
0
0
0
0
1
0
0
1
1
1
0
1
0
0
1
1
2
2
0
1
0
0
1
0
1
0
1
0
0
0
0
1
1
1
1
0
0
1
2
3
1
0
0
0
0
0
0
4
0
0
2
0
2
0
1
0
0
0
1
0
0
2
0
0
0
0
0
2
1
2
0
0
0
1
0
0
0
1
0
0
1
1
2
0
1
1
1
0
0
0
0
1
0
0
1
1
0
0
1
1
0
0
0
3
0
2
0
0
1
1
0
0
0
0
0
0
2
0
0
0
1
0
2
0
0
0
0
0
0
0
0
0
1
2
0
0
1
0
1
0
0
1
0
0
0
0
3
0
0
0
0
0
1
0
0
1
0
0
0
0
0
1
1
1
0
0
0
1
1
0
1
1
0
0
2
1
0
0
1
0
0
0
0
0
1
0
0
0
0
2
0
1
1
0
0
0
0
1
1
0
0
0
1
1
1
0
1
0
0
0
1
0
1
0
1
0
0
0
1
0
0
0
0
0
0
0
1
0
0
0
0
1
1
0
0
0
0
2
0
0
0
0
0
2
0
0
0
0
1
0
1
0
0
1
0
0
0
0
0
0
0
0
0
1
0
0
0
0
0
0
0
0
1
0
0
0
0
1
0
0
0
0
0
0
0
0
0
1
0
0
1
0
0
0
0
1
0
0
0
0
0
0
0
0
0
1
0
1
0
1
1
0
1
0
1
0
0
0
0
0
0
0
0
0
0
0
1
0
0
0
0
0
1
0
0
0
0
1
0
0
0
0
0
0
0
0
0
1
0
0
1
0
0
0
0
1
0
0
0
0
0
0
0
0
0
0
0
0
0
1
0
0
0
0
0
