0
0
0
0
0
0
0
0
0
0
0
0
0
0
0
0
0
0
0
0
0
0
0
0
0
0
0
0
0
0
0
0
0
0
0
0
0
0
0
0
0
0
0
0
0
0
0
0
0
0
0
0
0
0
0
0
0
0
0
0
0
0
0
0
0
0
0
0
0
1
1
1
0
3
4
2
2
5
3
2
3
4
18
37
124
347
951
2260
4956
9588
17108
27833
40850
54243
66325
73013
73159
66547
54763
40985
28150
17405
9981
4999
2399
987
413
137
47
13
4
7
6
1
1
0
1
0
3
0
1
1
0
0
0
1
0
0
0
0
0
7
59
54
40
43
42
61
62
64
53
38
45
40
41
44
38
43
46
43
41
44
41
37
29
39
33
29
39
43
38
43
48
34
33
28
34
45
28
28
48
35
40
38
40
40
40
36
39
33
30
37
44
49
42
33
35
28
47
33
44
35
34
48
53
29
56
64
56
56
68
86
123
125
128
153
161
160
144
153
151
111
115
89
74
77
63
59
44
42
47
39
46
44
50
39
47
51
45
31
40
50
46
41
52
68
71
59
72
73
100
78
77
83
77
97
106
112
136
123
134
136
142
155
163
211
262
373
644
1064
1741
2966
4673
6985
9838
13516
17653
21555
24802
27023
28373
28183
26321
23017
19495
15866
12017
8993
6550
4597
3309
2362
1738
1188
880
697
531
391
306
293
353
392
534
665
763
951
1027
1048
1071
1067
941
734
715
531
407
285
223
171
119
118
102
89
66
68
54
42
42
34
22
20
10
13
9
12
10
10
14
6
7
3
8
6
7
11
11
9
12
7
8
7
13
13
3
7
7
6
4
7
9
7
3
6
5
7
7
10
9
9
18
15
19
20
30
18
36
26
40
22
23
21
17
22
15
17
18
16
16
22
25
15
22
19
19
26
13
17
22
21
15
16
24
16
17
16
19
13
15
15
15
13
9
5
11
10
5
6
7
11
5
5
4
5
5
11
5
8
5
6
2
4
6
8
4
5
3
7
7
6
2
7
9
9
9
9
8
11
12
16
22
21
22
18
21
20
22
24
20
18
22
9
14
14
14
7
5
3
7
10
7
6
16
4
15
9
8
7
6
13
10
8
11
10
6
6
9
5
2
3
2
5
8
8
12
7
8
5
3
3
10
9
5
5
2
7
4
7
5
6
4
10
4
5
4
9
3
7
2
5
6
7
5
3
7
10
8
8
1
4
2
7
6
6
6
7
6
5
6
7
7
4
6
5
3
8
6
9
10
8
7
11
10
4
6
10
4
11
1
5
13
9
6
4
12
2
6
9
4
6
7
7
6
3
9
6
7
6
9
5
6
12
5
8
7
11
10
4
4
5
5
4
8
7
5
9
7
8
10
6
11
6
6
9
8
9
8
8
8
5
4
6
9
8
14
7
9
4
2
5
10
6
3
10
4
12
6
9
6
7
9
7
7
10
12
12
9
9
11
11
11
7
13
7
15
3
13
9
15
17
9
10
9
6
8
8
11
12
9
5
13
9
14
15
11
17
13
18
15
11
16
9
19
24
11
16
25
16
16
23
29
15
19
11
20
24
20
22
19
13
21
11
17
23
18
23
22
16
24
26
20
19
22
15
20
15
22
22
25
19
13
26
18
20
16
19
21
17
19
19
19
13
15
17
24
17
22
16
17
19
23
17
19
14
16
18
17
27
17
24
31
11
18
26
17
11
30
28
19
21
20
24
17
22
37
18
18
25
15
27
26
18
18
25
31
29
34
28
28
38
26
17
41
18
22
32
22
24
21
25
33
38
27
36
38
30
33
30
35
27
33
35
38
30
34
25
37
37
25
42
25
43
35
44
37
37
41
32
45
41
36
40
40
48
43
49
45
49
54
52
36
46
52
49
43
60
43
58
58
47
50
47
65
55
64
60
62
72
67
78
63
67
86
90
82
117
108
118
129
144
123
147
145
146
141
146
132
138
125
126
123
130
114
130
117
111
93
102
80
95
87
94
87
75
67
79
95
78
74
84
78
73
85
90
93
81
79
77
79
85
111
70
80
66
66
70
60
89
93
92
68
83
72
73
59
78
92
104
81
77
71
75
61
75
62
71
67
87
70
66
75
86
85
79
81
66
71
60
67
85
59
85
78
83
80
72
78
81
70
59
74
77
79
78
74
49
63
80
63
86
88
74
71
56
77
68
93
67
88
67
73
68
85
69
70
71
78
68
81
84
70
61
55
62
82
73
65
84
68
72
93
82
70
84
74
69
82
75
75
99
73
76
64
85
86
81
92
80
84
84
92
83
108
96
103
92
91
112
99
110
126
130
129
183
168
253
251
359
386
500
606
707
824
984
1126
1286
1404
1592
1688
1857
1944
1966
2033
1955
1904
1891
1728
1677
1445
1257
1136
1002
848
748
642
493
399
336
278
220
202
188
153
121
121
116
117
110
102
106
97
119
120
113
106
77
99
116
92
96
109
125
107
125
100
97
134
123
106
109
108
117
118
103
105
132
130
112
141
127
94
145
95
113
95
113
103
124
121
107
104
107
115
107
92
121
111
113
120
117
120
122
123
128
110
129
122
141
149
151
155
180
195
210
216
228
243
278
324
308
325
323
355
339
368
353
392
343
315
321
334
311
273
246
248
224
181
148
170
153
176
141
149
155
159
129
133
129
131
127
125
132
141
141
128
152
151
145
139
134
123
124
119
134
143
150
133
159
140
161
151
168
134
146
154
135
142
157
174
156
195
175
150
163
170
195
159
141
184
180
186
174
193
172
191
165
190
174
175
167
183
191
195
192
193
184
150
183
200
181
182
192
185
176
195
209
199
183
201
195
201
202
207
197
217
235
206
249
219
227
228
215
209
222
224
237
233
250
257
252
247
275
270
257
269
287
260
264
254
261
268
261
256
251
256
242
261
269
269
281
274
261
265
238
258
280
254
265
226
289
235
266
243
251
245
240
220
269
262
254
245
254
241
229
233
234
227
239
238
207
214
222
190
196
181
183
190
195
190
180
178
175
190
168
169
184
183
151
147
155
165
160
173
168
175
150
171
158
151
151
159
153
157
151
140
133
158
157
148
168
154
160
150
146
145
150
167
157
160
176
153
165
166
157
154
154
175
151
161
163
167
166
176
184
180
191
202
166
160
173
197
192
195
176
179
171
173
166
188
186
213
180
183
187
170
214
198
187
217
206
179
196
190
194
227
221
238
201
211
187
240
192
218
195
217
230
205
208
216
240
212
211
198
230
204
203
222
215
223
228
200
214
210
182
192
196
226
207
231
198
201
199
195
195
206
174
187
176
191
209
189
221
158
192
181
173
157
182
189
191
166
174
190
182
188
154
174
202
165
179
181
155
193
148
171
182
163
181
165
166
176
172
177
145
179
147
178
168
188
177
162
173
179
157
160
166
172
165
154
171
196
147
175
167
191
159
160
175
181
167
151
167
176
161
173
186
177
167
180
177
181
161
167
175
155
183
178
165
156
160
184
182
167
178
196
172
175
160
163
171
183
171
190
139
206
163
176
174
157
192
182
161
169
197
160
181
172
215
163
180
200
177
180
196
190
177
190
201
199
211
192
192
209
142
197
179
175
179
176
174
165
189
176
195
164
199
182
176
194
183
184
183
186
196
199
215
215
187
216
220
198
186
198
203
194
190
217
176
195
213
170
237
210
192
203
226
210
192
211
210
202
193
188
200
232
232
225
216
222
211
194
237
206
216
229
216
200
196
219
229
205
203
202
211
187
216
198
214
232
212
194
244
229
236
211
213
185
184
201
217
193
224
204
191
223
197
201
214
211
184
210
193
205
216
202
213
219
212
210
169
170
193
208
192
184
185
194
189
196
205
186
186
166
197
203
206
167
204
166
181
178
186
199
189
194
199
193
182
179
166
167
196
178
207
178
187
202
176
171
186
183
158
192
195
221
167
192
176
175
209
178
186
195
207
186
171
180
161
163
188
204
210
203
166
188
203
174
153
173
181
189
206
195
163
182
192
164
193
208
194
189
194
194
179
181
207
205
167
184
171
173
156
205
148
180
196
176
213
211
189
206
163
178
196
180
180
168
185
179
200
210
198
200
180
173
200
211
192
160
184
200
172
188
190
181
183
194
184
186
173
160
191
186
174
197
210
186
203
179
181
187
179
196
201
188
176
180
190
202
173
202
185
177
209
189
167
215
196
207
192
188
172
196
193
191
191
199
182
194
213
172
179
181
178
216
196
174
186
190
203
178
188
202
188
188
206
191
203
198
193
213
209
205
185
203
201
204
197
226
198
192
194
221
212
226
193
215
192
228
230
214
204
213
206
214
228
209
197
226
243
183
188
232
231
228
242
244
203
245
216
246
246
257
241
233
236
220
237
283
228
254
278
272
244
251
277
258
253
275
307
250
288
270
305
248
270
269
283
259
328
285
292
319
289
329
354
283
310
326
323
345
337
340
376
376
384
364
374
413
418
429
403
431
449
435
506
429
449
499
510
528
529
531
523
575
617
632
594
649
724
707
746
745
725
804
809
882
812
858
835
909
918
922
975
1022
1050
1030
1035
1106
1066
1119
1208
1139
1129
1106
1158
1164
1144
1164
1151
1142
1147
1156
1171
1101
1125
1098
1103
1113
1034
952
1040
1010
1000
921
975
956
893
861
904
792
765
762
754
705
705
681
636
667
640
606
577
566
536
529
475
497
481
470
426
432
432
412
393
398
363
350
326
351
324
327
327
308
321
326
322
302
279
288
289
279
270
247
257
263
272
247
284
233
240
245
221
237
211
214
223
209
192
196
206
225
214
187
195
207
203
184
195
203
183
183
176
212
187
182
184
204
187
212
223
199
228
221
226
225
239
282
288
309
281
324
317
301
344
348
363
402
367
413
381
442
409
404
404
431
450
418
413
391
386
423
403
348
372
390
346
343
309
287
270
267
223
214
199
220
188
180
186
146
155
146
151
133
133
128
138
117
164
135
133
127
110
112
134
120
117
126
133
116
133
143
127
115
142
143
136
122
130
144
150
153
146
141
151
147
137
163
152
175
165
163
151
186
183
170
170
170
183
191
185
175
197
206
178
199
204
218
204
210
202
204
186
180
199
187
223
219
184
206
211
206
202
215
196
232
229
199
210
193
221
214
217
180
199
204
176
158
161
203
180
178
180
194
175
162
194
172
167
162
170
176
156
139
148
133
132
110
156
125
123
105
133
118
122
136
125
114
132
120
91
97
98
105
89
112
98
105
105
89
98
102
88
93
95
89
66
94
73
77
62
77
61
71
86
80
75
72
78
64
70
66
76
70
66
72
73
59
49
63
71
59
59
48
76
71
62
59
50
62
56
53
57
68
52
57
42
50
53
63
50
51
45
52
46
51
51
54
53
59
61
48
44
63
50
45
56
38
56
55
51
51
45
44
59
50
48
46
38
51
46
39
49
53
47
59
48
64
65
65
69
58
72
74
73
74
72
63
63
67
58
60
67
51
78
56
73
67
71
51
57
64
54
59
57
44
50
58
56
36
49
42
40
43
39
50
33
36
31
45
27
44
42
39
32
32
31
39
28
45
35
40
49
44
49
37
38
34
39
41
40
35
26
36
35
27
29
43
34
32
33
28
27
33
29
33
47
25
29
34
42
36
22
46
19
31
20
37
28
28
36
29
29
39
30
33
30
26
20
45
31
38
29
32
25
21
27
24
28
27
26
19
27
27
15
31
34
16
21
26
26
26
32
18
38
27
24
21
41
19
17
27
20
26
15
31
22
29
37
21
25
27
34
33
24
28
24
14
27
25
22
20
23
23
14
23
29
27
23
37
25
31
32
19
28
27
22
28
26
28
20
34
32
23
18
23
30
22
24
21
23
36
30
28
24
22
24
21
22
20
20
15
29
21
21
29
21
25
15
18
27
26
21
21
25
21
17
29
26
25
26
20
29
23
25
17
23
23
22
19
22
15
18
21
24
17
32
21
25
21
22
26
24
20
23
17
13
12
19
26
19
23
23
18
16
17
24
16
9
22
25
25
20
22
16
22
22
25
25
13
19
19
17
12
11
19
10
22
22
17
18
21
14
13
21
25
19
12
20
15
16
19
12
12
19
19
19
20
24
18
21
24
22
14
16
22
16
15
16
21
10
10
20
19
16
11
21
16
12
13
17
22
9
19
16
15
15
9
19
15
21
17
16
13
16
15
20
17
8
17
17
21
10
23
14
21
17
12
11
12
22
13
13
27
17
15
14
24
15
15
11
12
17
10
11
9
6
14
14
22
20
13
18
12
12
14
11
14
13
14
13
8
15
16
10
18
11
14
14
13
15
18
16
10
14
16
12
17
11
16
9
16
11
12
15
18
11
11
8
11
9
12
13
7
8
13
11
13
13
14
24
15
13
17
16
16
13
17
12
12
13
16
15
7
9
15
19
16
14
9
7
11
14
13
8
6
5
19
8
8
8
11
10
14
11
7
12
11
12
10
9
12
10
6
14
9
12
8
14
8
12
16
12
12
7
8
14
10
16
10
6
15
9
17
10
9
14
8
9
12
8
12
11
12
13
8
11
13
11
9
14
6
14
10
10
11
12
9
7
10
11
5
6
16
9
7
12
6
12
5
12
12
11
9
11
11
6
6
9
6
11
9
8
9
11
9
15
4
12
9
6
9
16
7
11
12
11
9
9
6
10
4
8
5
7
7
13
8
3
3
3
5
7
10
12
9
12
6
5
6
6
3
7
7
6
3
12
6
10
7
8
10
6
6
10
9
7
6
11
8
10
9
6
5
9
8
2
9
7
11
7
8
6
12
8
12
7
6
9
11
9
8
10
5
4
9
7
12
8
9
4
10
6
8
5
5
8
7
7
5
8
6
8
8
7
6
7
5
11
9
7
9
7
9
4
2
5
5
4
12
7
5
7
5
10
8
7
7
9
6
6
5
5
5
4
9
8
10
5
4
6
6
8
7
8
8
3
9
6
6
5
2
5
5
6
5
5
2
5
4
5
6
3
10
6
5
7
9
4
9
8
6
4
5
3
2
9
3
4
6
5
4
6
11
5
6
7
4
5
3
6
4
9
3
7
5
8
1
8
5
6
11
6
3
6
4
3
6
5
1
3
3
6
7
6
4
3
9
2
3
4
8
7
5
1
4
7
5
4
8
1
2
5
3
8
6
7
4
4
6
4
5
2
5
4
6
5
5
2
5
3
6
4
5
5
3
4
4
2
4
5
4
4
8
2
4
4
5
2
5
4
2
8
8
6
7
4
4
4
5
2
4
4
8
3
4
6
7
2
8
3
7
3
3
2
5
8
6
2
2
9
2
7
2
2
4
8
1
6
2
3
6
4
2
2
3
4
3
2
3
2
6
3
2
3
1
3
4
5
5
2
5
6
4
1
2
1
5
5
2
2
4
5
4
4
3
5
7
3
5
1
1
6
1
2
5
8
4
1
5
3
0
3
0
1
3
5
4
5
5
4
3
3
2
2
2
5
6
5
4
2
2
2
6
2
6
2
3
6
1
7
4
3
3
5
3
4
0
2
5
1
3
3
3
1
2
3
3
4
1
1
3
2
1
4
2
4
0
2
5
1
3
1
3
1
3
2
2
2
3
2
1
3
2
4
1
2
1
4
5
2
4
4
4
1
2
3
2
2
2
1
5
5
2
3
4
1
0
4
2
7
3
5
3
1
2
1
3
1
3
3
2
4
1
1
2
1
2
1
2
2
3
2
5
3
2
2
1
4
0
0
3
1
2
2
3
4
4
3
4
4
0
1
1
2
3
3
5
3
1
0
4
2
0
5
2
2
1
3
2
1
1
1
0
3
0
0
1
4
3
1
1
2
1
4
4
3
3
2
1
1
3
1
1
0
2
1
1
4
3
1
0
3
1
3
2
2
2
3
1
2
0
5
3
3
1
1
1
2
2
1
0
1
1
1
1
1
2
0
1
0
1
2
2
1
0
1
4
2
2
2
1
0
2
1
2
0
1
2
2
0
0
0
1
1
2
1
0
2
1
1
0
1
2
1
2
2
3
2
0
0
1
1
3
0
0
0
0
0
0
1
0
1
4
0
1
0
0
1
0
0
1
3
0
1
1
1
1
1
3
0
0
0
2
2
1
1
1
1
0
1
5
2
2
1
2
2
2
1
0
0
0
1
0
0
2
2
1
0
1
0
1
1
1
2
2
1
3
2
0
2
0
1
1
2
2
0
0
1
2
0
2
2
0
1
3
0
2
1
0
2
2
0
1
1
0
0
0
3
0
1
2
1
0
0
1
1
0
0
1
2
0
0
0
1
1
2
1
2
1
0
0
1
1
1
2
2
2
2
0
2
1
1
2
1
1
1
1
1
1
0
0
1
2
3
0
1
0
1
0
1
1
0
1
0
1
1
0
1
0
0
0
0
1
0
2
0
0
0
1
0
0
0
0
0
0
1
0
3
1
0
0
1
1
0
0
1
1
1
0
1
0
2
1
1
0
1
1
0
0
2
1
2
0
0
0
0
2
1
1
0
0
0
1
0
0
1
0
0
0
2
0
0
1
0
2
1
1
1
0
1
1
0
1
0
0
1
0
0
1
0
0
0
1
0
0
0
0
0
1
1
0
0
1
0
0
2
0
0
0
0
1
0
1
1
1
0
0
1
2
2
1
0
1
0
1
0
0
2
0
1
1
0
0
1
0
0
0
0
1
0
0
1
0
1
0
1
1
1
0
0
0
0
0
0
1
0
0
0
0
0
0
1
5
0
1
0
0
2
0
0
1
0
2
0
0
0
1
0
0
1
0
1
1
0
1
1
0
1
1
1
0
1
0
2
0
0
0
0
0
0
0
0
0
2
2
0
1
1
2
2
0
0
0
0
1
0
1
1
0
0
1
0
0
0
0
0
0
1
1
0
0
0
1
0
0
1
1
0
0
1
0
0
0
1
0
0
0
0
1
1
0
2
0
0
1
0
0
1
0
0
0
0
1
0
2
0
2
0
0
0
1
0
0
0
1
0
0
0
0
1
0
0
0
0
0
0
0
0
0
0
0
0
0
0
2
3
1
1
0
0
0
0
0
1
1
0
0
0
0
0
0
1
0
0
1
1
1
1
1
0
0
0
0
1
1
0
0
0
0
0
1
0
0
0
0
1
0
0
0
0
0
0
0
1
0
0
0
0
0
0
0
0
1
0
0
0
0
0
1
0
0
1
0
0
0
0
0
0
1
0
0
0
0
1
0
0
0
2
0
0
0
0
0
0
1
0
1
0
0
0
1
0
0
1
0
0
0
0
0
0
0
0
0
0
1
1
0
0
0
0
0
0
1
0
0
0
0
0
1
0
0
0
1
0
0
0
1
0
0
0
0
0
0
0
0
0
0
0
0
0
0
0
0
0
0
1
0
0
