0
0
0
0
0
0
0
0
0
0
0
0
0
0
0
0
0
0
0
0
0
0
0
0
0
0
0
0
0
0
0
0
0
0
0
0
0
0
0
0
0
0
0
0
0
0
0
0
0
0
0
0
0
0
0
0
0
0
0
0
0
0
0
0
0
0
2
3
3
0
2
2
0
4
2
3
2
2
1
1
3
3
13
29
130
354
925
2288
4818
9482
17325
27462
40749
54459
66075
73417
73059
66594
55008
41677
27970
17363
9829
5034
2231
908
377
142
35
21
7
6
1
1
1
0
3
1
2
1
0
0
0
2
0
0
0
0
0
0
0
4
56
60
53
51
48
48
55
44
54
54
45
41
43
43
50
40
50
52
37
44
47
36
41
55
41
51
39
38
51
38
24
41
43
42
35
34
42
45
40
43
38
32
30
36
31
35
34
30
36
46
37
36
38
42
41
31
45
54
43
46
42
46
45
45
46
44
56
62
83
99
110
104
142
167
151
162
167
153
152
115
117
94
80
65
58
55
58
56
42
46
43
38
36
50
42
51
45
47
53
48
58
50
54
50
63
63
69
81
83
78
81
89
94
99
106
113
138
148
158
167
190
215
253
309
386
529
745
1238
1974
3232
4919
7493
10480
14400
18688
22833
26405
29037
30237
29642
27673
24872
20820
16595
12811
9332
6796
4903
3445
2448
1797
1334
983
748
557
488
401
360
395
503
575
648
799
958
955
1018
1017
1030
949
781
631
538
370
286
208
158
146
111
110
83
74
62
63
43
33
34
23
15
16
5
14
9
6
7
9
10
5
7
8
4
7
10
8
10
9
6
10
7
5
8
6
5
9
11
14
8
7
12
10
7
7
5
8
16
17
20
14
22
12
17
24
23
24
25
23
20
18
29
16
26
28
21
25
16
13
19
22
11
21
23
25
17
23
28
25
21
19
23
23
24
24
17
18
12
18
18
19
11
11
10
7
6
8
5
3
6
7
5
6
8
6
4
6
8
6
6
2
6
8
5
8
5
5
6
6
1
6
1
6
10
8
8
8
13
11
17
14
15
23
25
18
16
22
18
17
24
19
12
13
6
12
10
9
12
5
5
7
9
11
13
12
11
14
8
9
8
13
8
9
6
18
6
6
7
11
6
5
6
3
9
6
3
4
3
7
6
8
4
8
11
9
8
5
12
5
4
7
5
12
7
9
9
6
5
8
7
8
7
6
9
2
6
9
7
6
6
3
8
1
8
6
5
5
5
7
2
5
7
4
9
5
1
7
12
9
3
6
6
6
4
4
8
6
6
6
6
9
9
5
6
5
4
5
11
11
3
9
11
3
6
8
4
6
4
5
7
4
9
9
7
9
8
6
7
9
5
4
6
5
7
5
6
3
7
5
6
6
7
9
8
12
14
11
10
5
15
10
9
10
13
13
9
8
7
9
14
9
8
6
4
9
11
10
10
9
8
7
6
16
15
19
15
12
14
8
9
12
4
10
9
12
15
10
9
12
14
6
13
11
14
10
10
15
11
12
16
10
13
11
18
12
11
11
10
20
9
18
14
21
11
13
16
14
18
11
19
18
14
17
14
13
14
15
15
18
17
12
17
13
17
15
12
16
13
22
12
12
13
15
16
23
18
15
14
17
20
9
27
14
22
16
18
15
19
21
12
21
22
33
17
37
14
21
22
26
24
30
21
27
22
19
20
23
18
20
29
30
28
16
21
26
31
29
16
27
20
34
22
24
27
34
21
25
25
22
34
38
33
32
30
23
25
32
28
20
35
26
33
30
33
24
28
27
31
39
29
35
25
37
43
42
41
38
28
33
33
33
40
38
31
43
50
42
36
37
50
47
38
39
50
38
42
50
47
46
44
47
55
45
53
51
46
72
50
47
74
52
49
60
50
69
64
53
50
50
46
54
69
73
54
50
64
77
35
69
66
72
76
75
86
77
86
65
86
96
81
86
93
88
93
93
70
95
80
105
97
102
90
81
85
101
90
85
101
89
66
93
91
82
77
95
100
102
79
73
95
79
85
85
74
88
84
86
77
89
82
62
82
82
77
64
66
67
71
75
72
75
79
75
83
61
72
71
72
70
67
60
69
71
83
61
80
80
62
77
67
69
70
73
61
76
64
68
71
78
73
58
73
67
69
87
68
85
75
80
84
72
69
76
77
64
71
67
79
63
76
58
71
95
73
83
73
72
65
55
79
67
49
67
61
66
75
71
68
74
87
66
61
80
80
68
69
91
74
74
78
91
74
77
80
73
88
84
70
86
74
68
75
73
83
60
79
79
76
91
87
95
77
82
77
101
103
94
90
108
99
111
126
122
166
162
212
262
322
345
473
583
690
814
930
1092
1269
1435
1669
1768
1860
2011
2169
2131
2088
2069
1889
1859
1710
1629
1418
1234
1058
892
791
668
528
424
347
289
271
208
186
160
128
126
121
106
109
91
99
111
104
88
102
87
96
99
98
102
136
97
70
98
117
96
96
97
93
110
107
77
115
118
101
103
97
112
113
104
106
107
94
115
95
102
132
113
122
123
131
102
92
114
103
100
107
127
127
127
121
98
122
126
118
113
113
120
136
171
136
167
177
203
217
206
259
263
272
305
323
355
359
374
398
366
407
371
381
389
337
322
323
301
254
247
241
196
196
172
176
163
165
145
152
140
158
163
140
163
133
129
131
146
146
157
160
158
154
161
172
146
140
125
151
142
158
128
176
154
165
154
154
167
164
147
165
180
175
176
169
167
162
171
154
192
181
181
173
189
193
209
199
200
195
207
233
193
229
220
199
221
216
230
209
226
223
243
254
269
242
255
258
272
237
280
249
230
233
252
251
254
260
274
261
276
249
272
268
259
281
275
262
266
265
238
257
275
262
260
248
229
250
263
255
245
239
253
222
219
222
203
187
202
211
212
195
208
185
199
211
209
166
172
166
171
172
169
164
157
177
159
178
168
180
168
144
152
153
159
162
161
169
154
172
146
143
143
173
144
197
176
159
145
171
165
158
161
155
161
165
165
117
141
163
155
156
154
150
172
148
137
146
159
167
143
143
137
127
162
136
130
144
171
136
163
147
145
131
152
148
156
156
153
170
143
161
138
140
122
155
138
138
142
146
152
154
157
135
142
149
128
133
137
167
181
165
151
160
166
152
151
154
156
164
144
151
160
122
157
142
157
152
162
150
169
141
158
146
171
155
136
158
174
162
154
144
154
168
149
161
148
173
159
158
146
160
166
150
159
156
177
168
161
178
168
187
172
155
160
195
148
178
161
178
169
186
199
180
180
150
180
159
187
196
192
182
188
192
171
168
186
173
180
217
174
172
180
174
213
198
195
172
223
186
214
179
208
191
209
196
199
209
200
172
188
191
200
161
207
178
190
185
173
177
187
211
208
173
204
173
176
179
205
209
177
172
172
163
166
197
159
185
190
203
190
195
194
172
194
178
203
196
180
203
191
187
184
190
185
206
192
197
191
193
176
172
189
183
195
187
205
179
196
193
204
201
192
213
202
209
201
216
224
201
200
227
221
217
214
224
218
214
218
217
244
222
228
261
251
240
253
270
234
245
259
230
239
231
260
257
232
233
227
262
267
250
248
253
234
248
208
216
237
261
244
237
278
226
221
238
239
233
252
236
246
241
254
250
211
259
281
226
229
214
223
227
216
225
274
231
219
237
252
218
213
242
207
222
231
225
219
216
219
206
232
209
196
211
194
206
212
188
219
180
216
224
197
179
221
218
210
196
196
203
211
191
206
155
201
195
197
175
187
197
196
185
197
199
220
188
179
183
215
171
188
189
178
177
189
197
190
191
191
188
199
184
180
170
174
188
185
193
179
202
194
199
197
205
194
210
171
201
177
192
187
197
196
173
184
174
193
213
178
185
201
186
187
182
195
178
188
179
189
176
197
186
178
192
185
185
193
177
192
200
187
195
186
196
194
172
172
187
207
170
159
205
174
203
187
164
166
177
201
176
183
156
212
191
194
189
194
174
193
208
199
188
188
164
175
196
198
177
179
180
181
192
194
182
180
193
185
182
184
202
205
197
201
201
187
190
196
187
187
174
180
185
189
222
178
203
194
181
170
185
191
188
168
196
181
170
184
202
194
193
197
193
213
185
196
204
196
178
187
215
186
190
215
196
198
188
210
185
197
184
192
187
193
188
199
190
211
187
199
200
197
177
210
187
216
206
207
192
178
175
187
188
187
217
188
180
188
206
200
178
172
190
229
181
208
204
189
211
199
205
183
194
201
195
213
229
212
186
186
227
232
205
206
180
212
210
213
230
226
230
196
233
217
194
226
231
207
250
196
223
254
210
231
203
205
242
238
238
239
265
244
237
240
219
252
248
244
217
284
235
270
251
278
238
289
251
265
256
270
262
275
255
267
294
290
311
294
304
310
278
309
301
277
321
298
285
312
320
343
292
319
374
342
336
356
346
352
379
366
364
360
386
358
394
397
414
432
391
447
477
498
458
457
496
508
565
543
511
566
563
583
640
648
656
674
708
737
730
764
747
793
853
841
904
909
905
965
969
986
1037
969
1044
1063
1089
1091
1120
1123
1123
1146
1130
1139
1128
1164
1205
1134
1224
1158
1174
1203
1178
1113
1076
1104
1140
1110
1078
1105
1070
1025
957
954
964
929
884
863
872
846
815
815
778
708
697
694
683
698
625
600
611
552
568
531
486
503
499
496
467
484
394
402
369
416
388
381
378
324
332
330
342
316
303
283
316
306
279
261
260
291
277
261
240
269
228
238
246
257
230
233
230
240
216
233
225
209
222
199
192
201
213
186
182
200
205
201
181
170
170
191
178
183
165
207
173
211
199
197
195
204
196
209
237
205
202
252
257
212
281
283
289
286
288
329
340
309
324
341
349
359
373
392
372
351
405
371
369
380
393
367
361
339
361
315
322
280
285
274
228
223
206
210
194
194
161
177
162
167
139
148
145
136
124
124
159
158
132
116
142
122
141
137
142
141
132
142
117
137
126
137
120
123
149
134
168
133
147
127
144
155
158
173
152
153
134
165
153
174
158
183
155
169
168
160
172
183
197
179
195
194
178
187
229
197
237
202
214
209
190
221
197
204
202
206
233
197
232
205
199
233
228
198
217
219
223
209
192
193
175
248
177
207
208
228
193
184
201
186
176
162
182
178
201
186
180
156
165
164
161
163
176
167
138
148
147
134
134
143
135
153
142
117
104
109
118
118
107
110
110
113
94
107
101
100
112
91
82
81
94
101
94
84
84
69
86
79
72
61
87
82
90
65
68
96
83
74
69
67
75
60
75
73
62
73
73
70
65
86
66
77
61
60
48
49
62
65
58
63
48
68
63
63
46
64
52
42
66
51
47
50
57
46
57
56
53
51
58
55
44
44
55
54
45
41
48
46
61
43
47
54
48
37
50
35
41
38
55
51
47
38
52
52
50
53
44
50
53
52
61
74
61
54
60
68
73
74
66
66
74
57
77
63
73
55
56
57
57
57
65
60
53
49
38
49
53
47
52
52
48
46
39
39
34
45
41
35
41
43
37
31
37
34
46
48
34
39
30
41
42
35
44
39
43
35
35
28
37
42
45
41
39
38
26
27
30
30
23
35
32
27
28
31
35
32
28
40
21
20
33
28
37
35
39
26
27
36
24
34
33
31
16
34
21
23
23
25
31
29
34
28
29
20
23
23
28
26
34
23
27
28
22
22
20
27
30
25
21
28
38
30
34
25
21
26
28
23
33
26
24
26
32
23
25
30
25
24
33
31
19
22
20
31
28
21
20
21
25
21
19
28
27
21
26
33
27
28
25
27
27
25
25
17
19
20
27
26
17
30
21
32
34
27
31
17
33
15
21
22
23
25
30
19
14
24
23
25
20
22
21
20
21
23
17
20
30
22
25
28
22
22
28
17
23
23
24
17
24
10
16
13
25
21
24
21
24
17
31
19
25
16
17
16
15
19
16
27
16
21
29
22
26
20
25
13
19
23
17
15
22
23
16
13
26
20
19
22
23
25
17
15
18
14
23
21
13
14
22
19
17
17
13
20
17
22
26
21
19
17
18
16
18
23
20
20
22
22
19
19
16
20
24
11
11
28
21
18
10
10
23
11
14
26
15
16
13
18
16
18
12
14
10
20
11
27
14
17
19
11
27
14
14
21
17
11
14
19
9
17
16
15
16
16
15
21
13
18
23
13
23
11
14
21
11
16
14
13
15
21
19
15
16
12
14
16
12
14
13
15
17
20
16
15
12
16
10
18
21
11
12
23
10
17
22
15
16
12
10
14
15
8
19
18
17
15
7
14
15
13
17
15
15
14
13
8
7
11
12
18
13
11
13
12
3
17
14
15
14
12
15
8
12
5
18
18
12
10
12
13
17
19
6
9
11
10
14
17
13
13
12
12
11
9
11
7
12
14
11
19
18
11
10
19
13
20
8
7
13
10
15
12
6
8
14
18
14
13
13
11
16
15
15
8
10
12
14
10
6
9
7
12
16
7
11
16
15
9
7
8
11
9
7
16
16
12
11
6
5
5
11
6
7
16
11
10
6
9
9
9
15
11
10
11
9
12
6
11
8
9
13
11
6
9
12
7
12
13
11
6
15
6
7
8
11
5
8
17
3
11
10
14
12
9
13
8
12
16
11
7
7
10
10
9
12
13
13
9
14
7
5
9
8
7
10
10
7
11
9
11
10
4
11
11
8
9
7
13
6
7
4
9
10
8
5
13
7
12
8
2
6
10
4
4
3
10
7
13
12
9
11
9
8
9
10
8
11
7
9
7
3
12
4
4
10
7
6
7
6
9
9
3
8
4
8
12
4
14
10
9
4
8
7
6
10
9
11
6
11
1
11
2
6
11
5
7
6
6
3
6
6
5
3
4
10
4
4
5
3
11
8
8
6
4
4
6
15
5
7
4
4
6
7
6
10
5
11
5
1
10
5
5
4
1
7
3
6
3
5
4
10
3
4
6
3
8
4
6
13
7
5
5
5
7
8
8
5
3
4
7
11
5
2
3
4
5
7
4
4
8
6
2
7
5
6
4
3
4
6
7
7
7
2
3
5
7
8
7
6
2
6
1
8
2
5
5
4
6
5
1
4
3
10
11
4
3
5
3
7
6
3
2
9
4
1
4
3
3
5
3
1
1
3
2
5
2
5
5
4
4
2
11
4
2
3
3
5
7
3
5
4
6
4
2
3
5
4
3
5
4
8
3
5
5
4
7
4
5
5
6
0
3
6
5
9
6
5
4
4
5
11
3
3
8
3
4
2
5
3
4
3
5
4
2
3
3
2
2
3
2
2
1
4
0
3
2
7
4
4
1
4
1
5
5
2
4
0
6
3
3
5
1
1
3
3
5
4
6
4
4
6
3
2
2
5
3
1
3
4
4
1
1
1
6
3
3
3
1
5
3
3
3
5
0
4
6
5
4
0
5
4
6
6
3
2
4
3
4
2
0
2
1
2
4
1
4
2
5
4
5
6
4
3
1
2
1
6
4
1
1
4
5
2
1
4
4
5
1
3
7
5
2
3
3
6
2
4
2
2
3
2
4
3
2
1
5
3
2
1
1
4
5
2
4
1
3
6
2
1
2
1
1
0
2
2
4
2
5
4
2
0
6
3
2
3
2
4
1
1
4
1
1
3
4
1
2
3
1
0
3
1
4
1
3
2
0
2
4
2
4
2
1
3
0
5
2
2
2
3
3
2
3
2
2
1
2
0
0
3
7
1
2
0
4
2
3
1
2
1
2
4
1
2
3
1
1
6
3
3
0
0
1
0
3
1
0
2
2
1
2
5
1
0
1
2
2
3
1
0
3
0
1
0
1
1
0
3
2
2
1
2
1
2
1
0
0
1
3
1
1
1
1
0
2
0
1
1
2
1
2
1
0
4
2
2
0
0
2
1
2
1
1
2
0
2
1
1
2
5
1
0
0
3
0
0
1
1
1
0
2
3
2
2
2
1
1
1
0
0
1
1
0
0
3
1
0
0
2
0
2
0
2
3
4
1
2
2
0
0
1
0
0
1
1
0
0
0
2
3
2
2
1
1
0
5
0
1
0
0
1
2
3
3
1
1
2
2
1
0
0
2
5
2
2
2
0
0
4
0
0
3
0
0
0
2
2
0
1
0
2
0
0
3
1
1
1
0
0
2
0
4
0
6
0
1
2
1
0
2
0
0
1
2
1
2
0
0
0
2
0
1
1
0
1
0
0
1
2
1
0
0
2
1
1
0
0
3
0
0
2
1
2
0
5
2
0
1
0
1
1
0
1
1
0
0
0
0
0
1
2
1
0
0
1
0
0
0
0
1
0
0
0
0
1
0
1
1
0
1
0
1
2
2
0
0
1
0
1
3
1
0
0
0
2
0
1
1
1
0
1
1
1
3
1
0
0
0
0
0
2
0
0
1
1
0
1
1
0
3
0
1
0
1
2
1
2
2
0
0
1
1
0
1
0
0
1
1
0
0
0
1
1
0
0
0
0
0
0
0
0
2
0
1
0
0
2
1
1
0
0
0
2
3
0
1
0
0
2
0
1
2
1
0
1
1
0
0
3
0
0
0
0
1
1
2
1
1
0
1
0
0
1
0
0
2
1
1
0
0
1
0
0
1
1
0
1
1
0
0
0
1
1
0
0
1
2
0
1
1
1
0
0
1
0
2
1
1
1
0
1
1
1
1
0
0
0
3
0
0
1
0
0
2
0
0
1
0
1
0
0
0
0
0
0
1
0
0
0
0
0
0
0
0
1
0
0
1
0
0
0
0
0
0
1
1
1
0
0
1
0
0
0
1
0
0
1
0
0
0
0
0
3
0
1
1
0
0
1
0
1
1
0
0
0
2
1
2
1
0
2
0
1
0
0
0
2
0
0
1
0
0
0
1
1
0
0
0
0
0
0
0
0
1
0
1
1
2
1
1
1
1
0
1
1
0
0
0
0
0
0
0
1
0
0
1
0
2
0
1
0
1
0
0
0
0
1
0
0
0
0
0
0
0
0
0
2
0
1
0
0
0
0
0
0
1
1
1
0
0
0
0
0
0
0
0
0
0
2
0
0
0
0
1
1
0
1
0
0
0
1
1
1
0
1
0
0
0
0
0
0
0
1
0
0
0
1
0
0
1
0
0
0
0
1
0
0
0
0
0
0
1
0
0
1
0
0
1
1
0
0
0
1
0
0
0
0
1
2
0
0
1
0
0
0
0
0
0
0
0
0
1
0
0
0
0
0
0
0
0
0
1
0
0
0
0
0
0
0
0
0
0
0
0
0
0
0
0
0
0
2
0
0
0
0
0
0
0
0
0
0
0
0
1
0
0
0
0
0
0
0
0
1
0
0
0
0
0
0
0
0
0
0
0
0
0
0
0
1
0
