0
0
0
0
0
0
0
0
0
0
0
0
0
0
0
0
0
0
0
0
0
0
0
0
0
0
0
0
0
0
0
0
0
0
0
0
0
0
0
0
0
0
0
0
0
0
0
0
0
0
0
0
0
0
0
0
0
0
0
0
0
0
0
0
0
0
0
1
1
0
0
0
0
4
3
2
1
2
4
2
5
5
12
47
146
334
948
2268
4781
9474
17255
27796
40979
54192
65992
73047
73113
66586
54685
41379
28327
17358
9921
4978
2422
951
391
129
46
11
4
5
3
2
1
1
0
1
1
1
1
0
0
0
0
1
0
0
0
0
0
5
56
39
58
51
49
52
55
33
36
40
48
45
38
39
53
36
43
46
47
41
26
23
54
44
44
36
38
47
33
41
29
33
38
37
38
46
38
45
38
31
32
38
35
22
46
28
24
40
33
31
35
34
40
34
25
39
42
31
42
34
39
38
43
51
35
40
46
62
59
75
102
115
119
151
157
167
159
158
148
135
105
91
92
66
53
54
62
64
44
60
40
41
53
45
55
42
41
43
42
50
61
38
52
54
46
69
57
84
75
73
100
106
104
110
105
139
130
121
117
139
159
162
180
218
309
385
648
1031
1818
2891
4609
7054
10229
13812
17889
21717
25172
27774
28852
28285
26227
23323
19792
15733
12236
8930
6529
4567
3310
2438
1725
1271
920
721
517
386
331
320
339
430
545
669
817
931
1016
1077
1014
1024
901
802
640
539
392
310
228
176
152
105
107
80
80
57
38
39
35
25
22
26
13
11
17
9
9
8
9
6
8
2
7
9
8
5
8
6
11
10
7
9
8
10
12
12
7
10
8
5
4
5
9
13
12
9
9
15
8
12
10
14
19
23
15
20
18
34
12
29
27
23
19
16
17
20
15
12
22
12
14
16
24
15
19
22
18
19
12
19
18
21
22
8
22
10
16
21
16
12
8
13
9
8
6
8
13
12
4
12
8
6
3
9
3
11
8
5
4
8
7
12
7
7
4
9
3
5
10
4
4
8
6
6
8
7
9
13
15
21
10
22
18
17
23
38
23
20
20
21
21
10
17
6
15
11
6
11
5
12
7
3
11
5
8
8
15
8
9
17
6
9
8
4
14
7
5
11
6
6
6
6
3
3
9
7
4
8
4
4
6
3
9
6
10
4
3
4
5
6
5
6
9
8
4
9
3
4
7
4
5
6
5
3
6
5
3
6
5
6
4
9
6
2
4
5
6
8
6
4
9
4
8
6
7
4
2
3
3
3
4
5
9
6
4
10
8
6
1
4
8
11
2
8
5
4
3
5
5
6
13
5
3
2
5
3
7
9
11
7
6
3
6
5
8
10
7
6
9
4
6
5
12
6
9
8
3
10
9
12
5
6
11
11
3
5
8
7
11
14
8
12
11
11
8
7
8
6
10
8
10
17
10
12
5
12
8
7
3
10
8
13
11
5
14
9
8
6
12
12
12
10
14
9
8
5
6
8
16
11
11
12
10
20
4
5
14
9
8
13
11
13
11
15
10
13
13
12
10
9
14
16
13
16
15
26
13
27
22
17
18
29
22
25
21
22
20
19
21
20
24
15
16
21
22
28
9
23
25
26
20
22
23
15
22
21
17
17
21
14
13
21
23
14
12
10
7
9
14
26
26
18
18
15
23
24
16
25
20
22
20
20
25
25
17
19
16
11
25
19
23
20
21
22
17
28
14
28
23
16
20
14
26
22
24
29
18
24
22
36
29
20
27
29
25
23
24
31
25
24
33
27
19
22
33
31
34
23
29
27
24
21
34
26
31
26
39
34
32
28
33
36
34
36
30
31
32
55
30
39
29
33
29
30
33
51
34
30
46
43
39
45
48
39
40
53
34
54
50
42
58
48
57
48
50
50
45
64
60
68
60
58
57
79
71
46
58
61
69
80
79
81
94
110
95
96
97
134
128
138
138
118
161
143
147
153
159
162
146
134
150
132
105
118
102
111
111
112
78
74
83
93
86
91
81
75
68
98
84
67
81
79
79
109
88
84
80
75
81
83
74
77
76
88
82
78
88
89
80
72
74
100
85
84
92
84
82
79
81
82
93
88
77
72
73
79
77
74
77
70
78
70
61
84
62
71
82
72
88
83
73
85
71
79
72
73
78
89
67
66
59
76
81
76
83
74
71
75
87
75
85
71
67
69
83
81
65
79
83
66
75
71
75
72
70
84
75
99
73
69
78
78
62
89
73
89
75
71
67
72
78
81
80
75
83
91
69
70
74
71
82
91
85
87
76
89
94
84
71
97
92
75
92
100
84
94
104
114
107
109
125
105
138
162
205
206
297
347
422
486
614
672
869
993
1150
1326
1420
1644
1764
1858
1896
2057
2079
2037
2016
1869
1816
1611
1527
1345
1121
1013
873
729
631
526
438
332
302
225
172
183
165
131
139
126
121
127
99
123
103
102
116
119
116
128
110
105
120
119
119
124
122
110
122
107
112
116
119
121
128
115
109
127
104
124
104
111
114
116
92
116
121
115
114
119
98
111
100
117
125
140
127
113
124
107
105
132
102
114
99
133
122
134
148
128
136
165
158
177
162
189
171
211
219
258
263
235
319
319
324
343
371
361
359
372
358
331
352
327
305
293
270
232
220
216
198
176
164
180
159
168
145
152
138
156
134
137
138
144
132
136
131
162
138
145
172
130
137
132
135
134
139
164
135
147
139
152
140
141
158
169
159
150
156
157
152
147
142
150
162
152
149
154
155
172
151
183
170
191
173
146
177
172
181
162
177
199
174
170
207
165
183
199
205
203
188
184
167
195
198
218
186
180
211
200
212
222
198
217
224
242
236
219
215
225
218
239
232
229
235
262
248
236
260
242
256
268
259
259
280
263
249
260
267
252
270
284
284
249
263
273
254
267
266
290
285
255
267
282
259
244
259
283
273
255
261
276
256
292
286
262
260
278
258
257
244
235
249
248
260
249
222
252
238
229
257
214
203
224
235
208
214
215
202
204
212
188
194
191
217
188
184
192
170
180
170
166
158
143
168
184
173
177
151
166
177
153
153
152
164
162
153
147
158
145
143
167
176
144
145
180
165
144
187
143
172
149
182
161
147
179
182
151
167
167
173
187
175
165
159
176
160
186
176
167
174
165
184
187
184
174
185
198
190
181
193
205
198
206
187
209
207
199
192
198
196
229
187
186
209
191
207
231
197
199
225
212
210
220
234
209
203
226
217
244
212
206
206
220
214
193
186
209
210
238
236
224
223
218
200
224
218
199
188
182
221
195
187
212
194
234
182
207
218
206
194
213
188
184
186
182
177
204
188
182
203
178
191
182
182
202
203
191
184
157
185
189
168
194
186
173
195
193
158
179
174
169
163
183
138
155
169
179
185
184
176
170
185
168
190
170
189
171
172
176
175
161
175
163
146
175
174
167
192
178
182
189
178
170
181
201
183
169
187
196
183
203
173
178
182
144
184
183
152
181
173
174
186
182
169
194
177
198
181
194
187
184
191
173
201
173
183
181
194
180
196
180
164
208
183
176
182
170
186
192
157
174
205
188
185
202
201
180
192
150
188
185
198
187
192
220
193
181
174
172
208
191
192
221
180
184
207
195
202
184
210
203
203
202
198
216
175
191
184
200
217
178
219
208
210
205
189
219
221
184
206
200
212
174
227
232
223
226
227
214
240
196
205
204
214
214
196
214
214
185
217
222
223
214
223
228
222
219
207
233
207
202
186
208
216
208
230
191
233
203
187
216
220
222
210
217
213
201
211
203
224
229
223
221
211
199
226
211
211
198
206
201
230
222
200
206
225
209
230
224
210
203
193
214
203
192
213
190
196
205
221
191
209
192
203
169
205
185
194
184
207
172
203
181
203
187
185
173
186
193
182
202
195
191
201
177
176
186
162
189
167
184
154
174
174
206
182
204
208
187
178
194
185
175
209
208
184
177
198
166
166
187
201
198
210
214
200
187
181
190
198
186
202
198
206
181
209
200
192
171
206
205
208
173
165
198
188
183
182
162
201
181
169
178
208
176
185
199
203
200
198
190
188
189
198
197
191
191
176
207
204
196
178
194
193
172
216
185
185
180
188
196
167
210
188
177
196
205
191
180
196
190
213
179
188
188
178
176
190
176
183
169
200
194
188
200
180
200
191
191
224
186
203
199
190
178
212
209
157
189
184
203
190
191
198
205
176
212
190
178
204
210
183
177
170
196
218
198
190
186
191
187
193
175
193
181
177
242
209
182
197
187
206
200
203
201
196
185
195
208
224
208
201
200
215
197
208
237
187
204
197
202
212
227
233
258
236
239
214
225
228
211
200
210
212
217
236
268
223
215
225
246
222
246
237
232
206
242
263
236
220
245
241
258
229
235
254
268
256
276
275
280
255
274
271
287
267
321
292
298
276
275
268
276
278
314
310
284
269
348
331
318
317
319
318
339
327
349
352
375
406
379
383
394
449
446
414
477
460
469
437
482
487
517
534
556
555
594
596
614
640
671
672
733
721
756
758
765
779
818
855
865
881
926
910
990
941
964
1060
1103
1061
1019
1048
1088
1119
1116
1120
1170
1079
1118
1118
1212
1143
1166
1143
1185
1147
1134
1120
1117
1116
1076
1049
1057
1043
1018
993
913
960
954
897
967
880
890
863
829
743
761
752
762
757
686
642
615
635
608
578
539
544
480
482
523
487
441
390
440
435
407
419
390
347
362
410
357
332
321
328
316
318
325
313
281
279
262
265
276
286
245
252
256
213
243
230
222
231
224
246
208
212
196
189
228
220
202
229
183
177
195
197
190
193
209
166
179
197
178
206
172
217
182
181
186
200
204
202
244
218
202
257
271
268
269
279
332
321
345
368
329
348
321
362
367
400
439
411
430
434
444
416
444
415
432
439
425
411
389
405
387
351
363
356
298
279
271
262
223
219
243
203
199
185
173
174
167
148
149
126
119
124
126
135
115
132
109
124
122
129
151
127
129
122
138
129
115
134
121
142
149
133
128
120
114
140
156
159
141
153
131
141
151
171
140
179
159
153
197
177
174
162
151
177
183
195
215
180
205
217
191
223
203
209
203
214
221
227
201
214
196
199
214
242
216
222
216
215
190
190
230
216
197
204
212
217
197
214
199
216
186
198
218
183
172
185
197
163
173
196
175
163
198
154
164
169
165
142
160
166
177
148
145
133
121
131
113
128
136
140
98
124
119
117
105
110
103
113
98
95
103
106
94
94
97
96
98
87
78
87
90
99
90
88
89
85
70
99
65
81
69
76
72
68
80
57
63
73
79
72
68
84
67
75
65
73
65
69
56
61
56
64
68
64
53
56
75
67
57
59
50
55
63
61
52
49
52
41
51
43
53
54
47
44
47
46
59
52
59
37
55
44
67
51
56
52
51
57
48
37
44
40
56
52
44
53
42
39
56
42
42
59
44
55
65
56
52
63
80
69
61
65
81
65
65
67
80
90
46
70
67
65
58
48
38
56
44
53
63
48
37
56
39
49
45
49
48
32
46
38
41
32
35
39
40
35
41
37
42
36
34
31
49
38
35
46
52
40
39
50
33
32
45
45
32
41
31
41
44
45
39
28
34
30
40
32
44
29
32
30
30
31
28
39
43
31
28
26
21
19
46
26
21
26
41
24
37
26
31
34
27
36
33
28
18
33
22
25
39
33
25
27
26
26
34
25
25
32
22
22
20
23
22
17
18
28
24
35
35
19
27
26
15
28
25
17
34
41
23
33
26
27
25
20
21
22
24
22
18
19
18
27
21
19
24
29
27
29
25
27
29
34
26
22
26
23
31
20
25
28
36
22
34
24
26
21
29
22
18
30
19
19
20
26
27
28
19
21
21
19
33
22
28
17
24
28
16
20
29
19
22
16
27
27
26
16
21
29
15
22
30
18
26
24
19
25
23
20
17
28
28
28
16
28
14
26
18
24
18
21
20
25
25
24
21
24
26
21
23
18
17
21
18
22
17
18
17
16
29
20
22
21
16
15
30
17
24
15
18
18
18
12
31
16
14
11
24
15
16
11
17
25
8
20
11
26
23
24
14
8
25
15
23
22
26
18
14
15
20
18
24
10
26
24
14
21
15
12
18
17
18
18
13
20
19
18
20
13
12
23
18
25
19
13
18
17
19
19
11
24
18
19
18
17
14
27
27
16
14
15
17
18
14
15
18
17
15
16
13
16
13
15
16
16
15
15
15
29
14
20
17
17
10
19
15
25
16
14
15
20
23
17
9
15
15
18
12
19
19
15
14
11
18
14
16
15
13
10
14
13
13
14
20
11
13
18
10
15
13
12
11
10
13
9
12
10
11
18
14
11
10
15
17
7
15
12
11
12
15
14
11
18
8
12
13
13
12
9
12
14
9
8
13
17
17
16
9
7
13
16
11
11
12
12
13
16
9
12
11
13
14
18
18
8
9
10
6
13
12
9
5
11
9
15
18
9
18
10
9
9
8
11
12
10
10
12
17
12
12
14
8
13
6
8
11
9
14
11
10
11
16
9
19
10
12
12
8
14
12
8
7
9
6
10
11
10
12
15
13
11
9
4
7
10
8
14
8
12
10
8
12
14
5
15
6
14
4
8
12
10
8
13
13
11
11
12
8
7
11
4
13
7
13
5
10
8
7
5
10
7
17
16
9
4
13
4
13
11
8
14
8
3
8
3
9
10
11
10
8
8
8
8
11
9
7
4
14
7
9
9
12
7
5
9
5
10
6
4
11
7
9
6
11
10
3
5
5
7
9
6
8
1
8
4
6
6
10
2
9
12
8
10
9
12
11
6
11
6
7
8
13
9
7
7
5
6
10
5
6
4
7
9
10
4
5
11
4
10
6
4
11
3
7
5
6
3
2
8
9
6
7
5
8
13
9
5
6
4
5
6
4
4
9
1
3
6
7
12
6
9
10
6
8
10
4
5
5
7
10
9
4
6
3
6
9
5
1
10
8
10
6
5
5
13
6
5
2
8
8
7
7
3
2
2
6
8
6
6
8
11
6
9
8
8
7
5
7
8
6
11
3
4
6
4
6
2
9
5
4
7
3
3
7
5
6
3
6
6
6
7
5
5
5
3
5
5
2
3
9
3
8
3
7
7
2
4
6
3
6
2
4
5
9
3
5
2
0
9
2
3
5
3
3
7
3
3
4
6
2
1
3
9
4
6
9
3
1
6
1
6
1
9
3
2
3
3
6
3
5
8
4
5
4
2
7
5
7
2
4
3
7
1
2
4
4
7
9
2
6
2
0
3
6
2
3
3
8
3
3
4
6
5
7
2
6
3
2
3
3
0
2
3
2
3
3
4
3
5
8
1
9
1
9
2
6
2
5
4
3
1
3
7
5
4
6
1
4
4
2
4
3
3
3
5
2
4
3
3
2
1
1
3
1
5
4
1
2
3
1
6
1
7
1
3
4
6
2
6
4
2
3
3
2
3
3
4
3
6
4
0
5
2
0
1
0
3
2
1
3
4
4
4
5
4
4
4
4
2
1
2
0
6
3
3
2
4
0
3
2
3
2
3
1
2
1
1
1
1
3
4
2
0
0
3
6
2
3
2
2
1
3
3
2
2
2
1
4
2
2
4
3
2
3
3
2
3
3
3
2
1
4
2
3
4
2
2
1
2
2
3
1
2
2
3
0
4
1
3
0
3
1
4
2
1
1
4
3
2
0
1
1
0
0
1
1
1
2
2
1
5
1
4
2
5
1
3
2
8
4
1
0
2
2
3
1
0
3
5
1
3
3
2
4
0
0
0
1
2
3
2
1
5
2
0
0
1
1
2
3
2
2
3
1
1
0
0
3
2
2
1
0
2
2
0
4
1
0
1
2
0
2
3
2
2
1
0
1
1
2
0
1
4
1
1
0
2
2
0
2
3
2
3
1
3
2
1
0
2
1
1
2
1
1
2
2
4
1
0
1
1
2
2
5
1
1
3
3
0
0
3
0
2
1
2
2
1
2
1
0
2
2
0
1
1
1
0
1
1
2
4
1
0
4
2
1
1
2
2
5
1
1
1
2
2
2
1
0
1
3
1
1
1
1
0
3
2
1
2
0
0
1
2
1
1
1
4
0
1
2
1
4
0
2
2
1
1
1
0
0
1
1
2
0
3
0
0
2
1
2
2
1
3
3
1
2
1
1
2
2
0
1
0
1
2
1
1
3
1
0
1
1
2
0
1
2
0
1
0
5
2
2
0
2
0
3
0
0
3
1
1
2
1
0
1
0
1
0
1
2
1
0
1
0
0
0
1
3
0
1
1
2
0
1
0
1
0
0
0
2
0
1
2
1
1
0
0
5
1
1
0
1
0
1
3
0
0
0
0
0
1
0
1
1
0
1
1
0
1
0
0
2
2
0
2
2
0
0
0
1
1
0
0
1
1
0
0
0
1
1
0
1
0
0
0
0
0
1
2
0
1
1
1
0
0
0
1
0
1
0
1
0
0
1
0
0
2
1
0
1
2
0
1
1
0
0
1
0
0
0
1
2
0
0
0
1
0
0
0
0
0
0
3
0
0
0
1
0
1
1
0
1
0
0
1
0
1
1
0
1
2
0
1
2
1
2
1
1
0
0
0
0
0
1
1
3
0
0
0
1
0
0
1
0
0
0
0
0
0
1
1
1
2
0
0
1
0
0
0
1
2
1
1
0
0
1
0
0
1
0
1
1
1
0
1
0
1
1
0
1
1
0
0
2
1
0
2
0
0
1
0
1
0
1
0
1
1
0
0
0
1
0
0
0
0
1
1
0
0
0
0
1
1
1
0
1
0
0
0
0
1
0
0
1
0
0
0
2
0
0
0
0
0
1
1
1
0
0
0
1
0
0
0
0
0
1
0
1
0
0
0
0
1
0
0
0
0
0
0
0
0
0
0
0
0
1
0
0
0
0
1
0
0
0
1
0
0
0
0
0
0
0
0
0
0
0
0
0
1
0
0
0
0
0
0
0
0
0
0
0
0
0
0
0
0
1
0
1
0
0
0
0
0
0
0
2
0
0
1
0
0
0
0
0
0
2
0
0
0
1
0
0
0
0
1
1
0
1
0
0
0
0
0
0
0
0
0
0
0
0
0
1
1
0
1
1
1
0
0
0
1
1
0
1
0
0
0
0
0
1
1
1
0
1
0
0
2
0
0
0
1
0
0
0
0
0
0
0
0
1
0
0
0
0
0
0
0
0
0
1
0
1
0
0
0
0
0
1
0
0
0
0
0
2
2
0
1
0
1
0
0
0
1
0
0
1
0
1
0
0
0
0
0
0
0
1
0
0
0
1
0
0
0
0
0
0
0
0
0
0
0
1
0
0
0
1
0
1
0
0
0
0
0
0
0
0
0
0
1
0
0
0
0
1
0
0
