0
0
0
0
0
0
0
0
0
0
0
0
0
0
0
0
0
0
0
0
0
0
0
0
0
0
0
0
0
0
0
0
0
0
0
0
0
0
0
0
0
0
0
0
0
0
0
0
0
0
0
0
0
0
0
0
0
0
0
0
0
0
0
0
0
0
0
0
0
0
0
0
1
2
0
0
1
2
1
3
1
5
14
41
128
321
990
2241
4811
9589
17125
27976
41147
54353
66048
72739
73041
66475
54955
41197
28117
17476
9859
5007
2278
1065
418
150
48
16
2
3
3
2
1
2
5
2
0
2
2
0
0
0
0
0
0
0
0
0
0
8
65
44
43
44
50
54
46
53
43
49
41
45
44
27
44
32
43
44
32
33
39
49
34
34
39
39
27
40
34
29
24
34
33
38
38
35
27
34
37
31
38
26
34
35
47
40
32
31
29
27
37
43
30
36
40
30
45
45
39
35
40
44
39
45
34
42
62
56
65
73
90
122
149
163
172
163
159
173
140
139
112
100
81
81
69
57
52
46
50
47
40
43
44
40
50
50
57
40
48
42
51
42
57
64
50
57
67
67
73
84
61
87
88
104
107
125
113
124
123
153
171
136
191
209
283
385
652
1067
1749
2986
4694
7032
10129
14078
18001
21945
25624
28088
28973
28785
26545
23680
19899
15627
12212
8953
6427
4607
3319
2328
1653
1308
922
712
475
404
325
327
345
427
545
692
786
942
989
1059
1087
1042
885
851
654
547
411
301
222
163
144
115
105
82
72
53
53
54
34
35
18
20
15
11
9
13
13
10
6
2
4
10
5
8
6
7
8
5
9
3
4
8
7
7
8
7
6
7
13
3
5
4
8
9
8
4
7
18
12
7
11
17
16
15
19
23
33
18
23
23
28
25
12
17
16
19
16
27
15
13
24
30
27
9
23
12
22
15
22
22
26
26
20
25
19
17
15
16
25
13
11
8
6
5
8
10
6
5
4
5
11
7
8
3
3
6
14
7
6
5
5
6
10
9
5
2
4
6
4
1
6
5
5
6
3
5
5
7
12
18
15
21
25
17
22
25
27
22
12
21
13
16
17
16
14
9
11
5
4
3
10
5
8
7
11
6
13
12
2
5
14
4
10
11
10
5
5
7
6
9
6
8
8
8
5
5
9
2
6
4
3
3
7
4
6
7
4
3
4
8
8
8
4
3
6
7
8
7
3
5
10
5
7
8
5
5
1
7
6
5
8
4
5
4
6
4
8
3
8
7
7
8
0
11
8
8
3
5
8
4
6
5
4
5
8
8
7
2
7
3
3
4
4
9
3
5
5
6
7
7
8
6
4
8
12
5
9
6
6
9
7
5
9
8
7
10
3
6
9
10
3
8
8
6
6
8
6
7
10
8
5
5
10
9
8
9
6
5
6
13
3
13
4
3
9
12
9
8
11
8
8
7
7
10
8
9
7
11
1
7
17
13
6
10
8
9
7
13
12
11
8
13
8
6
8
13
10
4
9
8
8
12
8
7
9
11
14
13
17
14
13
17
12
16
14
13
12
16
11
15
16
18
18
21
16
20
25
23
18
18
19
26
21
11
20
21
21
19
18
27
20
16
16
33
23
18
26
16
18
13
23
13
13
22
11
13
17
19
22
11
20
19
19
12
20
20
12
21
17
20
14
15
18
18
21
15
17
21
24
20
20
22
18
20
23
15
17
23
23
23
32
20
19
25
31
25
18
23
21
21
21
19
28
21
24
23
28
29
27
22
17
18
25
24
24
23
21
26
35
24
28
31
34
28
28
26
36
22
29
31
32
27
29
34
28
23
37
26
35
32
29
29
27
38
34
24
27
30
40
51
37
48
26
35
46
43
41
42
44
37
51
49
41
57
45
48
45
40
51
57
44
56
52
48
58
70
49
45
70
49
67
50
57
55
59
69
79
63
75
76
97
75
94
79
108
112
99
124
115
133
144
138
149
167
134
138
146
161
145
144
124
136
131
109
118
100
91
92
104
94
101
83
83
72
87
81
85
73
84
72
89
69
99
81
84
74
71
91
77
75
84
71
71
87
92
73
68
73
84
82
87
76
68
98
66
67
71
71
86
72
78
67
79
75
92
89
86
81
72
78
79
72
92
70
58
78
75
69
94
76
69
66
76
72
65
81
69
62
65
69
69
79
76
76
65
76
78
79
77
64
73
78
99
90
88
94
81
75
82
66
62
63
88
69
81
72
76
63
76
81
74
78
86
73
68
92
83
65
84
73
66
81
64
61
80
80
90
68
82
77
86
94
88
77
99
94
74
69
94
105
86
87
76
102
77
89
79
93
91
108
100
133
145
173
187
246
273
315
349
454
607
694
884
960
1184
1316
1461
1627
1701
1902
1961
2041
2051
2042
1997
1868
1753
1702
1486
1362
1222
1013
850
730
654
520
417
324
289
265
223
160
176
125
132
147
105
122
109
111
100
113
118
116
104
102
114
125
95
127
124
130
116
113
124
122
95
116
134
119
116
138
122
123
99
99
109
123
145
135
122
106
121
89
104
103
118
124
93
116
124
120
95
135
115
106
93
121
101
109
110
119
123
118
116
112
131
158
178
155
163
192
189
210
224
261
257
269
322
277
338
337
343
382
376
354
406
392
316
318
306
330
266
262
260
235
219
168
190
186
155
142
148
142
133
118
112
150
137
116
153
134
147
111
138
125
127
135
120
152
141
141
149
160
138
135
161
166
135
143
154
174
152
155
143
167
173
143
154
160
145
131
137
164
174
185
169
155
164
145
164
163
183
181
166
188
199
171
173
187
189
192
194
185
175
191
164
159
203
210
181
198
204
186
184
200
211
202
169
208
207
211
219
207
243
207
227
214
223
233
237
236
215
252
235
271
267
240
238
265
243
281
240
298
278
301
289
251
265
294
260
280
267
289
289
292
268
283
280
292
291
248
280
275
259
288
270
287
265
264
225
247
264
254
236
270
259
256
224
269
242
255
260
231
220
237
229
242
247
205
223
208
209
214
191
210
209
199
190
168
185
181
204
201
172
184
176
180
168
173
158
175
193
160
159
182
178
146
165
164
160
159
154
139
141
160
175
181
161
143
157
175
156
169
175
153
168
180
162
157
177
170
148
164
167
166
171
175
164
156
148
169
170
172
169
208
152
171
186
177
166
182
174
178
207
187
212
176
201
182
235
188
213
178
215
184
189
202
198
221
188
226
182
196
204
208
214
219
202
241
234
205
194
228
213
218
205
217
205
227
219
191
234
220
217
194
208
210
212
178
202
186
229
204
200
200
213
178
176
197
171
186
187
228
180
207
204
206
183
195
192
177
184
176
177
194
215
180
200
193
158
172
193
163
160
182
174
165
180
155
176
193
169
170
167
173
171
177
174
158
159
183
161
177
185
180
166
200
173
182
178
188
153
179
173
174
197
186
183
187
166
174
177
168
155
150
177
161
172
198
176
186
164
162
172
162
193
176
179
179
169
156
198
174
178
196
186
189
189
169
159
173
161
169
166
174
183
164
176
216
195
179
190
184
186
169
170
196
178
179
209
184
182
186
188
188
179
160
187
176
176
188
178
201
199
172
185
184
196
166
203
184
172
182
204
185
195
162
183
182
167
191
205
203
198
177
206
164
201
186
194
190
170
195
181
224
197
222
190
209
198
217
179
210
181
217
216
191
178
201
218
190
208
209
215
215
220
189
216
186
209
219
213
194
204
195
224
201
212
216
210
195
227
216
203
198
223
217
215
224
210
227
193
220
239
210
219
179
208
197
210
219
209
225
235
228
196
210
197
165
186
218
218
199
196
204
197
200
202
200
203
198
213
208
200
199
200
197
210
219
203
191
199
207
210
179
191
194
181
182
184
181
175
183
209
179
173
174
193
189
186
183
194
202
176
179
183
193
214
185
183
198
157
166
193
176
186
185
182
174
185
185
169
181
185
206
186
187
195
170
195
218
168
208
154
167
166
187
181
191
198
210
170
199
190
201
186
177
210
205
197
167
193
183
195
164
204
171
174
164
210
168
175
174
200
210
198
180
176
212
164
179
217
161
205
192
206
201
192
188
193
187
181
180
195
181
185
207
179
202
196
185
173
193
184
191
187
207
195
187
196
174
204
192
203
210
198
201
189
177
181
180
160
216
202
193
168
177
181
181
170
187
215
194
198
172
186
182
199
211
188
184
186
186
163
194
175
178
177
175
192
188
200
197
172
188
208
180
171
188
189
170
184
197
192
192
207
174
191
186
188
194
192
168
186
217
191
209
219
202
168
203
189
222
185
210
188
172
220
203
195
192
203
180
207
220
192
221
192
214
229
234
210
215
201
230
201
211
223
206
215
201
222
219
208
210
235
203
210
229
233
225
252
255
227
245
241
253
261
267
245
247
266
240
267
240
251
250
276
299
277
287
273
277
304
292
298
286
296
274
308
294
321
294
316
304
336
319
367
314
332
334
340
362
363
344
381
393
429
437
415
416
448
424
441
459
439
448
538
501
496
545
512
586
615
599
598
663
669
665
683
721
729
748
802
816
837
826
954
842
954
943
944
967
963
1046
1016
1061
1034
1076
1046
1068
1129
1137
1092
1057
1083
1065
1117
1046
1156
1126
1128
1149
1081
1080
1054
1141
1077
1087
1024
1009
1004
959
895
957
920
891
866
861
795
754
750
735
711
673
721
607
616
624
603
572
540
514
526
495
469
452
424
444
438
421
362
391
372
369
356
325
329
318
334
305
292
325
302
289
283
302
260
254
281
284
251
256
238
229
266
253
244
215
239
215
213
181
203
205
232
227
196
203
189
170
209
203
195
192
178
202
199
211
168
184
210
179
185
184
207
196
209
192
200
216
234
203
238
238
241
253
275
292
289
301
319
319
343
350
379
391
395
366
376
424
409
395
392
421
389
430
422
389
373
410
351
374
354
329
319
307
282
251
237
238
202
216
183
205
174
186
155
140
156
143
131
147
124
111
129
133
125
128
129
132
110
141
131
146
151
126
129
125
128
126
129
148
126
120
129
147
127
169
155
137
150
154
147
162
135
164
188
165
185
169
176
181
182
188
165
174
151
212
199
202
185
194
199
170
177
184
238
216
219
211
229
228
211
183
214
197
192
220
229
210
207
193
213
203
192
214
191
190
210
203
193
206
184
163
147
180
173
190
170
187
187
186
165
157
164
175
153
165
151
148
145
133
145
133
149
147
127
144
122
123
123
117
118
127
122
117
106
119
103
90
86
108
110
101
94
84
98
103
82
89
81
75
87
95
83
69
89
70
72
58
82
73
75
62
65
63
84
66
58
52
73
57
62
73
62
71
67
74
69
55
62
65
63
51
58
49
52
41
56
62
55
50
62
43
54
64
71
48
36
56
63
48
57
49
46
49
55
50
57
56
35
49
39
43
32
42
49
50
60
56
39
43
40
49
50
58
48
53
49
53
51
52
61
51
50
65
57
55
48
70
66
79
76
66
66
59
67
73
71
64
78
49
65
75
57
65
55
57
55
51
48
46
51
44
41
39
38
44
43
46
41
47
32
49
46
35
39
38
40
34
40
41
41
36
38
36
29
35
53
49
43
31
50
45
33
42
34
38
39
37
46
39
26
32
21
31
29
39
37
28
29
20
22
33
27
31
34
42
28
40
29
37
33
29
30
36
37
29
42
22
35
30
31
26
30
24
30
25
32
22
30
20
34
26
26
22
22
28
26
30
32
23
23
31
30
29
22
27
30
32
23
27
28
21
33
24
23
18
20
32
23
28
32
24
38
25
26
31
24
25
26
28
26
25
28
22
27
27
28
16
18
24
33
25
30
32
23
22
30
29
25
24
31
20
17
21
25
26
18
22
23
22
24
18
19
20
29
21
17
22
21
20
25
16
22
21
31
21
22
28
19
25
20
37
24
23
23
24
21
19
15
23
20
16
28
23
27
17
18
16
28
20
22
22
18
17
22
11
22
19
17
25
28
29
29
29
26
18
18
24
15
24
23
22
14
14
14
14
26
16
12
15
18
27
20
21
20
24
17
17
11
13
20
21
16
21
25
21
17
18
16
19
23
18
14
20
20
19
20
24
13
17
17
18
16
18
18
14
22
10
20
18
15
18
18
13
16
11
22
18
19
15
19
21
9
26
12
16
19
18
24
16
11
19
21
13
16
15
21
17
13
22
14
26
13
18
10
18
22
15
18
9
10
5
10
19
11
16
17
18
11
11
15
16
13
17
20
23
14
13
11
9
9
18
15
16
13
15
14
10
9
8
13
12
19
15
18
13
16
13
15
17
11
13
14
8
19
16
19
14
20
17
17
20
16
18
17
16
14
16
13
10
9
15
14
10
13
16
14
11
14
11
13
14
14
15
16
8
18
11
18
8
16
13
10
16
16
14
16
13
7
10
19
9
10
14
8
12
13
13
16
11
12
6
11
10
12
9
13
9
9
12
13
13
10
11
11
8
20
9
13
11
14
10
9
11
14
12
24
15
13
14
18
14
13
17
11
12
16
9
12
10
11
10
13
9
9
7
8
11
10
10
7
7
17
5
8
16
7
10
13
14
8
13
16
6
5
13
9
13
10
13
5
9
14
7
9
13
8
9
13
7
12
8
13
8
11
13
14
8
10
11
11
15
11
5
10
15
11
11
9
7
5
13
11
10
16
7
6
12
9
9
7
12
14
8
10
8
7
4
7
11
5
13
18
6
8
7
11
10
8
9
10
9
10
9
1
8
8
9
4
9
7
3
7
8
5
7
5
17
6
6
9
6
8
5
5
0
7
6
8
8
7
11
3
6
6
10
8
8
9
11
6
8
4
6
7
10
5
4
13
8
5
4
6
4
8
6
7
3
11
6
11
5
12
4
9
3
12
10
9
6
13
9
7
9
4
11
8
1
11
7
2
6
6
5
9
7
7
10
8
6
10
4
5
7
4
3
5
6
6
5
3
9
8
9
5
7
8
7
9
9
5
6
6
4
8
6
4
4
7
3
6
4
4
2
4
7
6
4
4
8
3
5
5
4
5
5
6
7
5
1
3
4
3
4
8
2
1
6
4
9
3
5
5
8
1
11
11
3
5
9
2
5
6
4
6
4
3
6
8
5
6
7
7
5
5
11
5
4
5
4
8
5
6
3
2
5
5
9
1
7
4
5
3
3
9
6
5
4
3
2
5
7
2
5
7
7
5
2
6
9
3
5
3
6
4
5
4
8
3
7
9
7
3
3
3
5
7
6
3
5
2
4
3
4
3
5
3
2
6
5
2
6
5
6
1
5
5
4
6
5
2
5
5
4
4
3
8
6
3
4
3
6
4
6
1
5
3
2
2
3
2
5
2
7
8
7
6
4
3
4
1
5
3
9
3
6
2
5
9
6
2
5
3
3
4
3
1
3
4
5
3
7
6
6
2
3
3
3
1
6
2
2
3
5
5
2
1
1
4
1
3
4
2
1
4
3
2
2
3
6
4
3
4
3
4
3
4
3
4
2
4
1
5
1
6
6
1
6
3
2
3
2
7
2
3
1
4
5
0
1
5
1
3
1
3
3
3
4
4
4
0
1
2
2
3
7
0
3
0
4
1
2
2
0
2
2
8
3
1
2
3
3
5
2
5
2
3
0
5
2
2
5
4
1
0
6
2
0
1
1
2
2
4
5
0
2
2
1
3
5
1
4
1
1
0
0
2
0
1
1
0
2
1
2
5
4
1
4
2
3
1
1
1
2
4
1
4
0
5
2
2
2
1
3
3
2
2
4
4
3
1
2
2
0
0
0
2
3
3
2
0
0
3
2
1
4
2
0
0
2
3
4
1
5
1
5
0
2
4
1
1
2
1
1
2
3
1
3
0
1
5
1
0
3
0
1
0
3
0
2
2
1
1
1
3
1
1
1
2
0
0
1
1
1
1
2
2
4
1
1
0
4
2
1
0
1
5
2
2
4
2
2
1
0
3
3
1
2
0
3
3
3
2
2
1
1
2
2
1
1
2
1
1
0
0
0
0
1
1
2
0
3
2
1
1
2
1
1
0
1
0
1
1
1
3
2
1
0
2
0
0
2
0
0
2
2
1
1
0
4
1
3
0
1
0
2
2
1
0
2
2
1
1
1
0
2
0
0
0
0
0
2
1
1
0
1
0
3
0
1
1
0
1
2
1
1
0
0
2
0
3
2
0
1
0
1
0
2
0
0
0
1
0
2
1
0
0
0
1
0
1
0
0
6
0
4
1
0
3
1
1
1
0
1
0
0
1
0
1
1
0
0
1
0
1
0
0
0
2
0
0
0
0
0
0
0
0
0
0
0
1
1
1
0
0
0
1
0
0
1
1
0
0
0
0
2
1
2
0
1
2
0
1
0
1
0
1
0
1
2
0
0
2
0
0
0
0
1
2
0
1
0
0
1
1
2
0
2
1
0
0
1
0
2
0
0
1
0
2
2
1
1
0
1
0
0
0
2
0
1
0
0
1
2
0
1
0
0
0
0
0
0
0
0
0
0
0
2
1
1
2
0
0
1
1
0
0
1
2
0
0
1
1
2
1
1
3
0
0
1
1
0
0
1
0
0
2
0
1
2
1
0
1
0
1
0
0
1
0
0
0
1
1
1
0
0
0
0
0
0
1
1
1
1
0
0
3
0
1
0
0
1
0
0
0
0
0
2
1
0
1
2
2
0
4
0
1
0
1
0
0
2
0
0
0
0
1
0
0
0
0
1
2
0
1
0
1
0
2
1
0
0
0
1
1
0
1
2
0
0
1
0
1
0
0
0
0
0
0
0
0
0
1
0
1
1
0
0
2
1
0
1
1
0
0
0
1
1
0
0
2
1
0
0
0
1
0
1
0
0
1
0
1
0
1
0
0
2
0
0
0
1
0
0
0
1
1
0
1
0
1
1
0
0
0
1
0
0
0
0
2
1
0
0
1
0
0
1
0
1
0
0
0
1
1
2
0
0
0
1
0
1
0
0
0
0
0
0
1
1
0
0
1
1
0
1
0
1
1
0
2
0
0
1
0
0
0
0
1
0
0
0
0
0
2
0
0
0
0
0
0
0
0
0
0
1
0
0
1
1
0
0
0
1
1
0
2
1
0
0
1
0
0
0
0
0
0
0
0
0
0
0
0
0
1
0
1
0
0
0
0
1
0
0
0
0
0
0
0
0
0
0
0
0
1
0
0
0
0
0
0
1
0
2
0
0
0
0
0
0
0
1
0
0
0
0
0
2
0
0
0
1
0
0
0
0
0
0
0
1
0
0
0
0
0
0
0
1
0
0
0
1
1
0
0
0
0
0
0
0
0
0
0
0
0
0
0
0
0
0
0
0
0
1
0
0
0
0
0
0
0
0
0
0
0
0
0
0
0
0
0
0
1
1
0
0
0
0
0
0
0
0
0
1
