0
0
0
0
0
0
0
0
0
0
0
0
0
0
0
0
0
0
0
0
0
0
0
0
0
0
0
0
0
0
0
0
0
0
0
0
0
0
0
0
0
0
0
0
0
0
0
0
0
0
0
0
0
0
0
0
0
0
0
0
0
0
1
0
0
1
1
0
2
2
2
5
1
4
4
3
1
3
2
2
7
6
12
34
132
355
918
2232
4734
9472
16967
27908
40581
54740
66274
73590
73185
66370
54899
41161
28141
17473
9840
5094
2342
973
394
133
34
8
10
3
0
0
2
1
3
1
0
1
0
0
0
0
0
1
1
0
0
1
1
4
52
59
54
53
46
45
55
37
39
54
41
50
32
48
40
44
51
49
34
37
46
36
43
42
28
39
38
45
34
36
47
33
34
44
36
30
33
35
46
41
39
29
36
46
30
29
37
45
37
29
38
45
31
39
37
32
33
38
50
42
46
47
45
42
55
64
52
50
72
74
79
122
146
151
179
171
149
129
129
127
122
97
97
58
63
52
48
48
55
43
31
40
40
44
55
43
43
38
41
55
51
48
71
50
67
70
67
59
61
73
94
80
122
109
115
127
112
138
136
158
192
205
239
269
364
534
802
1235
2017
3221
4892
7346
10703
14290
18234
22365
25852
28510
29818
29823
27168
24372
20076
16419
12332
9405
6677
4916
3341
2417
1772
1408
977
735
578
460
394
331
399
453
602
684
814
918
1001
1007
1032
963
877
762
650
492
391
320
215
183
142
97
81
91
71
49
58
54
44
21
25
20
11
13
7
6
10
7
4
11
12
6
7
12
9
17
6
10
4
8
6
7
12
11
9
10
6
15
11
12
8
11
12
14
13
15
11
15
9
18
15
19
26
15
24
20
25
25
35
33
25
23
21
22
17
19
28
23
23
24
19
20
25
26
21
24
23
17
12
18
14
21
27
26
27
18
13
15
12
24
21
14
13
11
5
9
5
5
3
8
7
6
8
5
13
7
10
8
6
3
2
7
4
4
6
7
5
4
7
6
4
3
5
7
11
8
6
6
9
15
18
12
18
22
23
29
19
23
15
18
14
24
13
10
20
11
7
5
7
3
11
13
11
7
5
6
10
12
20
11
11
8
9
13
12
9
10
10
4
4
6
8
6
8
7
4
1
4
7
6
8
15
7
6
8
5
6
4
7
8
13
7
4
8
10
4
7
6
5
4
6
6
8
7
8
5
7
4
7
4
9
9
8
5
2
3
2
7
5
8
8
5
6
3
6
12
4
5
5
9
4
7
5
8
5
6
8
5
11
7
5
10
6
3
5
1
4
7
4
9
9
8
4
11
7
6
4
11
5
7
2
4
1
6
8
13
8
7
4
8
9
6
8
7
5
7
9
8
6
7
5
8
7
8
7
11
11
3
4
10
9
6
9
12
9
8
8
3
9
9
10
4
13
9
8
6
8
11
11
7
9
14
14
13
10
14
9
11
7
8
13
6
16
9
11
15
11
15
10
11
11
9
6
12
11
8
12
12
8
11
13
20
13
12
18
11
15
21
14
20
9
14
17
19
16
18
15
12
16
15
15
13
10
13
13
12
20
10
14
22
10
12
18
9
18
15
19
13
26
14
21
17
24
22
14
16
16
25
21
14
18
18
24
20
16
19
15
16
16
15
19
17
20
18
13
21
19
21
16
28
26
16
18
19
14
30
18
22
16
17
22
18
16
22
25
27
27
29
23
29
29
31
29
25
31
31
41
27
23
27
29
37
26
31
28
34
37
28
35
27
27
33
32
26
30
40
38
32
36
22
28
33
37
33
44
32
26
28
44
33
39
46
26
42
49
37
40
43
45
51
39
52
46
41
33
37
47
49
41
49
63
40
43
51
60
45
56
51
66
56
49
44
50
56
54
58
53
69
50
47
72
61
58
61
66
71
71
75
72
73
60
70
69
70
81
67
85
64
82
96
93
85
96
96
105
89
100
85
96
93
87
81
87
95
92
110
82
100
93
91
77
87
88
73
71
85
85
91
77
79
86
83
95
80
66
74
72
81
83
82
72
81
79
77
83
67
77
83
70
77
78
73
88
71
70
99
72
63
81
92
66
78
64
83
74
67
72
65
69
74
91
84
71
72
69
57
83
62
70
71
54
84
70
60
70
69
76
81
68
68
62
62
72
59
73
73
84
64
86
73
79
66
75
68
77
75
58
79
70
80
76
78
58
78
63
65
55
61
58
72
70
70
75
66
73
77
75
79
52
80
66
71
91
64
70
72
72
94
94
80
80
65
68
73
59
77
76
74
76
64
78
103
67
87
94
79
102
94
97
90
97
102
118
167
182
182
278
288
352
447
542
712
823
968
1144
1300
1434
1577
1720
1911
1905
1986
2031
2044
1978
1914
1872
1761
1605
1344
1137
1082
918
785
580
517
436
382
303
228
210
174
142
143
137
95
110
80
114
81
94
111
94
122
98
103
93
83
96
92
87
100
99
113
100
109
122
89
79
98
111
110
102
114
113
130
101
103
110
111
100
109
107
112
114
99
96
100
90
109
115
98
93
106
119
103
101
106
114
96
112
140
129
131
117
119
118
152
151
146
160
152
201
194
223
276
270
289
296
321
340
355
390
371
368
391
386
363
361
343
303
333
278
261
244
225
205
181
200
174
188
157
142
152
127
136
146
146
124
150
130
161
144
157
137
150
157
128
133
157
147
149
157
143
151
152
169
173
169
137
152
167
141
172
154
150
196
177
180
160
166
158
148
171
173
178
174
189
185
193
187
183
200
216
190
202
213
207
209
233
239
209
222
229
252
226
230
242
234
253
245
245
260
259
235
239
262
245
238
260
254
269
282
248
231
273
253
267
251
264
277
247
259
265
250
266
255
259
270
260
276
245
246
255
271
220
255
264
220
202
216
211
210
203
207
232
192
187
198
182
180
175
170
186
192
174
181
193
147
170
150
164
176
150
170
145
154
146
166
152
154
156
159
159
154
142
166
169
148
153
136
141
167
180
153
148
152
149
142
171
155
152
151
155
137
118
142
153
145
172
164
150
157
130
147
153
141
155
151
154
132
160
141
145
147
171
155
126
162
158
142
142
154
137
162
154
141
175
166
154
143
149
161
139
156
155
154
154
137
145
140
154
133
158
150
121
141
166
148
160
156
143
140
135
177
144
149
149
153
154
159
146
151
171
148
162
168
153
173
162
160
160
158
157
162
135
152
158
158
161
143
156
143
151
155
174
148
163
173
140
175
180
161
165
171
177
142
162
160
168
172
165
181
195
166
170
172
188
171
168
179
179
198
186
176
170
191
177
179
170
201
177
177
185
190
196
191
187
202
187
180
189
181
206
176
195
181
186
203
216
181
190
183
197
215
212
194
187
186
187
183
199
183
179
200
174
186
182
200
182
185
171
184
187
203
168
208
191
201
204
189
181
187
200
213
195
166
197
188
190
186
183
184
185
190
205
191
195
193
201
201
191
166
178
188
188
206
192
204
219
197
204
198
186
206
195
211
217
187
213
195
213
217
227
208
218
216
216
226
222
230
237
220
236
218
240
230
218
254
210
247
224
250
237
251
255
231
262
221
237
239
257
228
265
235
222
228
275
228
245
224
231
241
243
230
236
278
204
223
249
245
258
246
237
231
219
222
234
258
266
234
223
216
210
216
247
250
218
225
201
196
214
214
240
228
214
224
213
186
196
195
198
186
240
208
189
220
194
179
223
207
185
205
225
188
199
197
218
233
214
166
239
180
190
197
186
173
201
176
188
204
183
175
213
207
187
171
203
211
221
212
173
173
222
172
179
177
204
163
189
193
208
186
201
184
196
193
187
177
182
222
180
169
192
173
193
192
190
199
200
163
183
193
203
186
219
183
169
184
188
188
179
190
184
182
178
192
197
181
182
192
173
195
164
187
185
174
181
183
187
183
185
199
182
188
206
192
169
168
183
163
194
179
185
176
183
185
188
162
180
211
191
193
193
207
176
189
199
191
167
193
179
203
184
181
170
191
169
200
176
161
179
212
154
161
169
195
178
174
199
182
179
198
180
210
183
190
181
201
193
180
198
222
211
202
180
184
191
184
179
173
193
235
159
210
198
189
219
203
187
195
185
203
216
170
203
212
166
194
190
232
177
189
173
205
184
188
214
186
200
186
198
206
189
210
172
180
181
211
211
220
207
181
163
213
191
200
209
186
232
166
189
203
177
193
188
184
205
208
198
193
198
164
214
198
182
227
208
189
190
190
215
180
205
199
197
219
188
238
215
194
213
206
210
205
222
185
221
198
221
220
210
213
238
198
200
204
262
217
239
216
217
234
225
238
247
217
232
218
226
228
220
251
238
215
246
205
237
208
250
245
230
256
269
251
243
268
255
274
239
231
280
275
273
250
292
268
262
299
279
305
302
308
263
309
316
303
276
306
302
308
292
312
296
325
321
305
326
366
330
335
367
351
385
352
369
354
378
384
434
404
416
408
444
459
498
439
513
454
551
551
520
498
600
573
589
595
671
686
718
701
744
769
769
839
794
829
878
866
959
983
908
979
963
980
985
992
984
1112
1067
1148
1159
1121
1071
1224
1110
1112
1163
1170
1164
1118
1153
1127
1077
1130
1116
1095
1098
1068
1073
1066
1057
1042
1025
929
974
904
868
840
877
862
771
739
782
719
728
657
669
650
631
604
570
545
520
537
518
480
458
481
417
423
453
458
374
360
365
354
309
329
335
308
325
334
279
288
292
278
280
290
256
255
252
258
260
258
226
237
202
239
202
243
207
237
242
210
212
181
203
204
211
193
202
206
195
210
191
186
204
185
185
181
187
175
191
172
198
180
179
196
189
189
221
191
208
197
254
222
275
247
275
279
270
313
295
290
309
337
307
326
342
371
346
360
362
366
394
379
383
390
375
392
356
318
333
343
295
277
261
269
243
239
219
200
202
224
189
161
142
137
147
125
132
141
125
118
122
136
132
128
154
139
127
133
139
146
125
115
135
110
131
139
109
112
133
127
134
162
125
134
136
148
145
160
152
136
152
173
128
158
152
167
163
171
183
180
209
172
185
192
167
163
180
171
239
208
202
205
204
233
226
259
224
209
195
245
225
215
216
205
214
228
217
195
219
224
191
216
226
192
181
216
207
184
226
194
192
186
197
179
165
160
198
166
172
192
177
176
158
160
148
154
132
168
131
153
138
121
119
135
134
133
138
124
131
128
113
118
107
82
104
112
100
115
76
87
88
88
86
101
100
72
70
83
98
83
97
83
88
78
77
75
75
92
84
83
63
79
78
64
57
63
61
70
63
74
59
66
61
72
65
60
60
71
55
57
76
60
53
56
65
51
53
63
73
53
65
60
62
36
48
54
59
43
63
45
40
63
48
34
46
38
44
44
40
55
49
50
60
46
46
63
33
52
52
40
51
34
45
56
51
35
43
52
45
43
62
55
52
62
61
57
68
56
56
67
66
64
75
60
53
58
72
62
48
65
45
65
50
58
54
57
42
45
51
39
42
57
50
45
38
54
35
45
30
32
40
40
36
32
34
45
37
28
36
31
28
32
36
33
46
32
28
34
36
40
35
34
36
29
32
44
38
47
35
39
38
26
28
37
38
31
35
23
38
32
32
29
31
25
31
37
32
25
38
33
43
31
35
27
33
35
22
26
24
31
25
26
36
30
29
35
25
30
31
32
24
12
39
22
24
22
28
31
19
27
19
29
27
26
20
33
20
30
30
34
28
27
26
21
23
25
24
31
27
21
25
25
33
29
30
26
31
32
27
17
34
21
23
25
21
31
27
22
26
19
25
26
21
26
22
22
25
17
21
15
27
15
17
20
25
21
22
18
18
32
30
32
25
21
31
23
22
28
20
28
26
25
22
19
22
21
17
29
31
24
17
30
25
24
23
25
19
23
23
18
28
24
23
26
11
21
24
27
36
15
31
18
17
19
23
20
20
20
17
21
14
19
13
21
21
21
27
21
23
14
9
19
24
22
22
14
19
26
16
21
26
24
26
14
10
12
19
22
22
24
17
19
14
20
30
16
16
21
20
16
18
20
23
13
18
19
21
20
12
18
17
15
23
11
8
23
17
16
20
22
25
19
18
18
12
18
23
17
17
14
12
15
15
18
15
14
18
14
13
15
13
16
17
19
16
15
12
18
18
10
7
13
13
16
16
9
13
22
17
19
17
12
11
11
17
15
12
12
12
16
12
19
11
15
11
14
15
23
18
9
21
19
16
19
14
18
14
11
15
18
9
14
9
15
13
13
12
14
14
13
20
15
9
16
12
18
18
16
15
13
20
24
22
15
19
11
20
13
13
15
12
13
6
14
13
18
14
16
21
9
12
10
13
16
11
14
16
7
16
17
7
11
11
10
11
11
11
13
10
13
11
19
9
11
13
9
9
9
8
10
16
12
17
11
5
7
13
11
16
14
9
10
9
13
11
9
7
7
11
15
9
10
11
7
9
12
8
15
9
14
8
20
8
18
11
11
11
15
7
11
15
12
11
11
13
13
14
8
10
8
9
4
8
8
8
13
15
13
12
11
12
8
5
12
15
13
7
8
14
19
12
6
8
9
9
9
17
5
15
8
6
9
7
5
6
9
9
13
7
5
12
14
10
8
10
16
10
3
9
12
11
11
13
9
8
9
10
7
11
2
9
9
3
13
7
9
7
1
11
7
9
11
11
7
8
5
5
8
10
9
10
2
6
12
6
7
10
12
4
5
9
6
11
3
12
10
11
8
11
9
3
5
8
5
5
3
12
9
9
4
9
9
8
8
12
5
12
9
8
8
13
12
5
6
9
11
5
3
6
7
6
4
6
7
7
8
8
18
10
9
3
3
7
8
7
6
11
10
9
9
9
9
8
7
5
7
12
6
5
6
12
8
4
8
9
5
8
10
9
4
4
6
5
9
9
7
3
4
7
5
6
9
6
3
3
6
8
11
5
7
3
2
4
5
5
4
6
4
5
2
9
1
7
4
11
1
7
2
8
3
5
11
7
4
10
7
5
5
5
3
8
6
4
5
1
7
2
9
7
4
3
9
6
7
7
7
7
3
10
6
4
7
6
6
5
9
6
2
4
7
5
5
4
4
2
1
5
8
2
8
10
6
7
5
4
1
4
4
2
4
7
4
5
3
2
4
3
3
5
8
8
1
5
5
5
1
4
1
2
5
6
6
1
2
1
3
2
7
1
3
5
2
6
3
4
2
5
2
5
7
4
5
5
6
7
4
2
5
2
4
5
0
2
1
2
6
2
4
3
2
7
4
7
1
0
3
12
6
2
2
3
3
0
0
2
2
3
7
4
6
2
4
4
8
7
7
2
0
2
3
6
1
4
5
4
3
2
2
3
1
3
1
5
4
0
5
3
5
5
3
5
3
1
1
4
2
3
1
3
5
2
3
3
3
5
2
3
5
1
0
4
2
1
4
2
4
4
5
8
3
2
4
0
4
5
3
6
3
4
3
2
2
4
9
1
8
5
3
2
3
3
4
4
1
2
3
3
7
4
3
7
3
4
2
3
3
2
4
4
4
5
5
1
2
1
1
1
3
4
4
2
1
1
2
2
1
1
1
3
5
5
4
2
3
3
1
2
5
2
2
1
0
3
5
3
3
3
0
2
1
4
2
0
2
4
2
2
2
2
2
5
3
3
3
1
2
3
3
1
1
4
1
0
1
3
3
0
2
1
3
1
5
4
2
2
5
3
3
2
1
2
2
2
5
2
1
2
1
1
0
2
0
1
2
3
0
0
3
2
3
1
4
3
7
0
2
2
1
1
1
0
2
0
1
1
0
0
3
1
1
0
0
1
4
1
2
2
2
3
0
0
2
5
2
1
3
1
1
1
2
2
4
2
1
0
0
3
0
1
2
2
2
2
2
1
2
3
2
2
1
0
1
0
2
2
1
1
3
0
2
4
3
2
4
0
3
1
0
1
2
2
1
1
2
1
0
0
1
1
2
2
1
4
0
0
1
1
1
2
0
0
0
1
1
1
0
1
2
1
0
0
1
2
1
0
0
3
1
2
2
3
1
1
0
2
4
2
0
0
0
0
0
2
0
0
1
1
2
0
0
0
1
1
1
1
1
0
0
0
0
3
0
2
1
1
1
1
1
0
0
0
1
2
1
1
0
1
0
0
0
2
2
2
0
1
1
2
2
0
1
1
0
1
0
0
1
1
2
0
3
0
0
0
3
0
0
2
0
1
1
0
0
2
0
1
0
0
1
1
1
1
0
1
2
1
1
1
1
2
1
1
1
0
2
1
0
1
1
1
1
0
2
1
1
1
3
1
0
1
0
3
0
0
1
1
1
0
0
1
1
0
1
0
0
1
1
2
1
0
0
0
0
1
2
1
0
1
1
1
0
1
0
0
2
0
0
1
0
1
1
1
1
0
0
0
0
2
1
1
0
0
1
1
0
2
0
0
1
2
0
2
0
0
0
0
0
0
1
2
0
0
0
0
0
0
0
4
0
0
1
0
0
0
0
1
0
0
0
2
0
3
0
1
0
0
1
0
1
0
1
0
0
2
1
0
0
0
0
0
0
0
0
0
1
0
2
0
0
1
1
0
1
1
0
0
0
0
0
1
1
0
2
0
0
0
0
0
1
1
1
0
0
1
2
0
1
0
0
1
1
1
3
0
0
1
0
1
1
0
0
0
0
0
1
0
0
0
0
0
0
0
1
1
0
1
0
0
0
0
1
0
0
1
0
0
0
0
0
1
0
0
0
0
0
0
0
2
0
0
0
1
0
0
0
2
0
0
1
0
0
0
0
1
1
1
1
0
0
0
0
0
1
0
0
0
1
0
0
0
0
0
1
1
0
0
0
0
1
0
0
0
0
0
1
0
0
0
1
0
0
0
1
0
0
0
2
0
0
0
0
0
0
0
0
2
0
0
0
0
1
1
1
0
0
0
0
1
2
1
0
0
0
0
1
0
2
0
0
2
1
1
0
1
2
0
0
1
0
0
0
1
0
0
1
1
0
0
0
0
1
0
0
0
0
0
0
2
0
1
0
0
1
0
0
0
0
1
1
0
0
1
0
0
0
0
0
0
0
0
0
0
1
0
0
0
0
0
0
0
0
1
0
0
0
0
2
1
0
1
1
0
0
0
1
0
0
0
1
0
0
0
1
0
0
1
0
0
0
1
0
0
0
0
0
1
0
0
0
0
0
0
0
0
0
0
0
0
0
0
0
0
0
0
0
0
0
0
0
0
0
0
0
1
1
0
0
0
0
2
0
1
0
0
0
0
0
1
0
0
0
1
0
0
0
1
0
1
0
0
0
0
0
0
0
0
0
0
0
0
0
0
0
0
0
0
0
0
0
0
0
0
0
0
0
1
0
0
0
0
0
0
0
0
