0
0
0
0
0
0
0
0
0
0
0
0
0
0
0
0
0
0
0
0
0
0
0
0
0
0
0
0
0
0
0
0
0
0
0
0
0
0
0
0
0
0
0
0
0
0
0
0
0
0
0
0
0
0
0
0
0
0
0
0
0
0
0
0
0
0
0
0
1
1
1
1
0
5
3
1
2
5
1
3
4
2
6
41
127
383
947
2246
5033
9610
17222
27779
40812
54564
65920
73326
73266
66212
54988
41106
28002
17131
9922
5057
2333
964
380
171
51
18
7
2
1
1
2
0
1
2
0
3
0
0
0
0
0
0
0
0
0
0
0
7
52
48
45
48
55
43
51
36
50
45
43
29
41
34
34
47
51
42
40
44
38
38
42
47
39
44
31
35
37
36
31
32
49
37
36
41
39
35
40
42
37
34
41
28
42
28
27
30
36
37
41
35
38
38
42
36
39
43
39
42
40
43
43
40
47
39
58
54
63
61
94
99
135
143
174
163
137
158
154
120
114
101
83
84
65
52
48
59
38
41
45
32
39
55
36
48
47
37
45
45
49
48
53
35
51
61
73
69
69
71
80
93
88
81
93
118
130
134
147
132
134
154
176
195
237
382
667
1072
1734
2941
4753
7028
10231
13808
17530
21895
25114
27418
28580
28092
26200
23035
19438
15751
12140
8882
6473
4665
3285
2259
1618
1260
892
686
506
404
328
342
370
394
503
651
757
938
1018
1052
1018
1060
882
791
660
520
412
318
205
183
128
137
92
80
65
43
53
43
42
35
20
22
17
11
10
5
14
7
6
9
11
7
4
10
7
6
11
7
8
9
9
7
1
8
12
6
4
8
9
8
5
10
6
14
15
8
10
11
6
11
18
17
22
17
23
22
28
36
31
23
23
22
22
19
19
11
13
21
16
18
21
22
28
16
14
10
11
15
20
22
17
19
16
16
8
21
17
7
11
14
6
11
8
10
12
4
4
6
1
8
3
5
6
7
8
6
6
6
6
5
2
10
4
7
6
7
3
5
4
9
8
3
5
10
8
10
9
9
16
23
10
19
11
16
27
13
20
32
19
20
17
24
12
11
10
11
8
8
5
8
11
3
9
12
10
12
8
21
7
12
8
9
7
9
8
8
8
7
11
6
9
8
8
4
5
3
4
3
3
6
4
7
7
3
11
8
14
6
6
2
5
8
4
2
4
6
8
9
6
3
7
6
4
5
4
5
7
4
5
3
6
5
5
6
7
1
5
8
1
5
6
2
4
8
1
6
3
6
3
4
5
5
10
3
6
6
7
6
9
6
7
4
6
6
7
5
9
11
5
7
10
6
9
8
1
7
8
4
10
7
8
12
7
10
9
2
3
2
7
5
5
6
7
10
12
6
9
4
11
6
5
11
9
7
9
8
7
11
6
9
7
6
6
10
5
8
11
12
9
7
16
16
13
7
10
7
6
7
15
8
9
8
13
8
10
13
7
11
4
9
12
9
5
11
14
12
9
15
16
8
11
3
13
14
11
10
15
16
6
7
15
12
17
19
11
9
13
17
14
22
23
14
22
19
13
26
15
23
19
23
24
22
21
19
25
18
23
27
22
24
19
26
19
26
32
23
21
17
24
30
32
19
18
19
26
24
17
25
20
15
22
22
20
19
22
14
19
14
21
19
25
16
20
20
21
21
15
21
25
22
13
21
25
14
23
18
19
21
25
18
15
16
16
32
22
23
21
24
26
35
31
16
31
24
16
20
16
24
23
27
31
26
18
23
20
37
21
25
18
29
22
26
34
24
27
25
28
36
34
27
27
30
29
26
40
36
38
41
34
25
32
33
35
36
29
46
32
46
35
23
39
34
45
26
43
49
42
40
49
43
35
32
45
46
33
52
53
54
44
53
54
52
53
43
62
44
47
62
53
57
69
66
62
60
74
76
77
63
66
80
95
76
88
108
97
103
108
138
146
115
136
136
146
151
153
154
170
149
129
124
139
145
134
104
124
107
90
110
106
92
88
87
94
89
69
83
93
81
87
75
72
74
81
78
92
90
79
78
75
70
87
77
70
92
80
75
90
80
80
76
83
88
77
84
96
74
75
77
83
69
76
86
71
68
80
89
93
67
69
91
87
83
77
59
77
62
65
63
80
69
65
78
80
67
84
71
76
73
100
71
90
63
91
63
84
80
68
69
67
91
86
65
87
57
78
53
77
71
70
84
80
85
61
76
72
60
78
86
79
71
98
70
95
83
69
89
66
78
72
84
79
77
88
63
84
70
72
80
72
89
64
91
76
89
87
76
74
84
91
81
86
91
91
95
90
90
104
82
87
101
121
121
136
150
179
239
275
337
422
475
585
704
861
1027
1162
1324
1414
1569
1682
1825
1971
2002
1959
1975
2046
1806
1722
1623
1493
1349
1193
1069
889
743
571
522
423
338
261
233
181
174
152
151
152
112
124
100
120
128
106
97
117
110
129
83
103
85
108
124
129
113
111
90
113
109
119
130
125
100
94
116
104
120
118
132
116
102
113
118
117
116
127
116
111
118
117
132
125
113
117
113
133
123
101
110
115
125
129
119
105
127
127
130
131
136
137
146
159
170
152
191
208
212
223
213
261
298
294
292
330
358
379
317
360
415
381
359
335
332
303
309
266
265
239
219
196
174
180
176
150
161
137
168
137
139
121
140
145
127
141
138
152
133
128
133
147
141
125
155
147
140
146
127
155
134
145
154
151
137
130
139
164
145
171
179
164
138
144
146
135
156
168
159
167
166
176
178
181
181
172
150
176
156
172
178
171
185
180
158
163
185
173
182
192
183
185
183
171
196
216
196
200
202
198
193
201
202
203
207
213
218
220
218
224
233
219
207
211
228
225
245
234
226
257
234
250
256
231
259
264
267
256
274
272
286
286
276
244
259
277
242
289
284
276
273
272
277
275
270
269
276
269
307
256
288
258
257
251
255
244
252
239
267
271
263
243
253
244
235
283
215
243
271
235
228
267
233
237
219
237
219
224
212
196
197
197
187
203
207
212
178
180
184
178
169
170
179
150
147
157
187
165
156
150
147
171
150
153
130
168
180
165
161
147
158
172
166
169
161
164
158
179
177
148
162
133
149
160
171
147
155
168
174
172
159
153
185
183
191
186
159
185
166
191
170
174
168
161
175
180
218
185
212
179
167
194
211
195
186
187
194
176
200
215
184
187
220
196
185
218
228
183
217
196
197
215
201
206
208
212
189
208
223
207
186
206
192
192
199
215
213
217
215
201
201
215
209
200
204
210
228
197
185
196
198
191
219
197
193
179
171
186
197
192
189
188
184
199
185
212
198
169
170
188
168
181
190
161
190
182
184
189
180
194
181
189
178
159
170
169
192
177
172
179
190
148
184
177
190
178
169
161
157
164
182
159
183
165
175
158
173
167
143
145
154
180
160
163
138
174
177
170
173
199
170
161
177
173
149
169
180
168
168
170
180
182
172
180
193
179
175
161
185
172
142
167
173
180
187
168
214
158
199
187
189
159
184
170
188
198
185
171
174
165
188
199
181
183
175
193
194
197
183
152
187
165
170
183
189
207
191
190
187
194
191
199
188
179
188
167
172
193
187
191
172
214
187
210
184
184
180
188
201
197
185
212
173
190
176
187
179
206
198
223
185
209
219
215
199
211
199
237
214
186
181
219
234
212
200
191
198
193
204
225
195
229
180
224
212
212
198
171
233
216
198
186
225
203
220
210
203
203
203
243
194
205
211
205
223
203
220
216
235
218
205
206
233
194
217
217
212
226
225
182
214
216
232
213
224
214
226
200
209
220
209
204
195
205
172
213
220
194
202
186
210
203
231
187
188
207
209
189
197
208
183
211
224
216
200
189
208
154
176
216
207
202
187
188
201
194
184
173
194
187
206
164
184
203
196
217
185
164
177
184
186
200
197
173
192
175
170
190
176
170
175
204
175
188
187
191
171
191
184
202
176
186
185
177
191
209
194
200
166
207
184
176
185
172
186
153
177
193
182
190
170
207
183
187
189
198
201
182
188
201
189
184
193
208
186
181
186
194
185
186
177
193
208
187
198
184
230
192
184
208
181
170
170
195
171
178
203
175
191
178
181
187
218
165
211
181
176
197
186
170
192
195
194
189
174
201
201
188
181
193
181
197
182
185
190
218
177
201
169
180
183
177
190
194
185
215
221
194
183
197
216
163
176
180
187
180
166
185
188
180
157
202
176
215
174
195
198
212
181
167
193
217
191
183
199
198
196
198
193
191
210
206
195
168
177
198
198
209
205
171
203
210
193
203
199
221
217
224
212
240
208
205
204
230
220
218
213
227
221
238
225
204
226
212
223
225
211
221
208
250
216
234
224
244
222
217
237
235
249
232
220
243
241
253
263
257
264
246
238
266
261
261
263
276
257
261
272
281
253
262
271
283
286
267
276
290
307
302
307
331
337
325
363
362
321
330
344
347
341
373
367
360
403
398
394
389
400
386
440
452
455
460
470
482
482
530
556
589
565
586
603
682
650
712
674
651
712
708
763
784
795
797
884
814
910
929
914
943
980
1031
1017
1021
1005
1087
1035
1134
1136
1176
1165
1166
1118
1138
1122
1200
1159
1187
1220
1080
1110
1181
1113
1071
1134
1128
1070
1045
1079
944
987
986
909
924
945
858
823
807
796
855
759
750
693
697
655
663
646
608
559
585
538
545
509
491
465
452
437
403
406
408
374
389
381
304
356
342
362
338
297
293
300
295
285
298
284
306
258
251
235
261
249
257
248
247
260
239
228
223
256
222
221
204
248
227
239
217
178
205
202
187
188
185
163
189
184
192
173
200
198
193
204
197
189
195
191
217
197
200
194
221
262
233
218
248
268
266
298
313
300
353
286
381
385
339
378
375
383
445
457
400
430
428
427
398
436
414
389
406
357
424
370
337
324
314
315
291
262
234
251
211
218
203
196
187
177
154
131
141
145
136
128
147
130
135
122
135
124
133
134
127
134
123
160
129
106
132
113
132
137
144
138
148
131
142
130
118
147
157
121
147
133
135
161
163
163
156
157
187
177
164
180
215
161
161
208
196
193
188
197
178
203
201
185
207
195
202
230
191
225
200
203
229
202
207
241
212
230
212
222
215
228
225
195
211
181
191
213
211
219
220
204
188
213
199
182
189
177
177
183
182
172
159
163
163
164
168
135
157
150
153
160
154
148
126
134
135
121
117
129
130
123
122
119
124
114
110
127
112
83
116
96
83
107
97
93
99
67
104
65
74
76
103
83
91
79
82
89
71
77
66
84
64
60
61
64
61
53
66
76
75
55
66
55
77
64
64
67
56
72
58
51
64
59
57
51
65
46
59
67
81
48
50
60
57
51
50
49
61
59
45
46
50
47
62
37
50
44
47
52
45
38
46
44
46
37
45
50
32
49
41
38
53
43
58
50
42
52
50
48
60
59
51
51
47
52
60
58
52
70
48
65
67
63
81
78
56
43
69
64
78
62
66
57
63
77
53
59
67
56
47
50
46
60
40
40
41
41
38
40
49
45
25
35
34
39
44
36
36
32
36
29
40
54
43
48
29
45
36
38
39
47
40
36
42
34
38
37
38
39
39
36
25
27
38
27
30
39
27
35
38
32
44
41
29
31
37
23
29
37
26
37
20
22
42
28
30
34
25
25
28
27
29
27
27
24
27
27
29
35
26
24
31
43
19
35
33
31
26
30
29
39
29
36
34
24
28
33
27
30
25
33
27
34
19
26
22
29
23
23
22
29
19
22
28
29
27
19
24
26
24
19
26
22
26
26
27
24
22
23
29
22
27
24
19
30
22
22
28
28
37
26
17
23
26
32
30
23
42
27
27
18
22
29
25
36
36
24
30
26
23
30
25
25
22
26
23
23
21
26
20
28
28
28
24
22
27
29
28
25
26
21
27
22
16
27
19
21
21
17
21
21
22
28
27
23
26
25
15
14
18
18
28
22
19
15
24
22
20
22
19
24
26
16
26
24
23
17
25
30
19
24
14
21
15
24
22
13
27
16
26
21
17
19
16
12
25
22
16
19
19
21
24
16
21
16
24
15
18
18
22
21
12
22
19
28
23
19
18
12
17
21
9
25
20
22
23
20
17
14
14
21
18
17
10
15
15
18
22
16
12
22
14
8
23
16
14
13
17
14
17
16
16
13
12
15
11
12
17
20
11
14
11
17
20
15
13
24
26
14
10
14
10
16
19
11
18
15
21
14
15
15
17
15
18
17
19
15
16
15
19
9
12
12
8
8
15
14
21
10
12
19
11
16
17
11
8
18
11
12
17
9
12
10
15
12
11
11
9
6
17
10
16
3
16
12
11
15
22
13
10
17
15
15
10
13
9
11
15
19
13
13
13
14
11
11
12
11
10
7
8
6
10
13
13
13
13
11
11
16
18
10
14
16
15
16
16
13
11
8
9
12
10
14
7
7
10
8
16
9
11
7
12
5
16
5
11
8
9
15
15
14
13
7
13
7
19
19
6
12
17
11
14
12
6
18
7
8
10
17
8
9
21
13
10
9
6
13
9
10
12
12
14
3
11
11
9
13
10
10
10
10
9
9
11
10
10
13
8
12
9
16
13
8
8
11
7
8
8
14
10
12
4
7
12
16
12
11
7
5
9
7
10
4
12
9
8
11
13
12
12
6
7
4
6
4
13
6
10
10
10
8
10
10
7
8
9
9
7
13
8
7
10
8
11
5
11
13
14
8
11
9
6
7
8
6
14
8
11
8
7
8
6
8
9
10
7
8
9
10
7
8
5
10
8
11
7
6
5
3
12
6
5
6
9
14
4
9
7
8
5
9
8
9
8
1
5
9
5
8
6
10
8
11
6
4
4
10
4
8
5
3
10
8
7
7
7
3
5
5
5
6
8
9
10
5
2
6
9
6
7
7
8
8
5
9
8
4
9
5
5
6
10
5
9
4
8
6
7
5
6
9
2
5
6
3
4
10
6
4
3
4
9
6
8
8
7
7
7
7
6
7
8
4
6
4
8
13
4
4
3
10
4
8
6
5
9
1
6
9
7
4
9
5
7
5
4
10
6
5
7
4
7
6
3
4
3
10
8
5
7
6
4
5
5
4
8
1
10
6
4
4
4
11
4
1
4
6
4
4
7
4
4
4
4
5
7
4
9
4
3
5
4
3
4
1
7
3
8
2
2
5
5
2
3
3
5
1
6
8
3
0
3
5
6
8
4
4
4
3
5
4
6
5
1
8
2
3
7
2
9
5
6
4
3
3
2
8
3
4
3
0
4
4
11
3
5
1
6
3
3
3
3
5
2
3
6
6
4
6
1
3
6
1
4
3
5
7
4
7
1
5
2
4
5
3
4
6
5
3
1
3
2
4
2
2
3
2
3
4
1
0
5
3
3
2
3
4
0
3
2
3
4
2
6
4
3
3
1
3
2
3
4
1
3
3
3
3
2
2
1
2
2
9
3
6
4
4
4
2
1
2
4
4
6
2
3
3
2
2
5
4
5
3
1
5
5
3
4
5
1
3
2
1
2
7
3
1
4
0
1
3
1
2
2
3
3
4
2
3
1
2
4
1
1
5
2
3
1
1
4
1
5
3
3
2
2
3
0
3
3
3
3
3
3
3
0
2
3
2
3
3
2
3
4
2
1
1
2
4
5
2
3
1
1
3
4
2
0
3
3
0
2
2
4
2
2
2
1
3
3
1
2
1
2
2
1
0
0
3
3
1
3
0
1
2
0
2
4
3
1
3
1
5
0
3
0
0
1
1
0
0
3
2
1
3
2
2
2
1
3
3
2
4
2
0
1
0
4
1
1
2
3
3
1
5
1
4
0
1
1
0
0
1
3
0
3
4
1
0
3
2
2
2
3
1
2
1
3
4
0
0
0
0
2
2
0
3
0
1
1
1
4
0
2
3
5
0
2
2
0
3
1
1
1
0
1
2
0
1
2
1
1
3
0
1
3
0
1
1
3
4
0
1
1
0
1
2
0
1
1
3
0
1
2
1
3
0
2
0
0
0
0
2
0
2
3
1
3
1
1
2
0
0
0
3
0
0
1
2
1
1
1
2
0
1
1
1
1
0
1
2
1
2
0
1
1
0
0
1
1
2
2
1
2
0
3
3
1
1
2
0
0
1
0
2
1
2
0
1
2
0
1
3
1
1
3
0
2
2
2
1
2
0
2
1
1
0
1
3
1
0
2
1
0
1
1
1
1
2
2
1
2
1
0
2
3
2
1
2
1
1
0
0
0
1
1
1
1
0
1
0
1
1
1
0
2
0
1
0
1
0
0
1
0
0
1
0
0
2
0
1
1
0
3
0
1
1
1
0
1
3
0
1
0
0
0
0
1
1
3
1
0
2
0
1
0
0
2
1
1
1
0
1
1
0
2
0
0
0
3
0
1
1
0
0
1
2
1
0
0
0
0
1
0
0
0
0
0
1
1
0
0
1
2
1
3
2
2
1
0
2
1
1
0
1
0
2
0
0
2
1
2
0
1
0
1
0
0
2
0
0
1
0
2
0
0
1
1
0
0
1
0
4
0
0
0
0
1
0
2
0
1
2
0
1
1
0
0
1
1
0
1
0
0
0
0
0
1
3
0
0
0
1
0
0
1
0
0
1
0
0
0
0
1
0
1
0
2
0
1
0
0
0
0
1
0
0
2
0
1
0
0
0
0
1
1
0
1
1
1
0
1
0
0
0
0
0
0
1
0
0
1
1
1
0
0
0
1
0
0
0
0
0
2
0
0
1
0
0
0
0
0
0
1
0
0
0
0
0
0
1
0
0
0
0
0
0
0
0
1
0
0
0
0
3
0
0
0
0
0
0
0
0
2
1
0
1
0
0
0
0
0
0
0
0
0
0
0
1
0
0
0
0
0
0
0
0
0
0
0
0
2
1
0
0
1
1
3
0
1
0
2
0
0
1
0
1
0
0
0
0
1
1
1
0
1
0
0
0
0
0
0
1
1
0
0
0
1
0
0
0
1
2
0
1
0
0
0
0
1
0
0
0
2
1
0
0
0
0
0
0
0
0
1
1
0
0
0
0
0
1
1
0
0
0
1
0
1
0
0
0
0
0
0
0
1
0
0
1
0
0
0
0
0
1
1
0
0
0
1
0
0
0
0
0
0
0
0
0
0
0
0
0
0
0
0
0
0
0
0
0
0
0
0
0
0
0
0
0
0
0
0
0
0
0
0
0
0
0
0
0
0
0
0
0
0
0
0
0
0
0
0
0
0
0
0
1
2
0
0
0
0
1
0
0
0
0
0
1
0
0
1
0
0
0
0
0
1
1
0
0
0
0
0
0
0
0
0
0
0
0
0
0
0
1
0
2
0
0
1
0
0
0
0
0
0
0
1
0
2
0
1
0
1
0
