0
0
0
0
0
0
0
0
0
0
0
0
0
0
0
0
0
0
0
0
0
0
0
0
0
0
0
0
0
0
0
0
0
0
0
0
0
0
0
0
0
0
0
0
0
0
0
0
0
0
0
0
0
0
0
0
0
0
0
0
0
0
1
1
1
1
1
3
1
0
1
2
2
1
2
0
2
5
4
5
3
7
20
38
124
343
918
2233
4981
9270
16940
27576
40656
54594
66148
73397
73469
66238
55282
41257
28476
17278
9780
5037
2313
1034
337
125
55
21
5
2
0
0
0
3
2
1
1
0
0
1
1
4
0
0
0
0
0
0
1
6
50
46
46
45
44
39
38
32
51
46
35
45
46
50
47
43
46
38
41
35
47
41
42
43
37
46
38
44
34
41
32
44
36
42
31
45
39
43
26
34
39
33
44
44
47
38
50
40
45
34
42
43
33
44
45
40
42
39
44
37
51
53
50
49
52
48
51
69
70
82
92
115
126
143
150
172
146
167
144
132
129
85
80
71
56
47
50
40
44
49
38
37
36
43
36
43
55
50
55
48
50
58
54
66
55
52
65
75
66
92
82
80
113
93
124
121
150
122
170
165
182
182
239
272
361
489
738
1221
1994
3189
4812
7237
10450
14100
18140
22427
26121
28852
29565
29353
27363
24260
20429
16430
12632
9182
6787
4889
3331
2484
1763
1331
1059
771
576
488
361
333
415
502
548
661
796
915
979
1052
1071
917
916
781
661
522
406
283
186
168
123
103
87
78
72
55
44
43
49
24
18
24
16
15
15
6
5
10
10
9
6
6
10
5
13
8
3
7
15
10
11
8
6
8
5
7
9
4
9
8
13
6
8
9
9
8
6
12
11
14
8
6
18
14
22
24
19
23
23
31
25
25
22
19
11
19
11
22
15
19
22
13
20
11
19
14
24
34
22
23
14
19
14
21
23
19
16
19
19
15
18
9
8
7
8
4
6
4
7
6
7
4
5
2
5
4
8
6
5
2
3
0
3
7
6
6
4
4
6
8
7
2
5
4
16
8
12
11
19
18
16
12
15
21
25
28
23
17
15
23
21
19
14
18
16
12
11
12
5
6
11
7
14
10
7
5
10
9
19
18
15
13
6
13
10
14
12
6
6
6
5
4
2
2
7
4
5
1
7
4
10
5
5
1
3
7
5
9
4
6
9
7
6
12
15
3
7
7
4
6
4
2
6
9
8
10
5
6
2
4
8
4
6
9
4
7
9
4
5
6
7
3
8
5
6
6
6
5
10
5
10
7
6
6
4
6
8
7
3
12
6
6
7
9
7
8
5
5
7
3
4
5
8
6
9
8
7
4
5
7
3
9
8
4
7
5
7
7
6
6
7
3
6
10
8
8
10
11
6
7
7
5
2
5
8
5
9
9
9
9
10
11
11
8
5
7
9
13
7
5
14
12
11
8
9
6
10
14
10
13
5
12
11
8
8
9
11
9
11
7
10
10
12
12
8
11
10
11
7
12
12
9
6
12
9
15
12
11
6
13
19
12
10
13
12
11
14
12
16
16
13
11
17
15
24
14
25
19
21
13
12
16
17
19
20
14
13
22
9
11
16
18
17
12
16
20
12
7
16
23
22
11
13
20
13
24
8
22
14
16
8
11
22
23
10
16
28
21
23
21
21
28
17
27
20
17
19
23
28
22
26
21
18
19
15
22
17
17
18
25
20
25
30
36
30
26
21
21
28
28
30
30
24
29
36
31
33
36
27
26
28
25
33
19
37
21
28
24
36
32
28
22
46
35
33
34
33
26
42
34
29
36
28
38
34
41
37
39
41
33
39
41
31
36
41
53
43
41
41
54
45
44
50
44
47
53
40
58
50
40
43
62
54
42
40
58
46
47
59
51
60
52
64
52
53
61
61
53
61
62
79
55
66
79
73
57
71
69
62
65
88
80
67
83
71
75
77
94
80
102
93
93
71
84
105
91
99
94
96
86
115
100
83
92
112
102
99
96
90
77
101
90
85
83
78
81
87
87
79
98
82
68
81
74
81
79
90
74
85
70
66
84
71
82
77
62
55
71
89
71
72
69
58
75
72
64
58
74
65
71
73
61
75
80
74
64
67
62
60
56
79
64
73
68
79
62
60
59
60
69
59
73
51
78
75
69
75
62
64
72
63
58
53
66
72
52
67
59
71
70
72
55
68
82
61
52
61
68
64
75
76
69
71
70
69
78
76
73
65
59
60
60
77
71
66
89
88
82
80
72
72
64
81
76
84
72
64
79
82
77
85
76
67
74
78
82
72
107
79
82
82
84
86
77
108
79
90
87
90
101
111
107
130
146
157
229
240
295
336
457
569
695
807
925
1131
1278
1426
1583
1771
1852
2036
2106
2047
2130
2081
1956
1825
1654
1498
1369
1201
1019
900
787
626
559
430
378
278
225
211
152
153
133
106
108
104
104
97
105
96
103
87
93
97
79
100
97
81
98
89
91
115
79
103
105
89
97
96
99
95
115
84
115
106
95
97
112
117
109
110
101
99
104
107
108
113
98
96
85
115
121
119
107
104
120
97
118
101
108
121
118
126
99
103
117
130
135
134
142
157
156
170
189
207
245
244
284
304
305
335
372
384
396
371
376
387
397
342
341
325
295
297
287
247
205
192
207
177
171
150
143
145
141
136
142
138
124
137
135
145
137
154
144
150
153
146
162
136
161
161
148
155
161
172
147
175
159
175
161
148
141
163
159
172
154
170
185
162
167
154
170
169
175
196
191
169
206
180
194
171
210
207
203
220
223
187
208
217
203
202
203
232
209
238
221
224
215
212
251
261
268
240
266
236
244
268
256
245
279
223
300
244
278
247
262
248
296
262
243
237
230
269
269
245
269
247
240
241
283
215
234
260
220
221
241
220
227
221
204
231
200
199
221
230
195
222
183
185
201
154
192
200
183
169
195
159
175
176
170
173
187
165
178
158
175
187
160
166
172
139
150
170
163
142
162
163
159
143
159
148
153
157
164
190
140
160
138
151
144
153
149
153
147
153
172
137
172
128
156
152
142
137
177
137
162
138
155
164
157
166
152
142
150
162
126
164
165
164
158
166
162
151
156
148
179
142
151
166
129
165
160
146
155
157
178
173
154
158
147
135
153
159
139
142
160
173
156
129
166
161
157
154
161
142
140
180
163
150
156
190
157
169
159
153
148
166
171
169
167
176
175
161
138
156
176
151
171
154
148
166
172
156
171
154
167
174
156
170
175
156
184
163
188
189
172
177
182
155
187
175
165
214
173
173
158
177
168
183
171
194
192
200
202
194
179
160
182
197
206
184
171
194
199
217
188
211
206
183
179
196
187
202
181
182
180
187
195
221
189
193
169
217
188
202
234
211
195
195
179
217
200
185
193
174
188
196
184
176
185
180
176
200
164
200
230
201
188
179
172
200
183
210
220
197
174
211
186
213
185
192
183
183
190
213
178
198
202
196
188
191
204
197
207
176
198
215
199
203
207
201
195
206
224
233
202
227
220
232
214
221
220
254
207
241
224
217
214
227
201
253
244
225
250
203
226
223
216
224
242
256
227
218
227
248
246
253
260
238
245
254
223
251
252
266
228
262
263
240
261
268
243
246
270
250
227
264
258
269
264
263
235
251
245
232
248
264
244
229
237
233
241
225
242
241
228
256
216
223
229
243
234
252
227
203
209
250
232
247
219
207
221
217
211
204
184
233
255
228
220
192
210
241
208
204
211
202
210
213
213
202
204
194
217
195
201
211
202
199
222
219
215
202
194
215
225
183
202
218
198
218
204
226
212
239
222
212
209
198
178
234
218
191
205
182
182
195
204
214
216
183
176
181
198
194
218
183
202
198
213
191
185
220
212
196
187
214
183
178
207
198
188
174
230
210
202
203
208
173
210
199
172
210
181
181
192
205
207
239
178
230
181
201
182
219
188
191
200
217
208
183
198
199
204
186
198
200
178
204
200
197
188
188
223
164
185
203
191
194
212
163
191
210
176
206
189
181
193
223
207
196
217
195
197
214
189
224
170
217
179
198
224
213
188
195
195
170
197
194
187
222
202
209
184
203
228
201
203
202
207
210
201
188
177
223
181
187
174
218
225
210
225
231
197
190
206
188
203
212
218
197
190
197
200
183
212
211
235
207
209
186
209
174
208
207
214
221
208
226
191
187
206
217
230
216
177
189
195
165
245
210
227
225
203
202
231
205
192
214
213
190
205
212
206
214
222
209
212
209
232
203
240
216
230
194
198
204
208
207
222
207
223
203
233
234
240
268
243
249
195
232
222
234
232
227
217
223
230
215
194
252
220
246
245
234
257
225
247
248
250
219
239
250
254
255
263
233
211
249
252
267
269
255
245
246
276
266
280
275
275
284
267
265
278
258
295
286
290
308
302
328
322
348
322
322
331
292
307
308
324
341
304
347
322
368
342
373
363
361
359
354
378
383
361
451
397
392
411
424
420
428
458
479
469
483
536
471
532
564
589
539
579
534
616
645
670
695
701
678
721
739
788
774
789
886
840
876
955
911
909
954
1019
1046
1092
1122
1085
1074
1095
1207
1185
1232
1191
1250
1141
1248
1151
1149
1210
1240
1217
1193
1253
1162
1211
1175
1093
1148
1069
1119
1095
1078
1114
1019
1074
1001
944
969
961
919
908
902
840
784
795
771
712
662
672
654
648
624
615
628
575
557
492
482
531
445
481
447
446
451
382
368
394
356
402
342
346
329
343
350
319
290
328
300
277
275
292
296
304
272
236
223
259
253
260
275
239
232
218
251
240
225
185
243
201
228
210
207
213
205
224
215
188
192
187
173
212
184
178
195
183
193
202
185
190
201
200
195
201
213
232
224
233
234
266
265
274
259
320
293
317
327
324
338
356
359
349
410
375
353
378
401
409
372
388
368
355
358
353
378
320
318
300
312
324
278
256
258
204
250
186
200
191
163
179
150
146
150
136
143
144
121
121
154
121
135
149
147
121
117
135
143
143
127
114
135
123
121
122
155
148
163
166
145
158
153
129
142
183
149
148
152
160
161
178
185
171
185
155
196
199
183
159
185
188
172
179
175
211
185
189
207
202
206
239
230
185
184
218
214
232
198
202
224
229
236
217
207
237
231
214
226
221
221
192
210
224
183
198
192
224
191
185
182
188
208
202
173
174
171
152
172
181
167
159
179
172
139
153
151
139
165
151
126
150
129
148
127
117
101
121
120
108
106
114
125
115
116
102
111
90
98
102
92
90
93
98
97
87
95
90
83
82
96
87
87
75
71
74
72
77
66
82
66
74
78
86
73
67
66
59
56
54
70
75
81
61
64
61
80
58
50
67
61
60
58
63
54
54
49
47
62
48
45
53
51
52
57
63
45
48
49
41
53
59
60
57
54
48
49
46
45
41
41
48
57
52
35
59
36
58
37
47
50
42
56
38
55
44
56
40
58
62
57
64
54
54
59
70
65
61
68
64
82
67
63
72
65
77
76
55
70
60
49
52
62
51
59
54
50
33
60
57
37
46
55
43
32
48
37
42
39
38
34
32
38
43
45
42
34
40
36
43
46
36
31
35
33
27
34
43
29
38
31
25
48
38
35
35
35
33
44
35
43
35
36
29
38
35
50
35
39
34
36
35
27
21
36
44
22
40
29
28
31
36
23
28
38
37
21
22
24
35
35
36
37
25
25
24
24
27
28
35
31
25
26
22
26
31
17
21
31
26
29
20
28
21
27
32
21
34
23
31
30
28
29
32
27
26
26
31
32
26
25
31
29
20
20
22
21
28
30
26
28
22
25
26
33
30
35
24
26
18
24
31
25
27
19
21
20
23
27
25
20
22
28
25
31
25
29
30
22
21
20
23
23
17
27
20
21
15
23
25
18
21
24
31
27
17
24
29
22
25
16
21
22
23
28
20
24
23
19
21
28
28
20
18
22
21
13
26
26
26
28
21
23
25
22
22
26
22
15
17
15
31
16
24
22
26
23
22
23
23
23
18
16
23
14
25
14
14
16
24
29
15
25
12
14
25
23
25
18
29
17
21
22
16
15
24
15
16
22
26
19
27
20
15
18
19
17
22
19
17
21
12
28
17
12
27
14
11
17
19
21
19
19
22
14
19
11
21
21
26
20
24
10
21
23
14
20
19
11
21
13
20
14
11
16
14
17
11
6
18
14
14
13
22
18
15
11
17
19
17
18
6
10
19
16
16
15
19
14
13
14
14
10
9
15
15
18
10
14
9
18
13
20
17
16
20
12
14
8
21
13
11
17
17
15
21
14
14
14
10
19
10
18
18
9
15
8
15
15
13
15
14
12
13
15
16
10
8
23
13
17
9
19
10
18
18
10
13
15
18
15
9
9
14
12
13
9
7
15
15
11
11
15
16
14
11
14
10
13
11
12
14
12
14
5
8
14
10
16
21
17
14
8
12
15
9
12
6
9
13
14
12
14
11
7
11
15
12
11
11
13
14
20
14
8
5
11
11
10
12
12
5
12
7
9
7
15
13
14
15
11
8
9
11
9
15
8
14
11
13
7
4
9
14
12
10
14
13
5
6
13
7
12
5
6
13
10
8
6
12
15
7
10
12
13
7
14
14
9
8
13
11
5
12
10
6
11
10
14
5
9
13
6
11
9
7
12
10
12
9
11
13
7
8
11
8
8
11
8
7
4
8
7
7
14
11
12
8
8
12
10
10
9
12
7
4
10
8
10
8
5
12
16
11
12
10
14
9
3
6
10
4
4
7
13
8
11
12
3
6
11
1
13
5
9
7
8
10
13
6
6
9
12
7
7
7
10
6
9
10
7
9
5
6
4
10
4
5
4
3
12
7
11
3
6
4
5
4
6
12
8
6
11
6
13
4
8
5
8
2
6
6
3
9
4
6
5
8
4
8
3
5
2
6
1
3
4
8
14
5
5
9
8
2
9
6
7
4
5
6
4
6
3
1
11
3
8
7
4
2
6
4
5
8
8
6
5
6
12
5
4
5
5
6
7
6
5
5
8
6
5
6
7
7
5
9
7
10
2
7
4
6
9
5
6
7
5
4
4
8
6
4
4
8
6
5
6
4
8
8
8
3
1
3
6
4
6
8
6
8
6
3
6
6
6
3
8
6
5
5
6
6
1
4
4
3
9
4
8
2
8
4
1
5
7
5
4
2
5
6
5
2
12
2
5
5
3
6
5
5
3
5
6
5
2
3
8
3
1
4
2
6
2
4
3
3
3
3
2
4
2
8
9
6
4
10
4
5
5
5
6
6
3
2
3
2
5
5
1
5
6
3
2
3
8
4
4
5
3
10
3
1
6
5
1
2
3
7
1
2
1
1
4
3
4
3
1
3
3
4
1
4
3
4
3
3
1
4
3
2
6
1
3
7
4
3
5
3
4
1
3
4
2
4
7
3
2
5
2
1
3
3
4
4
2
3
6
4
2
4
1
4
4
3
4
3
1
6
7
1
3
4
1
2
2
3
5
7
4
5
3
3
1
3
3
0
1
3
3
2
3
4
2
3
2
3
6
2
1
3
5
2
1
3
5
4
5
3
1
1
4
2
6
4
3
1
1
2
0
2
1
0
0
2
0
7
2
1
2
1
0
5
8
1
3
4
7
0
4
6
3
4
0
2
1
7
3
2
1
2
4
1
0
3
0
1
2
0
2
2
4
4
2
3
1
2
1
4
1
0
1
1
3
3
4
4
3
1
4
3
5
2
2
4
6
3
2
2
1
2
4
3
1
2
3
4
4
1
2
1
1
2
1
3
3
1
3
5
2
3
1
1
2
3
4
3
2
2
2
1
0
3
2
2
4
1
2
2
3
1
2
1
1
2
3
1
0
1
1
3
0
3
2
2
2
3
0
0
1
2
2
0
1
1
1
1
3
3
2
1
2
1
2
1
1
0
0
2
1
2
1
2
5
1
5
2
1
4
1
4
1
2
1
0
0
4
2
2
2
1
2
1
1
1
1
2
1
3
0
0
0
1
4
1
1
2
3
2
3
2
2
0
1
2
1
1
1
1
0
1
1
0
1
0
2
0
2
0
2
2
0
1
2
0
4
3
1
2
0
0
0
0
0
1
0
2
0
2
2
1
0
1
2
1
1
0
0
0
0
2
1
2
0
0
2
0
1
0
3
0
1
2
1
4
0
2
0
0
0
2
2
1
0
0
1
2
4
0
0
0
2
2
0
1
0
0
1
0
0
1
0
0
1
0
1
0
0
1
1
2
1
1
3
0
1
1
2
1
0
0
0
1
0
0
0
1
1
2
0
0
0
2
1
1
1
2
0
0
0
0
0
2
1
1
0
1
0
1
1
0
1
0
1
1
0
1
1
2
2
0
0
2
0
0
1
2
1
0
1
1
1
0
2
1
0
1
2
0
0
1
0
0
0
0
1
0
0
2
0
1
1
0
0
0
2
1
0
0
1
2
2
0
1
0
0
1
0
1
1
1
0
0
0
0
1
1
0
0
0
0
1
0
0
0
0
0
1
2
1
0
1
1
0
1
0
0
2
1
0
1
1
0
0
0
2
1
0
0
1
2
0
0
0
0
1
0
0
0
0
1
0
0
1
0
1
0
1
1
0
1
0
0
0
0
0
0
1
1
1
0
0
2
0
0
0
1
1
0
0
0
0
0
1
0
0
0
1
0
0
0
0
0
0
0
0
0
0
1
0
0
0
1
1
0
0
1
0
2
0
0
1
0
1
1
0
0
1
1
0
1
0
1
0
0
1
0
0
0
1
0
1
0
2
0
0
0
0
0
0
2
1
0
1
0
0
2
1
1
1
1
0
2
0
1
0
0
0
0
0
0
0
0
0
0
0
0
1
0
0
1
0
0
0
0
0
0
0
0
1
0
0
0
1
0
1
1
1
0
0
1
1
1
2
0
0
0
1
0
0
0
1
0
0
0
0
1
1
1
0
1
0
1
0
0
0
1
1
0
0
2
0
0
0
0
2
0
1
0
1
2
1
2
1
0
0
1
0
0
1
1
0
0
0
1
0
0
0
0
0
0
0
1
0
1
0
0
0
0
1
0
0
0
0
1
0
0
0
1
0
1
0
0
0
0
0
1
0
1
1
0
0
0
0
0
0
0
1
0
0
1
2
1
0
0
0
1
0
0
0
0
0
1
0
1
0
1
0
0
0
0
0
1
1
0
0
0
0
0
1
0
0
0
0
2
0
0
0
0
0
0
1
0
0
2
0
1
1
0
0
0
0
0
0
0
0
0
0
0
0
0
0
0
0
1
0
0
0
0
0
0
0
0
0
0
0
0
0
0
0
0
1
0
0
0
0
0
0
0
0
0
0
0
0
0
0
0
0
0
0
0
0
0
0
0
0
1
0
0
0
1
0
0
0
1
0
0
0
0
0
0
0
0
