0
0
0
0
0
0
0
0
0
0
0
0
0
0
0
0
0
0
0
0
0
0
0
0
0
0
0
0
0
0
0
0
0
0
0
0
0
0
0
0
0
0
0
0
0
0
0
0
0
0
0
0
0
0
0
0
0
0
0
0
0
0
0
0
0
1
0
0
0
2
0
1
0
1
1
1
5
2
2
4
3
2
16
54
133
353
953
2358
4814
9656
17275
27833
40534
54840
65775
73033
73127
66269
55096
40951
28252
17466
9855
5177
2327
959
403
154
59
20
9
0
5
1
2
2
1
0
0
1
0
0
0
0
0
0
0
1
1
0
0
11
58
47
56
48
56
41
63
52
41
47
53
41
48
40
40
38
36
47
37
40
43
36
36
42
44
40
30
41
35
35
36
36
39
51
30
36
38
24
38
36
36
41
33
35
49
33
53
34
37
49
40
40
37
38
49
27
47
41
33
43
49
42
41
47
34
45
47
44
76
75
104
117
119
157
187
150
160
124
138
116
105
89
82
73
66
52
47
44
43
44
41
41
42
30
46
42
41
39
48
46
54
61
64
49
57
71
58
65
72
74
87
91
82
102
122
99
118
127
133
150
149
159
176
200
246
394
667
985
1776
3008
4706
6904
10017
13729
17539
21722
24814
27479
28621
28032
25833
23116
19420
15563
12193
8811
6420
4600
3311
2330
1700
1229
934
735
481
386
308
284
337
418
500
640
794
906
951
1061
1056
987
911
868
648
531
411
286
226
174
141
111
100
70
84
77
60
42
26
29
27
19
16
15
14
10
7
7
8
5
10
11
11
8
6
10
9
5
7
7
7
2
10
10
14
10
5
8
5
4
8
8
12
9
11
11
12
14
7
11
8
12
18
22
16
24
33
27
28
17
23
28
16
18
20
19
30
17
13
19
14
18
18
20
16
19
18
26
21
18
21
18
20
25
15
13
18
6
16
10
12
9
13
11
5
7
5
4
3
5
2
5
3
6
12
4
5
8
6
3
5
13
5
1
9
6
4
10
6
4
4
6
8
5
5
10
6
16
13
13
12
14
15
28
25
26
18
20
21
23
13
13
9
9
12
11
10
8
7
7
9
7
9
6
13
9
13
10
16
7
6
3
8
2
6
7
8
6
8
4
4
10
5
5
3
12
13
11
9
9
7
13
9
10
4
8
4
7
7
6
6
4
5
6
5
6
5
6
4
5
7
7
2
6
7
4
4
4
4
5
7
8
3
6
7
8
5
6
5
3
4
6
9
10
7
3
5
10
6
6
5
1
4
6
4
6
5
7
3
9
7
10
4
11
6
6
8
5
4
12
8
10
8
6
4
2
3
7
8
12
5
7
10
7
10
4
3
7
2
8
7
7
6
8
9
2
8
3
4
6
11
5
8
6
9
8
11
8
8
10
11
9
9
9
8
8
6
10
9
6
4
7
9
8
9
9
11
8
11
5
4
17
6
10
9
8
4
12
3
9
7
9
10
13
8
5
12
13
6
16
7
12
13
14
14
8
7
11
8
7
15
14
17
12
16
15
18
16
18
15
10
22
16
13
9
19
17
19
18
17
20
26
24
16
24
30
13
21
19
23
14
28
18
24
18
18
24
21
21
28
24
14
22
14
22
12
17
22
18
21
23
22
10
12
13
26
21
19
20
19
21
16
22
13
10
21
14
21
17
19
15
25
8
25
19
14
15
20
16
15
17
20
10
22
20
26
23
33
29
24
29
18
27
21
27
16
29
26
20
15
24
18
29
22
21
27
31
33
28
22
32
26
32
27
23
26
25
31
25
25
28
31
26
36
27
29
39
19
42
38
30
30
34
31
41
40
31
32
34
38
38
37
37
40
35
44
39
49
40
36
31
50
43
46
40
45
55
47
45
43
45
50
49
51
50
40
65
57
64
58
54
55
66
60
69
79
68
67
52
86
79
83
87
72
114
102
109
110
98
130
157
115
149
146
140
165
143
140
118
122
142
114
128
113
119
119
102
76
100
77
91
86
94
90
92
82
75
77
89
90
62
77
79
82
69
84
80
79
81
77
85
88
82
80
65
85
79
84
73
82
81
77
86
81
77
73
85
89
77
85
71
79
86
54
77
65
86
80
79
68
62
85
72
76
65
83
76
66
72
77
69
66
73
80
81
73
79
91
75
68
82
69
86
72
89
63
76
82
77
63
62
84
57
72
65
65
70
72
84
73
80
54
79
73
73
72
77
66
75
93
72
67
77
96
90
79
78
79
93
77
73
73
87
81
71
71
58
66
75
73
82
89
77
110
78
62
83
90
92
70
85
80
92
87
78
91
96
112
104
96
108
133
167
163
193
235
287
326
391
491
598
659
798
1011
1057
1275
1396
1598
1730
1773
1943
1922
2035
1966
1926
1817
1795
1643
1454
1328
1135
1058
878
757
629
556
416
336
283
239
211
155
132
133
133
101
96
139
112
106
91
100
101
120
115
116
88
92
103
122
97
96
127
127
110
114
113
135
103
109
115
104
106
98
85
133
107
118
103
111
103
116
121
100
113
106
116
107
114
106
96
117
114
129
109
121
126
118
148
120
140
130
108
147
110
130
138
142
142
165
163
166
163
216
201
266
251
262
299
302
360
339
367
377
363
365
352
387
326
317
323
271
273
237
232
205
224
209
162
184
164
165
130
139
146
133
128
157
130
151
126
117
131
127
145
172
157
141
155
145
155
142
146
137
138
137
149
141
156
147
153
166
153
159
166
157
143
155
148
178
164
160
154
182
183
171
189
184
176
161
176
167
186
170
191
196
176
188
178
176
197
205
161
173
176
169
197
197
200
204
166
199
179
200
193
205
175
198
200
207
198
218
220
212
220
225
216
216
212
243
211
237
253
234
239
218
260
237
245
260
262
260
270
266
302
264
290
301
300
266
271
285
275
270
282
261
296
271
256
260
289
282
283
270
252
292
237
257
273
288
215
278
253
245
291
242
268
252
263
239
264
251
258
216
215
236
203
206
233
206
218
227
208
204
210
166
204
190
220
208
185
177
166
155
180
180
175
185
189
158
154
164
141
156
155
157
174
162
160
147
163
166
144
169
150
149
174
164
140
166
151
139
139
170
167
177
157
177
166
137
165
153
159
171
154
159
159
164
169
190
153
171
174
175
162
166
186
184
195
198
166
184
189
192
183
213
174
176
188
180
198
197
183
194
199
198
185
222
180
222
203
208
205
206
209
205
218
213
209
202
235
207
185
185
229
229
218
199
198
214
194
231
249
187
193
197
219
208
205
208
234
213
206
197
218
214
200
201
214
199
178
182
214
188
212
207
165
177
190
203
183
183
167
179
203
200
196
185
214
182
193
181
189
177
172
166
156
173
184
190
169
176
166
156
187
156
170
180
162
190
178
173
194
158
151
166
150
175
187
176
177
167
187
163
162
171
183
172
200
179
174
192
166
175
172
172
171
178
163
192
154
182
181
168
181
178
163
185
191
177
164
181
169
185
155
160
178
161
162
206
173
177
167
176
204
188
196
199
185
178
197
192
156
193
192
182
180
188
168
191
193
187
171
189
175
186
186
193
197
200
186
194
186
178
190
195
179
179
204
192
215
185
178
188
172
195
184
205
198
193
195
212
183
176
173
188
192
208
201
188
199
189
186
201
208
201
193
188
206
208
210
194
195
216
196
198
209
200
213
194
212
193
233
193
203
219
213
218
229
214
185
206
228
216
205
218
242
200
223
234
216
204
235
222
214
202
218
221
218
221
212
209
235
228
213
224
211
240
192
195
213
241
221
206
200
209
190
214
212
217
206
219
218
200
219
210
213
227
214
210
229
190
207
214
194
198
203
203
237
189
227
184
205
198
172
215
200
194
182
188
206
189
188
177
199
211
198
189
192
200
204
217
199
170
205
207
177
192
179
183
209
185
164
189
191
174
189
188
176
203
195
172
185
201
224
183
202
191
171
195
193
170
206
176
191
184
209
204
181
196
174
203
189
178
164
211
213
183
171
190
192
178
164
170
178
195
176
194
201
200
180
175
200
185
168
169
183
185
195
197
204
173
194
190
191
178
210
225
194
184
191
180
194
197
188
183
195
183
195
199
190
179
192
181
188
187
202
151
192
210
215
183
197
200
192
174
196
165
200
190
214
168
193
200
192
204
185
192
186
200
225
210
193
178
184
199
216
177
205
210
167
192
173
180
172
189
164
202
160
195
174
184
209
187
184
185
188
206
193
165
186
193
203
186
183
164
183
202
213
175
180
189
186
223
203
200
212
209
204
208
206
216
203
174
185
216
210
186
198
191
195
199
195
203
220
190
204
221
204
203
226
195
189
222
208
219
216
228
206
210
236
207
207
206
249
269
241
231
223
218
241
237
211
249
235
282
254
248
259
224
265
264
241
275
298
264
270
257
302
300
277
262
275
282
280
277
279
310
317
267
319
318
307
328
317
353
297
342
351
335
333
356
359
371
358
369
376
397
403
420
441
441
414
429
473
438
498
521
529
547
497
532
552
529
602
581
617
640
645
706
641
718
747
808
833
852
827
904
863
919
919
961
927
1023
989
998
1063
1060
1059
1095
1130
1128
1151
1146
1136
1129
1135
1189
1203
1248
1120
1146
1190
1194
1118
1122
1069
1112
1061
1044
1094
1060
1011
986
951
954
949
880
884
893
827
774
824
736
753
691
706
654
641
657
636
620
601
562
556
527
465
469
464
419
412
420
414
402
389
380
383
319
355
301
321
314
317
321
273
314
278
294
281
276
259
229
276
252
261
260
262
239
246
235
254
251
216
198
257
230
242
187
214
194
199
222
219
208
187
198
199
185
169
194
172
164
176
184
201
165
202
226
214
230
171
194
211
238
244
252
247
283
269
291
306
337
325
311
361
341
358
408
400
419
412
424
422
403
418
433
360
441
409
421
380
398
395
401
362
327
323
329
289
292
278
234
253
216
206
162
174
182
149
140
151
131
149
142
129
139
126
123
113
118
107
165
132
122
120
116
146
133
157
134
121
135
140
125
129
161
147
140
163
144
148
139
143
120
146
148
144
171
142
167
167
175
168
149
163
186
177
183
190
176
170
194
216
222
195
190
184
219
216
200
222
203
236
204
195
212
196
227
221
195
200
222
208
198
202
203
214
223
196
206
220
219
216
187
197
203
186
178
195
190
171
205
166
185
169
179
185
172
156
149
138
155
139
147
147
144
123
125
132
135
125
129
106
103
104
104
109
100
114
99
103
95
102
92
98
91
100
99
95
95
101
82
80
94
85
79
79
79
75
91
88
83
79
66
91
80
81
63
73
60
71
67
57
65
63
73
56
64
75
56
61
60
55
64
64
61
56
78
59
57
62
66
60
61
66
58
54
70
46
63
59
41
50
70
52
58
53
49
40
58
44
55
44
42
48
42
51
56
41
53
51
49
55
48
63
48
46
52
54
49
52
45
51
48
53
43
69
54
71
59
68
61
60
63
74
70
64
74
62
64
54
58
68
57
74
73
50
57
62
63
52
56
57
44
36
43
46
47
39
37
36
37
44
35
38
36
38
37
32
38
33
29
25
41
44
37
44
50
32
32
36
39
39
33
25
35
46
46
37
34
39
42
33
34
32
26
33
42
32
32
29
35
32
28
33
33
26
31
27
24
28
26
36
31
19
26
35
31
25
29
38
22
27
23
30
25
32
23
26
24
35
27
32
28
32
24
33
35
26
25
34
28
31
27
30
30
32
30
27
30
19
22
39
27
23
34
30
28
33
31
25
23
24
26
28
29
19
20
30
30
27
19
28
23
28
27
26
25
24
23
29
31
22
32
22
25
24
26
22
18
34
27
30
23
29
24
37
22
28
23
27
13
20
24
23
26
26
29
20
25
27
25
21
26
20
29
25
24
26
24
26
25
21
22
27
23
24
18
31
27
21
28
22
18
24
22
24
18
38
18
19
18
22
20
19
23
15
16
15
28
25
17
17
24
17
16
12
27
20
26
29
17
23
18
26
21
18
23
14
14
17
27
13
21
23
18
15
18
22
21
26
21
18
16
16
16
25
14
17
21
23
23
19
28
18
18
21
11
13
18
18
18
16
16
25
15
15
24
16
18
11
21
18
16
7
15
15
17
17
19
13
17
16
10
24
15
18
17
26
12
22
13
25
16
17
25
22
18
20
16
19
21
12
15
15
16
15
22
11
11
24
15
19
17
12
13
20
17
12
10
15
18
15
17
18
19
23
16
14
15
15
20
18
16
12
13
22
17
21
13
17
13
11
19
12
18
18
10
14
12
7
20
14
17
16
15
12
12
9
12
17
13
8
13
11
11
16
10
7
17
10
9
12
13
15
16
17
17
15
12
15
9
11
10
9
14
14
15
10
13
11
15
7
17
16
12
14
11
16
9
12
21
16
8
19
16
13
10
11
14
9
20
8
12
17
10
11
14
10
18
11
17
12
15
8
15
6
9
14
10
9
9
16
12
16
7
16
11
10
15
6
8
12
13
8
10
13
9
13
13
16
9
10
16
11
14
10
5
17
6
8
10
15
10
13
11
13
13
12
9
12
12
8
12
11
7
9
10
13
16
13
9
16
6
10
14
6
15
10
15
8
14
10
8
12
13
18
10
3
6
7
8
6
12
11
14
10
10
7
5
8
8
9
8
13
11
6
9
10
12
12
5
12
14
17
8
7
6
5
12
7
11
18
7
2
9
9
11
5
13
12
3
11
11
14
10
10
9
13
3
10
7
7
10
3
9
4
6
12
9
10
7
7
6
11
10
3
10
7
15
3
19
13
11
11
5
6
11
7
7
6
9
6
7
7
6
6
3
9
8
7
6
5
10
6
3
5
10
6
5
5
10
14
4
6
8
9
7
5
7
9
10
5
8
16
2
9
7
7
10
3
6
8
4
9
11
8
7
14
11
9
6
9
6
9
9
6
5
7
7
5
9
7
8
2
6
6
6
3
5
6
6
11
9
5
8
8
6
8
9
5
12
1
3
6
7
5
3
6
7
8
10
6
6
9
10
8
9
7
5
6
7
4
7
2
9
6
3
2
1
4
3
4
6
5
6
6
6
6
3
6
2
7
1
7
2
4
4
9
6
2
8
7
3
5
5
3
2
1
7
8
5
6
4
3
0
8
4
8
4
8
11
6
5
5
9
5
7
1
5
5
7
10
3
6
6
5
7
8
4
3
6
4
2
3
2
4
6
7
2
3
6
7
3
4
3
6
3
2
5
1
7
4
1
4
5
5
6
4
1
6
4
3
3
2
2
2
5
4
4
6
5
2
5
5
0
2
2
0
5
4
4
7
3
5
3
3
5
3
1
5
6
6
1
3
4
2
3
5
7
5
5
4
3
3
4
4
3
4
1
4
3
1
3
1
0
5
5
3
2
2
2
2
3
5
7
2
9
8
4
2
3
7
4
3
4
4
3
6
4
2
3
2
1
3
4
0
2
5
3
1
5
2
4
4
2
3
1
0
2
4
2
0
2
7
3
3
3
2
4
6
5
3
2
1
4
5
4
2
2
3
6
3
1
4
2
2
2
2
1
3
0
1
5
0
2
1
10
4
4
3
2
3
0
1
1
2
3
3
2
2
1
2
2
1
2
2
1
1
1
2
3
0
1
1
1
2
2
3
2
1
2
3
3
3
4
3
6
1
3
0
2
3
1
3
7
1
1
1
4
1
2
3
3
3
0
1
4
1
7
3
2
7
2
0
4
0
4
2
2
4
1
2
2
0
1
0
1
1
2
4
4
2
3
2
1
2
0
2
1
0
2
2
1
1
0
0
1
1
1
5
3
0
1
2
3
1
3
2
0
2
2
1
0
0
1
1
2
0
4
1
3
0
3
2
0
0
4
1
4
4
2
4
0
1
2
1
1
0
3
2
0
5
0
3
0
3
1
2
0
0
0
0
2
3
1
1
0
4
1
3
2
0
1
2
1
3
3
3
0
0
4
1
2
4
1
4
2
4
3
0
1
0
0
1
0
1
1
0
4
0
0
2
0
1
1
2
0
1
2
0
0
0
1
0
1
0
0
3
3
1
0
1
0
1
2
0
1
1
0
1
0
2
0
1
0
1
1
0
0
1
1
3
2
2
2
0
1
1
1
2
1
0
1
1
4
3
2
1
0
1
3
1
3
1
1
1
2
1
1
0
5
3
1
1
0
1
3
1
0
0
1
0
0
2
1
1
1
2
0
0
3
0
1
3
2
1
2
0
1
0
1
2
0
0
1
1
0
1
3
0
1
1
1
0
1
1
1
1
1
0
1
1
1
1
2
1
3
1
4
0
2
2
1
0
0
1
0
0
2
0
3
0
1
3
0
1
2
0
0
1
1
1
2
0
1
1
1
2
1
3
2
1
2
0
1
2
2
1
3
1
0
1
1
2
0
0
1
0
1
1
1
1
0
1
1
0
0
2
1
0
0
0
2
1
0
1
1
2
0
0
2
0
1
1
0
0
1
1
0
0
0
0
2
1
2
0
3
0
1
1
0
0
0
0
0
0
0
1
0
0
1
2
1
0
1
2
1
0
1
1
0
2
1
0
0
0
0
1
0
1
0
1
0
0
0
0
1
2
0
0
1
0
0
0
1
1
3
0
1
1
0
0
1
0
0
1
0
1
0
2
0
0
1
0
2
1
0
0
0
0
2
0
0
0
1
0
0
1
0
0
0
0
2
1
1
0
0
0
0
0
0
0
0
1
0
0
1
0
0
0
1
1
1
0
0
1
1
1
1
1
0
0
0
0
1
2
0
0
1
0
0
0
1
0
0
1
0
1
0
0
0
0
1
0
0
1
0
0
1
2
0
0
0
0
0
0
1
2
1
1
0
0
2
0
0
0
1
0
0
0
0
2
0
0
0
1
1
0
2
1
0
1
0
1
0
0
1
0
0
0
2
0
0
0
1
0
0
1
2
0
1
0
0
0
0
1
0
1
0
1
0
0
0
1
2
0
0
1
0
0
1
0
0
0
2
0
1
1
0
0
0
0
0
0
2
2
0
0
0
0
1
1
0
0
0
0
0
0
0
0
0
1
1
0
0
0
2
0
1
0
0
0
1
1
1
0
0
1
0
0
0
1
1
0
0
0
0
0
0
0
0
0
0
0
1
0
0
0
1
0
0
1
0
0
2
0
0
0
0
1
0
0
0
0
0
0
1
0
0
0
0
0
0
0
0
0
0
0
0
1
0
0
0
0
0
0
1
1
0
0
0
0
1
0
0
0
0
0
0
0
0
0
1
0
0
0
0
0
0
0
0
0
0
0
1
0
1
0
0
0
0
0
0
0
0
0
1
0
1
0
1
1
1
0
0
0
1
0
0
0
0
0
0
0
0
0
0
0
0
0
0
0
0
1
1
0
0
0
0
0
0
0
0
0
0
0
1
