0
0
0
0
0
0
0
0
0
0
0
0
0
0
0
0
0
0
0
0
0
0
0
0
0
0
0
0
0
0
0
0
0
0
0
0
0
0
0
0
0
0
0
0
0
0
0
0
0
0
0
0
0
0
0
0
0
0
0
0
0
0
0
0
0
0
1
0
0
0
0
1
2
2
2
2
1
2
5
1
3
7
14
31
131
376
900
2245
4998
9439
17005
27910
40815
54418
66321
72887
73034
66533
54706
41315
28394
17460
9709
5130
2351
1032
397
165
51
26
4
3
0
0
0
1
1
1
1
1
1
0
0
0
0
0
0
0
0
0
0
4
56
62
48
48
38
45
33
41
58
49
49
50
45
47
35
39
49
45
35
48
35
32
42
35
25
35
41
28
23
39
38
32
35
47
41
43
29
49
30
35
47
36
25
42
34
32
28
39
40
37
39
35
35
41
38
35
36
45
40
39
48
37
47
46
50
42
44
73
77
77
108
128
144
157
156
162
179
146
142
116
86
83
76
58
47
56
36
39
37
32
34
44
37
39
49
37
48
37
45
41
57
37
52
56
52
56
63
63
59
74
90
62
99
95
91
105
127
140
148
148
133
133
176
197
264
354
636
1028
1742
2867
4567
7082
9990
13618
17788
21505
25147
27431
28412
27924
25927
23051
19355
15428
12042
9007
6393
4452
3306
2275
1695
1259
860
646
524
426
357
285
363
444
566
697
824
914
1012
1051
1083
981
929
801
664
510
375
313
242
174
144
110
84
89
72
64
54
46
42
33
19
15
16
5
7
8
14
7
8
13
12
10
9
1
7
6
2
8
5
8
15
5
4
6
5
11
8
13
6
9
10
9
6
4
14
9
6
13
8
8
15
17
18
13
17
19
28
20
24
25
26
25
25
10
20
20
12
22
14
27
14
16
20
13
15
13
23
15
13
20
16
18
22
17
13
17
15
12
17
10
15
10
10
10
15
8
9
6
9
7
6
4
2
9
9
15
7
9
8
6
8
7
1
4
6
4
4
7
5
4
7
7
9
5
8
4
12
12
14
16
17
20
17
20
30
21
19
25
12
18
18
14
12
6
14
16
9
11
8
3
6
11
5
10
11
9
15
14
11
9
9
15
7
13
11
5
4
6
4
8
7
5
5
5
7
8
2
12
5
6
1
6
8
11
3
7
6
6
4
5
7
3
6
5
9
4
7
7
6
4
1
1
5
5
2
9
2
2
8
3
9
6
9
8
6
3
3
5
6
2
7
3
6
7
3
9
4
8
11
3
9
2
6
8
3
4
6
4
6
5
4
3
7
6
6
10
10
7
4
14
6
4
8
8
7
9
6
6
6
8
9
11
16
8
8
4
6
6
6
9
4
9
6
7
10
11
12
9
8
7
6
10
5
6
3
9
9
5
11
5
8
11
5
7
6
8
11
8
9
8
7
7
7
9
7
11
15
3
6
8
11
10
10
8
9
12
4
9
10
15
8
13
8
10
8
12
12
11
9
9
14
13
9
9
13
11
11
21
16
9
13
9
8
14
13
14
16
12
19
21
11
10
4
20
18
19
13
16
31
16
23
20
24
28
13
15
19
21
17
18
14
22
16
16
20
14
20
24
31
20
20
27
20
20
24
22
11
20
19
19
24
22
14
18
17
18
18
17
19
14
10
17
23
10
17
20
13
16
22
20
18
17
18
25
13
26
22
14
16
20
15
22
23
14
21
18
16
21
31
16
18
21
18
12
20
19
30
25
31
25
26
27
25
22
19
21
16
23
25
29
27
32
31
33
30
27
29
24
23
47
29
19
37
34
31
27
38
38
21
24
37
39
29
45
30
35
29
33
28
38
29
32
33
42
38
32
41
29
46
38
31
31
33
39
55
47
45
48
52
42
53
46
53
61
50
55
45
60
53
50
56
51
58
59
51
71
67
66
53
68
84
99
66
99
98
105
102
138
131
132
123
136
143
146
155
151
140
143
122
148
141
118
125
116
102
102
97
83
92
95
81
86
90
68
66
96
84
83
95
93
71
85
75
85
81
78
63
73
88
78
85
77
90
98
77
76
78
77
75
77
71
70
66
61
75
85
93
73
87
78
77
77
82
86
71
72
84
83
75
76
72
74
75
90
93
69
81
67
63
90
70
59
70
82
93
83
63
67
66
90
69
72
71
78
73
69
78
70
91
93
62
80
72
77
68
69
75
82
71
78
82
70
85
75
76
83
69
68
59
60
76
74
85
60
78
71
80
94
69
89
60
82
78
73
75
73
84
72
88
89
78
77
66
90
80
66
80
90
81
73
95
80
106
97
85
77
95
114
96
114
117
116
142
149
177
221
259
336
401
480
644
686
836
972
1156
1324
1427
1617
1767
1821
1880
1968
1992
2062
2046
1876
1711
1608
1512
1322
1157
993
871
770
618
509
426
318
263
232
195
188
131
134
127
129
130
107
110
125
102
113
109
100
115
99
113
101
102
124
124
109
117
101
109
122
105
113
120
130
117
120
101
131
99
98
119
131
107
130
120
106
113
117
119
136
133
119
106
115
118
114
128
112
116
123
95
121
126
125
114
117
112
121
141
138
150
170
140
156
160
177
206
209
221
238
258
275
320
358
306
363
377
358
357
395
336
370
348
337
304
318
272
243
230
210
171
208
155
150
156
144
135
144
143
118
140
152
126
118
130
139
150
150
125
124
122
125
136
142
145
137
130
136
127
149
138
154
169
144
139
141
143
149
160
156
154
149
135
158
159
151
152
158
178
165
169
161
147
160
172
191
184
182
189
187
183
171
164
185
186
180
191
188
180
178
189
176
170
177
183
174
170
209
185
202
178
183
221
199
216
224
198
202
227
219
224
214
218
259
220
259
254
266
230
248
243
237
255
232
229
261
273
262
254
277
265
268
252
269
259
292
295
279
280
291
276
303
299
286
304
286
269
271
272
269
285
257
273
252
287
257
302
244
289
252
238
215
245
279
245
254
218
253
229
243
226
229
221
205
232
225
218
216
189
205
188
205
196
197
178
168
163
171
187
180
146
177
164
184
159
148
159
150
155
181
162
151
173
183
168
131
153
153
156
159
158
136
173
150
138
169
153
151
161
174
145
166
150
148
147
153
155
165
156
178
141
184
166
157
145
178
174
171
170
166
152
192
169
214
182
182
194
196
167
184
195
215
199
191
184
193
199
200
202
210
209
192
206
207
214
188
233
191
227
215
204
212
227
235
219
204
190
220
232
195
200
221
199
227
204
231
201
221
210
195
206
218
186
178
207
206
222
196
210
205
217
189
201
187
204
178
213
194
185
208
201
199
179
190
189
182
213
164
180
183
184
183
177
167
164
174
175
190
186
172
166
167
181
184
166
180
187
183
167
162
180
169
163
151
174
171
188
157
148
161
177
177
152
183
182
154
174
168
172
187
163
182
207
178
159
171
179
157
196
188
158
173
179
162
155
159
181
172
178
197
215
181
167
173
147
168
160
155
178
185
181
175
170
182
171
186
185
170
204
185
182
190
190
193
178
189
162
168
186
197
164
172
182
188
194
181
199
197
202
157
173
180
170
180
192
193
179
185
197
173
187
190
206
184
179
194
193
190
216
167
207
196
197
200
175
189
167
191
193
207
185
204
155
174
212
188
172
174
193
184
185
204
197
215
181
210
225
182
219
189
200
202
192
188
193
228
215
216
196
228
245
193
218
195
193
195
220
195
216
228
210
224
190
224
217
221
232
210
206
227
209
226
207
221
203
192
230
208
228
201
230
209
216
191
212
258
213
214
192
216
226
244
225
248
212
200
198
222
207
192
191
177
221
191
218
204
207
219
190
192
212
178
208
191
189
169
212
203
189
192
174
182
191
192
184
177
176
176
182
201
205
192
193
178
204
169
170
208
185
193
187
166
187
188
178
166
171
166
181
197
175
179
176
200
197
166
178
178
185
212
220
181
185
194
175
179
189
189
150
190
190
164
197
199
151
195
212
189
178
182
177
200
194
167
192
183
180
209
194
212
194
196
197
175
189
186
174
199
182
187
200
189
183
181
194
196
195
177
198
207
199
184
179
193
166
161
200
188
213
187
188
195
179
189
178
205
201
193
183
156
193
206
211
183
202
173
192
229
193
155
198
184
183
177
187
158
191
194
173
168
192
224
199
193
193
205
185
207
199
187
212
184
168
183
189
179
179
176
182
184
211
217
174
182
184
196
183
182
199
185
186
204
172
193
192
197
192
173
196
180
201
186
186
182
206
183
203
210
217
178
207
216
189
204
201
190
210
201
198
186
231
202
183
209
202
219
185
210
212
225
204
199
222
234
215
175
226
213
218
204
208
219
234
250
223
232
209
235
204
252
250
226
239
219
205
233
233
218
256
265
216
234
253
227
243
264
237
244
269
275
275
269
285
274
267
283
277
269
300
306
285
285
277
302
282
330
332
307
324
333
297
339
329
365
359
312
379
361
340
383
365
365
396
416
430
434
401
452
460
449
469
487
515
495
528
544
566
568
538
536
582
645
678
639
752
704
774
764
800
842
766
845
889
871
911
929
964
1059
998
1073
1078
1021
1078
1056
1043
1081
1116
1067
1177
1132
1164
1138
1192
1128
1181
1137
1140
1169
1161
1158
1075
1025
1090
1057
1014
981
993
1026
1011
935
940
889
888
851
848
817
822
775
684
701
680
648
658
595
617
516
533
564
545
509
448
455
495
410
445
441
402
422
379
378
359
335
324
300
306
326
343
308
302
271
276
290
271
277
276
263
279
255
221
236
211
211
239
208
219
253
212
220
229
198
196
196
220
217
194
206
196
196
205
191
180
196
154
188
209
188
213
185
194
200
202
218
191
187
208
196
218
215
242
223
271
228
270
281
304
295
338
320
353
346
419
402
380
403
437
397
382
411
438
392
407
423
457
418
400
366
362
374
367
334
310
298
297
249
273
234
247
229
195
204
180
170
152
143
165
126
140
132
141
118
134
127
145
121
132
132
111
131
130
120
119
140
139
133
148
121
130
133
130
144
154
150
160
154
177
146
152
167
179
149
164
157
153
181
160
170
193
173
179
183
194
167
192
209
215
194
180
210
201
192
206
202
243
198
216
184
198
201
199
182
196
216
222
208
232
209
203
214
227
235
208
223
193
196
188
185
190
213
211
201
182
182
193
199
183
183
187
171
145
167
165
177
160
140
159
158
158
138
140
145
135
132
132
130
131
128
120
130
119
101
110
102
114
118
105
98
105
108
96
87
104
76
116
76
113
94
85
69
81
104
86
95
98
82
57
72
84
75
79
73
82
71
70
75
67
55
68
66
61
60
55
60
70
52
50
44
70
56
49
62
46
56
52
64
55
70
61
47
68
53
66
53
53
59
58
49
53
42
59
51
61
53
45
66
59
67
52
53
42
43
34
38
55
62
49
44
41
47
41
41
46
72
50
49
50
61
51
57
42
51
43
45
56
53
68
56
64
81
71
58
70
78
68
73
59
65
74
57
64
76
55
62
55
50
62
44
56
55
50
40
56
45
41
39
35
37
35
50
35
38
41
32
38
52
43
38
41
41
32
38
27
35
40
38
39
43
41
48
39
33
48
31
34
30
30
41
40
38
28
32
26
39
37
36
31
24
40
41
35
34
29
36
21
35
44
24
33
26
24
29
28
39
26
20
24
36
33
25
17
26
33
32
21
28
26
30
19
33
33
17
29
26
38
27
30
32
32
23
27
30
27
29
32
27
32
20
25
25
30
30
20
24
19
24
25
19
24
29
28
22
27
15
22
31
22
20
22
22
33
27
27
41
29
32
32
25
30
22
22
27
22
20
13
22
27
32
30
21
21
22
18
30
25
31
29
18
18
25
17
21
29
21
28
29
20
27
30
22
29
25
24
29
23
29
23
26
26
17
20
28
22
20
18
21
23
20
20
22
20
38
15
17
26
18
31
22
19
32
25
20
21
18
18
25
27
28
17
16
23
15
18
27
19
20
18
16
22
23
19
19
25
20
18
19
21
30
23
16
17
23
15
19
16
20
16
24
19
16
29
10
23
14
23
20
13
14
25
19
14
19
24
17
22
18
19
24
16
22
17
14
24
16
23
15
15
14
22
15
15
17
12
20
23
16
18
13
15
24
23
16
12
21
13
14
20
20
20
13
17
21
13
21
15
24
18
16
17
14
21
18
24
13
13
15
5
15
18
15
13
9
22
17
14
9
16
35
15
22
13
17
18
17
11
18
20
19
14
25
18
15
17
15
8
17
20
9
21
12
13
15
11
15
19
17
17
15
17
17
13
10
13
20
7
11
13
12
12
14
11
15
7
18
18
9
9
14
14
9
14
11
13
12
17
13
8
17
15
15
12
12
14
14
19
14
9
18
13
16
19
12
10
5
10
9
17
21
14
13
16
11
8
10
19
17
8
7
16
13
12
14
15
13
16
9
9
5
10
8
16
15
23
13
9
13
9
13
17
9
9
12
10
6
7
9
14
9
8
6
11
13
8
10
6
9
9
12
10
16
10
14
8
6
8
7
11
9
15
10
9
8
9
13
7
10
13
12
10
17
5
10
8
5
17
11
5
5
13
8
8
12
12
7
2
10
8
5
6
9
8
8
7
8
7
13
5
8
11
18
10
11
11
7
6
4
4
8
11
8
7
9
10
11
10
5
4
6
12
8
8
8
8
14
8
8
12
13
7
7
8
5
7
9
7
11
5
8
13
8
8
9
6
7
12
8
3
8
9
5
10
9
12
11
11
9
6
8
7
10
4
10
6
2
7
4
5
7
6
7
13
8
6
7
3
8
8
6
15
7
6
4
3
9
3
13
6
10
6
9
6
8
5
9
6
6
9
6
5
5
8
6
6
9
9
8
8
5
6
8
7
9
11
3
8
8
0
7
9
9
6
6
11
8
6
9
5
6
4
2
8
4
4
5
5
3
5
3
6
10
5
8
7
9
6
3
4
5
6
6
6
4
7
7
6
5
8
10
5
4
9
3
6
7
3
9
10
3
3
7
5
6
6
4
10
4
7
0
6
5
3
6
4
13
6
9
6
8
5
6
6
7
5
11
8
6
7
7
7
10
7
2
6
5
2
10
5
3
6
3
3
4
5
7
6
5
7
6
6
4
6
6
5
0
4
8
7
7
7
9
4
3
3
10
2
3
6
5
6
4
4
5
2
7
4
3
5
4
3
1
3
4
8
5
5
3
3
5
2
2
4
2
2
5
4
3
4
5
6
3
6
5
2
6
4
6
2
3
8
5
1
4
3
4
5
6
2
2
5
2
5
3
4
4
4
6
2
9
8
0
3
3
6
3
3
8
6
0
3
1
3
5
5
4
3
2
5
6
5
5
6
1
5
3
7
5
4
4
2
4
5
6
3
1
1
2
1
4
5
3
5
2
9
4
5
8
3
3
2
5
5
6
0
2
3
4
5
4
2
0
4
2
3
4
5
1
1
3
7
4
3
3
4
2
3
3
4
3
1
2
6
3
3
5
2
1
3
0
3
2
2
3
0
0
4
7
2
3
4
2
1
1
5
4
2
5
4
2
3
2
3
2
7
1
1
3
2
4
2
1
5
2
3
3
0
4
4
1
3
1
3
4
5
4
1
7
0
2
3
4
2
3
2
1
1
1
4
2
2
1
3
2
4
3
2
3
1
2
2
1
0
2
1
4
4
0
4
3
3
2
4
3
3
4
2
1
2
1
2
1
1
4
2
3
4
4
0
1
2
3
1
2
1
0
2
1
5
2
3
1
0
2
2
1
1
4
2
5
2
1
3
3
1
1
1
2
0
2
0
2
1
2
0
0
0
3
2
1
0
3
0
0
3
3
1
4
2
3
2
2
2
1
1
0
1
2
1
1
4
2
0
1
3
2
2
1
3
2
0
2
3
0
0
2
0
2
3
2
3
0
2
3
4
0
3
4
1
1
1
2
1
3
1
3
0
1
0
1
0
4
0
1
2
9
1
2
3
0
1
0
0
1
1
2
1
0
0
1
2
3
0
1
4
1
0
1
1
1
2
2
1
2
0
3
1
1
2
1
2
2
1
1
1
1
1
2
0
4
1
0
2
1
2
1
0
3
0
0
0
1
0
2
1
1
0
3
1
2
3
1
1
1
2
0
1
0
0
4
1
1
1
2
1
2
0
0
2
2
0
0
1
1
0
0
0
2
2
2
0
1
2
1
1
0
1
1
1
0
3
0
3
2
3
0
3
2
0
1
0
1
0
0
1
0
1
1
1
0
0
2
0
2
2
0
1
1
0
2
1
0
2
1
0
3
0
0
0
1
0
3
1
1
3
0
0
2
2
0
0
1
1
0
1
0
1
1
1
1
0
0
0
0
0
0
0
1
1
0
0
2
0
1
1
1
0
0
0
1
0
0
1
0
2
0
1
1
1
0
1
1
0
0
1
0
1
1
2
1
0
0
1
1
0
1
0
0
0
2
0
0
0
0
2
0
1
1
1
2
0
1
2
0
1
0
2
0
0
3
1
1
1
1
2
0
1
0
0
2
0
0
1
0
0
0
0
1
1
1
1
0
0
0
0
2
2
0
1
0
2
2
1
1
0
1
1
2
2
0
0
1
1
0
0
0
0
2
0
0
1
0
0
0
1
1
0
0
1
0
0
1
0
1
1
0
1
1
0
2
1
2
0
0
0
1
0
0
0
0
0
0
0
0
0
1
1
0
0
0
0
1
0
0
0
0
0
0
3
1
0
2
0
0
2
0
0
0
0
2
0
1
0
2
0
0
0
0
0
0
2
0
1
0
0
0
0
0
1
2
1
1
0
0
0
1
1
0
0
1
1
1
0
0
1
0
1
0
0
1
1
0
1
0
0
1
1
0
0
0
1
1
0
0
0
0
0
0
0
1
0
0
0
0
0
1
0
0
0
2
0
1
1
1
0
3
0
1
0
0
0
1
0
0
1
0
1
3
1
1
0
0
1
1
2
1
0
0
1
0
1
2
0
1
0
1
1
1
0
0
2
0
0
1
1
1
0
0
0
0
1
0
0
0
0
0
1
1
0
0
0
0
0
0
0
0
1
0
0
0
0
0
0
1
1
0
0
0
1
0
1
0
0
1
0
0
0
0
0
0
0
0
2
1
0
1
0
2
0
0
0
0
0
0
0
0
0
0
0
0
0
0
0
0
0
0
0
1
1
0
1
1
0
0
1
0
0
0
0
0
0
0
1
0
0
0
0
0
0
0
0
0
0
1
0
0
0
0
0
1
0
0
1
1
1
0
0
0
0
0
0
0
0
0
0
0
0
0
0
0
2
1
0
0
0
1
0
1
0
0
0
1
0
0
0
0
0
0
0
0
0
0
0
0
0
0
0
0
0
0
0
0
0
0
0
0
0
0
1
0
0
1
0
0
0
0
