0
0
0
0
0
0
0
0
0
0
0
0
0
0
0
0
0
0
0
0
0
0
0
0
0
0
0
0
0
0
0
0
0
0
0
0
0
0
0
0
0
0
0
0
0
0
0
0
0
0
0
0
0
0
0
0
0
0
0
0
0
0
0
0
2
1
1
4
1
2
2
1
4
2
3
1
3
2
5
2
3
3
14
38
117
363
909
2164
4866
9393
16929
27790
41014
54536
66765
72754
72999
66916
55331
41368
27972
17129
9658
4936
2325
979
409
139
52
13
5
3
2
4
1
0
1
1
1
3
2
0
1
0
1
1
0
1
1
0
0
3
62
40
39
54
42
38
40
42
35
52
47
40
39
53
45
42
40
47
32
55
35
34
41
40
41
42
30
36
48
33
44
34
38
32
38
35
42
43
39
40
27
51
30
34
44
32
32
39
56
34
31
29
37
41
30
54
41
33
34
29
36
50
43
52
47
46
55
62
63
84
105
130
144
144
162
165
160
183
140
134
105
103
98
67
57
55
42
53
41
43
48
46
45
48
46
52
48
40
50
44
56
46
36
53
60
65
83
83
72
81
85
109
98
118
115
142
134
168
124
167
180
216
232
275
336
511
750
1243
1959
3161
5024
7577
10630
14512
18527
22712
26200
28917
30022
29563
27478
24366
20860
16649
12688
9536
6736
4894
3470
2417
1764
1285
981
744
636
511
402
392
429
479
587
697
824
929
960
1075
1039
994
923
774
690
539
381
305
215
157
136
107
104
93
77
77
42
58
37
32
19
24
17
12
15
19
20
5
10
9
8
11
11
9
10
9
13
8
7
13
6
7
12
11
7
10
14
12
2
6
9
5
6
12
6
11
7
7
9
16
20
21
21
17
37
26
27
27
27
25
21
24
16
22
25
25
14
9
21
22
30
19
21
21
23
24
18
22
16
16
12
24
21
9
19
12
14
15
22
9
19
11
14
5
8
11
7
9
8
5
9
7
7
6
8
12
5
10
8
6
4
7
2
9
5
7
8
5
8
6
7
6
6
7
6
12
5
13
6
10
21
22
24
17
20
22
12
19
15
23
22
15
15
9
10
6
9
8
10
5
9
9
8
6
13
8
15
21
8
6
7
11
10
10
10
7
7
4
9
5
8
4
10
4
7
5
4
6
7
7
7
8
7
7
5
2
7
9
4
5
6
6
7
4
9
5
11
7
1
6
9
7
3
6
7
5
6
3
1
7
6
10
4
7
6
2
10
11
8
7
7
10
8
6
5
7
7
4
4
6
6
8
7
4
5
3
5
6
6
3
3
4
6
8
7
5
7
7
8
6
9
11
6
6
11
4
11
6
11
7
10
4
6
7
10
4
7
7
7
6
6
10
5
8
10
6
8
9
8
9
8
9
14
4
6
8
7
10
10
7
6
8
9
10
8
9
9
10
8
4
10
13
7
11
8
9
11
9
8
12
9
10
6
12
9
11
10
11
14
12
10
10
10
15
9
10
8
3
8
11
14
15
11
13
13
12
16
11
15
15
19
12
13
22
19
14
13
15
13
11
10
19
13
15
13
15
13
9
12
13
18
9
21
11
20
17
8
12
19
18
21
24
17
9
16
13
19
16
18
22
15
16
19
6
15
22
17
19
13
15
14
15
13
14
16
16
19
16
17
26
19
19
17
15
16
23
20
24
15
21
13
26
20
19
26
18
25
25
30
26
28
22
25
23
25
35
14
28
27
26
18
18
21
25
39
22
23
37
18
27
29
30
39
31
32
28
32
37
28
30
29
39
29
21
38
38
28
36
38
29
33
49
28
37
34
41
31
41
40
38
29
32
52
32
43
47
37
49
38
40
48
39
47
41
51
48
51
55
41
57
55
54
52
48
60
39
66
69
55
52
62
56
46
54
69
59
63
54
65
54
61
68
57
75
47
61
72
76
79
74
65
72
68
53
79
74
72
63
85
78
78
79
86
69
97
103
88
84
74
74
90
73
92
88
88
84
92
90
83
74
92
94
94
100
82
82
85
90
104
79
94
85
85
85
89
83
80
92
67
82
74
69
97
79
95
72
86
69
71
72
65
75
69
55
75
68
78
62
61
60
66
83
72
73
79
56
71
67
82
64
73
60
75
79
64
78
66
88
74
90
72
66
75
67
71
83
72
85
77
66
76
63
72
84
60
64
58
80
68
72
73
56
68
79
77
73
69
63
70
90
79
83
82
78
59
67
74
59
77
54
62
58
70
77
66
79
59
78
82
72
78
80
62
82
97
64
84
76
63
64
71
67
75
94
77
62
90
88
88
100
67
81
86
82
114
83
92
93
85
107
104
119
144
139
172
223
263
326
354
408
554
703
808
964
1171
1336
1445
1625
1710
1980
2011
2076
2129
2100
2057
1938
1914
1699
1567
1417
1285
1099
915
783
622
536
422
345
302
238
188
193
151
121
119
113
91
99
109
95
99
95
105
102
89
96
93
93
94
104
100
109
102
88
120
113
83
101
102
128
114
97
88
118
98
102
106
121
106
122
115
95
112
107
101
110
104
114
100
114
109
120
134
100
101
110
91
116
109
118
126
124
112
127
134
114
138
106
131
162
168
160
205
176
231
241
273
282
285
325
346
333
349
380
367
391
421
368
352
341
324
301
288
241
246
249
198
217
188
176
168
176
151
149
144
143
137
165
174
140
133
143
132
157
168
131
151
149
146
147
159
145
142
157
167
165
171
136
171
160
155
145
144
172
168
162
173
163
187
156
174
191
157
166
157
183
211
170
197
201
202
202
190
217
188
218
200
218
201
192
217
197
231
247
258
255
229
229
240
224
249
236
259
269
219
251
256
268
265
265
274
275
247
262
284
279
279
244
263
305
236
286
248
248
262
259
254
240
283
258
250
246
217
231
229
258
233
229
228
237
202
195
231
206
208
229
184
183
204
167
205
164
180
170
177
189
170
166
169
191
170
192
175
146
163
165
163
165
184
147
154
161
165
143
149
164
161
149
175
149
153
178
142
167
130
157
166
156
166
144
146
158
142
139
175
160
153
171
151
129
177
144
160
157
151
139
139
138
138
150
183
146
150
143
151
146
148
149
128
155
168
128
169
158
133
149
146
150
141
163
141
175
144
172
140
153
172
149
148
138
137
152
156
156
151
153
143
145
149
164
138
159
155
180
149
126
161
139
152
153
153
166
165
155
161
139
147
157
170
156
160
164
140
160
156
155
147
168
186
153
172
163
159
148
160
152
176
167
172
194
161
188
180
180
163
158
159
159
171
168
166
168
161
202
186
177
196
186
184
171
167
162
177
188
204
194
192
173
159
167
160
176
198
167
186
178
182
192
195
208
199
203
169
172
206
192
179
166
178
196
186
204
164
186
216
196
188
214
186
209
197
195
194
188
182
181
180
205
182
216
203
169
174
193
185
186
191
160
169
181
182
175
205
175
211
193
191
187
164
203
184
179
160
206
212
181
183
193
198
174
175
203
187
198
176
192
191
180
187
204
195
193
202
181
187
205
195
213
213
230
223
206
198
201
226
223
213
218
228
227
236
236
227
218
222
196
229
219
248
252
233
240
245
239
234
259
258
241
231
238
230
240
240
249
250
253
244
252
247
255
257
268
261
217
233
248
222
262
243
249
258
241
204
236
230
253
244
217
232
256
231
229
239
217
224
228
229
221
213
209
231
219
227
214
254
250
234
222
214
226
213
214
220
204
230
227
210
211
182
216
216
209
223
174
170
209
199
235
209
191
220
203
196
191
197
193
200
216
167
190
198
180
197
187
170
182
188
179
200
194
166
180
189
163
190
186
176
174
189
211
199
189
205
177
190
183
182
178
190
191
198
184
194
180
184
209
190
175
181
190
168
188
170
171
179
195
217
181
193
189
183
200
178
187
169
155
170
183
208
154
184
195
162
207
205
203
196
193
184
217
206
192
177
209
176
175
190
199
193
166
180
151
172
188
204
188
173
201
195
197
185
176
180
174
195
193
179
170
199
208
181
193
193
172
210
165
198
182
178
207
186
207
199
190
190
169
194
210
180
181
171
186
196
163
184
212
186
190
178
182
161
184
187
197
209
209
186
180
192
193
189
171
197
187
182
183
189
183
212
202
198
199
209
201
215
194
185
183
194
179
188
184
196
191
209
208
200
201
181
195
212
197
226
174
201
187
202
189
196
191
187
189
209
207
193
173
193
185
198
195
201
213
176
185
198
202
217
198
215
197
171
196
198
203
210
216
217
201
189
189
203
176
188
182
202
190
215
191
228
206
196
213
207
199
221
212
202
191
203
219
227
218
213
211
222
219
231
211
216
218
228
215
214
198
219
228
220
230
222
246
206
262
212
218
253
243
215
211
237
229
263
230
243
238
263
243
230
258
251
270
278
273
296
271
253
267
282
288
283
273
270
305
264
307
298
259
329
312
322
332
316
308
321
314
311
306
316
332
332
340
385
343
370
374
375
397
411
392
415
420
372
459
455
467
460
411
468
505
523
486
536
591
589
574
617
598
699
713
680
703
785
708
727
791
811
880
800
871
887
873
897
950
984
979
1022
1083
1042
1067
1113
1141
1127
1146
1170
1167
1203
1107
1177
1108
1113
1188
1143
1132
1146
1100
1195
1127
1159
1079
1054
1062
1035
1081
1044
968
1002
916
920
904
901
814
825
804
838
755
768
709
724
662
620
621
597
592
573
561
453
492
442
451
437
474
437
428
419
410
372
374
369
372
354
330
307
286
311
280
321
303
286
276
275
251
257
242
271
255
282
283
246
229
210
231
217
202
233
241
239
229
199
209
222
192
219
194
207
191
172
196
191
186
186
186
196
193
192
187
186
176
210
213
167
215
193
187
205
214
262
203
206
256
280
289
275
272
302
287
305
336
327
368
313
353
362
364
336
372
416
369
387
389
369
321
358
336
336
341
310
327
300
270
275
245
251
254
222
184
179
198
161
143
143
136
150
138
123
130
123
139
132
113
128
126
147
151
113
132
130
116
146
119
139
113
153
125
146
154
129
147
166
121
134
137
148
154
131
147
162
157
161
143
155
165
170
175
151
158
188
199
186
175
200
184
195
181
182
195
196
188
201
178
205
206
190
181
216
185
211
214
203
207
231
213
218
227
229
222
212
215
204
204
225
220
236
218
182
193
184
190
199
183
206
182
168
180
169
206
157
175
146
160
163
162
159
126
135
140
155
146
153
138
138
148
130
114
138
118
106
111
111
111
112
119
112
101
118
103
110
89
89
82
84
92
74
91
85
91
92
95
82
106
87
87
74
81
88
77
69
72
75
69
88
84
57
70
61
65
72
66
84
51
58
57
62
68
62
56
66
58
55
60
51
54
58
52
46
60
71
58
44
53
46
46
47
44
43
55
49
40
48
60
40
61
51
52
45
45
45
40
42
64
43
50
43
39
36
35
42
42
56
48
35
51
44
56
57
48
56
53
42
55
61
72
72
72
66
56
58
70
80
62
66
62
62
63
72
53
54
60
61
68
55
53
69
60
74
39
38
51
53
39
38
47
32
39
35
34
33
44
51
37
27
36
33
38
38
32
29
41
35
43
43
42
36
41
38
43
36
33
36
36
24
41
40
42
40
30
31
35
36
45
34
31
31
34
27
20
40
35
28
25
27
35
29
28
40
27
38
27
26
28
36
28
33
31
35
39
27
32
32
28
24
23
29
24
27
33
20
26
36
32
32
40
27
40
22
27
25
23
31
21
33
28
24
27
22
24
29
35
25
25
29
20
28
29
33
38
17
25
30
22
25
25
21
25
29
26
25
29
28
29
28
17
28
33
37
20
26
19
27
32
28
17
23
21
22
24
34
22
26
19
33
18
27
20
31
25
23
23
32
25
27
32
18
25
25
27
23
20
19
26
23
25
21
21
27
26
19
21
17
26
20
33
21
16
21
27
28
17
20
26
25
17
24
23
34
26
29
17
20
19
22
18
25
25
25
20
18
20
25
24
27
14
27
19
23
23
20
20
13
19
19
25
18
17
17
19
19
20
23
25
18
19
24
14
15
18
24
21
25
17
18
23
16
26
16
17
17
31
21
25
26
12
28
15
19
22
16
23
21
12
21
13
17
17
21
18
17
14
20
18
22
18
22
18
16
12
20
21
12
20
23
17
22
12
21
16
13
18
15
15
16
10
21
13
15
17
14
20
20
10
17
15
16
15
14
11
8
20
16
23
12
19
15
10
20
15
11
18
16
15
19
7
14
18
13
11
14
17
15
10
15
17
13
17
12
14
16
19
17
12
20
15
19
20
25
10
18
10
19
12
6
19
18
12
17
16
12
11
15
14
13
14
8
22
11
16
10
13
12
18
16
12
11
22
7
10
7
10
17
11
8
5
10
20
11
17
12
12
13
11
11
16
12
10
11
17
13
13
8
10
11
10
12
14
15
9
15
11
15
16
10
7
12
14
6
21
15
9
8
12
13
5
15
11
8
14
16
5
13
12
11
8
13
6
11
8
12
16
9
20
11
9
8
14
9
3
10
8
12
16
11
11
16
14
11
10
12
20
6
14
6
9
7
9
15
8
8
9
11
12
11
8
12
14
9
5
11
9
7
9
7
8
10
10
7
10
13
12
9
11
8
10
11
5
8
12
8
10
8
16
7
6
9
1
8
8
8
13
8
6
9
7
9
9
6
10
11
9
11
9
5
8
9
6
12
5
7
9
11
10
10
6
8
7
13
11
6
6
8
15
8
13
11
9
6
8
8
11
6
10
13
8
5
8
10
11
9
3
6
9
5
5
4
5
5
10
7
9
7
7
4
5
14
7
4
5
10
4
8
5
8
7
7
13
5
10
7
5
7
13
8
5
5
6
3
7
6
7
2
10
9
5
4
4
5
6
7
3
10
8
6
10
10
7
12
5
9
6
7
2
11
10
11
7
6
6
6
7
8
6
6
7
7
7
9
5
6
4
7
8
10
4
4
4
8
3
4
6
8
4
4
9
6
7
3
9
4
3
7
5
6
8
5
4
6
4
3
6
6
8
7
7
7
7
3
6
4
6
3
12
8
5
9
5
7
4
4
4
3
5
6
5
3
4
5
9
8
5
5
5
7
1
2
7
6
7
3
4
6
5
5
5
6
9
5
1
6
2
3
3
6
3
5
6
8
9
6
3
4
2
4
4
5
5
6
1
4
11
4
3
6
5
6
6
5
6
3
4
7
5
7
1
2
1
6
3
3
3
4
5
3
5
5
5
8
2
4
5
2
3
8
5
7
1
8
2
4
2
7
4
2
10
8
4
9
5
3
0
4
3
6
1
4
5
1
2
8
4
7
2
4
6
4
6
3
1
3
7
4
8
2
2
7
2
3
5
3
2
3
3
2
3
1
1
4
5
6
4
4
1
5
4
2
1
5
4
3
2
7
7
0
6
2
5
5
4
1
3
4
2
4
3
4
1
2
4
5
0
10
3
5
3
4
1
5
2
4
2
1
1
4
5
3
1
4
3
2
4
1
2
2
8
8
3
3
5
3
1
2
4
1
3
3
2
2
5
3
3
5
5
0
2
2
6
1
5
0
2
2
4
1
5
3
5
3
2
1
3
2
1
4
1
3
1
2
3
0
2
1
1
3
0
2
0
2
4
1
2
0
2
5
0
2
0
2
2
1
1
3
1
2
1
1
1
1
3
1
2
2
5
4
2
0
2
3
1
2
1
1
3
0
2
1
2
2
0
1
1
1
0
3
0
1
2
2
3
1
3
2
1
0
5
2
0
4
1
0
4
1
3
3
2
2
1
1
2
1
2
2
4
4
1
2
1
0
1
2
4
3
5
1
3
5
1
2
2
1
2
0
1
1
1
1
2
0
2
1
1
3
1
3
2
0
4
1
4
0
0
1
3
3
2
1
3
0
1
6
2
4
2
2
0
2
1
1
0
3
0
3
3
1
3
1
1
0
2
1
0
2
1
0
1
0
2
1
1
1
2
2
2
0
3
1
1
1
0
0
3
3
1
0
2
3
0
1
3
3
0
1
0
1
1
3
1
1
1
0
0
0
1
0
1
4
0
1
0
2
0
0
1
1
2
0
2
2
1
1
3
0
1
1
1
0
2
0
2
1
2
1
2
0
0
0
2
1
3
1
0
0
3
1
0
2
2
1
0
2
0
2
1
0
2
3
0
2
1
2
1
2
2
2
2
0
1
1
2
3
2
3
3
1
0
1
1
1
2
1
0
0
1
1
2
1
0
1
0
0
1
1
0
1
0
2
1
0
0
1
1
1
1
2
0
3
0
0
2
0
1
0
1
0
1
2
0
0
0
1
0
0
0
1
0
2
1
0
0
2
1
0
0
1
0
3
0
0
0
1
2
1
1
0
1
0
0
3
2
1
1
2
1
0
0
0
1
0
0
1
0
0
0
0
2
1
0
0
1
0
0
0
0
1
1
0
0
1
1
1
1
1
1
2
1
1
1
2
0
2
1
1
1
0
0
0
1
0
0
1
0
3
1
0
0
1
0
1
3
1
0
0
2
0
0
2
0
0
0
1
0
1
0
0
2
1
1
2
0
1
0
0
0
1
1
2
0
0
0
1
0
1
0
0
0
0
1
0
1
1
2
0
0
1
0
1
0
0
0
1
2
0
1
1
0
0
0
2
0
0
0
1
0
1
1
1
0
1
1
0
0
1
2
2
0
2
1
0
0
0
0
1
1
0
1
1
0
0
1
1
0
1
0
0
0
1
0
2
0
0
0
2
0
2
1
0
0
0
0
0
0
0
0
0
0
0
0
0
0
0
1
1
0
0
1
0
1
2
0
1
0
1
1
3
1
0
2
1
1
1
0
0
0
0
0
0
1
1
1
0
0
0
2
0
0
0
0
1
1
1
0
0
0
0
0
2
0
1
1
0
2
1
1
0
0
0
0
0
0
0
1
1
1
0
0
0
0
0
0
0
1
0
0
0
1
0
1
1
0
0
0
0
0
0
0
0
2
1
0
0
0
0
1
0
0
1
1
0
0
1
0
0
0
0
1
1
1
0
0
0
0
1
0
0
1
0
1
1
0
0
0
0
0
1
0
0
0
0
1
0
0
0
0
0
1
0
1
0
0
0
0
0
0
0
0
0
0
0
1
0
0
2
1
0
0
1
2
0
0
0
1
0
0
0
1
0
0
0
1
0
0
0
0
1
0
1
0
0
0
0
0
0
1
0
0
0
0
0
0
0
0
0
1
0
0
0
0
1
0
0
0
0
0
0
0
0
0
0
0
0
0
0
0
0
0
0
0
0
0
0
1
0
0
0
0
0
0
0
0
0
0
0
0
0
1
0
0
0
0
0
1
1
0
0
0
0
0
0
0
0
0
1
0
0
1
0
1
0
1
0
1
0
0
0
0
0
0
0
0
0
0
0
0
