0
0
0
0
0
0
0
0
0
0
0
0
0
0
0
0
0
0
0
0
0
0
0
0
0
0
0
0
0
0
0
0
0
0
0
0
0
0
0
0
0
0
0
0
0
0
0
0
0
0
0
0
0
0
0
0
0
0
0
0
0
0
0
0
0
0
1
0
0
0
0
2
1
3
3
1
2
1
5
2
4
5
9
42
125
371
1001
2249
4903
9536
17184
27800
40814
53966
66275
72951
73484
66893
55035
40946
27939
17354
9764
5072
2391
1027
384
128
38
11
4
1
0
0
2
3
4
0
1
0
0
0
0
0
0
0
1
1
0
0
0
11
42
57
38
44
47
53
44
47
42
55
38
56
37
44
46
39
50
30
32
45
41
35
40
35
43
51
36
29
41
33
44
42
37
36
34
22
43
43
45
38
29
24
40
36
26
49
35
30
34
37
43
33
35
43
35
24
45
37
34
45
52
45
45
50
45
46
54
59
67
86
99
104
147
143
171
176
155
149
157
122
109
105
76
56
59
48
46
55
43
42
51
49
44
48
40
42
39
50
43
46
48
53
56
52
61
48
62
69
66
66
93
85
84
105
104
125
110
119
145
131
147
150
173
189
264
362
633
1057
1801
2999
4676
6998
9958
13769
17859
21677
25393
27428
28642
27920
26424
22909
19535
15633
12082
8958
6454
4633
3307
2318
1680
1323
972
668
489
380
305
303
324
378
496
654
798
939
1047
1062
1067
1032
972
781
678
550
398
280
223
172
146
95
86
82
67
71
65
44
35
27
19
26
12
14
9
10
16
10
8
6
8
10
8
17
10
8
13
10
7
15
4
6
8
6
9
8
11
8
4
10
11
8
8
10
6
16
6
9
9
7
12
13
20
33
17
18
33
25
22
32
21
23
25
19
12
26
21
14
15
19
17
21
19
22
9
14
20
14
23
19
21
13
22
19
19
20
7
15
18
11
10
10
6
11
8
7
8
9
7
6
5
7
8
8
7
9
9
5
6
5
1
9
4
5
6
3
9
2
4
4
5
5
5
8
4
4
5
9
11
13
10
21
14
25
24
20
14
16
21
19
26
16
17
14
16
8
3
11
10
10
11
10
5
15
14
11
8
9
6
14
5
13
7
15
8
8
5
9
11
7
4
7
6
8
6
2
7
6
8
6
9
3
6
7
6
7
3
2
6
5
7
4
4
10
4
2
5
3
8
3
4
2
5
10
6
7
6
2
5
6
1
9
2
5
2
5
6
6
6
3
11
3
9
9
4
4
8
7
8
10
7
3
3
6
4
2
5
5
5
1
4
11
10
7
4
9
4
4
8
4
5
11
4
6
11
5
9
3
4
5
4
6
11
7
9
11
4
10
7
5
5
6
7
7
14
8
8
11
5
7
7
4
7
4
3
12
10
12
10
5
9
9
9
10
15
14
5
11
7
15
9
8
13
9
8
9
12
9
9
6
15
11
13
9
9
6
8
9
12
8
14
12
9
11
4
15
6
15
14
6
8
15
14
8
8
10
16
16
16
9
12
17
13
13
11
16
9
9
16
17
12
16
18
11
10
14
13
17
18
20
18
23
16
23
18
17
20
22
23
20
23
22
15
33
25
16
22
16
26
22
12
27
13
19
30
24
23
24
17
15
19
15
16
18
18
15
11
11
24
18
15
15
23
18
34
23
17
19
22
27
15
19
14
13
12
22
23
22
18
20
16
18
21
23
20
28
16
27
24
16
34
20
26
16
20
18
36
24
25
25
27
25
23
18
33
23
26
26
31
33
36
27
20
20
22
38
26
36
19
30
33
33
25
29
27
36
31
29
26
26
27
44
35
32
24
44
35
25
31
45
33
51
52
36
36
51
39
42
40
35
55
47
48
45
42
46
51
47
35
59
46
51
55
50
50
57
50
57
52
51
60
62
59
62
62
81
54
67
66
84
75
80
96
81
93
111
109
131
120
135
116
144
154
145
137
143
173
153
146
130
132
116
103
104
134
101
105
90
95
95
96
72
97
90
87
81
89
87
75
94
85
74
87
83
67
77
86
80
75
79
80
64
81
80
85
93
83
89
82
83
78
97
79
80
82
82
71
75
72
93
73
74
74
84
77
77
81
75
77
71
69
72
73
73
68
72
72
64
79
89
70
67
56
82
87
71
90
81
78
87
83
58
69
73
66
73
73
75
85
64
62
74
94
63
72
88
72
77
72
70
83
73
79
83
71
72
88
97
78
64
81
65
70
69
79
69
79
77
55
70
81
79
70
86
72
86
75
83
89
80
90
91
91
95
82
91
98
102
75
87
65
74
99
90
91
94
92
95
121
114
121
116
133
172
171
219
294
324
432
482
537
686
835
985
1104
1270
1465
1615
1785
1844
1897
2016
2087
2021
1902
1867
1772
1609
1544
1319
1136
1054
897
708
588
439
402
348
287
254
183
169
138
140
129
142
112
112
120
110
111
106
121
111
100
122
99
98
105
114
116
124
105
93
120
109
118
108
96
129
129
134
125
93
140
126
122
117
128
120
109
119
107
106
117
128
111
117
109
119
114
130
120
121
135
103
101
119
105
144
133
123
126
138
136
135
140
124
168
144
164
166
204
222
224
267
253
271
306
313
323
358
352
374
361
377
383
371
367
333
324
301
304
225
230
234
200
206
173
163
151
155
134
135
130
145
144
129
141
121
134
125
138
117
129
149
138
134
131
141
144
112
143
180
142
135
146
141
148
129
157
168
170
165
148
145
139
166
147
163
168
149
188
169
189
155
170
177
190
196
157
189
175
192
180
185
165
175
191
181
171
176
180
194
163
199
169
166
198
187
189
187
185
181
208
173
196
217
195
197
174
205
224
224
195
248
242
226
204
269
236
249
241
233
240
276
252
247
250
264
241
264
246
267
261
275
286
294
276
270
293
273
282
270
304
267
273
269
283
278
265
267
282
257
269
277
265
281
285
283
280
273
239
259
250
245
287
254
276
259
256
253
245
214
240
211
214
228
219
226
199
229
227
180
200
187
204
220
179
182
206
190
185
190
152
174
180
163
173
150
172
168
172
166
159
153
149
156
185
172
159
160
144
162
165
150
175
128
173
148
127
177
152
168
161
168
154
167
157
160
144
173
182
155
162
173
146
149
180
178
176
153
138
161
151
177
171
183
169
202
185
180
195
185
194
201
169
184
174
180
178
214
198
199
206
192
195
224
215
211
210
198
215
225
195
204
201
241
232
233
234
211
206
200
192
223
217
209
204
205
221
235
210
219
229
208
234
215
229
216
194
196
218
215
210
184
178
205
192
179
203
182
184
203
202
185
215
198
213
199
177
173
199
194
194
168
189
197
168
151
160
189
166
176
162
158
192
160
180
153
190
209
173
176
188
188
173
178
173
189
171
197
152
175
195
192
166
164
143
163
174
175
190
181
156
182
176
169
195
168
191
196
176
181
176
160
185
164
171
154
142
162
181
168
148
159
165
161
175
164
195
166
170
173
188
172
179
178
200
164
191
225
179
177
156
166
178
185
169
173
157
197
197
187
218
193
179
173
186
195
199
183
199
199
211
188
163
182
186
202
190
210
176
165
178
197
167
189
176
189
180
174
200
197
158
195
178
182
207
174
202
183
197
193
181
223
192
183
194
202
190
196
213
183
182
193
185
176
203
203
194
184
231
186
202
191
189
212
185
186
212
193
219
213
200
189
229
208
253
194
205
197
213
232
210
203
194
221
168
201
190
209
206
231
221
232
206
213
222
203
220
244
194
206
204
193
239
228
212
217
193
211
208
216
245
228
197
218
217
217
220
195
218
203
224
212
232
180
199
215
177
193
188
217
188
202
224
209
162
171
176
176
189
206
189
189
183
208
192
197
199
194
220
195
192
167
204
201
216
178
210
195
181
164
198
190
179
191
203
193
207
164
204
207
197
186
212
184
166
178
219
196
181
178
181
193
188
179
190
177
199
220
182
200
174
168
199
183
209
188
188
217
191
195
194
189
175
159
189
196
179
189
202
208
183
173
186
222
172
188
217
168
182
184
180
188
172
168
215
181
172
190
176
199
187
215
183
200
195
191
194
209
198
200
209
186
173
192
185
204
189
180
205
203
180
194
176
211
156
193
181
200
184
191
190
195
192
181
195
219
189
179
188
189
198
175
164
203
182
189
190
194
184
178
188
192
182
206
204
193
196
196
196
195
219
203
199
201
191
190
193
192
186
198
210
186
181
167
203
205
170
191
191
198
196
177
204
180
204
192
197
191
177
204
184
191
190
201
201
193
201
188
190
203
201
199
210
208
208
196
207
202
221
210
209
213
203
187
207
208
230
220
216
172
210
186
204
230
219
238
216
211
233
229
237
260
227
224
226
248
212
245
251
257
244
240
235
254
263
228
255
276
245
250
264
259
280
268
286
295
288
289
266
286
248
291
312
292
312
313
294
285
289
290
283
314
314
350
342
308
356
349
343
390
346
372
392
395
379
429
402
424
402
414
460
475
465
484
456
476
502
501
543
569
571
596
643
651
700
713
733
735
724
765
775
780
815
850
895
942
936
967
1004
955
956
1056
1081
1084
1049
1054
1157
1107
1112
1146
1206
1161
1097
1148
1157
1200
1111
1127
1185
1153
1107
1129
1103
1121
1106
1026
1098
1017
935
965
1028
986
998
947
889
906
864
806
800
798
800
727
654
618
665
637
629
633
594
575
566
497
487
466
462
430
430
400
413
380
365
405
365
320
337
352
319
307
317
311
284
305
280
321
291
281
269
267
270
263
246
277
228
243
255
222
242
230
222
227
224
232
216
193
216
202
215
195
205
201
190
200
193
188
192
204
181
149
196
187
188
188
175
193
172
197
209
214
231
247
254
262
239
255
307
276
323
343
337
344
350
370
373
369
415
430
416
456
418
426
404
381
408
446
426
376
452
373
382
357
367
331
326
314
270
260
273
244
249
210
214
187
179
173
185
179
147
171
149
145
116
122
137
130
141
131
107
127
143
143
132
154
123
137
135
114
133
106
136
146
136
125
146
152
148
158
142
134
151
145
147
144
154
140
168
172
160
155
157
178
162
185
162
184
183
191
195
178
210
192
205
204
185
230
231
195
210
202
200
203
239
187
202
192
177
198
225
229
221
213
205
200
207
210
227
201
191
212
175
183
208
198
185
202
174
212
167
203
182
199
177
173
171
169
168
161
172
157
154
149
145
154
138
147
150
120
134
118
122
124
100
139
123
118
94
107
101
116
106
108
91
109
103
74
79
88
101
82
84
76
83
60
88
105
82
78
76
65
73
80
76
71
65
74
73
68
62
58
77
68
77
59
67
69
63
61
79
71
74
67
66
57
70
58
57
56
59
43
56
67
61
54
49
40
58
61
58
64
48
59
52
45
51
49
55
58
48
46
43
49
46
46
58
42
50
51
57
48
46
43
50
60
49
40
50
46
56
43
59
53
54
48
57
64
51
50
61
79
74
72
76
71
64
72
65
68
55
64
78
60
69
57
55
56
61
63
51
54
49
37
54
51
45
37
47
39
45
35
36
56
39
37
37
38
46
36
43
34
36
30
40
47
41
34
34
39
40
34
42
54
40
36
28
42
40
38
47
39
33
32
36
31
30
38
31
36
28
34
21
28
30
31
15
40
33
26
37
31
32
36
21
30
22
19
33
19
46
32
32
32
27
31
33
25
25
23
30
26
36
24
28
25
22
38
32
31
30
34
30
31
24
44
20
28
16
26
30
22
18
23
23
26
28
23
25
25
26
26
25
21
31
24
33
25
29
28
31
28
19
30
29
25
29
26
20
22
26
22
24
29
23
33
23
30
19
17
19
32
21
31
31
31
16
19
31
12
30
24
17
27
21
22
28
21
22
28
24
26
17
25
31
24
28
29
19
16
21
18
24
26
26
31
21
21
21
25
22
20
39
17
24
23
25
18
21
13
18
22
26
16
27
26
27
22
19
28
18
16
19
25
36
26
19
17
19
22
19
24
20
25
18
25
24
29
12
22
30
16
19
28
20
16
17
16
26
16
19
21
23
15
17
19
23
17
18
16
25
16
22
18
20
21
26
16
10
24
17
16
18
21
22
22
12
25
20
30
12
16
22
6
16
16
19
13
15
20
20
14
14
14
16
17
18
18
18
10
23
19
16
20
20
23
15
15
15
18
23
17
18
20
15
11
18
11
20
23
18
18
15
24
21
19
13
17
9
7
12
13
15
21
13
16
10
15
14
12
17
16
18
11
17
11
12
11
9
15
18
17
12
15
12
20
19
8
13
9
12
22
14
9
20
17
16
11
14
12
12
17
15
18
8
23
12
9
13
10
11
12
12
12
9
11
9
12
18
15
10
13
14
10
9
10
14
25
7
10
17
20
12
15
10
14
13
15
7
16
13
12
18
10
9
13
16
9
8
14
16
8
17
9
11
7
15
12
15
12
11
11
9
21
22
7
16
8
13
7
10
16
5
7
12
13
10
9
14
19
7
12
13
7
17
15
7
12
11
12
12
8
9
6
13
11
14
9
6
13
10
12
7
17
11
8
13
17
9
11
12
9
12
6
7
10
9
7
5
15
8
9
5
11
6
9
14
13
11
3
9
5
11
14
6
13
17
15
11
9
9
5
8
11
5
4
5
12
8
14
8
8
7
9
13
9
9
12
11
10
12
10
9
9
5
5
8
3
8
8
13
6
8
14
12
4
5
12
7
5
7
16
16
12
7
7
9
7
7
10
7
8
6
5
4
3
7
10
4
6
11
10
10
9
13
7
6
9
6
6
10
7
9
2
6
5
6
16
11
9
10
5
5
9
6
4
5
8
5
8
6
8
9
5
13
6
5
7
7
11
11
6
10
5
2
12
6
11
5
3
3
6
3
3
6
6
5
11
7
5
7
9
7
9
4
5
6
8
3
5
7
5
6
7
8
4
5
9
6
7
6
5
5
10
9
9
5
7
8
7
3
2
7
4
5
4
5
8
8
16
5
4
5
5
6
7
7
4
7
7
6
4
8
5
9
5
8
6
12
6
6
2
9
10
2
5
8
5
6
6
6
6
2
6
6
8
4
5
3
4
3
7
5
8
4
6
6
2
5
5
1
7
8
4
3
4
5
2
4
4
11
5
1
8
2
5
5
7
2
4
9
3
7
10
9
3
7
2
3
7
3
4
5
4
6
4
3
8
1
7
4
4
2
7
4
5
4
5
7
4
5
5
4
6
6
3
4
6
5
5
1
4
4
1
3
2
10
1
8
7
6
7
5
0
2
4
4
6
5
5
4
6
2
3
7
4
4
4
5
3
4
5
5
3
4
2
5
9
4
3
5
10
4
4
6
4
5
5
5
3
6
4
3
6
1
4
6
9
4
7
3
5
5
2
0
2
3
5
4
2
2
3
3
5
5
6
2
4
2
1
8
3
1
9
5
6
5
4
2
2
3
5
3
4
2
8
4
4
1
2
6
3
1
3
1
3
2
1
2
7
3
3
6
4
3
3
3
1
6
5
5
0
4
2
3
3
2
2
3
2
1
1
4
1
1
0
3
2
4
4
2
3
3
3
2
3
1
3
5
4
2
2
3
2
4
4
2
5
6
3
2
0
2
3
4
2
4
3
3
4
2
2
0
4
5
2
3
3
2
5
2
1
3
6
2
3
3
0
2
1
3
3
6
2
1
4
1
1
3
0
3
1
3
5
1
2
5
2
1
0
1
3
3
2
2
1
1
2
1
1
4
3
1
2
2
3
4
1
0
3
1
3
2
5
4
2
2
2
2
4
2
0
2
1
0
1
5
0
3
2
4
1
0
2
2
3
4
1
3
1
1
2
1
3
1
0
1
2
0
2
2
3
1
1
5
1
1
3
1
1
0
1
2
0
1
0
0
2
1
2
1
2
2
1
3
1
1
1
0
1
3
1
3
2
1
0
2
1
1
2
0
4
4
3
0
1
1
0
2
1
3
1
0
1
2
2
1
1
1
2
3
3
2
3
0
0
4
0
2
3
3
1
0
1
2
0
1
2
2
0
3
2
0
2
3
0
2
0
3
1
2
1
2
1
2
0
1
1
1
1
1
1
0
1
2
3
2
3
1
2
2
1
0
0
1
0
0
0
1
0
0
0
1
0
0
2
1
1
1
2
1
0
3
0
2
0
2
0
0
2
2
1
1
0
1
1
0
0
0
2
1
1
1
1
0
1
0
1
0
0
0
2
2
3
0
2
3
0
1
0
0
3
1
1
3
1
1
1
0
0
1
0
1
1
0
0
0
1
0
0
0
0
1
0
0
1
1
0
1
2
2
2
1
2
0
0
3
0
1
0
2
0
0
0
0
0
1
1
0
0
3
3
0
4
0
1
1
0
0
0
1
3
0
0
0
1
0
0
0
1
1
0
1
0
1
3
1
1
1
2
1
1
0
1
0
1
2
0
1
1
0
1
1
1
0
1
0
0
1
0
0
0
1
2
1
2
0
0
0
2
2
0
0
0
2
1
0
1
0
1
3
2
1
0
2
0
1
1
2
1
1
1
1
0
1
0
0
0
0
0
0
0
0
2
0
0
0
2
0
1
0
0
0
0
0
0
1
0
0
0
1
0
0
0
1
0
0
0
1
0
1
2
0
4
0
0
0
0
0
0
0
1
2
0
0
0
0
0
2
2
1
1
1
1
0
0
0
0
0
0
0
1
0
0
0
2
0
0
0
0
1
2
0
2
0
1
1
2
0
0
1
1
0
3
0
0
0
0
0
0
0
0
0
0
0
1
0
0
1
1
0
0
3
0
2
0
0
1
0
0
1
1
0
2
0
0
0
0
1
0
0
2
0
1
0
0
3
0
0
1
0
0
0
1
0
1
0
0
0
0
1
0
1
1
0
0
0
0
3
0
0
1
0
0
0
0
0
0
1
0
1
0
1
0
0
2
0
1
0
0
0
0
0
0
1
0
1
1
0
1
1
1
0
0
1
1
2
0
0
0
0
0
1
1
0
0
0
1
0
0
2
1
0
0
0
0
0
0
1
0
1
0
0
0
0
1
0
0
0
0
0
1
0
0
1
0
0
0
0
1
0
0
0
0
0
0
0
0
0
1
0
0
1
0
0
1
0
1
0
1
0
1
0
0
0
0
0
0
1
0
0
1
0
0
0
0
0
1
0
0
0
0
0
0
0
0
0
0
0
1
0
0
0
0
0
0
0
1
0
0
0
0
0
0
0
0
1
0
0
0
1
0
0
0
0
0
0
1
0
0
0
0
0
1
0
0
0
0
0
0
0
1
0
0
1
0
0
0
0
0
0
0
0
0
1
0
1
0
0
0
0
0
0
0
0
0
0
0
0
0
0
0
0
0
0
0
0
0
0
0
0
1
0
0
0
0
0
0
0
0
0
0
0
0
0
0
0
0
