0
0
0
0
0
0
0
0
0
0
0
0
0
0
0
0
0
0
0
0
0
0
0
0
0
0
0
0
0
0
0
0
0
0
0
0
0
0
0
0
0
0
0
0
0
0
0
0
0
0
0
0
0
0
0
0
0
0
0
0
0
0
0
0
1
0
1
3
0
3
0
0
1
3
3
4
3
7
3
0
1
5
14
38
130
343
890
2233
4696
9559
16919
27553
40571
54846
66216
73079
73206
66767
54973
41390
28217
17476
9911
4837
2280
920
396
135
37
16
5
4
1
3
4
0
2
0
0
0
1
0
0
1
0
2
0
0
0
0
0
2
42
49
48
58
47
43
37
51
38
44
50
38
51
50
49
51
40
32
43
36
47
39
33
43
48
37
46
35
35
32
43
43
39
49
31
36
50
40
37
41
29
41
34
42
44
25
31
28
39
38
44
24
49
35
38
45
46
45
47
38
33
38
49
53
53
46
69
53
89
75
100
116
138
156
168
153
167
176
139
125
92
85
85
80
59
52
43
46
55
35
53
44
54
55
41
46
52
29
45
59
52
57
51
68
64
61
64
56
80
72
66
82
105
91
131
112
130
163
174
166
172
223
243
286
361
510
826
1262
1946
3228
5041
7413
10729
14424
18673
22515
26132
28886
29758
29454
27597
24690
20377
16656
12458
9355
7044
4862
3483
2531
1774
1300
1001
729
590
433
400
356
402
449
554
698
772
948
1007
1052
1042
933
942
776
632
534
419
264
236
170
128
99
115
73
74
73
53
47
44
27
33
24
11
15
13
14
11
5
8
4
7
7
3
6
6
7
7
7
10
10
14
7
7
8
14
8
10
7
11
9
10
8
9
14
7
12
7
14
11
9
15
11
21
17
27
20
25
28
36
33
26
26
31
24
16
13
14
15
13
21
25
21
18
17
18
20
17
24
20
20
13
14
24
17
16
16
17
20
14
21
9
14
14
11
4
7
8
9
4
8
11
7
6
11
8
3
4
7
9
5
7
4
4
7
8
7
4
3
8
4
4
5
9
5
8
3
7
10
14
13
17
14
19
21
19
28
33
21
34
24
9
14
16
7
9
18
6
12
10
11
9
9
7
12
10
8
10
11
16
12
5
12
13
8
7
9
9
5
6
5
5
11
5
8
6
13
2
5
8
11
9
6
8
4
4
3
4
12
6
6
2
7
6
3
5
5
4
7
7
5
5
8
3
9
5
1
8
7
5
4
6
7
6
8
5
6
12
2
4
7
7
8
3
8
5
4
5
5
9
9
5
5
4
10
3
5
7
6
12
8
2
4
5
7
5
10
11
6
5
11
9
4
7
3
6
13
5
7
14
4
3
15
3
6
9
15
6
3
9
7
9
9
12
9
8
5
4
8
7
14
8
7
8
6
9
13
6
6
6
12
11
7
4
13
9
12
11
10
7
11
11
10
4
7
10
9
13
9
13
12
14
9
12
5
11
8
12
6
10
12
18
12
8
8
18
11
8
12
10
13
16
11
11
6
8
6
8
12
13
10
10
11
14
24
12
21
12
11
16
17
15
20
9
16
17
18
20
17
19
23
11
8
16
23
14
14
16
10
18
19
17
20
19
19
15
14
16
20
15
15
15
17
17
13
26
13
18
20
17
17
18
21
15
28
22
21
18
28
19
21
25
23
25
29
22
26
17
22
21
27
25
23
23
21
27
25
16
19
25
22
25
24
18
22
29
27
32
22
33
29
23
24
28
26
25
39
25
28
25
28
23
22
30
38
34
26
37
26
33
29
36
28
24
32
32
36
32
24
39
44
38
19
28
38
41
34
43
39
37
45
35
31
34
40
32
50
40
41
51
38
44
42
47
45
49
44
54
50
51
47
63
39
59
42
65
39
51
53
54
52
50
47
61
62
59
64
52
52
63
66
63
56
70
71
63
66
68
54
69
66
68
65
69
83
84
100
72
78
82
87
92
93
76
84
80
106
107
89
102
84
103
102
79
106
91
77
99
77
84
73
99
84
79
90
72
90
90
92
77
80
83
71
73
78
88
93
76
88
87
86
73
79
69
85
66
67
77
88
80
67
81
81
73
79
79
76
80
69
70
72
68
66
52
51
68
69
78
74
64
73
60
67
66
82
53
61
77
62
63
74
74
60
70
66
78
72
79
76
96
72
68
73
72
58
66
64
75
63
87
53
70
78
84
78
75
65
68
69
70
62
75
78
65
84
51
77
80
89
80
60
76
76
75
72
81
74
75
85
74
72
72
90
71
88
64
80
85
83
70
83
81
67
69
79
91
95
90
73
86
94
84
100
81
77
91
96
80
65
114
75
107
124
118
156
184
226
270
293
368
454
567
691
841
987
1113
1355
1439
1624
1771
1892
1992
2119
2100
2150
1931
1939
1860
1692
1513
1435
1287
1062
947
762
638
583
410
332
310
212
219
172
138
125
115
103
117
118
91
82
95
106
101
103
105
97
120
80
104
102
96
102
101
102
93
89
94
100
104
94
86
110
123
86
116
89
104
92
106
111
119
113
99
105
86
112
137
123
113
108
119
117
100
112
118
117
109
110
120
115
106
114
111
127
128
112
134
121
134
147
166
176
195
193
256
257
235
259
278
315
359
375
400
394
390
385
329
356
354
350
300
314
289
269
234
209
219
204
179
172
150
144
158
129
139
154
159
130
144
147
127
141
148
132
168
140
143
147
172
132
148
141
154
144
130
180
167
163
170
157
138
137
151
169
176
155
175
163
171
154
170
166
177
156
172
169
169
165
187
205
172
204
206
205
203
194
195
181
229
189
223
228
225
242
211
222
243
251
257
269
262
289
244
250
232
250
270
260
262
271
252
224
267
273
277
249
262
282
256
273
263
303
286
270
295
270
265
266
241
274
281
254
259
246
232
242
216
251
241
228
225
211
208
230
211
199
200
186
170
184
187
163
183
175
174
181
171
182
180
178
148
167
162
164
156
150
172
174
143
164
171
167
159
142
139
170
179
148
170
141
143
147
141
179
155
157
147
158
166
162
133
156
143
159
155
135
139
139
167
147
155
156
145
130
153
139
151
159
147
140
171
156
155
151
150
142
164
167
171
142
159
139
149
146
158
147
155
160
143
147
176
123
151
146
143
164
150
141
151
165
132
151
161
167
139
180
155
161
146
150
152
149
143
159
178
183
163
148
157
157
151
166
116
140
154
160
146
194
168
132
167
151
178
148
171
155
153
143
148
159
169
160
175
157
155
163
145
165
164
158
150
172
162
151
188
163
193
158
167
185
156
170
175
181
171
176
149
172
160
178
198
190
178
183
178
174
189
175
180
163
171
173
192
185
189
175
183
168
201
187
181
188
215
184
208
200
190
192
199
214
179
190
185
192
197
184
194
183
188
199
220
211
206
187
184
194
204
184
193
194
206
185
190
201
197
166
185
180
191
195
173
193
193
200
178
205
188
187
190
193
200
196
198
233
195
183
168
216
206
207
189
176
175
208
171
193
197
210
194
172
222
202
198
208
192
223
205
208
207
207
204
231
207
207
231
222
206
200
256
219
216
253
207
242
251
203
226
239
231
240
244
204
202
254
239
248
224
253
253
235
231
258
239
248
242
271
248
239
259
252
244
238
272
267
254
239
219
235
232
240
238
237
252
260
259
245
262
249
231
239
251
248
280
225
240
242
197
224
241
226
233
195
244
221
207
213
223
195
219
220
215
191
196
224
244
223
234
198
217
246
182
206
192
199
195
201
189
193
204
206
210
180
204
200
206
200
196
204
198
201
188
228
193
216
183
201
194
212
178
192
190
201
181
207
195
180
192
204
221
199
196
194
190
195
208
211
172
192
182
174
210
183
211
203
203
188
192
191
188
195
190
201
198
176
195
194
162
175
214
210
169
187
193
199
186
166
213
183
193
174
192
191
180
205
155
187
175
183
190
165
172
182
191
177
189
182
195
177
197
200
169
206
192
176
183
169
192
187
171
184
211
194
163
208
202
204
171
204
174
202
185
171
195
199
183
201
178
165
168
195
181
187
164
194
192
193
191
212
209
181
204
185
194
200
180
194
197
167
195
162
154
169
181
194
189
194
195
207
182
193
195
217
183
176
202
201
219
190
189
175
208
196
183
198
213
211
218
211
193
195
206
215
190
197
195
180
205
163
217
173
208
215
201
200
207
160
200
196
169
188
175
213
219
187
201
215
174
201
204
192
224
191
226
204
194
184
187
189
213
211
213
179
214
181
207
193
213
228
192
210
188
218
191
207
196
201
214
222
212
194
214
202
198
232
209
218
205
210
179
197
249
221
201
202
199
220
218
241
246
241
238
224
219
213
233
240
235
230
209
245
231
254
226
245
240
251
206
239
256
222
239
259
270
244
231
227
256
269
249
243
283
265
287
275
282
271
301
252
290
289
273
331
276
301
325
307
292
315
320
311
273
307
336
312
336
309
311
363
344
357
360
386
365
399
364
357
333
397
379
437
391
433
425
470
468
464
439
497
522
532
557
556
557
595
632
607
668
681
607
704
706
740
750
775
832
831
822
932
879
872
916
946
1026
1021
975
1043
1089
1021
1069
1097
1008
1184
1116
1154
1157
1168
1179
1126
1178
1161
1183
1140
1117
1156
1177
1127
1122
1102
1072
1018
1026
1094
1033
1022
974
925
954
946
941
887
861
767
791
735
783
733
706
688
718
626
624
601
546
535
486
465
518
463
455
449
445
423
420
405
383
387
371
339
333
312
326
307
296
299
340
271
275
275
267
247
272
282
254
242
274
257
268
230
246
222
247
218
230
220
205
200
213
226
199
188
197
175
194
224
190
205
204
188
201
201
176
195
192
180
165
188
185
169
213
195
204
202
203
184
213
239
252
252
254
276
286
272
315
297
327
325
333
347
322
344
369
381
390
370
400
396
396
380
333
364
381
394
320
333
315
307
321
294
272
264
255
213
213
209
198
192
182
172
150
153
146
151
136
144
149
159
128
127
140
126
121
113
128
130
129
141
127
123
141
135
145
124
145
109
146
155
139
155
150
149
135
153
182
137
168
124
153
162
169
157
191
169
159
173
158
187
200
183
179
182
179
198
182
206
189
200
209
205
203
205
217
209
189
232
208
221
207
236
210
211
229
177
205
226
210
231
195
204
217
220
190
196
201
196
210
204
175
185
226
189
172
179
161
192
184
180
174
157
166
180
165
157
173
158
140
177
137
126
150
129
116
123
113
104
113
116
132
111
112
103
96
115
101
89
102
109
95
102
89
108
108
94
90
83
86
76
82
84
72
69
86
79
90
66
85
69
65
69
73
73
74
81
60
64
58
68
67
73
64
64
68
62
50
64
68
69
53
59
53
53
72
66
55
51
56
53
57
50
39
51
48
61
42
57
53
52
57
54
49
42
50
43
45
57
49
52
50
49
44
47
48
45
49
46
53
41
54
49
54
42
53
46
57
41
60
51
63
60
67
80
59
77
44
72
70
82
57
64
56
93
59
66
65
73
56
63
54
65
57
56
49
60
39
54
53
42
42
40
48
40
35
40
37
39
29
29
53
25
47
37
48
28
34
34
46
54
37
31
47
33
37
45
31
29
36
43
35
38
41
42
40
35
38
27
32
26
41
35
28
20
31
31
35
35
21
39
30
32
29
21
25
37
40
38
35
25
22
32
32
34
28
22
31
24
22
41
25
33
41
21
34
28
31
31
21
22
37
26
27
29
31
37
32
28
34
35
28
31
20
31
26
25
31
28
29
35
28
21
16
30
27
24
21
28
39
29
28
33
22
35
27
22
28
32
32
26
36
34
18
25
32
29
22
20
26
20
21
25
28
28
23
21
17
20
28
23
20
22
22
20
18
23
22
20
25
23
20
24
23
20
22
20
22
35
36
23
28
26
19
23
21
27
23
26
22
23
16
30
18
17
23
22
29
23
25
20
21
29
21
18
27
19
20
22
19
21
34
19
20
29
20
23
22
22
28
12
25
20
16
15
32
15
19
18
21
14
19
23
20
20
20
17
26
17
17
18
25
28
23
23
26
25
21
22
18
17
10
24
17
24
27
17
21
16
13
18
17
14
22
20
15
11
29
17
28
23
16
20
19
22
10
29
22
21
17
29
11
15
21
20
8
16
17
9
13
11
10
15
23
16
19
9
14
18
10
18
20
17
26
15
21
13
17
22
27
20
16
19
24
15
17
18
20
12
20
13
13
19
7
22
19
14
21
20
14
9
16
23
20
14
18
12
13
9
11
15
18
25
8
10
19
14
15
14
15
12
20
12
16
14
17
20
12
14
9
14
13
12
24
20
14
14
11
13
20
18
10
12
11
12
20
13
8
17
18
7
12
7
15
6
17
18
9
14
7
23
8
12
18
12
13
13
12
21
17
14
13
11
10
13
12
14
12
9
14
9
12
17
11
8
15
13
15
11
13
15
19
15
13
6
14
16
10
14
12
9
9
14
9
9
13
12
14
6
12
13
11
16
14
13
12
13
15
10
14
5
15
11
11
7
3
15
15
11
20
11
8
16
9
7
13
7
13
17
8
8
9
14
12
16
3
12
10
8
10
12
11
12
8
17
15
8
10
12
7
11
16
13
13
8
6
8
18
5
16
8
10
10
4
7
8
14
12
7
16
5
15
8
9
6
8
14
11
7
8
3
9
13
16
11
7
9
13
5
11
7
8
9
9
11
9
9
8
18
12
11
4
8
13
6
9
9
6
5
16
5
11
9
4
16
4
6
7
6
12
11
7
4
12
9
6
10
5
3
20
7
2
2
7
7
11
4
9
14
8
4
15
10
3
11
11
8
6
7
6
8
6
10
6
3
3
9
10
9
5
11
8
5
14
10
10
8
7
7
5
7
5
7
3
4
6
9
7
5
7
7
3
12
10
11
4
9
7
2
14
8
4
3
5
9
6
5
3
3
6
4
2
7
6
8
7
7
8
13
3
6
3
5
5
2
6
5
7
8
3
6
7
6
6
3
4
10
5
5
8
5
6
7
4
7
7
6
6
1
4
8
12
6
6
3
3
6
5
5
7
3
5
7
3
7
7
5
6
4
3
3
6
7
4
8
6
2
2
7
2
5
2
5
7
4
9
3
5
5
6
3
3
6
8
7
7
6
6
5
3
9
2
5
5
7
5
2
4
5
5
4
4
3
5
6
4
4
1
6
2
6
6
3
2
8
4
3
4
3
7
3
4
6
5
3
8
4
6
3
4
7
4
1
3
3
4
2
5
5
3
3
6
9
3
5
1
4
5
2
3
5
4
6
2
3
8
6
6
4
2
4
6
3
3
5
4
4
3
5
4
6
4
3
8
4
4
3
4
3
4
5
2
4
5
4
5
6
5
1
3
4
2
6
2
4
1
2
4
4
6
2
4
5
0
2
2
3
1
2
1
1
2
2
3
3
4
1
4
4
2
1
2
1
4
3
2
2
3
8
4
2
1
6
3
4
1
4
0
4
2
4
0
1
0
2
4
2
3
1
3
1
3
2
0
3
3
3
7
2
2
0
3
2
5
3
5
1
1
3
2
4
1
3
4
4
2
3
3
4
0
2
2
6
2
2
5
6
1
3
0
5
3
2
2
0
1
3
2
5
3
1
6
2
2
1
2
3
5
4
6
3
1
4
2
6
8
4
2
3
7
2
2
4
5
1
2
1
4
0
3
3
5
3
6
2
1
1
1
2
2
3
2
3
4
1
1
3
3
0
0
3
1
5
3
3
2
4
0
3
2
1
2
2
5
1
0
3
5
0
2
2
2
2
2
1
0
3
2
1
0
3
2
3
1
1
2
1
0
1
1
3
3
1
0
0
1
2
3
3
1
4
3
2
2
4
2
1
1
0
4
5
1
3
2
0
2
0
4
1
4
4
3
1
0
2
1
0
3
1
1
1
0
3
0
2
3
1
2
0
1
1
1
2
3
2
1
0
1
3
2
1
0
2
1
5
2
5
1
0
0
0
1
1
1
1
1
1
1
1
1
1
1
5
1
1
0
1
1
1
1
0
2
0
1
0
1
2
0
0
1
2
0
1
4
1
0
0
0
4
2
0
2
0
0
1
5
3
3
0
3
1
1
2
2
0
0
0
2
2
1
0
1
0
4
1
2
0
1
1
1
3
0
1
1
1
2
0
0
2
2
0
0
2
0
0
0
2
1
3
1
1
1
0
2
0
0
3
1
0
0
1
1
1
0
1
2
0
3
1
0
0
1
3
1
0
1
2
0
1
1
2
2
3
0
2
0
0
2
1
0
0
2
1
1
3
2
0
0
1
2
0
0
1
1
2
1
1
1
1
0
0
1
1
0
0
0
1
0
2
0
0
1
1
0
0
0
0
0
1
0
0
1
0
2
0
0
1
0
0
1
0
1
0
0
0
2
1
0
1
3
0
0
0
1
1
0
1
0
0
0
1
1
1
0
1
2
1
0
2
4
0
0
0
0
1
1
1
0
1
3
0
1
1
0
0
0
0
0
0
1
0
0
0
0
0
0
1
1
1
1
1
0
0
2
1
0
0
0
0
1
0
0
0
0
1
1
1
0
0
0
1
1
0
1
0
0
0
0
0
0
0
0
0
1
0
0
0
0
1
0
0
1
1
0
3
0
1
0
0
1
1
0
0
0
0
0
0
0
1
0
0
0
1
1
2
0
0
1
0
2
0
2
1
1
0
0
1
0
0
0
1
0
1
0
0
1
0
0
1
0
0
2
1
0
1
0
0
2
1
0
0
0
1
0
1
0
1
2
1
0
2
0
1
1
1
0
0
0
1
1
1
0
0
0
0
0
0
0
0
0
0
0
0
0
0
1
1
1
1
0
1
0
0
0
0
0
1
0
0
1
1
0
0
0
0
1
0
1
0
0
0
0
0
1
3
0
0
0
1
0
0
2
0
0
1
0
0
0
0
0
0
1
0
0
1
1
0
0
1
0
0
0
0
0
1
0
1
0
0
0
0
1
0
0
0
0
0
0
0
1
0
0
0
0
0
0
0
0
1
0
1
0
0
0
0
1
0
0
0
0
0
1
1
0
0
0
0
0
2
0
0
0
1
1
0
0
0
0
0
0
0
0
0
1
0
0
0
0
0
0
0
2
0
0
1
0
1
1
0
0
1
0
0
0
0
0
0
1
0
0
0
0
0
0
0
0
0
0
0
0
0
1
1
0
0
0
1
0
1
0
1
0
0
0
0
0
0
1
0
1
0
0
0
0
1
0
0
1
0
0
0
0
0
0
0
0
0
0
0
1
0
1
0
0
0
0
0
0
0
0
1
1
0
0
0
0
0
1
0
0
0
0
0
0
0
0
0
0
1
0
1
1
0
0
0
0
0
0
0
0
0
0
0
0
0
0
1
1
0
0
0
0
2
1
0
0
0
0
0
0
0
0
0
