0
0
0
0
0
0
0
0
0
0
0
0
0
0
0
0
0
0
0
0
0
0
0
0
0
0
0
0
0
0
0
0
0
0
0
0
0
0
0
0
0
0
0
0
0
0
0
0
0
0
0
0
0
0
0
0
0
0
0
0
0
1
1
0
0
0
1
0
3
2
3
1
6
3
1
2
3
0
0
3
3
8
11
51
112
343
967
2191
4742
9469
16937
27694
40825
54622
66516
72861
73331
66562
54900
41471
28323
17549
9542
4984
2302
1008
368
117
53
11
2
2
2
3
1
0
2
0
1
2
0
1
0
1
0
0
1
0
0
1
0
4
45
70
40
50
35
55
38
38
38
49
51
33
30
37
40
45
42
42
30
41
38
39
40
40
49
35
37
40
44
39
29
32
38
37
38
27
53
29
25
35
31
34
35
29
32
26
56
37
33
53
30
27
31
41
42
46
37
42
39
30
34
46
35
42
49
40
54
73
76
85
104
111
140
133
195
171
174
158
136
128
111
80
85
66
56
76
37
58
33
43
48
43
40
40
36
49
54
46
57
45
49
54
53
54
65
68
76
73
68
101
85
94
110
99
127
103
148
146
142
158
196
169
219
310
398
522
771
1234
1989
3152
4748
7451
10568
14356
18398
22304
26481
28709
29675
29307
27580
24647
20725
16558
12648
9202
6711
4897
3365
2425
1784
1290
989
769
576
440
378
373
382
476
557
695
828
899
1039
1088
1063
1040
970
786
595
536
420
278
256
170
134
121
91
79
82
65
50
39
47
35
22
27
11
10
10
10
6
8
8
11
10
9
8
8
9
9
8
6
8
7
5
8
5
5
12
5
13
5
7
9
7
9
9
11
6
13
10
12
10
14
11
20
14
25
19
20
31
29
25
31
25
23
25
14
22
24
16
23
16
14
21
19
18
18
21
19
18
19
27
15
15
13
17
18
16
19
19
22
15
20
14
14
8
7
6
7
8
6
12
4
8
11
5
5
4
7
11
6
4
2
6
4
8
6
4
10
4
3
5
4
9
2
7
6
5
5
7
14
11
10
17
23
24
31
14
11
16
20
19
20
15
10
19
17
7
13
10
10
10
8
5
6
3
9
8
7
11
12
12
5
10
11
8
12
11
8
9
6
6
6
9
8
13
6
4
5
8
1
6
6
10
8
11
8
10
4
8
6
7
5
8
10
4
7
4
6
7
5
7
5
5
8
6
2
6
4
7
5
8
6
8
7
7
7
2
8
2
7
6
5
4
4
4
5
8
4
2
6
4
7
6
4
8
5
5
5
2
3
6
6
6
3
6
10
6
11
1
6
8
7
2
8
9
9
4
6
6
9
6
8
9
10
9
6
6
7
6
5
10
14
6
8
10
6
9
6
7
7
10
9
9
5
11
7
5
11
4
5
7
10
8
7
11
11
7
9
6
8
8
5
7
9
11
13
3
11
4
5
9
6
4
12
12
11
10
10
7
12
8
10
12
11
11
6
15
10
14
9
9
10
19
16
7
12
7
12
13
16
14
13
11
13
11
11
14
16
8
10
12
11
11
10
19
17
20
14
18
15
14
12
13
19
12
15
10
21
12
21
19
14
11
19
23
12
17
17
15
24
16
17
22
17
17
20
18
22
16
19
16
21
20
16
23
10
13
19
16
17
13
14
16
18
21
11
11
18
14
19
13
26
18
23
26
26
20
20
23
22
25
22
20
27
25
28
24
26
31
22
33
33
23
27
27
24
25
22
20
22
30
16
25
25
27
19
32
32
32
23
32
30
22
36
34
28
35
28
29
35
27
24
23
44
34
29
41
43
33
36
44
33
23
36
54
34
42
42
52
43
44
52
40
43
56
47
44
59
34
53
43
48
42
62
43
59
44
54
41
55
62
52
67
67
60
50
64
57
58
52
70
59
56
66
59
77
68
67
79
65
83
72
76
68
67
63
69
74
90
74
74
74
65
98
97
92
76
83
93
91
118
82
101
80
98
77
87
91
93
73
89
90
93
80
84
87
80
84
81
89
82
109
78
91
88
89
77
60
67
67
76
71
82
76
90
76
75
70
79
74
60
70
78
73
71
78
64
64
64
76
53
86
81
60
74
64
81
68
73
68
76
77
74
62
63
72
65
88
58
78
76
73
60
82
61
86
69
78
69
70
64
83
79
58
61
70
65
76
56
71
73
64
84
62
61
55
70
80
71
84
70
75
66
76
68
69
76
65
72
72
72
78
69
70
64
66
76
70
55
81
61
75
96
74
78
79
58
70
67
71
64
85
80
79
89
79
82
77
78
87
91
80
78
94
73
85
85
80
95
91
89
108
109
107
117
151
199
206
265
331
332
467
519
631
790
942
1157
1310
1425
1629
1734
1863
2021
2082
2029
2000
2090
1981
1844
1743
1573
1385
1214
1086
950
782
648
530
399
328
293
253
202
170
138
146
118
107
98
118
105
97
95
118
101
94
111
103
97
96
99
112
91
104
111
121
97
91
95
113
92
91
105
100
92
108
89
92
86
108
90
100
114
128
103
110
108
118
101
90
121
108
100
111
125
110
125
90
119
111
119
111
111
116
112
140
125
129
127
124
128
164
155
197
194
197
221
254
227
272
298
300
326
372
328
379
369
359
365
362
371
342
327
304
294
259
215
228
218
181
201
178
140
161
147
161
154
148
147
152
151
124
159
140
129
127
146
149
162
139
145
140
162
160
174
148
157
146
158
152
161
139
164
167
141
153
185
159
198
160
182
155
171
175
182
201
171
172
185
186
188
191
201
200
225
207
180
210
205
193
226
223
212
233
234
219
244
210
221
240
254
245
237
258
230
244
262
237
262
255
249
258
262
253
280
263
286
254
289
297
263
259
247
251
279
279
245
271
285
254
276
250
245
226
243
232
226
221
220
221
250
210
224
241
202
233
207
220
203
189
176
184
191
188
179
172
196
159
189
182
181
178
176
162
165
147
175
179
164
126
173
170
167
170
145
160
173
151
167
138
151
148
155
144
168
145
140
139
144
185
157
165
161
144
160
151
139
127
151
154
165
157
142
171
140
131
147
126
175
185
146
159
120
167
155
152
168
138
160
142
166
128
159
163
166
156
146
145
163
145
149
134
137
152
145
157
158
165
141
155
132
137
131
146
176
173
145
170
149
158
145
149
149
167
147
142
135
153
168
142
144
169
143
137
155
175
150
185
167
147
156
163
163
160
158
167
161
163
156
166
164
172
154
173
155
189
165
196
180
144
136
167
182
173
150
172
173
149
159
169
190
171
146
175
180
160
153
194
177
166
177
171
186
185
172
190
184
174
174
165
194
182
206
176
163
214
179
205
209
199
189
187
200
199
195
209
178
202
208
220
195
180
201
162
180
187
221
197
211
175
186
167
209
184
201
178
199
176
189
195
213
179
205
194
196
204
178
190
186
196
200
191
202
211
201
175
172
156
187
175
212
180
190
187
191
214
209
183
215
187
214
189
212
190
198
207
196
187
222
176
214
193
205
187
206
205
217
212
195
185
188
204
214
197
220
214
232
218
226
222
186
238
199
214
220
187
225
234
214
211
232
241
233
228
249
236
239
239
238
264
241
258
234
251
275
228
246
272
234
240
211
232
258
249
257
261
230
265
243
255
238
253
218
234
251
232
231
219
225
235
240
243
256
252
238
221
218
235
244
191
232
250
247
227
224
224
226
191
223
229
217
224
203
231
210
216
214
220
190
205
208
210
193
213
202
181
191
218
204
203
216
190
189
213
214
195
205
193
148
193
216
194
188
186
186
183
170
201
156
210
184
158
204
200
204
192
192
190
191
187
198
198
203
198
198
180
195
170
201
182
179
183
185
178
200
183
185
161
186
211
177
190
164
187
203
177
191
198
204
191
170
201
207
184
199
186
175
186
159
169
192
203
185
177
181
175
186
195
184
187
177
201
192
206
199
176
176
161
209
173
208
174
223
186
168
195
187
199
188
193
164
177
163
173
199
198
188
195
194
199
180
197
165
179
176
177
185
197
163
203
171
177
194
177
203
195
202
204
182
174
201
198
186
165
183
226
192
170
191
190
175
181
197
200
188
195
211
184
198
198
234
193
186
178
203
178
181
211
187
179
210
201
178
219
191
201
199
186
202
185
198
225
180
208
207
204
196
222
199
207
171
221
187
173
184
208
194
176
183
214
209
195
179
207
194
194
166
180
193
194
208
184
181
200
211
195
202
202
210
211
178
199
224
203
211
205
188
188
213
217
185
191
197
207
189
200
201
209
183
207
214
188
189
195
207
212
193
211
186
222
185
200
228
217
232
202
218
226
206
239
240
178
228
207
213
231
218
227
217
204
231
236
219
265
253
232
228
238
262
257
250
240
248
256
240
274
246
225
255
274
254
293
263
286
249
256
286
280
277
255
272
254
275
254
267
303
281
306
263
294
329
299
315
314
334
328
297
293
334
362
322
349
337
356
333
373
372
346
389
394
406
361
404
400
464
484
472
451
503
497
525
513
532
530
544
585
601
636
650
595
629
695
742
738
778
771
765
843
857
844
863
886
909
947
980
1037
1022
1095
1073
1089
1145
1061
1106
1150
1117
1134
1192
1158
1212
1160
1136
1177
1217
1177
1133
1172
1137
1106
1075
1116
1122
1119
1036
1043
1104
966
983
1021
910
902
894
810
851
814
809
808
782
714
706
673
623
614
611
613
597
536
552
508
498
503
465
431
434
410
381
421
391
380
363
367
375
314
323
297
324
304
293
282
286
295
293
248
270
238
255
261
298
223
246
251
231
241
232
270
228
222
233
224
204
221
214
212
216
185
210
190
178
188
172
176
202
202
209
175
180
173
160
206
188
166
206
170
199
192
224
212
227
254
238
237
269
293
255
284
285
334
295
336
314
332
373
372
368
355
347
368
386
389
375
405
399
354
367
362
365
345
308
302
308
292
277
241
238
227
225
194
151
167
180
139
136
161
155
138
132
140
114
145
138
119
104
135
137
144
134
125
125
139
129
139
159
139
137
146
139
157
148
147
139
139
137
163
170
145
158
177
156
171
152
140
175
156
149
171
161
141
196
186
197
173
195
182
189
187
213
168
197
204
203
229
205
247
213
197
210
205
209
203
209
216
218
224
245
180
214
202
246
214
217
191
204
200
222
191
204
218
192
199
166
195
190
169
169
197
172
161
158
151
174
141
167
177
159
161
165
152
157
169
140
137
131
132
124
125
128
124
108
113
126
123
130
107
105
112
98
119
100
132
117
100
98
89
90
77
107
80
68
91
94
74
57
78
75
89
67
82
65
75
62
74
80
58
71
71
72
63
74
56
74
75
64
60
76
57
61
58
47
67
48
34
60
52
60
56
52
56
51
41
49
49
56
57
52
52
66
41
47
62
57
44
46
43
49
56
52
58
52
49
33
57
41
38
41
47
61
52
34
58
40
50
57
52
55
48
49
50
60
47
57
66
58
66
58
53
71
59
67
75
67
56
55
72
68
70
76
70
52
72
69
63
67
39
51
55
43
41
54
43
43
45
52
44
37
36
54
32
31
41
43
43
40
40
38
29
37
39
52
39
29
39
38
41
28
34
36
35
33
42
34
41
31
40
48
42
34
29
41
32
30
29
29
34
45
35
38
30
38
22
32
28
31
32
30
31
28
27
36
28
35
24
25
22
34
34
34
31
21
24
34
26
25
32
27
27
29
28
26
30
29
34
37
29
29
33
25
24
31
27
38
28
21
30
28
33
28
23
33
21
25
39
26
37
19
26
32
23
20
18
24
16
23
29
34
20
24
35
27
35
36
19
27
27
23
23
21
31
21
15
24
26
25
20
23
32
25
20
28
16
24
17
25
28
29
23
30
20
29
18
38
19
23
23
14
17
32
18
17
23
31
24
21
24
21
24
24
23
30
21
19
20
18
31
31
24
15
24
22
24
24
26
28
25
20
19
23
22
13
26
21
22
12
32
25
28
16
22
17
19
20
19
28
18
20
18
26
25
20
17
19
25
22
15
23
21
31
19
24
20
15
17
22
19
12
16
23
21
24
18
19
24
21
29
21
17
24
20
23
17
21
23
17
13
29
22
14
21
20
13
18
6
17
13
24
20
17
13
21
21
17
18
19
17
14
15
12
14
19
17
19
17
6
10
21
21
9
17
17
22
11
14
19
14
20
14
31
14
9
18
23
18
14
13
14
15
23
23
13
12
14
16
14
11
17
21
15
16
15
13
15
17
15
18
10
11
12
11
10
12
17
18
15
14
13
22
12
19
19
20
21
7
11
16
18
12
14
10
20
19
10
13
19
21
11
9
13
12
16
15
11
11
8
12
14
7
16
18
7
14
11
14
17
16
9
13
18
13
17
16
17
7
13
10
13
13
11
18
8
14
18
11
14
10
14
15
11
15
10
19
10
7
19
10
15
11
14
14
12
10
12
20
10
10
17
15
13
15
7
13
19
14
15
14
12
17
11
7
4
5
9
13
14
9
15
10
9
11
10
14
12
17
11
10
14
11
9
13
16
12
12
13
7
15
7
6
5
13
7
11
8
7
10
12
16
6
9
14
15
7
6
8
8
15
3
15
14
9
7
5
7
7
10
9
6
9
12
13
12
14
10
12
10
5
20
15
10
9
14
11
15
7
14
7
5
4
7
9
10
6
6
8
11
5
11
8
6
10
5
6
10
6
10
14
10
11
9
9
9
12
8
7
5
4
7
5
9
6
9
15
7
11
6
8
11
9
6
4
8
9
7
5
4
10
5
7
6
7
8
9
8
11
7
9
8
6
9
8
8
8
10
11
2
9
6
4
11
6
6
4
9
5
4
6
4
9
8
7
8
9
8
8
6
9
12
3
11
6
2
8
8
9
8
5
3
11
7
6
4
3
5
8
10
8
5
10
12
8
8
10
7
3
12
6
7
7
6
6
7
2
6
7
6
9
8
11
4
6
9
4
4
1
4
0
2
5
6
7
5
3
5
4
6
5
6
9
6
5
9
3
1
6
2
7
5
8
5
6
6
4
8
4
0
2
11
6
3
7
1
4
4
6
9
9
6
7
8
7
6
3
7
5
8
3
6
6
5
7
6
5
5
7
7
4
3
6
7
8
8
3
3
10
6
10
2
3
5
8
4
4
4
7
0
4
4
3
4
1
3
4
4
4
4
4
3
1
6
3
1
4
5
2
3
3
4
5
3
5
2
6
9
3
7
1
5
4
4
6
3
4
2
4
6
8
2
2
4
2
1
5
8
6
5
6
3
4
4
8
4
4
7
3
4
3
2
5
5
1
6
3
3
4
6
1
0
7
5
1
2
3
5
2
5
4
2
8
7
4
6
5
4
2
4
2
5
4
1
2
5
5
3
2
3
3
3
3
6
4
5
3
2
8
3
3
3
6
4
2
5
2
3
3
4
3
3
5
1
0
3
1
1
3
3
4
1
1
3
4
2
1
1
2
4
5
0
2
2
2
6
1
1
3
2
1
3
6
7
3
4
3
2
4
6
2
4
2
2
5
2
3
2
2
3
3
3
7
3
3
0
5
5
5
2
2
4
3
2
2
2
1
2
4
1
3
4
2
5
1
2
3
6
2
2
1
2
2
2
3
2
2
7
3
6
3
1
1
4
4
3
1
4
1
1
2
3
2
1
3
2
2
4
2
1
1
1
4
3
1
2
1
3
0
3
6
2
1
2
2
2
3
4
2
5
2
4
1
2
1
3
4
2
5
1
5
8
0
0
0
2
2
1
3
1
4
3
3
1
0
2
1
1
2
3
2
5
5
0
2
1
1
2
0
1
0
4
0
2
1
2
3
2
2
0
2
2
1
4
2
4
1
1
1
0
3
3
1
0
2
4
2
1
1
2
1
1
0
3
2
0
1
2
1
4
3
1
0
2
1
3
1
3
2
0
2
1
2
2
1
1
1
3
3
1
2
1
1
2
1
2
0
1
0
3
0
1
3
2
1
0
0
0
0
1
3
1
1
1
1
2
1
1
1
1
2
1
1
0
2
1
1
1
2
1
2
1
2
1
3
0
0
1
0
4
0
3
0
1
0
0
2
2
1
2
1
1
4
2
2
1
0
0
0
2
1
0
4
1
0
0
2
3
5
1
0
0
0
1
3
0
0
2
0
0
3
0
2
2
3
2
0
1
1
0
1
0
0
0
1
2
0
2
2
3
3
1
2
0
0
1
1
0
0
1
0
0
1
1
3
1
1
1
0
1
0
1
2
1
0
2
2
2
1
0
2
2
1
1
1
0
0
3
2
1
1
0
0
1
2
0
0
1
3
0
1
2
0
3
0
1
0
0
1
2
1
3
0
1
2
2
0
1
0
2
1
2
1
1
0
1
4
0
0
0
0
1
1
1
1
0
1
1
1
1
1
1
1
0
1
0
2
0
0
1
0
2
2
1
2
0
1
0
1
2
0
0
2
1
0
0
0
1
2
1
0
0
0
0
0
1
0
1
0
2
0
0
0
0
1
3
0
0
0
0
1
0
0
0
0
1
1
0
0
0
0
0
0
2
2
0
2
1
1
1
0
2
1
1
0
0
0
0
1
1
1
1
0
0
1
1
0
2
2
1
2
1
1
0
0
0
0
0
0
1
1
0
2
0
2
0
0
0
1
0
1
2
0
0
0
2
1
0
2
1
1
0
2
0
1
0
0
1
0
0
1
0
0
1
0
1
0
1
0
2
1
2
0
1
0
0
0
0
0
0
1
1
1
0
0
1
0
0
0
0
0
1
0
0
1
0
0
0
0
0
1
1
0
1
1
0
1
0
0
0
1
0
0
1
1
0
0
1
0
0
1
0
0
0
0
0
1
0
0
0
0
1
1
0
0
0
1
0
0
0
0
0
1
0
3
1
1
1
1
0
0
0
0
0
0
0
0
1
1
0
1
0
0
1
0
0
0
0
0
0
0
0
0
0
0
0
1
2
1
1
2
0
0
1
0
0
0
0
0
0
0
0
0
1
0
1
0
0
0
0
0
0
0
0
0
0
0
0
1
1
0
0
1
0
0
0
1
1
0
1
0
1
0
0
0
0
0
0
1
0
1
0
0
0
0
0
2
0
0
0
0
1
0
0
1
0
0
0
1
0
0
0
1
0
1
0
0
0
0
1
0
0
0
0
0
0
0
0
0
0
1
0
0
0
0
1
0
0
0
0
1
1
0
1
0
0
0
0
0
0
0
0
1
0
0
0
0
0
0
1
0
0
1
1
1
0
0
2
0
1
1
0
0
0
0
1
0
0
0
0
0
1
0
1
0
0
0
0
0
1
0
0
0
0
0
0
0
1
0
0
0
0
0
1
0
1
1
0
0
0
0
1
0
0
0
0
1
0
0
0
0
0
0
0
0
0
0
1
0
0
0
0
0
0
1
0
0
0
0
