0
0
0
0
0
0
0
0
0
0
0
0
0
0
0
0
0
0
0
0
0
0
0
0
0
0
0
0
0
0
0
0
0
0
0
0
0
0
0
0
0
0
0
0
0
0
0
0
0
0
0
0
0
0
0
0
0
0
0
0
0
0
0
0
0
1
0
0
0
0
2
2
0
0
2
3
4
3
2
1
1
4
18
43
124
364
998
2270
4841
9507
17054
27992
40983
54183
66428
72923
73247
66273
54778
41183
28123
17511
9803
5044
2307
960
360
101
51
16
2
3
3
3
1
1
2
1
0
0
1
1
1
2
1
0
0
0
0
0
0
9
55
47
48
45
44
53
47
46
43
57
49
29
48
41
45
48
56
44
48
41
42
60
27
44
41
41
35
31
47
37
38
40
40
47
39
33
44
37
35
42
35
35
45
27
45
35
44
44
39
36
34
37
33
36
32
29
45
38
37
34
37
35
50
38
60
46
39
81
66
90
114
128
155
139
165
167
174
155
137
118
111
89
86
74
82
56
61
44
53
45
42
48
43
51
43
47
42
48
44
45
58
56
58
55
77
71
62
71
63
72
79
96
93
90
119
111
109
120
131
128
147
141
170
192
274
353
618
1038
1777
2810
4801
6856
9972
13595
17798
21718
25004
27389
28682
28131
26009
23475
19374
15636
12024
8708
6357
4534
3257
2345
1667
1262
912
644
545
400
306
318
340
395
517
644
799
951
984
1042
1044
974
891
830
674
529
432
291
221
169
133
111
102
84
80
67
42
52
27
34
21
19
17
19
12
11
8
9
6
11
7
12
8
4
13
8
3
11
4
12
11
4
12
14
10
6
5
7
10
7
3
5
10
6
7
11
7
10
7
9
13
4
24
27
19
28
23
21
25
22
20
31
21
21
15
21
15
19
24
17
17
21
24
14
23
13
16
19
10
20
20
15
18
13
20
21
10
23
15
4
9
9
8
8
3
7
4
10
5
5
3
6
7
7
7
4
6
2
9
7
8
6
2
5
3
3
3
8
2
5
10
4
8
5
7
10
6
11
6
14
18
17
20
19
28
19
27
18
15
24
17
15
12
14
12
11
6
9
7
11
14
8
13
11
11
11
13
6
7
17
7
5
8
12
7
6
8
6
5
2
3
4
7
7
3
11
3
2
7
2
5
10
6
8
7
5
8
9
8
4
5
7
7
4
7
10
6
9
5
6
6
10
6
7
6
8
4
10
5
6
7
8
10
10
3
6
5
5
9
5
3
7
5
3
4
1
9
8
3
3
4
5
3
6
6
8
5
10
5
5
5
5
5
4
10
8
9
4
5
8
4
3
4
9
1
6
8
7
2
7
7
5
8
2
5
8
6
9
7
9
4
6
3
5
9
4
6
7
4
6
10
12
2
3
6
9
8
8
5
3
5
10
13
11
6
9
11
2
8
12
6
16
4
5
11
10
8
13
13
16
8
6
13
14
13
11
12
10
10
8
11
5
10
6
12
18
17
17
12
5
4
8
9
4
16
14
11
6
17
13
13
11
13
11
15
10
14
13
14
14
13
18
12
25
16
11
21
18
21
18
11
23
26
20
26
24
26
15
11
22
31
16
19
23
27
17
24
25
22
20
15
21
26
24
19
18
16
16
14
19
18
15
17
15
15
19
17
20
20
26
13
10
13
21
20
19
17
17
21
14
21
19
13
16
23
23
17
26
23
29
25
21
17
21
20
20
25
29
28
21
18
23
24
28
25
17
25
17
22
19
27
29
27
24
19
20
31
35
19
26
24
22
23
22
26
26
24
25
28
29
27
32
25
37
41
30
27
24
28
20
39
28
26
31
31
47
27
34
36
24
36
38
42
45
37
41
40
33
44
35
37
44
43
39
43
50
42
41
43
55
38
46
55
44
43
61
48
51
50
73
52
56
52
61
64
63
72
66
66
64
79
84
76
96
105
108
110
127
113
132
132
122
161
147
157
163
149
145
145
150
118
148
101
126
129
110
110
100
93
78
79
86
88
96
89
72
82
79
67
99
75
77
69
71
86
79
83
77
77
80
80
82
89
76
88
73
86
85
76
74
78
66
88
82
78
74
70
74
65
82
83
87
79
77
84
78
86
67
86
84
86
74
80
73
76
76
79
84
69
72
49
83
73
63
78
75
81
85
72
83
57
68
85
63
68
76
74
74
65
72
87
67
71
68
78
74
76
65
74
77
81
57
84
78
75
63
69
78
56
79
78
75
79
74
77
73
83
83
76
82
70
79
90
71
75
73
76
87
62
78
78
90
70
81
73
77
74
97
66
85
96
64
107
101
86
91
91
91
87
112
119
148
148
168
248
192
241
325
391
506
609
728
858
967
1148
1282
1459
1594
1692
1862
1840
1858
1979
2001
1931
1912
1769
1630
1416
1257
1121
1023
861
750
614
493
409
328
292
219
180
154
155
142
141
108
96
114
91
90
117
123
89
116
111
102
103
114
116
101
116
117
134
104
110
108
132
112
113
114
126
124
99
121
133
108
116
121
119
112
104
125
117
135
123
93
135
122
122
111
95
124
102
111
134
135
102
108
109
132
114
108
106
152
109
130
144
141
154
175
168
174
198
220
219
251
262
304
288
312
323
361
377
378
350
376
331
368
321
288
314
298
279
232
244
214
209
186
180
150
163
145
134
140
136
140
135
116
129
136
127
126
124
145
116
119
147
125
124
156
150
160
126
143
145
135
128
138
138
139
119
160
168
154
147
144
153
176
154
149
155
142
151
158
147
168
179
161
171
185
183
165
167
154
170
185
188
164
169
172
200
167
194
170
193
190
201
183
172
193
159
198
171
178
204
189
221
210
207
235
205
183
216
209
220
236
239
216
232
241
219
237
202
242
251
232
233
269
258
275
270
252
266
246
265
241
244
269
262
288
272
279
299
274
264
253
277
267
285
276
262
265
291
289
273
268
276
265
255
254
246
274
208
284
258
241
239
250
235
257
271
231
213
235
235
220
229
240
217
204
230
202
222
209
200
191
212
213
182
170
180
174
184
166
168
172
165
180
176
150
181
155
164
150
163
164
167
180
178
154
164
151
177
160
149
149
151
174
161
171
143
131
182
147
166
158
164
162
185
152
161
174
174
153
159
175
157
181
156
177
185
170
172
172
167
182
169
159
182
185
178
211
166
191
208
196
168
228
200
177
213
204
223
202
189
210
199
192
210
213
203
219
224
214
209
221
197
187
239
202
216
239
204
226
225
219
190
215
200
220
229
208
225
233
213
254
214
213
225
232
227
215
188
214
202
199
196
200
180
226
167
196
198
194
216
194
184
167
179
174
201
202
180
192
189
207
185
188
218
188
197
193
180
175
182
179
163
183
189
194
206
173
164
179
171
182
183
213
191
185
157
183
182
180
139
174
184
173
179
172
182
192
180
171
187
163
174
186
195
164
162
198
182
174
197
192
183
203
179
200
179
192
185
194
189
182
180
184
190
193
204
183
176
183
179
213
206
201
205
165
172
186
206
213
185
181
207
186
187
205
179
200
169
214
179
178
191
179
176
207
183
198
192
222
187
180
177
189
213
203
207
196
175
197
182
201
210
181
210
183
207
210
201
190
184
240
207
191
201
182
191
184
209
239
181
202
200
212
214
186
224
200
215
212
223
197
179
222
210
216
185
200
194
180
217
214
202
223
202
208
235
224
228
218
192
220
253
241
219
208
239
229
232
230
215
214
216
221
200
218
233
230
220
198
232
247
227
211
239
232
220
245
271
239
232
232
244
210
220
238
236
222
233
212
229
225
217
223
221
229
228
231
260
247
210
236
228
203
226
223
203
230
219
245
206
191
219
188
225
202
215
233
238
214
191
194
213
218
187
220
201
186
202
202
205
206
196
199
204
199
201
177
186
213
213
205
187
191
182
201
211
179
210
192
178
208
205
200
214
201
197
159
179
209
184
197
192
198
171
201
192
214
192
211
170
209
186
194
195
187
191
188
193
196
191
203
215
200
214
198
180
225
191
201
191
203
201
204
186
208
197
201
204
215
222
193
209
193
197
209
183
201
198
198
178
168
197
205
187
185
188
198
204
188
176
187
193
203
202
184
196
195
202
221
207
215
214
196
212
206
201
211
223
204
228
205
202
216
188
199
207
208
201
209
200
193
190
185
183
180
209
232
191
195
218
213
203
215
194
198
210
204
226
213
188
206
209
178
214
199
206
217
203
195
189
157
224
218
225
182
200
210
222
178
197
201
216
209
185
197
200
200
205
214
206
189
228
229
223
216
199
215
190
222
213
222
233
224
224
210
207
224
229
202
224
224
206
210
212
222
192
216
221
215
242
222
242
222
224
263
226
242
243
246
246
216
250
258
264
255
252
228
261
268
239
252
250
253
252
260
258
236
258
285
286
264
268
300
292
296
309
298
297
292
301
351
305
354
320
289
296
335
339
344
325
335
363
363
354
345
363
371
394
394
362
357
427
400
422
434
385
448
454
437
505
436
486
542
554
575
569
585
608
630
647
626
683
694
740
736
765
751
770
784
802
826
938
936
928
954
974
920
922
1045
1068
1034
1058
1057
1145
1147
1112
1166
1212
1158
1199
1197
1259
1215
1220
1171
1210
1244
1198
1192
1154
1171
1103
1160
1107
1096
1102
1070
1096
1039
1011
979
971
880
881
913
862
809
796
823
785
719
737
690
714
641
649
631
583
546
556
530
522
457
483
475
463
451
411
415
389
353
388
401
373
346
357
299
353
356
274
299
304
308
288
272
304
293
292
262
268
289
244
246
237
257
232
232
228
256
233
230
232
206
232
204
220
210
211
215
203
174
193
191
179
199
205
168
201
202
185
220
206
224
199
195
212
204
217
218
256
265
316
271
261
298
331
362
340
343
350
401
376
405
377
376
418
426
460
413
433
416
370
404
433
404
393
393
416
403
374
388
330
365
269
273
268
262
227
217
199
184
200
198
174
151
197
165
161
146
139
144
145
145
129
146
127
126
142
130
149
145
145
127
128
138
158
139
134
114
145
172
128
162
133
158
148
162
164
156
158
150
152
196
189
170
179
178
187
154
201
188
191
195
204
182
192
196
186
184
215
225
197
205
207
212
227
214
209
205
246
235
211
228
225
225
212
221
196
220
219
221
220
198
219
210
202
244
181
212
220
229
224
166
194
187
186
159
159
187
194
161
185
159
173
171
165
141
148
140
155
129
158
135
134
146
128
127
136
98
115
122
122
112
114
95
117
103
111
107
106
95
92
94
77
110
102
99
105
109
82
105
91
82
82
75
81
96
79
72
63
88
83
60
64
81
82
79
77
58
50
74
77
67
60
53
65
58
55
62
65
67
64
49
55
72
53
55
63
62
68
58
44
63
60
65
67
57
56
57
58
54
61
39
47
45
50
35
53
41
45
40
44
57
56
52
48
49
40
48
52
50
47
59
44
43
50
46
67
53
59
63
59
54
57
77
60
58
71
54
65
82
65
61
63
63
66
69
59
77
59
61
64
51
81
50
56
47
47
45
66
40
45
31
53
38
50
41
45
36
42
35
50
40
44
35
41
45
47
29
37
34
44
38
33
48
37
32
36
38
30
56
36
37
33
35
31
39
38
45
43
39
29
33
40
34
33
26
33
38
22
46
31
30
27
33
32
21
33
35
24
21
35
33
28
22
31
33
20
30
35
25
34
24
29
25
30
25
28
31
24
29
32
32
22
29
32
37
23
24
31
25
31
28
30
20
23
20
21
24
23
20
23
33
28
29
20
16
22
35
30
22
31
36
23
29
31
36
40
24
35
23
24
22
29
31
23
24
23
31
28
27
33
33
21
26
22
20
28
20
31
22
33
25
25
33
23
20
37
22
19
28
24
28
27
24
27
26
22
19
11
28
26
34
19
26
25
18
24
12
25
28
24
21
22
29
22
24
23
21
16
19
18
22
23
33
31
22
14
23
22
25
14
26
24
20
25
18
26
23
14
20
23
19
15
22
25
25
25
26
19
20
24
19
24
22
19
18
26
15
27
19
16
26
15
14
19
24
19
28
17
20
16
15
26
25
25
19
15
22
21
13
18
22
16
25
13
17
25
16
21
21
17
14
20
15
25
22
15
15
22
22
17
11
20
19
14
25
10
25
13
14
18
16
14
17
22
14
16
18
20
18
22
20
10
16
11
12
17
11
23
23
18
12
15
10
18
19
21
17
18
13
18
15
13
23
12
18
21
10
13
17
21
11
16
12
16
16
15
20
14
17
15
26
16
20
23
22
22
14
15
18
13
13
14
17
23
13
8
20
12
14
11
28
9
12
18
15
22
9
15
14
13
19
8
10
12
15
13
15
10
13
13
4
18
12
10
12
14
9
18
8
12
11
15
16
17
13
12
18
14
16
16
14
7
16
11
18
15
12
16
12
11
10
20
10
13
14
12
15
14
8
12
13
8
16
14
13
8
12
18
14
15
12
14
12
9
11
8
13
11
5
17
10
13
17
16
15
5
11
17
12
14
12
14
15
12
12
10
13
11
8
15
8
9
9
14
9
13
9
12
13
7
8
19
16
12
16
11
10
15
12
9
13
12
8
10
8
13
6
15
9
16
8
13
4
5
13
11
8
14
9
11
8
7
12
11
9
11
12
11
7
13
13
13
6
6
14
6
5
10
7
7
11
9
10
13
4
12
7
6
10
11
12
7
8
7
12
7
9
12
11
8
7
14
10
7
10
11
11
5
6
4
10
7
6
5
5
12
8
8
7
6
8
14
14
10
11
9
12
9
11
8
5
11
14
13
4
7
4
7
10
7
7
9
11
7
8
6
5
9
14
8
4
7
8
7
10
5
11
10
6
14
11
7
6
6
8
12
11
5
10
10
8
4
8
8
9
3
5
11
7
5
6
10
7
11
5
9
5
5
6
4
5
10
5
4
9
6
7
5
3
5
9
6
6
4
6
6
6
6
3
14
3
5
5
3
6
6
9
4
5
3
4
6
6
5
9
5
7
6
2
5
4
5
7
5
9
6
8
7
8
5
5
6
5
8
4
4
3
3
6
8
6
4
6
5
8
3
5
3
6
4
3
3
7
6
6
6
3
5
7
7
5
9
7
6
5
4
3
1
3
4
1
5
2
8
3
3
2
7
4
3
3
2
4
6
6
7
5
11
4
5
6
2
5
10
2
3
3
5
6
3
5
4
3
4
2
3
7
1
3
6
4
8
5
2
4
3
1
2
4
5
6
2
5
7
5
7
4
2
4
2
3
3
2
6
5
4
6
3
1
5
6
7
2
7
5
10
4
2
6
7
3
3
4
5
5
4
1
1
3
3
2
2
4
6
5
2
4
6
5
5
5
7
3
2
6
4
6
7
1
5
2
1
4
6
4
1
9
4
5
8
7
5
1
3
2
5
3
4
5
4
3
2
5
1
5
6
3
8
1
3
5
5
4
6
3
1
0
3
4
2
2
2
3
5
2
4
10
1
3
4
3
2
6
1
0
2
2
4
1
3
1
1
2
2
3
2
0
1
3
0
2
3
4
1
5
1
2
3
5
1
1
3
1
2
2
3
4
0
3
3
3
4
0
6
2
4
0
4
3
2
1
4
2
3
7
0
3
1
3
3
1
1
3
2
2
3
5
0
0
4
1
2
1
3
1
7
3
1
2
1
3
3
3
1
0
5
4
4
2
1
2
1
2
1
4
4
2
2
1
1
2
0
2
1
1
0
1
2
2
0
3
3
0
1
3
1
4
4
1
0
3
1
2
3
3
1
2
0
1
2
0
2
1
6
4
1
2
2
2
0
2
0
3
3
1
1
2
3
1
2
3
5
0
2
1
0
1
1
3
0
4
2
1
1
2
1
3
0
2
1
0
1
2
4
1
4
3
2
0
1
2
1
3
1
2
1
2
1
1
0
0
1
0
3
2
1
3
1
3
3
0
2
5
1
3
2
0
3
3
1
2
2
2
1
2
4
5
2
1
3
1
1
0
0
1
2
0
2
0
1
1
2
1
2
2
1
2
1
1
1
0
1
2
0
0
1
0
1
0
1
1
1
1
0
0
1
3
0
6
1
1
1
1
3
1
1
0
0
1
1
1
0
0
1
1
1
2
3
1
0
0
1
1
3
1
1
1
0
0
1
2
2
2
1
2
1
0
2
2
0
2
2
1
0
3
1
2
2
2
1
1
4
1
1
0
0
1
1
2
0
1
1
0
0
1
0
1
1
0
0
1
0
1
0
2
3
0
0
1
2
1
0
3
0
1
1
2
1
1
0
0
0
1
1
0
1
0
0
0
2
2
1
0
0
0
2
0
2
0
1
1
3
2
0
2
0
1
0
0
0
0
1
0
1
3
0
1
0
1
0
0
0
0
0
2
0
1
3
2
1
0
0
2
1
1
1
0
0
3
2
0
1
0
0
1
4
2
1
1
1
0
0
0
1
0
0
1
1
2
2
0
0
0
1
0
0
0
1
0
1
2
0
1
0
0
0
0
0
1
0
0
0
3
1
0
0
0
1
2
0
0
2
1
2
0
1
0
0
2
1
1
0
1
0
1
0
0
0
0
0
1
0
0
0
0
0
0
0
0
1
0
2
0
0
0
0
4
0
0
0
0
2
2
0
1
0
0
1
0
2
1
2
0
0
1
1
1
0
0
2
1
1
1
1
0
1
0
2
1
0
0
1
0
2
1
2
1
1
1
1
0
2
0
1
0
2
0
0
0
3
1
0
0
0
0
0
1
0
1
2
0
0
0
0
0
1
0
0
1
0
1
1
2
1
1
0
0
0
1
1
0
0
0
0
0
1
0
0
1
0
0
1
1
1
1
0
0
2
2
1
1
0
0
2
3
1
1
0
0
0
1
0
1
1
0
0
0
1
0
1
1
0
2
0
0
0
0
0
0
1
0
0
0
0
0
1
0
1
0
0
2
0
0
0
0
1
0
0
0
0
2
0
1
0
1
0
0
0
2
1
0
1
1
1
0
0
0
0
1
0
0
0
1
0
0
1
0
1
1
1
0
1
1
0
1
0
0
0
1
0
0
1
1
0
1
1
0
0
0
0
0
0
0
0
0
0
0
0
0
1
0
1
1
0
1
0
1
1
0
1
0
0
0
0
0
0
0
0
0
0
0
0
0
1
0
0
1
1
0
1
0
0
0
0
0
1
0
0
0
0
0
0
0
2
0
0
1
0
0
0
1
0
0
0
0
0
0
2
0
1
0
0
0
0
0
0
0
0
1
0
0
0
0
0
2
0
0
1
0
0
2
0
0
0
0
0
0
1
0
0
0
0
1
0
0
1
0
0
0
0
0
1
0
0
0
0
0
0
0
0
0
0
0
0
0
0
0
0
0
1
0
0
1
0
0
0
1
1
1
0
0
1
0
0
0
1
0
0
0
0
0
