0
0
0
0
0
0
0
0
0
0
0
0
0
0
0
0
0
0
0
0
0
0
0
0
0
0
0
0
0
0
0
0
0
0
0
0
0
0
0
0
0
0
0
0
0
0
0
0
0
0
0
0
0
0
0
0
0
0
0
0
0
0
1
0
1
0
3
1
2
4
0
5
1
2
3
3
2
3
4
2
4
7
11
43
118
347
890
2112
4754
9600
17059
27170
40961
54558
65960
73107
73393
66754
55128
41651
28409
17291
9704
4965
2326
1019
381
145
58
11
4
2
1
1
2
2
1
0
1
0
2
2
0
0
0
0
0
1
0
0
1
2
50
56
61
58
39
47
40
41
49
45
47
53
51
45
41
42
49
46
41
45
43
44
33
47
45
48
37
44
50
42
28
37
41
31
31
44
49
41
44
31
44
34
34
45
40
31
29
35
32
31
43
39
28
38
37
37
43
34
26
36
47
47
43
48
40
53
76
78
71
73
100
118
129
149
151
159
157
147
143
117
112
104
76
58
55
62
47
60
42
46
36
43
53
47
47
38
43
54
43
38
56
50
46
66
42
54
65
68
88
77
85
91
107
118
111
128
132
111
141
145
179
208
238
316
367
545
752
1240
1955
3064
4875
7428
10547
14171
18199
22495
25708
28746
29585
29149
27264
23926
20614
16523
12319
9319
6627
4780
3427
2401
1831
1242
967
726
563
418
378
380
401
457
580
664
755
893
999
978
1036
1028
894
772
666
508
386
297
212
170
122
109
96
77
75
69
67
47
37
40
23
16
20
11
7
10
11
7
8
10
8
8
7
10
7
11
14
13
7
3
8
9
7
9
5
4
8
5
7
6
1
6
8
4
10
6
11
7
9
8
16
16
14
22
19
22
17
30
23
29
26
25
22
25
12
20
21
23
20
16
23
26
18
11
22
20
33
21
14
18
18
16
22
21
15
17
24
21
12
9
18
13
11
11
8
3
10
4
7
10
9
4
7
5
4
11
9
6
7
6
3
6
4
5
10
4
7
1
7
4
5
6
7
6
6
13
8
8
12
11
14
20
17
12
17
21
25
24
17
18
14
11
13
15
6
14
12
13
9
12
6
8
9
6
10
6
16
14
12
11
9
11
6
11
2
4
7
12
5
14
6
5
11
5
6
6
8
6
7
7
7
5
4
10
3
5
3
4
4
7
3
6
9
7
5
9
12
6
7
4
8
5
7
1
6
4
7
4
4
6
6
5
4
2
7
3
7
6
7
5
9
8
5
8
5
5
6
6
12
7
9
4
4
4
8
5
13
5
6
5
2
6
11
5
3
12
6
8
5
5
7
5
10
5
7
5
5
6
10
7
6
11
7
11
5
3
9
5
8
13
11
9
7
5
9
6
5
7
7
9
5
15
12
5
6
8
12
12
8
9
13
10
3
6
7
6
11
5
11
6
8
7
5
5
12
4
11
6
10
9
8
8
11
13
6
14
6
9
6
10
9
14
11
8
11
19
18
13
13
16
13
14
16
8
13
10
11
6
18
10
15
11
12
13
15
13
16
12
13
16
17
13
17
16
16
16
17
12
16
15
15
19
12
19
18
19
26
14
14
13
22
14
19
16
15
16
16
16
11
14
15
21
12
21
14
16
15
9
21
22
13
18
17
11
13
15
16
22
16
15
13
17
22
23
22
17
17
25
21
24
13
28
20
19
23
22
27
21
17
24
21
27
27
31
25
32
23
20
20
35
18
18
33
38
29
22
27
34
31
32
19
19
33
40
23
27
23
24
43
25
33
33
29
33
23
32
27
37
24
30
38
36
24
33
34
26
37
38
43
29
51
45
47
44
34
32
34
37
37
46
39
47
46
40
52
42
43
42
54
46
47
58
46
51
54
49
43
49
59
54
44
73
65
49
47
64
56
70
51
60
62
61
67
62
67
66
69
56
61
61
79
66
75
82
85
77
69
80
77
71
100
97
90
86
75
84
86
101
90
99
101
81
75
76
84
70
71
79
86
88
86
90
88
77
87
81
91
92
69
83
92
84
86
97
78
78
78
73
80
54
92
78
69
73
89
92
64
63
68
63
70
74
79
70
75
58
65
84
56
68
64
84
71
56
74
67
77
74
68
61
67
57
56
66
77
78
64
81
79
78
70
51
76
72
72
84
75
67
67
70
56
56
76
72
67
80
66
57
60
83
75
69
66
80
66
61
77
74
77
77
84
72
74
77
84
60
82
76
70
78
88
66
67
64
72
67
72
71
71
64
79
74
73
81
88
78
92
84
86
74
83
79
84
89
98
79
75
106
91
93
89
60
81
102
79
90
94
89
91
97
101
94
128
163
152
219
241
304
382
442
519
720
850
933
1104
1254
1388
1596
1783
1832
2012
2054
2110
2059
2098
1940
1808
1678
1589
1377
1235
1062
876
712
638
515
438
359
294
219
194
162
145
141
113
114
101
121
101
108
101
89
104
108
92
103
98
112
96
103
111
85
91
110
109
103
89
107
106
111
121
88
97
113
99
102
108
103
97
105
96
105
99
92
106
110
98
138
91
101
94
109
119
101
120
106
117
115
111
107
105
115
117
130
119
126
121
133
139
166
179
168
199
192
217
232
251
280
284
340
340
343
361
365
350
362
392
358
362
343
347
310
278
254
251
237
192
182
176
159
166
172
150
144
140
121
144
133
154
138
123
150
152
163
158
165
145
154
155
133
146
124
160
126
181
151
135
144
158
164
179
179
146
162
170
164
186
176
185
160
162
175
151
161
162
188
189
186
199
191
182
186
205
211
197
210
202
230
196
201
209
235
227
234
227
227
235
203
226
230
234
218
237
247
230
270
273
266
246
232
271
259
258
245
235
258
237
274
253
275
258
281
245
243
252
243
290
249
242
235
249
222
251
276
247
254
250
239
207
212
223
231
199
205
195
189
193
163
168
181
211
169
179
145
178
200
179
170
149
158
185
157
140
133
186
136
142
161
144
187
170
143
158
142
167
154
156
132
164
147
149
172
165
138
146
152
156
148
145
149
151
137
143
138
154
159
153
130
141
151
158
139
162
138
144
135
155
142
145
142
149
156
163
135
149
155
145
142
129
154
139
144
136
153
171
130
145
139
158
142
161
186
140
154
151
144
154
164
138
160
154
161
142
139
146
147
129
134
156
160
141
144
157
170
161
131
140
156
153
163
134
161
165
128
148
159
165
157
168
167
167
168
133
151
175
144
143
158
126
155
162
147
147
157
174
148
167
166
167
161
165
177
172
135
163
165
180
183
186
177
155
185
190
159
182
167
174
175
149
174
174
183
171
204
160
162
173
172
178
175
169
194
163
205
194
175
195
209
208
176
175
170
191
215
198
188
169
183
182
180
183
199
174
185
184
174
184
184
196
184
193
224
194
199
215
195
198
187
188
196
178
186
199
190
190
181
214
206
187
164
186
183
190
193
192
169
183
176
204
193
183
200
201
191
157
189
171
173
166
186
173
199
208
190
191
191
209
184
195
204
203
203
215
207
212
187
199
191
210
209
203
194
205
237
239
198
218
224
208
253
188
236
245
242
203
249
218
226
177
208
241
224
243
240
248
235
198
271
236
238
231
264
231
222
231
232
246
230
242
220
258
272
276
221
246
236
256
257
241
252
221
248
243
234
236
242
229
201
244
234
245
223
226
217
185
231
218
220
216
252
197
224
217
215
213
222
211
222
202
212
189
198
205
210
204
202
239
207
202
218
198
208
181
199
200
219
193
196
190
202
195
215
184
221
201
183
224
206
206
224
181
200
192
190
181
184
200
191
204
169
219
211
204
164
195
203
180
169
164
181
178
177
189
193
155
180
185
168
214
187
194
203
197
189
152
185
183
190
211
175
173
170
174
187
183
173
185
176
169
174
200
180
172
178
190
186
196
202
189
188
164
180
193
205
180
192
170
172
199
196
182
165
170
190
174
174
182
179
190
177
184
210
182
182
177
165
178
175
198
196
200
178
189
183
180
189
155
174
170
177
196
197
196
182
197
179
207
200
195
177
169
194
187
190
203
175
176
206
174
181
186
183
191
195
174
166
205
166
201
178
173
193
202
183
189
181
190
204
179
198
186
192
199
190
190
184
205
193
186
182
213
180
180
187
214
177
182
193
207
191
185
186
181
197
196
199
223
210
206
171
172
191
186
187
181
197
205
203
190
167
184
196
202
191
203
174
182
238
197
180
191
190
189
180
219
176
180
198
179
223
204
195
213
203
201
202
190
208
203
208
206
195
210
183
193
205
183
210
201
201
198
228
203
208
197
199
188
214
207
217
233
207
195
225
210
220
231
236
214
194
211
203
205
231
250
227
225
219
218
213
256
243
221
217
235
226
250
245
237
242
236
239
251
249
267
261
276
270
288
253
244
279
229
276
285
280
236
237
270
298
280
295
307
279
278
281
298
295
300
308
310
323
341
307
318
334
323
363
335
364
353
329
345
379
356
353
366
400
380
403
440
397
391
436
405
478
494
509
528
508
480
528
548
607
623
607
676
619
676
703
687
692
764
741
790
836
827
859
875
867
907
935
940
981
945
968
1000
1097
1033
1091
1043
1114
1080
1073
1144
1187
1277
1107
1151
1160
1181
1162
1128
1148
1073
1066
1149
1072
1076
1069
1119
1068
986
1025
944
976
938
858
892
841
861
815
791
724
698
690
695
707
661
632
613
603
567
540
525
517
460
484
465
479
477
389
403
371
373
348
373
360
326
321
336
295
319
287
310
278
292
295
291
295
240
275
267
258
236
254
251
223
197
242
253
239
239
239
213
194
209
224
205
213
200
204
193
202
204
204
185
201
184
170
192
185
191
148
184
197
188
189
204
190
210
202
221
213
230
218
244
232
250
267
287
279
304
290
310
287
295
320
332
358
366
370
377
365
383
376
397
373
364
375
340
354
350
326
346
305
289
279
248
211
214
192
208
199
213
175
175
165
145
153
139
147
150
138
119
128
112
145
122
117
128
127
124
122
115
167
138
137
135
147
109
118
142
138
130
130
156
164
151
123
131
171
167
163
147
150
182
138
159
158
166
161
170
178
190
167
159
176
183
188
191
188
186
182
174
208
205
205
197
189
190
212
205
188
195
210
234
214
216
187
237
245
196
211
212
205
197
208
219
197
211
201
188
196
168
178
176
178
176
193
181
175
208
169
151
171
162
159
157
155
144
133
137
138
135
157
146
124
128
124
131
107
138
121
122
111
119
104
125
116
115
119
107
119
98
102
89
95
97
92
75
84
73
94
84
72
86
86
78
69
79
88
65
86
78
79
76
72
60
64
51
77
72
67
71
69
70
57
66
48
68
52
46
50
60
49
60
59
47
44
53
60
59
54
51
53
51
56
45
51
59
54
38
58
53
35
54
52
39
57
48
45
54
42
41
49
59
48
51
40
43
54
42
56
40
57
49
46
39
41
46
48
45
41
61
61
48
52
53
66
53
64
54
65
53
67
62
73
52
67
56
74
80
62
69
66
66
68
46
49
75
72
51
41
56
44
43
33
44
41
29
42
41
43
32
38
35
31
34
32
47
37
41
31
39
37
38
29
45
34
47
50
38
39
44
35
40
33
42
28
35
31
39
35
32
24
29
32
27
39
22
25
29
29
39
29
33
38
31
33
34
28
36
37
35
31
26
25
31
39
31
28
21
22
25
30
31
26
26
36
38
26
32
21
32
25
31
33
38
31
33
30
22
20
22
31
39
30
23
28
19
28
21
31
28
35
23
20
35
32
28
23
27
28
27
18
23
21
26
26
34
21
21
23
35
33
23
29
30
21
20
19
29
26
31
28
22
23
30
27
15
33
21
22
33
25
19
28
21
26
20
28
30
25
19
28
21
28
19
26
22
26
16
29
21
21
16
20
27
19
23
15
25
26
25
19
21
33
29
19
18
26
32
22
21
26
29
20
30
23
25
25
20
20
18
29
20
14
26
18
27
15
30
20
23
18
24
16
22
21
22
16
22
20
20
26
13
23
15
18
29
16
20
20
19
20
16
22
19
19
20
21
12
12
21
18
21
16
18
17
18
25
22
17
23
21
12
21
20
15
14
18
21
17
13
16
22
25
15
16
18
13
19
17
18
29
21
15
14
16
18
17
18
12
14
25
25
8
22
14
23
15
19
21
14
16
15
19
18
18
24
14
24
16
14
23
19
19
14
21
11
19
15
19
15
14
14
19
14
15
16
20
6
15
10
15
14
22
13
18
11
13
15
12
8
21
18
16
14
16
16
12
13
14
15
13
10
13
9
15
19
8
15
13
11
15
11
19
13
13
19
15
13
14
21
17
11
13
15
15
11
17
12
11
10
13
18
15
9
15
14
7
11
8
16
11
11
7
12
12
11
15
17
11
14
21
18
4
16
12
18
8
13
14
17
8
10
15
18
15
10
17
12
12
11
16
10
6
12
9
9
16
9
10
11
8
8
7
8
10
6
16
15
6
14
11
19
7
13
13
6
10
12
11
9
12
8
16
13
7
9
12
13
13
13
21
11
11
8
6
10
8
7
13
9
10
18
10
12
15
16
14
7
9
5
10
14
9
7
11
11
8
20
11
11
4
8
16
12
7
9
9
10
5
10
13
7
5
8
6
8
7
12
10
12
8
15
10
13
15
13
5
12
18
5
14
6
10
13
10
12
8
10
10
7
5
8
10
4
8
10
6
9
8
6
10
14
6
6
3
7
8
10
14
7
7
10
11
11
6
6
5
8
11
10
12
4
9
5
5
9
7
12
7
9
8
6
6
10
5
3
6
6
11
12
5
9
4
8
13
10
8
6
10
9
6
8
10
7
9
5
8
6
8
4
2
6
5
5
3
7
8
8
8
7
10
4
1
4
8
9
8
11
7
7
4
7
5
8
1
4
4
6
4
2
6
5
5
5
6
12
4
7
9
8
5
5
4
7
6
4
10
6
7
8
5
5
7
6
4
6
6
5
7
8
8
7
4
3
5
7
9
8
8
5
3
5
7
6
6
7
2
4
7
10
4
8
4
10
5
10
3
4
7
8
3
7
7
5
3
2
4
3
4
2
2
8
4
1
5
4
12
3
10
5
7
6
9
8
5
4
3
4
4
5
9
5
5
7
5
3
7
4
7
5
6
6
2
8
3
7
6
2
6
6
8
6
5
6
4
6
2
2
6
3
2
1
3
10
7
6
9
7
8
8
4
6
7
1
4
0
6
3
4
3
1
7
10
2
2
4
6
4
5
4
2
6
2
3
6
3
3
3
6
5
9
3
5
7
4
5
5
3
4
2
6
4
2
7
4
2
1
5
2
2
6
4
7
3
3
9
5
6
5
3
6
1
4
2
2
4
4
1
1
4
5
2
6
2
1
6
0
1
2
3
2
2
4
4
5
5
4
4
1
5
3
5
3
2
3
3
4
3
2
3
5
4
0
5
1
3
5
1
6
7
4
3
1
1
2
5
5
5
3
2
2
1
3
0
1
4
2
6
3
5
1
3
5
2
2
1
5
6
3
1
6
2
4
4
5
2
3
3
3
2
2
2
5
2
0
2
0
2
2
2
1
3
4
5
3
4
1
6
3
2
2
0
1
2
3
2
3
3
5
3
4
3
1
2
3
3
3
2
5
2
1
2
1
3
1
3
5
7
1
2
1
4
2
2
2
3
3
3
1
4
4
0
2
2
2
2
1
3
1
2
1
2
2
5
6
5
2
2
3
2
1
2
0
2
2
2
1
4
3
3
4
4
0
0
0
2
1
1
2
3
1
2
4
2
2
1
3
3
2
3
3
1
0
1
4
2
2
1
3
1
0
1
0
1
0
1
1
1
1
0
4
1
4
0
1
5
1
2
3
1
0
0
2
1
3
2
3
1
0
1
4
4
3
3
1
0
3
0
4
1
2
2
2
1
2
0
3
2
2
1
1
0
0
2
2
0
0
1
0
3
2
2
1
1
2
2
1
1
3
1
0
1
2
1
0
3
1
0
0
2
0
2
2
1
1
1
0
1
1
1
0
1
0
0
0
1
0
1
2
2
1
1
4
1
1
0
2
1
0
1
2
1
1
0
2
0
1
1
0
2
0
2
0
1
2
0
4
0
0
1
2
2
2
1
3
1
5
1
0
0
1
1
1
0
1
2
1
0
1
1
0
2
0
0
0
0
2
0
0
1
1
1
2
5
1
4
1
0
0
2
1
1
2
2
0
0
1
2
0
1
1
0
1
1
1
3
1
1
2
0
0
2
3
0
1
1
0
1
0
0
0
2
0
0
3
0
2
0
1
1
0
1
2
1
1
1
0
0
2
0
0
0
1
1
1
0
1
0
0
1
0
0
0
1
0
1
1
1
0
0
1
0
2
0
0
1
0
0
1
1
3
0
1
1
0
0
1
3
2
4
2
0
0
0
1
2
2
0
3
1
0
1
1
0
1
0
1
2
0
1
0
0
2
0
1
2
3
0
0
0
0
0
1
0
0
1
0
0
2
2
2
0
0
0
1
0
0
0
1
2
1
0
1
1
1
1
0
0
0
0
0
0
1
0
0
0
0
1
2
0
0
3
1
3
1
1
0
0
2
0
0
1
0
1
1
0
2
1
1
1
0
0
0
1
0
1
0
0
1
0
0
1
1
1
2
2
0
1
0
0
1
1
1
0
0
0
0
1
0
0
0
0
0
0
0
0
0
0
0
0
0
1
0
0
0
1
1
0
0
0
2
0
0
1
0
0
0
0
0
2
0
1
0
3
0
1
0
0
0
1
0
1
3
0
0
1
1
0
1
0
0
0
0
0
1
0
0
0
0
0
2
0
1
0
0
0
0
0
0
0
0
0
1
0
0
0
0
0
1
0
0
0
0
0
1
2
1
0
0
0
0
1
0
0
0
1
0
2
2
0
0
0
1
0
2
2
1
0
0
3
0
0
0
0
0
0
0
1
1
0
0
0
3
0
1
0
0
0
0
0
0
1
0
0
1
1
0
0
1
1
0
0
0
2
0
0
0
0
0
0
0
0
0
0
0
1
0
0
0
1
0
1
1
0
0
0
0
0
0
1
0
1
1
0
0
0
0
0
0
0
1
0
0
1
0
0
0
0
1
0
0
0
0
1
0
0
0
0
0
1
1
0
0
0
0
0
0
0
0
0
0
0
0
0
1
0
0
0
1
1
0
0
0
0
0
0
0
0
0
1
1
0
0
0
0
0
1
0
0
0
0
0
0
0
0
0
0
0
0
0
0
0
0
0
0
0
0
0
0
0
0
1
0
0
0
0
0
0
0
0
0
0
0
0
0
0
0
0
0
0
1
0
0
0
0
0
0
0
0
0
0
0
0
0
0
0
0
0
0
0
0
1
0
0
0
0
1
0
0
0
0
0
0
0
0
0
0
0
1
0
0
0
0
