0
0
0
0
0
0
0
0
0
0
0
0
0
0
0
0
0
0
0
0
0
0
0
0
0
0
0
0
0
0
0
0
0
0
0
0
0
0
0
0
0
0
0
0
0
0
0
0
0
0
0
0
0
0
0
0
0
0
0
0
0
0
0
0
1
1
1
1
0
2
1
1
3
4
1
4
4
4
1
2
1
1
16
35
127
334
886
2230
4778
9615
16781
27306
41061
54504
66312
73516
73252
66540
54939
41363
28280
17383
9771
5012
2365
973
396
126
46
9
7
2
1
2
0
1
2
0
0
1
0
0
2
2
0
1
1
1
1
0
0
5
41
44
51
54
46
44
44
47
51
31
47
49
53
42
40
47
35
49
38
23
39
47
48
41
41
46
40
33
42
48
37
44
35
33
39
36
31
33
36
38
45
39
55
40
42
39
32
36
46
31
42
30
45
41
44
33
37
43
45
55
43
56
59
49
53
47
62
74
68
91
87
117
137
150
158
137
168
169
141
115
125
86
71
65
57
48
53
46
53
48
32
34
37
45
48
43
49
45
46
38
57
47
60
48
57
75
65
99
83
90
92
100
94
90
107
133
123
141
154
169
180
204
218
255
368
493
776
1188
1992
3149
4963
7265
10347
14323
18547
22454
26045
28734
29471
29583
27281
24331
20639
16308
12536
9401
6780
4905
3461
2374
1790
1320
1022
769
511
449
376
377
359
409
578
704
833
924
1010
1048
1001
935
887
781
663
508
405
258
191
176
135
89
86
96
81
75
60
38
45
38
25
27
12
18
15
14
6
12
8
9
8
13
9
7
6
6
7
6
12
10
5
9
7
7
8
9
4
11
6
12
12
11
7
9
8
18
10
15
9
18
8
16
11
19
18
27
30
20
22
30
27
19
27
16
27
26
16
17
19
24
20
33
40
21
28
19
23
25
22
18
20
27
28
19
15
18
15
19
18
16
14
6
7
10
6
6
4
1
12
6
7
6
3
8
4
5
12
6
2
4
7
5
7
6
8
4
9
3
5
2
5
7
6
6
8
1
4
5
8
11
12
16
24
25
22
20
24
15
19
21
13
13
11
10
11
13
9
11
7
12
11
12
14
7
8
11
8
12
8
16
9
7
9
9
8
9
2
13
3
5
1
6
9
7
5
11
8
2
3
3
2
8
7
3
7
3
7
8
7
6
4
3
6
9
6
5
7
3
6
3
11
2
6
5
9
5
5
7
3
3
5
7
6
3
2
7
3
3
5
4
4
7
3
3
5
11
8
4
10
8
10
4
6
7
7
6
13
9
2
12
8
8
11
7
8
3
4
8
6
6
7
8
3
12
6
7
7
6
10
2
8
8
5
7
7
13
6
4
10
9
8
4
8
3
11
10
5
9
5
10
10
7
8
7
12
4
11
5
10
13
4
10
9
12
11
10
8
10
4
6
7
12
9
8
8
9
10
10
7
7
9
8
7
9
8
12
7
10
11
9
11
13
9
14
10
9
15
18
8
11
11
8
12
13
18
13
12
20
9
13
11
14
9
12
22
17
11
13
19
14
16
15
17
15
20
21
17
13
17
21
15
20
12
15
17
14
18
22
12
13
11
13
16
21
17
25
18
16
17
15
17
15
17
14
18
10
15
20
12
11
19
21
19
21
16
25
18
20
20
25
19
24
17
18
20
21
15
17
22
24
22
29
18
24
18
23
25
20
22
17
15
28
27
27
20
19
22
27
28
20
29
19
23
37
29
28
37
23
30
36
18
24
22
21
25
27
30
33
24
34
34
39
27
25
33
27
24
36
42
45
24
35
30
29
33
39
39
45
22
27
31
43
48
36
35
30
45
31
54
32
46
31
40
39
46
45
52
56
58
44
55
63
49
51
50
53
52
47
61
54
73
66
58
66
46
51
53
71
45
77
63
56
61
50
63
69
69
70
67
60
66
76
74
81
68
77
71
66
93
91
90
80
83
95
94
84
89
117
101
113
81
77
96
105
92
87
83
97
92
89
88
84
94
74
80
84
87
80
74
78
82
98
80
86
82
65
73
77
71
77
75
73
67
70
80
75
66
73
78
86
63
68
88
71
66
70
74
83
74
71
76
54
57
51
87
65
77
68
75
71
68
74
65
91
71
57
71
69
71
65
84
72
73
66
62
77
93
74
65
73
60
68
71
70
72
61
80
57
77
53
56
70
78
75
74
59
67
77
73
66
65
77
58
69
67
62
83
78
62
66
67
94
62
81
88
75
81
70
68
83
79
65
73
74
73
73
71
85
89
76
86
80
68
76
80
78
72
90
76
84
76
85
88
87
81
76
93
94
98
108
104
113
142
157
149
235
243
296
364
448
528
668
814
967
1156
1274
1395
1584
1754
1920
1955
2146
2088
2169
2048
1952
1858
1710
1532
1399
1194
1077
890
726
680
516
431
342
283
237
195
162
153
123
129
128
110
100
95
107
95
91
99
103
96
102
103
94
103
105
107
105
114
110
98
108
103
82
110
88
108
126
105
111
112
112
91
104
92
77
118
120
102
108
122
114
124
103
110
101
114
96
105
102
117
115
96
102
131
117
99
126
129
121
122
119
126
136
138
155
158
173
185
200
215
248
260
266
336
329
316
369
361
365
370
376
362
385
341
351
306
299
252
256
237
215
202
204
174
179
172
143
140
149
140
127
141
130
158
154
153
121
156
137
142
151
144
145
149
155
172
157
133
154
170
165
167
148
154
169
168
156
152
156
162
165
156
156
171
149
155
167
162
186
177
186
167
172
191
187
211
191
216
201
196
194
224
204
206
192
225
243
249
220
240
240
228
252
241
216
235
268
264
243
236
272
237
276
250
237
232
277
232
271
250
277
252
256
229
274
268
255
272
247
234
271
245
239
257
279
266
265
239
247
226
237
209
232
248
234
251
210
195
215
221
187
203
197
188
200
171
183
185
189
166
188
162
161
182
167
176
176
139
166
176
179
158
139
165
149
155
141
123
140
139
165
157
175
138
139
161
156
150
157
135
166
143
153
144
152
149
163
139
156
151
145
158
115
170
149
169
133
145
173
168
149
135
136
152
151
163
153
158
151
146
148
153
163
167
145
120
147
143
145
150
173
154
137
137
148
155
158
142
153
139
160
147
148
173
157
142
153
164
154
151
136
163
167
122
160
127
135
163
128
146
157
157
136
152
159
168
112
159
149
165
150
148
166
138
159
155
153
148
162
164
143
161
157
142
176
151
144
172
155
155
188
155
160
186
140
175
161
163
152
169
191
171
155
160
166
159
168
165
175
157
183
171
176
228
170
177
180
193
179
181
183
171
173
175
160
178
173
168
176
170
174
173
211
203
175
226
186
198
173
186
172
176
179
168
203
193
191
192
206
184
189
191
193
201
199
222
198
224
194
173
183
198
190
178
196
158
204
214
186
198
167
191
173
180
173
189
170
182
195
190
213
186
193
179
165
184
189
192
177
187
191
196
202
174
209
207
184
196
200
182
199
186
194
190
219
199
221
185
199
231
222
187
202
217
206
194
228
222
232
201
210
221
203
201
240
224
229
252
187
225
234
243
240
248
244
218
242
258
220
256
237
236
230
247
264
244
233
236
248
271
232
221
258
237
255
230
244
264
259
206
250
232
249
233
284
249
250
236
256
233
206
223
225
258
247
214
235
243
236
243
223
199
216
211
242
210
266
207
241
191
204
229
209
214
226
225
213
227
244
187
215
225
195
195
235
237
208
223
216
194
217
191
193
185
191
208
214
188
194
206
206
187
197
195
173
193
207
225
215
211
190
174
190
187
216
174
183
183
166
212
162
178
198
178
208
190
219
185
165
207
196
190
200
200
203
184
185
183
182
191
169
211
176
173
194
165
202
190
191
171
189
166
211
194
205
185
186
191
175
190
191
197
167
195
189
184
176
189
205
204
201
197
181
175
194
190
179
193
173
185
188
184
170
168
170
185
181
181
203
182
207
200
183
183
177
201
192
190
163
195
184
206
194
170
193
202
178
196
185
181
176
191
185
205
203
185
205
173
193
186
172
192
185
200
189
205
198
178
197
181
201
193
180
186
201
190
190
211
196
189
184
202
204
182
195
153
196
192
199
207
193
206
197
192
186
204
200
198
191
193
230
197
181
188
217
191
213
194
207
204
179
210
170
186
188
191
202
216
201
188
203
212
214
197
212
200
195
209
206
206
194
181
201
201
192
188
206
187
212
210
215
206
194
220
194
198
181
212
203
210
229
190
212
209
201
184
202
240
206
187
197
220
180
215
210
220
213
209
207
210
189
224
213
221
203
236
200
209
204
214
208
196
219
226
237
213
242
208
231
230
238
218
242
217
236
229
213
225
249
233
248
206
266
262
252
235
277
256
221
225
258
242
272
221
252
252
249
271
246
265
288
289
255
288
281
305
281
275
293
304
294
297
313
326
300
328
334
323
330
329
338
340
364
315
316
334
313
366
360
361
399
373
400
396
412
425
409
418
456
501
497
485
444
513
512
523
499
533
587
629
655
640
700
628
707
747
739
773
816
839
817
807
858
862
882
938
960
1002
1004
956
1002
1065
1066
1168
1103
1158
1122
1142
1183
1100
1180
1192
1152
1212
1177
1112
1200
1160
1105
1182
1140
1131
1172
1168
1133
1088
1023
1022
987
1041
916
889
926
877
884
875
838
795
772
729
744
673
657
624
663
597
597
617
527
528
530
524
482
453
445
435
409
433
404
387
365
365
344
377
342
309
311
297
311
310
309
301
293
288
264
301
255
268
260
263
247
242
248
230
243
244
237
226
208
217
228
195
209
198
236
192
215
209
206
195
186
174
194
190
164
171
165
179
161
174
190
205
166
217
160
195
213
225
224
242
225
259
258
232
272
291
271
298
315
337
323
340
350
376
341
353
368
386
376
363
419
374
403
397
357
352
334
378
323
290
343
316
273
227
254
263
240
238
208
200
167
201
165
152
161
152
131
141
122
135
123
148
153
125
150
138
137
128
119
120
150
123
125
122
135
131
118
141
130
138
152
119
128
158
161
126
144
145
167
151
164
149
145
171
153
180
175
170
173
146
167
159
188
205
189
197
202
174
207
190
201
214
182
214
228
219
231
220
196
198
206
170
204
210
220
230
213
222
230
217
203
193
226
197
207
223
205
186
228
187
183
196
203
182
196
189
162
175
174
164
172
186
163
161
149
153
185
157
129
147
142
141
128
118
141
130
146
126
123
120
118
116
108
111
117
118
129
94
95
101
109
91
93
75
92
71
86
85
70
88
79
89
82
82
79
78
72
73
82
72
72
69
88
78
69
78
69
77
71
70
65
55
53
59
65
65
56
60
53
48
55
68
67
56
57
55
59
53
63
52
54
60
53
54
53
55
55
57
64
44
48
54
49
50
50
47
39
52
50
48
53
54
49
42
46
43
63
54
48
53
52
45
48
65
59
40
44
61
54
68
63
59
55
59
71
70
65
74
73
56
48
72
54
73
64
69
51
76
46
63
55
55
58
53
66
58
45
49
61
46
42
56
27
51
54
42
50
28
36
39
41
40
44
32
42
32
46
40
36
47
28
43
28
36
39
29
34
31
37
43
36
46
43
30
39
30
48
37
33
43
42
37
42
50
37
37
26
38
24
28
42
26
29
39
37
31
31
18
23
22
25
25
35
28
34
36
27
27
25
35
25
22
33
20
22
30
33
24
21
26
25
24
25
21
30
30
26
26
23
31
29
39
23
38
24
31
27
22
36
25
24
23
31
29
21
31
16
19
25
31
27
25
36
28
26
36
29
24
19
36
27
31
21
19
29
22
34
21
30
21
38
21
23
27
32
20
31
16
26
23
18
21
26
29
15
29
25
18
27
30
17
24
25
16
21
25
19
19
22
32
31
24
21
23
19
22
25
19
24
33
30
18
19
20
29
27
29
21
26
28
24
20
22
19
22
25
33
29
16
16
27
14
20
19
21
27
20
21
30
18
21
20
20
12
31
18
21
16
15
19
16
20
18
15
24
16
14
25
23
22
13
18
17
21
25
12
25
23
28
22
21
26
23
12
19
18
17
22
20
15
15
15
17
15
15
25
18
22
12
17
21
10
16
13
14
19
27
14
18
16
22
18
14
16
17
15
14
12
18
11
14
27
25
9
20
15
15
15
19
19
21
22
15
14
16
19
17
13
14
15
24
22
23
17
11
13
12
14
20
15
19
26
10
18
11
20
11
13
17
13
10
16
12
22
13
11
5
13
17
11
9
14
19
14
13
13
16
12
16
10
11
17
10
12
18
13
21
14
17
15
23
14
16
14
7
14
16
16
15
14
12
20
13
11
14
6
10
8
26
4
11
13
12
19
12
10
12
19
20
15
16
11
15
18
8
18
12
9
7
6
12
10
16
11
17
11
13
11
12
11
10
9
13
11
9
6
7
13
6
21
10
13
14
9
14
16
16
14
13
11
10
8
12
13
14
9
13
12
13
9
11
18
13
13
14
13
13
13
5
13
9
9
15
7
10
14
11
6
10
9
10
11
14
16
8
12
19
10
12
12
9
9
8
15
12
9
15
9
10
11
9
10
9
8
9
11
13
9
14
11
8
9
9
16
11
7
16
10
9
16
8
10
8
3
5
5
11
12
13
7
10
9
9
9
6
11
5
9
7
3
14
9
8
7
11
8
9
1
10
7
9
8
9
9
5
8
6
8
4
4
9
12
6
15
5
12
13
11
11
7
9
7
6
10
7
10
8
8
7
8
6
9
7
2
9
4
4
7
10
8
8
7
6
8
14
11
9
6
11
7
9
3
12
4
4
9
6
9
12
8
7
6
9
4
5
10
7
9
7
8
6
9
8
9
4
1
7
9
4
4
8
5
6
14
5
12
5
4
6
5
6
7
4
8
6
5
7
5
8
9
5
6
7
7
1
3
7
8
5
5
6
7
6
4
10
4
6
7
7
5
3
6
5
6
5
6
6
6
8
9
7
7
5
10
5
5
5
7
2
4
5
5
5
10
4
4
4
9
1
5
8
7
3
6
3
9
9
9
4
4
4
3
7
4
4
3
8
4
8
8
6
2
3
2
7
3
12
5
7
8
8
6
5
5
6
4
5
2
4
4
6
5
2
6
5
4
3
11
3
7
1
3
5
6
2
4
4
5
2
4
5
2
6
7
3
2
1
1
5
5
4
4
6
2
5
4
5
2
5
8
5
2
7
4
3
7
4
3
4
1
6
4
2
4
6
5
6
2
3
3
4
1
7
3
5
2
3
3
4
4
6
4
2
1
2
9
5
5
5
1
3
2
1
3
3
5
3
5
4
6
2
4
4
5
4
2
3
4
2
6
6
1
3
5
5
7
1
4
3
3
1
0
5
3
3
3
1
3
3
6
2
7
5
3
1
3
2
3
6
4
4
3
2
3
5
3
2
5
2
1
1
2
1
0
2
5
1
4
5
2
4
4
0
4
1
4
2
3
2
5
4
1
2
2
3
3
2
5
4
3
4
3
1
1
2
5
1
4
4
2
1
4
7
4
2
4
5
3
2
2
1
3
2
3
4
2
1
3
2
1
1
6
1
4
2
3
2
4
4
3
0
2
4
1
4
2
1
4
1
2
0
2
1
1
0
3
3
1
5
5
2
1
4
2
1
1
1
1
6
4
7
1
0
4
3
3
1
1
4
1
1
4
0
0
1
3
1
4
3
4
2
1
1
1
0
0
0
0
2
0
3
0
1
4
2
1
2
1
3
2
1
3
2
1
2
5
1
1
2
3
1
2
1
3
3
2
2
2
3
0
1
0
1
5
0
2
1
2
0
3
3
2
0
3
2
1
2
1
0
1
4
3
2
1
2
2
1
0
2
1
1
0
1
1
2
2
2
1
2
3
3
2
1
3
2
1
1
2
1
2
0
0
0
3
2
1
1
1
1
1
0
1
0
0
2
6
0
3
2
0
1
1
2
1
2
2
5
0
0
0
1
3
1
3
3
2
1
3
1
0
1
1
0
1
1
2
1
1
0
2
2
2
1
2
2
2
5
0
1
1
2
0
2
1
3
2
0
2
0
2
1
1
3
2
1
0
1
0
1
1
0
1
2
1
0
1
1
2
0
2
1
0
0
0
2
0
1
0
2
1
0
0
1
0
2
0
1
1
1
1
1
0
2
3
2
0
1
1
0
3
0
0
0
1
0
1
2
1
0
0
2
1
1
2
1
1
2
1
1
2
1
1
0
0
0
4
1
3
2
2
0
0
0
2
1
1
0
2
1
0
0
1
0
1
2
2
1
0
0
1
0
0
0
1
1
1
1
2
1
1
1
0
0
1
0
3
2
1
2
0
1
1
0
0
0
0
1
2
2
0
1
1
1
0
1
1
1
0
0
0
2
0
0
0
0
0
0
1
0
0
1
0
0
1
0
0
1
2
1
1
0
1
3
1
1
0
1
1
0
1
1
0
0
0
0
0
0
2
1
2
0
0
0
0
0
0
2
0
0
0
0
1
0
0
1
1
0
0
0
1
1
0
0
1
1
1
0
4
0
0
0
0
1
0
2
0
3
0
1
1
2
1
2
0
0
0
1
3
0
1
3
0
1
1
0
1
1
2
0
0
2
0
2
0
1
1
2
0
1
3
0
0
0
0
2
1
0
1
0
2
0
0
0
0
0
1
0
0
1
0
0
1
1
1
0
1
0
2
1
0
0
0
1
0
0
1
1
1
0
0
1
0
0
0
2
1
1
0
1
0
0
0
0
0
0
0
0
0
1
2
0
0
0
2
0
0
1
1
2
0
2
2
0
1
0
0
0
0
0
0
1
0
0
1
0
1
0
0
0
0
1
1
0
0
0
1
1
0
0
1
0
1
0
0
0
1
1
2
0
0
1
1
1
0
0
1
0
0
0
0
0
0
0
0
0
0
0
0
0
0
0
0
1
0
0
1
0
1
0
1
1
0
0
1
0
0
0
0
0
1
0
0
0
0
0
0
0
0
0
0
1
0
0
0
0
1
0
0
0
1
1
0
1
0
1
0
0
0
0
0
1
0
0
1
0
0
0
1
0
1
0
0
0
1
0
0
0
0
0
0
0
0
0
0
0
1
0
0
1
0
0
1
0
0
0
0
1
0
0
0
0
0
0
0
0
1
0
0
2
1
0
0
0
1
0
0
0
0
0
0
0
0
0
0
0
1
0
0
2
0
0
0
0
1
1
0
0
0
0
0
0
0
0
0
0
0
0
0
0
0
0
0
0
0
0
0
0
0
1
0
0
0
0
0
1
0
0
0
0
0
0
0
0
0
0
0
0
0
0
1
0
0
0
0
0
0
0
0
0
0
0
0
1
0
0
0
1
0
0
0
0
0
0
1
0
0
0
0
0
0
0
1
0
1
0
0
0
0
0
0
0
0
0
