0
0
0
0
0
0
0
0
0
0
0
0
0
0
0
0
0
0
0
0
0
0
0
0
0
0
0
0
0
0
0
0
0
0
0
0
0
0
0
0
0
0
0
0
0
0
0
0
0
0
0
0
0
0
0
0
0
0
0
0
0
0
0
0
1
1
0
2
5
3
2
3
0
0
2
2
4
4
0
4
3
2
18
28
126
342
934
2239
4784
9563
16813
27652
40826
54524
66195
73326
73660
66762
55042
41050
27969
17243
9928
4912
2347
981
396
133
50
11
3
3
1
1
2
5
1
1
1
0
0
0
1
1
0
0
0
0
2
0
1
7
43
64
50
47
43
33
46
37
34
50
56
51
43
42
47
36
48
47
41
30
33
37
39
39
37
35
39
30
31
34
36
33
26
34
31
41
40
35
32
37
36
26
34
36
37
26
36
42
35
42
30
42
30
35
49
42
44
41
47
31
40
34
51
63
49
52
63
66
78
80
107
111
142
147
188
183
171
143
133
125
97
83
74
84
56
52
56
46
51
48
47
49
39
52
37
50
30
55
42
45
49
58
53
67
67
68
69
59
66
86
65
92
92
105
109
148
130
167
127
154
174
207
254
272
333
515
831
1203
1970
3160
4978
7394
10615
14167
18364
22523
26336
28711
29674
29422
27488
24069
20768
16106
12672
9498
6822
4873
3384
2399
1783
1343
980
736
582
432
362
368
433
462
537
682
831
884
992
1076
1023
946
885
793
668
513
417
265
218
153
119
120
98
78
77
62
55
44
28
38
21
31
19
14
6
9
12
10
9
7
9
12
8
14
4
8
5
10
11
3
10
6
5
13
4
7
17
7
10
6
9
11
13
10
8
8
7
9
11
12
15
17
14
15
28
30
23
27
28
25
27
27
26
25
21
20
22
26
19
14
18
13
15
20
26
23
21
18
23
19
17
25
24
18
16
18
12
17
20
13
8
16
8
10
6
6
6
7
5
7
3
4
6
6
9
5
6
8
5
10
7
6
4
5
7
6
7
3
4
3
9
8
5
8
5
8
9
10
14
19
11
14
22
22
22
31
23
26
24
28
19
17
14
12
9
9
12
10
4
5
9
7
12
8
8
14
12
12
9
11
11
10
16
12
5
12
5
6
7
6
2
8
1
3
6
4
4
6
5
7
5
6
7
9
9
7
7
3
5
8
7
10
8
3
6
6
3
4
10
7
4
4
5
2
4
3
7
3
4
4
2
5
3
4
3
5
3
6
4
11
9
7
5
8
10
8
6
6
9
8
6
7
8
3
5
6
9
9
8
11
5
7
10
5
11
2
9
11
3
10
8
4
10
3
7
11
5
7
5
1
8
8
12
4
9
4
7
7
9
9
7
8
14
6
8
9
5
8
7
9
9
12
4
8
6
5
12
5
13
10
5
9
6
8
7
7
6
13
8
9
9
8
5
11
8
10
11
8
6
11
12
10
10
12
8
7
8
8
11
11
7
7
8
13
8
6
12
7
11
2
10
12
10
8
10
8
11
9
24
21
9
15
16
16
7
15
11
18
11
20
17
18
17
17
10
20
19
15
15
15
10
17
10
17
16
16
9
10
13
13
22
18
21
17
17
15
15
19
16
13
15
11
17
12
14
20
19
14
14
21
23
19
13
21
12
19
16
12
14
20
18
18
16
19
22
18
14
20
21
14
24
23
21
21
16
22
33
17
20
17
26
30
14
23
21
21
22
38
30
27
18
21
29
28
40
27
36
33
27
20
24
21
29
30
28
41
32
28
38
32
33
26
35
23
26
42
40
27
27
41
42
42
30
26
36
42
28
38
28
34
29
36
27
42
43
33
36
41
47
32
44
55
47
42
46
44
35
39
62
52
44
43
59
45
54
47
59
33
51
42
60
50
58
50
58
66
57
57
47
70
75
71
65
71
67
76
72
68
59
79
71
77
90
68
68
80
76
70
74
98
68
79
81
91
84
89
105
76
81
81
82
69
78
101
76
86
91
81
96
81
71
77
75
92
96
84
89
90
89
92
70
83
84
88
72
72
75
77
88
75
75
75
56
93
85
61
76
77
70
65
70
58
67
68
82
77
55
70
58
66
58
69
70
73
54
58
78
61
93
63
73
81
76
74
68
75
76
78
81
75
61
73
74
76
64
83
59
83
65
65
75
58
72
61
81
68
82
59
66
83
75
91
73
70
80
72
68
76
67
74
79
76
81
65
58
56
60
70
63
56
71
73
76
73
72
98
74
74
82
64
81
69
48
80
81
66
75
84
70
81
83
80
69
71
68
78
84
79
83
96
75
90
83
102
79
89
88
111
88
141
100
132
130
138
163
235
231
259
371
453
514
696
780
926
1104
1261
1469
1614
1731
1817
1866
2039
2095
2090
2074
1972
1876
1727
1493
1321
1201
1019
921
750
636
519
438
365
308
234
199
177
167
113
143
107
83
107
97
115
98
92
96
102
123
97
112
108
79
108
77
102
106
85
89
93
100
95
108
90
119
108
92
98
111
101
84
112
107
96
103
96
93
116
92
104
103
116
118
98
111
99
109
112
122
123
108
116
129
127
110
116
127
127
130
122
129
145
139
150
156
132
177
194
224
230
270
283
325
304
328
368
353
378
374
374
370
336
347
339
337
296
285
251
234
252
198
174
160
176
163
170
157
137
150
149
138
139
122
132
116
140
156
183
121
154
150
154
124
145
130
153
159
134
160
156
131
155
166
147
165
137
141
162
170
171
175
171
176
159
156
172
186
210
187
192
199
178
174
192
180
200
213
214
197
212
209
217
195
210
219
234
242
214
261
235
238
251
227
275
257
226
239
219
262
249
266
255
276
249
248
249
239
265
244
240
261
260
249
284
271
239
267
229
247
266
257
245
235
229
254
226
231
218
240
242
225
229
208
190
206
204
206
211
224
185
206
189
215
202
180
173
165
174
182
177
169
184
170
147
165
153
154
180
161
171
166
162
162
142
133
180
173
184
165
163
129
133
140
149
148
145
149
159
164
150
140
151
149
154
160
160
131
145
163
121
140
137
137
133
141
137
148
143
161
134
121
135
142
137
160
137
145
144
142
154
150
155
147
148
160
123
147
137
140
130
145
150
153
151
154
156
164
162
153
145
160
138
172
133
161
154
158
132
142
167
169
137
138
139
140
136
132
162
126
164
141
168
154
164
146
130
136
139
144
166
141
146
143
168
156
147
128
134
152
131
162
148
156
167
167
163
168
158
148
159
174
162
173
172
158
167
168
168
173
193
168
184
170
165
175
163
205
176
167
213
162
187
185
180
165
190
167
192
176
166
184
171
157
200
171
185
167
163
187
171
197
167
197
184
167
174
161
198
172
196
184
150
185
167
194
192
191
188
195
164
201
175
198
209
181
173
177
188
208
189
178
198
194
177
204
189
173
171
189
184
182
176
191
170
196
161
180
179
210
194
195
165
175
168
161
178
184
197
164
157
173
186
190
187
201
184
164
191
188
188
195
183
203
188
192
203
216
197
182
184
196
200
206
225
185
191
205
227
185
232
193
202
220
235
228
192
223
236
219
245
221
184
222
231
207
209
193
215
222
232
209
229
225
228
233
240
250
235
273
195
221
230
240
276
209
250
253
252
252
245
222
275
256
243
232
210
223
246
198
217
223
252
245
217
236
204
224
235
216
230
214
225
199
223
212
221
207
197
233
214
241
222
176
201
207
218
198
205
182
211
215
191
198
187
206
185
209
224
196
202
189
179
193
202
170
178
166
204
206
199
184
212
197
191
185
178
177
211
196
188
206
172
154
183
180
176
169
176
179
189
196
190
188
176
200
207
181
169
178
189
202
173
179
181
169
194
171
192
191
168
172
178
173
172
159
149
160
207
169
208
181
193
171
168
161
185
197
215
171
174
190
177
167
185
205
156
188
195
179
167
187
198
206
190
184
174
186
199
151
165
193
175
188
179
142
191
215
189
164
160
174
174
185
226
184
179
175
167
188
189
164
189
186
174
171
166
193
190
191
193
178
156
189
196
171
178
184
189
156
187
180
177
190
191
169
180
169
184
162
180
184
184
164
168
223
163
204
156
187
202
201
208
169
177
187
177
190
154
180
187
167
184
212
159
186
203
189
188
205
176
196
198
197
166
197
186
175
192
192
170
195
179
210
187
195
201
195
194
205
198
192
170
172
197
186
210
185
175
174
183
186
190
188
195
192
189
186
183
179
211
181
182
180
197
174
170
196
219
199
200
169
184
174
171
181
169
198
197
202
186
199
192
203
188
200
200
197
215
205
210
220
202
222
191
205
171
216
195
204
205
227
199
211
222
206
223
195
223
246
195
260
210
223
213
234
216
217
227
249
228
235
242
236
260
237
231
220
261
242
239
253
248
243
249
248
245
249
289
269
259
282
274
273
249
284
289
286
309
261
300
263
292
326
293
292
282
312
338
274
290
333
306
352
321
317
361
349
328
358
385
345
392
387
395
375
408
417
414
423
458
496
474
492
552
529
504
540
565
567
597
590
566
604
711
729
767
745
740
796
791
822
830
873
851
902
901
938
954
988
1024
1002
967
1035
1027
1110
1116
1133
1027
1086
1101
1184
1153
1129
1134
1135
1174
1088
1088
1099
1091
1078
1042
1000
994
1038
973
963
974
957
913
863
862
825
777
793
807
766
725
735
676
620
659
618
610
569
605
534
517
534
501
442
453
435
427
433
401
411
359
392
368
366
351
361
303
331
335
295
296
320
259
286
255
252
229
268
245
267
235
249
252
218
222
243
195
237
200
215
211
228
201
192
205
209
221
180
195
197
195
202
180
178
189
189
187
194
170
180
195
172
182
179
175
188
173
204
181
230
217
197
240
232
277
237
221
278
249
294
311
306
317
361
321
315
357
380
383
363
367
388
378
358
398
343
352
350
346
349
297
307
306
277
260
253
244
207
191
226
210
167
164
159
162
163
139
135
159
145
143
117
116
133
131
132
115
111
119
114
123
132
150
123
104
137
126
115
135
145
116
138
136
154
141
144
148
160
124
141
140
144
125
155
154
175
181
147
154
164
157
176
192
150
179
159
193
169
183
189
202
168
190
171
206
223
221
211
222
214
214
196
210
203
206
204
212
218
193
201
217
204
199
191
211
191
209
205
191
180
172
184
169
166
194
197
186
200
172
160
165
155
168
156
156
172
161
165
136
144
155
126
117
140
154
131
149
130
110
135
109
95
110
111
105
112
108
107
101
101
94
97
94
95
106
83
105
84
83
84
66
77
84
94
72
63
86
71
76
71
68
72
69
59
57
58
69
72
66
73
64
72
52
64
75
46
64
65
56
62
58
61
51
41
55
42
63
45
56
53
65
50
47
52
43
37
41
53
50
59
44
51
50
50
54
50
43
39
49
40
47
47
49
47
49
50
42
52
38
61
45
49
49
51
53
53
44
46
38
56
47
52
59
64
52
45
57
55
67
52
55
55
58
68
56
68
48
76
67
71
65
55
49
72
53
65
54
57
50
46
58
29
34
43
38
40
27
37
35
36
40
41
40
38
29
25
34
28
43
34
36
42
44
35
36
34
40
37
31
36
27
30
35
31
26
20
45
38
35
29
33
30
33
20
33
28
37
34
20
29
40
30
30
33
28
15
35
27
32
25
28
30
31
26
26
34
29
25
32
19
31
38
37
28
27
32
21
25
25
23
20
33
24
22
24
31
22
32
30
26
29
27
31
25
25
33
19
26
23
18
28
23
21
28
26
23
26
19
33
21
29
24
25
25
27
28
24
21
25
21
29
23
25
29
18
22
33
25
23
21
25
27
19
19
18
21
25
25
16
21
24
29
22
23
22
18
19
18
15
21
16
25
23
32
18
16
29
16
22
24
22
19
24
16
25
21
20
21
15
14
27
18
26
21
19
25
24
18
26
18
22
14
32
21
24
26
21
19
34
23
19
16
27
18
25
22
23
18
19
14
14
14
31
18
15
15
20
23
15
15
18
24
18
22
16
27
14
18
21
22
18
19
22
19
14
15
22
20
21
17
21
11
22
25
15
18
20
19
17
15
15
18
15
20
21
13
15
15
26
16
15
18
18
18
16
15
12
15
16
9
21
20
16
15
11
10
8
15
16
22
21
18
22
20
20
19
16
15
19
18
17
17
14
15
22
18
11
16
9
18
15
14
15
11
17
15
14
18
10
17
16
14
15
11
14
15
18
17
13
12
17
16
15
8
11
16
10
11
16
14
13
12
17
18
14
20
18
9
10
17
12
20
15
14
18
9
7
13
12
10
15
10
16
18
12
14
12
13
16
7
16
10
20
11
17
18
10
11
10
19
14
12
10
17
10
13
14
10
15
13
21
9
6
16
8
12
6
14
15
17
8
11
8
13
9
17
6
7
13
12
6
17
11
7
12
9
8
14
7
12
12
12
10
8
14
14
10
10
11
6
12
7
10
13
16
11
10
10
9
10
9
10
8
14
10
9
18
12
11
9
10
14
14
10
12
6
8
12
7
8
9
7
12
7
14
14
13
11
13
10
14
5
11
10
12
10
10
12
10
13
8
7
10
8
11
12
10
10
14
7
6
7
10
4
7
6
13
4
11
10
8
5
6
13
8
11
8
10
10
11
9
12
11
14
4
7
10
13
7
12
8
12
7
14
4
8
7
3
8
5
4
10
9
9
7
9
9
7
8
7
7
4
13
13
6
8
4
8
7
5
6
9
10
6
6
9
5
5
9
7
6
13
6
5
6
5
9
9
11
5
8
9
8
6
14
11
9
6
9
6
8
5
7
8
10
7
11
3
4
7
4
7
14
5
6
9
5
6
3
5
4
6
7
4
5
1
6
6
11
5
7
4
6
9
4
7
7
7
7
9
11
3
5
7
5
12
9
7
6
10
4
8
8
11
5
8
8
5
4
4
6
6
6
7
5
1
7
5
4
8
6
5
9
5
10
6
7
10
6
4
12
5
2
6
4
4
8
9
12
5
7
6
7
5
4
6
9
2
4
3
3
6
4
8
9
5
11
2
5
6
0
7
4
4
7
8
10
3
7
3
6
13
6
3
5
1
6
5
5
4
5
5
6
3
5
4
7
3
3
8
7
2
6
5
7
1
6
3
2
4
7
0
6
7
6
6
3
0
5
2
7
3
8
6
3
0
2
2
3
1
7
7
4
7
2
4
2
9
0
7
5
1
8
7
5
4
4
5
4
2
3
5
3
4
3
5
8
3
6
5
5
4
8
4
6
5
4
2
6
3
7
2
5
2
4
5
5
5
4
3
3
4
5
4
3
3
4
4
1
4
4
6
4
4
2
4
4
4
4
9
3
4
3
4
4
7
3
5
6
3
1
5
2
4
6
5
3
4
1
0
4
6
3
5
6
3
2
3
3
3
6
4
4
3
3
12
3
4
4
3
5
1
2
3
5
1
3
5
1
4
4
8
3
3
3
3
2
1
3
1
3
8
0
5
2
1
2
3
5
2
3
3
2
3
2
4
2
2
1
4
2
1
2
2
2
1
2
3
2
3
3
3
1
5
2
5
1
4
3
9
2
2
2
0
2
1
8
3
6
1
3
2
3
0
4
6
1
0
2
0
3
3
1
1
4
0
2
3
2
3
3
1
0
0
1
0
1
3
2
1
1
4
2
3
3
1
1
1
3
1
0
2
4
1
1
2
3
2
0
3
2
1
3
1
4
2
0
1
1
2
3
1
3
2
3
6
1
3
1
3
1
1
1
4
2
5
0
2
2
2
1
0
3
2
1
2
0
4
1
1
2
1
1
1
0
1
2
2
2
1
1
1
1
4
2
1
2
0
0
4
0
5
1
2
1
1
1
1
0
3
1
0
1
1
2
0
4
1
1
4
5
4
3
4
0
4
2
1
1
0
3
0
1
1
0
1
2
0
0
0
2
1
1
0
4
4
0
0
1
1
1
0
3
3
0
2
0
1
1
3
1
0
0
2
1
3
0
1
2
0
2
0
0
0
0
1
2
1
0
5
2
0
3
3
1
2
0
0
2
3
2
1
2
1
0
2
2
1
0
0
3
0
1
2
1
1
1
2
0
2
1
3
0
0
3
2
2
2
1
2
3
2
0
0
2
1
1
0
1
1
2
2
1
0
0
1
1
1
2
2
2
1
2
1
1
2
0
2
1
0
0
3
2
0
3
0
1
0
1
1
2
0
0
2
2
0
1
3
1
0
1
0
2
0
1
0
1
1
0
0
2
1
1
2
0
0
0
0
0
1
1
3
0
0
0
1
2
3
0
2
0
1
0
1
1
2
0
3
2
1
0
0
0
0
0
0
2
0
1
1
0
3
2
1
0
2
0
0
0
1
0
0
0
1
2
1
0
2
2
0
3
1
1
2
0
0
1
0
0
2
0
1
0
1
1
0
0
0
2
0
0
0
1
0
0
0
4
2
0
1
0
0
0
1
0
0
1
1
1
0
0
0
0
0
1
1
0
1
0
2
0
0
0
0
0
0
2
0
1
1
0
0
0
0
0
0
0
2
0
0
0
1
0
1
0
0
0
1
0
0
0
0
0
1
0
1
0
1
0
1
0
0
1
1
1
2
0
0
0
1
0
0
0
2
0
0
0
0
1
0
1
1
1
4
0
0
0
0
1
1
0
0
1
2
0
0
3
0
1
3
1
1
2
0
0
1
0
1
0
0
1
0
1
1
0
1
0
1
0
0
1
0
0
0
0
1
1
0
0
1
0
0
0
2
0
0
1
1
0
0
1
0
2
1
1
0
0
1
0
0
0
1
0
0
0
0
0
1
0
1
1
3
0
1
0
0
0
0
0
0
0
1
0
0
1
0
1
2
1
1
0
0
0
0
0
1
1
0
0
0
0
0
0
1
1
0
0
0
0
0
2
0
0
0
0
0
1
1
0
0
0
1
0
0
0
0
1
0
0
0
0
0
2
0
0
1
0
1
0
0
0
1
0
0
0
0
1
1
0
0
0
0
0
0
0
0
0
1
2
0
0
0
1
0
0
0
0
1
0
0
1
0
0
0
0
3
0
0
2
0
0
0
0
0
0
0
0
0
0
0
0
0
0
0
0
0
1
0
0
0
0
1
0
1
0
0
0
2
0
0
0
0
0
0
0
0
0
0
0
0
0
0
0
0
0
0
0
1
0
1
0
0
0
0
1
0
0
0
1
0
0
0
0
0
0
0
1
0
2
0
0
0
1
0
0
0
0
0
0
0
0
0
0
1
0
0
0
1
0
0
0
0
0
0
0
0
0
0
0
0
0
0
1
0
0
0
0
0
0
0
0
1
0
0
0
0
0
0
0
1
2
1
0
0
1
0
0
0
0
0
0
0
0
0
0
0
0
0
0
1
0
0
0
0
0
1
0
0
1
0
0
0
0
0
0
