0
0
0
0
0
0
0
0
0
0
0
0
0
0
0
0
0
0
0
0
0
0
0
0
0
0
0
0
0
0
0
0
0
0
0
0
0
0
0
0
0
0
0
0
0
0
0
0
0
0
0
0
0
0
0
0
0
0
0
0
0
0
0
0
0
0
0
1
0
0
0
0
2
2
1
2
2
2
2
4
1
8
13
41
119
334
958
2299
4950
9545
17378
27843
40846
54741
66099
72738
72753
66508
54843
41115
28198
17461
9857
5014
2334
1088
357
158
36
16
10
2
3
0
2
1
0
1
1
1
0
0
0
0
0
0
1
0
0
0
0
3
50
44
44
51
57
45
56
44
35
48
42
42
32
43
47
39
39
45
42
40
39
39
45
35
45
34
39
42
38
33
41
39
45
41
35
36
30
32
40
38
33
33
35
41
37
36
34
29
46
42
24
38
38
37
40
37
27
42
42
39
39
42
35
32
43
52
54
53
59
88
105
113
142
141
147
152
152
149
133
118
105
98
74
69
62
52
64
53
42
50
49
42
31
43
42
47
46
44
45
36
43
50
53
53
45
67
60
79
73
79
89
80
89
88
121
108
111
129
125
143
148
162
195
212
257
401
614
1046
1779
2847
4575
6971
10124
13823
17534
21742
25515
27566
28681
28318
26269
23443
19524
15763
11995
9027
6418
4621
3272
2360
1694
1193
907
689
478
399
310
339
310
427
548
613
810
947
1042
1058
1068
987
922
771
602
541
397
302
228
175
125
97
87
87
62
97
57
36
34
28
19
23
20
10
15
10
8
9
11
11
8
7
11
4
9
10
12
10
11
8
8
10
5
12
10
11
9
8
4
8
6
4
5
8
14
10
5
16
12
10
12
17
22
20
25
25
18
23
31
16
28
24
20
23
23
23
20
19
22
24
15
16
19
16
17
15
12
16
19
29
23
18
12
19
35
18
17
12
11
10
13
11
11
7
8
6
8
6
3
1
7
5
3
9
7
3
1
8
8
4
4
3
2
5
5
2
1
13
4
7
4
8
3
2
8
4
9
11
11
11
16
16
23
20
27
25
14
20
20
25
16
19
14
14
7
9
5
10
5
9
4
8
13
14
6
18
10
11
13
8
11
18
7
12
9
7
4
9
4
4
5
7
16
4
6
11
5
6
5
7
11
4
5
4
3
5
11
9
5
2
6
9
7
6
7
5
5
6
4
7
4
4
6
3
9
8
7
5
8
10
7
1
6
8
3
6
6
2
7
7
10
4
5
4
5
7
8
6
5
7
7
5
5
4
7
6
5
7
4
5
5
3
14
5
3
2
4
7
8
8
7
5
4
8
13
6
6
5
8
9
9
5
8
12
8
11
5
18
4
5
4
11
3
10
3
10
6
5
11
7
11
14
3
5
6
6
12
8
5
9
12
6
14
5
6
15
5
9
5
6
9
8
10
10
8
7
2
10
7
8
10
10
3
13
9
6
8
12
15
6
11
14
11
7
12
8
10
8
17
13
5
6
19
13
10
11
9
11
11
18
14
8
9
13
8
12
16
16
8
14
18
11
16
20
15
23
20
21
15
13
34
19
15
25
12
20
27
20
18
25
31
23
21
20
26
19
20
30
20
19
19
22
24
22
20
12
12
19
25
14
15
18
14
23
19
19
19
16
26
13
17
24
19
13
21
21
21
21
14
17
18
16
25
20
23
19
24
17
18
18
20
22
14
18
30
22
18
19
24
21
17
26
22
25
31
30
23
28
23
34
24
17
36
25
28
30
25
30
26
21
29
21
26
35
22
28
20
21
26
38
28
23
24
32
31
30
29
43
38
26
29
34
30
42
31
36
38
34
27
39
38
26
44
45
41
41
29
44
27
36
33
57
34
43
43
53
48
44
33
41
51
47
60
62
34
54
55
59
60
56
59
61
72
64
63
74
83
71
81
77
76
102
85
93
105
88
106
113
149
133
125
130
124
143
154
146
161
110
132
144
143
123
137
102
105
128
100
89
108
95
82
105
85
76
90
91
100
83
80
65
70
77
90
83
77
101
58
74
71
74
78
52
68
64
76
82
80
71
75
72
68
78
90
85
81
91
72
86
75
83
65
68
86
66
59
72
78
67
74
81
58
67
75
82
68
66
76
79
71
71
68
69
78
75
75
88
69
79
72
82
89
81
93
82
77
69
80
52
65
80
74
70
94
68
85
78
69
69
79
82
65
75
68
79
74
49
82
74
71
77
85
78
81
66
89
69
70
94
70
80
89
84
75
90
81
85
69
82
75
90
78
92
94
69
91
88
82
87
98
103
87
92
97
102
79
77
82
98
104
92
118
121
139
163
193
229
294
334
411
511
613
711
811
975
1151
1358
1470
1604
1692
1853
1858
2040
1968
1986
1980
1778
1765
1698
1511
1381
1227
959
918
715
669
496
414
350
271
281
218
193
146
129
131
106
121
107
97
126
110
109
109
102
112
113
106
109
127
106
114
120
102
118
106
113
107
95
103
92
125
99
130
120
120
117
123
100
101
117
106
108
134
103
122
103
118
103
114
112
120
147
106
133
105
107
130
110
118
123
124
116
103
105
140
129
148
131
132
153
164
198
201
193
241
240
238
296
318
298
337
350
370
394
329
370
396
349
347
321
324
272
247
243
250
186
203
185
168
166
165
143
127
151
139
133
171
152
139
136
129
147
125
128
146
151
128
132
148
133
136
159
120
136
162
133
150
132
136
142
131
128
156
151
155
149
152
167
142
159
173
164
161
152
175
156
161
163
181
149
166
187
192
199
165
177
175
186
195
157
176
203
201
215
200
184
180
195
179
173
188
218
195
191
208
189
185
199
200
229
241
210
203
239
214
240
212
235
234
235
220
230
237
233
232
234
231
261
234
256
275
267
287
286
258
287
285
254
263
274
261
284
306
269
282
294
280
286
293
281
268
295
268
275
260
263
280
271
253
248
294
255
256
232
257
243
223
257
257
258
254
227
254
231
236
235
214
234
231
209
202
233
219
189
197
214
184
189
166
200
187
186
172
183
188
178
185
165
184
152
150
186
142
156
160
176
147
140
167
175
186
143
147
168
173
141
157
159
159
163
153
149
162
155
170
150
150
186
145
170
178
157
162
154
173
189
178
153
143
174
153
170
169
170
170
159
160
186
176
181
162
173
169
183
180
197
200
187
214
199
196
190
203
197
209
234
211
187
199
203
213
202
182
185
203
203
187
210
222
201
212
214
223
209
240
231
233
207
228
224
198
203
207
212
203
219
211
208
178
228
231
208
231
206
196
201
203
207
184
206
223
217
199
209
188
208
199
184
210
181
178
168
186
175
205
180
194
195
190
206
172
161
185
185
202
173
163
170
178
198
168
165
155
177
185
163
168
156
170
164
172
184
171
182
152
160
167
164
144
170
160
188
163
155
178
170
187
165
161
165
181
176
169
187
152
165
183
165
171
165
162
166
187
159
169
144
204
146
185
171
187
174
196
173
163
194
201
176
189
153
191
167
177
166
186
168
204
194
181
189
200
183
179
161
209
192
201
154
178
166
201
182
203
194
181
197
169
182
186
194
171
192
217
172
189
182
176
208
202
216
185
202
162
198
183
202
165
181
171
200
177
194
197
191
191
176
215
191
197
207
201
174
171
218
213
199
201
204
201
191
202
209
220
181
197
190
201
188
200
212
200
207
187
215
205
192
203
212
222
202
199
202
215
228
212
188
216
231
241
226
224
256
238
187
174
199
200
203
200
190
219
206
210
216
203
219
195
192
215
216
217
207
200
198
243
214
222
232
214
231
222
204
192
218
204
216
223
197
212
199
206
203
223
195
168
209
182
189
209
206
193
220
208
190
196
187
168
200
225
189
187
167
196
188
209
175
209
199
209
181
201
163
189
203
156
171
186
211
184
193
167
179
191
201
187
210
162
191
201
192
194
183
186
181
198
198
178
207
177
178
179
185
209
196
161
191
205
199
202
158
211
187
173
197
180
176
197
181
190
187
178
196
193
216
200
192
190
176
209
197
203
204
197
190
203
187
213
171
177
191
190
195
191
193
187
162
165
192
186
182
171
187
183
195
192
165
184
199
203
187
220
174
167
212
205
203
182
181
198
203
188
172
213
184
177
196
189
194
222
180
197
194
187
184
185
203
211
195
180
197
189
190
205
193
191
201
189
192
200
185
225
200
217
210
196
198
193
188
202
199
177
175
204
190
203
215
180
206
182
199
199
185
197
183
180
183
209
176
207
196
194
216
195
215
212
213
189
216
192
191
193
191
197
219
195
210
224
205
232
216
192
214
236
188
204
235
198
213
210
221
227
232
220
222
229
212
213
213
216
223
243
209
219
221
247
237
219
237
212
212
236
259
250
237
247
224
240
252
244
221
255
290
262
256
262
265
271
258
277
288
273
270
296
277
300
277
286
303
319
294
314
315
325
281
294
285
312
307
339
391
362
317
350
333
421
368
379
395
377
359
420
454
444
436
493
476
495
492
531
486
495
567
564
550
549
665
643
632
677
693
690
749
705
757
802
787
847
910
838
876
925
945
956
957
987
989
1015
1028
1083
1094
1084
1078
1090
1115
1142
1137
1147
1171
1170
1200
1175
1144
1113
1150
1147
1078
1106
1111
1111
1087
1031
993
1009
1016
989
974
949
851
870
804
856
777
839
721
762
731
703
701
640
613
614
550
610
511
509
492
487
447
485
422
415
434
379
410
398
369
365
353
363
317
340
326
327
311
299
292
276
297
273
257
287
251
288
272
234
272
259
233
242
219
214
215
230
225
208
199
219
198
210
221
231
230
219
231
197
201
195
183
179
171
206
182
178
203
207
202
199
201
171
235
208
233
227
233
217
262
255
264
300
303
316
315
366
365
346
381
397
367
398
366
370
424
417
439
421
427
420
411
410
400
384
428
394
375
357
323
324
309
280
283
278
244
189
214
197
192
179
160
168
182
172
131
143
137
140
163
131
119
131
127
127
126
137
115
136
138
130
119
144
124
133
140
135
144
128
122
151
152
151
142
146
147
154
170
157
162
151
181
176
167
176
181
172
168
173
153
213
222
174
192
157
189
207
181
210
197
187
222
193
226
212
229
211
227
220
211
217
184
223
230
208
220
204
195
206
215
193
196
225
192
195
198
172
206
205
213
193
190
177
179
190
201
190
191
170
168
159
167
159
180
155
155
163
155
145
174
156
149
151
124
126
124
119
127
123
115
101
105
103
129
116
88
91
101
103
104
94
85
83
90
74
85
77
90
97
81
80
76
88
81
72
81
65
67
74
81
92
60
64
64
60
77
81
72
70
64
52
55
66
63
77
54
61
73
66
63
64
68
66
52
62
52
47
54
52
58
43
53
55
47
41
51
63
56
45
42
50
44
40
52
45
34
50
46
51
43
59
48
44
55
49
41
52
52
47
45
38
53
56
44
42
61
64
61
51
53
60
73
63
58
65
44
57
64
73
72
60
78
61
76
64
72
82
62
51
55
68
64
50
56
52
49
49
38
56
39
56
37
41
38
28
42
48
48
33
34
39
44
41
39
45
64
41
33
34
37
35
40
40
45
39
42
44
28
34
45
35
41
42
33
31
36
29
32
37
39
42
26
34
32
32
31
41
30
38
34
37
21
24
30
30
36
33
26
28
32
38
28
32
31
22
30
30
25
34
21
36
31
26
39
28
23
25
36
28
30
35
24
23
31
27
30
28
21
33
29
29
32
37
21
24
27
32
17
25
29
30
30
21
30
30
20
28
21
39
35
30
27
22
32
27
29
30
28
22
23
17
25
22
22
25
19
29
25
23
25
23
25
26
15
17
20
24
22
18
21
26
19
18
15
29
24
20
32
26
25
17
14
26
29
23
25
16
23
23
32
25
28
22
19
28
24
22
18
18
20
19
29
27
18
29
15
23
24
27
30
11
22
23
23
26
23
17
20
26
20
22
20
21
14
26
26
24
21
22
20
21
25
21
21
25
9
24
21
17
17
27
20
29
25
15
17
29
23
20
16
19
20
21
12
15
17
23
14
23
22
17
17
15
20
21
17
26
18
25
15
16
15
21
19
16
24
14
16
15
22
19
17
18
21
15
20
18
24
19
26
19
22
19
12
17
9
13
18
12
18
18
14
19
22
13
16
13
15
17
21
20
27
15
17
21
12
14
13
17
16
14
18
10
14
21
18
20
21
12
9
19
15
14
16
15
17
15
15
17
17
15
12
21
13
19
11
22
12
12
17
20
20
11
11
11
17
23
13
11
17
17
23
11
18
19
14
11
23
12
16
18
17
16
12
16
12
12
9
8
14
13
17
13
12
7
12
10
16
12
15
15
17
18
14
9
13
10
18
19
14
17
16
16
14
14
14
14
10
13
10
10
11
10
12
12
13
16
10
11
18
11
3
16
10
9
10
12
17
12
13
13
9
17
11
10
4
8
9
13
12
14
14
8
8
18
7
17
9
13
14
14
10
7
11
11
10
13
21
17
10
17
5
9
8
9
12
17
6
9
13
11
8
8
10
11
11
8
16
16
15
3
12
14
12
12
5
12
14
11
9
16
10
9
8
6
5
10
9
8
5
15
3
7
12
5
9
9
6
8
7
5
9
16
7
8
8
9
10
8
6
15
9
9
10
8
8
12
9
15
15
10
6
13
7
7
6
10
7
8
12
9
7
5
8
12
4
11
8
8
4
12
14
13
8
10
8
7
11
7
11
10
10
7
16
8
8
4
7
11
3
11
6
15
9
8
10
9
11
2
11
13
11
8
8
8
8
13
6
4
14
4
16
8
4
6
6
4
4
9
8
5
8
7
4
9
7
9
6
7
6
7
4
12
8
9
4
7
4
9
7
7
5
6
10
7
13
2
4
9
10
11
8
6
10
7
8
4
8
4
5
5
8
9
9
6
7
4
8
6
7
9
6
4
8
9
7
4
6
5
6
9
5
2
6
11
5
9
6
7
4
9
9
6
6
8
11
10
7
4
6
4
6
5
3
8
5
8
2
2
7
6
6
6
5
4
9
5
5
9
8
7
2
8
7
5
6
3
4
4
10
8
8
3
6
6
4
5
2
8
7
12
4
5
5
1
3
8
5
8
4
2
6
4
6
4
4
2
5
5
3
9
4
5
8
5
3
5
6
10
3
6
10
6
3
5
8
6
6
6
2
10
3
7
2
2
1
5
5
5
8
4
4
5
3
4
3
2
5
4
2
5
0
5
9
3
4
3
6
2
2
6
7
5
10
8
3
5
4
5
6
3
3
2
4
1
6
4
5
0
7
6
2
3
6
6
2
4
2
4
2
2
3
3
6
3
1
6
3
8
6
5
3
8
2
3
6
5
0
5
4
1
4
2
4
3
3
3
6
3
1
7
2
3
1
2
3
4
5
6
1
5
2
0
3
1
1
3
5
5
2
4
5
2
5
4
5
1
5
5
5
3
3
4
2
2
3
3
5
5
3
1
6
2
2
2
2
6
1
9
1
2
5
4
2
3
5
5
2
4
4
1
4
4
4
6
7
3
3
9
2
1
1
3
5
5
2
2
1
1
1
1
2
3
1
2
4
7
3
3
5
3
3
1
3
3
4
1
1
5
2
0
4
2
5
4
2
6
3
2
6
2
3
1
2
3
2
2
1
0
2
3
4
1
4
1
1
0
2
2
2
1
1
2
1
1
1
2
1
5
4
0
1
3
3
4
1
2
2
5
1
2
2
0
3
2
4
1
2
0
2
2
2
3
5
0
2
0
1
2
0
3
1
4
2
1
6
0
2
4
1
1
2
2
3
5
5
5
2
2
1
1
1
5
0
2
3
1
2
0
0
2
2
1
5
2
3
1
1
4
2
4
3
2
2
1
2
3
1
3
4
2
0
3
1
3
2
1
2
1
0
2
3
1
0
1
2
0
4
2
0
2
2
3
2
0
2
0
3
5
0
1
1
1
3
3
0
2
0
2
1
0
1
2
3
2
1
0
1
1
2
1
1
0
2
1
0
0
2
0
2
3
2
3
0
3
4
2
0
1
0
1
0
1
2
0
2
2
1
2
1
1
3
1
1
1
0
3
2
1
2
1
0
0
2
1
1
1
1
2
3
2
0
0
1
0
2
0
1
3
1
0
1
0
0
1
0
0
0
1
2
1
1
2
2
0
2
0
2
0
0
0
1
1
1
0
0
1
2
0
1
3
1
0
0
1
0
0
1
3
1
2
1
1
2
0
1
1
0
1
3
1
0
1
0
1
1
0
0
2
1
0
0
1
3
0
0
1
0
0
0
2
2
3
0
0
2
0
0
2
0
0
0
2
1
0
0
2
0
0
1
0
0
4
1
0
0
1
0
0
1
0
0
1
0
3
0
1
0
1
2
0
0
0
0
0
2
0
2
0
0
1
2
1
0
2
0
2
1
1
0
0
0
1
1
0
1
1
1
0
0
0
0
2
1
2
1
0
0
2
0
0
2
1
1
2
0
1
1
0
0
0
1
1
2
0
0
1
0
0
0
1
0
1
0
0
1
2
0
2
2
0
0
0
1
0
1
0
1
2
1
1
1
0
0
2
3
0
0
1
0
1
1
3
0
1
0
1
0
0
0
0
0
0
0
0
0
1
0
0
0
0
2
1
1
0
0
0
0
0
3
0
1
0
1
1
0
1
2
2
1
1
0
1
0
0
0
0
0
0
2
1
0
0
2
0
0
0
0
0
0
0
0
0
0
1
0
0
0
0
1
0
0
2
1
1
0
0
1
0
1
0
0
0
2
1
1
0
1
1
0
0
0
0
0
1
0
0
0
2
1
0
0
0
1
0
1
1
0
0
1
0
1
0
1
0
0
0
0
1
1
0
0
0
0
0
0
0
0
0
0
0
0
1
0
0
1
0
1
0
0
0
1
0
0
1
0
0
0
0
0
1
0
0
0
0
0
1
1
0
0
1
0
0
0
0
0
1
0
1
1
0
0
0
0
0
0
1
0
0
2
0
0
1
0
0
0
0
1
0
0
0
0
1
0
0
0
1
1
0
0
0
0
0
0
1
0
1
0
1
0
0
0
1
1
0
0
0
0
0
0
1
0
0
0
1
0
0
1
0
0
0
0
0
0
1
1
0
0
0
0
2
1
0
0
0
1
0
0
1
0
2
0
0
1
0
0
0
0
0
1
1
0
2
0
0
0
0
0
0
0
0
0
0
0
0
1
2
0
0
0
0
0
0
0
0
0
0
1
0
0
0
0
0
0
0
0
0
0
0
0
0
0
1
0
0
0
1
0
1
0
1
0
0
0
1
0
0
0
0
0
1
0
0
0
0
0
0
0
0
0
0
0
0
0
0
1
0
0
0
0
0
0
0
0
0
0
0
0
0
0
0
0
0
0
0
0
0
0
0
1
1
0
