0
0
0
0
0
0
0
0
0
0
0
0
0
0
0
0
0
0
0
0
0
0
0
0
0
0
0
0
0
0
0
0
0
0
0
0
0
0
0
0
0
0
0
0
0
0
0
0
0
0
0
0
0
0
0
0
0
0
0
0
0
0
0
0
0
0
0
1
0
0
2
3
1
3
1
4
3
1
5
5
3
4
16
32
114
364
934
2275
4811
9670
17149
28019
41174
54503
66169
72660
72815
66139
54821
41394
28288
17461
9832
5089
2353
993
383
150
50
21
3
4
3
4
2
2
2
0
0
0
0
0
1
0
0
0
0
0
0
0
1
9
53
45
45
48
47
42
44
39
52
42
43
53
42
35
46
46
40
41
22
38
49
42
38
36
50
30
42
33
40
35
35
48
49
38
29
42
35
41
42
38
39
34
36
40
38
38
44
37
31
36
41
25
35
37
34
38
31
36
40
35
36
45
52
35
43
41
48
43
68
87
110
115
132
150
206
199
148
151
144
113
121
87
90
59
53
46
45
48
38
45
49
48
47
40
39
43
38
42
43
50
45
65
35
57
65
61
71
90
75
84
63
88
88
102
109
118
122
142
123
140
141
176
173
168
246
401
647
1088
1802
3041
4714
7240
10087
13874
18109
22140
25474
28003
29192
28736
26384
23508
19978
15991
12305
9056
6583
4616
3208
2403
1728
1253
935
723
521
384
299
302
338
398
527
663
781
934
962
1037
1064
976
972
857
720
501
413
301
228
156
147
120
103
83
79
90
61
41
33
35
23
18
7
20
13
9
12
9
10
12
5
13
10
13
5
8
11
7
9
6
12
5
6
3
5
4
5
12
12
9
11
8
4
12
7
7
8
10
9
8
16
14
19
21
26
26
35
30
19
19
24
17
24
26
15
13
23
14
16
17
20
20
24
23
25
11
22
23
22
18
24
25
14
25
22
13
13
17
14
14
8
10
6
6
4
11
7
10
3
6
6
6
11
4
10
6
3
5
3
6
3
4
12
7
5
8
4
6
3
7
4
6
4
6
7
8
9
11
17
12
14
11
13
30
21
14
23
24
16
22
16
10
11
9
8
9
7
5
4
10
7
18
4
9
11
4
11
7
8
11
11
15
14
8
7
6
3
12
8
13
8
5
7
4
4
1
3
11
6
6
5
6
6
12
12
5
7
5
9
9
6
8
8
6
5
6
5
2
6
13
4
5
4
3
0
4
2
1
6
5
5
4
4
6
7
5
8
8
8
4
7
5
6
6
4
3
2
5
5
7
10
8
6
6
3
4
9
4
4
10
9
6
5
6
6
6
9
10
6
10
9
11
7
10
5
6
6
11
3
11
2
11
3
7
3
5
4
7
5
9
6
5
4
5
8
5
8
5
3
4
10
9
13
4
2
3
10
9
6
6
9
7
10
6
3
9
10
10
6
12
6
11
9
14
5
8
14
9
6
15
10
7
4
6
9
6
5
10
10
17
10
8
17
3
8
14
12
8
11
10
12
11
14
11
8
15
12
9
11
9
16
9
13
7
11
14
21
18
14
21
20
16
15
13
12
12
18
22
26
25
14
16
23
19
19
23
15
19
24
15
18
26
27
25
25
20
25
32
20
20
22
25
23
16
26
19
26
14
20
22
22
21
23
12
22
21
11
16
17
12
23
16
16
19
18
16
17
11
25
22
18
14
22
21
23
10
26
24
17
24
19
14
18
22
30
16
32
16
24
21
23
26
29
17
25
20
29
26
27
21
32
39
33
27
21
20
19
25
26
23
26
30
23
29
34
35
22
27
30
34
32
26
28
28
32
36
28
28
31
32
39
31
36
29
37
37
40
37
31
38
38
39
38
35
44
48
39
33
52
39
42
38
47
39
45
31
40
56
47
52
50
47
45
52
45
46
55
37
62
63
72
48
56
68
63
68
71
67
78
69
83
86
73
77
97
108
96
118
121
134
132
146
139
162
135
152
145
128
124
132
137
124
119
123
128
106
103
94
92
95
95
85
91
79
96
96
87
103
75
75
98
88
65
61
88
73
85
79
103
94
84
83
91
79
84
88
62
76
86
90
85
68
85
80
73
82
80
75
73
66
90
90
75
82
74
74
67
76
79
83
79
78
85
80
62
80
69
80
76
60
75
87
78
66
84
72
68
91
73
89
75
69
77
80
68
80
90
72
75
77
63
78
76
79
66
77
74
66
78
80
61
83
64
92
85
83
77
67
70
77
74
75
70
77
62
78
92
88
74
66
80
64
72
78
88
88
76
92
88
89
76
93
56
98
83
74
84
94
90
72
91
83
74
93
73
95
97
92
106
103
103
124
134
150
178
240
293
320
417
482
643
733
858
980
1158
1366
1522
1633
1702
1892
1979
1983
2159
2017
2084
1868
1801
1630
1491
1376
1227
1019
920
754
604
497
428
327
272
249
206
177
167
126
137
111
107
114
119
96
104
112
113
104
106
114
119
123
104
125
116
92
131
135
121
112
115
123
110
133
145
105
103
103
127
88
104
117
132
98
118
96
96
113
114
127
128
116
122
111
111
126
109
115
134
113
108
129
139
129
122
133
126
126
136
128
136
149
166
173
160
193
195
229
235
225
277
270
298
326
317
376
417
383
373
378
369
343
340
344
334
281
275
259
210
204
221
184
167
175
153
166
138
135
135
121
131
157
144
141
110
124
132
133
149
131
154
144
125
133
173
124
151
116
143
152
148
137
124
125
162
137
155
137
162
149
150
155
160
152
161
181
180
165
178
148
177
182
171
196
159
159
165
163
159
201
164
161
133
182
174
181
182
192
182
179
202
197
174
182
209
207
209
191
209
172
195
198
168
206
223
232
239
226
238
191
255
218
213
210
259
234
230
212
260
243
275
258
235
265
290
252
262
257
264
260
272
298
255
256
303
268
277
281
260
261
278
268
299
264
265
274
257
273
259
263
274
289
302
291
279
262
275
263
240
289
246
261
262
260
220
228
234
257
234
231
242
227
220
218
224
234
206
218
215
201
203
190
203
201
222
192
203
189
182
181
162
172
193
174
167
159
144
170
175
166
182
158
170
164
177
147
172
159
163
156
165
165
167
155
144
154
152
167
143
165
188
177
177
148
198
156
163
175
167
158
173
169
180
177
181
159
174
153
140
172
181
170
184
180
170
210
214
209
202
193
208
215
215
210
199
190
210
184
202
200
213
196
201
212
205
192
196
207
210
216
208
242
242
235
264
225
192
198
238
185
248
226
224
229
223
216
202
235
207
204
213
213
230
212
228
211
185
218
202
206
191
192
215
217
197
206
241
183
203
188
182
190
185
198
182
211
175
189
205
215
205
203
227
201
184
201
163
211
174
194
197
187
169
173
175
190
166
156
167
190
186
170
192
159
175
160
184
182
144
174
184
185
167
174
183
151
170
181
182
187
185
167
167
176
166
183
167
164
175
198
177
185
187
177
179
175
175
193
196
161
183
168
183
159
179
196
187
193
190
173
171
186
183
175
172
184
164
167
196
188
173
201
179
181
196
182
191
173
164
162
182
197
175
174
208
184
164
163
196
186
191
172
182
166
225
184
172
205
208
183
198
185
201
189
188
203
181
188
220
196
181
188
193
199
197
174
172
220
190
215
204
202
179
207
196
209
195
206
212
226
179
195
217
201
205
201
203
180
203
184
194
213
225
201
207
240
211
208
209
228
207
219
220
192
232
205
219
225
196
214
224
217
231
190
230
242
210
220
218
210
227
216
214
202
213
218
236
200
214
249
209
228
206
247
225
219
209
227
219
204
232
199
214
216
221
221
249
215
215
212
227
186
213
210
196
225
207
202
194
220
220
190
193
216
212
220
212
190
195
211
192
180
182
190
195
213
183
202
195
183
185
206
189
220
211
210
190
209
213
179
224
197
197
213
177
205
174
195
196
178
172
212
191
188
201
182
197
216
194
192
180
178
172
178
191
215
182
202
161
204
184
187
162
208
167
194
195
206
185
155
188
199
207
181
188
187
202
190
203
190
191
169
206
197
180
186
211
207
207
195
186
195
197
177
199
206
196
204
203
219
193
187
193
217
188
190
184
188
203
178
204
206
190
181
191
188
214
226
230
205
200
191
211
211
197
175
190
184
183
181
160
187
191
174
222
211
181
200
217
224
207
203
190
185
181
200
187
182
205
190
195
194
184
182
209
199
189
197
190
209
200
186
190
195
186
183
207
188
202
207
195
187
212
226
224
222
204
211
204
195
201
201
219
175
187
217
172
203
209
175
192
199
206
219
236
221
213
225
204
187
226
201
208
184
202
225
193
201
203
217
250
217
237
264
223
232
232
229
227
216
212
217
222
265
212
242
235
230
230
220
224
227
223
233
249
248
255
239
209
230
245
265
302
245
267
256
256
252
279
265
262
252
276
281
279
275
282
287
279
300
295
262
309
291
318
300
314
357
314
342
328
314
352
372
330
367
376
369
352
385
397
383
386
398
407
434
453
470
468
500
489
498
521
518
541
554
562
557
620
597
651
639
677
714
740
776
726
792
840
844
829
872
911
888
955
942
993
997
1067
1096
1006
1095
1046
1131
1071
1120
1159
1105
1182
1166
1166
1165
1194
1212
1151
1144
1190
1183
1107
1137
1091
1106
1157
1065
1046
1060
1054
1083
1012
987
1017
901
895
891
798
847
756
762
788
715
729
738
647
591
642
571
599
535
556
520
527
483
456
497
431
431
408
411
369
380
364
357
383
354
356
341
314
310
324
269
296
275
264
285
266
263
254
274
252
248
268
232
242
210
226
225
209
241
212
237
205
219
205
216
232
193
226
203
205
208
182
207
199
191
208
184
192
217
190
183
206
198
197
199
207
190
243
192
271
251
284
300
281
300
350
313
336
340
382
361
423
372
415
404
408
409
400
424
422
416
414
451
434
394
392
413
409
396
352
359
320
307
291
309
265
250
221
221
236
182
179
161
164
151
132
134
141
158
143
140
124
128
139
117
130
145
132
144
132
135
125
118
125
119
151
119
155
139
136
144
135
148
150
142
134
173
140
140
156
169
163
166
174
153
148
171
177
185
162
162
188
189
192
188
180
209
183
185
181
215
224
222
241
200
212
181
218
213
210
226
227
179
218
188
218
219
235
215
221
203
220
217
215
215
198
198
222
200
184
190
219
212
196
219
172
160
167
177
169
160
186
182
167
183
148
154
144
160
151
143
119
132
152
147
139
128
101
111
90
128
130
137
107
116
110
97
127
106
97
101
118
106
86
76
100
113
79
84
98
88
94
79
68
81
75
64
65
73
75
81
61
86
69
80
81
80
78
64
53
67
80
53
51
46
70
61
63
58
54
47
73
53
67
70
41
53
52
55
57
51
60
57
70
48
54
55
48
46
51
52
49
55
43
51
51
59
60
48
66
52
48
35
43
50
52
40
47
47
59
45
43
47
50
56
41
63
57
58
40
48
67
51
60
71
70
59
61
75
71
73
68
62
47
67
86
69
66
60
58
64
70
53
57
46
53
39
46
50
45
52
46
46
50
39
49
36
50
44
39
27
31
29
39
46
42
38
45
33
36
38
41
40
41
36
35
39
31
48
23
28
55
46
43
35
41
41
37
35
34
24
38
35
32
32
35
46
32
31
31
19
36
33
30
38
45
32
32
31
29
32
37
30
27
26
46
29
27
28
27
41
29
33
30
32
37
17
24
32
35
31
34
32
25
32
22
31
31
31
23
21
32
27
26
29
30
24
29
31
25
34
33
15
26
27
21
26
39
27
23
28
31
17
33
33
20
21
23
30
23
37
27
26
27
29
26
31
22
25
26
35
23
29
27
13
27
32
18
24
21
37
21
14
18
25
21
32
24
35
30
22
25
22
20
23
19
32
30
27
31
23
21
33
20
29
29
20
19
29
22
28
27
29
26
17
23
28
25
16
20
20
25
28
28
27
17
16
17
21
21
25
25
22
19
17
23
12
20
30
19
14
25
23
24
19
23
26
18
25
17
20
16
19
24
25
19
20
30
31
20
16
20
29
20
25
26
18
19
16
24
17
20
17
21
23
20
23
22
22
15
17
21
18
26
20
13
14
22
12
19
14
24
16
19
19
19
18
15
19
18
21
18
24
16
13
24
22
19
23
24
22
12
15
13
18
19
21
24
17
19
20
11
26
18
19
22
21
22
15
22
13
19
14
19
9
17
21
17
14
17
16
20
17
20
17
13
15
13
21
14
17
11
23
13
18
18
15
20
17
12
15
11
17
20
16
13
8
14
14
18
9
20
16
14
17
13
14
11
14
13
5
15
17
12
12
16
14
13
25
15
15
11
14
19
14
7
16
17
9
18
13
12
9
11
8
17
9
14
13
9
17
17
16
13
8
20
14
12
11
8
10
15
17
14
8
14
14
10
10
16
11
18
9
13
10
11
14
15
9
14
12
9
20
17
13
11
14
11
12
8
12
17
18
13
13
12
13
8
10
13
10
12
8
10
6
10
10
12
13
14
12
7
15
9
15
10
13
15
12
12
14
10
11
5
8
11
6
7
12
10
14
10
18
16
7
11
7
9
4
11
9
19
15
7
11
8
13
8
10
8
6
15
12
20
13
13
10
13
10
12
11
8
11
12
12
18
9
10
7
13
12
13
11
15
8
7
13
7
16
6
13
11
9
7
8
8
12
11
9
5
3
8
10
14
5
9
12
8
8
8
10
11
8
4
8
8
13
11
4
9
4
9
9
10
6
12
9
10
7
11
4
5
11
6
8
6
5
10
11
10
7
13
9
5
10
8
8
8
8
12
12
11
5
9
7
7
10
7
10
5
7
8
9
10
8
5
4
6
7
10
4
8
7
18
6
5
4
2
2
8
11
7
9
8
7
6
5
11
6
5
11
3
8
6
11
6
4
9
3
10
6
8
6
7
6
12
9
8
5
5
5
8
6
5
9
6
3
8
1
9
5
6
5
2
8
6
6
4
6
3
10
6
7
2
3
8
5
8
8
9
4
6
6
8
9
8
7
5
5
12
5
5
5
7
6
8
1
7
5
6
7
14
3
4
5
4
5
4
5
6
9
9
9
5
8
6
6
5
5
5
7
8
6
5
3
5
4
7
5
4
2
7
4
8
6
3
2
5
10
7
7
10
4
3
6
4
4
5
4
3
2
3
6
5
4
4
8
6
7
5
2
6
4
1
5
8
7
4
1
2
2
5
6
2
4
3
6
4
4
9
6
5
4
4
2
5
4
8
6
5
5
1
10
7
5
4
5
4
4
3
3
2
4
4
7
7
6
3
2
7
1
1
1
1
4
3
3
4
4
2
5
1
3
2
7
2
2
2
4
3
4
1
3
5
7
2
5
5
3
3
5
2
2
3
2
3
4
2
3
6
6
4
5
7
2
4
4
3
2
4
5
2
5
1
1
3
3
5
6
8
5
4
2
3
5
3
1
3
3
0
3
4
2
1
3
2
1
4
3
1
3
3
5
7
3
3
4
4
2
2
1
3
2
2
5
3
2
5
2
6
5
5
3
2
1
2
4
3
1
3
2
4
4
1
3
3
2
0
3
2
4
2
0
5
1
4
2
2
2
2
0
4
5
3
3
4
5
2
3
3
1
2
2
0
2
0
3
2
1
2
8
2
0
0
1
2
4
3
1
2
2
1
4
1
0
3
2
0
5
2
5
2
4
2
1
1
3
2
1
1
2
2
2
1
2
4
1
2
3
4
3
3
2
1
3
1
1
3
2
1
3
4
0
0
5
4
3
4
2
3
2
2
2
2
2
0
1
4
2
2
1
3
5
3
2
2
4
1
1
2
0
2
1
2
2
0
5
2
2
3
2
1
0
1
1
1
1
3
4
2
3
4
4
2
1
2
1
2
3
0
1
0
0
1
2
1
1
4
4
1
3
1
0
1
1
2
3
0
2
3
2
0
2
1
1
1
0
3
2
1
1
1
0
1
4
0
0
2
1
1
3
0
2
3
2
2
1
1
1
0
2
0
1
0
0
0
1
1
2
2
2
1
1
1
4
1
1
2
1
0
3
2
1
1
0
1
1
0
0
1
0
1
0
2
2
1
0
5
0
0
1
4
0
0
2
0
2
0
5
1
2
1
2
0
4
0
3
1
0
0
1
1
2
0
0
1
1
1
0
0
0
2
1
1
1
2
1
0
1
0
3
1
1
0
0
0
3
1
2
1
3
3
1
1
1
2
1
1
1
0
0
2
0
1
0
1
0
0
1
2
0
1
0
0
2
3
0
1
1
0
1
2
3
3
1
1
2
1
1
1
1
0
0
0
0
2
0
0
1
0
2
1
1
1
1
1
0
2
0
1
0
0
1
0
0
0
0
0
0
1
0
1
0
0
0
1
1
2
2
1
3
0
0
1
2
0
1
1
1
1
2
0
2
0
0
1
0
0
0
1
0
1
1
2
1
1
0
0
0
1
1
1
1
2
0
0
0
0
1
1
0
0
0
0
3
1
0
2
0
2
1
0
2
1
2
0
1
2
0
0
1
0
1
0
0
0
0
1
0
0
1
1
0
1
0
0
1
0
0
1
0
1
1
1
1
1
0
0
0
1
0
0
0
0
1
1
3
0
1
1
1
1
1
0
1
1
1
0
0
2
0
0
1
0
1
1
0
0
0
1
2
0
0
0
0
0
1
1
0
0
0
1
1
0
0
0
3
0
0
3
0
2
0
0
1
1
1
1
0
0
0
0
0
0
0
0
1
0
1
2
2
0
0
1
0
0
2
1
0
0
0
0
0
1
0
0
2
0
0
0
0
0
1
0
0
0
0
1
0
1
1
0
0
0
0
0
0
1
1
1
0
0
0
1
0
1
1
0
1
0
1
0
1
1
0
0
0
1
0
0
0
0
0
1
0
0
0
1
0
0
1
0
0
0
0
0
2
0
0
0
0
2
0
0
1
0
0
0
1
0
0
0
1
1
1
0
1
0
1
0
2
1
0
0
0
0
0
2
0
0
0
0
0
0
0
0
0
0
0
0
1
0
0
0
0
0
1
1
0
1
1
0
0
0
0
0
0
0
0
1
1
0
0
1
0
0
1
0
1
0
1
0
2
0
0
0
1
1
1
0
0
1
0
0
0
0
0
0
1
0
1
0
1
1
0
2
0
0
1
0
0
0
0
0
0
0
0
0
0
0
1
1
0
0
1
1
0
1
0
0
1
1
0
0
0
0
0
1
0
0
0
2
0
0
0
0
0
0
0
0
0
0
0
0
0
0
0
0
0
1
1
0
2
0
0
1
0
0
0
0
1
1
1
0
0
0
0
1
1
0
1
0
1
0
0
0
0
0
0
0
0
0
0
0
0
0
0
0
1
0
0
0
0
0
0
0
0
0
0
0
0
0
1
0
0
0
1
1
0
0
1
1
1
