0
0
0
0
0
0
0
0
0
0
0
0
0
0
0
0
0
0
0
0
0
0
0
0
0
0
0
0
0
0
0
0
0
0
0
0
0
0
0
0
0
0
0
0
0
0
0
0
0
0
0
0
0
0
0
0
0
0
0
0
0
0
0
0
0
0
0
1
0
0
1
2
2
1
2
2
4
4
2
1
2
3
12
46
138
387
968
2282
4859
9625
17363
27728
40804
54705
65863
72731
73654
66464
54670
41037
28111
17452
9747
5064
2351
1014
379
123
48
11
6
1
2
3
2
0
0
0
0
0
0
0
1
0
0
0
0
0
0
0
0
6
55
47
54
42
43
52
46
38
53
44
40
51
51
54
43
44
52
38
18
42
32
59
37
42
37
46
38
46
32
30
42
40
38
33
30
39
33
21
31
45
45
38
35
39
27
36
29
41
32
37
41
45
40
33
38
27
31
36
48
44
36
33
45
44
41
42
43
64
72
77
104
120
129
167
154
158
172
151
139
120
107
96
89
92
56
68
70
48
44
50
48
42
37
39
40
63
42
50
57
46
50
57
52
42
60
59
66
72
76
71
75
98
71
109
115
109
103
155
131
156
141
151
174
204
248
391
617
1006
1842
2953
4623
7089
10081
13732
17757
21626
25040
27585
28286
27991
26282
23043
19387
15556
11969
8906
6377
4685
3224
2356
1705
1248
923
710
533
376
323
308
349
398
529
641
767
906
984
1036
1115
998
924
804
678
506
414
298
224
169
128
108
84
86
78
72
56
42
48
28
18
18
20
21
13
7
8
10
6
8
6
10
5
7
9
5
11
8
10
4
7
12
4
9
5
10
10
13
9
8
8
10
11
7
8
9
4
7
13
14
17
17
23
18
22
22
24
29
24
23
26
18
33
13
17
16
18
17
7
19
15
16
12
18
15
35
22
18
14
21
16
17
18
28
18
12
19
7
15
12
20
11
10
6
13
9
13
7
7
7
6
10
8
2
9
8
7
3
8
5
4
2
9
4
5
8
8
5
1
0
8
8
7
6
7
6
10
15
12
12
14
12
30
20
18
26
24
27
21
15
15
8
13
7
11
15
8
10
6
7
7
8
14
12
10
5
11
11
7
8
9
8
8
8
9
8
7
9
7
6
4
6
7
3
3
4
6
7
7
4
5
8
5
3
3
6
4
3
9
3
9
6
6
2
7
4
8
10
3
6
6
1
5
3
6
4
3
2
8
6
6
10
2
7
4
6
10
6
5
4
7
11
4
4
5
3
6
6
4
4
2
3
3
4
7
5
10
6
6
5
8
8
5
3
10
4
6
7
6
6
6
3
8
4
10
5
7
15
8
9
10
12
6
6
7
6
7
7
7
5
6
7
6
9
7
5
9
7
10
7
6
7
5
10
3
7
6
8
8
6
9
12
9
8
6
6
3
11
3
7
7
5
12
9
14
11
5
8
6
7
16
6
13
8
9
7
10
11
10
13
7
11
14
8
11
13
7
12
13
8
9
8
7
9
4
15
7
13
6
9
12
9
14
19
20
7
20
12
16
7
13
17
17
21
16
14
11
19
17
13
16
17
26
17
24
16
16
19
24
20
21
17
22
23
19
27
16
31
26
27
24
20
18
25
22
27
19
22
17
15
19
19
14
25
17
16
17
15
4
17
16
20
16
13
16
24
14
14
13
21
17
24
14
16
13
22
14
20
17
19
18
23
24
21
22
20
11
30
22
20
23
25
29
30
21
20
17
28
27
16
26
23
32
27
27
20
20
28
27
38
19
27
33
28
32
35
27
33
30
34
26
19
25
29
37
27
29
26
35
30
37
29
33
43
44
35
34
39
26
35
29
44
37
52
49
37
41
36
37
42
41
45
41
55
43
40
40
56
50
39
47
51
62
42
57
53
44
56
48
58
64
39
53
62
72
56
75
59
72
69
76
70
95
90
107
104
113
110
113
132
150
145
144
157
140
116
168
173
144
132
139
129
127
117
120
103
127
89
86
84
86
95
78
81
94
85
95
83
82
80
95
83
83
66
58
83
67
97
91
87
66
77
82
72
84
72
76
83
74
90
71
67
83
71
92
90
69
76
87
69
76
77
75
80
76
76
53
79
82
76
56
66
76
80
77
81
84
69
97
63
77
74
64
98
82
65
84
83
73
83
61
87
60
72
79
83
83
88
74
98
83
84
72
68
80
82
76
98
75
81
74
68
77
76
70
72
79
85
69
68
90
74
75
74
75
85
79
71
85
76
85
79
73
74
89
75
78
77
77
90
92
78
89
86
77
100
95
93
88
74
80
94
82
83
99
93
89
96
103
101
119
131
140
158
199
211
263
331
392
476
569
681
810
944
1118
1264
1454
1599
1773
1849
1907
1987
1949
1982
1950
1815
1742
1628
1507
1292
1106
1006
896
740
609
502
422
350
252
229
211
146
175
157
117
129
113
112
104
118
108
99
113
118
98
101
108
112
122
117
92
114
99
110
107
119
112
122
112
129
94
124
110
120
107
119
106
104
102
123
105
107
99
104
106
129
111
114
106
104
108
122
97
103
127
109
129
103
92
134
133
120
122
114
151
158
134
154
137
152
163
163
179
199
238
258
281
246
304
319
310
356
361
355
373
352
383
323
333
321
338
268
277
283
217
200
179
172
182
178
153
153
147
130
109
143
113
120
137
117
156
140
121
141
154
119
135
145
133
125
152
140
149
144
133
155
142
145
150
130
140
142
154
174
149
177
142
157
158
164
167
158
175
171
164
168
156
165
159
187
197
182
164
224
174
194
192
188
195
177
203
173
189
188
186
175
201
186
167
189
185
199
158
201
171
198
191
201
203
229
208
208
225
246
229
210
231
236
242
230
234
228
219
241
239
241
252
215
252
224
243
270
283
256
249
249
249
277
273
274
289
299
276
256
275
268
262
281
269
295
273
307
283
321
279
276
272
246
259
272
245
274
276
257
257
275
282
243
247
244
267
208
242
234
218
242
234
220
216
219
196
226
232
204
218
184
195
170
177
164
183
163
202
180
196
178
147
163
148
159
170
140
172
179
155
141
166
146
182
184
141
160
146
167
169
170
168
144
174
165
150
164
173
150
139
161
150
156
168
162
150
164
184
138
158
153
159
152
137
143
175
160
210
155
162
183
172
179
190
189
183
175
154
203
173
202
192
195
222
192
192
170
197
182
210
175
174
206
194
208
207
198
206
222
204
183
217
221
215
196
207
199
205
245
209
204
198
218
216
225
232
208
210
181
202
210
199
186
215
209
209
223
209
185
210
200
209
189
201
198
184
213
214
188
186
197
180
180
194
185
216
198
194
178
189
200
181
156
210
169
174
192
178
190
199
168
179
188
182
189
174
168
202
190
175
191
183
181
176
191
164
174
199
171
169
174
168
163
174
167
174
156
209
169
159
180
175
143
150
173
176
158
152
185
192
176
188
179
170
166
200
166
174
203
193
173
186
184
199
193
196
175
187
174
166
162
192
177
186
179
173
190
208
179
177
199
156
191
178
192
172
191
159
187
214
199
193
169
190
201
183
199
194
189
179
159
199
213
177
178
167
192
193
178
178
216
164
171
179
159
193
176
194
182
171
189
175
186
207
189
192
183
168
211
198
222
196
192
198
205
213
213
201
210
191
183
233
202
203
233
221
201
194
199
220
209
179
191
213
213
236
204
207
202
207
218
199
214
176
212
208
226
199
229
199
195
208
226
216
217
209
224
203
208
207
228
238
230
215
239
228
234
216
227
205
202
215
184
221
205
203
209
236
225
210
237
244
215
207
207
219
195
220
207
224
219
229
219
218
200
202
208
221
207
216
186
213
193
196
205
197
197
194
176
175
194
203
185
206
201
204
166
170
189
210
184
190
185
195
173
204
195
177
187
174
198
196
189
160
198
209
190
224
186
198
196
195
200
188
199
199
180
169
205
185
181
185
187
188
195
188
191
181
166
188
213
176
194
175
161
187
180
217
203
183
193
209
184
171
192
165
176
189
204
175
205
185
170
201
166
189
176
201
188
185
204
191
192
175
217
165
199
183
191
174
184
218
205
205
194
192
190
210
202
176
198
208
204
194
209
195
183
225
190
207
179
194
191
204
163
199
184
185
212
198
195
232
202
213
176
206
174
172
187
189
198
178
210
183
200
206
205
176
210
203
183
198
173
218
206
207
214
210
219
207
205
183
190
197
198
181
216
220
180
192
180
194
194
211
177
190
189
202
200
201
202
204
185
179
203
187
187
212
185
172
215
192
192
210
202
222
194
212
192
185
198
213
194
226
208
188
209
231
204
228
205
229
230
216
202
224
204
230
190
176
217
195
220
218
222
251
264
257
233
231
211
205
213
252
232
267
231
263
246
252
252
276
271
241
239
239
249
251
228
264
286
256
249
266
295
289
290
289
307
284
254
261
281
287
319
297
293
317
321
365
346
357
342
331
329
346
342
350
372
379
356
351
344
414
417
448
465
438
426
468
458
457
509
529
508
522
551
580
569
660
625
626
655
697
732
697
755
717
806
771
815
856
880
862
1000
928
942
1027
984
999
1021
1043
1066
1128
1070
1112
1097
1154
1113
1134
1110
1187
1166
1171
1129
1148
1192
1159
1177
1103
1127
1139
1096
1108
1037
1076
1021
1011
1000
981
893
930
884
889
878
810
820
766
745
748
747
749
689
656
603
596
569
607
564
528
512
488
475
463
447
429
416
412
403
410
360
401
346
343
356
313
344
329
324
282
315
289
268
253
292
287
247
242
236
234
272
210
252
252
238
277
226
239
223
212
212
231
215
231
205
199
203
208
196
199
183
187
212
213
220
222
197
194
201
180
187
201
185
202
201
208
228
236
239
225
241
267
287
294
277
295
323
333
335
343
338
407
414
404
419
432
429
416
415
450
408
428
415
420
413
401
377
387
369
355
321
317
313
255
274
260
260
221
248
184
198
155
209
163
167
154
142
144
146
155
139
130
129
129
124
141
122
138
126
128
133
132
149
139
139
135
146
129
144
129
142
144
137
142
125
171
175
170
142
157
153
147
160
167
152
167
170
146
182
164
163
187
189
177
188
194
187
210
185
203
198
228
181
204
188
213
252
218
214
196
204
220
238
219
224
223
223
214
213
209
186
223
220
201
191
233
228
200
210
194
206
183
201
197
194
193
183
182
192
157
179
153
172
174
153
170
147
143
165
139
161
125
141
142
125
140
133
135
131
134
101
117
131
105
116
118
102
119
112
103
119
94
100
100
91
92
78
75
75
97
100
94
86
80
95
65
79
83
79
70
65
73
80
67
72
75
68
79
75
73
78
68
76
75
50
66
82
61
57
52
71
71
65
48
61
67
47
56
51
54
54
55
48
50
45
60
52
61
59
66
49
55
51
53
47
56
39
44
57
43
50
55
52
48
49
49
61
42
50
47
37
55
52
51
57
65
46
49
60
63
62
53
64
75
54
62
59
53
56
70
56
54
58
60
57
84
54
67
63
63
63
69
61
63
65
54
61
51
44
64
43
50
41
40
37
43
41
28
33
33
37
45
31
29
37
49
47
41
41
41
38
41
42
38
44
32
44
40
29
29
41
30
41
32
37
33
33
39
38
49
39
38
45
33
40
23
36
27
41
30
26
28
24
29
38
34
28
33
27
31
22
36
29
31
33
37
36
22
29
29
21
30
38
34
33
27
38
29
25
29
23
27
34
17
33
28
33
27
27
25
33
25
25
28
20
29
27
29
23
39
31
26
39
24
26
30
33
16
31
25
21
19
21
35
32
22
18
30
19
21
20
25
36
18
24
23
28
34
25
21
22
26
29
37
21
24
28
22
25
31
18
20
23
16
25
28
19
31
30
23
19
27
20
15
29
21
17
17
28
19
18
35
21
13
19
22
17
21
21
32
24
14
32
29
17
17
31
20
27
20
20
25
9
23
33
27
25
17
14
25
21
24
21
23
15
26
21
20
25
25
23
23
19
21
35
15
31
18
21
21
19
17
27
18
15
28
23
22
13
20
20
30
17
18
20
20
15
20
31
22
19
27
17
14
19
28
19
22
16
17
19
27
22
21
16
18
20
21
12
16
17
20
19
17
21
15
20
14
16
14
17
17
20
22
16
15
18
19
13
23
11
12
21
15
21
24
15
12
9
22
19
13
19
18
18
17
13
22
18
20
17
17
16
18
12
17
15
16
17
22
16
20
21
21
9
10
9
15
17
8
20
10
18
12
15
18
20
8
16
13
20
24
19
12
17
11
15
11
18
15
12
16
16
11
10
13
10
11
15
17
15
14
12
18
15
18
10
19
10
20
12
9
12
16
11
10
12
17
10
16
13
10
14
17
13
17
17
15
14
14
10
10
8
13
11
17
9
2
17
18
17
14
10
19
16
17
10
10
15
9
11
11
17
12
9
9
12
9
11
20
13
12
10
7
14
5
13
14
8
9
11
10
7
15
9
12
7
8
10
16
20
10
7
8
7
6
9
8
11
11
14
9
10
7
13
10
8
15
8
20
16
12
5
11
15
5
10
8
13
9
14
12
9
5
7
13
12
18
11
6
10
13
11
10
10
7
10
11
10
15
7
10
13
10
10
9
7
12
5
10
10
10
8
5
12
8
10
10
10
7
5
13
14
12
5
10
7
6
10
6
6
9
11
14
12
2
9
15
8
10
12
5
11
13
11
8
6
5
5
9
8
7
9
9
8
15
7
10
9
12
11
11
10
9
3
13
7
5
8
5
5
10
6
8
8
11
7
9
4
8
5
3
7
7
2
7
9
6
10
3
6
7
11
5
3
8
13
7
9
6
8
5
7
9
2
8
11
8
2
3
4
14
6
3
3
7
8
8
9
4
1
8
9
11
11
7
9
4
7
6
5
4
6
4
4
2
5
8
7
13
8
9
3
7
4
6
12
7
7
7
8
6
3
10
7
8
5
2
7
2
7
5
12
7
3
6
3
7
5
3
4
6
7
6
6
6
5
8
5
8
3
6
6
2
7
5
7
4
3
5
6
2
2
4
6
5
4
9
4
7
8
8
4
7
3
6
7
5
3
8
3
3
7
2
4
6
6
9
6
7
8
3
6
6
4
6
5
7
5
8
3
7
6
5
8
4
6
2
7
3
3
6
10
5
2
3
2
5
5
4
5
4
7
4
3
4
8
2
2
5
7
4
1
8
7
4
3
8
2
4
4
6
5
3
6
5
5
7
6
3
6
6
5
5
2
3
5
5
6
6
3
5
5
4
11
6
6
6
3
2
2
1
6
2
2
3
5
6
4
2
0
4
3
3
7
4
0
5
3
3
2
4
6
2
6
1
2
3
5
4
3
3
6
4
1
4
3
1
8
7
1
1
6
4
2
4
9
5
4
2
4
2
5
4
2
3
3
1
4
3
2
4
2
5
6
3
4
1
4
5
2
5
4
4
4
3
2
2
4
3
3
2
4
3
3
0
4
1
4
0
4
4
0
1
4
2
2
3
2
3
3
5
2
3
2
1
2
3
4
5
1
4
4
0
8
2
7
2
5
3
2
0
3
3
4
4
2
3
4
5
1
1
6
3
1
7
4
1
3
3
7
0
1
2
4
1
2
2
6
2
3
0
4
2
2
4
3
4
1
6
8
3
1
0
3
1
4
1
2
1
7
2
3
2
3
7
2
3
6
2
3
2
3
1
7
4
3
2
4
1
1
1
0
0
3
1
1
4
2
3
5
4
3
2
2
2
2
3
2
1
5
1
1
1
2
2
2
4
2
3
2
1
4
4
3
1
1
0
6
2
1
3
3
2
5
1
3
0
5
2
1
1
0
5
1
1
1
2
2
3
1
2
4
4
1
6
1
1
2
1
3
1
2
2
1
3
3
1
2
0
2
3
1
1
3
2
0
2
1
2
3
2
1
0
0
1
1
0
2
3
4
1
3
1
1
1
3
2
3
2
0
3
1
4
0
2
0
1
1
0
2
1
1
1
1
0
0
0
2
0
1
1
2
0
1
3
2
3
2
3
1
1
1
3
0
0
4
0
2
1
2
1
0
1
2
1
2
3
1
1
2
1
2
0
0
1
2
1
1
2
1
1
1
1
1
1
1
1
1
2
3
1
2
0
1
0
0
1
1
2
1
2
1
1
1
2
1
3
2
1
3
1
1
0
3
3
0
1
1
0
0
3
0
1
1
1
2
0
2
0
0
1
1
1
2
0
1
1
2
0
1
3
2
1
1
0
0
1
0
1
0
1
1
1
1
2
0
2
0
3
1
4
0
2
0
1
1
0
0
0
1
1
0
2
1
0
0
3
1
0
2
1
1
0
1
1
1
0
1
1
0
0
0
0
1
1
2
2
0
0
0
0
0
0
0
0
2
1
1
1
0
0
1
2
1
0
0
0
1
0
1
3
0
2
0
0
2
1
0
1
1
1
0
3
1
0
1
1
1
1
0
1
1
1
0
1
2
0
1
0
1
1
2
2
0
0
1
1
0
3
0
0
0
2
1
0
1
0
1
0
1
0
1
0
0
0
0
0
1
0
1
1
1
0
1
0
1
1
1
0
0
1
1
0
1
0
0
1
1
0
1
1
2
0
0
1
2
0
1
0
0
0
1
1
2
1
1
1
0
0
0
2
1
1
0
1
0
0
1
0
1
0
1
1
1
0
0
1
0
2
1
0
0
2
0
1
0
1
1
0
0
0
0
0
0
0
0
0
0
1
0
0
1
0
1
1
0
0
1
0
1
0
0
0
0
1
0
0
0
0
1
2
0
2
1
0
1
1
1
0
0
0
2
0
2
3
2
1
0
0
0
0
0
0
0
2
2
0
0
1
0
0
0
0
1
0
0
0
2
0
0
0
0
0
0
2
0
0
0
2
1
0
0
2
0
0
0
1
1
0
0
0
0
0
0
4
0
1
1
0
1
0
0
0
0
0
0
1
0
0
0
1
2
0
0
0
1
0
0
0
3
1
0
0
0
0
0
1
0
0
0
1
0
0
0
0
0
2
0
1
0
1
1
0
0
1
1
0
0
0
1
0
0
0
0
0
0
0
0
0
0
0
0
0
0
1
0
0
0
1
1
0
0
0
0
0
0
0
1
0
0
0
1
1
0
1
0
0
0
0
0
1
1
0
0
0
0
0
0
2
1
0
0
0
0
1
0
0
0
0
1
0
0
0
0
0
1
0
0
1
0
1
0
0
0
0
2
1
0
0
0
1
0
0
1
0
1
0
0
0
1
0
0
0
0
0
0
0
0
1
0
0
1
0
1
0
2
0
1
1
1
0
0
0
0
0
0
0
1
0
0
1
0
0
0
1
0
0
0
0
0
0
0
1
0
0
0
0
0
0
0
0
0
1
0
0
0
0
0
0
0
0
0
0
1
0
0
0
0
0
0
0
0
