0
0
0
0
0
0
0
0
0
0
0
0
0
0
0
0
0
0
0
0
0
0
0
0
0
0
0
0
0
0
0
0
0
0
0
0
0
0
0
0
0
0
0
0
0
0
0
0
0
0
0
0
0
0
0
0
0
0
0
0
0
0
0
0
0
0
0
0
0
0
3
0
2
1
3
2
0
6
4
3
4
3
13
46
133
377
906
2195
4897
9567
17083
27661
40665
54116
65634
73296
73421
66810
55214
40963
28193
17551
9901
5115
2375
1017
370
129
45
17
4
0
1
2
0
1
2
0
3
1
3
0
0
0
1
2
0
0
0
0
0
8
63
58
51
47
54
50
51
56
43
47
38
48
60
43
44
38
46
33
40
38
50
31
39
34
29
36
39
37
27
25
31
36
36
38
43
31
32
38
28
43
41
39
35
42
30
42
38
29
36
32
45
34
37
38
32
41
31
35
39
39
37
37
53
47
46
44
36
76
80
104
93
106
141
135
148
174
151
179
139
111
101
98
73
59
75
44
51
44
37
51
48
53
50
40
52
47
43
46
35
50
53
34
54
61
65
53
63
76
71
90
73
86
94
101
112
115
119
128
127
132
156
168
179
196
251
393
616
1051
1843
2938
4647
6984
10213
14075
17893
21905
25297
27790
28962
28601
26670
23443
19785
16040
12324
8989
6582
4734
3357
2399
1759
1230
912
668
547
415
347
286
365
445
523
620
786
944
1022
1104
1137
966
909
812
658
525
421
318
256
163
149
112
107
71
74
68
52
45
32
33
28
25
13
18
17
19
11
12
6
9
6
10
8
9
5
4
13
6
6
10
6
8
9
9
8
9
4
8
12
9
9
8
7
10
12
8
9
7
12
16
16
18
16
21
16
17
22
28
17
26
26
23
18
20
24
17
18
20
14
17
28
28
22
23
20
14
14
12
18
12
28
17
16
15
12
19
12
12
14
11
15
15
15
9
7
9
5
7
8
4
4
7
5
5
4
1
4
7
7
5
2
2
5
7
4
4
3
4
3
3
8
9
10
6
3
5
6
13
9
20
20
14
11
19
28
26
19
19
26
27
16
15
8
8
11
9
14
9
10
7
15
7
5
9
10
10
7
10
13
10
8
7
12
6
9
4
5
4
7
9
6
6
5
6
4
7
4
5
3
9
7
6
4
8
5
6
5
5
9
5
10
4
6
4
5
2
5
2
6
5
8
7
3
8
4
6
5
4
7
2
8
1
6
5
4
8
2
6
6
8
8
5
9
7
5
7
4
6
5
4
7
14
6
6
3
12
2
6
6
8
4
6
4
7
4
7
11
5
3
5
6
5
8
8
5
6
9
5
9
7
5
2
6
10
4
10
11
7
5
5
4
7
5
5
9
5
5
9
6
7
12
10
8
8
5
5
9
10
4
9
7
16
12
3
8
7
7
12
7
7
8
8
14
5
4
10
10
9
8
9
5
13
12
7
8
8
7
9
11
7
11
7
5
10
13
15
12
11
11
8
13
14
14
14
12
15
11
13
11
15
14
8
15
14
15
12
16
19
14
22
23
17
21
12
12
20
23
11
23
17
22
22
27
22
15
23
12
17
24
22
18
22
25
26
27
23
15
27
17
15
22
21
11
21
17
24
19
20
10
12
21
19
26
20
11
20
16
22
15
24
17
22
19
25
20
12
22
18
22
20
19
15
20
16
16
18
27
17
28
20
25
23
17
25
19
23
30
21
21
33
32
22
25
21
13
34
35
21
26
28
35
31
20
23
29
35
24
31
28
36
24
29
29
22
21
26
38
28
38
35
33
26
35
38
30
24
27
34
36
36
44
33
31
45
34
46
32
40
37
32
40
34
30
34
31
38
37
52
47
35
44
46
50
35
42
38
59
41
47
40
62
47
58
49
60
68
43
47
61
59
46
57
54
60
51
43
72
79
68
69
88
66
95
111
94
102
112
126
124
135
133
153
153
161
145
159
145
152
131
132
151
124
142
93
102
86
91
93
110
89
83
86
87
85
82
76
84
84
78
83
77
84
71
79
94
91
78
78
92
91
74
85
79
88
79
74
86
98
83
82
93
94
92
77
82
94
84
86
71
73
86
70
95
62
76
72
74
88
59
63
82
78
86
91
70
82
75
81
80
73
65
84
79
59
70
77
65
73
86
60
70
69
92
84
84
82
84
66
76
88
84
65
83
73
76
76
97
59
62
80
75
86
70
86
67
84
78
93
81
70
99
73
66
72
76
82
68
69
90
69
77
76
81
70
85
78
87
85
78
84
93
86
91
82
95
80
78
81
82
85
86
84
97
89
94
88
103
90
107
102
115
103
144
177
184
228
254
277
409
482
594
751
840
1023
1215
1271
1455
1593
1788
1816
1897
1993
1949
2067
1979
1933
1806
1617
1469
1289
1218
1042
827
747
641
506
423
376
285
225
196
179
151
138
134
125
115
92
90
106
103
104
119
114
99
102
105
117
122
113
130
113
103
91
88
120
115
113
125
120
111
104
123
111
129
121
102
98
103
95
112
115
110
105
110
119
116
116
123
97
120
105
118
104
107
109
130
124
129
128
122
116
149
114
140
135
130
138
128
134
144
162
199
217
250
252
244
316
328
286
349
372
375
365
359
357
376
356
325
312
294
297
297
245
260
206
198
196
158
171
173
154
146
135
153
131
141
153
149
128
135
134
140
132
158
140
144
137
150
134
140
148
165
129
148
142
139
137
139
158
164
147
145
152
161
156
136
158
174
158
170
167
147
179
174
180
171
172
192
172
192
191
156
173
177
207
171
175
191
198
174
181
178
178
154
204
201
201
176
173
190
203
200
175
220
180
186
173
220
215
218
211
240
209
231
212
229
229
237
211
264
257
237
239
252
219
262
266
238
278
271
273
241
238
266
303
274
291
280
305
261
273
279
273
280
296
280
280
256
298
297
267
280
293
287
256
267
253
257
287
260
266
285
266
279
249
261
243
230
238
234
270
246
215
245
234
228
216
248
216
219
207
205
229
200
192
195
178
192
184
197
192
173
179
182
182
158
166
161
166
161
172
167
136
172
160
146
171
152
152
169
159
167
154
162
161
149
187
153
164
150
153
145
182
165
171
151
157
160
148
178
172
163
163
191
187
140
197
167
168
175
178
153
156
152
189
174
167
200
189
175
173
190
171
191
178
184
188
197
198
195
191
220
201
235
198
200
199
207
204
215
203
203
221
185
218
204
191
206
228
189
223
233
210
203
231
245
210
222
208
233
205
205
214
254
215
228
211
241
207
202
217
206
199
213
207
210
178
192
209
189
196
188
205
196
205
175
200
223
203
193
161
197
187
200
170
208
177
192
189
211
183
163
181
151
176
185
172
183
180
175
183
178
181
214
180
182
170
174
180
169
181
170
176
151
162
177
163
174
178
174
195
173
181
202
165
168
172
159
188
178
161
192
182
163
192
168
187
168
187
189
159
175
165
175
172
197
176
193
191
173
196
181
166
194
180
160
148
174
183
172
171
177
186
172
181
188
172
200
212
174
172
186
203
170
188
177
195
166
189
176
183
182
184
184
205
189
193
189
180
185
177
189
169
165
192
171
181
169
190
184
207
194
184
188
193
196
153
207
202
186
174
187
195
202
210
181
205
204
190
197
196
229
201
199
185
206
185
181
183
210
209
211
207
207
214
202
243
200
201
212
215
192
184
192
222
223
188
186
229
206
212
219
220
214
209
186
214
228
184
212
187
218
230
244
199
225
225
230
218
211
194
207
207
218
196
217
227
190
212
213
216
203
228
207
218
244
213
205
206
227
195
201
209
207
208
212
199
205
230
212
238
219
178
217
200
190
222
202
172
182
181
221
197
188
181
204
229
225
175
203
219
192
183
215
198
179
226
177
176
182
201
181
197
207
197
179
189
184
175
175
198
171
207
178
211
172
198
221
165
211
182
201
187
210
186
211
216
201
190
181
212
199
170
181
187
197
195
197
185
204
194
186
176
174
182
187
192
189
156
183
198
213
195
182
179
186
187
202
205
186
174
207
212
175
202
209
201
189
197
184
191
190
204
160
179
194
187
191
198
196
224
176
203
180
190
178
190
215
193
186
199
186
196
164
184
185
179
193
219
180
206
183
171
198
172
181
215
172
197
188
183
195
227
189
199
205
173
189
156
184
220
207
201
171
149
199
183
197
190
184
207
191
194
201
196
209
193
208
235
196
206
191
191
188
183
197
171
180
207
195
216
186
227
206
201
182
181
213
182
187
187
172
164
196
187
191
180
192
196
192
203
214
205
199
204
191
235
194
198
176
206
211
213
192
195
207
209
185
191
215
232
215
252
231
235
222
202
232
228
206
224
237
221
234
221
248
238
267
229
262
235
229
245
245
213
214
241
244
264
270
274
246
284
254
266
285
288
293
272
281
261
269
305
300
275
272
307
285
307
301
314
283
307
317
319
322
333
326
332
358
335
335
367
321
349
341
397
431
399
419
419
423
450
485
464
471
485
507
515
582
568
608
560
615
641
647
666
618
741
686
703
760
786
796
876
826
863
879
941
854
960
947
1000
1033
1013
1073
1083
1110
1102
1153
1080
1103
1121
1154
1158
1195
1114
1205
1123
1172
1175
1080
1158
1138
1134
1140
1081
1081
1102
1080
980
1046
960
986
965
909
933
861
903
837
812
820
789
741
739
726
693
658
633
597
583
556
563
532
492
528
489
488
444
438
414
392
415
382
391
339
369
356
328
338
323
342
287
290
279
296
278
291
297
292
273
321
259
223
237
232
241
247
226
197
227
233
228
226
241
213
215
228
198
213
196
194
203
203
201
201
178
186
209
198
176
180
175
179
171
211
229
216
229
212
218
197
257
220
246
279
340
293
288
321
314
353
369
347
365
397
389
409
383
383
432
458
409
429
440
429
416
432
396
448
438
405
381
369
363
290
285
324
270
273
240
228
219
173
184
166
169
150
169
157
163
131
156
150
133
129
153
176
121
140
126
126
160
132
118
141
149
131
116
113
136
131
143
148
130
145
146
158
147
130
164
147
162
154
162
156
151
164
152
178
173
168
178
174
167
156
157
179
186
198
204
215
224
183
198
222
214
227
200
211
219
228
217
204
205
187
205
216
219
207
215
223
203
190
220
218
189
212
206
204
203
193
199
190
201
198
204
193
206
178
184
205
164
155
166
162
195
164
134
131
158
153
136
128
138
121
130
126
151
132
139
129
129
119
117
101
117
123
120
110
99
107
120
95
98
88
98
98
83
93
73
78
95
98
94
89
97
87
78
84
79
75
65
54
69
77
68
70
55
78
70
69
59
68
46
58
57
68
55
67
75
69
64
56
58
53
62
67
52
64
50
66
51
53
56
52
59
53
73
53
52
50
55
51
43
54
55
39
56
45
45
50
61
59
54
51
38
57
51
54
44
46
42
49
41
56
49
46
44
62
49
50
51
64
70
48
54
68
45
96
44
65
74
64
77
54
75
81
64
78
76
68
61
56
72
70
74
58
65
60
50
53
51
50
45
45
39
38
40
37
50
42
36
35
36
34
45
41
36
43
48
44
44
38
41
44
35
29
29
40
39
32
40
31
31
35
43
46
34
32
38
41
30
32
37
33
37
26
38
33
29
28
29
21
31
42
34
19
34
27
35
36
32
38
39
31
32
23
36
37
28
35
24
35
29
25
27
27
29
33
31
20
26
35
28
29
35
36
29
30
34
28
36
32
29
32
28
19
21
31
26
26
18
26
30
31
25
21
31
28
24
41
26
23
28
20
28
26
27
20
31
23
19
29
28
31
38
25
25
34
25
22
33
27
30
34
25
28
22
23
29
22
21
22
22
24
28
24
18
22
24
23
19
23
24
31
19
22
23
18
20
13
23
21
18
26
29
25
27
16
35
25
19
18
28
25
18
27
25
29
15
31
33
22
22
21
32
31
16
27
24
24
19
27
28
25
20
22
30
28
15
16
21
21
22
19
20
28
22
21
24
15
16
20
19
22
30
20
13
26
28
19
19
22
17
24
19
23
17
23
26
19
13
14
25
21
19
17
17
18
25
30
20
20
22
18
17
26
26
28
25
13
15
20
17
18
17
18
32
16
18
29
14
18
19
24
20
7
9
15
19
17
16
15
16
15
20
23
17
14
21
20
19
12
19
26
14
13
24
22
15
16
5
11
18
20
22
11
16
15
16
18
24
15
25
14
17
16
15
20
14
14
17
17
16
17
10
15
10
8
18
15
11
12
14
11
12
12
15
4
19
12
21
15
18
11
16
14
19
11
12
12
14
10
11
15
16
20
17
11
10
13
13
10
16
11
15
15
13
14
20
11
15
15
12
12
19
9
10
17
9
10
7
17
12
12
11
6
14
13
13
14
14
17
10
18
16
25
21
14
20
16
11
18
12
9
10
15
16
16
23
10
6
15
14
10
12
9
9
7
6
14
12
14
9
12
10
12
12
12
14
14
17
8
11
14
6
11
7
13
16
14
16
8
9
8
15
14
13
11
12
6
9
12
10
9
6
7
9
10
22
11
12
11
15
3
11
9
6
8
10
13
16
9
9
17
12
17
8
6
10
11
10
9
14
15
15
13
6
4
11
4
8
11
16
11
13
7
8
8
15
13
10
7
19
13
11
9
15
12
9
10
9
6
10
7
10
7
8
11
9
10
9
15
7
14
6
12
7
10
11
5
4
6
3
10
5
10
9
11
10
6
5
14
12
14
10
6
4
10
10
7
9
14
17
5
7
7
9
3
8
10
8
8
9
9
6
7
5
11
6
8
10
12
8
5
5
9
5
2
4
6
8
5
9
12
9
7
13
10
10
13
7
5
9
9
6
9
6
4
5
8
10
8
10
6
7
3
6
12
7
8
4
5
5
5
10
10
11
5
4
5
11
9
4
8
6
5
6
4
0
6
6
6
5
8
5
6
10
10
6
5
6
7
3
0
6
5
8
7
6
10
10
7
2
5
3
7
6
5
9
9
6
9
9
1
8
9
4
5
4
8
5
10
6
7
6
3
4
4
6
6
8
6
5
8
8
8
3
7
9
3
11
6
0
3
8
3
5
5
4
5
4
3
1
5
4
5
6
6
6
5
7
3
6
9
9
8
3
6
2
3
8
3
4
1
3
1
3
4
9
6
2
8
6
4
5
7
4
5
6
1
3
5
3
3
6
6
5
5
4
7
1
6
8
4
6
2
9
6
4
2
1
4
2
5
1
6
4
7
3
8
4
4
4
3
1
4
6
5
4
3
6
6
3
6
6
7
2
1
4
10
5
4
9
3
5
5
3
3
2
6
0
6
5
5
3
7
3
5
4
2
6
4
6
1
4
3
0
6
4
3
2
3
7
3
3
3
7
3
4
0
1
3
4
4
3
4
5
3
5
4
6
3
0
4
5
4
4
7
3
6
3
1
6
4
2
2
4
4
4
4
3
3
5
5
5
3
5
4
6
3
3
5
4
2
4
5
3
3
1
2
6
3
4
1
3
3
3
6
2
1
3
7
6
3
3
1
3
2
2
6
4
3
5
4
4
5
2
3
4
3
1
0
2
2
6
6
2
4
0
2
2
3
4
5
2
2
0
3
2
5
0
4
2
3
4
3
6
2
2
3
2
2
4
3
5
4
3
1
2
2
6
2
2
2
2
2
5
1
5
1
4
4
0
3
3
2
1
2
5
2
2
0
1
1
2
2
3
1
2
0
1
4
4
5
2
4
3
2
4
3
1
2
0
4
2
1
0
3
1
0
3
1
4
2
2
3
2
2
1
2
5
2
1
2
0
2
0
2
2
1
1
2
4
3
1
1
3
1
6
0
1
0
4
1
4
1
1
1
2
1
0
2
0
4
3
0
0
0
2
3
2
0
1
1
1
2
3
3
2
1
2
1
3
1
0
1
2
1
2
1
3
2
1
1
1
1
2
1
1
2
2
4
2
2
2
2
1
1
2
1
0
0
1
1
0
3
3
2
1
0
0
0
4
1
0
0
0
1
1
1
0
2
1
2
2
1
1
1
3
1
2
0
2
0
2
1
2
0
0
0
1
0
2
1
2
1
0
1
3
1
0
0
1
1
0
2
1
2
0
1
1
0
1
4
0
0
1
1
1
3
2
1
0
0
1
0
0
1
1
2
1
2
2
2
3
0
2
0
3
0
1
1
2
1
0
1
0
0
0
3
0
0
0
2
1
1
1
3
0
1
1
0
1
1
0
1
2
1
2
1
0
4
0
2
0
1
1
0
1
1
0
1
0
5
0
1
1
0
1
0
1
1
0
0
0
2
0
1
1
2
0
0
1
1
1
3
0
3
0
2
1
1
0
0
2
0
0
2
1
0
0
0
0
2
0
0
1
3
0
1
1
0
2
0
1
0
0
0
1
2
0
1
3
2
0
1
4
1
2
1
0
1
4
0
1
2
1
0
1
2
1
1
1
0
1
1
1
0
0
0
0
2
0
0
0
2
4
0
2
0
1
1
0
0
1
0
2
1
0
0
0
0
2
0
1
2
1
1
0
1
2
0
2
1
0
0
1
0
0
2
1
2
1
1
1
0
0
0
2
0
0
0
0
1
2
1
0
0
0
0
2
1
0
0
0
0
1
0
0
0
0
0
0
1
0
1
1
0
0
0
2
2
0
0
1
0
1
0
0
0
1
1
0
2
0
1
0
1
1
0
0
1
0
1
0
1
1
1
1
0
2
0
0
1
0
0
0
0
0
0
1
0
0
0
2
1
2
0
0
0
0
0
0
0
0
0
0
0
1
1
0
0
0
0
0
0
0
0
0
0
1
0
2
1
0
0
0
0
1
2
0
0
1
1
0
0
0
0
0
1
0
0
0
0
1
0
0
1
2
0
0
0
0
0
0
0
0
0
0
1
0
0
0
1
0
0
0
0
1
0
0
0
1
1
0
0
1
1
0
0
0
1
1
1
2
0
0
0
0
0
0
0
0
0
0
0
0
1
1
2
1
0
0
0
0
0
0
0
0
1
0
0
1
1
0
1
0
1
0
1
0
0
1
0
0
0
0
0
0
0
1
0
0
1
0
1
0
0
0
0
0
0
0
0
0
1
0
0
1
0
1
1
0
0
0
0
0
1
0
0
0
0
1
0
0
0
1
0
0
0
0
1
0
0
0
0
0
0
0
0
1
0
0
2
0
0
1
0
0
0
0
0
0
1
0
0
0
0
0
0
1
0
0
0
1
0
0
0
0
0
0
0
0
0
0
2
0
0
0
0
0
0
0
0
0
1
0
0
0
0
0
0
0
1
0
1
0
0
0
0
0
0
0
0
0
0
0
1
0
1
0
0
0
0
0
1
0
0
0
0
0
0
1
0
0
0
1
0
0
0
0
1
0
0
0
0
1
0
1
0
0
0
0
1
0
