0
0
0
0
0
0
0
0
0
0
0
0
0
0
0
0
0
0
0
0
0
0
0
0
0
0
0
0
0
0
0
0
0
0
0
0
0
0
0
0
0
0
0
0
0
0
0
0
0
0
0
0
0
0
0
0
0
0
0
0
0
0
0
0
0
0
0
1
1
0
0
2
3
1
2
1
2
6
0
5
2
3
12
37
126
337
930
2248
4897
9645
17085
27585
40403
54497
66526
73048
73417
66192
54994
41184
28118
17546
9815
4949
2261
987
390
146
46
22
8
3
2
2
3
3
0
1
3
1
1
0
0
0
0
1
0
0
0
0
0
7
56
47
41
52
60
60
35
53
54
45
57
46
30
45
42
39
33
38
40
38
46
32
46
37
29
48
27
40
39
49
33
49
45
35
39
36
33
28
32
29
36
51
37
45
31
43
47
33
39
40
37
33
39
42
41
40
40
29
28
54
38
39
50
51
54
62
51
52
66
90
93
111
143
157
155
159
183
157
131
131
101
85
84
74
63
53
43
49
40
45
35
30
43
38
51
47
45
31
28
54
42
63
54
63
48
62
57
86
81
85
92
88
112
108
115
132
131
113
149
142
147
165
193
178
272
422
661
1099
1764
2839
4531
6859
9903
13647
17547
21584
24847
27197
28371
27895
26053
23150
19387
15693
12025
8952
6409
4584
3405
2308
1656
1168
965
696
487
418
335
312
357
406
500
654
774
935
1023
1027
1004
940
891
792
631
476
364
307
207
158
125
100
103
84
74
57
48
55
27
32
17
30
17
15
8
12
21
9
8
11
9
9
6
4
4
7
6
6
15
11
4
5
8
10
7
17
15
12
10
5
6
10
5
9
11
13
10
9
9
18
11
19
16
23
18
17
27
28
37
31
30
14
16
21
28
13
15
14
13
15
20
22
18
24
17
20
20
22
15
14
23
22
20
28
19
18
10
14
7
12
16
6
10
7
8
7
6
3
6
6
4
5
3
9
6
11
10
4
8
8
8
5
6
6
3
6
7
3
6
5
8
7
4
8
8
9
12
13
12
24
16
16
14
17
18
18
16
18
19
19
20
13
15
12
10
7
5
10
12
8
8
10
7
10
6
8
14
12
14
12
12
8
11
6
10
6
9
3
4
6
11
12
7
4
5
3
10
4
4
7
8
8
5
7
6
10
5
4
5
6
3
6
6
6
3
3
1
5
5
11
5
4
4
4
5
3
3
5
5
3
7
9
11
6
4
6
6
1
3
6
8
7
6
6
4
2
6
6
2
3
8
5
5
4
6
4
5
7
6
4
1
9
5
8
8
5
5
5
2
4
1
9
6
5
7
7
2
8
9
6
4
8
7
3
7
6
8
7
8
6
9
9
3
6
4
6
8
2
7
10
8
8
5
4
11
8
7
11
7
13
6
7
4
9
11
8
14
7
4
6
11
8
10
9
11
10
10
8
12
8
9
15
7
6
14
6
5
10
13
10
7
9
12
9
14
15
10
9
11
12
10
6
7
16
6
17
13
13
10
15
8
16
15
10
11
13
17
8
13
12
21
14
17
17
10
19
20
15
17
26
15
20
17
24
21
20
25
15
28
19
24
24
29
19
18
20
23
24
17
22
17
16
20
22
14
18
19
21
22
17
16
23
20
22
19
22
16
11
14
19
17
18
18
22
12
13
18
21
12
16
16
18
25
17
31
20
16
17
16
21
28
21
17
22
26
26
17
25
20
24
23
26
24
27
26
20
20
24
29
21
21
25
30
18
25
22
21
21
18
15
22
28
32
16
31
27
37
28
23
32
39
27
23
33
32
23
34
37
29
32
36
29
28
49
38
40
36
37
35
27
37
52
39
32
30
45
51
55
40
25
35
31
46
37
46
33
52
41
59
53
48
41
54
40
46
45
40
67
44
50
58
53
55
58
61
77
83
73
68
75
54
81
76
98
110
115
113
110
136
120
133
148
156
139
160
161
134
147
132
146
163
102
125
111
114
105
99
106
82
83
112
93
92
76
70
75
91
80
80
79
79
86
74
84
81
80
82
79
69
84
66
75
67
85
82
83
66
74
97
83
69
69
71
74
65
86
84
70
89
69
63
72
77
91
69
85
59
76
73
71
78
74
71
74
71
75
70
83
84
71
80
77
76
60
73
80
90
97
85
75
72
88
81
82
71
77
63
100
74
70
68
74
82
61
70
84
66
76
82
70
81
95
82
85
84
71
75
61
75
80
80
82
69
78
53
79
73
72
80
81
78
63
66
62
67
73
73
88
86
94
87
70
98
95
87
68
71
83
70
97
101
101
88
87
96
95
80
106
126
111
108
143
146
190
210
207
255
362
401
493
562
630
833
1008
1143
1202
1385
1624
1707
1869
1927
1972
2056
2030
1984
1889
1713
1620
1544
1325
1176
1010
824
700
622
483
426
329
293
263
224
177
150
158
130
125
132
95
99
105
106
93
116
98
101
99
102
108
106
109
100
124
125
114
91
131
106
112
125
119
108
106
111
130
118
123
122
102
119
114
126
112
116
115
135
120
118
107
114
112
128
130
117
109
124
94
116
132
120
108
114
135
122
116
109
115
139
128
134
146
163
200
178
208
204
265
243
284
301
331
360
340
371
361
347
358
358
345
319
358
286
278
267
232
235
210
192
166
168
174
151
148
151
159
144
149
149
140
154
146
129
116
116
119
129
135
137
125
147
146
146
147
142
132
135
145
143
134
139
141
139
151
133
149
144
156
162
150
160
175
162
169
195
171
149
168
172
156
184
185
166
188
167
176
167
155
179
180
202
178
179
174
182
174
167
179
176
174
196
197
189
200
196
215
180
207
197
203
221
222
219
186
192
202
225
215
220
218
229
228
221
231
220
241
231
235
238
250
239
252
241
266
256
277
255
259
270
274
259
237
277
272
302
278
257
295
278
294
259
280
273
251
268
249
266
275
248
279
280
279
249
262
231
264
269
266
240
268
256
268
240
241
228
236
226
247
241
240
221
207
234
211
210
227
227
204
182
210
218
210
171
194
200
147
171
173
171
191
181
176
174
158
148
172
170
168
158
154
175
168
154
166
145
157
165
159
166
165
176
161
173
176
150
187
179
161
178
172
148
158
182
150
146
156
147
164
173
148
167
174
167
164
164
198
168
180
190
163
192
192
186
172
204
190
231
203
200
168
200
185
198
187
190
213
216
206
185
201
198
221
206
209
210
231
224
184
206
213
237
205
203
211
208
215
223
217
259
225
214
234
198
186
195
231
221
213
240
208
215
209
216
218
194
224
213
198
231
164
234
200
196
198
179
223
201
198
184
186
208
218
200
195
185
195
189
191
194
201
165
202
194
188
176
184
185
169
175
180
164
176
162
184
169
170
191
150
198
173
166
175
173
200
195
173
156
158
184
180
172
160
155
170
187
162
172
188
176
173
160
177
192
191
177
182
175
195
171
199
183
209
168
180
174
184
182
202
171
209
212
178
185
167
185
184
215
203
191
183
220
188
195
226
184
162
205
198
184
186
159
197
187
196
186
190
204
200
187
177
196
207
206
191
210
182
189
199
199
209
177
204
173
174
187
164
201
195
218
204
220
178
188
208
193
193
215
207
189
199
210
194
185
204
215
205
213
210
190
189
187
185
194
227
206
205
203
219
202
210
221
201
203
199
222
222
210
198
196
200
222
227
201
222
203
221
225
194
224
213
199
235
225
215
227
230
192
249
228
217
225
218
218
252
217
229
238
190
221
219
210
242
230
227
240
223
198
213
231
210
239
211
263
216
225
241
253
219
224
223
238
238
244
224
213
216
213
226
214
215
204
219
206
223
217
199
199
212
206
226
216
210
213
198
217
193
194
202
219
195
219
207
219
195
201
219
200
200
195
199
178
172
195
197
211
216
210
174
208
214
211
228
220
184
210
177
175
212
207
197
192
208
187
237
212
185
199
200
176
221
200
198
202
215
199
202
183
201
212
182
201
205
226
226
187
186
191
187
208
206
222
198
192
205
206
184
180
176
195
220
188
190
193
207
209
207
177
209
191
208
219
178
218
189
205
219
186
171
209
201
214
193
219
200
180
209
195
207
197
195
200
209
187
200
202
176
207
203
219
223
209
210
199
214
199
209
214
196
183
244
196
185
199
207
216
234
157
180
176
194
206
181
192
204
225
204
213
205
187
185
198
184
217
192
215
183
187
170
210
182
203
181
214
227
205
199
216
203
200
185
220
182
213
185
193
205
207
203
226
206
206
214
192
223
187
212
213
235
201
228
209
205
196
204
200
208
198
223
207
201
217
210
238
226
189
228
235
210
225
222
208
228
244
236
219
248
216
234
244
235
215
248
238
248
231
251
267
247
238
270
235
268
234
257
282
247
237
257
282
239
259
292
253
292
245
260
267
288
260
257
282
291
283
279
304
304
330
319
305
304
304
332
334
339
352
312
325
355
328
357
374
360
390
386
360
356
388
388
428
453
416
424
405
411
463
461
486
464
496
520
510
484
533
591
554
553
606
644
666
699
691
742
751
774
779
779
819
894
850
866
955
1003
933
1027
1029
1006
1039
1043
1062
1129
1112
1108
1157
1178
1110
1200
1187
1226
1220
1239
1223
1196
1167
1242
1215
1152
1203
1199
1164
1109
1084
1116
1063
1012
1003
997
990
978
992
940
877
925
836
836
743
745
769
739
722
667
667
649
635
663
585
574
571
498
471
472
464
485
442
429
458
412
387
385
353
333
382
367
318
318
343
334
312
303
271
312
282
277
287
254
263
255
237
276
248
247
251
220
250
219
264
247
225
213
248
215
230
231
232
200
216
213
207
187
188
192
173
214
167
189
188
191
199
225
204
203
217
217
188
215
234
221
254
272
258
271
301
307
283
319
296
330
356
355
395
386
415
437
411
407
408
459
410
437
452
426
432
422
458
389
390
394
357
367
291
310
283
301
251
237
233
252
206
194
176
198
156
153
153
138
158
143
146
137
150
149
142
130
148
126
142
131
130
136
166
135
143
147
142
146
152
120
157
140
140
132
140
153
145
163
180
155
154
136
141
139
135
177
172
190
175
184
180
183
186
176
202
190
204
221
184
192
221
234
231
226
215
229
214
243
228
212
197
230
223
242
237
233
213
224
211
191
192
218
226
209
227
240
191
204
192
198
205
215
212
212
194
177
205
204
187
202
186
188
146
162
195
159
158
155
164
126
152
124
135
149
137
131
127
140
128
127
121
112
106
109
110
118
110
96
111
96
92
98
90
107
107
103
98
90
85
86
84
95
72
75
65
60
71
74
81
82
75
79
82
59
75
76
63
67
72
66
70
77
69
67
64
56
60
58
79
67
55
55
55
57
66
54
55
57
57
54
60
48
54
60
62
57
43
50
60
60
37
53
45
53
52
63
34
44
63
36
52
56
47
36
40
48
64
42
45
67
45
48
51
60
44
55
50
78
66
54
62
60
60
60
57
60
56
55
74
76
64
70
78
82
78
74
63
65
58
63
59
59
79
47
69
49
55
61
60
42
47
49
43
37
47
31
35
43
40
47
55
37
41
40
43
35
36
37
43
41
42
35
25
45
42
42
33
43
57
41
30
29
38
39
32
34
40
39
36
40
36
34
31
28
35
37
39
42
25
33
32
34
33
35
36
27
25
28
34
36
32
35
37
38
33
29
22
30
27
35
39
27
37
26
23
24
38
35
32
28
23
29
33
29
22
21
27
33
30
30
33
37
20
29
28
30
29
33
25
28
34
24
24
18
43
25
30
21
32
25
22
17
31
27
20
38
23
36
19
25
25
22
26
29
20
25
19
30
16
26
24
18
37
22
21
28
20
26
33
25
12
21
26
25
28
31
30
37
28
16
21
18
32
23
26
21
34
23
16
28
20
30
31
21
24
24
30
20
24
26
16
18
29
17
19
19
27
22
15
14
17
31
17
18
17
10
23
25
19
26
30
23
21
20
20
16
28
23
23
21
20
13
21
26
18
36
19
26
24
14
16
18
28
21
18
25
22
17
22
23
21
19
12
16
19
20
15
23
19
27
17
16
27
13
25
22
21
22
22
28
14
19
20
20
27
21
13
22
21
25
22
21
16
25
11
21
20
16
20
16
22
15
27
23
13
15
23
14
12
15
17
26
15
22
16
27
20
22
19
15
17
17
22
21
20
7
24
13
17
18
19
16
21
18
20
9
12
10
15
15
12
13
17
30
19
23
19
9
16
20
13
20
13
7
16
6
19
19
13
17
10
21
14
12
17
22
11
17
11
14
19
9
16
18
11
15
18
16
19
7
14
17
10
16
13
19
16
20
14
10
12
16
20
19
21
20
17
13
18
14
13
16
8
13
12
12
12
9
8
14
17
14
14
13
15
12
16
13
11
9
13
13
15
10
12
16
17
11
10
15
9
6
11
11
12
9
14
14
20
14
13
13
11
13
10
11
13
20
13
16
16
14
10
8
14
13
11
14
9
17
10
14
16
10
6
10
14
7
8
12
10
14
7
13
9
5
6
17
10
15
10
15
11
15
9
9
12
11
13
13
12
6
16
12
9
8
12
13
6
10
9
15
7
13
9
9
12
4
14
9
9
6
14
11
8
6
19
15
12
9
12
15
13
13
6
9
13
12
4
10
11
13
15
12
7
8
7
9
12
10
12
13
21
13
12
6
14
13
10
8
10
11
8
7
8
8
4
8
8
10
7
13
11
12
7
11
4
7
10
8
11
9
5
9
8
6
10
7
12
10
12
15
9
9
5
7
6
7
12
7
8
8
5
9
7
11
11
5
3
4
12
6
10
6
8
11
4
4
6
6
8
9
4
10
7
2
7
9
9
6
6
3
8
9
13
7
11
4
9
10
5
7
5
5
6
6
10
4
9
8
11
6
9
6
5
6
8
9
8
8
9
5
4
13
12
8
6
4
5
5
10
5
2
10
3
5
8
5
6
6
7
7
9
4
3
8
6
8
5
3
9
7
3
8
3
5
6
5
4
7
7
7
5
8
11
6
4
7
7
8
6
6
8
5
13
8
8
10
10
11
4
7
2
3
4
7
6
7
4
6
1
5
6
8
7
4
7
4
5
6
4
7
8
5
12
7
4
4
9
4
3
3
8
5
6
7
6
3
6
3
4
4
2
6
5
5
4
8
4
2
7
5
1
4
3
3
1
4
2
6
5
7
2
8
2
5
4
9
2
5
3
1
7
3
5
4
4
4
5
5
4
7
4
5
3
8
5
1
3
5
3
2
6
8
4
2
7
3
6
1
4
6
4
4
4
5
5
2
2
6
4
10
3
2
7
4
5
6
5
6
3
4
6
8
6
6
4
7
4
0
3
3
1
5
3
2
3
3
4
5
2
0
4
3
6
2
2
3
1
2
4
3
1
8
6
6
4
5
1
4
3
6
0
3
3
2
2
2
2
4
5
0
2
0
2
2
0
6
7
4
2
6
3
3
2
2
2
1
8
3
6
3
7
0
2
4
3
2
8
2
3
0
5
2
7
2
4
2
5
2
3
3
1
4
3
2
2
4
2
6
1
2
4
3
2
1
6
7
4
0
5
2
2
3
3
4
3
2
5
1
7
7
4
2
4
7
3
2
1
1
2
1
5
4
1
4
3
3
1
4
5
3
2
2
4
4
3
1
4
1
2
2
2
5
3
5
3
1
4
4
1
2
3
2
3
3
3
2
0
1
0
1
3
0
3
2
3
5
1
0
1
3
3
2
3
3
3
2
0
2
1
5
3
2
2
3
2
2
4
3
1
2
5
0
4
4
3
2
3
2
1
1
1
3
2
4
1
2
3
2
1
2
1
3
1
1
5
2
2
1
1
0
0
1
0
1
1
2
1
1
3
2
6
1
0
1
1
2
3
2
2
0
1
0
4
1
0
3
1
2
2
3
1
1
1
0
1
2
1
0
1
5
3
1
0
0
5
2
1
3
1
2
2
0
0
2
2
2
0
1
2
1
1
2
4
1
2
1
3
3
1
1
2
0
1
2
0
2
2
2
3
2
0
1
1
1
1
0
1
0
1
0
3
0
2
1
0
0
5
2
1
0
0
1
2
1
0
0
1
3
1
2
4
3
2
1
0
2
0
0
0
0
2
1
0
0
1
1
3
5
1
4
0
2
2
2
1
3
1
0
2
1
0
1
0
1
0
0
0
2
3
0
0
0
0
1
1
0
1
0
1
1
0
2
0
1
1
0
1
1
2
0
3
0
0
0
1
1
0
1
0
0
0
1
1
2
3
0
0
2
0
2
1
0
0
1
1
1
0
0
2
4
0
0
1
0
0
1
0
1
1
3
0
1
1
1
0
0
1
1
1
5
3
1
1
0
1
0
1
0
0
2
2
1
0
1
1
0
0
1
0
1
2
2
0
0
0
1
1
1
1
0
1
0
3
1
0
0
0
0
0
0
1
0
1
1
0
0
0
1
1
1
3
0
1
0
1
2
0
0
0
0
0
0
1
1
2
2
0
0
1
1
2
0
1
0
0
2
1
1
2
0
0
0
0
0
0
0
0
0
1
0
1
0
2
0
0
0
1
0
0
1
1
0
1
0
1
1
0
0
1
2
0
1
0
2
0
2
2
0
2
0
1
1
0
1
1
0
0
0
1
1
0
0
0
0
0
1
1
0
0
0
0
0
0
2
0
0
0
1
2
1
0
0
0
1
0
1
0
1
1
0
2
0
2
0
0
1
0
1
0
1
0
1
1
0
1
0
0
0
1
0
0
1
2
0
0
1
0
1
1
1
0
1
1
1
1
0
0
2
0
1
0
1
0
1
0
0
2
2
0
1
0
0
1
0
0
2
0
1
1
0
0
1
0
0
0
0
0
0
0
0
0
0
0
0
0
1
0
0
0
0
0
0
0
0
1
0
0
0
1
0
0
0
0
0
0
0
0
0
1
0
1
0
0
2
0
1
0
0
0
2
0
0
0
0
1
0
0
0
0
1
0
0
0
0
2
1
0
0
0
0
0
0
0
1
0
0
0
0
0
0
0
1
0
0
0
0
0
0
0
1
0
0
0
1
1
1
0
0
0
0
1
0
0
0
0
0
0
1
0
0
0
0
0
0
0
0
0
0
1
1
0
0
1
1
0
0
1
0
0
0
0
0
0
1
0
0
1
0
1
0
0
0
0
1
1
0
0
0
1
2
0
0
0
0
0
0
0
0
0
1
1
0
2
1
0
0
0
0
1
0
1
0
0
0
0
0
0
1
0
0
0
0
0
1
0
0
0
0
0
1
0
0
1
0
0
0
0
0
0
0
0
0
0
1
1
0
1
0
1
0
1
0
1
0
0
0
1
0
0
0
0
0
1
0
0
0
0
0
0
0
0
1
0
0
0
0
0
1
0
0
0
0
0
1
0
0
0
0
0
0
1
1
