0
0
0
0
0
0
0
0
0
0
0
0
0
0
0
0
0
0
0
0
0
0
0
0
0
0
0
0
0
0
0
0
0
0
0
0
0
0
0
0
0
0
0
0
0
0
0
0
0
0
0
0
0
0
0
0
0
0
0
0
0
0
0
1
1
0
2
0
2
1
1
4
1
0
4
0
3
3
1
0
4
6
16
37
109
330
918
2146
4845
9573
17160
27647
41042
54080
67039
73226
72941
65986
55172
41555
27981
17396
9824
5077
2356
964
366
158
48
15
5
5
1
0
4
2
0
3
0
2
0
2
0
1
1
1
0
0
0
0
1
2
52
54
50
45
51
50
41
50
36
41
42
45
53
51
57
30
37
48
53
37
53
39
40
41
37
44
51
40
43
34
42
35
31
37
33
37
26
24
48
36
39
36
36
27
29
39
43
25
44
33
32
38
37
44
42
34
40
35
48
51
56
43
53
37
53
33
55
65
73
78
118
119
141
160
136
191
186
160
144
132
120
105
80
62
65
48
53
59
51
35
40
46
57
42
45
50
49
52
59
58
63
60
65
59
72
61
56
75
74
81
90
88
103
113
120
121
123
149
155
160
188
208
241
267
341
535
789
1233
2000
3214
4966
7510
10673
14401
18551
22804
26210
29379
29974
29865
27944
24498
20457
16604
12702
9501
6909
4925
3525
2511
1747
1274
997
808
574
477
370
366
392
459
557
664
842
919
1015
1054
1029
988
892
802
661
498
431
292
227
174
133
106
102
85
72
79
63
35
38
39
23
25
16
15
10
13
7
5
10
9
7
8
11
5
7
7
7
14
6
7
1
8
7
6
9
8
5
6
10
5
13
9
10
7
12
13
6
12
13
9
5
17
20
21
23
28
27
33
36
30
30
28
22
15
22
25
19
25
21
29
23
15
23
21
20
28
22
9
21
15
14
17
16
18
21
22
22
17
20
14
11
13
7
9
6
10
4
8
8
9
3
7
7
5
9
6
5
9
10
3
7
7
4
4
4
11
0
5
4
9
10
8
8
6
9
8
8
17
16
17
12
18
18
15
17
17
17
17
28
21
20
12
22
11
14
17
8
15
11
8
7
7
10
12
5
11
7
6
13
11
8
11
12
9
10
6
6
9
6
7
8
12
8
5
5
4
2
5
5
10
6
4
3
5
4
5
9
9
7
4
5
8
7
3
2
7
7
8
6
9
7
9
5
5
5
5
3
6
7
9
4
2
6
3
5
5
2
6
5
4
12
4
9
6
13
6
7
8
7
10
4
9
5
6
6
9
11
10
7
4
8
4
7
8
6
7
7
4
7
8
8
8
7
7
10
8
7
6
9
6
11
7
8
3
6
11
6
4
2
5
6
8
9
5
5
5
7
7
7
11
9
8
5
10
6
8
5
14
12
14
5
12
10
3
9
15
9
10
15
15
9
14
11
11
12
17
10
17
10
6
12
9
12
13
12
11
7
11
5
14
16
14
8
9
10
7
6
12
7
7
12
13
11
14
13
5
12
10
19
16
8
11
21
18
14
24
21
16
13
11
17
18
21
13
22
15
22
16
14
11
10
11
16
11
16
12
19
14
14
17
26
25
17
15
13
16
17
23
15
21
20
13
14
16
24
20
21
15
8
11
17
25
11
23
18
12
24
18
23
21
23
29
18
25
10
27
18
23
19
19
27
26
29
23
28
21
30
23
26
21
20
23
23
20
29
32
28
20
24
28
23
20
27
26
23
27
31
27
18
21
31
20
19
23
33
31
31
39
25
28
45
28
28
34
30
37
43
32
44
31
34
33
35
32
39
31
34
42
39
45
39
39
38
39
35
29
30
49
33
51
36
42
50
39
53
42
43
39
50
45
50
56
46
55
44
55
50
80
51
66
55
63
52
67
63
72
58
58
69
59
65
57
81
75
62
67
75
66
80
71
80
74
64
64
60
83
74
79
100
92
78
94
88
94
83
97
105
107
93
107
90
89
88
85
80
84
79
85
88
82
91
90
86
102
87
89
85
95
77
87
90
73
71
85
74
83
93
85
87
77
88
80
87
80
72
85
71
77
75
83
74
79
64
75
70
73
78
91
52
69
93
71
77
66
71
75
62
76
67
81
83
72
73
78
83
81
69
77
73
55
87
65
82
64
88
70
63
83
88
72
73
52
93
80
63
70
79
75
79
75
72
82
73
74
62
75
70
80
60
69
58
81
75
69
78
65
77
68
80
76
71
84
84
76
68
64
60
85
80
65
66
66
68
67
62
84
81
77
79
72
99
82
78
67
88
74
86
79
84
88
80
86
70
102
90
101
76
84
108
99
108
124
111
135
174
204
230
297
396
480
561
700
786
906
1081
1350
1430
1578
1758
1912
2031
2106
2095
2152
2118
2002
1904
1688
1603
1389
1257
1083
818
814
621
525
463
345
287
213
194
185
146
139
112
120
105
106
120
99
92
97
90
87
75
87
104
106
91
105
126
117
102
109
124
83
120
108
118
86
111
112
111
108
112
118
116
112
106
103
118
91
108
118
123
109
105
102
124
117
103
106
109
121
117
117
127
93
99
116
99
99
127
142
127
128
138
140
158
142
194
186
197
195
219
261
263
282
305
348
344
359
386
384
357
380
389
397
376
346
315
333
269
279
265
210
216
196
163
150
181
151
144
158
144
120
138
160
145
143
140
159
159
166
152
142
145
146
145
156
146
147
146
148
155
149
119
169
158
159
152
159
177
145
158
153
184
166
168
163
167
178
172
194
185
175
198
196
198
198
189
204
184
206
213
217
207
213
206
201
207
240
236
227
238
242
209
255
216
253
248
230
257
228
276
267
244
272
271
286
267
291
266
269
274
258
275
262
295
283
250
257
282
284
264
232
253
282
240
256
247
232
240
241
264
236
242
200
229
245
231
221
219
214
220
186
184
183
198
183
165
195
189
174
198
160
183
170
170
159
170
153
177
185
186
174
157
150
165
148
160
159
160
159
172
145
150
150
172
158
167
157
150
154
156
162
173
147
147
157
153
173
145
140
155
161
149
161
162
139
146
161
142
141
170
153
151
158
141
175
145
154
166
157
148
142
167
146
134
139
155
151
160
132
136
158
163
161
148
161
126
146
144
147
168
156
174
142
159
152
128
147
172
159
165
161
142
140
161
134
168
162
151
161
157
147
140
143
153
163
144
149
165
169
168
138
143
157
175
155
164
157
167
176
165
145
159
174
157
166
181
172
164
158
177
159
186
151
170
165
164
170
167
163
159
174
179
178
178
163
157
165
174
154
171
177
152
200
156
188
210
185
173
186
181
184
165
187
159
154
174
177
181
188
192
184
208
188
183
201
196
181
193
200
205
182
173
194
207
195
162
212
209
200
199
172
182
211
169
180
183
226
202
177
175
202
198
165
191
183
182
206
183
190
194
190
195
184
152
180
217
211
192
185
220
187
201
194
175
202
189
183
213
178
198
188
166
190
174
197
206
199
202
205
200
191
197
201
194
202
213
194
197
222
204
210
211
199
208
214
203
236
191
216
204
225
221
205
193
217
210
230
221
218
228
244
266
234
213
251
223
271
239
233
279
241
277
237
226
267
235
248
242
240
252
214
231
266
258
246
245
261
239
258
225
233
258
257
260
232
226
233
242
245
257
246
210
237
256
224
271
247
224
228
236
250
217
239
226
245
217
214
224
219
224
231
215
223
212
177
233
237
220
213
232
216
215
218
214
215
222
219
201
207
215
204
221
200
196
192
219
188
172
206
187
207
210
200
170
193
201
213
199
200
201
210
209
177
187
185
174
174
190
185
190
209
186
214
202
212
184
182
198
204
188
191
204
167
196
205
181
197
190
215
176
187
195
195
177
201
192
181
162
220
174
225
195
181
179
212
197
167
179
193
200
186
210
204
164
184
184
186
174
170
185
192
204
185
171
167
191
177
185
181
185
174
205
159
176
164
173
205
184
171
190
175
185
188
208
185
187
202
180
192
189
181
190
176
180
177
196
164
173
206
207
205
202
201
173
169
190
183
202
172
183
194
186
201
183
195
174
204
209
180
197
202
207
187
166
218
198
189
222
199
198
172
185
208
198
193
200
206
191
195
199
190
175
181
190
189
192
179
196
208
181
190
202
204
182
179
194
187
169
190
193
210
200
207
194
212
178
215
205
225
193
221
196
204
239
207
212
200
208
189
213
192
186
211
189
219
190
189
201
213
235
198
192
191
193
202
202
185
168
196
230
198
225
176
203
223
194
197
182
216
195
231
198
175
201
225
222
221
212
215
205
180
213
196
216
223
189
227
226
242
224
232
232
192
217
205
189
243
232
235
213
209
216
227
231
240
241
234
222
225
247
259
243
257
238
249
237
233
247
240
260
249
234
268
258
266
236
258
249
277
264
282
270
282
282
287
299
290
251
289
296
269
324
318
333
314
315
324
340
301
310
289
333
306
352
336
320
344
362
373
393
379
377
385
389
425
396
405
446
434
452
451
503
520
523
522
545
503
555
595
565
623
680
661
689
674
687
723
743
772
806
859
822
917
855
888
956
932
991
995
1018
1082
1022
1144
1075
1091
1128
1105
1188
1132
1154
1090
1135
1145
1172
1148
1177
1135
1102
1209
1151
1117
1102
1141
1159
1087
1110
1056
1059
982
1009
992
947
856
920
880
862
743
806
780
775
734
725
652
661
652
592
616
572
558
544
508
517
471
451
446
437
442
442
373
396
375
410
355
356
321
335
307
323
327
295
302
302
263
272
268
284
257
247
246
254
234
242
275
227
213
222
235
230
238
225
217
217
204
210
202
192
212
194
187
208
210
170
193
180
195
185
183
172
181
166
172
197
181
212
209
202
216
201
215
213
221
242
247
280
266
253
296
278
297
308
339
339
347
355
351
374
385
386
364
388
386
407
343
364
390
347
390
353
361
307
273
291
288
267
262
243
197
211
206
196
174
189
167
177
144
164
136
149
149
116
160
141
106
125
131
114
141
136
127
151
148
125
128
124
134
115
136
135
142
132
146
138
135
141
156
151
142
138
149
149
165
161
148
157
146
156
155
157
184
158
175
172
197
181
163
206
204
172
189
210
186
194
202
189
213
186
229
203
210
223
212
206
173
204
214
232
222
227
223
229
210
188
224
222
201
206
188
223
193
198
197
199
184
182
214
182
177
155
200
184
180
157
142
176
155
138
141
153
153
160
134
134
140
149
122
124
131
130
126
130
140
105
114
129
124
110
85
108
102
92
86
93
92
117
97
88
94
87
78
81
90
75
92
90
70
81
87
75
63
69
80
94
83
77
66
61
78
67
78
65
74
78
67
71
62
71
63
58
75
55
58
52
47
65
53
63
53
63
60
58
51
47
56
54
51
53
43
53
50
51
45
46
55
51
48
52
51
59
62
49
44
40
60
41
48
38
38
55
44
34
46
54
41
39
48
48
58
49
40
51
63
47
65
51
58
52
48
64
64
53
52
56
68
75
70
75
67
74
63
57
53
68
56
52
60
51
66
57
40
46
53
48
29
45
39
36
33
44
53
40
46
25
35
40
30
42
43
35
40
35
38
39
37
30
39
36
49
35
43
43
32
38
43
37
32
28
33
32
31
37
31
39
22
33
34
26
38
30
28
25
35
36
31
31
16
35
27
30
34
40
26
22
36
30
32
32
29
31
25
35
29
22
39
29
25
36
23
24
25
39
34
33
28
37
22
29
24
29
27
29
25
30
32
27
24
28
24
23
31
23
20
26
25
24
38
24
29
30
21
29
24
25
25
26
19
21
25
30
25
24
24
29
23
31
24
16
24
24
29
29
28
21
37
25
24
25
32
29
19
26
20
24
28
21
17
14
19
25
21
32
20
16
21
20
26
23
23
30
14
19
22
20
34
24
20
18
22
17
21
22
14
27
19
23
22
22
23
14
28
23
27
22
27
16
19
18
20
23
25
17
15
23
22
28
27
30
20
21
18
21
21
27
25
17
20
27
17
30
17
22
19
16
22
13
20
28
19
25
21
27
28
23
21
23
18
16
13
17
25
15
20
20
23
21
14
22
10
20
17
16
25
34
19
19
22
13
17
26
21
14
14
15
22
18
26
18
24
13
14
16
15
15
25
14
13
16
18
17
21
19
11
16
24
22
22
20
23
15
16
18
17
25
19
20
13
6
17
11
14
26
15
18
20
22
18
17
16
19
18
18
13
10
14
21
21
20
12
16
18
25
13
17
18
18
10
11
16
19
10
12
14
11
8
15
4
11
14
21
13
21
10
22
13
15
9
20
15
17
14
12
14
19
11
22
13
19
14
14
18
8
11
12
16
19
12
19
18
6
15
10
11
15
19
14
15
13
16
7
10
11
18
15
10
12
11
12
15
10
13
16
16
13
7
9
12
12
14
11
15
12
13
7
10
10
8
14
11
12
8
11
12
10
14
10
13
12
8
20
16
10
16
11
14
9
9
11
5
11
18
9
10
10
6
12
6
9
14
12
15
4
8
10
11
4
11
19
10
16
11
10
10
9
12
10
16
11
9
11
11
10
13
9
10
9
12
8
9
14
13
12
9
11
18
14
9
6
13
9
10
7
8
8
7
10
7
16
11
12
11
10
3
10
9
6
9
8
10
11
9
13
8
11
10
5
5
9
12
10
10
12
13
7
8
9
8
11
6
4
13
7
6
12
7
11
8
5
9
7
10
12
12
7
11
14
10
7
7
9
7
8
10
9
4
9
5
6
7
3
6
11
4
9
8
7
6
4
6
8
9
8
6
10
6
13
6
7
10
9
6
8
8
6
8
11
8
3
6
5
10
5
6
9
6
9
8
7
6
6
4
3
9
7
7
9
5
15
8
3
9
8
5
9
5
4
8
4
10
10
7
6
6
11
8
6
8
6
5
5
7
11
5
5
9
2
6
2
5
13
12
6
3
10
8
4
5
10
7
8
5
5
7
5
5
11
8
11
3
6
11
2
7
7
5
8
5
3
8
8
8
4
5
7
7
10
3
3
5
4
6
6
7
8
4
2
9
7
3
7
10
5
3
4
7
4
6
9
3
10
6
5
1
6
4
6
3
9
4
9
5
8
3
6
5
2
4
5
5
4
8
0
6
7
9
3
9
6
4
9
4
4
5
5
2
5
7
4
5
5
5
2
2
8
5
5
4
5
6
6
5
2
4
6
7
5
7
3
4
8
6
3
3
6
4
4
9
5
7
3
5
7
4
5
2
8
6
5
3
3
4
5
4
1
3
9
3
3
5
1
4
2
5
3
3
3
3
5
6
3
1
0
3
2
2
5
5
4
4
7
6
4
4
2
3
3
4
2
2
1
2
5
4
7
4
2
1
3
1
5
6
6
6
1
5
5
8
1
2
2
4
4
4
0
2
2
5
3
2
3
1
2
6
3
4
4
3
2
4
2
11
5
2
4
4
3
1
2
5
3
3
4
6
3
9
3
0
2
3
2
5
3
1
5
4
3
3
2
6
8
4
4
4
5
1
2
4
6
3
3
0
2
5
3
1
1
7
5
1
1
2
3
1
3
3
2
4
1
2
4
0
3
1
3
6
4
2
3
3
2
3
2
4
4
2
2
1
3
6
3
5
6
3
0
6
3
5
5
1
3
1
3
2
1
4
2
3
3
2
4
1
2
4
2
0
2
3
4
2
0
5
1
2
1
2
3
3
4
1
1
3
1
7
3
2
2
3
2
3
2
4
3
3
1
2
3
5
1
1
1
1
5
1
3
0
1
3
3
1
4
1
6
2
2
2
2
2
2
2
1
2
2
0
2
2
1
1
2
0
0
1
1
0
0
3
0
1
1
3
1
0
1
2
2
3
3
5
2
2
2
2
1
1
4
3
1
2
2
1
2
3
1
0
2
2
3
1
5
1
0
0
1
4
0
0
0
0
3
1
5
2
0
2
3
0
0
1
2
1
3
1
0
2
0
4
2
3
2
0
2
1
1
0
0
2
2
1
0
3
0
2
0
3
3
1
2
2
0
2
1
1
1
1
1
2
0
1
2
4
0
1
1
0
1
1
1
3
0
3
1
4
0
1
2
1
0
1
1
0
3
0
1
0
0
1
2
3
2
1
2
2
1
1
2
2
0
1
1
1
0
0
1
3
2
1
1
3
1
2
2
0
0
0
2
0
3
2
0
0
1
2
1
0
3
0
1
2
1
1
0
2
1
1
1
2
1
1
3
0
0
2
0
1
0
3
1
1
4
2
0
2
0
1
1
1
1
2
2
0
2
0
0
1
0
0
1
0
0
3
1
0
0
2
1
2
0
1
0
1
2
0
0
0
2
0
1
1
2
0
0
2
1
3
1
1
0
0
0
0
2
0
1
0
0
0
2
0
0
0
1
0
0
1
1
0
1
1
0
2
1
0
2
0
1
1
0
0
1
1
2
0
0
2
1
0
0
0
1
0
0
0
0
2
0
0
0
0
0
1
1
1
1
2
0
2
2
1
1
0
0
0
1
0
0
0
0
1
0
1
0
0
0
0
1
1
0
0
1
0
0
0
1
0
1
1
0
1
2
2
1
0
2
3
0
1
1
2
1
1
0
0
0
0
0
2
0
0
0
0
0
2
0
0
0
0
1
0
1
2
0
1
0
0
1
1
0
1
0
0
1
1
1
0
0
0
0
0
0
1
1
0
0
0
1
1
0
1
0
0
1
1
1
1
0
0
0
0
0
2
0
0
0
0
1
1
1
0
0
0
0
3
0
1
1
0
0
0
0
0
0
1
1
0
0
0
0
0
2
0
0
0
2
0
0
0
0
1
1
0
2
0
0
1
1
0
1
1
0
0
0
1
0
0
0
1
2
0
0
1
1
1
0
2
1
1
0
0
1
1
1
0
0
1
0
0
0
2
0
0
0
0
1
0
0
0
3
1
0
0
0
0
1
0
1
0
0
1
1
0
0
0
0
1
0
0
0
0
0
0
2
0
0
0
0
0
0
0
0
0
1
0
0
0
1
0
0
0
0
1
0
0
0
1
0
0
1
0
0
0
0
0
0
0
0
0
0
2
0
0
0
1
1
0
1
0
1
0
0
0
0
0
0
0
0
0
0
0
0
0
0
1
0
0
0
0
0
1
0
1
1
0
0
0
0
1
1
0
1
0
0
0
1
0
0
0
1
0
2
0
0
0
0
1
0
0
0
1
0
1
0
0
0
0
0
0
0
0
0
0
0
0
0
0
0
0
0
2
1
0
0
0
0
1
0
0
0
0
1
0
0
0
0
1
0
0
0
1
0
1
0
0
0
0
0
0
0
0
1
1
0
0
1
0
0
0
0
0
0
1
1
0
0
0
0
0
0
0
0
0
1
0
0
0
1
0
0
0
0
1
0
0
0
0
0
0
0
0
0
0
0
0
0
0
0
0
