0
0
0
0
0
0
0
0
0
0
0
0
0
0
0
0
0
0
0
0
0
0
0
0
0
0
0
0
0
0
0
0
0
0
0
0
0
0
0
0
0
0
0
0
0
0
0
0
0
0
0
0
0
0
0
0
0
0
0
0
0
0
0
0
0
0
0
0
2
2
1
0
3
4
1
2
4
5
0
2
4
7
13
38
130
356
954
2284
4925
9667
16896
27624
40904
54313
66263
72976
73121
66723
54956
41380
28087
17212
9817
5089
2317
1041
357
136
49
11
13
3
3
0
5
0
2
2
0
0
0
0
1
1
0
0
0
0
0
0
0
6
49
58
55
54
40
42
53
40
42
46
46
36
35
50
56
45
51
39
45
40
38
44
39
41
37
38
35
41
35
36
34
36
37
49
30
42
33
36
39
39
43
45
36
39
31
28
34
46
36
45
34
41
41
38
34
33
33
41
46
43
34
38
51
37
38
33
51
61
67
90
97
114
120
150
164
178
143
159
155
111
124
99
79
76
68
47
45
50
29
37
50
35
44
51
48
42
42
43
43
54
54
37
44
68
50
45
86
64
67
69
76
93
102
101
128
115
127
131
110
133
176
159
178
203
279
378
633
1004
1787
2983
4654
7103
10293
13893
17837
22039
25274
27930
28955
28394
26589
23478
19923
15720
12154
9244
6559
4616
3289
2373
1681
1294
930
639
539
378
281
317
371
414
525
678
768
939
1025
1074
1051
961
962
760
676
539
421
312
237
152
120
122
93
78
88
68
61
59
45
21
33
28
17
12
11
8
7
15
10
10
11
8
6
9
8
5
7
7
8
7
13
8
6
11
9
5
6
8
12
4
7
6
13
5
4
5
12
4
7
7
19
17
18
25
29
26
25
29
27
34
21
23
18
19
12
28
21
22
18
10
17
13
22
18
18
13
15
28
19
22
13
22
22
17
10
10
12
23
11
12
5
10
9
12
5
9
10
14
7
8
7
4
6
8
5
6
7
4
7
7
7
9
7
2
6
3
3
7
6
3
4
7
8
4
7
10
6
9
12
14
16
22
23
20
27
26
25
17
22
25
21
18
11
16
12
6
5
8
9
10
6
11
7
10
7
6
2
13
7
9
10
12
5
8
8
8
11
5
6
9
7
2
6
5
3
6
4
8
6
11
4
6
3
4
7
8
4
3
9
7
5
3
7
4
1
3
4
8
7
4
8
6
3
7
6
10
7
5
2
6
3
4
11
3
6
5
4
5
7
8
5
7
7
8
11
1
6
5
4
3
8
5
7
9
11
7
6
9
3
4
6
6
5
7
5
12
9
7
10
9
5
8
4
12
5
8
6
16
7
9
7
9
9
6
5
6
7
9
15
7
10
8
4
6
5
1
10
8
9
9
4
10
9
7
4
11
7
4
6
8
8
7
4
13
11
9
8
8
3
12
10
8
6
5
12
12
8
12
10
7
11
8
9
8
11
10
12
14
14
8
11
16
7
10
10
9
8
11
9
6
16
7
13
10
9
4
7
9
8
8
11
12
10
8
13
12
9
21
14
21
12
18
11
17
19
17
14
16
19
20
21
15
16
28
20
21
28
22
15
24
25
27
32
22
19
23
28
23
22
19
12
25
20
22
30
23
19
21
20
24
19
18
17
18
20
28
10
19
16
25
21
12
19
23
11
16
23
16
14
23
21
17
22
29
21
26
20
21
15
10
18
32
29
21
17
21
15
24
28
24
17
32
21
21
32
16
19
25
14
28
30
21
21
28
27
31
19
29
40
25
35
30
25
27
42
24
31
29
34
29
37
26
27
31
30
33
35
28
35
29
27
36
38
40
48
44
36
37
36
41
38
26
23
32
33
36
35
44
30
46
46
58
41
38
45
46
41
52
50
39
42
52
42
56
55
48
47
50
55
65
51
62
67
55
64
59
75
65
76
82
78
70
83
93
105
88
119
106
154
135
139
121
158
151
154
155
165
131
148
125
137
135
113
138
118
121
140
88
96
97
106
95
79
97
89
83
110
81
93
83
95
98
68
70
79
79
84
86
90
82
68
69
84
87
81
98
76
80
79
98
98
90
85
83
77
79
77
87
76
82
59
101
81
78
71
76
72
93
71
84
80
72
66
87
79
78
81
67
70
89
83
73
85
73
62
87
75
75
68
78
71
70
64
93
86
64
64
83
78
83
57
62
68
82
81
64
66
75
66
69
73
77
90
73
80
85
99
85
75
78
66
73
72
85
81
80
99
71
99
70
88
65
77
88
70
74
83
93
82
88
86
91
70
78
82
78
89
76
76
93
95
69
67
87
79
100
91
98
93
115
119
116
169
173
199
253
295
343
447
508
532
715
860
1068
1103
1292
1480
1611
1790
1897
1951
1946
2118
2026
1970
1878
1727
1617
1546
1345
1187
1027
887
727
585
482
443
375
280
221
210
174
142
146
144
138
125
107
121
106
101
108
99
101
123
132
117
89
110
97
104
112
100
108
99
131
136
119
103
136
116
125
124
123
130
121
119
111
111
122
109
110
123
110
110
106
96
130
111
129
128
116
144
97
132
109
102
100
131
123
112
122
109
130
117
144
149
143
155
171
173
183
170
207
220
233
254
291
311
336
318
330
342
373
368
401
372
345
357
340
301
278
264
264
234
213
195
202
190
154
158
148
140
139
153
105
142
129
151
130
125
134
149
144
146
133
129
143
132
153
119
148
117
134
152
125
136
159
159
163
147
149
144
163
149
146
167
168
162
159
171
143
161
174
154
151
175
187
160
195
178
184
180
185
163
194
208
208
184
183
179
157
187
172
194
196
181
177
202
167
187
202
195
227
207
205
221
182
191
222
222
217
205
203
218
224
226
232
211
236
228
238
243
217
231
240
252
235
275
239
247
266
293
259
259
300
249
264
285
319
263
278
263
285
291
277
272
265
267
258
298
285
303
282
274
274
269
276
300
245
268
291
243
282
249
230
254
246
260
263
226
222
229
252
234
211
217
219
207
214
213
204
199
191
205
222
194
205
187
200
221
202
192
181
196
178
198
176
164
171
182
161
164
142
172
162
164
158
168
170
178
164
179
148
158
194
159
153
153
160
158
159
146
146
163
143
172
159
162
153
169
164
165
167
140
166
205
175
168
174
162
185
161
165
142
161
180
211
173
183
190
222
177
213
178
182
202
216
190
191
232
200
193
220
215
186
181
209
198
203
220
207
217
209
190
210
239
209
202
205
229
205
228
216
234
222
195
205
230
223
205
226
214
192
227
222
198
195
206
198
209
200
202
196
195
210
197
209
235
205
192
203
211
213
201
188
215
191
189
187
197
203
165
191
187
193
198
179
177
196
221
196
181
172
195
182
197
185
191
171
160
198
171
172
196
177
171
163
169
181
194
199
170
166
159
148
196
187
173
175
176
188
184
172
171
169
157
188
169
190
157
169
183
174
159
190
180
169
175
176
184
182
182
180
178
172
184
182
221
160
187
155
161
169
213
173
173
176
187
183
189
184
161
195
204
168
182
154
166
185
205
182
168
181
183
180
196
182
176
186
216
181
213
185
200
175
209
198
207
161
179
162
200
213
182
171
198
189
174
189
177
202
192
194
200
211
209
186
203
198
185
191
189
162
191
182
226
216
222
181
175
225
231
215
190
224
190
211
186
202
237
209
196
202
204
199
217
207
206
194
219
205
190
198
199
221
200
215
236
194
245
220
228
205
231
209
205
202
233
201
216
229
203
203
250
207
220
224
220
225
186
227
221
221
210
221
249
226
202
214
234
203
220
206
202
209
212
240
232
208
239
200
212
206
213
210
207
204
203
221
209
198
193
208
207
230
226
192
237
187
206
218
211
204
166
208
200
173
188
207
181
180
209
213
195
180
208
198
188
196
194
179
187
196
204
166
192
199
191
192
189
184
190
177
203
184
180
191
178
182
188
198
189
189
219
169
216
222
158
175
176
193
196
186
200
194
184
193
174
188
178
199
204
209
202
204
193
182
220
188
181
206
219
218
193
199
196
202
201
223
191
174
198
168
188
182
196
201
191
205
197
192
174
200
198
172
195
185
172
180
207
171
216
194
222
236
190
170
165
172
161
209
213
177
195
193
184
188
206
219
201
203
191
182
203
185
192
186
186
167
195
200
221
202
201
211
190
192
182
193
189
207
217
207
191
184
179
211
202
216
195
171
194
209
184
201
200
200
195
235
238
175
194
202
200
200
166
198
212
201
212
207
195
218
198
183
216
203
182
224
192
218
178
204
190
198
152
190
193
207
192
200
217
201
190
203
219
211
202
215
229
213
188
208
208
226
190
208
197
219
203
217
219
204
228
180
232
205
241
239
241
207
214
246
226
223
234
232
233
230
236
234
249
239
242
222
230
239
272
258
258
256
240
243
275
279
229
245
276
291
246
255
283
272
289
267
273
281
291
331
307
317
294
341
315
295
319
333
329
336
343
383
343
373
397
394
373
357
384
404
429
433
453
430
476
474
473
508
519
509
519
536
585
581
649
608
629
637
720
682
759
737
779
807
800
861
888
867
897
947
893
960
992
1019
1098
1029
1046
1061
1081
1104
1067
1125
1178
1153
1174
1121
1142
1162
1206
1226
1124
1190
1129
1174
1097
1142
1128
1153
1079
1099
1140
1066
1025
979
1000
949
956
925
893
946
871
820
818
802
735
742
685
689
735
624
621
592
581
552
560
543
543
509
495
459
479
442
429
392
377
380
392
377
348
352
336
314
316
333
307
260
306
308
291
284
266
253
255
263
244
261
225
227
241
231
217
243
260
231
230
218
213
213
215
198
200
213
181
217
215
207
202
160
193
185
192
179
182
189
193
204
225
176
177
218
210
194
214
242
224
275
271
278
277
291
324
335
349
361
365
362
370
393
391
402
459
441
436
473
428
478
456
446
433
422
422
368
366
368
351
350
345
307
310
242
240
255
254
240
219
213
196
186
163
164
156
149
147
142
140
147
118
108
146
144
128
153
121
139
146
120
122
124
133
136
130
145
150
144
152
138
136
171
144
128
145
148
150
175
145
157
166
164
171
142
175
173
173
174
176
171
180
192
190
187
194
206
207
178
176
214
219
196
199
203
208
202
245
194
202
199
198
221
213
211
214
209
242
212
249
221
223
214
214
194
229
211
211
209
202
199
214
194
202
190
152
184
182
170
184
186
175
156
160
169
170
153
155
144
150
135
146
139
136
121
134
147
120
125
124
127
109
110
108
90
101
110
100
87
103
92
111
69
89
90
122
94
99
93
70
87
86
92
88
108
97
78
76
85
86
81
77
82
72
70
71
63
64
65
75
66
74
67
67
59
70
61
63
64
62
71
65
59
51
56
53
57
45
57
61
49
72
51
56
52
60
45
55
48
54
45
59
46
45
42
54
54
54
51
59
44
54
46
44
42
54
44
48
51
46
52
53
42
46
53
50
45
44
54
47
58
54
44
66
69
59
66
64
69
66
61
62
85
71
67
78
53
63
64
49
64
69
53
71
50
62
61
52
47
72
48
47
44
28
40
46
42
40
43
45
48
33
46
39
38
45
41
42
41
40
38
45
41
28
42
34
37
35
42
41
33
33
43
34
38
30
41
38
31
28
28
46
38
29
34
28
41
26
28
23
31
31
30
38
35
37
39
24
21
23
48
23
31
21
35
38
33
31
25
35
34
27
30
28
33
24
29
32
30
27
20
36
39
25
30
30
22
30
28
27
19
29
32
27
32
23
42
38
27
28
21
25
37
37
25
29
25
20
34
22
33
28
25
25
28
36
33
17
36
33
20
30
22
24
25
30
31
27
17
25
25
25
18
37
30
38
30
30
37
22
21
21
22
16
26
20
24
24
26
28
23
18
21
30
30
25
19
25
28
19
29
35
21
23
23
26
22
18
28
19
26
20
22
21
19
23
22
24
20
19
24
28
16
15
19
26
18
18
30
22
22
25
26
23
19
23
15
15
30
21
22
24
27
17
23
17
25
18
19
22
24
18
15
23
34
22
19
14
27
28
23
22
24
15
21
20
19
19
20
23
18
19
30
16
21
23
15
26
18
15
33
23
23
18
16
19
20
25
18
17
24
21
12
22
16
22
10
15
19
16
18
18
17
16
11
14
10
19
20
22
22
21
12
22
17
9
28
13
16
19
14
21
15
20
18
23
19
23
20
23
27
20
17
17
11
17
29
11
19
16
18
14
14
15
16
20
14
13
18
24
11
11
8
17
21
10
15
12
15
10
22
16
16
9
14
17
15
11
18
18
10
19
16
17
19
12
18
19
15
17
15
16
18
11
22
15
20
17
21
15
8
10
8
15
7
16
12
15
22
17
8
19
22
18
12
8
16
17
7
12
18
10
15
20
16
11
12
10
13
13
11
13
7
19
12
12
6
14
11
8
8
4
9
9
11
14
11
13
6
13
12
9
8
16
10
11
16
12
12
8
14
10
10
19
9
16
16
13
12
10
12
10
10
13
10
13
12
12
15
15
11
12
15
9
15
5
15
13
9
9
9
17
8
12
9
11
11
12
14
5
11
8
5
14
5
13
11
9
6
12
9
6
17
9
12
12
11
11
7
11
10
11
14
10
8
10
9
17
10
8
9
10
11
15
5
9
10
12
7
5
10
14
10
13
7
13
15
3
6
8
5
10
10
8
9
12
9
9
14
6
13
6
11
7
8
9
14
10
11
9
6
6
9
8
10
11
8
6
6
11
9
11
6
5
8
9
6
6
7
4
6
10
10
7
16
8
6
3
8
7
6
6
5
9
7
9
8
7
8
5
6
7
12
5
8
5
9
7
7
6
5
7
9
5
8
5
8
9
5
6
4
8
7
6
7
5
5
8
7
5
4
9
6
3
11
8
14
7
7
9
7
13
3
4
6
6
2
4
5
9
5
6
4
4
8
3
9
7
8
9
5
7
11
7
8
8
7
5
8
5
8
4
8
4
6
5
1
8
2
5
8
5
9
3
8
4
4
4
8
3
4
10
9
5
7
5
1
5
6
11
4
5
7
5
8
9
6
7
8
3
10
4
4
4
6
7
7
8
2
3
9
4
5
9
5
7
2
4
7
4
3
5
2
8
2
4
2
1
7
6
3
5
6
4
3
7
5
6
1
4
6
4
1
4
4
3
5
5
5
2
5
3
4
5
2
6
7
3
3
2
4
11
3
6
6
5
2
7
7
4
4
7
1
7
8
4
4
5
3
7
1
4
1
1
1
9
1
4
5
3
2
4
4
4
7
9
3
0
4
5
4
4
2
2
5
4
3
3
4
6
4
5
6
1
1
4
3
5
6
5
8
1
8
2
2
6
4
7
10
5
3
7
4
4
4
3
3
0
0
4
3
5
4
4
6
3
3
4
1
6
2
3
5
2
3
3
4
1
4
3
5
5
2
3
3
3
7
2
3
1
6
3
0
5
1
5
5
4
4
1
1
4
4
2
3
1
4
7
2
5
4
4
2
4
3
4
3
1
4
3
5
5
4
4
2
3
5
3
3
7
3
3
1
1
4
2
3
8
1
3
2
2
1
5
3
3
1
5
2
1
2
0
2
6
5
3
3
3
1
2
2
2
2
6
1
3
3
2
3
4
2
2
4
3
1
1
3
3
3
8
1
2
2
6
3
2
1
4
2
3
6
1
4
3
2
4
0
1
4
2
0
0
2
2
3
0
4
4
3
2
0
2
4
4
1
2
2
2
0
1
0
2
1
1
0
4
4
2
3
0
3
1
2
3
1
2
3
1
3
2
5
3
4
2
0
6
0
1
1
0
3
1
3
3
1
3
1
1
1
1
2
2
0
0
0
5
1
1
3
2
2
1
2
1
5
3
1
0
1
1
2
2
3
3
1
3
1
1
0
2
3
3
3
1
4
1
1
3
3
2
0
6
1
1
1
2
0
1
3
0
5
2
0
4
3
2
2
0
2
0
1
1
1
2
4
1
3
0
2
4
4
0
2
2
2
2
0
2
1
1
0
2
0
0
1
2
0
1
0
1
3
2
3
1
1
3
2
0
1
2
4
1
0
1
2
1
2
1
2
4
3
0
1
3
1
0
0
1
1
0
2
2
2
0
1
0
1
3
2
0
3
3
3
2
1
2
1
1
2
1
0
1
1
0
1
0
1
3
2
1
2
2
0
0
1
1
1
1
1
1
1
1
0
2
1
1
1
0
0
1
3
1
3
0
1
0
0
0
0
1
1
1
0
0
0
1
1
0
2
0
0
3
2
1
0
1
0
1
0
0
1
1
1
0
0
0
1
1
0
2
1
1
3
1
0
1
1
0
2
1
0
0
2
0
1
0
2
0
3
0
1
1
1
2
0
1
3
2
2
0
1
3
0
0
2
1
0
0
0
0
2
0
0
1
1
0
2
2
0
0
1
1
0
1
2
1
1
3
1
2
1
0
1
1
0
0
0
2
0
0
1
0
1
2
0
0
2
1
0
0
1
0
0
0
3
0
1
0
1
1
1
0
2
0
0
1
0
0
1
0
2
0
0
0
0
0
0
0
0
1
1
0
1
2
2
2
0
1
0
0
1
0
1
1
1
0
2
0
0
0
0
1
1
2
0
2
2
0
0
0
1
0
1
0
0
0
1
0
0
1
2
1
0
0
2
0
1
1
1
0
0
0
0
1
1
0
1
0
0
0
1
1
0
0
0
0
1
0
1
1
1
0
0
0
0
0
1
2
3
0
0
0
1
0
0
0
2
1
0
0
0
0
2
0
2
1
0
1
0
1
0
0
0
0
2
0
1
0
0
1
0
0
1
1
0
0
1
0
0
0
1
1
0
0
0
0
3
0
0
0
0
0
0
1
1
0
0
1
0
2
0
0
1
1
1
2
0
1
1
0
0
0
0
0
0
0
0
0
0
0
1
0
0
1
1
1
0
1
0
1
1
0
0
0
0
1
0
0
3
0
0
0
0
0
0
0
1
0
0
0
0
0
0
0
0
0
0
0
0
0
0
1
1
0
0
0
0
0
0
1
1
0
1
0
0
0
0
0
0
1
1
0
0
1
0
1
0
1
0
1
0
0
0
0
0
0
0
0
0
0
1
0
0
0
0
0
0
0
0
0
0
0
0
0
0
0
0
0
0
0
0
0
1
0
0
1
0
0
0
0
0
0
0
0
0
0
1
0
0
0
2
0
0
0
1
1
1
0
0
0
0
1
1
0
1
0
0
0
0
1
0
1
0
0
0
0
0
0
0
0
0
0
0
1
0
0
0
1
0
1
0
0
0
0
0
1
0
0
0
0
0
0
1
0
0
0
0
0
0
0
0
0
0
0
0
0
0
0
0
0
0
0
0
0
0
0
0
0
0
0
0
0
0
0
1
1
0
0
0
0
0
1
1
0
0
0
0
2
1
0
0
0
0
