0
0
0
0
0
0
0
0
0
0
0
0
0
0
0
0
0
0
0
0
0
0
0
0
0
0
0
0
0
0
0
0
0
0
0
0
0
0
0
0
0
0
0
0
0
0
0
0
0
0
0
0
0
0
0
0
0
0
0
0
0
0
0
0
0
0
0
0
0
1
0
1
1
3
2
4
1
2
5
1
3
6
17
46
121
366
940
2340
4863
9597
17086
27876
40564
54699
66128
73031
72677
66389
54848
41494
28090
17535
9935
5037
2342
934
389
131
49
11
8
5
2
0
1
2
0
0
1
1
0
1
1
0
0
0
0
0
0
0
0
8
48
40
46
44
36
40
45
47
43
46
40
40
41
37
43
46
49
48
34
45
34
40
33
34
43
36
31
37
35
44
23
34
33
38
38
41
32
40
26
31
37
30
41
32
32
34
37
39
30
39
22
34
42
34
34
35
38
50
45
43
35
36
43
41
40
47
44
63
69
88
92
102
140
136
169
159
166
163
143
114
110
83
70
58
75
50
56
54
46
45
34
50
35
36
47
49
43
43
44
53
43
42
60
44
55
61
73
63
63
74
85
95
90
97
102
100
124
131
130
147
146
156
167
193
263
387
610
1032
1814
2881
4512
7029
10082
13470
17593
21504
25151
27704
28475
28139
26213
23057
19525
15662
12212
9048
6493
4597
3201
2342
1641
1290
941
684
484
390
321
339
351
426
482
603
779
890
1035
1011
1133
954
915
783
630
499
424
285
239
153
117
124
107
83
66
68
61
52
42
28
18
31
13
17
11
14
8
13
13
8
7
11
11
10
6
10
11
6
4
11
13
8
13
9
7
11
12
4
6
7
7
6
8
4
12
8
6
7
12
10
11
17
15
12
24
25
17
29
25
15
29
24
22
20
17
17
24
19
18
13
22
26
22
15
22
19
23
22
12
14
17
14
17
15
20
19
11
24
7
15
8
12
9
10
5
4
3
8
4
2
9
4
5
1
10
1
7
2
6
4
3
5
3
5
5
4
4
5
1
4
4
7
7
8
8
7
9
7
17
14
16
18
12
26
20
13
28
25
22
26
18
11
20
13
10
13
10
5
7
5
8
7
6
6
9
12
8
9
12
10
10
6
7
12
5
11
11
8
4
7
6
2
9
6
6
9
9
8
3
9
4
5
3
3
9
6
4
5
6
8
6
6
5
4
4
4
7
5
9
7
3
8
9
9
5
7
2
4
3
5
4
7
8
6
12
7
11
7
4
4
6
6
8
6
3
2
3
8
4
4
6
8
8
3
8
8
11
7
4
7
6
6
4
4
6
6
6
5
5
4
5
4
12
5
5
4
4
7
8
8
3
12
5
8
12
3
1
4
8
9
8
6
11
5
5
7
11
11
8
8
8
7
8
4
3
6
7
3
12
8
4
7
14
5
6
6
7
10
9
12
8
9
8
10
8
9
7
6
8
4
14
7
9
16
12
13
8
9
9
12
6
10
10
14
8
6
3
9
8
10
9
10
11
8
13
5
12
7
8
5
16
14
18
10
18
17
14
16
16
13
13
20
21
14
21
14
21
14
30
18
22
23
16
21
19
21
21
22
34
23
24
22
24
20
19
22
23
30
15
23
26
25
20
18
21
17
22
20
22
14
14
23
23
29
23
22
19
16
17
12
17
13
27
11
18
29
18
23
18
23
20
18
20
18
22
25
24
20
13
20
24
18
29
16
34
16
23
23
22
24
14
25
32
14
22
20
28
21
14
30
25
27
25
21
20
28
19
29
23
24
30
24
20
35
29
30
27
20
33
25
39
35
24
25
25
38
40
33
32
43
39
29
36
36
27
33
38
35
46
34
46
40
36
41
32
36
44
49
34
38
40
34
38
53
37
48
38
31
48
42
66
48
46
42
42
38
64
58
40
44
51
65
59
50
62
61
62
86
89
83
75
72
92
75
88
103
118
107
113
148
131
131
126
161
159
124
148
140
113
133
142
157
106
121
111
119
100
113
93
102
85
94
78
96
76
90
88
96
98
76
64
93
77
91
82
87
72
87
76
87
89
84
69
68
77
75
71
101
71
89
91
69
73
79
79
71
89
62
63
84
73
71
71
70
91
77
80
88
84
73
86
73
73
82
77
76
82
63
58
79
75
72
70
86
64
72
58
68
70
84
74
75
84
83
69
70
84
70
91
75
84
74
68
64
63
80
76
59
69
83
75
70
84
75
73
80
85
74
85
65
75
75
62
71
82
79
61
70
60
62
77
69
74
75
89
88
76
82
94
77
83
69
78
93
87
86
97
90
62
80
64
87
76
88
99
98
114
83
96
107
118
120
136
150
191
215
264
326
410
503
513
685
791
992
1181
1298
1455
1596
1748
1808
1993
1940
1980
1968
1980
1851
1789
1618
1458
1373
1188
998
835
710
569
505
428
379
257
247
218
181
148
149
118
112
117
145
102
104
89
125
110
123
97
85
110
118
115
115
132
124
117
119
109
126
117
110
112
133
96
121
109
126
99
105
135
110
137
110
108
109
118
142
131
118
138
115
125
120
134
122
109
118
110
106
109
131
108
121
114
119
130
131
123
151
143
133
176
148
159
180
194
190
209
252
259
242
302
310
329
344
396
376
397
404
348
373
333
340
326
282
252
261
211
227
200
183
177
166
152
148
129
140
146
139
124
140
127
149
133
150
170
149
159
145
140
138
139
166
134
161
124
135
144
125
138
157
154
132
128
164
145
146
135
141
132
150
153
162
150
175
157
176
170
182
166
143
167
201
189
196
180
157
177
180
177
185
174
174
182
179
197
173
190
165
170
196
190
189
171
180
179
189
201
207
203
204
186
183
211
218
223
196
214
214
239
220
214
212
241
213
235
227
216
263
242
242
242
239
227
267
251
252
258
289
260
253
287
256
252
300
259
278
276
271
294
265
292
289
265
253
267
283
257
265
303
275
265
276
272
231
265
259
271
238
229
271
256
237
251
272
238
246
238
234
232
238
231
210
220
207
222
205
189
208
208
180
181
174
175
187
196
165
198
179
153
167
169
171
145
169
138
137
163
160
161
155
131
157
146
153
175
142
173
146
167
178
158
148
164
142
152
162
163
139
164
172
167
142
160
171
155
149
161
158
153
145
141
159
186
165
186
162
181
184
194
171
167
165
175
173
178
193
189
186
175
191
206
204
227
215
190
212
207
202
200
215
168
219
189
213
210
205
212
212
208
231
205
210
235
222
190
205
201
208
193
202
204
193
196
227
184
202
207
196
224
208
185
182
184
205
211
208
226
193
202
222
240
199
194
170
171
173
172
179
192
204
186
191
165
190
193
167
200
185
178
185
181
167
157
179
181
166
166
195
187
208
197
199
178
182
183
167
178
165
196
205
174
197
185
158
163
170
170
172
161
189
150
157
189
152
180
158
164
198
194
173
170
161
176
159
173
179
137
177
206
181
181
160
150
149
168
160
177
161
169
177
195
186
197
170
172
179
171
170
155
179
206
180
197
160
187
166
182
184
170
181
173
201
162
159
191
207
190
142
169
167
182
183
190
179
186
188
171
185
205
181
190
190
183
204
180
189
189
197
179
179
176
187
160
162
178
170
199
195
180
183
218
183
182
218
186
185
190
209
191
180
207
203
203
212
197
218
189
209
167
188
203
190
191
220
205
209
186
208
201
193
225
221
220
198
198
182
216
194
187
211
225
227
222
217
212
214
218
220
222
245
210
203
198
212
212
200
213
220
219
219
234
203
202
223
218
225
216
210
206
209
207
208
210
223
241
213
212
199
223
199
213
224
191
228
225
187
189
237
197
234
209
195
221
222
202
230
201
203
193
190
198
203
175
211
188
190
194
225
215
204
180
198
192
166
208
188
180
186
175
199
185
191
214
169
182
195
207
187
187
185
185
171
203
187
172
187
195
174
186
171
184
194
177
172
196
187
189
175
194
186
176
209
154
195
212
171
210
183
184
173
197
194
195
181
196
179
188
186
188
194
179
192
193
174
177
173
190
178
172
211
185
164
168
211
196
183
190
200
207
188
197
218
205
204
187
178
201
193
186
175
192
181
178
195
197
212
194
180
202
161
185
193
214
189
193
178
193
195
230
211
202
171
216
178
209
196
179
188
200
195
196
194
173
211
211
197
193
196
175
200
189
164
182
209
191
193
188
180
174
215
191
196
208
188
222
190
185
190
180
168
190
200
209
180
219
174
161
185
189
171
165
206
196
188
230
185
200
171
185
197
225
183
213
210
191
213
171
193
232
204
190
220
216
206
209
228
202
226
196
204
206
214
207
184
187
213
202
213
191
222
206
215
220
231
201
240
221
223
223
224
219
217
192
232
237
242
220
255
222
215
236
230
256
224
249
210
244
242
235
228
274
254
261
258
240
254
290
290
265
251
261
272
284
288
277
280
267
288
294
310
270
265
309
302
296
310
346
315
344
325
349
396
321
394
351
340
371
367
401
408
398
410
426
397
417
460
469
468
448
472
465
519
527
508
568
607
616
613
605
651
673
721
687
729
726
762
805
894
756
848
848
982
924
941
998
979
1033
1005
973
1075
1047
1064
1089
1089
1075
1140
1142
1197
1145
1134
1149
1153
1194
1119
1148
1150
1119
1154
1115
1073
1071
1020
1085
1016
994
993
954
944
843
841
886
795
801
837
817
776
744
710
676
669
647
647
624
614
553
554
530
511
504
500
449
467
377
441
414
407
385
370
374
353
328
329
313
349
326
328
313
290
256
283
284
270
236
256
304
248
230
250
277
267
228
256
255
220
209
222
208
186
210
175
214
229
207
207
205
208
199
188
188
180
201
212
176
183
185
187
177
189
192
216
200
187
206
220
203
256
240
219
243
259
309
307
306
298
317
358
362
371
385
370
401
443
431
425
421
448
436
444
426
423
428
388
428
381
364
373
343
330
314
288
298
284
252
245
222
238
171
172
180
163
179
156
157
143
118
130
120
124
140
141
131
129
143
134
158
132
122
142
133
142
126
114
126
123
139
128
130
132
137
153
144
146
153
145
140
169
145
153
163
150
164
163
188
164
199
193
177
190
178
191
192
178
199
169
212
178
176
202
183
190
183
184
193
206
205
209
196
219
218
187
208
198
231
228
222
206
229
204
209
203
207
219
190
211
225
193
196
208
187
177
182
207
174
175
174
177
196
176
172
177
196
147
155
171
156
139
145
148
147
139
144
140
118
120
109
132
134
115
125
123
112
115
98
103
87
119
104
110
92
78
88
84
92
104
104
72
93
83
79
68
97
60
76
77
73
87
60
66
83
56
71
84
81
62
55
68
65
65
74
68
67
62
57
73
50
66
70
64
62
59
46
59
47
53
56
44
48
41
51
55
39
44
47
51
41
56
42
49
45
48
48
48
64
55
53
45
37
43
47
56
58
42
42
36
66
46
51
55
51
49
47
52
41
51
45
55
55
45
68
62
50
55
68
58
69
54
75
68
64
61
66
65
67
73
58
63
48
69
52
69
62
50
68
49
42
46
40
47
44
42
39
62
32
43
35
42
41
37
36
37
49
36
49
45
41
34
36
36
36
32
37
38
36
46
45
32
28
28
36
38
35
36
36
30
25
36
24
32
36
42
28
32
36
30
37
31
28
24
33
34
34
33
34
39
30
33
31
30
32
38
26
20
36
34
28
28
45
20
20
26
24
35
28
19
29
24
35
40
27
24
26
28
25
38
31
22
35
23
24
28
27
23
31
20
17
19
20
24
34
31
24
25
26
26
27
30
23
28
22
25
21
29
24
30
35
21
25
29
27
26
23
26
21
28
24
27
28
32
18
25
22
17
40
26
29
32
23
25
26
34
26
21
23
21
25
23
29
31
36
28
12
19
29
26
22
31
26
24
17
26
26
28
21
23
20
24
34
39
18
24
32
19
24
25
27
31
19
25
21
21
22
14
21
29
24
13
17
21
23
23
22
18
14
21
15
25
16
20
23
16
21
19
24
21
21
15
19
19
21
30
14
17
15
30
15
27
18
25
18
24
22
16
16
15
15
14
16
18
21
18
17
20
21
18
15
18
11
25
19
17
23
23
19
17
24
17
11
19
25
15
18
14
24
15
22
18
24
15
19
25
10
16
20
20
9
16
11
17
15
17
19
23
17
17
12
11
25
15
16
16
16
14
15
15
16
18
14
20
17
17
14
14
16
15
17
13
19
19
22
11
12
11
9
16
23
17
18
19
13
19
8
16
15
18
16
16
13
11
10
12
12
20
17
20
16
8
10
8
9
9
7
13
18
17
16
10
16
12
8
13
16
10
10
15
13
11
11
12
7
22
10
10
12
9
19
14
19
20
16
19
12
18
16
12
13
12
17
11
10
13
10
14
14
11
14
7
22
10
16
15
8
12
6
5
12
17
10
15
11
12
10
9
12
11
14
15
15
14
15
13
14
16
13
11
11
14
14
17
8
14
12
6
9
9
8
8
11
7
11
12
13
13
11
14
9
9
9
14
9
10
9
10
8
11
13
12
14
6
10
15
9
10
9
14
10
12
9
6
7
6
12
8
14
10
13
15
12
9
6
11
10
11
4
6
9
9
8
10
13
12
10
10
10
16
6
11
7
4
6
12
12
8
10
8
7
14
10
12
10
11
11
8
8
7
16
10
10
8
10
11
10
11
7
6
5
6
5
6
7
9
4
6
7
7
7
10
6
11
4
8
5
7
5
6
9
21
13
6
6
4
13
4
4
10
4
8
7
4
3
6
3
7
16
7
6
10
5
11
5
9
8
7
10
7
6
9
8
10
12
5
14
8
10
8
5
8
12
13
6
4
11
7
5
7
10
11
5
5
5
6
10
5
7
7
4
7
7
8
9
10
8
6
8
5
8
8
5
6
4
4
5
6
9
6
9
9
5
4
7
9
7
6
7
4
7
3
2
8
11
10
9
7
4
4
10
5
7
4
4
9
4
7
8
6
8
3
6
9
4
10
7
4
13
6
2
11
5
6
5
5
9
3
8
5
4
8
5
5
5
6
6
7
7
5
6
3
5
7
5
4
6
5
13
14
6
8
4
7
4
1
6
5
9
5
7
7
9
6
7
5
5
4
6
5
5
7
5
7
4
2
2
3
3
2
2
1
7
4
4
3
6
4
10
6
3
8
7
3
3
3
5
4
9
7
4
2
6
5
3
5
4
3
4
3
5
3
6
10
5
3
8
7
0
3
2
7
6
3
7
8
4
3
4
6
1
4
6
3
4
3
5
6
6
2
1
6
4
6
3
4
6
1
3
3
6
4
4
8
8
4
4
4
4
4
5
9
0
4
5
2
3
3
4
3
3
3
0
6
6
6
6
5
6
2
6
1
10
1
2
4
3
1
3
3
4
1
2
6
7
6
4
2
1
1
4
2
3
2
4
3
3
4
0
2
2
5
1
2
4
5
4
5
4
3
0
1
7
2
3
4
2
4
3
3
5
4
3
2
2
3
5
3
6
3
3
1
5
3
6
4
2
1
1
2
4
2
2
4
4
2
5
5
5
5
3
3
4
2
7
4
4
4
1
3
3
0
0
2
2
0
2
1
1
2
5
2
8
6
1
3
4
2
2
3
3
3
1
3
0
2
3
3
9
4
4
1
1
3
5
3
2
1
1
3
5
5
3
1
5
4
1
2
6
5
3
2
2
0
2
1
1
1
1
2
5
3
3
0
4
2
2
1
3
1
2
0
3
2
2
5
3
4
4
3
0
3
5
2
2
1
0
1
4
3
2
1
4
0
4
2
0
4
5
3
1
1
3
1
1
1
0
5
4
1
2
3
3
2
1
2
5
1
3
2
3
2
2
1
1
3
1
0
2
1
0
2
3
1
4
3
5
5
0
2
1
1
0
4
4
1
1
0
0
1
1
1
4
4
1
1
1
3
0
4
2
1
1
2
1
0
3
2
2
3
4
0
0
0
1
3
1
1
2
0
0
1
0
2
0
5
2
2
5
1
2
0
2
1
3
6
0
0
2
0
0
2
3
3
0
0
1
1
2
2
4
1
3
1
0
1
0
4
1
0
3
2
0
0
1
1
0
1
1
2
0
2
2
3
1
1
2
1
0
4
3
1
1
2
1
2
1
0
1
0
2
1
2
1
2
1
1
1
3
1
1
0
1
1
2
1
2
1
0
1
0
0
1
1
0
0
1
3
1
0
2
1
1
1
0
2
1
1
1
1
2
0
2
1
3
1
1
2
1
3
1
1
0
2
2
0
0
1
0
0
2
1
1
1
1
2
1
2
0
0
2
0
0
0
1
1
1
0
0
1
0
1
0
1
0
1
1
1
1
0
0
0
0
2
1
0
2
1
0
0
2
2
0
1
0
0
0
1
1
0
1
2
1
0
0
1
0
0
0
0
0
0
0
0
1
1
1
0
0
0
1
0
0
0
1
1
2
1
1
1
1
0
1
0
0
0
1
3
0
0
0
0
0
0
1
0
0
1
1
1
1
1
0
0
1
2
1
0
0
1
1
2
0
0
0
0
0
0
0
0
0
1
0
0
1
0
0
2
1
0
1
1
0
0
1
0
0
0
1
0
1
0
1
2
0
0
1
0
1
0
0
2
0
1
0
0
0
1
0
1
0
1
0
1
0
0
2
2
0
2
0
2
0
0
0
2
0
1
0
0
1
0
0
0
1
0
0
0
0
0
0
1
1
0
0
0
1
0
0
0
0
3
2
0
0
0
2
0
0
0
0
0
0
0
1
0
1
0
0
1
3
2
0
0
1
2
1
0
1
1
0
1
0
1
1
1
1
0
1
1
0
1
1
0
2
1
0
0
0
0
0
0
0
1
0
0
1
0
0
1
1
1
0
0
0
0
1
1
0
0
0
0
0
2
1
1
0
2
0
0
0
0
0
0
0
2
1
0
0
0
0
0
0
0
0
1
1
0
1
0
0
0
0
0
0
0
0
0
0
0
1
1
0
0
0
2
0
0
0
0
0
1
0
0
0
0
0
1
1
0
1
1
1
0
0
0
0
2
0
1
0
0
1
0
0
0
0
0
0
0
0
0
0
0
2
0
0
0
1
0
1
0
0
0
0
0
0
1
0
0
0
0
0
0
1
1
0
1
0
2
0
1
0
0
0
0
0
0
0
0
0
0
1
0
1
0
0
0
0
0
0
0
0
0
0
0
1
0
0
0
0
0
0
1
0
0
0
0
0
1
1
0
0
0
0
0
0
0
0
0
0
1
0
0
0
0
0
0
0
0
0
0
0
0
0
0
0
0
0
0
0
0
0
0
0
0
0
0
1
0
0
0
1
0
0
0
0
1
0
0
2
0
0
0
0
0
0
0
0
0
0
0
1
0
0
0
0
0
0
0
0
0
0
0
0
0
0
1
0
0
1
0
0
0
0
0
