Net counts

Spectrum                                    Si    P    Ar   Ni      Zn    Ga   Rh
---------------------------------------------------------------------------------
20230607_CVD_2802_60s_10x10ptsdet_1_0_0 349555 5729    64  901       0 19173 8958
20230607_CVD_2802_60s_10x10ptsdet_1_0_1 353334 5766    42  811       0 19622 8438
20230607_CVD_2802_60s_10x10ptsdet_1_0_2 353253 5761    28  924       0 19950 8248
20230607_CVD_2802_60s_10x10ptsdet_1_0_3 352809 5810    54  858       0 19570 7638
20230607_CVD_2802_60s_10x10ptsdet_1_0_4 355164 5716    32  743       0 19493 8332
20230607_CVD_2802_60s_10x10ptsdet_1_0_5 354206 5774    96  852       0 19911 8232
20230607_CVD_2802_60s_10x10ptsdet_1_0_6 354663 5675    53  836       0 19819 8013
20230607_CVD_2802_60s_10x10ptsdet_1_0_7 355145 5879    70  761       0 19965 8037
20230607_CVD_2802_60s_10x10ptsdet_1_0_8 355303 5673    74  857       0 19574 8036
20230607_CVD_2802_60s_10x10ptsdet_1_0_9 356244 5730    36  871       0 19578 7868
20230607_CVD_2802_60s_10x10ptsdet_1_1_0 355771 5678    53  814       0 19703 8845
20230607_CVD_2802_60s_10x10ptsdet_1_1_1 354592 5630   153  850       0 19737 8092
20230607_CVD_2802_60s_10x10ptsdet_1_1_2 355269 5670    22  828       0 19397 8420
20230607_CVD_2802_60s_10x10ptsdet_1_1_3 354781 5759    50  896       0 19765 8187
20230607_CVD_2802_60s_10x10ptsdet_1_1_4 361666 5593   188  887       0 20239 8417
20230607_CVD_2802_60s_10x10ptsdet_1_1_5 361892 5813    48  903       0 19791 7852
20230607_CVD_2802_60s_10x10ptsdet_1_1_6 361129 5767    42  840       0 20024 8275
20230607_CVD_2802_60s_10x10ptsdet_1_1_7 361577 5840   100  946       0 20029 8112
20230607_CVD_2802_60s_10x10ptsdet_1_1_8 361380 5803    50  891      48 20353 8292
20230607_CVD_2802_60s_10x10ptsdet_1_1_9 357365 5685    49  859       0 19644 8108
20230607_CVD_2802_60s_10x10ptsdet_1_2_0 357302 5634    37  793       0 20006 9184
20230607_CVD_2802_60s_10x10ptsdet_1_2_1 356849 5867    37  814       0 19168 8852
20230607_CVD_2802_60s_10x10ptsdet_1_2_2 357129 5526    89  905       0 19800 8607
20230607_CVD_2802_60s_10x10ptsdet_1_2_3 356564 5757    30  902       0 19932 8272
20230607_CVD_2802_60s_10x10ptsdet_1_2_4 358695 5868    62  874       0 19814 8376
20230607_CVD_2802_60s_10x10ptsdet_1_2_5 358109 5680    67  835       0 19864 8196
20230607_CVD_2802_60s_10x10ptsdet_1_2_6 358053 5784    86  779       0 20002 8025
20230607_CVD_2802_60s_10x10ptsdet_1_2_7 357668 5700    43  813       0 19481 8009
20230607_CVD_2802_60s_10x10ptsdet_1_2_8 357454 5678    84  851       0 19805 8254
20230607_CVD_2802_60s_10x10ptsdet_1_2_9 357084 5754    69  752       0 19947 8212
20230607_CVD_2802_60s_10x10ptsdet_1_3_0 355777 5743    60  847       0 19955 8975
20230607_CVD_2802_60s_10x10ptsdet_1_3_1 355370 5852    95  718       0 19837 8455
20230607_CVD_2802_60s_10x10ptsdet_1_3_2 356259 5814    42  787       0 19756 8452
20230607_CVD_2802_60s_10x10ptsdet_1_3_3 355860 5785    29  832       0 19856 8133
20230607_CVD_2802_60s_10x10ptsdet_1_3_4 354409 5837    60  749       0 19620 8121
20230607_CVD_2802_60s_10x10ptsdet_1_3_5 356784 5806    34  849       0 19545 8402
20230607_CVD_2802_60s_10x10ptsdet_1_3_6 356510 5622    36  768       0 20023 8228
20230607_CVD_2802_60s_10x10ptsdet_1_3_7 356311 5591    42  771       0 19532 8090
20230607_CVD_2802_60s_10x10ptsdet_1_3_8 356611 5694    36  784       0 20044 8026
20230607_CVD_2802_60s_10x10ptsdet_1_3_9 357317 5674    37  804       0 19887 8407
20230607_CVD_2802_60s_10x10ptsdet_1_4_0 354489 5726    67  817       0 19673 9375
20230607_CVD_2802_60s_10x10ptsdet_1_4_1 353634 5684    35  868       0 19697 8416
20230607_CVD_2802_60s_10x10ptsdet_1_4_2 353498 5831    46  800       0 19810 7930
20230607_CVD_2802_60s_10x10ptsdet_1_4_3 353280 5609    56  873       0 19900 8027
20230607_CVD_2802_60s_10x10ptsdet_1_4_4 357315 5859    93  865       0 19664 8291
20230607_CVD_2802_60s_10x10ptsdet_1_4_5 357284 5758    85  742       0 19929 8157
20230607_CVD_2802_60s_10x10ptsdet_1_4_6 358994 5867    66  801       0 20023 8257
20230607_CVD_2802_60s_10x10ptsdet_1_4_7 359324 5697   141  975       0 19816 8258
20230607_CVD_2802_60s_10x10ptsdet_1_4_8 361782 5860   106  866       0 20090 8183
20230607_CVD_2802_60s_10x10ptsdet_1_4_9 359540 5733    20  779       0 19915 7880
20230607_CVD_2802_60s_10x10ptsdet_1_5_0 356821 5701   122  796       0 19761 8997
20230607_CVD_2802_60s_10x10ptsdet_1_5_1 357927 5830    60  900       0 19975 8374
20230607_CVD_2802_60s_10x10ptsdet_1_5_2 357362 5670    48  884       0 19839 8358
20230607_CVD_2802_60s_10x10ptsdet_1_5_3 358583 5697   102  777       0 19455 8427
20230607_CVD_2802_60s_10x10ptsdet_1_5_4 358406 5646   100  736       0 20055 8410
20230607_CVD_2802_60s_10x10ptsdet_1_5_5 357505 5662    65  703       0 19814 7888
20230607_CVD_2802_60s_10x10ptsdet_1_5_6 356662 5835    14  912       0 19520 8274
20230607_CVD_2802_60s_10x10ptsdet_1_5_7 355751 5764    36  831       0 19716 8122
20230607_CVD_2802_60s_10x10ptsdet_1_5_8 359237 5771     0  837       0 19901 8356
20230607_CVD_2802_60s_10x10ptsdet_1_5_9 359044 5904    57  887       0 20087 7984
20230607_CVD_2802_60s_10x10ptsdet_1_6_0 359259 5685    32  845       0 19804 9158
20230607_CVD_2802_60s_10x10ptsdet_1_6_1 359084 5687     0  791       0 20116 8385
20230607_CVD_2802_60s_10x10ptsdet_1_6_2 358335 5842     0  827       0 19603 8249
20230607_CVD_2802_60s_10x10ptsdet_1_6_3 359436 5767    35  840       0 19923 8467
20230607_CVD_2802_60s_10x10ptsdet_1_6_4 361467 5790    89  906       0 19923 8113
20230607_CVD_2802_60s_10x10ptsdet_1_6_5 362249 5825    56  785       0 20202 8203
20230607_CVD_2802_60s_10x10ptsdet_1_6_6 362629 5862    72  811       0 19980 7904
20230607_CVD_2802_60s_10x10ptsdet_1_6_7 362194 5898    91  744       0 19873 8341
20230607_CVD_2802_60s_10x10ptsdet_1_6_8 361437 5843    21  837       0 20292 8330
20230607_CVD_2802_60s_10x10ptsdet_1_6_9 361809 5824    53  962       0 19938 8382
20230607_CVD_2802_60s_10x10ptsdet_1_7_0 360891 5932   111  788       0 20171 9044
20230607_CVD_2802_60s_10x10ptsdet_1_7_1 361572 5870    62  837       0 20058 8500
20230607_CVD_2802_60s_10x10ptsdet_1_7_2 360353 5603    50  819       0 19750 8618
20230607_CVD_2802_60s_10x10ptsdet_1_7_3 362965 5783    43  917       0 20334 8559
20230607_CVD_2802_60s_10x10ptsdet_1_7_4 363287 5780    46  812       0 20026 8526
20230607_CVD_2802_60s_10x10ptsdet_1_7_5 361856 5994    35  759       0 19931 8355
20230607_CVD_2802_60s_10x10ptsdet_1_7_6 360731 5900     0  800       0 20069 8256
20230607_CVD_2802_60s_10x10ptsdet_1_7_7 361310 5792    67  961       0 20334 8332
20230607_CVD_2802_60s_10x10ptsdet_1_7_8 362671 5921    81  857       0 19674 8738
20230607_CVD_2802_60s_10x10ptsdet_1_7_9 361403 5736   108  927       0 20064 8430
20230607_CVD_2802_60s_10x10ptsdet_1_8_0 360771 5786   110  848       0 19633 9098
20230607_CVD_2802_60s_10x10ptsdet_1_8_1 355732 5752    82  776       0 19920 8769
20230607_CVD_2802_60s_10x10ptsdet_1_8_2 357332 5729   111  789       0 19892 8470
20230607_CVD_2802_60s_10x10ptsdet_1_8_3 356717 5705   119  910       0 19644 8230
20230607_CVD_2802_60s_10x10ptsdet_1_8_4 356812 5641    89  850       0 19465 8230
20230607_CVD_2802_60s_10x10ptsdet_1_8_5 356695 5685   111  878       0 19917 8296
20230607_CVD_2802_60s_10x10ptsdet_1_8_6 356444 5729    64  946       0 19627 8273
20230607_CVD_2802_60s_10x10ptsdet_1_8_7 357093 5623    88  889       0 19880 8109
20230607_CVD_2802_60s_10x10ptsdet_1_8_8 355833 5820    49  779       0 19269 8150
20230607_CVD_2802_60s_10x10ptsdet_1_8_9 357983 5691    74  857       0 19724 7939
20230607_CVD_2802_60s_10x10ptsdet_1_9_0 356189 5846    46  795       0 19877 8978
20230607_CVD_2802_60s_10x10ptsdet_1_9_1 357056 5629    89  791       0 19659 8301
20230607_CVD_2802_60s_10x10ptsdet_1_9_2 356853 5704    40  774       0 19877 8211
20230607_CVD_2802_60s_10x10ptsdet_1_9_3 356255 5806    92  945       0 19554 8486
20230607_CVD_2802_60s_10x10ptsdet_1_9_4 356436 5862     8  832       0 19748 8032
20230607_CVD_2802_60s_10x10ptsdet_1_9_5 355906 5658    83  778       0 19371 8227
20230607_CVD_2802_60s_10x10ptsdet_1_9_6 360970 5663    34  859       0 19481 8469
20230607_CVD_2802_60s_10x10ptsdet_1_9_7 362163 5786    26  788       0 20028 8634
20230607_CVD_2802_60s_10x10ptsdet_1_9_8 361610 5766    44  845       0 19836 8439
20230607_CVD_2802_60s_10x10ptsdet_1_9_9 362989 5824    88  881       0 19901 8493
20230607_CVD_2802_60s_10x10ptsdet_2_0_0 368357 5554    87  910       0 19665 8434
20230607_CVD_2802_60s_10x10ptsdet_2_0_1 368880 5471    91  732       0 19723 8449
20230607_CVD_2802_60s_10x10ptsdet_2_0_2 369964 5685    35  812       0 20153 8159
20230607_CVD_2802_60s_10x10ptsdet_2_0_3 370397 5619    82  896       0 20189 8729
20230607_CVD_2802_60s_10x10ptsdet_2_0_4 372645 5627    36  766       0 20342 9052
20230607_CVD_2802_60s_10x10ptsdet_2_0_5 372445 5811    85  738       0 20040 8683
20230607_CVD_2802_60s_10x10ptsdet_2_0_6 372573 5661    79  795       0 20119 8269
20230607_CVD_2802_60s_10x10ptsdet_2_0_7 373715 5777    89  841       0 20035 8831
20230607_CVD_2802_60s_10x10ptsdet_2_0_8 371924 5729   112  841       0 19903 8576
20230607_CVD_2802_60s_10x10ptsdet_2_0_9 371623 5693   100  821       0 20131 8420
20230607_CVD_2802_60s_10x10ptsdet_2_1_0 371391 5574    36  827       0 20106 8518
20230607_CVD_2802_60s_10x10ptsdet_2_1_1 372175 5594   108  936       0 20222 8298
20230607_CVD_2802_60s_10x10ptsdet_2_1_2 371358 5639   109  843       0 20076 7937
20230607_CVD_2802_60s_10x10ptsdet_2_1_3 378532 5839   122  811       0 20127 8208
20230607_CVD_2802_60s_10x10ptsdet_2_1_4 379162 5760    34  861       0 20373 8230
20230607_CVD_2802_60s_10x10ptsdet_2_1_5 378542 5777    66  803       0 20453 8232
20230607_CVD_2802_60s_10x10ptsdet_2_1_6 378629 5716    93  732       0 20191 8196
20230607_CVD_2802_60s_10x10ptsdet_2_1_7 379405 5730   113  789       0 20283 8224
20230607_CVD_2802_60s_10x10ptsdet_2_1_8 374931 5559    44  820       0 20264 8219
20230607_CVD_2802_60s_10x10ptsdet_2_1_9 374842 5729    48  936       0 20646 8013
20230607_CVD_2802_60s_10x10ptsdet_2_2_0 374748 5847   140  774       0 20141 8850
20230607_CVD_2802_60s_10x10ptsdet_2_2_1 375404 5614    51  757       0 20424 8614
20230607_CVD_2802_60s_10x10ptsdet_2_2_2 375371 5591    98  697       0 20339 7486
20230607_CVD_2802_60s_10x10ptsdet_2_2_3 377062 5676    96  764       0 20561 7605
20230607_CVD_2802_60s_10x10ptsdet_2_2_4 376603 5642    79  777       0 20238 7608
20230607_CVD_2802_60s_10x10ptsdet_2_2_5 376234 5728   105  743       0 20231 8119
20230607_CVD_2802_60s_10x10ptsdet_2_2_6 376035 5717    67  855       0 20280 8031
20230607_CVD_2802_60s_10x10ptsdet_2_2_7 376235 5607    77  830       0 20782 7871
20230607_CVD_2802_60s_10x10ptsdet_2_2_8 374160 5728    70  779       0 20052 7760
20230607_CVD_2802_60s_10x10ptsdet_2_2_9 375567 5784    90  767       0 19983 7794
20230607_CVD_2802_60s_10x10ptsdet_2_3_0 372498 5650    95  873       0 20009 8611
20230607_CVD_2802_60s_10x10ptsdet_2_3_1 374284 5649    59  931       0 20109 8125
20230607_CVD_2802_60s_10x10ptsdet_2_3_2 374244 5590    98  791       0 20590 7816
20230607_CVD_2802_60s_10x10ptsdet_2_3_3 372602 5782   125  912       0 20099 7797
20230607_CVD_2802_60s_10x10ptsdet_2_3_4 372849 5737    31  717       0 20377 8009
20230607_CVD_2802_60s_10x10ptsdet_2_3_5 372644 5647   121  865       0 20245 7718
20230607_CVD_2802_60s_10x10ptsdet_2_3_6 374617 5681    73  898       0 20654 7797
20230607_CVD_2802_60s_10x10ptsdet_2_3_7 374618 5825    77  786       0 19981 7754
20230607_CVD_2802_60s_10x10ptsdet_2_3_8 374796 5778    98  807       0 20148 7888
20230607_CVD_2802_60s_10x10ptsdet_2_3_9 373950 5616    33  683       0 20346 7881
20230607_CVD_2802_60s_10x10ptsdet_2_4_0 369935 5714    77  782       0 20296 8382
20230607_CVD_2802_60s_10x10ptsdet_2_4_1 370116 5498    23  863       0 19891 8192
20230607_CVD_2802_60s_10x10ptsdet_2_4_2 373087 5750    57  767       0 20529 7521
20230607_CVD_2802_60s_10x10ptsdet_2_4_3 373568 5736   141  806       0 20163 7289
20230607_CVD_2802_60s_10x10ptsdet_2_4_4 374308 5605    73  855       0 20618 8011
20230607_CVD_2802_60s_10x10ptsdet_2_4_5 376825 5791    78  920       0 20394 7932
20230607_CVD_2802_60s_10x10ptsdet_2_4_6 376924 5709   116  880       0 20488 7607
20230607_CVD_2802_60s_10x10ptsdet_2_4_7 380343 5768   141  777       0 20715 7719
20230607_CVD_2802_60s_10x10ptsdet_2_4_8 380127 5829    53  748       0 20755 7865
20230607_CVD_2802_60s_10x10ptsdet_2_4_9 375479 5756    95  804       0 20558 7806
20230607_CVD_2802_60s_10x10ptsdet_2_5_0 375748 5669    70  924       0 20310 9032
20230607_CVD_2802_60s_10x10ptsdet_2_5_1 376169 5682    67  678       0 20106 8175
20230607_CVD_2802_60s_10x10ptsdet_2_5_2 375142 5717    96  884       0 20469 7914
20230607_CVD_2802_60s_10x10ptsdet_2_5_3 374698 5673   119  903       0 20364 8011
20230607_CVD_2802_60s_10x10ptsdet_2_5_4 375835 5746    73  868       0 20523 7869
20230607_CVD_2802_60s_10x10ptsdet_2_5_5 373814 5704     4  836       0 20175 7901
20230607_CVD_2802_60s_10x10ptsdet_2_5_6 373957 5742    79  664       0 20390 7500
20230607_CVD_2802_60s_10x10ptsdet_2_5_7 376788 5697   105  767       0 20669 7770
20230607_CVD_2802_60s_10x10ptsdet_2_5_8 377300 5670   109  761       0 20417 7835
20230607_CVD_2802_60s_10x10ptsdet_2_5_9 377946 5701   104  790       0 20414 7713
20230607_CVD_2802_60s_10x10ptsdet_2_6_0 375582 5806   114  929       0 20387 8494
20230607_CVD_2802_60s_10x10ptsdet_2_6_1 375749 5555   100  933       0 20236 8459
20230607_CVD_2802_60s_10x10ptsdet_2_6_2 378605 5665   150  844       0 20637 8051
20230607_CVD_2802_60s_10x10ptsdet_2_6_3 378414 5764    43  726       0 20435 7980
20230607_CVD_2802_60s_10x10ptsdet_2_6_4 377818 5880    62  737       0 20450 7911
20230607_CVD_2802_60s_10x10ptsdet_2_6_5 379897 5664    70  791       0 20818 7732
20230607_CVD_2802_60s_10x10ptsdet_2_6_6 380189 5919    84  750       0 20834 7944
20230607_CVD_2802_60s_10x10ptsdet_2_6_7 380550 5801   108  800       0 20987 8026
20230607_CVD_2802_60s_10x10ptsdet_2_6_8 378677 5819   109  864       0 20750 7873
20230607_CVD_2802_60s_10x10ptsdet_2_6_9 378917 5816    55  790       0 20599 8124
20230607_CVD_2802_60s_10x10ptsdet_2_7_0 378774 5760   117  790       0 20275 8973
20230607_CVD_2802_60s_10x10ptsdet_2_7_1 378528 5656    81  929       0 20643 8117
20230607_CVD_2802_60s_10x10ptsdet_2_7_2 380030 5829   160  827       0 20523 8261
20230607_CVD_2802_60s_10x10ptsdet_2_7_3 380077 5827    67  866       0 20442 7768
20230607_CVD_2802_60s_10x10ptsdet_2_7_4 379983 5974    45  644       0 20725 7796
20230607_CVD_2802_60s_10x10ptsdet_2_7_5 379194 5699    64  774       0 20562 8158
20230607_CVD_2802_60s_10x10ptsdet_2_7_6 379664 5743    42  913       0 20830 7733
20230607_CVD_2802_60s_10x10ptsdet_2_7_7 379748 5813   154  823       0 20473 7836
20230607_CVD_2802_60s_10x10ptsdet_2_7_8 379463 5569    99  751       0 20420 7755
20230607_CVD_2802_60s_10x10ptsdet_2_7_9 380338 5950    59  878       0 20477 7803
20230607_CVD_2802_60s_10x10ptsdet_2_8_0 377459 5639    80  902       0 20184 8469
20230607_CVD_2802_60s_10x10ptsdet_2_8_1 375372 5675    67  714       0 20526 8096
20230607_CVD_2802_60s_10x10ptsdet_2_8_2 374261 5546    89  827       0 20399 7704
20230607_CVD_2802_60s_10x10ptsdet_2_8_3 375699 5635    87  823       0 20399 7596
20230607_CVD_2802_60s_10x10ptsdet_2_8_4 374352 5700    95  884       0 20272 7539
20230607_CVD_2802_60s_10x10ptsdet_2_8_5 373659 5824    50  752       0 20330 7775
20230607_CVD_2802_60s_10x10ptsdet_2_8_6 371993 5711    76  807       0 19996 7814
20230607_CVD_2802_60s_10x10ptsdet_2_8_7 375111 5826    37  705       0 20282 7882
20230607_CVD_2802_60s_10x10ptsdet_2_8_8 374604 5754    95  847       0 20387 7553
20230607_CVD_2802_60s_10x10ptsdet_2_8_9 373529 5645    66  906       0 20090 7689
20230607_CVD_2802_60s_10x10ptsdet_2_9_0 374723 5599    43  946       0 20400 8516
20230607_CVD_2802_60s_10x10ptsdet_2_9_1 376363 5584    91  839       0 20193 8613
20230607_CVD_2802_60s_10x10ptsdet_2_9_2 375567 5754    63  794       0 20528 7806
20230607_CVD_2802_60s_10x10ptsdet_2_9_3 374643 5508   113  862       0 20224 7783
20230607_CVD_2802_60s_10x10ptsdet_2_9_4 374261 5644    33  882       0 20268 7692
20230607_CVD_2802_60s_10x10ptsdet_2_9_5 373989 5883    77  770       0 20396 7799
20230607_CVD_2802_60s_10x10ptsdet_2_9_6 379775 5548    94  772       0 20496 7399
20230607_CVD_2802_60s_10x10ptsdet_2_9_7 379469 5675    34  853       0 20179 8012
20230607_CVD_2802_60s_10x10ptsdet_2_9_8 380038 5600    49  872       0 20337 7711
20230607_CVD_2802_60s_10x10ptsdet_2_9_9 379567 5670   144  776       0 20630 7745
---------------------------------------------------------------------------------
Mean value:                             366796 5730    72  827       0 20086 8186
Std. Abw.:                                9374   97    34   65       3   359  382
Std. Abw. rel. [%]:                       2.56 1.70 47.56 7.81 1414.21  1.79 4.67
Conf. interval:                            663    7     2    5       0    25   27
