ROI net sum

Spectrum                                      Si     P   Ar   Ni    Zn    Ga   Rh
---------------------------------------------------------------------------------
20230627_CVD_2546_60s_20x20ptsdet_1_0_0   216723 27206  251 1124   248 91114 7728
20230627_CVD_2546_60s_20x20ptsdet_1_0_1   216480 27021  252 1113   353 91204 8024
20230627_CVD_2546_60s_20x20ptsdet_1_0_10  217004 27474  229 1194   541 91497 7705
20230627_CVD_2546_60s_20x20ptsdet_1_0_11  216054 27550  271 1184   328 90847 7724
20230627_CVD_2546_60s_20x20ptsdet_1_0_12  215946 27665  242 1117   412 90916 7900
20230627_CVD_2546_60s_20x20ptsdet_1_0_13  217206 27360  223 1126   239 90599 7806
20230627_CVD_2546_60s_20x20ptsdet_1_0_14  216623 27251  240 1164   327 91125 7777
20230627_CVD_2546_60s_20x20ptsdet_1_0_15  216375 27444  259 1135   514 92199 7607
20230627_CVD_2546_60s_20x20ptsdet_1_0_16  216153 27729  299 1245   382 91125 7884
20230627_CVD_2546_60s_20x20ptsdet_1_0_17  215537 27393  279 1167   348 91393 7758
20230627_CVD_2546_60s_20x20ptsdet_1_0_18  216139 27381  240 1118   344 90656 7515
20230627_CVD_2546_60s_20x20ptsdet_1_0_19  215562 27693  272 1117   385 91190 7796
20230627_CVD_2546_60s_20x20ptsdet_1_0_2   215776 27560  286 1128   326 91290 7852
20230627_CVD_2546_60s_20x20ptsdet_1_0_3   216010 27378  305 1085   341 91033 7587
20230627_CVD_2546_60s_20x20ptsdet_1_0_4   215917 27793  295 1296   489 91360 7888
20230627_CVD_2546_60s_20x20ptsdet_1_0_5   215797 27204  233 1018   280 90839 7810
20230627_CVD_2546_60s_20x20ptsdet_1_0_6   211020 27095  270 1136   329 89183 7686
20230627_CVD_2546_60s_20x20ptsdet_1_0_7   216918 27498  301 1132   415 91742 7797
20230627_CVD_2546_60s_20x20ptsdet_1_0_8   217146 27229  282 1214   370 91695 7979
20230627_CVD_2546_60s_20x20ptsdet_1_0_9   216075 27655  253 1104   380 91027 7772
20230627_CVD_2546_60s_20x20ptsdet_1_10_0  214342 27075  253 1213   413 90385 7751
20230627_CVD_2546_60s_20x20ptsdet_1_10_1  213765 26947  249 1136   240 90078 7939
20230627_CVD_2546_60s_20x20ptsdet_1_10_10 214843 27069  263 1077   273 90457 7696
20230627_CVD_2546_60s_20x20ptsdet_1_10_11 214237 27173  260 1077   384 90119 7444
20230627_CVD_2546_60s_20x20ptsdet_1_10_12 214258 27278  274 1218   388 90770 7707
20230627_CVD_2546_60s_20x20ptsdet_1_10_13 213923 27437  281 1215   367 90292 7825
20230627_CVD_2546_60s_20x20ptsdet_1_10_14 214024 27169  267 1225   451 90174 7815
20230627_CVD_2546_60s_20x20ptsdet_1_10_15 214492 27087  282 1120   340 90871 7741
20230627_CVD_2546_60s_20x20ptsdet_1_10_16 214179 27092  284 1072   338 91082 8061
20230627_CVD_2546_60s_20x20ptsdet_1_10_17 213462 27220  287 1123   357 90771 7877
20230627_CVD_2546_60s_20x20ptsdet_1_10_18 214988 27146  268 1083   355 90874 7552
20230627_CVD_2546_60s_20x20ptsdet_1_10_19 214137 27212  244 1130   287 90973 7469
20230627_CVD_2546_60s_20x20ptsdet_1_10_2  214832 27152  266 1197   346 91612 7848
20230627_CVD_2546_60s_20x20ptsdet_1_10_3  215691 26964  213 1196   407 90649 7714
20230627_CVD_2546_60s_20x20ptsdet_1_10_4  213120 26895  253 1178   343 90019 7630
20230627_CVD_2546_60s_20x20ptsdet_1_10_5  214196 27048  257 1097   189 91347 7836
20230627_CVD_2546_60s_20x20ptsdet_1_10_6  213843 26904  257 1070   235 89886 7559
20230627_CVD_2546_60s_20x20ptsdet_1_10_7  214401 26710  282 1163   390 90296 8022
20230627_CVD_2546_60s_20x20ptsdet_1_10_8  215440 27058  271 1152   552 90781 7866
20230627_CVD_2546_60s_20x20ptsdet_1_10_9  214868 27190  269 1151   231 91187 7975
20230627_CVD_2546_60s_20x20ptsdet_1_11_0  213943 27227  245 1150   378 90805 7789
20230627_CVD_2546_60s_20x20ptsdet_1_11_1  214772 27068  265 1181   416 90247 7683
20230627_CVD_2546_60s_20x20ptsdet_1_11_10 215512 27118  277 1217   411 91216 7982
20230627_CVD_2546_60s_20x20ptsdet_1_11_11 215040 26946  280 1161   410 91915 7620
20230627_CVD_2546_60s_20x20ptsdet_1_11_12 215941 26916  252 1195   430 91445 8074
20230627_CVD_2546_60s_20x20ptsdet_1_11_13 216203 27313  239 1137   334 90876 8031
20230627_CVD_2546_60s_20x20ptsdet_1_11_14 214486 27502  297 1169   258 91107 7758
20230627_CVD_2546_60s_20x20ptsdet_1_11_15 214175 27329  215 1198   311 91536 7558
20230627_CVD_2546_60s_20x20ptsdet_1_11_16 215857 26996  263 1149   269 90726 7893
20230627_CVD_2546_60s_20x20ptsdet_1_11_17 214670 27145  266 1182   492 91135 7926
20230627_CVD_2546_60s_20x20ptsdet_1_11_18 214542 27020  273 1080   325 90761 7496
20230627_CVD_2546_60s_20x20ptsdet_1_11_19 215525 27326  256 1101   240 91159 7681
20230627_CVD_2546_60s_20x20ptsdet_1_11_2  215383 27016  234 1209   306 90831 7817
20230627_CVD_2546_60s_20x20ptsdet_1_11_3  215535 26935  204 1291   386 91183 8116
20230627_CVD_2546_60s_20x20ptsdet_1_11_4  214811 26902  288 1124   380 90202 7813
20230627_CVD_2546_60s_20x20ptsdet_1_11_5  214857 27384  272 1139   262 91108 8067
20230627_CVD_2546_60s_20x20ptsdet_1_11_6  214935 27067  308 1120   414 90497 7714
20230627_CVD_2546_60s_20x20ptsdet_1_11_7  215372 27277  288 1099   253 90488 7859
20230627_CVD_2546_60s_20x20ptsdet_1_11_8  215269 27084  271 1142   405 91432 7823
20230627_CVD_2546_60s_20x20ptsdet_1_11_9  215421 27170  257 1155   433 90822 7791
20230627_CVD_2546_60s_20x20ptsdet_1_12_0  215196 27150  272 1092   421 91580 8057
20230627_CVD_2546_60s_20x20ptsdet_1_12_1  216132 27374  257 1091   385 91294 7961
20230627_CVD_2546_60s_20x20ptsdet_1_12_10 214105 26953  244 1218   405 90066 7853
20230627_CVD_2546_60s_20x20ptsdet_1_12_11 214584 27181  290 1062   355 90749 7542
20230627_CVD_2546_60s_20x20ptsdet_1_12_12 213889 26707  303 1268   713 90908 7905
20230627_CVD_2546_60s_20x20ptsdet_1_12_13 213513 26950  252 1346   320 90659 7678
20230627_CVD_2546_60s_20x20ptsdet_1_12_14 214278 26998  269 1224   359 90035 7777
20230627_CVD_2546_60s_20x20ptsdet_1_12_15 213393 26829  226 1102   396 91070 7918
20230627_CVD_2546_60s_20x20ptsdet_1_12_16 214418 26993  286 1160   447 90488 7708
20230627_CVD_2546_60s_20x20ptsdet_1_12_17 213122 26844  265 1107   455 90688 7787
20230627_CVD_2546_60s_20x20ptsdet_1_12_18 211916 26446  276 1090   286 89624 7712
20230627_CVD_2546_60s_20x20ptsdet_1_12_19 212714 26640  289 1171   348 89305 7309
20230627_CVD_2546_60s_20x20ptsdet_1_12_2  216448 27303  287 1152   391 91481 7965
20230627_CVD_2546_60s_20x20ptsdet_1_12_3  215830 26944  205 1139   356 90831 7692
20230627_CVD_2546_60s_20x20ptsdet_1_12_4  214385 26947  228 1108   344 91457 7812
20230627_CVD_2546_60s_20x20ptsdet_1_12_5  213889 26966  243 1170   403 90687 7673
20230627_CVD_2546_60s_20x20ptsdet_1_12_6  215168 27152  278 1204   363 90484 7768
20230627_CVD_2546_60s_20x20ptsdet_1_12_7  214924 27217  275 1138   474 90953 7911
20230627_CVD_2546_60s_20x20ptsdet_1_12_8  214151 27165  276 1299   453 90812 7920
20230627_CVD_2546_60s_20x20ptsdet_1_12_9  214796 26704  293 1107   383 91097 7593
20230627_CVD_2546_60s_20x20ptsdet_1_13_0  213774 26756  239 1117   389 90011 7659
20230627_CVD_2546_60s_20x20ptsdet_1_13_1  214344 26832  261 1228   268 90375 7777
20230627_CVD_2546_60s_20x20ptsdet_1_13_10 213763 27338  267 1139   266 91354 7854
20230627_CVD_2546_60s_20x20ptsdet_1_13_11 214051 27283  278 1190   391 91347 7854
20230627_CVD_2546_60s_20x20ptsdet_1_13_12 213923 27035  251 1154   404 90719 7778
20230627_CVD_2546_60s_20x20ptsdet_1_13_13 213958 26891  255 1155   342 90355 7645
20230627_CVD_2546_60s_20x20ptsdet_1_13_14 214245 26771  283 1187   487 91007 7876
20230627_CVD_2546_60s_20x20ptsdet_1_13_15 213486 27070  262 1135   385 90522 7527
20230627_CVD_2546_60s_20x20ptsdet_1_13_16 213315 26979  254 1114   232 90436 7776
20230627_CVD_2546_60s_20x20ptsdet_1_13_17 214100 27012  286 1103   355 90456 7740
20230627_CVD_2546_60s_20x20ptsdet_1_13_18 214909 27113  285 1258   403 91423 7805
20230627_CVD_2546_60s_20x20ptsdet_1_13_19 214250 27205  277 1115   319 90710 7640
20230627_CVD_2546_60s_20x20ptsdet_1_13_2  213748 27267  278 1120   438 90635 7711
20230627_CVD_2546_60s_20x20ptsdet_1_13_3  214211 26975  240 1169   427 90719 7696
20230627_CVD_2546_60s_20x20ptsdet_1_13_4  214100 27089  305 1166   352 90378 7555
20230627_CVD_2546_60s_20x20ptsdet_1_13_5  214552 26817  251 1238   386 90969 7626
20230627_CVD_2546_60s_20x20ptsdet_1_13_6  214355 27203  271 1130   324 90652 7864
20230627_CVD_2546_60s_20x20ptsdet_1_13_7  214276 27142  249 1080   338 90303 7752
20230627_CVD_2546_60s_20x20ptsdet_1_13_8  214967 27076  299 1174   389 91087 7628
20230627_CVD_2546_60s_20x20ptsdet_1_13_9  214378 27280  250 1215   407 91241 7856
20230627_CVD_2546_60s_20x20ptsdet_1_14_0  214559 27029  261 1123   306 90621 7960
20230627_CVD_2546_60s_20x20ptsdet_1_14_1  214892 27100  222 1181   380 91126 7876
20230627_CVD_2546_60s_20x20ptsdet_1_14_10 213715 26852  266 1208   369 90626 7602
20230627_CVD_2546_60s_20x20ptsdet_1_14_11 215043 27350  252 1218   318 91370 7833
20230627_CVD_2546_60s_20x20ptsdet_1_14_12 215259 27361  299 1118   316 91139 7594
20230627_CVD_2546_60s_20x20ptsdet_1_14_13 215071 27100  257 1168   322 91616 7600
20230627_CVD_2546_60s_20x20ptsdet_1_14_14 214598 27261  264 1113   311 90553 7573
20230627_CVD_2546_60s_20x20ptsdet_1_14_15 215709 27042  268 1078   281 90763 7619
20230627_CVD_2546_60s_20x20ptsdet_1_14_16 215013 27367  233 1190   408 91152 7848
20230627_CVD_2546_60s_20x20ptsdet_1_14_17 215496 27209  235 1306   311 91275 7711
20230627_CVD_2546_60s_20x20ptsdet_1_14_18 215122 27121  259 1172   352 90830 7625
20230627_CVD_2546_60s_20x20ptsdet_1_14_19 215382 27431  264 1119   362 91317 7653
20230627_CVD_2546_60s_20x20ptsdet_1_14_2  214824 26982  264 1184   265 90851 8061
20230627_CVD_2546_60s_20x20ptsdet_1_14_3  214644 26938  237 1189   358 90858 7774
20230627_CVD_2546_60s_20x20ptsdet_1_14_4  213587 27196  253 1188   354 90707 7692
20230627_CVD_2546_60s_20x20ptsdet_1_14_5  214583 26988  258 1085   352 90718 7817
20230627_CVD_2546_60s_20x20ptsdet_1_14_6  214486 27070  264 1144   320 90803 7852
20230627_CVD_2546_60s_20x20ptsdet_1_14_7  214171 26737  298 1130   323 91296 7819
20230627_CVD_2546_60s_20x20ptsdet_1_14_8  214833 27132  275 1097   341 90819 7714
20230627_CVD_2546_60s_20x20ptsdet_1_14_9  215532 27009  267 1138   364 90913 7919
20230627_CVD_2546_60s_20x20ptsdet_1_15_0  213854 27055  263 1145   302 90720 7885
20230627_CVD_2546_60s_20x20ptsdet_1_15_1  215574 27367  265 1173   393 91377 7874
20230627_CVD_2546_60s_20x20ptsdet_1_15_10 214916 27262  327 1128   423 90732 7669
20230627_CVD_2546_60s_20x20ptsdet_1_15_11 215657 27044  276 1129   433 91393 7550
20230627_CVD_2546_60s_20x20ptsdet_1_15_12 214908 27246  264 1173   480 91044 7714
20230627_CVD_2546_60s_20x20ptsdet_1_15_13 215838 27337  282 1124   296 91095 7986
20230627_CVD_2546_60s_20x20ptsdet_1_15_14 215893 27138  270 1204   280 91678 7644
20230627_CVD_2546_60s_20x20ptsdet_1_15_15 216427 27248  270 1184   271 91357 7668
20230627_CVD_2546_60s_20x20ptsdet_1_15_16 214328 27181  269 1190   374 91573 7791
20230627_CVD_2546_60s_20x20ptsdet_1_15_17 213886 27077  284 1078   340 90540 7740
20230627_CVD_2546_60s_20x20ptsdet_1_15_18 213305 27016  245 1173   413 90858 7644
20230627_CVD_2546_60s_20x20ptsdet_1_15_19 213105 26955  287 1232   291 90730 7707
20230627_CVD_2546_60s_20x20ptsdet_1_15_2  215758 27163  260 1107   295 91172 7876
20230627_CVD_2546_60s_20x20ptsdet_1_15_3  215054 26952  257 1139   310 90539 7845
20230627_CVD_2546_60s_20x20ptsdet_1_15_4  215310 27265  242 1178   312 91290 7659
20230627_CVD_2546_60s_20x20ptsdet_1_15_5  215350 26796  241 1118   428 90646 7894
20230627_CVD_2546_60s_20x20ptsdet_1_15_6  215271 27219  301 1186   390 90976 7789
20230627_CVD_2546_60s_20x20ptsdet_1_15_7  214899 27283  269 1230   374 91006 7863
20230627_CVD_2546_60s_20x20ptsdet_1_15_8  215433 27238  250 1119   436 90955 7800
20230627_CVD_2546_60s_20x20ptsdet_1_15_9  213984 26726  251 1189   487 91040 7535
20230627_CVD_2546_60s_20x20ptsdet_1_16_0  214304 26890  234 1094   346 90080 7799
20230627_CVD_2546_60s_20x20ptsdet_1_16_1  214646 26822  304 1200   363 90849 7580
20230627_CVD_2546_60s_20x20ptsdet_1_16_10 214536 27257  221 1073   327 90600 7879
20230627_CVD_2546_60s_20x20ptsdet_1_16_11 213920 26823  320 1128   332 90267 7929
20230627_CVD_2546_60s_20x20ptsdet_1_16_12 215233 27262  254 1034   336 91531 7976
20230627_CVD_2546_60s_20x20ptsdet_1_16_13 215131 27288  278 1087   309 91080 7607
20230627_CVD_2546_60s_20x20ptsdet_1_16_14 214220 27318  307 1116   362 90674 7739
20230627_CVD_2546_60s_20x20ptsdet_1_16_15 215148 26832  257 1256   346 91483 7757
20230627_CVD_2546_60s_20x20ptsdet_1_16_16 214652 27111  274 1169   443 91250 7794
20230627_CVD_2546_60s_20x20ptsdet_1_16_17 215532 27323  303 1144   295 90560 7601
20230627_CVD_2546_60s_20x20ptsdet_1_16_18 214791 27084  261 1063   372 91086 7633
20230627_CVD_2546_60s_20x20ptsdet_1_16_19 214055 27067  259 1140   283 90844 7694
20230627_CVD_2546_60s_20x20ptsdet_1_16_2  213001 26770  284 1058   330 90370 7812
20230627_CVD_2546_60s_20x20ptsdet_1_16_3  214438 26924  227 1115   273 90461 7819
20230627_CVD_2546_60s_20x20ptsdet_1_16_4  214836 27117  254 1119   387 90461 7731
20230627_CVD_2546_60s_20x20ptsdet_1_16_5  214276 27187  250 1050   344 89928 7938
20230627_CVD_2546_60s_20x20ptsdet_1_16_6  214109 27005  244 1173   309 90873 7477
20230627_CVD_2546_60s_20x20ptsdet_1_16_7  214669 27093  242 1154   361 90556 7861
20230627_CVD_2546_60s_20x20ptsdet_1_16_8  214746 26747  265 1107   283 90265 7640
20230627_CVD_2546_60s_20x20ptsdet_1_16_9  213786 27112  261 1131   417 90386 7718
20230627_CVD_2546_60s_20x20ptsdet_1_17_0  214510 27032  265 1134   226 90306 7722
20230627_CVD_2546_60s_20x20ptsdet_1_17_1  214030 26985  251 1089   336 90377 7956
20230627_CVD_2546_60s_20x20ptsdet_1_17_10 214498 26942  272 1179   247 90669 7818
20230627_CVD_2546_60s_20x20ptsdet_1_17_11 213918 27072  262 1065   434 90778 7724
20230627_CVD_2546_60s_20x20ptsdet_1_17_12 213978 27184  268 1163   316 90640 7778
20230627_CVD_2546_60s_20x20ptsdet_1_17_13 215265 26866  251 1228   320 90257 7845
20230627_CVD_2546_60s_20x20ptsdet_1_17_14 213626 27269  264 1083   230 90109 7699
20230627_CVD_2546_60s_20x20ptsdet_1_17_15 214383 26759  310 1079   347 90825 7740
20230627_CVD_2546_60s_20x20ptsdet_1_17_16 214331 27112  288 1233   593 90660 7739
20230627_CVD_2546_60s_20x20ptsdet_1_17_17 214391 27009  271 1139   410 91299 7757
20230627_CVD_2546_60s_20x20ptsdet_1_17_18 214192 27117  244 1077   314 90584 7676
20230627_CVD_2546_60s_20x20ptsdet_1_17_19 213821 27383  251 1223   396 90774 7724
20230627_CVD_2546_60s_20x20ptsdet_1_17_2  214706 26921  275 1181   287 90422 7869
20230627_CVD_2546_60s_20x20ptsdet_1_17_3  215173 27311  258 1139   348 90867 8005
20230627_CVD_2546_60s_20x20ptsdet_1_17_4  214671 27162  261 1077   324 90766 7817
20230627_CVD_2546_60s_20x20ptsdet_1_17_5  214694 27078  287 1190   486 90659 7926
20230627_CVD_2546_60s_20x20ptsdet_1_17_6  214985 26732  266 1070   318 90903 8006
20230627_CVD_2546_60s_20x20ptsdet_1_17_7  214211 27125  249 1167   264 91102 7900
20230627_CVD_2546_60s_20x20ptsdet_1_17_8  214407 27000  251 1091   300 90890 7783
20230627_CVD_2546_60s_20x20ptsdet_1_17_9  214389 27237  267 1185   406 90255 7628
20230627_CVD_2546_60s_20x20ptsdet_1_18_0  214934 27155  326 1205   381 90563 8007
20230627_CVD_2546_60s_20x20ptsdet_1_18_1  215284 27160  268 1157   316 91071 7777
20230627_CVD_2546_60s_20x20ptsdet_1_18_10 214923 27395  315 1082   315 91245 7711
20230627_CVD_2546_60s_20x20ptsdet_1_18_11 216210 27072  268 1188   318 91562 7956
20230627_CVD_2546_60s_20x20ptsdet_1_18_12 213972 27256  267 1221   331 90880 7732
20230627_CVD_2546_60s_20x20ptsdet_1_18_13 215169 27219  246 1121   281 91429 7540
20230627_CVD_2546_60s_20x20ptsdet_1_18_14 217162 27568  259 1221   360 91648 7873
20230627_CVD_2546_60s_20x20ptsdet_1_18_15 215626 27393  266 1120   374 91322 7832
20230627_CVD_2546_60s_20x20ptsdet_1_18_16 216194 27101  248 1108   337 91405 7695
20230627_CVD_2546_60s_20x20ptsdet_1_18_17 215643 27457  282 1105   321 91113 7708
20230627_CVD_2546_60s_20x20ptsdet_1_18_18 215578 27080  245 1156   414 90948 7636
20230627_CVD_2546_60s_20x20ptsdet_1_18_19 215147 27182  264 1091   362 91349 7852
20230627_CVD_2546_60s_20x20ptsdet_1_18_2  214778 26956  270 1131   364 90600 7823
20230627_CVD_2546_60s_20x20ptsdet_1_18_3  215025 27094  283 1136   238 91032 7729
20230627_CVD_2546_60s_20x20ptsdet_1_18_4  213800 27101  237 1110   245 90919 7679
20230627_CVD_2546_60s_20x20ptsdet_1_18_5  214943 27107  283 1090   344 90971 7733
20230627_CVD_2546_60s_20x20ptsdet_1_18_6  215366 26951  273 1168   439 90734 7894
20230627_CVD_2546_60s_20x20ptsdet_1_18_7  215260 27367  266 1230   398 91193 7690
20230627_CVD_2546_60s_20x20ptsdet_1_18_8  215974 27454  234 1206   462 91680 7735
20230627_CVD_2546_60s_20x20ptsdet_1_18_9  216214 27083  289 1209   396 91068 7738
20230627_CVD_2546_60s_20x20ptsdet_1_19_0  215112 26550  274 1162   437 91175 7608
20230627_CVD_2546_60s_20x20ptsdet_1_19_1  215157 27272  255 1143   326 91126 7749
20230627_CVD_2546_60s_20x20ptsdet_1_19_10 214369 27082  258 1195   431 91399 7708
20230627_CVD_2546_60s_20x20ptsdet_1_19_11 214972 27321  241 1159   428 91178 7810
20230627_CVD_2546_60s_20x20ptsdet_1_19_12 213743 26961  271 1129   450 90591 7582
20230627_CVD_2546_60s_20x20ptsdet_1_19_13 213537 27520  263 1154   430 90509 7786
20230627_CVD_2546_60s_20x20ptsdet_1_19_14 214747 27075  258 1181   335 89746 7432
20230627_CVD_2546_60s_20x20ptsdet_1_19_15 214803 26896  261 1142   256 90487 7748
20230627_CVD_2546_60s_20x20ptsdet_1_19_16 214450 26967  290 1195   461 90816 7715
20230627_CVD_2546_60s_20x20ptsdet_1_19_17 214145 27032  313 1103   321 90655 7645
20230627_CVD_2546_60s_20x20ptsdet_1_19_18 214201 26904  238 1227   438 91121 7721
20230627_CVD_2546_60s_20x20ptsdet_1_19_19 215080 27016  283 1174   227 90524 7697
20230627_CVD_2546_60s_20x20ptsdet_1_19_2  214960 27103  320 1122   501 91401 7792
20230627_CVD_2546_60s_20x20ptsdet_1_19_3  214423 26891  282 1068   527 91255 7723
20230627_CVD_2546_60s_20x20ptsdet_1_19_4  215024 27324  264 1185   506 91300 7853
20230627_CVD_2546_60s_20x20ptsdet_1_19_5  214558 27227  291 1159   385 90627 7726
20230627_CVD_2546_60s_20x20ptsdet_1_19_6  215029 27045  223 1168   360 91585 8094
20230627_CVD_2546_60s_20x20ptsdet_1_19_7  215022 26871  230 1213   346 91158 7920
20230627_CVD_2546_60s_20x20ptsdet_1_19_8  214135 27230  265 1192   358 90919 7830
20230627_CVD_2546_60s_20x20ptsdet_1_19_9  214204 27128  265 1121   394 91077 7767
20230627_CVD_2546_60s_20x20ptsdet_1_1_0   216585 27203  257  963   341 90576 8095
20230627_CVD_2546_60s_20x20ptsdet_1_1_1   216092 27167  266 1324   553 91404 7846
20230627_CVD_2546_60s_20x20ptsdet_1_1_10  215036 26964  284 1157   391 90709 7912
20230627_CVD_2546_60s_20x20ptsdet_1_1_11  216093 27260  282 1067   399 90998 7747
20230627_CVD_2546_60s_20x20ptsdet_1_1_12  215284 27347  264 1149   197 90559 7762
20230627_CVD_2546_60s_20x20ptsdet_1_1_13  215124 27444  267 1166   258 90222 7543
20230627_CVD_2546_60s_20x20ptsdet_1_1_14  215578 27279  292 1220   355 90680 7639
20230627_CVD_2546_60s_20x20ptsdet_1_1_15  215254 27139  239 1095   420 90875 7673
20230627_CVD_2546_60s_20x20ptsdet_1_1_16  215917 27373  269 1091   297 90864 7674
20230627_CVD_2546_60s_20x20ptsdet_1_1_17  215880 27186  266 1067   374 91353 7658
20230627_CVD_2546_60s_20x20ptsdet_1_1_18  216426 27382  236 1098   465 90802 7754
20230627_CVD_2546_60s_20x20ptsdet_1_1_19  215290 27238  270 1148   320 91107 7557
20230627_CVD_2546_60s_20x20ptsdet_1_1_2   216738 27369  272 1154   390 90507 7533
20230627_CVD_2546_60s_20x20ptsdet_1_1_3   215725 26740  263 1141   575 90591 7693
20230627_CVD_2546_60s_20x20ptsdet_1_1_4   215136 27232  240 1077   394 91031 7680
20230627_CVD_2546_60s_20x20ptsdet_1_1_5   215934 27293  310 1280   456 90607 7726
20230627_CVD_2546_60s_20x20ptsdet_1_1_6   215691 27204  262 1252   422 90533 7564
20230627_CVD_2546_60s_20x20ptsdet_1_1_7   215698 27176  271 1150   291 90593 7676
20230627_CVD_2546_60s_20x20ptsdet_1_1_8   215168 27250  281 1208   440 90699 7854
20230627_CVD_2546_60s_20x20ptsdet_1_1_9   215666 27173  267 1097   427 90940 7831
20230627_CVD_2546_60s_20x20ptsdet_1_2_0   215415 27201  254 1107   318 90852 7818
20230627_CVD_2546_60s_20x20ptsdet_1_2_1   215722 27313  273 1103   389 91060 7812
20230627_CVD_2546_60s_20x20ptsdet_1_2_10  215124 26864  264 1147   405 91281 7700
20230627_CVD_2546_60s_20x20ptsdet_1_2_11  214998 27313  316 1093   359 91239 7609
20230627_CVD_2546_60s_20x20ptsdet_1_2_12  215625 26909  242 1063   347 90731 7532
20230627_CVD_2546_60s_20x20ptsdet_1_2_13  215656 27315  270 1038   348 91736 7926
20230627_CVD_2546_60s_20x20ptsdet_1_2_14  214115 27167  228 1065   216 89667 7499
20230627_CVD_2546_60s_20x20ptsdet_1_2_15  213693 26869  230 1126   275 89637 7410
20230627_CVD_2546_60s_20x20ptsdet_1_2_16  215159 27413  243 1143   331 91177 7668
20230627_CVD_2546_60s_20x20ptsdet_1_2_17  216125 27376  223 1183   305 91515 7948
20230627_CVD_2546_60s_20x20ptsdet_1_2_18  215717 27079  268 1076   267 90988 7715
20230627_CVD_2546_60s_20x20ptsdet_1_2_19  215606 27683  235 1116   445 90844 7622
20230627_CVD_2546_60s_20x20ptsdet_1_2_2   215859 27330  280 1232   366 90978 7856
20230627_CVD_2546_60s_20x20ptsdet_1_2_3   215931 26807  243 1258   365 91077 8243
20230627_CVD_2546_60s_20x20ptsdet_1_2_4   214381 27096  275 1237   368 91053 7751
20230627_CVD_2546_60s_20x20ptsdet_1_2_5   216005 27457  243 1160   413 91597 7858
20230627_CVD_2546_60s_20x20ptsdet_1_2_6   215952 26993  236 1255   567 91219 8028
20230627_CVD_2546_60s_20x20ptsdet_1_2_7   215274 27274  251 1160   422 90785 7642
20230627_CVD_2546_60s_20x20ptsdet_1_2_8   216262 27323  265 1224   442 91047 7914
20230627_CVD_2546_60s_20x20ptsdet_1_2_9   214910 27503  281 1126   289 90523 7773
20230627_CVD_2546_60s_20x20ptsdet_1_3_0   214750 27323  292 1193   273 90398 8029
20230627_CVD_2546_60s_20x20ptsdet_1_3_1   213371 26941  268 1071   334 89445 7645
20230627_CVD_2546_60s_20x20ptsdet_1_3_10  213492 27031  238 1112   251 89811 7791
20230627_CVD_2546_60s_20x20ptsdet_1_3_11  213744 27009  280 1076   261 90747 7647
20230627_CVD_2546_60s_20x20ptsdet_1_3_12  214588 26884  266 1106   376 90704 7573
20230627_CVD_2546_60s_20x20ptsdet_1_3_13  212364 27090  260 1180   439 90004 7550
20230627_CVD_2546_60s_20x20ptsdet_1_3_14  212447 26958  296  993   314 89193 7482
20230627_CVD_2546_60s_20x20ptsdet_1_3_15  211874 26828  249 1148   344 90041 7594
20230627_CVD_2546_60s_20x20ptsdet_1_3_16  212157 27028  264 1057   487 90067 7551
20230627_CVD_2546_60s_20x20ptsdet_1_3_17  211963 26691  254 1049   333 89293 7701
20230627_CVD_2546_60s_20x20ptsdet_1_3_18  212273 26817  249 1124   320 89359 7433
20230627_CVD_2546_60s_20x20ptsdet_1_3_19  212543 26975  224 1210   411 89560 7493
20230627_CVD_2546_60s_20x20ptsdet_1_3_2   212191 26835  238 1126   503 89229 7737
20230627_CVD_2546_60s_20x20ptsdet_1_3_3   213794 26873  263 1132   312 89603 7620
20230627_CVD_2546_60s_20x20ptsdet_1_3_4   213755 26997  247 1254   434 90018 7809
20230627_CVD_2546_60s_20x20ptsdet_1_3_5   214585 26916  242 1204   398 90491 7913
20230627_CVD_2546_60s_20x20ptsdet_1_3_6   214849 27198  278 1157   370 90093 7596
20230627_CVD_2546_60s_20x20ptsdet_1_3_7   214081 27082  251 1202   431 90680 7848
20230627_CVD_2546_60s_20x20ptsdet_1_3_8   213411 27015  274 1135   417 90348 7662
20230627_CVD_2546_60s_20x20ptsdet_1_3_9   212627 27048  288 1133   411 90340 7530
20230627_CVD_2546_60s_20x20ptsdet_1_4_0   213338 26858  285 1180   325 89796 7854
20230627_CVD_2546_60s_20x20ptsdet_1_4_1   214441 27136  277 1155   424 90190 7927
20230627_CVD_2546_60s_20x20ptsdet_1_4_10  213632 27166  221 1131   218 89972 7597
20230627_CVD_2546_60s_20x20ptsdet_1_4_11  212877 26903  235 1092   277 90082 7546
20230627_CVD_2546_60s_20x20ptsdet_1_4_12  212869 26675  266 1040   320 89910 7646
20230627_CVD_2546_60s_20x20ptsdet_1_4_13  212292 26904  275 1186   384 89409 7494
20230627_CVD_2546_60s_20x20ptsdet_1_4_14  212199 27008  268 1135   291 89989 7582
20230627_CVD_2546_60s_20x20ptsdet_1_4_15  212945 27116  255 1094   283 89540 7452
20230627_CVD_2546_60s_20x20ptsdet_1_4_16  212492 27010  261 1153   417 89286 7767
20230627_CVD_2546_60s_20x20ptsdet_1_4_17  213830 27065  230 1162   340 90367 7554
20230627_CVD_2546_60s_20x20ptsdet_1_4_18  211515 26888  282 1095   325 90049 7335
20230627_CVD_2546_60s_20x20ptsdet_1_4_19  212068 27177  245 1046   192 89801 7269
20230627_CVD_2546_60s_20x20ptsdet_1_4_2   214213 26977  287 1113   273 90076 7910
20230627_CVD_2546_60s_20x20ptsdet_1_4_3   214325 27413  250 1199   325 90795 7912
20230627_CVD_2546_60s_20x20ptsdet_1_4_4   214729 26803  246 1187   549 90268 7747
20230627_CVD_2546_60s_20x20ptsdet_1_4_5   213367 26907  278 1142   336 90408 7754
20230627_CVD_2546_60s_20x20ptsdet_1_4_6   214155 27200  248 1255   321 90529 7894
20230627_CVD_2546_60s_20x20ptsdet_1_4_7   212682 26960  271 1164   373 90481 7955
20230627_CVD_2546_60s_20x20ptsdet_1_4_8   213465 26944  227 1150   464 89944 7388
20230627_CVD_2546_60s_20x20ptsdet_1_4_9   213363 27018  268 1192   319 89294 7509
20230627_CVD_2546_60s_20x20ptsdet_1_5_0   212916 26985  277 1204   385 89877 7672
20230627_CVD_2546_60s_20x20ptsdet_1_5_1   212933 26832  259 1118   465 89515 7604
20230627_CVD_2546_60s_20x20ptsdet_1_5_10  212307 26862  248 1126   374 89743 7496
20230627_CVD_2546_60s_20x20ptsdet_1_5_11  212250 27004  258 1161   376 90174 7822
20230627_CVD_2546_60s_20x20ptsdet_1_5_12  212312 26721  236 1169   358 89905 7465
20230627_CVD_2546_60s_20x20ptsdet_1_5_13  212215 26972  251 1200   394 89407 7692
20230627_CVD_2546_60s_20x20ptsdet_1_5_14  213026 27161  282 1087   353 90055 7737
20230627_CVD_2546_60s_20x20ptsdet_1_5_15  211930 26932  255 1160   398 89712 7718
20230627_CVD_2546_60s_20x20ptsdet_1_5_16  212281 26969  269 1186   431 89584 7629
20230627_CVD_2546_60s_20x20ptsdet_1_5_17  212736 27035  274 1214   354 90504 7553
20230627_CVD_2546_60s_20x20ptsdet_1_5_18  212856 26971  276 1129   346 89628 7743
20230627_CVD_2546_60s_20x20ptsdet_1_5_19  212209 26941  244 1154   498 90290 7508
20230627_CVD_2546_60s_20x20ptsdet_1_5_2   213027 26783  250 1114   272 89904 7679
20230627_CVD_2546_60s_20x20ptsdet_1_5_3   212828 26964  264 1200   444 89342 7658
20230627_CVD_2546_60s_20x20ptsdet_1_5_4   211887 26819  197 1164   421 89884 7766
20230627_CVD_2546_60s_20x20ptsdet_1_5_5   212474 27106  271 1199   350 89654 7744
20230627_CVD_2546_60s_20x20ptsdet_1_5_6   213223 26927  257 1155   352 90049 7740
20230627_CVD_2546_60s_20x20ptsdet_1_5_7   211787 26617  286 1152   327 89915 7915
20230627_CVD_2546_60s_20x20ptsdet_1_5_8   212105 26903  200 1085   379 89957 8004
20230627_CVD_2546_60s_20x20ptsdet_1_5_9   212567 26959  235 1133   361 89412 7807
20230627_CVD_2546_60s_20x20ptsdet_1_6_0   213009 26906  264 1118   354 89237 7742
20230627_CVD_2546_60s_20x20ptsdet_1_6_1   212324 26651  243 1098   259 90479 7720
20230627_CVD_2546_60s_20x20ptsdet_1_6_10  213252 26935  250 1256   520 90255 7485
20230627_CVD_2546_60s_20x20ptsdet_1_6_11  211662 26732  301 1158   383 90329 7532
20230627_CVD_2546_60s_20x20ptsdet_1_6_12  212196 26585  287 1115   287 89015 7598
20230627_CVD_2546_60s_20x20ptsdet_1_6_13  212649 26774  308 1183   418 90932 7595
20230627_CVD_2546_60s_20x20ptsdet_1_6_14  213629 26967  238 1143   257 90353 7509
20230627_CVD_2546_60s_20x20ptsdet_1_6_15  213579 26946  269 1160   466 90214 7551
20230627_CVD_2546_60s_20x20ptsdet_1_6_16  212923 26841  277 1132   307 89746 7702
20230627_CVD_2546_60s_20x20ptsdet_1_6_17  212639 27150  251 1168   324 90045 7514
20230627_CVD_2546_60s_20x20ptsdet_1_6_18  213451 27283  260 1156   346 90838 7734
20230627_CVD_2546_60s_20x20ptsdet_1_6_19  213921 27003  271 1207   324 90053 7776
20230627_CVD_2546_60s_20x20ptsdet_1_6_2   212968 26659  280 1217   410 90017 7583
20230627_CVD_2546_60s_20x20ptsdet_1_6_3   212757 26823  238 1107   286 89362 7586
20230627_CVD_2546_60s_20x20ptsdet_1_6_4   211630 26637  287 1213   431 89978 7733
20230627_CVD_2546_60s_20x20ptsdet_1_6_5   212927 26989  275 1127   404 89237 7721
20230627_CVD_2546_60s_20x20ptsdet_1_6_6   212168 27169  247 1219   344 89206 7595
20230627_CVD_2546_60s_20x20ptsdet_1_6_7   212459 26651  247 1178   201 89787 7866
20230627_CVD_2546_60s_20x20ptsdet_1_6_8   212449 26904  293 1188   379 90493 7872
20230627_CVD_2546_60s_20x20ptsdet_1_6_9   212744 27079  250 1197   504 89766 7575
20230627_CVD_2546_60s_20x20ptsdet_1_7_0   213530 27192  248 1184   348 90028 7761
20230627_CVD_2546_60s_20x20ptsdet_1_7_1   213493 26898  252 1183   337 89594 7952
20230627_CVD_2546_60s_20x20ptsdet_1_7_10  215492 26843  238 1057   214 91172 8016
20230627_CVD_2546_60s_20x20ptsdet_1_7_11  214900 26666  272 1150   249 91265 7771
20230627_CVD_2546_60s_20x20ptsdet_1_7_12  215141 27275  282 1090   437 90866 7884
20230627_CVD_2546_60s_20x20ptsdet_1_7_13  215042 27241  270 1151   327 90658 7528
20230627_CVD_2546_60s_20x20ptsdet_1_7_14  215375 27014  251 1192   359 91075 7794
20230627_CVD_2546_60s_20x20ptsdet_1_7_15  214277 27242  263 1126   301 90754 7694
20230627_CVD_2546_60s_20x20ptsdet_1_7_16  215109 26921  304 1217   401 90889 7841
20230627_CVD_2546_60s_20x20ptsdet_1_7_17  214898 27310  237 1183   353 90836 7763
20230627_CVD_2546_60s_20x20ptsdet_1_7_18  214556 27002  241 1167   414 90956 7590
20230627_CVD_2546_60s_20x20ptsdet_1_7_19  214599 26931  251 1192   441 90649 7626
20230627_CVD_2546_60s_20x20ptsdet_1_7_2   214060 26759  264 1079   272 89850 7709
20230627_CVD_2546_60s_20x20ptsdet_1_7_3   213443 27019  252 1105   417 89677 7766
20230627_CVD_2546_60s_20x20ptsdet_1_7_4   213770 27143  235 1125   209 89903 7749
20230627_CVD_2546_60s_20x20ptsdet_1_7_5   215410 27213  297 1131   424 90698 7850
20230627_CVD_2546_60s_20x20ptsdet_1_7_6   213359 27527  218 1127   371 90668 7901
20230627_CVD_2546_60s_20x20ptsdet_1_7_7   214591 27345  282 1193   336 90458 7537
20230627_CVD_2546_60s_20x20ptsdet_1_7_8   214471 27048  259 1228   281 89870 7958
20230627_CVD_2546_60s_20x20ptsdet_1_7_9   214306 27094  253 1161   275 90733 7783
20230627_CVD_2546_60s_20x20ptsdet_1_8_0   214439 27177  249 1141   465 90784 7997
20230627_CVD_2546_60s_20x20ptsdet_1_8_1   215486 27096  267 1223   371 90766 7865
20230627_CVD_2546_60s_20x20ptsdet_1_8_10  213604 27111  277 1166   308 89933 7781
20230627_CVD_2546_60s_20x20ptsdet_1_8_11  214101 27230  271 1099   336 90498 7515
20230627_CVD_2546_60s_20x20ptsdet_1_8_12  213922 26784  252 1127   296 90818 7646
20230627_CVD_2546_60s_20x20ptsdet_1_8_13  213623 27063  290 1191   362 90337 7617
20230627_CVD_2546_60s_20x20ptsdet_1_8_14  214055 26802  254 1156   335 90247 7653
20230627_CVD_2546_60s_20x20ptsdet_1_8_15  214368 27235  276 1194   276 91322 7675
20230627_CVD_2546_60s_20x20ptsdet_1_8_16  214800 27076  274 1146   350 91457 7655
20230627_CVD_2546_60s_20x20ptsdet_1_8_17  214029 26801  242 1116   409 90903 7905
20230627_CVD_2546_60s_20x20ptsdet_1_8_18  214397 27056  244 1050   272 90054 7832
20230627_CVD_2546_60s_20x20ptsdet_1_8_19  213436 27403  261 1190   431 90851 7757
20230627_CVD_2546_60s_20x20ptsdet_1_8_2   214358 27041  287 1090   297 90106 7862
20230627_CVD_2546_60s_20x20ptsdet_1_8_3   215519 27009  269 1141   341 90143 7941
20230627_CVD_2546_60s_20x20ptsdet_1_8_4   214664 26796  245 1048   400 89489 7807
20230627_CVD_2546_60s_20x20ptsdet_1_8_5   214395 26814  249 1206   289 90073 7912
20230627_CVD_2546_60s_20x20ptsdet_1_8_6   213460 26938  280 1109   236 90047 7954
20230627_CVD_2546_60s_20x20ptsdet_1_8_7   213265 27099  273 1221   323 89956 7557
20230627_CVD_2546_60s_20x20ptsdet_1_8_8   213020 26756  279 1106   280 89947 7638
20230627_CVD_2546_60s_20x20ptsdet_1_8_9   213149 26713  266 1211   358 89907 7719
20230627_CVD_2546_60s_20x20ptsdet_1_9_0   215220 26821  259 1158   380 90369 7766
20230627_CVD_2546_60s_20x20ptsdet_1_9_1   214050 26863  260 1284   351 90103 7766
20230627_CVD_2546_60s_20x20ptsdet_1_9_10  214010 27225  288 1146   416 90820 8180
20230627_CVD_2546_60s_20x20ptsdet_1_9_11  215027 27094  302 1158   366 90689 7568
20230627_CVD_2546_60s_20x20ptsdet_1_9_12  215070 27084  261 1159   337 90300 7854
20230627_CVD_2546_60s_20x20ptsdet_1_9_13  215429 27194  309 1155   289 90543 7613
20230627_CVD_2546_60s_20x20ptsdet_1_9_14  214408 27119  261 1139   409 90718 7877
20230627_CVD_2546_60s_20x20ptsdet_1_9_15  215138 27263  200 1214   405 90861 7654
20230627_CVD_2546_60s_20x20ptsdet_1_9_16  214828 27103  225 1207   466 90781 7768
20230627_CVD_2546_60s_20x20ptsdet_1_9_17  214292 27234  272 1109   262 90575 7339
20230627_CVD_2546_60s_20x20ptsdet_1_9_18  213978 27017  287 1153   308 90958 7539
20230627_CVD_2546_60s_20x20ptsdet_1_9_19  214071 26814  274 1202   414 91449 7826
20230627_CVD_2546_60s_20x20ptsdet_1_9_2   213932 26984  282 1077   381 90862 8030
20230627_CVD_2546_60s_20x20ptsdet_1_9_3   215346 27103  234 1127   310 90631 7635
20230627_CVD_2546_60s_20x20ptsdet_1_9_4   214560 27140  260 1104   399 90409 7617
20230627_CVD_2546_60s_20x20ptsdet_1_9_5   214053 27008  299 1172   379 90593 7883
20230627_CVD_2546_60s_20x20ptsdet_1_9_6   214575 27207  271 1160   458 90602 7733
20230627_CVD_2546_60s_20x20ptsdet_1_9_7   213809 26965  274 1150   358 90166 7653
20230627_CVD_2546_60s_20x20ptsdet_1_9_8   212945 26556  271 1110   352 89675 7711
20230627_CVD_2546_60s_20x20ptsdet_1_9_9   215310 27202  288 1275   469 91022 7765
20230627_CVD_2546_60s_20x20ptsdet_2_0_0   226536 27271  270 1051   348 93904 8174
20230627_CVD_2546_60s_20x20ptsdet_2_0_1   226860 27298  260 1281   375 92528 8395
20230627_CVD_2546_60s_20x20ptsdet_2_0_10  226223 27754  245 1235   601 93371 8414
20230627_CVD_2546_60s_20x20ptsdet_2_0_11  226056 27470  286 1112   496 94242 8346
20230627_CVD_2546_60s_20x20ptsdet_2_0_12  225242 27427  266 1085   353 93889 8172
20230627_CVD_2546_60s_20x20ptsdet_2_0_13  225903 27512  287 1189   357 92864 7944
20230627_CVD_2546_60s_20x20ptsdet_2_0_14  225051 27547  257 1155   258 93244 8260
20230627_CVD_2546_60s_20x20ptsdet_2_0_15  225122 27613  275 1258   431 93585 8078
20230627_CVD_2546_60s_20x20ptsdet_2_0_16  225369 27393  278 1173   353 94339 8195
20230627_CVD_2546_60s_20x20ptsdet_2_0_17  226763 27311  221 1202   344 93914 8136
20230627_CVD_2546_60s_20x20ptsdet_2_0_18  225348 27230  249 1152   299 93591 8069
20230627_CVD_2546_60s_20x20ptsdet_2_0_19  226632 27287  255 1315   390 93514 8364
20230627_CVD_2546_60s_20x20ptsdet_2_0_2   225941 27410  260 1071   231 93393 8249
20230627_CVD_2546_60s_20x20ptsdet_2_0_3   225869 27565  286 1248   407 93736 8225
20230627_CVD_2546_60s_20x20ptsdet_2_0_4   226431 27560  245 1180   221 93636 8173
20230627_CVD_2546_60s_20x20ptsdet_2_0_5   221594 27029  265 1237   444 91909 8259
20230627_CVD_2546_60s_20x20ptsdet_2_0_6   222057 26856  242 1120   398 92417 8017
20230627_CVD_2546_60s_20x20ptsdet_2_0_7   226308 27361  231 1265   369 94091 8281
20230627_CVD_2546_60s_20x20ptsdet_2_0_8   225669 27427  251 1118   379 93757 8091
20230627_CVD_2546_60s_20x20ptsdet_2_0_9   226536 27458  268 1167   300 93869 8177
20230627_CVD_2546_60s_20x20ptsdet_2_10_0  225695 27019  274 1179   335 92389 7995
20230627_CVD_2546_60s_20x20ptsdet_2_10_1  224811 27341  263 1124   258 93605 8117
20230627_CVD_2546_60s_20x20ptsdet_2_10_10 223956 27272  275 1226   351 93170 8051
20230627_CVD_2546_60s_20x20ptsdet_2_10_11 223481 27086  251 1108   296 92490 7888
20230627_CVD_2546_60s_20x20ptsdet_2_10_12 223750 27366  245 1102   327 93035 7993
20230627_CVD_2546_60s_20x20ptsdet_2_10_13 223940 27001  259 1054   413 93120 7944
20230627_CVD_2546_60s_20x20ptsdet_2_10_14 223525 27310  283 1130   423 92906 8065
20230627_CVD_2546_60s_20x20ptsdet_2_10_15 223285 26675  232 1138   335 93754 8074
20230627_CVD_2546_60s_20x20ptsdet_2_10_16 223690 27218  277 1210   365 93432 8349
20230627_CVD_2546_60s_20x20ptsdet_2_10_17 224030 27121  271 1145   353 93304 8120
20230627_CVD_2546_60s_20x20ptsdet_2_10_18 224900 27095  280 1176   322 93556 7991
20230627_CVD_2546_60s_20x20ptsdet_2_10_19 224614 27326  261 1190   443 94339 8338
20230627_CVD_2546_60s_20x20ptsdet_2_10_2  225111 27119  286 1301   459 93313 7874
20230627_CVD_2546_60s_20x20ptsdet_2_10_3  224782 27493  224 1163   434 93797 8100
20230627_CVD_2546_60s_20x20ptsdet_2_10_4  224173 26994  229 1256   446 92324 8069
20230627_CVD_2546_60s_20x20ptsdet_2_10_5  224431 26966  277 1108   352 93388 8043
20230627_CVD_2546_60s_20x20ptsdet_2_10_6  223706 27260  252 1039   364 92855 8132
20230627_CVD_2546_60s_20x20ptsdet_2_10_7  223807 26937  235 1267   220 93043 8130
20230627_CVD_2546_60s_20x20ptsdet_2_10_8  225052 27136  256 1064   334 93290 8214
20230627_CVD_2546_60s_20x20ptsdet_2_10_9  225302 27135  259 1115   374 93633 7983
20230627_CVD_2546_60s_20x20ptsdet_2_11_0  224260 27564  282 1134   251 93195 8057
20230627_CVD_2546_60s_20x20ptsdet_2_11_1  224326 27083  266 1183   311 94043 8261
20230627_CVD_2546_60s_20x20ptsdet_2_11_10 225290 27337  245 1142   292 93062 8220
20230627_CVD_2546_60s_20x20ptsdet_2_11_11 225604 27488  266 1207   269 93193 8260
20230627_CVD_2546_60s_20x20ptsdet_2_11_12 225553 26984  270 1155   314 94035 8209
20230627_CVD_2546_60s_20x20ptsdet_2_11_13 224733 27363  285 1132   310 93837 8164
20230627_CVD_2546_60s_20x20ptsdet_2_11_14 225447 27288  283 1092   386 93383 7925
20230627_CVD_2546_60s_20x20ptsdet_2_11_15 225324 27621  279 1174   351 93524 8135
20230627_CVD_2546_60s_20x20ptsdet_2_11_16 225143 27264  277 1177   442 93349 7733
20230627_CVD_2546_60s_20x20ptsdet_2_11_17 223495 27354  263 1204   470 93944 8003
20230627_CVD_2546_60s_20x20ptsdet_2_11_18 226024 27600  223 1230   267 94098 8243
20230627_CVD_2546_60s_20x20ptsdet_2_11_19 225445 27227  261 1153   345 93587 8377
20230627_CVD_2546_60s_20x20ptsdet_2_11_2  224470 27404  249 1152   437 93168 7993
20230627_CVD_2546_60s_20x20ptsdet_2_11_3  225201 27455  202 1283   400 92777 7949
20230627_CVD_2546_60s_20x20ptsdet_2_11_4  225015 27006  202 1231   529 93272 8056
20230627_CVD_2546_60s_20x20ptsdet_2_11_5  224168 27422  286 1104   453 93554 8118
20230627_CVD_2546_60s_20x20ptsdet_2_11_6  223947 26928  226 1219   364 92635 7853
20230627_CVD_2546_60s_20x20ptsdet_2_11_7  225840 27336  301 1088   296 93572 8257
20230627_CVD_2546_60s_20x20ptsdet_2_11_8  225162 27356  275 1175   359 93615 8117
20230627_CVD_2546_60s_20x20ptsdet_2_11_9  224985 27329  282 1122   474 93655 8110
20230627_CVD_2546_60s_20x20ptsdet_2_12_0  226201 27319  269 1240   375 93910 7968
20230627_CVD_2546_60s_20x20ptsdet_2_12_1  225523 27191  247 1143   289 94048 8009
20230627_CVD_2546_60s_20x20ptsdet_2_12_10 224263 27102  253 1171   519 93839 8227
20230627_CVD_2546_60s_20x20ptsdet_2_12_11 223707 27641  284 1232   337 93743 7915
20230627_CVD_2546_60s_20x20ptsdet_2_12_12 224257 27103  268 1157   365 93348 8161
20230627_CVD_2546_60s_20x20ptsdet_2_12_13 223690 27264  266 1254   439 93262 8065
20230627_CVD_2546_60s_20x20ptsdet_2_12_14 224625 27162  303 1243   476 92509 7937
20230627_CVD_2546_60s_20x20ptsdet_2_12_15 224325 27191  259 1122   285 93033 7827
20230627_CVD_2546_60s_20x20ptsdet_2_12_16 221668 27085  240 1052   390 92372 8063
20230627_CVD_2546_60s_20x20ptsdet_2_12_17 221572 27063  288 1196   396 92162 7990
20230627_CVD_2546_60s_20x20ptsdet_2_12_18 221651 26822  227 1106   427 92678 7880
20230627_CVD_2546_60s_20x20ptsdet_2_12_19 222275 27080  267 1144   354 92793 8245
20230627_CVD_2546_60s_20x20ptsdet_2_12_2  225365 27362  259 1116   381 93758 8321
20230627_CVD_2546_60s_20x20ptsdet_2_12_3  223514 27232  256 1142   301 93435 8249
20230627_CVD_2546_60s_20x20ptsdet_2_12_4  224449 27476  285 1147   321 93075 7971
20230627_CVD_2546_60s_20x20ptsdet_2_12_5  225424 27312  253 1190   312 92831 8175
20230627_CVD_2546_60s_20x20ptsdet_2_12_6  224636 26986  298 1042   212 93313 8026
20230627_CVD_2546_60s_20x20ptsdet_2_12_7  224590 27019  296 1174   335 93122 8014
20230627_CVD_2546_60s_20x20ptsdet_2_12_8  224064 27367  285 1176   399 93331 8063
20230627_CVD_2546_60s_20x20ptsdet_2_12_9  224769 27342  241 1223   434 93441 8112
20230627_CVD_2546_60s_20x20ptsdet_2_13_0  223539 27092  244 1070   355 93262 7947
20230627_CVD_2546_60s_20x20ptsdet_2_13_1  224221 26892  264 1134   409 93489 8163
20230627_CVD_2546_60s_20x20ptsdet_2_13_10 225075 27356  270 1127   367 93003 7926
20230627_CVD_2546_60s_20x20ptsdet_2_13_11 223889 27044  243 1182   343 93244 8024
20230627_CVD_2546_60s_20x20ptsdet_2_13_12 224069 27043  247 1162   343 93171 8119
20230627_CVD_2546_60s_20x20ptsdet_2_13_13 223140 27524  262 1086   264 93087 8001
20230627_CVD_2546_60s_20x20ptsdet_2_13_14 223398 26934  236 1100   337 92696 8232
20230627_CVD_2546_60s_20x20ptsdet_2_13_15 222541 26946  271 1101   418 92980 7898
20230627_CVD_2546_60s_20x20ptsdet_2_13_16 223391 27501  284 1124   514 92965 8050
20230627_CVD_2546_60s_20x20ptsdet_2_13_17 223360 26594  271 1089   412 93350 8036
20230627_CVD_2546_60s_20x20ptsdet_2_13_18 223678 27091  260 1155   377 92543 8200
20230627_CVD_2546_60s_20x20ptsdet_2_13_19 223818 27361  250 1154   425 93549 8294
20230627_CVD_2546_60s_20x20ptsdet_2_13_2  225039 27412  275 1068   457 93530 7972
20230627_CVD_2546_60s_20x20ptsdet_2_13_3  224742 27287  247 1185   341 93345 8035
20230627_CVD_2546_60s_20x20ptsdet_2_13_4  225699 27206  248 1183   267 93229 8050
20230627_CVD_2546_60s_20x20ptsdet_2_13_5  224919 27316  283 1213   446 93598 8012
20230627_CVD_2546_60s_20x20ptsdet_2_13_6  223847 27531  249 1149   436 93441 7769
20230627_CVD_2546_60s_20x20ptsdet_2_13_7  223726 27330  317 1112   316 93108 8295
20230627_CVD_2546_60s_20x20ptsdet_2_13_8  224483 27290  278 1170   539 94013 8012
20230627_CVD_2546_60s_20x20ptsdet_2_13_9  225152 27210  286 1159   403 93760 8101
20230627_CVD_2546_60s_20x20ptsdet_2_14_0  224788 26939  261 1151   337 92899 8061
20230627_CVD_2546_60s_20x20ptsdet_2_14_1  224821 27086  272 1156   384 93160 7870
20230627_CVD_2546_60s_20x20ptsdet_2_14_10 224780 27408  244 1196   233 93262 8090
20230627_CVD_2546_60s_20x20ptsdet_2_14_11 225727 27358  320 1208   382 93638 8216
20230627_CVD_2546_60s_20x20ptsdet_2_14_12 225876 27444  246 1131   454 93378 8026
20230627_CVD_2546_60s_20x20ptsdet_2_14_13 225488 26831  274 1115   249 93314 8104
20230627_CVD_2546_60s_20x20ptsdet_2_14_14 224346 27314  274 1148   320 93579 8034
20230627_CVD_2546_60s_20x20ptsdet_2_14_15 225163 27327  273 1158   406 93257 8155
20230627_CVD_2546_60s_20x20ptsdet_2_14_16 224991 27293  255 1144   359 93419 8033
20230627_CVD_2546_60s_20x20ptsdet_2_14_17 224812 27314  310 1132   350 93354 8024
20230627_CVD_2546_60s_20x20ptsdet_2_14_18 224863 27329  271 1191   290 93616 8022
20230627_CVD_2546_60s_20x20ptsdet_2_14_19 225127 27581  263 1178   277 94085 8245
20230627_CVD_2546_60s_20x20ptsdet_2_14_2  224047 27250  273 1083   208 92858 8000
20230627_CVD_2546_60s_20x20ptsdet_2_14_3  224610 27285  251 1234   414 93430 8343
20230627_CVD_2546_60s_20x20ptsdet_2_14_4  224850 27114  260 1192   432 92959 7884
20230627_CVD_2546_60s_20x20ptsdet_2_14_5  224152 27422  274 1256   389 92889 8061
20230627_CVD_2546_60s_20x20ptsdet_2_14_6  224918 26917  263 1179   320 92687 7870
20230627_CVD_2546_60s_20x20ptsdet_2_14_7  224380 27284  266 1029   257 93294 7889
20230627_CVD_2546_60s_20x20ptsdet_2_14_8  224530 27024  238 1212   310 93176 7905
20230627_CVD_2546_60s_20x20ptsdet_2_14_9  223833 27180  263 1171   415 93207 7904
20230627_CVD_2546_60s_20x20ptsdet_2_15_0  225505 27128  276 1110   391 93504 8005
20230627_CVD_2546_60s_20x20ptsdet_2_15_1  225963 27210  280 1093   282 93492 7884
20230627_CVD_2546_60s_20x20ptsdet_2_15_10 224700 27221  275 1199   346 93316 8277
20230627_CVD_2546_60s_20x20ptsdet_2_15_11 224550 27221  290 1083   297 93235 8096
20230627_CVD_2546_60s_20x20ptsdet_2_15_12 225814 27155  279 1212   279 94293 8202
20230627_CVD_2546_60s_20x20ptsdet_2_15_13 224992 27509  263 1062   384 93884 8329
20230627_CVD_2546_60s_20x20ptsdet_2_15_14 225352 27481  307 1187   385 93764 7997
20230627_CVD_2546_60s_20x20ptsdet_2_15_15 226098 27126  274 1120   341 93290 7967
20230627_CVD_2546_60s_20x20ptsdet_2_15_16 224640 27204  262 1115   246 93253 8182
20230627_CVD_2546_60s_20x20ptsdet_2_15_17 222546 27104  266 1038   319 92739 8036
20230627_CVD_2546_60s_20x20ptsdet_2_15_18 224574 27437  243 1192   443 92784 7917
20230627_CVD_2546_60s_20x20ptsdet_2_15_19 223833 27104  244 1131   349 92863 8059
20230627_CVD_2546_60s_20x20ptsdet_2_15_2  225075 27299  252 1044   270 93586 8372
20230627_CVD_2546_60s_20x20ptsdet_2_15_3  225808 26952  237 1109   291 93599 8232
20230627_CVD_2546_60s_20x20ptsdet_2_15_4  225362 27082  277 1143   393 93290 8052
20230627_CVD_2546_60s_20x20ptsdet_2_15_5  224802 27170  295 1139   407 93475 8356
20230627_CVD_2546_60s_20x20ptsdet_2_15_6  225495 27337  259 1130   434 93018 7844
20230627_CVD_2546_60s_20x20ptsdet_2_15_7  223984 27212  268 1101   333 93528 7975
20230627_CVD_2546_60s_20x20ptsdet_2_15_8  224593 27238  261 1140   367 93959 7948
20230627_CVD_2546_60s_20x20ptsdet_2_15_9  224082 27250  242 1180   312 93584 8144
20230627_CVD_2546_60s_20x20ptsdet_2_16_0  223692 27091  251 1283   372 92447 7909
20230627_CVD_2546_60s_20x20ptsdet_2_16_1  224214 27115  263 1107   319 92720 8078
20230627_CVD_2546_60s_20x20ptsdet_2_16_10 223899 27235  289 1061   337 92590 8082
20230627_CVD_2546_60s_20x20ptsdet_2_16_11 224549 26786  274 1129   413 93365 7796
20230627_CVD_2546_60s_20x20ptsdet_2_16_12 224770 27309  260 1129   353 93285 7772
20230627_CVD_2546_60s_20x20ptsdet_2_16_13 224198 27579  254 1084   405 93193 7944
20230627_CVD_2546_60s_20x20ptsdet_2_16_14 224545 27059  262 1235   452 93496 7919
20230627_CVD_2546_60s_20x20ptsdet_2_16_15 224353 27159  296 1193   422 93012 7911
20230627_CVD_2546_60s_20x20ptsdet_2_16_16 224928 27437  280 1201   344 93389 7920
20230627_CVD_2546_60s_20x20ptsdet_2_16_17 224504 27319  256 1100   326 93375 8065
20230627_CVD_2546_60s_20x20ptsdet_2_16_18 224664 27407  259 1244   400 93588 7845
20230627_CVD_2546_60s_20x20ptsdet_2_16_19 223899 27317  292 1233   286 93001 8031
20230627_CVD_2546_60s_20x20ptsdet_2_16_2  223496 27011  258 1189   230 93165 7998
20230627_CVD_2546_60s_20x20ptsdet_2_16_3  224445 27241  264 1248   545 93343 8052
20230627_CVD_2546_60s_20x20ptsdet_2_16_4  224235 27248  261 1133   322 92931 7963
20230627_CVD_2546_60s_20x20ptsdet_2_16_5  223920 26669  261 1102   437 92726 7806
20230627_CVD_2546_60s_20x20ptsdet_2_16_6  223424 26738  293 1112   368 93415 8036
20230627_CVD_2546_60s_20x20ptsdet_2_16_7  223877 27152  261 1198   357 92772 8005
20230627_CVD_2546_60s_20x20ptsdet_2_16_8  223634 27342  256 1107   363 92757 8104
20230627_CVD_2546_60s_20x20ptsdet_2_16_9  222905 26989  241 1164   382 92435 7619
20230627_CVD_2546_60s_20x20ptsdet_2_17_0  224895 27416  320 1132   444 93781 8041
20230627_CVD_2546_60s_20x20ptsdet_2_17_1  225307 27165  295 1058   438 93250 7879
20230627_CVD_2546_60s_20x20ptsdet_2_17_10 225352 27290  293 1159   396 93381 7810
20230627_CVD_2546_60s_20x20ptsdet_2_17_11 224750 27486  242 1283   531 92680 7827
20230627_CVD_2546_60s_20x20ptsdet_2_17_12 224419 27396  283 1173   350 93521 7993
20230627_CVD_2546_60s_20x20ptsdet_2_17_13 224529 27318  256 1236   329 92837 8029
20230627_CVD_2546_60s_20x20ptsdet_2_17_14 224875 26816  260 1149   382 93271 8007
20230627_CVD_2546_60s_20x20ptsdet_2_17_15 223370 27279  267 1175   344 92989 7947
20230627_CVD_2546_60s_20x20ptsdet_2_17_16 224376 27153  259 1197   479 92638 7793
20230627_CVD_2546_60s_20x20ptsdet_2_17_17 223484 26915  263 1233   510 93471 8105
20230627_CVD_2546_60s_20x20ptsdet_2_17_18 224201 27040  291 1066   195 93128 7984
20230627_CVD_2546_60s_20x20ptsdet_2_17_19 224632 27085  275 1151   427 93703 8009
20230627_CVD_2546_60s_20x20ptsdet_2_17_2  224692 26955  208 1060   236 92624 8139
20230627_CVD_2546_60s_20x20ptsdet_2_17_3  225339 26981  275 1150   341 93589 8051
20230627_CVD_2546_60s_20x20ptsdet_2_17_4  223658 27207  257 1168   392 93206 8045
20230627_CVD_2546_60s_20x20ptsdet_2_17_5  223637 27277  311 1107   279 93410 8113
20230627_CVD_2546_60s_20x20ptsdet_2_17_6  224395 27372  272 1116   323 92862 8142
20230627_CVD_2546_60s_20x20ptsdet_2_17_7  224287 27108  304 1155   308 93100 8171
20230627_CVD_2546_60s_20x20ptsdet_2_17_8  224442 27025  297 1234   336 94267 8294
20230627_CVD_2546_60s_20x20ptsdet_2_17_9  225304 27185  259 1062   394 93974 8088
20230627_CVD_2546_60s_20x20ptsdet_2_18_0  224850 27217  274 1219   339 93799 8143
20230627_CVD_2546_60s_20x20ptsdet_2_18_1  223929 26937  281 1219   233 93681 8076
20230627_CVD_2546_60s_20x20ptsdet_2_18_10 225985 27213  257 1101   322 93932 8267
20230627_CVD_2546_60s_20x20ptsdet_2_18_11 225637 27369  278 1115   313 93758 7934
20230627_CVD_2546_60s_20x20ptsdet_2_18_12 225083 27286  285 1226   370 93209 8004
20230627_CVD_2546_60s_20x20ptsdet_2_18_13 226347 27361  232 1193   496 93980 8019
20230627_CVD_2546_60s_20x20ptsdet_2_18_14 226112 27258  238 1089   414 94438 8157
20230627_CVD_2546_60s_20x20ptsdet_2_18_15 225736 27309  268 1118   406 93244 8219
20230627_CVD_2546_60s_20x20ptsdet_2_18_16 225626 27458  287 1179   402 93673 8273
20230627_CVD_2546_60s_20x20ptsdet_2_18_17 225717 27340  258 1106   278 93660 8100
20230627_CVD_2546_60s_20x20ptsdet_2_18_18 224980 27504  262 1145   360 94297 7915
20230627_CVD_2546_60s_20x20ptsdet_2_18_19 224824 27080  272 1174   363 93373 8036
20230627_CVD_2546_60s_20x20ptsdet_2_18_2  224024 27425  248 1251   384 93279 8095
20230627_CVD_2546_60s_20x20ptsdet_2_18_3  225132 27198  221 1249   382 93190 8005
20230627_CVD_2546_60s_20x20ptsdet_2_18_4  224843 27358  256 1166   389 93626 8190
20230627_CVD_2546_60s_20x20ptsdet_2_18_5  224817 27309  266 1090   387 93832 8022
20230627_CVD_2546_60s_20x20ptsdet_2_18_6  224922 27371  272 1237   534 93953 8086
20230627_CVD_2546_60s_20x20ptsdet_2_18_7  226170 27415  263 1106   372 93694 8271
20230627_CVD_2546_60s_20x20ptsdet_2_18_8  226679 27496  335 1218   465 94169 7847
20230627_CVD_2546_60s_20x20ptsdet_2_18_9  226053 27212  292 1236   366 93929 8059
20230627_CVD_2546_60s_20x20ptsdet_2_19_0  224784 27069  283 1206   472 93564 8050
20230627_CVD_2546_60s_20x20ptsdet_2_19_1  225596 27349  220 1205   413 94000 8090
20230627_CVD_2546_60s_20x20ptsdet_2_19_10 224574 27226  268 1117   322 93187 7983
20230627_CVD_2546_60s_20x20ptsdet_2_19_11 224230 27079  195 1147   392 93316 8132
20230627_CVD_2546_60s_20x20ptsdet_2_19_12 225085 27340  269 1224   311 93313 7935
20230627_CVD_2546_60s_20x20ptsdet_2_19_13 224762 26937  272 1197   295 93454 8040
20230627_CVD_2546_60s_20x20ptsdet_2_19_14 225222 27075  253 1137   296 93537 7967
20230627_CVD_2546_60s_20x20ptsdet_2_19_15 223627 27211  287 1261   304 93816 8049
20230627_CVD_2546_60s_20x20ptsdet_2_19_16 224744 27344  218 1176   430 93105 7981
20230627_CVD_2546_60s_20x20ptsdet_2_19_17 223380 26929  266 1205   311 93983 7970
20230627_CVD_2546_60s_20x20ptsdet_2_19_18 224154 27196  258 1229   339 93803 8068
20230627_CVD_2546_60s_20x20ptsdet_2_19_19 224696 27254  310 1180   266 93540 8064
20230627_CVD_2546_60s_20x20ptsdet_2_19_2  224457 27189  274 1233   539 93801 8058
20230627_CVD_2546_60s_20x20ptsdet_2_19_3  225252 27176  250 1254   323 93655 8047
20230627_CVD_2546_60s_20x20ptsdet_2_19_4  225304 27492  260 1136   231 93459 8168
20230627_CVD_2546_60s_20x20ptsdet_2_19_5  225322 27011  267 1106   339 93510 7981
20230627_CVD_2546_60s_20x20ptsdet_2_19_6  224904 27463  288 1109   473 93770 7883
20230627_CVD_2546_60s_20x20ptsdet_2_19_7  224496 27590  278 1108   405 93037 8142
20230627_CVD_2546_60s_20x20ptsdet_2_19_8  224129 27306  268 1155   345 93138 8027
20230627_CVD_2546_60s_20x20ptsdet_2_19_9  223961 27277  253 1241   387 92899 8005
20230627_CVD_2546_60s_20x20ptsdet_2_1_0   226333 27257  237 1078   373 93474 8119
20230627_CVD_2546_60s_20x20ptsdet_2_1_1   226734 27276  263 1102   307 93462 8104
20230627_CVD_2546_60s_20x20ptsdet_2_1_10  225987 27641  251 1135   245 92919 7936
20230627_CVD_2546_60s_20x20ptsdet_2_1_11  225201 27115  223 1058   400 93571 8203
20230627_CVD_2546_60s_20x20ptsdet_2_1_12  226249 27399  242 1111   276 93391 8208
20230627_CVD_2546_60s_20x20ptsdet_2_1_13  225841 27429  256 1163   333 93426 8273
20230627_CVD_2546_60s_20x20ptsdet_2_1_14  225518 27441  268 1080   314 93754 8125
20230627_CVD_2546_60s_20x20ptsdet_2_1_15  225883 27238  246 1216   373 93601 8015
20230627_CVD_2546_60s_20x20ptsdet_2_1_16  225890 27421  236 1248   444 93718 8163
20230627_CVD_2546_60s_20x20ptsdet_2_1_17  224843 27268  267 1138   351 93548 8102
20230627_CVD_2546_60s_20x20ptsdet_2_1_18  225416 27589  277 1229   632 93704 8239
20230627_CVD_2546_60s_20x20ptsdet_2_1_19  226510 27577  260 1297   334 93983 8083
20230627_CVD_2546_60s_20x20ptsdet_2_1_2   226405 27601  283 1065   407 92814 8083
20230627_CVD_2546_60s_20x20ptsdet_2_1_3   225924 27050  226 1158   319 93692 8258
20230627_CVD_2546_60s_20x20ptsdet_2_1_4   226395 27262  225 1216   316 93465 8140
20230627_CVD_2546_60s_20x20ptsdet_2_1_5   224650 27720  264 1092   252 93821 8293
20230627_CVD_2546_60s_20x20ptsdet_2_1_6   225242 27091  228 1196   372 92818 8102
20230627_CVD_2546_60s_20x20ptsdet_2_1_7   225439 27407  303 1153   256 93299 8428
20230627_CVD_2546_60s_20x20ptsdet_2_1_8   225283 27080  265 1107   234 93262 8044
20230627_CVD_2546_60s_20x20ptsdet_2_1_9   225495 27084  265 1197   246 93572 8136
20230627_CVD_2546_60s_20x20ptsdet_2_2_0   225661 27568  239 1172   339 93315 8137
20230627_CVD_2546_60s_20x20ptsdet_2_2_1   225855 27144  223 1120   325 93292 8116
20230627_CVD_2546_60s_20x20ptsdet_2_2_10  225670 27304  292 1171   325 93661 8218
20230627_CVD_2546_60s_20x20ptsdet_2_2_11  225245 27159  212 1144   441 93112 7990
20230627_CVD_2546_60s_20x20ptsdet_2_2_12  225865 27293  246 1188   366 93646 8227
20230627_CVD_2546_60s_20x20ptsdet_2_2_13  224821 27233  273 1217   362 93104 8050
20230627_CVD_2546_60s_20x20ptsdet_2_2_14  223534 27149  319 1079   505 92615 8143
20230627_CVD_2546_60s_20x20ptsdet_2_2_15  222155 27263  259 1038   409 92426 8010
20230627_CVD_2546_60s_20x20ptsdet_2_2_16  225282 26896  305 1169   373 93786 8400
20230627_CVD_2546_60s_20x20ptsdet_2_2_17  224652 27559  280 1110   338 93814 7984
20230627_CVD_2546_60s_20x20ptsdet_2_2_18  225474 27117  273 1174   307 93077 8027
20230627_CVD_2546_60s_20x20ptsdet_2_2_19  224891 27192  263 1180   491 93099 8379
20230627_CVD_2546_60s_20x20ptsdet_2_2_2   225279 27599  250 1211   314 92718 8074
20230627_CVD_2546_60s_20x20ptsdet_2_2_3   225889 27393  253 1111   372 92996 8085
20230627_CVD_2546_60s_20x20ptsdet_2_2_4   226248 27341  280 1168   302 92828 8001
20230627_CVD_2546_60s_20x20ptsdet_2_2_5   226392 27341  223 1143   393 93271 8018
20230627_CVD_2546_60s_20x20ptsdet_2_2_6   225365 27352  268 1167   455 93359 8112
20230627_CVD_2546_60s_20x20ptsdet_2_2_7   225774 27314  255 1134   444 93180 8123
20230627_CVD_2546_60s_20x20ptsdet_2_2_8   225389 27174  259 1115   219 92718 8163
20230627_CVD_2546_60s_20x20ptsdet_2_2_9   225371 27344  273 1100   323 92906 8058
20230627_CVD_2546_60s_20x20ptsdet_2_3_0   223154 27134  271 1156   324 92955 8234
20230627_CVD_2546_60s_20x20ptsdet_2_3_1   221630 27246  283 1006   330 92009 8276
20230627_CVD_2546_60s_20x20ptsdet_2_3_10  222769 26825  264 1129   331 92705 7756
20230627_CVD_2546_60s_20x20ptsdet_2_3_11  223038 27390  248 1139   271 92501 8210
20230627_CVD_2546_60s_20x20ptsdet_2_3_12  222106 27134  238 1196   429 92536 7993
20230627_CVD_2546_60s_20x20ptsdet_2_3_13  222703 27009  253 1181   418 92030 7752
20230627_CVD_2546_60s_20x20ptsdet_2_3_14  221287 26908  254 1119   386 91850 7925
20230627_CVD_2546_60s_20x20ptsdet_2_3_15  221766 27068  270 1166   423 92296 7913
20230627_CVD_2546_60s_20x20ptsdet_2_3_16  221922 26742  248 1030   294 92189 7999
20230627_CVD_2546_60s_20x20ptsdet_2_3_17  221719 26854  251 1139   393 92100 8177
20230627_CVD_2546_60s_20x20ptsdet_2_3_18  221943 26954  259 1227   266 91370 7968
20230627_CVD_2546_60s_20x20ptsdet_2_3_19  221248 26889  275 1143   383 92549 8019
20230627_CVD_2546_60s_20x20ptsdet_2_3_2   223238 27047  260 1140   381 92076 7984
20230627_CVD_2546_60s_20x20ptsdet_2_3_3   222764 26946  264 1116   430 92479 8071
20230627_CVD_2546_60s_20x20ptsdet_2_3_4   224454 27228  280 1220   299 92109 8192
20230627_CVD_2546_60s_20x20ptsdet_2_3_5   224406 27453  268 1151   437 92530 7977
20230627_CVD_2546_60s_20x20ptsdet_2_3_6   223979 27074  314 1213   317 92300 8168
20230627_CVD_2546_60s_20x20ptsdet_2_3_7   223070 27058  284 1216   494 92521 8231
20230627_CVD_2546_60s_20x20ptsdet_2_3_8   224066 27000  273 1143   404 93075 7988
20230627_CVD_2546_60s_20x20ptsdet_2_3_9   223268 27055  227 1312   386 92556 8208
20230627_CVD_2546_60s_20x20ptsdet_2_4_0   223906 27287  264 1140   362 92761 8073
20230627_CVD_2546_60s_20x20ptsdet_2_4_1   223534 26941  262 1170   360 92815 7951
20230627_CVD_2546_60s_20x20ptsdet_2_4_10  222925 27184  240 1163   463 92406 7994
20230627_CVD_2546_60s_20x20ptsdet_2_4_11  222633 27094  265 1126   311 92249 8143
20230627_CVD_2546_60s_20x20ptsdet_2_4_12  222456 27216  261 1177   357 92737 8130
20230627_CVD_2546_60s_20x20ptsdet_2_4_13  222201 27123  273 1168   445 93079 8139
20230627_CVD_2546_60s_20x20ptsdet_2_4_14  222128 27112  259 1252   433 92761 8041
20230627_CVD_2546_60s_20x20ptsdet_2_4_15  222277 26703  251 1143   429 92560 8139
20230627_CVD_2546_60s_20x20ptsdet_2_4_16  222039 26805  272 1024   386 92675 7981
20230627_CVD_2546_60s_20x20ptsdet_2_4_17  222606 27316  282 1155   293 92664 8110
20230627_CVD_2546_60s_20x20ptsdet_2_4_18  222634 26905  254 1157   420 92410 8093
20230627_CVD_2546_60s_20x20ptsdet_2_4_19  222074 26807  285 1166   275 92020 8262
20230627_CVD_2546_60s_20x20ptsdet_2_4_2   224566 27218  242 1156   365 92228 7981
20230627_CVD_2546_60s_20x20ptsdet_2_4_3   224678 27271  294 1121   265 93389 8173
20230627_CVD_2546_60s_20x20ptsdet_2_4_4   223362 26949  209 1056   317 92595 8087
20230627_CVD_2546_60s_20x20ptsdet_2_4_5   223420 27208  274 1240   378 92582 8346
20230627_CVD_2546_60s_20x20ptsdet_2_4_6   223731 27064  249 1118   385 93182 7999
20230627_CVD_2546_60s_20x20ptsdet_2_4_7   223563 27363  234 1094   348 92506 8148
20230627_CVD_2546_60s_20x20ptsdet_2_4_8   223069 26876  305 1166   452 92654 7830
20230627_CVD_2546_60s_20x20ptsdet_2_4_9   221999 27105  243 1199   486 92236 7870
20230627_CVD_2546_60s_20x20ptsdet_2_5_0   221676 27007  280 1141   231 91979 8150
20230627_CVD_2546_60s_20x20ptsdet_2_5_1   222737 27066  257 1217   326 92184 8064
20230627_CVD_2546_60s_20x20ptsdet_2_5_10  222739 26657  261 1097   297 92021 7965
20230627_CVD_2546_60s_20x20ptsdet_2_5_11  222180 26882  231 1066   272 92609 8151
20230627_CVD_2546_60s_20x20ptsdet_2_5_12  221296 26867  249 1195   444 92151 8131
20230627_CVD_2546_60s_20x20ptsdet_2_5_13  221179 26917  275 1121   349 91983 8133
20230627_CVD_2546_60s_20x20ptsdet_2_5_14  221882 27170  263 1080   451 92245 8252
20230627_CVD_2546_60s_20x20ptsdet_2_5_15  221113 27017  265 1114   408 92899 8071
20230627_CVD_2546_60s_20x20ptsdet_2_5_16  221256 26904  278 1159   331 92601 7957
20230627_CVD_2546_60s_20x20ptsdet_2_5_17  221895 26744  253 1113   374 91842 7923
20230627_CVD_2546_60s_20x20ptsdet_2_5_18  221887 26745  273 1168   550 91666 7822
20230627_CVD_2546_60s_20x20ptsdet_2_5_19  221983 26853  276 1129   286 92444 8116
20230627_CVD_2546_60s_20x20ptsdet_2_5_2   222287 27060  276 1173   291 92236 7967
20230627_CVD_2546_60s_20x20ptsdet_2_5_3   222104 27044  278 1161   385 92164 8043
20230627_CVD_2546_60s_20x20ptsdet_2_5_4   222732 27036  228 1072   351 91708 7869
20230627_CVD_2546_60s_20x20ptsdet_2_5_5   222329 26730  273 1222   519 92548 7764
20230627_CVD_2546_60s_20x20ptsdet_2_5_6   221792 27030  259 1197   473 91880 8009
20230627_CVD_2546_60s_20x20ptsdet_2_5_7   222185 26722  246 1221   416 91785 8260
20230627_CVD_2546_60s_20x20ptsdet_2_5_8   222002 26852  292 1262   238 91911 7951
20230627_CVD_2546_60s_20x20ptsdet_2_5_9   222306 26970  252 1168   421 91962 8103
20230627_CVD_2546_60s_20x20ptsdet_2_6_0   221832 26805  242 1210   396 92237 8042
20230627_CVD_2546_60s_20x20ptsdet_2_6_1   222521 26726  249 1098   280 92063 8016
20230627_CVD_2546_60s_20x20ptsdet_2_6_10  222784 27027  281 1132   361 92805 7863
20230627_CVD_2546_60s_20x20ptsdet_2_6_11  222678 27024  256 1166   311 92461 8056
20230627_CVD_2546_60s_20x20ptsdet_2_6_12  221951 27238  298 1185   271 92487 8023
20230627_CVD_2546_60s_20x20ptsdet_2_6_13  222952 26921  284 1122   332 93159 8072
20230627_CVD_2546_60s_20x20ptsdet_2_6_14  222887 27097  278 1182   409 93110 8212
20230627_CVD_2546_60s_20x20ptsdet_2_6_15  221934 26685  247 1193   287 92713 8213
20230627_CVD_2546_60s_20x20ptsdet_2_6_16  221238 26933  282 1129   300 92768 8137
20230627_CVD_2546_60s_20x20ptsdet_2_6_17  223124 27204  266 1163   410 93300 8188
20230627_CVD_2546_60s_20x20ptsdet_2_6_18  222706 27265  255 1173   348 92546 8148
20230627_CVD_2546_60s_20x20ptsdet_2_6_19  223589 27192  271 1216   223 92128 7956
20230627_CVD_2546_60s_20x20ptsdet_2_6_2   222121 26819  278 1131   454 92485 7859
20230627_CVD_2546_60s_20x20ptsdet_2_6_3   221092 27154  301 1064   251 92580 8136
20230627_CVD_2546_60s_20x20ptsdet_2_6_4   222674 27054  260 1121   320 91980 8041
20230627_CVD_2546_60s_20x20ptsdet_2_6_5   221810 26958  229 1169   385 91916 8074
20230627_CVD_2546_60s_20x20ptsdet_2_6_6   221806 27106  274 1309   339 91519 8032
20230627_CVD_2546_60s_20x20ptsdet_2_6_7   221319 26934  221 1153   377 92242 7918
20230627_CVD_2546_60s_20x20ptsdet_2_6_8   222502 27036  276 1160   488 92679 7924
20230627_CVD_2546_60s_20x20ptsdet_2_6_9   221749 26974  265 1067   254 92072 8281
20230627_CVD_2546_60s_20x20ptsdet_2_7_0   222879 26987  252 1140   396 92090 7892
20230627_CVD_2546_60s_20x20ptsdet_2_7_1   222867 26943  238 1192   489 92071 8025
20230627_CVD_2546_60s_20x20ptsdet_2_7_10  224653 27131  296 1170   411 93673 8305
20230627_CVD_2546_60s_20x20ptsdet_2_7_11  225128 27307  267 1252   406 92831 8039
20230627_CVD_2546_60s_20x20ptsdet_2_7_12  224445 27321  257 1122   430 93339 8015
20230627_CVD_2546_60s_20x20ptsdet_2_7_13  223966 27270  289 1183   384 93120 8011
20230627_CVD_2546_60s_20x20ptsdet_2_7_14  225371 27120  272 1232   408 93678 8136
20230627_CVD_2546_60s_20x20ptsdet_2_7_15  224080 27353  271 1196   283 92867 7873
20230627_CVD_2546_60s_20x20ptsdet_2_7_16  225178 27628  242 1184   290 93544 8255
20230627_CVD_2546_60s_20x20ptsdet_2_7_17  225301 27249  270 1154   479 93080 8066
20230627_CVD_2546_60s_20x20ptsdet_2_7_18  224376 27462  284 1289   351 93207 8043
20230627_CVD_2546_60s_20x20ptsdet_2_7_19  223962 27239  255 1087   408 93288 8202
20230627_CVD_2546_60s_20x20ptsdet_2_7_2   222537 27055  260 1130   208 92840 8039
20230627_CVD_2546_60s_20x20ptsdet_2_7_3   222931 27054  283 1108   378 91888 8021
20230627_CVD_2546_60s_20x20ptsdet_2_7_4   224893 27194  238 1192   273 93489 8174
20230627_CVD_2546_60s_20x20ptsdet_2_7_5   223703 27148  241 1114   369 93060 8315
20230627_CVD_2546_60s_20x20ptsdet_2_7_6   224402 26924  264 1128   224 92919 8103
20230627_CVD_2546_60s_20x20ptsdet_2_7_7   224726 27156  249 1167   320 92533 7846
20230627_CVD_2546_60s_20x20ptsdet_2_7_8   225368 26944  274 1121   312 92908 8031
20230627_CVD_2546_60s_20x20ptsdet_2_7_9   225018 27132  267 1126   323 93444 8428
20230627_CVD_2546_60s_20x20ptsdet_2_8_0   224271 27490  213 1210   358 93472 8233
20230627_CVD_2546_60s_20x20ptsdet_2_8_1   224566 27204  232 1217   440 92844 8132
20230627_CVD_2546_60s_20x20ptsdet_2_8_10  224403 27212  269 1132   264 92355 8008
20230627_CVD_2546_60s_20x20ptsdet_2_8_11  223520 27362  289 1208   313 93180 8146
20230627_CVD_2546_60s_20x20ptsdet_2_8_12  223378 27085  224 1181   264 93303 8061
20230627_CVD_2546_60s_20x20ptsdet_2_8_13  223404 27518  269 1159   303 93000 7927
20230627_CVD_2546_60s_20x20ptsdet_2_8_14  224440 27306  283 1118   363 92702 8140
20230627_CVD_2546_60s_20x20ptsdet_2_8_15  223778 26992  224 1130   361 92970 8017
20230627_CVD_2546_60s_20x20ptsdet_2_8_16  224514 27025  291 1200   339 92213 8031
20230627_CVD_2546_60s_20x20ptsdet_2_8_17  223366 26841  252 1052   252 92748 7959
20230627_CVD_2546_60s_20x20ptsdet_2_8_18  223629 27503  238 1175   371 93432 8334
20230627_CVD_2546_60s_20x20ptsdet_2_8_19  224102 27376  208 1198   319 93928 8177
20230627_CVD_2546_60s_20x20ptsdet_2_8_2   224392 27344  274 1218   399 93521 8344
20230627_CVD_2546_60s_20x20ptsdet_2_8_3   225385 27197  266 1087   384 93356 8354
20230627_CVD_2546_60s_20x20ptsdet_2_8_4   222987 27318  220 1190   356 92370 7975
20230627_CVD_2546_60s_20x20ptsdet_2_8_5   224199 27132  255 1108   550 92987 8138
20230627_CVD_2546_60s_20x20ptsdet_2_8_6   222834 27113  240 1157   463 92368 7969
20230627_CVD_2546_60s_20x20ptsdet_2_8_7   222339 27425  287 1084   253 92801 8312
20230627_CVD_2546_60s_20x20ptsdet_2_8_8   221918 26773  254 1165   400 92537 7975
20230627_CVD_2546_60s_20x20ptsdet_2_8_9   222709 26865  292 1119   316 92803 8080
20230627_CVD_2546_60s_20x20ptsdet_2_9_0   224338 26877  281 1203   380 93250 8103
20230627_CVD_2546_60s_20x20ptsdet_2_9_1   223490 27234  272 1090   221 93283 8002
20230627_CVD_2546_60s_20x20ptsdet_2_9_10  224456 27112  279 1123   339 93803 7980
20230627_CVD_2546_60s_20x20ptsdet_2_9_11  223577 27268  267 1119   389 92843 8029
20230627_CVD_2546_60s_20x20ptsdet_2_9_12  224326 27374  282 1285   386 92548 7985
20230627_CVD_2546_60s_20x20ptsdet_2_9_13  224758 27330  214 1083   275 92922 8313
20230627_CVD_2546_60s_20x20ptsdet_2_9_14  223711 27312  323 1215   372 93179 7889
20230627_CVD_2546_60s_20x20ptsdet_2_9_15  225150 27322  235 1096   243 93729 8157
20230627_CVD_2546_60s_20x20ptsdet_2_9_16  224509 27236  253 1149   467 93500 8031
20230627_CVD_2546_60s_20x20ptsdet_2_9_17  224867 27607  305 1172   371 93314 8261
20230627_CVD_2546_60s_20x20ptsdet_2_9_18  224912 27458  259 1336   389 93594 7974
20230627_CVD_2546_60s_20x20ptsdet_2_9_19  223779 27388  259 1158   203 93143 8190
20230627_CVD_2546_60s_20x20ptsdet_2_9_2   223482 27304  272 1233   328 93130 8046
20230627_CVD_2546_60s_20x20ptsdet_2_9_3   225412 27028  285 1142   377 93391 8036
20230627_CVD_2546_60s_20x20ptsdet_2_9_4   224646 26980  260 1131   283 92608 8185
20230627_CVD_2546_60s_20x20ptsdet_2_9_5   224546 27073  261 1160   326 92141 8070
20230627_CVD_2546_60s_20x20ptsdet_2_9_6   223345 26815  298 1178   309 92729 8267
20230627_CVD_2546_60s_20x20ptsdet_2_9_7   223770 26725  265 1191   281 92372 8044
20230627_CVD_2546_60s_20x20ptsdet_2_9_8   225503 26783  284 1127   320 92624 8083
20230627_CVD_2546_60s_20x20ptsdet_2_9_9   225682 27243  325 1183   349 93543 8123


Mean value:                               219329 27138  264 1154   361 91868 7909
Std. Abw.:                                  5059   224   22   57    73  1370  220
Std. Abw. rel. [%]:                         2.31  0.82 8.33 4.91 20.33  1.49 2.78
Conf. interval:                              179     8    1    2     3    48    8
