ROI net sum

Spectrum                                      Si     P   Ar    Ni    Zn    Ga   Rh
----------------------------------------------------------------------------------
20230628_CVD_2546_60s_20x20ptsdet_1_0_0   215121 27288  224   630   495 92795 9255
20230628_CVD_2546_60s_20x20ptsdet_1_0_1   214948 27471  255   738   471 93483 9486
20230628_CVD_2546_60s_20x20ptsdet_1_0_10  215428 27468  229   668   533 93224 9453
20230628_CVD_2546_60s_20x20ptsdet_1_0_11  215404 27220  246   603   562 93000 9144
20230628_CVD_2546_60s_20x20ptsdet_1_0_12  214165 27382  223   592   548 92974 9235
20230628_CVD_2546_60s_20x20ptsdet_1_0_13  215884 27169  235   660   462 92617 9164
20230628_CVD_2546_60s_20x20ptsdet_1_0_14  215030 27090  252   570   403 92828 9309
20230628_CVD_2546_60s_20x20ptsdet_1_0_15  216022 27156  228   656   677 92907 9386
20230628_CVD_2546_60s_20x20ptsdet_1_0_16  215695 27376  199   661   552 91885 9420
20230628_CVD_2546_60s_20x20ptsdet_1_0_17  215002 27206  233   656   553 92380 9414
20230628_CVD_2546_60s_20x20ptsdet_1_0_18  214460 27202  218   650   590 92667 9174
20230628_CVD_2546_60s_20x20ptsdet_1_0_19  216386 27091  194   554   491 92728 9200
20230628_CVD_2546_60s_20x20ptsdet_1_0_2   214897 26973  218   563   396 93223 9320
20230628_CVD_2546_60s_20x20ptsdet_1_0_3   216218 27487  263   568   513 92897 9157
20230628_CVD_2546_60s_20x20ptsdet_1_0_4   215327 27236  253   667   530 92629 9216
20230628_CVD_2546_60s_20x20ptsdet_1_0_5   215344 27447  266   652   524 92684 9253
20230628_CVD_2546_60s_20x20ptsdet_1_0_6   215228 27478  266   610   459 92702 9347
20230628_CVD_2546_60s_20x20ptsdet_1_0_7   214774 27446  236   570   498 93020 9287
20230628_CVD_2546_60s_20x20ptsdet_1_0_8   214597 27313  258   586   432 92748 9252
20230628_CVD_2546_60s_20x20ptsdet_1_0_9   214024 27257  204   645   576 92622 9190
20230628_CVD_2546_60s_20x20ptsdet_1_10_0  212552 26904  201   587   684 92054 9278
20230628_CVD_2546_60s_20x20ptsdet_1_10_1  212693 26799  259   575   513 92573 9177
20230628_CVD_2546_60s_20x20ptsdet_1_10_10 212408 26921  226   724   429 91853 9299
20230628_CVD_2546_60s_20x20ptsdet_1_10_11 212516 26871  248   630   631 92311 9396
20230628_CVD_2546_60s_20x20ptsdet_1_10_12 212126 26751  232   622   589 91158 9206
20230628_CVD_2546_60s_20x20ptsdet_1_10_13 211882 26885  230   649   590 91506 9048
20230628_CVD_2546_60s_20x20ptsdet_1_10_14 212735 26974  255   667   535 92203 9375
20230628_CVD_2546_60s_20x20ptsdet_1_10_15 212242 26749  230   658   501 91869 9273
20230628_CVD_2546_60s_20x20ptsdet_1_10_16 212163 26822  230   623   599 92045 9142
20230628_CVD_2546_60s_20x20ptsdet_1_10_17 212947 26902  225   580   504 92140 9381
20230628_CVD_2546_60s_20x20ptsdet_1_10_18 213669 26603  218   542   511 92286 9237
20230628_CVD_2546_60s_20x20ptsdet_1_10_19 213871 26656  225   559   503 92119 9186
20230628_CVD_2546_60s_20x20ptsdet_1_10_2  212302 27123  234   581   462 92309 9271
20230628_CVD_2546_60s_20x20ptsdet_1_10_3  213212 26990  206   606   453 91898 9322
20230628_CVD_2546_60s_20x20ptsdet_1_10_4  212998 26851  209   693   548 92004 9318
20230628_CVD_2546_60s_20x20ptsdet_1_10_5  212346 26921  238   716   478 92051 9163
20230628_CVD_2546_60s_20x20ptsdet_1_10_6  213049 26637  225   581   556 91895 9174
20230628_CVD_2546_60s_20x20ptsdet_1_10_7  212387 26656  208   587   603 91377 9283
20230628_CVD_2546_60s_20x20ptsdet_1_10_8  212501 26498  255   642   476 92659 9322
20230628_CVD_2546_60s_20x20ptsdet_1_10_9  213211 26959  245   617   595 92059 9313
20230628_CVD_2546_60s_20x20ptsdet_1_11_0  213267 26893  221   627   516 92422 9182
20230628_CVD_2546_60s_20x20ptsdet_1_11_1  214448 27066  248   584   398 91872 9217
20230628_CVD_2546_60s_20x20ptsdet_1_11_10 214309 27056  230   564   490 92887 9232
20230628_CVD_2546_60s_20x20ptsdet_1_11_11 214043 27005  210   654   602 92737 9396
20230628_CVD_2546_60s_20x20ptsdet_1_11_12 213753 27078  217   556   382 92197 9543
20230628_CVD_2546_60s_20x20ptsdet_1_11_13 213608 26877  218   562   652 92550 9151
20230628_CVD_2546_60s_20x20ptsdet_1_11_14 213146 26683  211   613   511 91935 9258
20230628_CVD_2546_60s_20x20ptsdet_1_11_15 214273 27260  227   702   511 92640 9314
20230628_CVD_2546_60s_20x20ptsdet_1_11_16 214180 26955  231   632   432 92298 9250
20230628_CVD_2546_60s_20x20ptsdet_1_11_17 214291 27071  209   658   537 92660 8975
20230628_CVD_2546_60s_20x20ptsdet_1_11_18 214109 26989  196   700   485 92411 9126
20230628_CVD_2546_60s_20x20ptsdet_1_11_19 214061 26679  222   513   596 92732 9452
20230628_CVD_2546_60s_20x20ptsdet_1_11_2  213147 26841  218   707   501 92503 9212
20230628_CVD_2546_60s_20x20ptsdet_1_11_3  214067 27350  261   625   462 91956 9328
20230628_CVD_2546_60s_20x20ptsdet_1_11_4  213030 27124  248   607   600 92897 9277
20230628_CVD_2546_60s_20x20ptsdet_1_11_5  213343 27047  256   557   542 92523 9150
20230628_CVD_2546_60s_20x20ptsdet_1_11_6  214122 27040  257   644   530 92619 9197
20230628_CVD_2546_60s_20x20ptsdet_1_11_7  213994 27198  250   667   631 92956 9433
20230628_CVD_2546_60s_20x20ptsdet_1_11_8  213740 27023  232   644   511 92811 9297
20230628_CVD_2546_60s_20x20ptsdet_1_11_9  214331 27190  250   577   490 92888 9327
20230628_CVD_2546_60s_20x20ptsdet_1_12_0  212933 27065  238   611   494 92906 9347
20230628_CVD_2546_60s_20x20ptsdet_1_12_1  212846 27215  240   527   565 92667 9018
20230628_CVD_2546_60s_20x20ptsdet_1_12_10 214217 26938  232   588   472 92781 8983
20230628_CVD_2546_60s_20x20ptsdet_1_12_11 215033 27291  223   674   446 93167 9480
20230628_CVD_2546_60s_20x20ptsdet_1_12_12 213078 27210  210   652   627 92675 9329
20230628_CVD_2546_60s_20x20ptsdet_1_12_13 214431 27014  236   625   537 92671 9065
20230628_CVD_2546_60s_20x20ptsdet_1_12_14 214412 27012  227   605   468 92627 9207
20230628_CVD_2546_60s_20x20ptsdet_1_12_15 212836 27002  238   639   541 92233 9211
20230628_CVD_2546_60s_20x20ptsdet_1_12_16 213538 26821  238   621   560 92597 9100
20230628_CVD_2546_60s_20x20ptsdet_1_12_17 213297 27242  233   527   477 92310 9412
20230628_CVD_2546_60s_20x20ptsdet_1_12_18 212782 26971  234   554   579 92429 9336
20230628_CVD_2546_60s_20x20ptsdet_1_12_19 213819 27008  252   653   491 92420 9234
20230628_CVD_2546_60s_20x20ptsdet_1_12_2  212619 26968  240   695   576 91998 9215
20230628_CVD_2546_60s_20x20ptsdet_1_12_3  212453 27266  208   596   538 92847 9263
20230628_CVD_2546_60s_20x20ptsdet_1_12_4  213034 27191  226   684   584 92423 9045
20230628_CVD_2546_60s_20x20ptsdet_1_12_5  213587 27109  254   597   436 92206 9173
20230628_CVD_2546_60s_20x20ptsdet_1_12_6  213668 27275  248   651   466 92374 9340
20230628_CVD_2546_60s_20x20ptsdet_1_12_7  213127 26997  270   533   508 92297 9531
20230628_CVD_2546_60s_20x20ptsdet_1_12_8  213714 26907  248   513   490 92367 9100
20230628_CVD_2546_60s_20x20ptsdet_1_12_9  214225 27164  234   535   484 92225 9465
20230628_CVD_2546_60s_20x20ptsdet_1_13_0  213868 27290  235   700   464 92965 9149
20230628_CVD_2546_60s_20x20ptsdet_1_13_1  213617 26972  258   590   509 92936 9284
20230628_CVD_2546_60s_20x20ptsdet_1_13_10 213420 26957  196   616   522 92592 9197
20230628_CVD_2546_60s_20x20ptsdet_1_13_11 214379 27035  229   654   526 92810 9303
20230628_CVD_2546_60s_20x20ptsdet_1_13_12 213932 27020  256   489   589 93129 9226
20230628_CVD_2546_60s_20x20ptsdet_1_13_13 214687 27235  221   601   525 92444 9439
20230628_CVD_2546_60s_20x20ptsdet_1_13_14 214788 26988  206   668   557 93288 9402
20230628_CVD_2546_60s_20x20ptsdet_1_13_15 213676 27135  270   694   532 92410 9233
20230628_CVD_2546_60s_20x20ptsdet_1_13_16 214277 26837  238   589   451 92638 9532
20230628_CVD_2546_60s_20x20ptsdet_1_13_17 214764 27099  225   626   611 92795 9077
20230628_CVD_2546_60s_20x20ptsdet_1_13_18 214347 27098  168   689   497 92795 9258
20230628_CVD_2546_60s_20x20ptsdet_1_13_19 214276 26932  190   564   536 92899 9163
20230628_CVD_2546_60s_20x20ptsdet_1_13_2  214124 27182  217   641   433 92073 8828
20230628_CVD_2546_60s_20x20ptsdet_1_13_3  213495 26892  278   593   453 92357 9273
20230628_CVD_2546_60s_20x20ptsdet_1_13_4  214498 26982  223   608   529 92552 9452
20230628_CVD_2546_60s_20x20ptsdet_1_13_5  213451 27039  226   641   502 92395 9369
20230628_CVD_2546_60s_20x20ptsdet_1_13_6  213739 26964  246   641   506 92425 9111
20230628_CVD_2546_60s_20x20ptsdet_1_13_7  214128 26982  233   653   648 92151 9291
20230628_CVD_2546_60s_20x20ptsdet_1_13_8  213393 26828  213   673   464 92542 9082
20230628_CVD_2546_60s_20x20ptsdet_1_13_9  213906 26935  251   607   435 92787 9192
20230628_CVD_2546_60s_20x20ptsdet_1_14_0  213627 26934  219   548   559 91845 9134
20230628_CVD_2546_60s_20x20ptsdet_1_14_1  213725 26850  251   630   496 92089 9342
20230628_CVD_2546_60s_20x20ptsdet_1_14_10 214078 27029  249   616   389 92518 9151
20230628_CVD_2546_60s_20x20ptsdet_1_14_11 213228 26998  267   555   631 92393 9315
20230628_CVD_2546_60s_20x20ptsdet_1_14_12 213687 26989  219   629   437 92957 9177
20230628_CVD_2546_60s_20x20ptsdet_1_14_13 213586 26994  222   659   553 92548 9384
20230628_CVD_2546_60s_20x20ptsdet_1_14_14 212825 27138  251   593   634 92583 9366
20230628_CVD_2546_60s_20x20ptsdet_1_14_15 214015 27159  241   553   459 92530 9194
20230628_CVD_2546_60s_20x20ptsdet_1_14_16 213718 26690  235   622   393 92330 9084
20230628_CVD_2546_60s_20x20ptsdet_1_14_17 213071 26920  249   599   507 92653 9074
20230628_CVD_2546_60s_20x20ptsdet_1_14_18 213867 27035  253   571   524 92329 9304
20230628_CVD_2546_60s_20x20ptsdet_1_14_19 212975 26751  208   535   455 91540 9212
20230628_CVD_2546_60s_20x20ptsdet_1_14_2  213585 27164  244   571   422 91809 9360
20230628_CVD_2546_60s_20x20ptsdet_1_14_3  213372 27074  221   671   441 92123 8984
20230628_CVD_2546_60s_20x20ptsdet_1_14_4  212908 26794  251   540   499 92145 9345
20230628_CVD_2546_60s_20x20ptsdet_1_14_5  213615 27056  276   478   468 92215 9467
20230628_CVD_2546_60s_20x20ptsdet_1_14_6  213593 26917  210   636   481 92039 9285
20230628_CVD_2546_60s_20x20ptsdet_1_14_7  213510 27018  259   529   454 92954 9480
20230628_CVD_2546_60s_20x20ptsdet_1_14_8  213390 27033  208   619   512 91904 9123
20230628_CVD_2546_60s_20x20ptsdet_1_14_9  213733 27100  249   600   515 92077 9062
20230628_CVD_2546_60s_20x20ptsdet_1_15_0  214404 27116  282   529   535 91979 9552
20230628_CVD_2546_60s_20x20ptsdet_1_15_1  213264 27067  218   653   496 93354 9168
20230628_CVD_2546_60s_20x20ptsdet_1_15_10 213314 27010  225   577   569 92220 9251
20230628_CVD_2546_60s_20x20ptsdet_1_15_11 213998 27360  214   691   382 92869 9039
20230628_CVD_2546_60s_20x20ptsdet_1_15_12 214152 27028  255   642   531 92378 9231
20230628_CVD_2546_60s_20x20ptsdet_1_15_13 215094 27356  245   702   521 92894 9295
20230628_CVD_2546_60s_20x20ptsdet_1_15_14 213954 27211  262   647   594 92724 9393
20230628_CVD_2546_60s_20x20ptsdet_1_15_15 214505 27284  256   611   470 92959 9118
20230628_CVD_2546_60s_20x20ptsdet_1_15_16 213640 27278  243   554   589 92723 9354
20230628_CVD_2546_60s_20x20ptsdet_1_15_17 214828 27254  267   661   508 92813 9278
20230628_CVD_2546_60s_20x20ptsdet_1_15_18 214619 26906  217   579   496 92919 9277
20230628_CVD_2546_60s_20x20ptsdet_1_15_19 214001 27207  237   646   467 92033 9420
20230628_CVD_2546_60s_20x20ptsdet_1_15_2  213715 26523  250   802   501 92400 9009
20230628_CVD_2546_60s_20x20ptsdet_1_15_3  214171 26753  232   579   425 92820 9075
20230628_CVD_2546_60s_20x20ptsdet_1_15_4  213775 27100  236   581   472 92724 9434
20230628_CVD_2546_60s_20x20ptsdet_1_15_5  213894 27103  233   660   472 92094 9209
20230628_CVD_2546_60s_20x20ptsdet_1_15_6  214542 26977  216   623   558 92581 9316
20230628_CVD_2546_60s_20x20ptsdet_1_15_7  214251 26909  225   567   572 92564 9052
20230628_CVD_2546_60s_20x20ptsdet_1_15_8  214277 27007  241   643   562 93182 9515
20230628_CVD_2546_60s_20x20ptsdet_1_15_9  213544 27315  252   675   516 92373 9280
20230628_CVD_2546_60s_20x20ptsdet_1_16_0  214228 27523  268   764   444 92601 9336
20230628_CVD_2546_60s_20x20ptsdet_1_16_1  214133 27363  252   767   499 92852 9461
20230628_CVD_2546_60s_20x20ptsdet_1_16_10 215266 27092  278   534   402 93067 9474
20230628_CVD_2546_60s_20x20ptsdet_1_16_11 214355 27285  259   673   529 92612 9096
20230628_CVD_2546_60s_20x20ptsdet_1_16_12 213922 27427  197   574   472 92913 9355
20230628_CVD_2546_60s_20x20ptsdet_1_16_13 215319 27498  238   745   563 93121 9377
20230628_CVD_2546_60s_20x20ptsdet_1_16_14 214761 27278  278   621   507 93415 9090
20230628_CVD_2546_60s_20x20ptsdet_1_16_15 215195 27061  266   598   563 92972 9427
20230628_CVD_2546_60s_20x20ptsdet_1_16_16 215352 27250  221   668   518 92298 9146
20230628_CVD_2546_60s_20x20ptsdet_1_16_17 215052 27308  226   745   582 93009 9070
20230628_CVD_2546_60s_20x20ptsdet_1_16_18 214096 27164  247   660   536 92415 9203
20230628_CVD_2546_60s_20x20ptsdet_1_16_19 214912 27200  273   676   396 92348 9209
20230628_CVD_2546_60s_20x20ptsdet_1_16_2  215015 27478  236   609   399 92425 9364
20230628_CVD_2546_60s_20x20ptsdet_1_16_3  213868 27247  269   506   474 93152 9274
20230628_CVD_2546_60s_20x20ptsdet_1_16_4  214110 27300  232   610   476 92566 9433
20230628_CVD_2546_60s_20x20ptsdet_1_16_5  214296 27416  243   534   444 93013 9260
20230628_CVD_2546_60s_20x20ptsdet_1_16_6  214359 26944  232   620   482 93253 9525
20230628_CVD_2546_60s_20x20ptsdet_1_16_7  214504 26765  250   613   577 92837 8888
20230628_CVD_2546_60s_20x20ptsdet_1_16_8  214070 27121  237   610   449 93068 9350
20230628_CVD_2546_60s_20x20ptsdet_1_16_9  214476 27141  257   688   598 92671 9212
20230628_CVD_2546_60s_20x20ptsdet_1_17_0  213280 27232  262   639   559 92997 9239
20230628_CVD_2546_60s_20x20ptsdet_1_17_1  213940 27179  218   648   468 92719 9236
20230628_CVD_2546_60s_20x20ptsdet_1_17_10 215725 27301  298   600   414 92929 9792
20230628_CVD_2546_60s_20x20ptsdet_1_17_11 214806 27089  261   723   569 92949 9364
20230628_CVD_2546_60s_20x20ptsdet_1_17_12 214549 27393  281   629   466 92624 9200
20230628_CVD_2546_60s_20x20ptsdet_1_17_13 214388 27053  194   561   497 92782 9444
20230628_CVD_2546_60s_20x20ptsdet_1_17_14 215723 27196  277   694   479 93129 9247
20230628_CVD_2546_60s_20x20ptsdet_1_17_15 214472 27155  273   639   556 93158 9502
20230628_CVD_2546_60s_20x20ptsdet_1_17_16 214084 27298  214   641   600 93427 9345
20230628_CVD_2546_60s_20x20ptsdet_1_17_17 213908 26864  242   731   413 93718 9278
20230628_CVD_2546_60s_20x20ptsdet_1_17_18 214885 27164  230   681   583 91708 9173
20230628_CVD_2546_60s_20x20ptsdet_1_17_19 210964 26600  242   645   464 91189 9047
20230628_CVD_2546_60s_20x20ptsdet_1_17_2  215110 27263  227   638   447 93450 9460
20230628_CVD_2546_60s_20x20ptsdet_1_17_3  214104 27160  227   600   504 93167 9210
20230628_CVD_2546_60s_20x20ptsdet_1_17_4  214556 27141  272   593   526 93336 9438
20230628_CVD_2546_60s_20x20ptsdet_1_17_5  214515 27061  285   608   437 92881 9274
20230628_CVD_2546_60s_20x20ptsdet_1_17_6  213657 27111  222   577   381 92565 9112
20230628_CVD_2546_60s_20x20ptsdet_1_17_7  213608 27108  260   581   487 92336 9382
20230628_CVD_2546_60s_20x20ptsdet_1_17_8  214536 27359  266   624   435 93447 9260
20230628_CVD_2546_60s_20x20ptsdet_1_17_9  215215 27091  240   601   471 93568 9367
20230628_CVD_2546_60s_20x20ptsdet_1_18_0  209274 26808  214   651   489 91047 9204
20230628_CVD_2546_60s_20x20ptsdet_1_18_1  210651 26303  225   670   495 90989 9112
20230628_CVD_2546_60s_20x20ptsdet_1_18_10 215124 27436  292   565   577 92990 9290
20230628_CVD_2546_60s_20x20ptsdet_1_18_11 215156 27044  225   725   508 92853 9495
20230628_CVD_2546_60s_20x20ptsdet_1_18_12 215822 27552  236   524   486 93792 9190
20230628_CVD_2546_60s_20x20ptsdet_1_18_13 216030 27125  234   588   470 93621 9003
20230628_CVD_2546_60s_20x20ptsdet_1_18_14 215342 27205  271   595   464 93445 9215
20230628_CVD_2546_60s_20x20ptsdet_1_18_15 215351 27068  237   686   545 93066 9353
20230628_CVD_2546_60s_20x20ptsdet_1_18_16 215184 27092  259   570   551 92693 9410
20230628_CVD_2546_60s_20x20ptsdet_1_18_17 215232 27269  239   762   651 93160 9385
20230628_CVD_2546_60s_20x20ptsdet_1_18_18 214668 27130  204   696   387 93009 9185
20230628_CVD_2546_60s_20x20ptsdet_1_18_19 216153 27225  203   588   589 93639 9305
20230628_CVD_2546_60s_20x20ptsdet_1_18_2  210259 26687  272   567   562 91507 9226
20230628_CVD_2546_60s_20x20ptsdet_1_18_3  215240 27082  212   631   461 93187 9180
20230628_CVD_2546_60s_20x20ptsdet_1_18_4  214769 27204  259   648   396 92516 9282
20230628_CVD_2546_60s_20x20ptsdet_1_18_5  215185 27240  248   702   460 92343 9367
20230628_CVD_2546_60s_20x20ptsdet_1_18_6  214427 26941  250   772   523 92659 9245
20230628_CVD_2546_60s_20x20ptsdet_1_18_7  214586 27111  295   621   447 92134 9175
20230628_CVD_2546_60s_20x20ptsdet_1_18_8  214540 27187  220   753   475 92504 9206
20230628_CVD_2546_60s_20x20ptsdet_1_18_9  214525 27213  228   633   549 92953 9244
20230628_CVD_2546_60s_20x20ptsdet_1_19_0  215165 27668  263   591   732 93265 9288
20230628_CVD_2546_60s_20x20ptsdet_1_19_1  216102 27032  222   560   460 93866 9045
20230628_CVD_2546_60s_20x20ptsdet_1_19_10 215745 27260  249   626   517 92984 9447
20230628_CVD_2546_60s_20x20ptsdet_1_19_11 214563 27477  253   627   402 93208 9123
20230628_CVD_2546_60s_20x20ptsdet_1_19_12 215325 27191  262   595   558 93160 9395
20230628_CVD_2546_60s_20x20ptsdet_1_19_13 215591 27252  253   655   464 92812 9102
20230628_CVD_2546_60s_20x20ptsdet_1_19_14 215799 27341  234   656   618 93256 9434
20230628_CVD_2546_60s_20x20ptsdet_1_19_15 215542 27328  235   665   424 93289 9374
20230628_CVD_2546_60s_20x20ptsdet_1_19_16 213661 27525  252   551   454 92889 8922
20230628_CVD_2546_60s_20x20ptsdet_1_19_17 213923 27186  265   686   568 92042 9343
20230628_CVD_2546_60s_20x20ptsdet_1_19_18 214875 27179  250   535   428 92845 9158
20230628_CVD_2546_60s_20x20ptsdet_1_19_19 213054 27080  227   671   506 92206 8938
20230628_CVD_2546_60s_20x20ptsdet_1_19_2  215947 27255  254   668   554 92833 9328
20230628_CVD_2546_60s_20x20ptsdet_1_19_3  214869 26956  249   627   565 93565 8994
20230628_CVD_2546_60s_20x20ptsdet_1_19_4  214918 27324  268   698   545 92921 9359
20230628_CVD_2546_60s_20x20ptsdet_1_19_5  215610 27310  261   700   495 92909 9158
20230628_CVD_2546_60s_20x20ptsdet_1_19_6  215057 27142  250   623   476 92760 9340
20230628_CVD_2546_60s_20x20ptsdet_1_19_7  214413 27423  256   574   615 93181 9072
20230628_CVD_2546_60s_20x20ptsdet_1_19_8  215297 27208  265   562   541 93756 9111
20230628_CVD_2546_60s_20x20ptsdet_1_19_9  215563 27396  264   645   503 92971 9255
20230628_CVD_2546_60s_20x20ptsdet_1_1_0   215134 27424  245   568   568 92601 9264
20230628_CVD_2546_60s_20x20ptsdet_1_1_1   215945 27308  214   538   636 92848 9457
20230628_CVD_2546_60s_20x20ptsdet_1_1_10  214995 27303  239   671   540 92421 9302
20230628_CVD_2546_60s_20x20ptsdet_1_1_11  215047 27469  254   622   384 92045 9416
20230628_CVD_2546_60s_20x20ptsdet_1_1_12  215037 27411  215   533   511 92732 9263
20230628_CVD_2546_60s_20x20ptsdet_1_1_13  214703 27236  218   707   437 92913 9331
20230628_CVD_2546_60s_20x20ptsdet_1_1_14  214805 27115  225   700   498 92806 9142
20230628_CVD_2546_60s_20x20ptsdet_1_1_15  213698 27140  252   573   557 92236 9282
20230628_CVD_2546_60s_20x20ptsdet_1_1_16  214959 27333  245   564   595 91959 9590
20230628_CVD_2546_60s_20x20ptsdet_1_1_17  215038 27169  237   631   519 92359 9191
20230628_CVD_2546_60s_20x20ptsdet_1_1_18  215488 27296  232   654   559 92581 9291
20230628_CVD_2546_60s_20x20ptsdet_1_1_19  214845 27133  224   599   402 92540 9256
20230628_CVD_2546_60s_20x20ptsdet_1_1_2   215083 27083  216   658   485 93165 9309
20230628_CVD_2546_60s_20x20ptsdet_1_1_3   215973 27077  223   662   641 92509 9198
20230628_CVD_2546_60s_20x20ptsdet_1_1_4   214928 27406  283   601   469 93136 9214
20230628_CVD_2546_60s_20x20ptsdet_1_1_5   216400 26993  226   543   554 93747 9426
20230628_CVD_2546_60s_20x20ptsdet_1_1_6   215622 27313  233   620   398 92755 9234
20230628_CVD_2546_60s_20x20ptsdet_1_1_7   215568 27143  245   495   449 93225 9307
20230628_CVD_2546_60s_20x20ptsdet_1_1_8   214834 27209  246   609   574 92271 9570
20230628_CVD_2546_60s_20x20ptsdet_1_1_9   215085 27178  223   644   506 92780 9317
20230628_CVD_2546_60s_20x20ptsdet_1_2_0   215159 27100  262   484   350 92867 9336
20230628_CVD_2546_60s_20x20ptsdet_1_2_1   214260 27005  212   656   552 92112 9428
20230628_CVD_2546_60s_20x20ptsdet_1_2_10  214679 27197  266   579   507 92015 9258
20230628_CVD_2546_60s_20x20ptsdet_1_2_11  214918 27224  241   704   650 92261 9221
20230628_CVD_2546_60s_20x20ptsdet_1_2_12  214989 26835  251   649   760 92781 9304
20230628_CVD_2546_60s_20x20ptsdet_1_2_13  214842 26955  228   621   469 91778 9264
20230628_CVD_2546_60s_20x20ptsdet_1_2_14  214308 27399  260   618   581 92517 9212
20230628_CVD_2546_60s_20x20ptsdet_1_2_15  214714 27421  257   561   667 92478 9415
20230628_CVD_2546_60s_20x20ptsdet_1_2_16  213878 27012  210   555   488 92108 9271
20230628_CVD_2546_60s_20x20ptsdet_1_2_17  213930 27252  193   588   546 92327 9285
20230628_CVD_2546_60s_20x20ptsdet_1_2_18  213655 26999  215   576   544 92693 9300
20230628_CVD_2546_60s_20x20ptsdet_1_2_19  215478 27112  238   564   565 91829 9165
20230628_CVD_2546_60s_20x20ptsdet_1_2_2   214975 27003  184   708   588 92129 9324
20230628_CVD_2546_60s_20x20ptsdet_1_2_3   214288 27059  242   724   613 92112 9034
20230628_CVD_2546_60s_20x20ptsdet_1_2_4   213309 27124  219   550   437 92750 8990
20230628_CVD_2546_60s_20x20ptsdet_1_2_5   214945 26883  201   616   517 92241 8912
20230628_CVD_2546_60s_20x20ptsdet_1_2_6   213983 26949  256   600   447 91557 9242
20230628_CVD_2546_60s_20x20ptsdet_1_2_7   213566 27089  175   620   510 92873 9246
20230628_CVD_2546_60s_20x20ptsdet_1_2_8   213578 27219  270   606   615 92688 9345
20230628_CVD_2546_60s_20x20ptsdet_1_2_9   214030 26984  251   634   431 92186 9199
20230628_CVD_2546_60s_20x20ptsdet_1_3_0   214147 26843  271   671   490 92596 9320
20230628_CVD_2546_60s_20x20ptsdet_1_3_1   214970 27229  211   595   562 92626 9375
20230628_CVD_2546_60s_20x20ptsdet_1_3_10  214107 27241  236   589   523 91998 9244
20230628_CVD_2546_60s_20x20ptsdet_1_3_11  214841 26955  238   620   391 91959 9280
20230628_CVD_2546_60s_20x20ptsdet_1_3_12  214322 27051  241   618   446 92243 9345
20230628_CVD_2546_60s_20x20ptsdet_1_3_13  214212 27080  248   542   582 92734 9320
20230628_CVD_2546_60s_20x20ptsdet_1_3_14  214712 27201  250   615   537 92654 9450
20230628_CVD_2546_60s_20x20ptsdet_1_3_15  214240 27007  236   601   545 92245 9066
20230628_CVD_2546_60s_20x20ptsdet_1_3_16  215123 27038  239   590   515 92593 9175
20230628_CVD_2546_60s_20x20ptsdet_1_3_17  213899 27183  209   511   465 91569 9163
20230628_CVD_2546_60s_20x20ptsdet_1_3_18  214060 26868  280   667   418 91949 9054
20230628_CVD_2546_60s_20x20ptsdet_1_3_19  214138 26966  199   643   505 91826 9079
20230628_CVD_2546_60s_20x20ptsdet_1_3_2   214683 27062  223   681   457 92347 9410
20230628_CVD_2546_60s_20x20ptsdet_1_3_3   214340 27320  254   608   514 91784 9192
20230628_CVD_2546_60s_20x20ptsdet_1_3_4   214871 27061  273   633   480 92339 9155
20230628_CVD_2546_60s_20x20ptsdet_1_3_5   214305 27210  238   603   609 92989 9481
20230628_CVD_2546_60s_20x20ptsdet_1_3_6   213826 27151  253   694   560 93061 9252
20230628_CVD_2546_60s_20x20ptsdet_1_3_7   214223 27069  210   627   479 92511 9251
20230628_CVD_2546_60s_20x20ptsdet_1_3_8   214673 26981  243   572   444 92123 9093
20230628_CVD_2546_60s_20x20ptsdet_1_3_9   214417 27086  247   595   428 91961 9094
20230628_CVD_2546_60s_20x20ptsdet_1_4_0   213787 27012  228   696   412 91829 9281
20230628_CVD_2546_60s_20x20ptsdet_1_4_1   213517 27153  267   628   587 92762 9460
20230628_CVD_2546_60s_20x20ptsdet_1_4_10  215121 26910  220   684   342 93215 9589
20230628_CVD_2546_60s_20x20ptsdet_1_4_11  214868 27576  273   523   514 92786 9062
20230628_CVD_2546_60s_20x20ptsdet_1_4_12  215015 27165  273   694   474 92928 9476
20230628_CVD_2546_60s_20x20ptsdet_1_4_13  214844 27286  256   674   531 92972 9135
20230628_CVD_2546_60s_20x20ptsdet_1_4_14  214858 26993  237   662   445 92456 9549
20230628_CVD_2546_60s_20x20ptsdet_1_4_15  215046 27305  220   585   607 92695 9354
20230628_CVD_2546_60s_20x20ptsdet_1_4_16  214555 27183  258   598   580 92557 9227
20230628_CVD_2546_60s_20x20ptsdet_1_4_17  214231 26836  251   713   479 92655 9139
20230628_CVD_2546_60s_20x20ptsdet_1_4_18  214441 27130  246   642   478 92505 9291
20230628_CVD_2546_60s_20x20ptsdet_1_4_19  214946 26759  196   557   427 92391 9136
20230628_CVD_2546_60s_20x20ptsdet_1_4_2   213733 26672  238   717   509 92051 9226
20230628_CVD_2546_60s_20x20ptsdet_1_4_3   214257 27272  208   653   450 92154 9124
20230628_CVD_2546_60s_20x20ptsdet_1_4_4   215273 27471  263   566   489 92371 9319
20230628_CVD_2546_60s_20x20ptsdet_1_4_5   214901 27174  264   562   474 92409 9227
20230628_CVD_2546_60s_20x20ptsdet_1_4_6   215222 27550  208   667   401 92869 9208
20230628_CVD_2546_60s_20x20ptsdet_1_4_7   215521 27235  265   647   451 92931 9148
20230628_CVD_2546_60s_20x20ptsdet_1_4_8   215261 27677  236   612   586 92831 9187
20230628_CVD_2546_60s_20x20ptsdet_1_4_9   215001 26860  223   651   597 92846 9388
20230628_CVD_2546_60s_20x20ptsdet_1_5_0   214152 26806  232   609   464 93018 9224
20230628_CVD_2546_60s_20x20ptsdet_1_5_1   214256 26917  272   550   458 92331 9289
20230628_CVD_2546_60s_20x20ptsdet_1_5_10  214225 27165  218   666   506 91911 9415
20230628_CVD_2546_60s_20x20ptsdet_1_5_11  213714 27122  243   655   569 91945 9363
20230628_CVD_2546_60s_20x20ptsdet_1_5_12  213950 27021  235   617   600 92582 9166
20230628_CVD_2546_60s_20x20ptsdet_1_5_13  214165 26978  253   681   510 91982 9375
20230628_CVD_2546_60s_20x20ptsdet_1_5_14  214065 27096  237   693   584 91980 9319
20230628_CVD_2546_60s_20x20ptsdet_1_5_15  213911 27169  237   694   616 92359 9251
20230628_CVD_2546_60s_20x20ptsdet_1_5_16  213694 26937  253   598   369 91960 9204
20230628_CVD_2546_60s_20x20ptsdet_1_5_17  213727 26725  242   591   546 92520 9107
20230628_CVD_2546_60s_20x20ptsdet_1_5_18  213556 26809  254   552   357 92226 9425
20230628_CVD_2546_60s_20x20ptsdet_1_5_19  213377 26969  254   649   592 92636 9096
20230628_CVD_2546_60s_20x20ptsdet_1_5_2   213191 26854  243   549   581 92351 9097
20230628_CVD_2546_60s_20x20ptsdet_1_5_3   213416 27194  221   546   507 91699 9066
20230628_CVD_2546_60s_20x20ptsdet_1_5_4   213610 27219  232   726   538 91920 9158
20230628_CVD_2546_60s_20x20ptsdet_1_5_5   212530 27100  232   636   461 92295 9598
20230628_CVD_2546_60s_20x20ptsdet_1_5_6   214191 27175  252   544   558 92192 9177
20230628_CVD_2546_60s_20x20ptsdet_1_5_7   213436 26756  226   559   454 92602 8974
20230628_CVD_2546_60s_20x20ptsdet_1_5_8   213834 27060  234   579   551 91637 9212
20230628_CVD_2546_60s_20x20ptsdet_1_5_9   214314 26936  212   560   530 92048 9192
20230628_CVD_2546_60s_20x20ptsdet_1_6_0   213892 27065  262   620   506 92641 8999
20230628_CVD_2546_60s_20x20ptsdet_1_6_1   214045 27065  239   641   574 91638 9515
20230628_CVD_2546_60s_20x20ptsdet_1_6_10  213707 26862  221   580   601 92238 9379
20230628_CVD_2546_60s_20x20ptsdet_1_6_11  213399 26804  267   710   630 91979 9169
20230628_CVD_2546_60s_20x20ptsdet_1_6_12  213382 27204  233   601   499 91917 9093
20230628_CVD_2546_60s_20x20ptsdet_1_6_13  214035 26879  240   454   454 92200 9341
20230628_CVD_2546_60s_20x20ptsdet_1_6_14  212924 26878  223   678   485 92537 9202
20230628_CVD_2546_60s_20x20ptsdet_1_6_15  214285 26853  224   677   498 92380 9278
20230628_CVD_2546_60s_20x20ptsdet_1_6_16  213463 26797  230   584   389 92286 9362
20230628_CVD_2546_60s_20x20ptsdet_1_6_17  214108 26792  243   596   406 91678 9132
20230628_CVD_2546_60s_20x20ptsdet_1_6_18  213226 26910  202   646   385 92267 9263
20230628_CVD_2546_60s_20x20ptsdet_1_6_19  214156 27032  226   560   457 92301 9160
20230628_CVD_2546_60s_20x20ptsdet_1_6_2   213946 27179  243   692   510 92218 9289
20230628_CVD_2546_60s_20x20ptsdet_1_6_3   214528 27041  197   636   574 92004 9159
20230628_CVD_2546_60s_20x20ptsdet_1_6_4   214402 26904  219   667   486 92568 9282
20230628_CVD_2546_60s_20x20ptsdet_1_6_5   214099 27099  229   582   506 92330 9307
20230628_CVD_2546_60s_20x20ptsdet_1_6_6   213956 27084  216   481   555 92728 9124
20230628_CVD_2546_60s_20x20ptsdet_1_6_7   213624 26984  233   596   432 92470 9231
20230628_CVD_2546_60s_20x20ptsdet_1_6_8   213991 27065  226   668   468 92149 9183
20230628_CVD_2546_60s_20x20ptsdet_1_6_9   213844 26903  247   642   521 92129 9300
20230628_CVD_2546_60s_20x20ptsdet_1_7_0   214185 26946  296   652   428 91961 9402
20230628_CVD_2546_60s_20x20ptsdet_1_7_1   213701 27170  240   547   500 92410 9168
20230628_CVD_2546_60s_20x20ptsdet_1_7_10  213938 27181  247   574   510 92404 9254
20230628_CVD_2546_60s_20x20ptsdet_1_7_11  213554 26766  259   568   553 92473 9186
20230628_CVD_2546_60s_20x20ptsdet_1_7_12  213625 27119  259   666   628 92247 9158
20230628_CVD_2546_60s_20x20ptsdet_1_7_13  213268 26890  218   617   539 92568 9076
20230628_CVD_2546_60s_20x20ptsdet_1_7_14  213172 27010  224   454   401 91287 8897
20230628_CVD_2546_60s_20x20ptsdet_1_7_15  212477 27184  240   572   498 91954 9349
20230628_CVD_2546_60s_20x20ptsdet_1_7_16  214417 27062  265   607   581 92131 9189
20230628_CVD_2546_60s_20x20ptsdet_1_7_17  214011 26792  211   673   413 92168 9247
20230628_CVD_2546_60s_20x20ptsdet_1_7_18  213698 26974  216   446   412 91883 9229
20230628_CVD_2546_60s_20x20ptsdet_1_7_19  213795 26994  245   706   462 92092 9495
20230628_CVD_2546_60s_20x20ptsdet_1_7_2   213795 27036  240   608   528 92197 9197
20230628_CVD_2546_60s_20x20ptsdet_1_7_3   211574 27008  215   616   514 91304 9087
20230628_CVD_2546_60s_20x20ptsdet_1_7_4   212644 26774  264   577   684 91598 9148
20230628_CVD_2546_60s_20x20ptsdet_1_7_5   214435 26703  249   505   485 92050 9338
20230628_CVD_2546_60s_20x20ptsdet_1_7_6   213648 26785  241   633   510 93014 9127
20230628_CVD_2546_60s_20x20ptsdet_1_7_7   214329 27112  240   609   625 92095 9295
20230628_CVD_2546_60s_20x20ptsdet_1_7_8   213195 26971  235   668   593 92798 9342
20230628_CVD_2546_60s_20x20ptsdet_1_7_9   213124 27146  224   566   592 92736 9196
20230628_CVD_2546_60s_20x20ptsdet_1_8_0   213730 27153  216   578   563 92323 9326
20230628_CVD_2546_60s_20x20ptsdet_1_8_1   213482 27122  221   597   566 92308 9039
20230628_CVD_2546_60s_20x20ptsdet_1_8_10  213411 26823  230   583   398 92234 9278
20230628_CVD_2546_60s_20x20ptsdet_1_8_11  214391 26946  228   619   615 92368 9159
20230628_CVD_2546_60s_20x20ptsdet_1_8_12  213007 27167  249   446   557 92003 8967
20230628_CVD_2546_60s_20x20ptsdet_1_8_13  213317 26978  248   552   419 92225 9133
20230628_CVD_2546_60s_20x20ptsdet_1_8_14  213488 26926  230   633   478 92165 9110
20230628_CVD_2546_60s_20x20ptsdet_1_8_15  213335 26823  272   612   479 91580 9079
20230628_CVD_2546_60s_20x20ptsdet_1_8_16  212617 27194  219   600   475 92625 9191
20230628_CVD_2546_60s_20x20ptsdet_1_8_17  213950 26810  241   607   383 92187 9281
20230628_CVD_2546_60s_20x20ptsdet_1_8_18  213379 27122  221   612   507 92024 8996
20230628_CVD_2546_60s_20x20ptsdet_1_8_19  213090 26896  266   704   619 92234 9149
20230628_CVD_2546_60s_20x20ptsdet_1_8_2   213456 26974  249   670   427 92259 9204
20230628_CVD_2546_60s_20x20ptsdet_1_8_3   213560 26931  272   599   533 92142 9065
20230628_CVD_2546_60s_20x20ptsdet_1_8_4   213818 27175  293   617   530 92873 9240
20230628_CVD_2546_60s_20x20ptsdet_1_8_5   214062 27153  244   578   612 92542 9121
20230628_CVD_2546_60s_20x20ptsdet_1_8_6   212802 26754  229   697   475 92174 9022
20230628_CVD_2546_60s_20x20ptsdet_1_8_7   213648 26860  232   682   490 92057 9325
20230628_CVD_2546_60s_20x20ptsdet_1_8_8   213907 26960  236   618   446 92692 9238
20230628_CVD_2546_60s_20x20ptsdet_1_8_9   214528 27106  207   526   582 91963 8987
20230628_CVD_2546_60s_20x20ptsdet_1_9_0   213091 26893  237   583   433 92804 9433
20230628_CVD_2546_60s_20x20ptsdet_1_9_1   213978 27064  252   515   556 91887 9181
20230628_CVD_2546_60s_20x20ptsdet_1_9_10  213464 26895  214   667   543 92054 9183
20230628_CVD_2546_60s_20x20ptsdet_1_9_11  212620 26838  234   590   431 91920 9264
20230628_CVD_2546_60s_20x20ptsdet_1_9_12  214271 27030  276   532   457 92460 9558
20230628_CVD_2546_60s_20x20ptsdet_1_9_13  212666 27010  266   605   384 92129 9113
20230628_CVD_2546_60s_20x20ptsdet_1_9_14  213688 26853  229   621   580 91674 9278
20230628_CVD_2546_60s_20x20ptsdet_1_9_15  212933 27096  260   576   492 91507 9275
20230628_CVD_2546_60s_20x20ptsdet_1_9_16  212307 26775  199   630   461 91742 8922
20230628_CVD_2546_60s_20x20ptsdet_1_9_17  213179 26747  238   554   589 91727 9390
20230628_CVD_2546_60s_20x20ptsdet_1_9_18  212767 27051  240   609   504 91494 9022
20230628_CVD_2546_60s_20x20ptsdet_1_9_19  212794 26933  253   632   644 92203 9293
20230628_CVD_2546_60s_20x20ptsdet_1_9_2   213744 27002  213   659   417 92373 9082
20230628_CVD_2546_60s_20x20ptsdet_1_9_3   213110 26720  246   557   476 92102 9444
20230628_CVD_2546_60s_20x20ptsdet_1_9_4   214096 26840  216   564   524 92410 9300
20230628_CVD_2546_60s_20x20ptsdet_1_9_5   213376 27061  266   632   554 92323 9373
20230628_CVD_2546_60s_20x20ptsdet_1_9_6   214010 26905  204   596   564 92452 9301
20230628_CVD_2546_60s_20x20ptsdet_1_9_7   213935 26638  269   727   528 92230 9379
20230628_CVD_2546_60s_20x20ptsdet_1_9_8   213410 26850  267   615   595 92298 9194
20230628_CVD_2546_60s_20x20ptsdet_1_9_9   213293 26715  233   622   545 91716 9313
20230628_CVD_2546_60s_20x20ptsdet_2_0_0   224929 27451  247   650  1345 94863 7861
20230628_CVD_2546_60s_20x20ptsdet_2_0_1   224929 27160  249   434  1348 95134 7846
20230628_CVD_2546_60s_20x20ptsdet_2_0_10  225415 27063  203   566  1274 94286 8049
20230628_CVD_2546_60s_20x20ptsdet_2_0_11  224751 27328  229   494  1285 94530 7840
20230628_CVD_2546_60s_20x20ptsdet_2_0_12  225268 27411  278   553  1363 94382 7785
20230628_CVD_2546_60s_20x20ptsdet_2_0_13  224978 27280  269   751  1470 94670 7750
20230628_CVD_2546_60s_20x20ptsdet_2_0_14  224835 27243  216   517  1241 94621 7669
20230628_CVD_2546_60s_20x20ptsdet_2_0_15  225171 27277  287   583  1303 94297 7873
20230628_CVD_2546_60s_20x20ptsdet_2_0_16  225011 27524  190   567  1231 94000 8051
20230628_CVD_2546_60s_20x20ptsdet_2_0_17  225175 27515  234   500  1293 94388 7739
20230628_CVD_2546_60s_20x20ptsdet_2_0_18  224081 27224  242   499  1219 94975 7795
20230628_CVD_2546_60s_20x20ptsdet_2_0_19  225072 27465  242   592  1296 94550 7770
20230628_CVD_2546_60s_20x20ptsdet_2_0_2   225902 27216  253   682  1324 95100 7669
20230628_CVD_2546_60s_20x20ptsdet_2_0_3   225193 27628  271   562  1391 95609 7728
20230628_CVD_2546_60s_20x20ptsdet_2_0_4   225229 27483  257   579  1295 94232 7746
20230628_CVD_2546_60s_20x20ptsdet_2_0_5   225680 27585  214   586  1355 95115 7856
20230628_CVD_2546_60s_20x20ptsdet_2_0_6   225401 27545  229   530  1200 94379 7758
20230628_CVD_2546_60s_20x20ptsdet_2_0_7   225140 27424  186   548  1332 94357 7822
20230628_CVD_2546_60s_20x20ptsdet_2_0_8   225273 27031  254   648  1273 93548 7560
20230628_CVD_2546_60s_20x20ptsdet_2_0_9   225561 27376  256   666  1385 94503 7721
20230628_CVD_2546_60s_20x20ptsdet_2_10_0  221723 27166  232   510  1305 93752 7668
20230628_CVD_2546_60s_20x20ptsdet_2_10_1  221147 27143  269   553  1333 93221 7644
20230628_CVD_2546_60s_20x20ptsdet_2_10_10 222123 26834  262   450  1185 93942 7527
20230628_CVD_2546_60s_20x20ptsdet_2_10_11 222609 27130  284   527  1339 93640 7702
20230628_CVD_2546_60s_20x20ptsdet_2_10_12 223095 27064  223   545  1258 93111 7477
20230628_CVD_2546_60s_20x20ptsdet_2_10_13 222856 27014  241   607  1323 93780 7611
20230628_CVD_2546_60s_20x20ptsdet_2_10_14 221884 27074  259   537  1274 94309 7745
20230628_CVD_2546_60s_20x20ptsdet_2_10_15 221848 26889  250   510  1154 93749 7912
20230628_CVD_2546_60s_20x20ptsdet_2_10_16 223533 26886  243   632  1335 93955 7662
20230628_CVD_2546_60s_20x20ptsdet_2_10_17 223742 26932  238   600  1226 93312 7752
20230628_CVD_2546_60s_20x20ptsdet_2_10_18 223113 27257  231   505  1230 93675 7752
20230628_CVD_2546_60s_20x20ptsdet_2_10_19 224017 27004  265   579  1332 94358 7982
20230628_CVD_2546_60s_20x20ptsdet_2_10_2  221986 27020  206   607  1303 93790 7476
20230628_CVD_2546_60s_20x20ptsdet_2_10_3  221895 26983  197   521  1301 93561 7761
20230628_CVD_2546_60s_20x20ptsdet_2_10_4  222100 26960  246   541  1327 93493 7581
20230628_CVD_2546_60s_20x20ptsdet_2_10_5  221840 26830  219   557  1369 93990 7564
20230628_CVD_2546_60s_20x20ptsdet_2_10_6  222437 26932  249   667  1315 94011 7772
20230628_CVD_2546_60s_20x20ptsdet_2_10_7  222302 27113  256   604  1251 93999 7678
20230628_CVD_2546_60s_20x20ptsdet_2_10_8  222590 27010  233   562  1317 93372 7702
20230628_CVD_2546_60s_20x20ptsdet_2_10_9  222932 26888  265   562  1282 93522 7619
20230628_CVD_2546_60s_20x20ptsdet_2_11_0  223048 27070  249   649  1357 94461 7673
20230628_CVD_2546_60s_20x20ptsdet_2_11_1  222391 26933  288   599  1268 93498 7689
20230628_CVD_2546_60s_20x20ptsdet_2_11_10 224038 27138  265   549  1198 94748 7658
20230628_CVD_2546_60s_20x20ptsdet_2_11_11 223243 27155  240   497  1344 94304 7417
20230628_CVD_2546_60s_20x20ptsdet_2_11_12 223655 27384  217   512  1306 94733 7837
20230628_CVD_2546_60s_20x20ptsdet_2_11_13 223296 27469  234   466  1272 93906 7646
20230628_CVD_2546_60s_20x20ptsdet_2_11_14 222878 26973  239   444  1327 93475 7591
20230628_CVD_2546_60s_20x20ptsdet_2_11_15 222476 27267  244   594  1232 95053 7748
20230628_CVD_2546_60s_20x20ptsdet_2_11_16 225040 27165  255   515  1224 94576 7721
20230628_CVD_2546_60s_20x20ptsdet_2_11_17 223839 27078  203   475  1296 93631 7774
20230628_CVD_2546_60s_20x20ptsdet_2_11_18 223239 27474  258   514  1289 93720 7954
20230628_CVD_2546_60s_20x20ptsdet_2_11_19 224310 26916  246   556  1279 94006 7617
20230628_CVD_2546_60s_20x20ptsdet_2_11_2  222692 27025  259   626  1366 93736 7666
20230628_CVD_2546_60s_20x20ptsdet_2_11_3  223405 27428  227   679  1319 94151 7760
20230628_CVD_2546_60s_20x20ptsdet_2_11_4  223338 27445  263   630  1340 94006 7635
20230628_CVD_2546_60s_20x20ptsdet_2_11_5  223565 27284  266   650  1299 94201 7715
20230628_CVD_2546_60s_20x20ptsdet_2_11_6  223968 27265  254   570  1264 94118 7731
20230628_CVD_2546_60s_20x20ptsdet_2_11_7  223954 27357  249   571  1388 94642 7953
20230628_CVD_2546_60s_20x20ptsdet_2_11_8  224031 27489  258   619  1242 94608 7726
20230628_CVD_2546_60s_20x20ptsdet_2_11_9  224099 26997  255   546  1333 94586 7827
20230628_CVD_2546_60s_20x20ptsdet_2_12_0  222928 26977  226   543  1373 93684 7953
20230628_CVD_2546_60s_20x20ptsdet_2_12_1  222105 27319  237   544  1342 93349 7860
20230628_CVD_2546_60s_20x20ptsdet_2_12_10 223112 27044  241   563  1306 94358 7688
20230628_CVD_2546_60s_20x20ptsdet_2_12_11 222895 26898  242   460  1257 94183 7601
20230628_CVD_2546_60s_20x20ptsdet_2_12_12 223840 27180  253   625  1336 94089 7840
20230628_CVD_2546_60s_20x20ptsdet_2_12_13 223369 27212  253   652  1319 93849 7898
20230628_CVD_2546_60s_20x20ptsdet_2_12_14 223906 26893  196   574  1206 94314 7887
20230628_CVD_2546_60s_20x20ptsdet_2_12_15 224093 27298  246   581  1297 94054 7748
20230628_CVD_2546_60s_20x20ptsdet_2_12_16 223122 27063  264   503  1184 94309 7658
20230628_CVD_2546_60s_20x20ptsdet_2_12_17 223950 27332  239   548  1313 93976 7786
20230628_CVD_2546_60s_20x20ptsdet_2_12_18 223014 27112  250   582  1229 94240 7954
20230628_CVD_2546_60s_20x20ptsdet_2_12_19 224300 27257  288   485  1383 94629 7753
20230628_CVD_2546_60s_20x20ptsdet_2_12_2  223126 27311  229   538  1318 94410 7833
20230628_CVD_2546_60s_20x20ptsdet_2_12_3  223392 27223  253   490  1236 94041 7564
20230628_CVD_2546_60s_20x20ptsdet_2_12_4  222264 27247  232   528  1444 94315 7567
20230628_CVD_2546_60s_20x20ptsdet_2_12_5  223902 27262  270   646  1356 93999 7711
20230628_CVD_2546_60s_20x20ptsdet_2_12_6  222727 26861  236   484  1401 93671 7948
20230628_CVD_2546_60s_20x20ptsdet_2_12_7  222932 27317  188   623  1147 93933 7716
20230628_CVD_2546_60s_20x20ptsdet_2_12_8  224363 26907  254   518  1280 94065 7811
20230628_CVD_2546_60s_20x20ptsdet_2_12_9  222909 27236  206   524  1317 94279 7572
20230628_CVD_2546_60s_20x20ptsdet_2_13_0  223995 27233  288   605  1337 94187 8099
20230628_CVD_2546_60s_20x20ptsdet_2_13_1  223236 27165  268   559  1281 94062 7668
20230628_CVD_2546_60s_20x20ptsdet_2_13_10 222401 27233  232   656  1339 94740 7607
20230628_CVD_2546_60s_20x20ptsdet_2_13_11 223486 27153  225   519  1350 95253 7667
20230628_CVD_2546_60s_20x20ptsdet_2_13_12 224624 27129  225   496  1306 94761 7635
20230628_CVD_2546_60s_20x20ptsdet_2_13_13 223478 27039  253   475  1261 94605 7771
20230628_CVD_2546_60s_20x20ptsdet_2_13_14 223262 27367  243   588  1228 94028 7754
20230628_CVD_2546_60s_20x20ptsdet_2_13_15 223684 27317  262   499  1343 94782 7837
20230628_CVD_2546_60s_20x20ptsdet_2_13_16 224567 26807  234   566  1279 94319 7768
20230628_CVD_2546_60s_20x20ptsdet_2_13_17 223622 27299  259   638  1428 94202 7728
20230628_CVD_2546_60s_20x20ptsdet_2_13_18 223575 27169  271   525  1327 94092 7907
20230628_CVD_2546_60s_20x20ptsdet_2_13_19 223823 27369  234   541  1322 94810 7758
20230628_CVD_2546_60s_20x20ptsdet_2_13_2  223941 27366  225   422  1246 94141 7839
20230628_CVD_2546_60s_20x20ptsdet_2_13_3  223782 27132  229   539  1296 94338 7624
20230628_CVD_2546_60s_20x20ptsdet_2_13_4  223581 27520  261   464  1315 94447 7548
20230628_CVD_2546_60s_20x20ptsdet_2_13_5  223862 27218  253   784  1335 93843 7729
20230628_CVD_2546_60s_20x20ptsdet_2_13_6  224144 27202  258   556  1322 94727 7602
20230628_CVD_2546_60s_20x20ptsdet_2_13_7  223403 27286  242   549  1248 93746 7639
20230628_CVD_2546_60s_20x20ptsdet_2_13_8  223946 27312  240   640  1334 94523 7674
20230628_CVD_2546_60s_20x20ptsdet_2_13_9  223718 27346  308   614  1348 94423 7688
20230628_CVD_2546_60s_20x20ptsdet_2_14_0  222217 27137  263   494  1246 93938 7494
20230628_CVD_2546_60s_20x20ptsdet_2_14_1  223411 27187  261   578  1304 94185 7852
20230628_CVD_2546_60s_20x20ptsdet_2_14_10 222914 27202  234   481  1374 93898 7577
20230628_CVD_2546_60s_20x20ptsdet_2_14_11 223478 26986  249   526  1272 94091 7721
20230628_CVD_2546_60s_20x20ptsdet_2_14_12 222530 26998  271   520  1277 94718 7633
20230628_CVD_2546_60s_20x20ptsdet_2_14_13 223573 27202  269   563  1343 94349 7497
20230628_CVD_2546_60s_20x20ptsdet_2_14_14 223072 27250  274   490  1355 93845 7878
20230628_CVD_2546_60s_20x20ptsdet_2_14_15 222680 27205  247   565  1355 93551 7757
20230628_CVD_2546_60s_20x20ptsdet_2_14_16 223977 27183  287   616  1417 94817 7838
20230628_CVD_2546_60s_20x20ptsdet_2_14_17 223715 27080  217   601  1292 94483 7634
20230628_CVD_2546_60s_20x20ptsdet_2_14_18 223282 27154  234   520  1283 93605 7722
20230628_CVD_2546_60s_20x20ptsdet_2_14_19 223485 26910  254   574  1389 94414 7491
20230628_CVD_2546_60s_20x20ptsdet_2_14_2  223981 27116  264   537  1382 94250 7453
20230628_CVD_2546_60s_20x20ptsdet_2_14_3  222714 27145  249   577  1281 94178 7655
20230628_CVD_2546_60s_20x20ptsdet_2_14_4  223252 26972  272   549  1261 94326 7748
20230628_CVD_2546_60s_20x20ptsdet_2_14_5  222240 27202  250   548  1289 94528 7491
20230628_CVD_2546_60s_20x20ptsdet_2_14_6  223013 26925  220   588  1288 93843 7801
20230628_CVD_2546_60s_20x20ptsdet_2_14_7  223383 27271  268   551  1289 94590 7484
20230628_CVD_2546_60s_20x20ptsdet_2_14_8  222520 27150  234   716  1318 93254 7537
20230628_CVD_2546_60s_20x20ptsdet_2_14_9  222435 26926  229   733  1335 93817 7699
20230628_CVD_2546_60s_20x20ptsdet_2_15_0  223805 27104  277   515  1328 94817 7588
20230628_CVD_2546_60s_20x20ptsdet_2_15_1  224017 27244  248   467  1285 95021 7781
20230628_CVD_2546_60s_20x20ptsdet_2_15_10 222320 27223  246   614  1411 94361 7871
20230628_CVD_2546_60s_20x20ptsdet_2_15_11 223649 27262  255   482  1266 94099 7908
20230628_CVD_2546_60s_20x20ptsdet_2_15_12 224203 27190  286   599  1360 94458 7894
20230628_CVD_2546_60s_20x20ptsdet_2_15_13 223807 27425  246   580  1259 94515 7672
20230628_CVD_2546_60s_20x20ptsdet_2_15_14 223795 27395  278   621  1433 95383 7730
20230628_CVD_2546_60s_20x20ptsdet_2_15_15 224699 27168  280   689  1276 94575 7848
20230628_CVD_2546_60s_20x20ptsdet_2_15_16 224129 27067  327   666  1438 93146 7900
20230628_CVD_2546_60s_20x20ptsdet_2_15_17 223405 27091  232   585  1322 94471 7721
20230628_CVD_2546_60s_20x20ptsdet_2_15_18 224195 27353  252   565  1333 94487 7716
20230628_CVD_2546_60s_20x20ptsdet_2_15_19 224006 26973  243   557  1334 95054 7838
20230628_CVD_2546_60s_20x20ptsdet_2_15_2  223495 27346  240   574  1298 94466 7662
20230628_CVD_2546_60s_20x20ptsdet_2_15_3  224129 27210  252   547  1335 94603 7730
20230628_CVD_2546_60s_20x20ptsdet_2_15_4  224452 27406  201   586  1320 94414 7792
20230628_CVD_2546_60s_20x20ptsdet_2_15_5  223638 27321  251   590  1211 94435 7786
20230628_CVD_2546_60s_20x20ptsdet_2_15_6  223818 27210  253   622  1340 94630 7875
20230628_CVD_2546_60s_20x20ptsdet_2_15_7  224739 27092  253   519  1176 94250 7770
20230628_CVD_2546_60s_20x20ptsdet_2_15_8  223507 27314  227   676  1366 95321 7696
20230628_CVD_2546_60s_20x20ptsdet_2_15_9  222310 27171  247   531  1365 93935 7737
20230628_CVD_2546_60s_20x20ptsdet_2_16_0  223631 27262  225   599  1311 94456 7781
20230628_CVD_2546_60s_20x20ptsdet_2_16_1  224015 27139  244   451  1147 94079 7774
20230628_CVD_2546_60s_20x20ptsdet_2_16_10 224004 27458  262   559  1335 94767 7918
20230628_CVD_2546_60s_20x20ptsdet_2_16_11 224545 27381  243   543  1437 94205 7691
20230628_CVD_2546_60s_20x20ptsdet_2_16_12 224098 27172  274   559  1338 94336 7735
20230628_CVD_2546_60s_20x20ptsdet_2_16_13 224711 27336  270   526  1253 94781 7785
20230628_CVD_2546_60s_20x20ptsdet_2_16_14 224674 27281  255   598  1272 95197 7912
20230628_CVD_2546_60s_20x20ptsdet_2_16_15 223728 27221  233   581  1289 94518 7795
20230628_CVD_2546_60s_20x20ptsdet_2_16_16 224904 27384  259   643  1314 94711 7558
20230628_CVD_2546_60s_20x20ptsdet_2_16_17 225545 27625  270   512  1421 95214 7829
20230628_CVD_2546_60s_20x20ptsdet_2_16_18 224517 27222  239   486  1240 94353 7793
20230628_CVD_2546_60s_20x20ptsdet_2_16_19 223537 27062  289   605  1363 94203 7562
20230628_CVD_2546_60s_20x20ptsdet_2_16_2  223265 27289  217   523  1317 94136 7862
20230628_CVD_2546_60s_20x20ptsdet_2_16_3  224095 27184  200   567  1238 95102 7796
20230628_CVD_2546_60s_20x20ptsdet_2_16_4  224626 27440  259   516  1265 94626 7762
20230628_CVD_2546_60s_20x20ptsdet_2_16_5  224238 27146  237   612  1304 94758 7785
20230628_CVD_2546_60s_20x20ptsdet_2_16_6  224233 27480  283   518  1271 95149 7801
20230628_CVD_2546_60s_20x20ptsdet_2_16_7  224329 27436  266   438  1301 94814 7709
20230628_CVD_2546_60s_20x20ptsdet_2_16_8  224324 27408  282   602  1321 94670 7921
20230628_CVD_2546_60s_20x20ptsdet_2_16_9  223978 27388  251   526  1302 94341 8017
20230628_CVD_2546_60s_20x20ptsdet_2_17_0  223677 27293  249   588  1307 94020 7815
20230628_CVD_2546_60s_20x20ptsdet_2_17_1  222781 27281  231   493  1218 93974 7701
20230628_CVD_2546_60s_20x20ptsdet_2_17_10 225263 27398  273   639  1302 94679 7791
20230628_CVD_2546_60s_20x20ptsdet_2_17_11 225200 27351  248   647  1337 94799 7761
20230628_CVD_2546_60s_20x20ptsdet_2_17_12 223843 27242  224   438  1200 94311 7656
20230628_CVD_2546_60s_20x20ptsdet_2_17_13 223121 27207  231   509  1207 94812 7937
20230628_CVD_2546_60s_20x20ptsdet_2_17_14 224991 27513  264   522  1234 93937 7656
20230628_CVD_2546_60s_20x20ptsdet_2_17_15 223933 27512  265   632  1371 94631 7634
20230628_CVD_2546_60s_20x20ptsdet_2_17_16 224393 27276  281   596  1282 94337 7774
20230628_CVD_2546_60s_20x20ptsdet_2_17_17 224118 27508  246   572  1363 94392 7725
20230628_CVD_2546_60s_20x20ptsdet_2_17_18 222321 26665  286   483  1284 93728 7546
20230628_CVD_2546_60s_20x20ptsdet_2_17_19 220667 26900  245   566  1422 92917 7363
20230628_CVD_2546_60s_20x20ptsdet_2_17_2  224807 27548  241   563  1389 94369 7700
20230628_CVD_2546_60s_20x20ptsdet_2_17_3  224519 27165  235   499  1307 94327 7708
20230628_CVD_2546_60s_20x20ptsdet_2_17_4  223979 27282  268   494  1321 94674 7648
20230628_CVD_2546_60s_20x20ptsdet_2_17_5  224940 27350  238   620  1309 94964 7810
20230628_CVD_2546_60s_20x20ptsdet_2_17_6  224473 27062  291   599  1325 94715 7628
20230628_CVD_2546_60s_20x20ptsdet_2_17_7  225588 27360  247   563  1311 94972 7920
20230628_CVD_2546_60s_20x20ptsdet_2_17_8  225236 27338  227   599  1286 95109 7740
20230628_CVD_2546_60s_20x20ptsdet_2_17_9  224833 27279  306   536  1359 94612 7636
20230628_CVD_2546_60s_20x20ptsdet_2_18_0  220248 26941  254   483  1287 92606 7756
20230628_CVD_2546_60s_20x20ptsdet_2_18_1  220884 26648  233   513  1409 92500 7783
20230628_CVD_2546_60s_20x20ptsdet_2_18_10 225698 27348  217   498  1300 94884 7863
20230628_CVD_2546_60s_20x20ptsdet_2_18_11 225242 27759  241   613  1318 95074 7586
20230628_CVD_2546_60s_20x20ptsdet_2_18_12 225457 27540  280   567  1287 95446 8040
20230628_CVD_2546_60s_20x20ptsdet_2_18_13 225152 27442  236   551  1368 95048 7664
20230628_CVD_2546_60s_20x20ptsdet_2_18_14 225138 27474  269   632  1381 95201 7797
20230628_CVD_2546_60s_20x20ptsdet_2_18_15 225169 27389  255   548  1192 94690 7949
20230628_CVD_2546_60s_20x20ptsdet_2_18_16 224856 27219  262   676  1362 94584 7651
20230628_CVD_2546_60s_20x20ptsdet_2_18_17 224533 27155  251   632  1304 94395 7957
20230628_CVD_2546_60s_20x20ptsdet_2_18_18 225653 27312  261   525  1295 94768 7795
20230628_CVD_2546_60s_20x20ptsdet_2_18_19 225813 27540  235   562  1288 95489 7826
20230628_CVD_2546_60s_20x20ptsdet_2_18_2  224601 27253  246   690  1377 94681 7786
20230628_CVD_2546_60s_20x20ptsdet_2_18_3  224875 26928  273   527  1180 93924 7551
20230628_CVD_2546_60s_20x20ptsdet_2_18_4  223462 27448  256   633  1439 94417 7600
20230628_CVD_2546_60s_20x20ptsdet_2_18_5  223884 27565  266   650  1354 94595 7728
20230628_CVD_2546_60s_20x20ptsdet_2_18_6  225000 27501  268   630  1308 95039 7797
20230628_CVD_2546_60s_20x20ptsdet_2_18_7  224354 27254  269   594  1201 94556 7739
20230628_CVD_2546_60s_20x20ptsdet_2_18_8  224661 27123  247   514  1284 94603 7806
20230628_CVD_2546_60s_20x20ptsdet_2_18_9  224218 27395  283   652  1218 94432 8006
20230628_CVD_2546_60s_20x20ptsdet_2_19_0  224882 27631  249   572  1335 94474 8003
20230628_CVD_2546_60s_20x20ptsdet_2_19_1  224902 27330  267   616  1340 94976 7892
20230628_CVD_2546_60s_20x20ptsdet_2_19_10 225261 27137  276   607  1435 94638 7626
20230628_CVD_2546_60s_20x20ptsdet_2_19_11 224624 27455  235   618  1400 95047 7787
20230628_CVD_2546_60s_20x20ptsdet_2_19_12 225684 27370  237   651  1342 95551 8086
20230628_CVD_2546_60s_20x20ptsdet_2_19_13 225514 27593  249   590  1415 95436 7989
20230628_CVD_2546_60s_20x20ptsdet_2_19_14 225339 27568  233   678  1343 94877 7717
20230628_CVD_2546_60s_20x20ptsdet_2_19_15 223125 26803  249   617  1319 94225 7685
20230628_CVD_2546_60s_20x20ptsdet_2_19_16 224451 27138  276   524  1346 94377 7885
20230628_CVD_2546_60s_20x20ptsdet_2_19_17 223670 27548  249   583  1201 94276 7634
20230628_CVD_2546_60s_20x20ptsdet_2_19_18 224202 27398  253   575  1322 94396 7859
20230628_CVD_2546_60s_20x20ptsdet_2_19_19 223825 27077  231   629  1369 94554 7678
20230628_CVD_2546_60s_20x20ptsdet_2_19_2  224717 27405  230   463  1360 94842 7904
20230628_CVD_2546_60s_20x20ptsdet_2_19_3  224098 27454  214   473  1292 94375 7726
20230628_CVD_2546_60s_20x20ptsdet_2_19_4  224840 27485  268   607  1312 94400 7663
20230628_CVD_2546_60s_20x20ptsdet_2_19_5  225054 27398  238   686  1460 94812 7776
20230628_CVD_2546_60s_20x20ptsdet_2_19_6  225240 27207  253   484  1256 94208 7793
20230628_CVD_2546_60s_20x20ptsdet_2_19_7  224998 27198  233   496  1408 94742 7655
20230628_CVD_2546_60s_20x20ptsdet_2_19_8  225972 27719  215   492  1303 95267 7766
20230628_CVD_2546_60s_20x20ptsdet_2_19_9  224800 27349  261   630  1261 95294 7878
20230628_CVD_2546_60s_20x20ptsdet_2_1_0   225588 27506  222   560  1211 94558 7662
20230628_CVD_2546_60s_20x20ptsdet_2_1_1   224759 27490  243   525  1320 94683 8025
20230628_CVD_2546_60s_20x20ptsdet_2_1_10  224601 26973  242   548  1388 94306 7646
20230628_CVD_2546_60s_20x20ptsdet_2_1_11  223860 27244  252   553  1242 93979 7660
20230628_CVD_2546_60s_20x20ptsdet_2_1_12  224031 27210  296   613  1375 94259 7830
20230628_CVD_2546_60s_20x20ptsdet_2_1_13  223492 27228  262   603  1370 93651 7655
20230628_CVD_2546_60s_20x20ptsdet_2_1_14  223863 27156  251   609  1265 94038 7574
20230628_CVD_2546_60s_20x20ptsdet_2_1_15  223851 27393  249   591  1402 94454 7641
20230628_CVD_2546_60s_20x20ptsdet_2_1_16  224008 27235  285   595  1349 94327 7680
20230628_CVD_2546_60s_20x20ptsdet_2_1_17  225337 26980  200   477  1377 94276 7684
20230628_CVD_2546_60s_20x20ptsdet_2_1_18  225047 27318  220   514  1315 94266 7736
20230628_CVD_2546_60s_20x20ptsdet_2_1_19  224489 27015  179   580  1373 94408 7744
20230628_CVD_2546_60s_20x20ptsdet_2_1_2   225331 27392  252   591  1271 94661 7943
20230628_CVD_2546_60s_20x20ptsdet_2_1_3   225047 27256  262   546  1427 94742 7932
20230628_CVD_2546_60s_20x20ptsdet_2_1_4   225018 27430  252   712  1314 94605 7717
20230628_CVD_2546_60s_20x20ptsdet_2_1_5   224781 27345  237   672  1332 94331 7665
20230628_CVD_2546_60s_20x20ptsdet_2_1_6   224202 27337  232   534  1392 94720 7852
20230628_CVD_2546_60s_20x20ptsdet_2_1_7   224870 27560  189   622  1300 94637 7873
20230628_CVD_2546_60s_20x20ptsdet_2_1_8   223600 27122  206   513  1431 94383 7703
20230628_CVD_2546_60s_20x20ptsdet_2_1_9   223618 27415  276   673  1459 94341 7654
20230628_CVD_2546_60s_20x20ptsdet_2_2_0   223899 27307  206   469  1392 93808 7529
20230628_CVD_2546_60s_20x20ptsdet_2_2_1   223318 27091  267   636  1337 93923 7938
20230628_CVD_2546_60s_20x20ptsdet_2_2_10  224440 27292  259   579  1308 93875 7611
20230628_CVD_2546_60s_20x20ptsdet_2_2_11  224160 27396  243   537  1319 94130 7889
20230628_CVD_2546_60s_20x20ptsdet_2_2_12  223638 27347  220   639  1418 94301 7825
20230628_CVD_2546_60s_20x20ptsdet_2_2_13  223875 27474  231   502  1210 94569 7775
20230628_CVD_2546_60s_20x20ptsdet_2_2_14  223755 27043  240   592  1250 94091 7637
20230628_CVD_2546_60s_20x20ptsdet_2_2_15  223802 27373  298   518  1392 94264 7990
20230628_CVD_2546_60s_20x20ptsdet_2_2_16  224605 27163  240   594  1340 94361 7599
20230628_CVD_2546_60s_20x20ptsdet_2_2_17  224012 27362  242   458  1343 94142 7717
20230628_CVD_2546_60s_20x20ptsdet_2_2_18  224021 27186  234   576  1365 94341 7714
20230628_CVD_2546_60s_20x20ptsdet_2_2_19  224461 27322  244   670  1306 94397 7689
20230628_CVD_2546_60s_20x20ptsdet_2_2_2   223876 27103  207   640  1307 93769 7709
20230628_CVD_2546_60s_20x20ptsdet_2_2_3   224521 27339  227   568  1436 94594 7486
20230628_CVD_2546_60s_20x20ptsdet_2_2_4   223738 27222  288   475  1281 94371 7598
20230628_CVD_2546_60s_20x20ptsdet_2_2_5   223762 27383  254   519  1321 94042 7691
20230628_CVD_2546_60s_20x20ptsdet_2_2_6   223705 27528  206   504  1285 94063 7831
20230628_CVD_2546_60s_20x20ptsdet_2_2_7   225150 27331  236   441  1219 94215 7719
20230628_CVD_2546_60s_20x20ptsdet_2_2_8   223616 27234  249   449  1239 94565 7735
20230628_CVD_2546_60s_20x20ptsdet_2_2_9   223825 27514  274   538  1301 94006 7786
20230628_CVD_2546_60s_20x20ptsdet_2_3_0   224641 27286  235   512  1221 94134 7481
20230628_CVD_2546_60s_20x20ptsdet_2_3_1   223844 27242  210   490  1195 94171 7725
20230628_CVD_2546_60s_20x20ptsdet_2_3_10  223725 27101  229   526  1342 94392 7686
20230628_CVD_2546_60s_20x20ptsdet_2_3_11  223465 27182  277   531  1372 93599 7656
20230628_CVD_2546_60s_20x20ptsdet_2_3_12  223454 27017  199   540  1280 93625 7848
20230628_CVD_2546_60s_20x20ptsdet_2_3_13  224049 27210  252   553  1262 94164 7540
20230628_CVD_2546_60s_20x20ptsdet_2_3_14  224928 27458  244   551  1371 94558 7665
20230628_CVD_2546_60s_20x20ptsdet_2_3_15  224609 27371  264   505  1280 94811 7790
20230628_CVD_2546_60s_20x20ptsdet_2_3_16  223545 27365  270   637  1314 94459 7551
20230628_CVD_2546_60s_20x20ptsdet_2_3_17  223419 27292  260   564  1236 93858 7668
20230628_CVD_2546_60s_20x20ptsdet_2_3_18  223043 27071  290   540  1181 94019 7735
20230628_CVD_2546_60s_20x20ptsdet_2_3_19  223757 27092  253   579  1319 93903 7535
20230628_CVD_2546_60s_20x20ptsdet_2_3_2   224482 27182  224   634  1380 94133 7854
20230628_CVD_2546_60s_20x20ptsdet_2_3_3   223975 27259  235   543  1294 93497 7614
20230628_CVD_2546_60s_20x20ptsdet_2_3_4   224237 27430  249   591  1424 93841 7771
20230628_CVD_2546_60s_20x20ptsdet_2_3_5   223816 27098  243   492  1302 94569 7545
20230628_CVD_2546_60s_20x20ptsdet_2_3_6   223811 27237  260   505  1298 93986 7647
20230628_CVD_2546_60s_20x20ptsdet_2_3_7   223955 27074  281   498  1382 93494 7748
20230628_CVD_2546_60s_20x20ptsdet_2_3_8   223658 27444  251   618  1270 94405 7612
20230628_CVD_2546_60s_20x20ptsdet_2_3_9   224454 27356  253   543  1300 93962 7730
20230628_CVD_2546_60s_20x20ptsdet_2_4_0   222900 27239  264   467  1402 93962 7490
20230628_CVD_2546_60s_20x20ptsdet_2_4_1   222996 27398  244   615  1291 93914 7747
20230628_CVD_2546_60s_20x20ptsdet_2_4_10  225088 27190  219   600  1312 94739 7793
20230628_CVD_2546_60s_20x20ptsdet_2_4_11  225453 27488  217   671  1412 94802 7768
20230628_CVD_2546_60s_20x20ptsdet_2_4_12  224618 27093  222   653  1309 94418 7784
20230628_CVD_2546_60s_20x20ptsdet_2_4_13  224766 27270  191   436  1259 94606 7755
20230628_CVD_2546_60s_20x20ptsdet_2_4_14  225075 27338  262   718  1328 94560 7577
20230628_CVD_2546_60s_20x20ptsdet_2_4_15  224539 27387  257   546  1304 94537 7663
20230628_CVD_2546_60s_20x20ptsdet_2_4_16  223549 27083  185   516  1206 94670 7701
20230628_CVD_2546_60s_20x20ptsdet_2_4_17  224270 27353  258   608  1217 94801 7812
20230628_CVD_2546_60s_20x20ptsdet_2_4_18  223928 27306  226   500  1256 94057 7667
20230628_CVD_2546_60s_20x20ptsdet_2_4_19  223864 27305  213   526  1293 93531 7736
20230628_CVD_2546_60s_20x20ptsdet_2_4_2   224385 27152  258   472  1253 93668 7926
20230628_CVD_2546_60s_20x20ptsdet_2_4_3   224569 27345  265   608  1154 94130 7764
20230628_CVD_2546_60s_20x20ptsdet_2_4_4   224625 27238  203   468  1341 94806 7560
20230628_CVD_2546_60s_20x20ptsdet_2_4_5   224760 27350  249   625  1201 94843 7845
20230628_CVD_2546_60s_20x20ptsdet_2_4_6   225134 27791  221   580  1392 94641 7737
20230628_CVD_2546_60s_20x20ptsdet_2_4_7   225080 27323  248   447  1123 94710 7791
20230628_CVD_2546_60s_20x20ptsdet_2_4_8   224816 27583  256   576  1318 94922 7759
20230628_CVD_2546_60s_20x20ptsdet_2_4_9   225024 27251  233   544  1397 94512 7845
20230628_CVD_2546_60s_20x20ptsdet_2_5_0   224455 27502  265   614  1273 93879 7736
20230628_CVD_2546_60s_20x20ptsdet_2_5_1   224043 27194  275   514  1300 93970 7574
20230628_CVD_2546_60s_20x20ptsdet_2_5_10  224195 27059  239   571  1223 93627 7681
20230628_CVD_2546_60s_20x20ptsdet_2_5_11  223750 27196  229   577  1279 93935 7780
20230628_CVD_2546_60s_20x20ptsdet_2_5_12  223707 27019  256   572  1374 94264 7733
20230628_CVD_2546_60s_20x20ptsdet_2_5_13  223672 27144  237   549  1254 93826 7689
20230628_CVD_2546_60s_20x20ptsdet_2_5_14  222966 27049  231   585  1286 94107 7857
20230628_CVD_2546_60s_20x20ptsdet_2_5_15  222948 27213  284   562  1203 94217 7507
20230628_CVD_2546_60s_20x20ptsdet_2_5_16  223881 27289  256   533  1287 93722 7749
20230628_CVD_2546_60s_20x20ptsdet_2_5_17  223461 27028  212   582  1425 93967 7823
20230628_CVD_2546_60s_20x20ptsdet_2_5_18  222411 26965  232   500  1220 94090 7700
20230628_CVD_2546_60s_20x20ptsdet_2_5_19  223801 27123  264   602  1344 93515 7705
20230628_CVD_2546_60s_20x20ptsdet_2_5_2   224185 26872  237   591  1324 93832 7744
20230628_CVD_2546_60s_20x20ptsdet_2_5_3   223002 27179  261   460  1233 93698 7832
20230628_CVD_2546_60s_20x20ptsdet_2_5_4   222622 27326  204   493  1236 94362 7981
20230628_CVD_2546_60s_20x20ptsdet_2_5_5   223542 27209  277   570  1163 94276 7618
20230628_CVD_2546_60s_20x20ptsdet_2_5_6   223802 27282  243   561  1365 94661 7559
20230628_CVD_2546_60s_20x20ptsdet_2_5_7   223495 27320  280   589  1376 94496 7641
20230628_CVD_2546_60s_20x20ptsdet_2_5_8   223397 27299  240   591  1226 94285 7842
20230628_CVD_2546_60s_20x20ptsdet_2_5_9   223857 27029  264   602  1289 94646 7583
20230628_CVD_2546_60s_20x20ptsdet_2_6_0   223285 27375  257   521  1167 93850 7801
20230628_CVD_2546_60s_20x20ptsdet_2_6_1   223447 27357  209   491  1277 94269 7684
20230628_CVD_2546_60s_20x20ptsdet_2_6_10  223870 27193  241   501  1195 94401 7783
20230628_CVD_2546_60s_20x20ptsdet_2_6_11  223027 27241  287   591  1341 94103 7803
20230628_CVD_2546_60s_20x20ptsdet_2_6_12  223233 27205  270   570  1264 93603 7621
20230628_CVD_2546_60s_20x20ptsdet_2_6_13  223613 27211  243   658  1239 94810 7673
20230628_CVD_2546_60s_20x20ptsdet_2_6_14  222561 27165  266   704  1200 93737 7814
20230628_CVD_2546_60s_20x20ptsdet_2_6_15  223811 27199  291   642  1215 94226 7904
20230628_CVD_2546_60s_20x20ptsdet_2_6_16  223785 27135  210   511  1296 94256 7414
20230628_CVD_2546_60s_20x20ptsdet_2_6_17  224090 27372  240   488  1297 94148 7628
20230628_CVD_2546_60s_20x20ptsdet_2_6_18  222611 27073  249   496  1279 94192 7992
20230628_CVD_2546_60s_20x20ptsdet_2_6_19  223131 27219  263   553  1163 94424 7712
20230628_CVD_2546_60s_20x20ptsdet_2_6_2   223070 26884  232   490  1119 93661 7800
20230628_CVD_2546_60s_20x20ptsdet_2_6_3   224294 27004  246   549  1280 94132 7707
20230628_CVD_2546_60s_20x20ptsdet_2_6_4   222839 27165  256   575  1377 94465 7584
20230628_CVD_2546_60s_20x20ptsdet_2_6_5   223908 27170  275   598  1243 93837 7676
20230628_CVD_2546_60s_20x20ptsdet_2_6_6   224486 27502  231   499  1316 93745 7860
20230628_CVD_2546_60s_20x20ptsdet_2_6_7   223711 27359  245   555  1336 93726 7763
20230628_CVD_2546_60s_20x20ptsdet_2_6_8   222931 26946  218   558  1393 93608 7757
20230628_CVD_2546_60s_20x20ptsdet_2_6_9   222597 27212  280   548  1357 93956 7707
20230628_CVD_2546_60s_20x20ptsdet_2_7_0   223491 27138  215   540  1278 93734 7753
20230628_CVD_2546_60s_20x20ptsdet_2_7_1   223820 27069  224   598  1252 94471 7823
20230628_CVD_2546_60s_20x20ptsdet_2_7_10  223203 27167  243   614  1307 93270 7597
20230628_CVD_2546_60s_20x20ptsdet_2_7_11  222862 27380  315   632  1401 93875 7773
20230628_CVD_2546_60s_20x20ptsdet_2_7_12  222598 26938  242   518  1263 93865 7689
20230628_CVD_2546_60s_20x20ptsdet_2_7_13  223598 27119  280   497  1292 93916 7492
20230628_CVD_2546_60s_20x20ptsdet_2_7_14  223191 27041  258   675  1271 94240 7908
20230628_CVD_2546_60s_20x20ptsdet_2_7_15  223168 27277  228   515  1234 93851 7691
20230628_CVD_2546_60s_20x20ptsdet_2_7_16  223683 27250  236   554  1350 94420 7771
20230628_CVD_2546_60s_20x20ptsdet_2_7_17  223321 27076  222   510  1244 94358 7715
20230628_CVD_2546_60s_20x20ptsdet_2_7_18  223162 27162  315   489  1313 93869 7964
20230628_CVD_2546_60s_20x20ptsdet_2_7_19  223631 27096  208   520  1257 94175 7725
20230628_CVD_2546_60s_20x20ptsdet_2_7_2   223142 27035  237   516  1254 93986 7585
20230628_CVD_2546_60s_20x20ptsdet_2_7_3   221375 26923  254   615  1288 93362 7980
20230628_CVD_2546_60s_20x20ptsdet_2_7_4   221028 27072  236   630  1367 93044 7646
20230628_CVD_2546_60s_20x20ptsdet_2_7_5   222912 27065  235   516  1270 93993 7634
20230628_CVD_2546_60s_20x20ptsdet_2_7_6   224211 27243  266   548  1365 94378 7640
20230628_CVD_2546_60s_20x20ptsdet_2_7_7   223146 27245  235   480  1277 93730 7604
20230628_CVD_2546_60s_20x20ptsdet_2_7_8   224147 27247  247   550  1375 94411 7677
20230628_CVD_2546_60s_20x20ptsdet_2_7_9   223731 27315  279   603  1264 94307 7660
20230628_CVD_2546_60s_20x20ptsdet_2_8_0   223650 27198  209   591  1268 94000 7746
20230628_CVD_2546_60s_20x20ptsdet_2_8_1   223147 27492  250   501  1357 93782 7835
20230628_CVD_2546_60s_20x20ptsdet_2_8_10  222694 27326  237   612  1336 94256 7709
20230628_CVD_2546_60s_20x20ptsdet_2_8_11  222888 27300  228   509  1266 94044 7764
20230628_CVD_2546_60s_20x20ptsdet_2_8_12  222612 26865  235   517  1240 94192 7733
20230628_CVD_2546_60s_20x20ptsdet_2_8_13  223770 27512  239   589  1266 94168 7778
20230628_CVD_2546_60s_20x20ptsdet_2_8_14  223674 27097  224   611  1291 94034 7734
20230628_CVD_2546_60s_20x20ptsdet_2_8_15  223198 27231  235   586  1283 94036 7768
20230628_CVD_2546_60s_20x20ptsdet_2_8_16  223402 27215  262   600  1417 93337 7755
20230628_CVD_2546_60s_20x20ptsdet_2_8_17  222365 27221  272   540  1300 94082 7529
20230628_CVD_2546_60s_20x20ptsdet_2_8_18  223161 27057  222   612  1338 94308 7757
20230628_CVD_2546_60s_20x20ptsdet_2_8_19  223057 26996  238   543  1358 93918 7458
20230628_CVD_2546_60s_20x20ptsdet_2_8_2   222952 27014  219   515  1231 94100 7805
20230628_CVD_2546_60s_20x20ptsdet_2_8_3   222799 27121  267   613  1272 94301 7501
20230628_CVD_2546_60s_20x20ptsdet_2_8_4   223342 27051  245   645  1426 94152 7681
20230628_CVD_2546_60s_20x20ptsdet_2_8_5   223691 27504  275   699  1325 93951 7855
20230628_CVD_2546_60s_20x20ptsdet_2_8_6   223049 27418  246   598  1359 94299 7791
20230628_CVD_2546_60s_20x20ptsdet_2_8_7   223324 27222  247   515  1389 94291 7564
20230628_CVD_2546_60s_20x20ptsdet_2_8_8   224180 26894  302   590  1317 94303 7721
20230628_CVD_2546_60s_20x20ptsdet_2_8_9   223203 27312  252   612  1199 94458 7797
20230628_CVD_2546_60s_20x20ptsdet_2_9_0   222530 27430  245   570  1347 93991 7792
20230628_CVD_2546_60s_20x20ptsdet_2_9_1   223229 27182  281   472  1329 94341 7781
20230628_CVD_2546_60s_20x20ptsdet_2_9_10  222807 26920  258   626  1377 93702 7727
20230628_CVD_2546_60s_20x20ptsdet_2_9_11  223066 26945  225   578  1226 94429 7746
20230628_CVD_2546_60s_20x20ptsdet_2_9_12  223025 27118  239   527  1146 93795 7834
20230628_CVD_2546_60s_20x20ptsdet_2_9_13  222110 26732  252   475  1190 93818 7492
20230628_CVD_2546_60s_20x20ptsdet_2_9_14  223223 27044  239   556  1170 93798 7663
20230628_CVD_2546_60s_20x20ptsdet_2_9_15  222390 27128  228   474  1369 93687 7605
20230628_CVD_2546_60s_20x20ptsdet_2_9_16  221997 26755  245   466  1295 93698 7751
20230628_CVD_2546_60s_20x20ptsdet_2_9_17  222852 26981  268   596  1309 93384 7809
20230628_CVD_2546_60s_20x20ptsdet_2_9_18  222423 26928  223   592  1254 93663 7742
20230628_CVD_2546_60s_20x20ptsdet_2_9_19  221766 27066  247   525  1234 93726 7849
20230628_CVD_2546_60s_20x20ptsdet_2_9_2   223578 26907  228   682  1262 93864 7882
20230628_CVD_2546_60s_20x20ptsdet_2_9_3   222664 27141  210   577  1357 93889 7886
20230628_CVD_2546_60s_20x20ptsdet_2_9_4   223069 26933  229   615  1322 94128 7937
20230628_CVD_2546_60s_20x20ptsdet_2_9_5   222767 27298  223   620  1442 94268 7649
20230628_CVD_2546_60s_20x20ptsdet_2_9_6   223148 26925  260   557  1283 93657 7883
20230628_CVD_2546_60s_20x20ptsdet_2_9_7   223894 27112  256   682  1229 93902 7763
20230628_CVD_2546_60s_20x20ptsdet_2_9_8   223493 27082  258   583  1336 93369 7712
20230628_CVD_2546_60s_20x20ptsdet_2_9_9   221889 27123  272   507  1256 93935 7856


Mean value:                               218939 27148  243   591   908 93371 8494
Std. Abw.:                                  4942   211   23    66   403  1009  770
Std. Abw. rel. [%]:                         2.26  0.78 9.47 11.15 44.39  1.08 9.07
Conf. interval:                              175     7    1     2    14    36   27
