ROI backgr, sum

Spectrum                                     Si       P     Ar       Ni       Zn       Ga       Rh
--------------------------------------------------------------------------------------------------
20230613_CVD_3496_60s_10x10ptsdet_1_0_0    -287    -236   -108     -973    -1655    -2227    -6631
20230613_CVD_3496_60s_10x10ptsdet_1_0_1    -284    -244   -130     -984    -1619    -2210    -5949
20230613_CVD_3496_60s_10x10ptsdet_1_0_2    -257    -214    -82    -1020    -1758    -2264    -5484
20230613_CVD_3496_60s_10x10ptsdet_1_0_3    -249    -208    -86    -1043    -1768    -2097    -5458
20230613_CVD_3496_60s_10x10ptsdet_1_0_4    -240    -204    -89    -1018    -1679    -2220    -5320
20230613_CVD_3496_60s_10x10ptsdet_1_0_5    -248    -209    -72    -1026    -1675    -2154    -5354
20230613_CVD_3496_60s_10x10ptsdet_1_0_6    -253    -217   -103    -1023    -1695    -2070    -5446
20230613_CVD_3496_60s_10x10ptsdet_1_0_7    -259    -227    -74    -1038    -1711    -2215    -5308
20230613_CVD_3496_60s_10x10ptsdet_1_0_8    -247    -213    -84     -985    -1669    -2186    -5311
20230613_CVD_3496_60s_10x10ptsdet_1_0_9    -248    -212    -72     -965    -1592    -2125    -5327
20230613_CVD_3496_60s_10x10ptsdet_1_1_0    -271    -238   -113     -985    -1678    -2309    -6649
20230613_CVD_3496_60s_10x10ptsdet_1_1_1    -255    -204    -89     -979    -1593    -1910    -5963
20230613_CVD_3496_60s_10x10ptsdet_1_1_2    -271    -244   -112    -1024    -1718    -2252    -5194
20230613_CVD_3496_60s_10x10ptsdet_1_1_3    -242    -203    -84    -1066    -1815    -2295    -5282
20230613_CVD_3496_60s_10x10ptsdet_1_1_4    -257    -230    -98    -1007    -1649    -2142    -5371
20230613_CVD_3496_60s_10x10ptsdet_1_1_5    -239    -203    -77    -1059    -1771    -2125    -5344
20230613_CVD_3496_60s_10x10ptsdet_1_1_6    -250    -211    -89    -1026    -1771    -2263    -5276
20230613_CVD_3496_60s_10x10ptsdet_1_1_7    -257    -215    -94    -1047    -1690    -2046    -5377
20230613_CVD_3496_60s_10x10ptsdet_1_1_8    -262    -226   -110     -946    -1696    -2153    -5376
20230613_CVD_3496_60s_10x10ptsdet_1_1_9    -248    -219    -80     -920    -1532    -2118    -5317
20230613_CVD_3496_60s_10x10ptsdet_1_2_0    -304    -264   -114    -1024    -1837    -2387    -6662
20230613_CVD_3496_60s_10x10ptsdet_1_2_1    -286    -253    -96    -1005    -1610    -2182    -6039
20230613_CVD_3496_60s_10x10ptsdet_1_2_2    -276    -244    -96    -1005    -1635    -2084    -5604
20230613_CVD_3496_60s_10x10ptsdet_1_2_3    -241    -191    -86    -1024    -1652    -1982    -5470
20230613_CVD_3496_60s_10x10ptsdet_1_2_4    -259    -223   -111     -995    -1664    -2187    -5415
20230613_CVD_3496_60s_10x10ptsdet_1_2_5    -239    -194    -68    -1007    -1735    -2170    -5397
20230613_CVD_3496_60s_10x10ptsdet_1_2_6    -262    -222    -97     -993    -1705    -2193    -5371
20230613_CVD_3496_60s_10x10ptsdet_1_2_7    -266    -229    -90     -989    -1693    -2199    -5295
20230613_CVD_3496_60s_10x10ptsdet_1_2_8    -256    -226    -94    -1014    -1705    -2168    -5391
20230613_CVD_3496_60s_10x10ptsdet_1_2_9    -251    -226    -99    -1009    -1744    -2157    -5380
20230613_CVD_3496_60s_10x10ptsdet_1_3_0    -289    -256    -94     -971    -1739    -2346    -6750
20230613_CVD_3496_60s_10x10ptsdet_1_3_1    -252    -216   -107     -999    -1712    -2185    -6020
20230613_CVD_3496_60s_10x10ptsdet_1_3_2    -271    -234    -95    -1049    -1725    -2164    -5547
20230613_CVD_3496_60s_10x10ptsdet_1_3_3    -232    -196    -88    -1030    -1758    -2216    -5352
20230613_CVD_3496_60s_10x10ptsdet_1_3_4    -264    -230    -85     -959    -1622    -2111    -5369
20230613_CVD_3496_60s_10x10ptsdet_1_3_5    -249    -205    -65     -989    -1776    -2266    -5307
20230613_CVD_3496_60s_10x10ptsdet_1_3_6    -248    -201   -101     -961    -1712    -2240    -5302
20230613_CVD_3496_60s_10x10ptsdet_1_3_7    -252    -223    -95    -1000    -1757    -2234    -5324
20230613_CVD_3496_60s_10x10ptsdet_1_3_8    -244    -212    -92     -979    -1654    -2043    -5261
20230613_CVD_3496_60s_10x10ptsdet_1_3_9    -256    -216    -86     -972    -1649    -2011    -5302
20230613_CVD_3496_60s_10x10ptsdet_1_4_0    -256    -200   -103    -1013    -1777    -2450    -6733
20230613_CVD_3496_60s_10x10ptsdet_1_4_1    -270    -235    -73     -973    -1655    -2185    -6049
20230613_CVD_3496_60s_10x10ptsdet_1_4_2    -247    -209    -91     -977    -1576    -1964    -5594
20230613_CVD_3496_60s_10x10ptsdet_1_4_3    -251    -205   -100     -980    -1683    -2257    -5466
20230613_CVD_3496_60s_10x10ptsdet_1_4_4    -240    -210    -73     -999    -1646    -2094    -5306
20230613_CVD_3496_60s_10x10ptsdet_1_4_5    -241    -196    -80    -1054    -1784    -2241    -5261
20230613_CVD_3496_60s_10x10ptsdet_1_4_6    -253    -214   -105    -1021    -1752    -2243    -5180
20230613_CVD_3496_60s_10x10ptsdet_1_4_7    -251    -216    -58     -964    -1598    -2080    -5351
20230613_CVD_3496_60s_10x10ptsdet_1_4_8    -249    -197    -80    -1011    -1664    -2179    -5409
20230613_CVD_3496_60s_10x10ptsdet_1_4_9    -237    -192    -84    -1044    -1715    -2201    -5375
20230613_CVD_3496_60s_10x10ptsdet_1_5_0    -280    -231    -97    -1063    -1728    -2346    -6744
20230613_CVD_3496_60s_10x10ptsdet_1_5_1    -257    -218    -96    -1045    -1725    -2258    -6138
20230613_CVD_3496_60s_10x10ptsdet_1_5_2    -248    -221    -99    -1035    -1748    -2119    -5603
20230613_CVD_3496_60s_10x10ptsdet_1_5_3    -262    -222    -87     -979    -1729    -2277    -5314
20230613_CVD_3496_60s_10x10ptsdet_1_5_4    -244    -205    -95     -969    -1611    -2152    -5326
20230613_CVD_3496_60s_10x10ptsdet_1_5_5    -246    -220    -91    -1016    -1742    -2252    -5374
20230613_CVD_3496_60s_10x10ptsdet_1_5_6    -225    -186    -81    -1052    -1730    -2190    -5320
20230613_CVD_3496_60s_10x10ptsdet_1_5_7    -265    -226    -68     -970    -1572    -2080    -5344
20230613_CVD_3496_60s_10x10ptsdet_1_5_8    -235    -194    -77     -952    -1584    -2144    -5306
20230613_CVD_3496_60s_10x10ptsdet_1_5_9    -239    -197    -76    -1000    -1644    -2173    -5137
20230613_CVD_3496_60s_10x10ptsdet_1_6_0    -288    -247   -110    -1004    -1697    -2263    -6724
20230613_CVD_3496_60s_10x10ptsdet_1_6_1    -269    -225    -94     -953    -1658    -2256    -6131
20230613_CVD_3496_60s_10x10ptsdet_1_6_2    -263    -229    -83    -1007    -1662    -2159    -5589
20230613_CVD_3496_60s_10x10ptsdet_1_6_3    -261    -234   -104    -1013    -1713    -2110    -5498
20230613_CVD_3496_60s_10x10ptsdet_1_6_4    -241    -203    -67     -963    -1633    -2186    -5324
20230613_CVD_3496_60s_10x10ptsdet_1_6_5    -234    -192    -90    -1039    -1761    -2241    -5383
20230613_CVD_3496_60s_10x10ptsdet_1_6_6    -256    -224    -90    -1021    -1719    -2240    -5263
20230613_CVD_3496_60s_10x10ptsdet_1_6_7    -251    -221    -65    -1007    -1759    -2171    -5400
20230613_CVD_3496_60s_10x10ptsdet_1_6_8    -248    -205    -91    -1031    -1680    -2223    -5368
20230613_CVD_3496_60s_10x10ptsdet_1_6_9    -247    -195    -75    -1006    -1631    -2094    -5409
20230613_CVD_3496_60s_10x10ptsdet_1_7_0    -290    -249   -105    -1015    -1821    -2450    -6966
20230613_CVD_3496_60s_10x10ptsdet_1_7_1    -276    -237    -68     -992    -1707    -2142    -6160
20230613_CVD_3496_60s_10x10ptsdet_1_7_2    -266    -235    -99     -997    -1692    -2250    -5625
20230613_CVD_3496_60s_10x10ptsdet_1_7_3    -250    -202    -83     -974    -1692    -2195    -5322
20230613_CVD_3496_60s_10x10ptsdet_1_7_4    -236    -199    -97    -1011    -1647    -2092    -5246
20230613_CVD_3496_60s_10x10ptsdet_1_7_5    -263    -225    -93    -1044    -1746    -2174    -5437
20230613_CVD_3496_60s_10x10ptsdet_1_7_6    -253    -207    -86    -1042    -1793    -2284    -5371
20230613_CVD_3496_60s_10x10ptsdet_1_7_7    -242    -199    -73    -1024    -1725    -2161    -5262
20230613_CVD_3496_60s_10x10ptsdet_1_7_8    -259    -223   -108    -1041    -1696    -2146    -5316
20230613_CVD_3496_60s_10x10ptsdet_1_7_9    -250    -214    -70    -1062    -1791    -2255    -5366
20230613_CVD_3496_60s_10x10ptsdet_1_8_0    -270    -237   -121    -1022    -1771    -2504    -7094
20230613_CVD_3496_60s_10x10ptsdet_1_8_1    -287    -250    -75     -974    -1673    -2228    -6118
20230613_CVD_3496_60s_10x10ptsdet_1_8_2    -260    -213    -78    -1008    -1623    -2148    -5569
20230613_CVD_3496_60s_10x10ptsdet_1_8_3    -238    -190    -97    -1051    -1791    -2294    -5384
20230613_CVD_3496_60s_10x10ptsdet_1_8_4    -251    -213    -87     -988    -1675    -2116    -5316
20230613_CVD_3496_60s_10x10ptsdet_1_8_5    -241    -199   -101    -1046    -1722    -2252    -5468
20230613_CVD_3496_60s_10x10ptsdet_1_8_6    -261    -227    -96     -940    -1594    -2209    -5493
20230613_CVD_3496_60s_10x10ptsdet_1_8_7    -264    -233    -85     -985    -1652    -2091    -5312
20230613_CVD_3496_60s_10x10ptsdet_1_8_8    -269    -236    -86     -981    -1734    -2258    -5384
20230613_CVD_3496_60s_10x10ptsdet_1_8_9    -241    -197    -77     -900    -1535    -2176    -5279
20230613_CVD_3496_60s_10x10ptsdet_1_9_0    -295    -245    -90    -1078    -1868    -2422    -6968
20230613_CVD_3496_60s_10x10ptsdet_1_9_1    -261    -222    -89    -1026    -1643    -2235    -6237
20230613_CVD_3496_60s_10x10ptsdet_1_9_2    -246    -209    -69    -1032    -1700    -2121    -5721
20230613_CVD_3496_60s_10x10ptsdet_1_9_3    -257    -215    -94     -993    -1680    -2243    -5418
20230613_CVD_3496_60s_10x10ptsdet_1_9_4    -242    -207    -87    -1054    -1737    -2194    -5382
20230613_CVD_3496_60s_10x10ptsdet_1_9_5    -234    -200    -69     -966    -1636    -2172    -5400
20230613_CVD_3496_60s_10x10ptsdet_1_9_6    -270    -229    -84    -1062    -1758    -2262    -5290
20230613_CVD_3496_60s_10x10ptsdet_1_9_7    -235    -199    -72    -1024    -1688    -2190    -5275
20230613_CVD_3496_60s_10x10ptsdet_1_9_8    -254    -212    -73     -963    -1605    -2072    -5334
20230613_CVD_3496_60s_10x10ptsdet_1_9_9    -242    -201    -83     -987    -1714    -2186    -5321
20230613_CVD_3496_60s_10x10ptsdet_2_0_0    -290    -240    -88    -1081    -1862    -2436    -6725
20230613_CVD_3496_60s_10x10ptsdet_2_0_1    -340    -311   -124    -1067    -1924    -2414    -6396
20230613_CVD_3496_60s_10x10ptsdet_2_0_2    -293    -245    -98    -1037    -1746    -2429    -6510
20230613_CVD_3496_60s_10x10ptsdet_2_0_3    -306    -272    -88    -1054    -1840    -2417    -6436
20230613_CVD_3496_60s_10x10ptsdet_2_0_4    -282    -234    -88    -1066    -1889    -2349    -6425
20230613_CVD_3496_60s_10x10ptsdet_2_0_5    -284    -241   -109    -1004    -1696    -2316    -6384
20230613_CVD_3496_60s_10x10ptsdet_2_0_6    -299    -260   -106    -1064    -1860    -2344    -6393
20230613_CVD_3496_60s_10x10ptsdet_2_0_7    -299    -254    -86    -1013    -1719    -2340    -6315
20230613_CVD_3496_60s_10x10ptsdet_2_0_8    -295    -255    -91    -1114    -1919    -2299    -6365
20230613_CVD_3496_60s_10x10ptsdet_2_0_9    -294    -257    -89    -1089    -1973    -2425    -6259
20230613_CVD_3496_60s_10x10ptsdet_2_1_0    -291    -231    -83    -1079    -1805    -2427    -6721
20230613_CVD_3496_60s_10x10ptsdet_2_1_1    -280    -241    -84    -1113    -1937    -2401    -5904
20230613_CVD_3496_60s_10x10ptsdet_2_1_2    -287    -251   -109    -1039    -1784    -2388    -5922
20230613_CVD_3496_60s_10x10ptsdet_2_1_3    -260    -214    -88    -1058    -1865    -2376    -5709
20230613_CVD_3496_60s_10x10ptsdet_2_1_4    -285    -249    -94    -1077    -1864    -2323    -5913
20230613_CVD_3496_60s_10x10ptsdet_2_1_5    -278    -234    -70    -1030    -1814    -2382    -5802
20230613_CVD_3496_60s_10x10ptsdet_2_1_6    -268    -227    -85    -1041    -1776    -2290    -5701
20230613_CVD_3496_60s_10x10ptsdet_2_1_7    -270    -225    -60    -1018    -1707    -2308    -5778
20230613_CVD_3496_60s_10x10ptsdet_2_1_8    -281    -241   -116    -1077    -1798    -2359    -5768
20230613_CVD_3496_60s_10x10ptsdet_2_1_9    -257    -216   -102    -1089    -1874    -2323    -5681
20230613_CVD_3496_60s_10x10ptsdet_2_2_0    -279    -245   -103    -1049    -1786    -2549    -6701
20230613_CVD_3496_60s_10x10ptsdet_2_2_1    -258    -213   -111    -1086    -1886    -2508    -6044
20230613_CVD_3496_60s_10x10ptsdet_2_2_2    -286    -252    -86    -1042    -1944    -2503    -5480
20230613_CVD_3496_60s_10x10ptsdet_2_2_3    -279    -237    -98    -1087    -1889    -2349    -5518
20230613_CVD_3496_60s_10x10ptsdet_2_2_4    -249    -209    -83    -1079    -1910    -2401    -5601
20230613_CVD_3496_60s_10x10ptsdet_2_2_5    -272    -236    -95    -1062    -1844    -2390    -5477
20230613_CVD_3496_60s_10x10ptsdet_2_2_6    -270    -224    -44     -989    -1606    -2256    -5368
20230613_CVD_3496_60s_10x10ptsdet_2_2_7    -275    -242    -90    -1032    -1765    -2284    -5499
20230613_CVD_3496_60s_10x10ptsdet_2_2_8    -267    -223    -71    -1001    -1663    -2346    -5493
20230613_CVD_3496_60s_10x10ptsdet_2_2_9    -284    -245    -95    -1096    -1913    -2399    -5460
20230613_CVD_3496_60s_10x10ptsdet_2_3_0    -297    -256   -100    -1031    -1882    -2568    -6651
20230613_CVD_3496_60s_10x10ptsdet_2_3_1    -279    -236    -91     -994    -1732    -2256    -5977
20230613_CVD_3496_60s_10x10ptsdet_2_3_2    -272    -234    -94    -1092    -1912    -2416    -5560
20230613_CVD_3496_60s_10x10ptsdet_2_3_3    -279    -240    -83    -1113    -1909    -2372    -5514
20230613_CVD_3496_60s_10x10ptsdet_2_3_4    -281    -235    -81    -1009    -1738    -2243    -5353
20230613_CVD_3496_60s_10x10ptsdet_2_3_5    -287    -243   -101    -1021    -1785    -2293    -5257
20230613_CVD_3496_60s_10x10ptsdet_2_3_6    -265    -220   -101    -1076    -1846    -2337    -5428
20230613_CVD_3496_60s_10x10ptsdet_2_3_7    -269    -222    -89    -1003    -1746    -2222    -5395
20230613_CVD_3496_60s_10x10ptsdet_2_3_8    -274    -232    -71    -1090    -1865    -2362    -5384
20230613_CVD_3496_60s_10x10ptsdet_2_3_9    -265    -222    -79    -1075    -1884    -2408    -5368
20230613_CVD_3496_60s_10x10ptsdet_2_4_0    -289    -254   -113    -1018    -1763    -2466    -6698
20230613_CVD_3496_60s_10x10ptsdet_2_4_1    -265    -219    -80    -1090    -1843    -2431    -6001
20230613_CVD_3496_60s_10x10ptsdet_2_4_2    -283    -242   -117    -1110    -1887    -2334    -5357
20230613_CVD_3496_60s_10x10ptsdet_2_4_3    -264    -227    -97    -1096    -1870    -2301    -5405
20230613_CVD_3496_60s_10x10ptsdet_2_4_4    -287    -241   -102    -1086    -1804    -2276    -5242
20230613_CVD_3496_60s_10x10ptsdet_2_4_5    -274    -235    -78    -1035    -1723    -2330    -5457
20230613_CVD_3496_60s_10x10ptsdet_2_4_6    -262    -221    -99    -1048    -1812    -2363    -5334
20230613_CVD_3496_60s_10x10ptsdet_2_4_7    -287    -248    -74    -1084    -1786    -2344    -5354
20230613_CVD_3496_60s_10x10ptsdet_2_4_8    -262    -228    -88    -1012    -1827    -2324    -5344
20230613_CVD_3496_60s_10x10ptsdet_2_4_9    -271    -234    -89    -1062    -1891    -2346    -5287
20230613_CVD_3496_60s_10x10ptsdet_2_5_0    -281    -244   -106    -1021    -1934    -2482    -6689
20230613_CVD_3496_60s_10x10ptsdet_2_5_1    -276    -241    -95    -1061    -1808    -2326    -5879
20230613_CVD_3496_60s_10x10ptsdet_2_5_2    -281    -240    -92    -1071    -1801    -2271    -5492
20230613_CVD_3496_60s_10x10ptsdet_2_5_3    -281    -240    -87    -1058    -1709    -2301    -5426
20230613_CVD_3496_60s_10x10ptsdet_2_5_4    -258    -223    -91    -1115    -1886    -2315    -5466
20230613_CVD_3496_60s_10x10ptsdet_2_5_5    -251    -203    -64    -1024    -1835    -2256    -5398
20230613_CVD_3496_60s_10x10ptsdet_2_5_6    -270    -224   -100    -1053    -1739    -2360    -5330
20230613_CVD_3496_60s_10x10ptsdet_2_5_7    -269    -227    -84    -1088    -1795    -2250    -5465
20230613_CVD_3496_60s_10x10ptsdet_2_5_8    -256    -229    -92    -1094    -1905    -2396    -5446
20230613_CVD_3496_60s_10x10ptsdet_2_5_9    -272    -237    -94    -1084    -1883    -2491    -5318
20230613_CVD_3496_60s_10x10ptsdet_2_6_0    -285    -241   -105    -1097    -1946    -2657    -6726
20230613_CVD_3496_60s_10x10ptsdet_2_6_1    -261    -220    -70     -997    -1725    -2346    -6089
20230613_CVD_3496_60s_10x10ptsdet_2_6_2    -268    -223    -79    -1082    -1893    -2439    -5745
20230613_CVD_3496_60s_10x10ptsdet_2_6_3    -261    -214   -102     -999    -1703    -2324    -5480
20230613_CVD_3496_60s_10x10ptsdet_2_6_4    -261    -229    -70    -1030    -1836    -2328    -5471
20230613_CVD_3496_60s_10x10ptsdet_2_6_5    -262    -232   -105    -1037    -1835    -2345    -5423
20230613_CVD_3496_60s_10x10ptsdet_2_6_6    -251    -210   -101    -1127    -1940    -2386    -5425
20230613_CVD_3496_60s_10x10ptsdet_2_6_7    -267    -222    -86    -1040    -1687    -2166    -5428
20230613_CVD_3496_60s_10x10ptsdet_2_6_8    -267    -228    -93    -1127    -1899    -2377    -5283
20230613_CVD_3496_60s_10x10ptsdet_2_6_9    -264    -222    -59    -1067    -1901    -2390    -5447
20230613_CVD_3496_60s_10x10ptsdet_2_7_0    -305    -260   -113    -1088    -1844    -2640    -6974
20230613_CVD_3496_60s_10x10ptsdet_2_7_1    -300    -268   -106    -1119    -1910    -2316    -5915
20230613_CVD_3496_60s_10x10ptsdet_2_7_2    -262    -215    -86    -1127    -1848    -2426    -5677
20230613_CVD_3496_60s_10x10ptsdet_2_7_3    -263    -224    -78    -1030    -1808    -2412    -5393
20230613_CVD_3496_60s_10x10ptsdet_2_7_4    -286    -256   -114    -1082    -1879    -2385    -5449
20230613_CVD_3496_60s_10x10ptsdet_2_7_5    -249    -201    -84     -998    -1836    -2387    -5377
20230613_CVD_3496_60s_10x10ptsdet_2_7_6    -276    -230    -82    -1019    -1680    -2295    -5430
20230613_CVD_3496_60s_10x10ptsdet_2_7_7    -252    -220    -93    -1052    -1727    -2317    -5243
20230613_CVD_3496_60s_10x10ptsdet_2_7_8    -282    -256    -99     -937    -1712    -2342    -5388
20230613_CVD_3496_60s_10x10ptsdet_2_7_9    -266    -229    -95    -1105    -1864    -2416    -5393
20230613_CVD_3496_60s_10x10ptsdet_2_8_0    -296    -249    -96    -1061    -1953    -2564    -6836
20230613_CVD_3496_60s_10x10ptsdet_2_8_1    -268    -212   -102     -979    -1688    -2453    -5922
20230613_CVD_3496_60s_10x10ptsdet_2_8_2    -268    -232    -87    -1092    -1851    -2417    -5720
20230613_CVD_3496_60s_10x10ptsdet_2_8_3    -261    -225    -92    -1096    -1968    -2436    -5295
20230613_CVD_3496_60s_10x10ptsdet_2_8_4    -279    -242    -91    -1089    -1908    -2454    -5475
20230613_CVD_3496_60s_10x10ptsdet_2_8_5    -258    -211    -91     -958    -1614    -2265    -5435
20230613_CVD_3496_60s_10x10ptsdet_2_8_6    -258    -213    -67    -1082    -1828    -2322    -5254
20230613_CVD_3496_60s_10x10ptsdet_2_8_7    -276    -233    -82     -999    -1646    -2340    -5504
20230613_CVD_3496_60s_10x10ptsdet_2_8_8    -269    -230   -102    -1087    -1749    -2155    -5361
20230613_CVD_3496_60s_10x10ptsdet_2_8_9    -270    -234    -93    -1085    -1930    -2508    -5392
20230613_CVD_3496_60s_10x10ptsdet_2_9_0    -308    -268   -105    -1157    -1963    -2629    -6760
20230613_CVD_3496_60s_10x10ptsdet_2_9_1    -284    -237    -96    -1052    -1858    -2455    -6276
20230613_CVD_3496_60s_10x10ptsdet_2_9_2    -290    -250    -93    -1096    -1949    -2375    -5422
20230613_CVD_3496_60s_10x10ptsdet_2_9_3    -265    -223    -79    -1089    -1917    -2321    -5493
20230613_CVD_3496_60s_10x10ptsdet_2_9_4    -259    -217    -76    -1070    -1841    -2394    -5509
20230613_CVD_3496_60s_10x10ptsdet_2_9_5    -233    -200    -96    -1105    -1868    -2365    -5371
20230613_CVD_3496_60s_10x10ptsdet_2_9_6    -282    -246    -89    -1057    -1833    -2376    -5446
20230613_CVD_3496_60s_10x10ptsdet_2_9_7    -263    -228    -94    -1095    -1871    -2388    -5257
20230613_CVD_3496_60s_10x10ptsdet_2_9_8    -295    -259    -88    -1081    -1941    -2537    -5438
20230613_CVD_3496_60s_10x10ptsdet_2_9_9    -247    -200    -88    -1042    -1730    -2303    -5381


Mean value:                             -265.30 -225.81 -89.88 -1033.15 -1762.70 -2283.89 -5654.37
Std. Abw.:                                18.34   19.12  13.53    46.55   101.94   131.17   473.72
Std. Abw. rel. [%]:                       -6.91   -8.47 -15.05    -4.51    -5.78    -5.74    -8.38
Conf. interval:                            1.30    1.35   0.96     3.29     7.21     9.27    33.50
