Net counts

Spectrum                                    Si     P    Ar    Ni      Zn     Ga    Rh
-------------------------------------------------------------------------------------
20230613_CVD_3496_60s_10x10ptsdet_1_0_0 177426 37509    67  1051       0 152338  8771
20230613_CVD_3496_60s_10x10ptsdet_1_0_1 174118 38043    17   929       0 157464  8409
20230613_CVD_3496_60s_10x10ptsdet_1_0_2 173532 38935    74   873       0 159685  7623
20230613_CVD_3496_60s_10x10ptsdet_1_0_3 172983 38925    73   878       0 160347  7324
20230613_CVD_3496_60s_10x10ptsdet_1_0_4 171229 39493    87   888       0 162627  7226
20230613_CVD_3496_60s_10x10ptsdet_1_0_5 170624 39383    76   826       0 163232  7426
20230613_CVD_3496_60s_10x10ptsdet_1_0_6 169423 39450    45   831       0 164897  7301
20230613_CVD_3496_60s_10x10ptsdet_1_0_7 169261 40132    92  1050       0 165284  7422
20230613_CVD_3496_60s_10x10ptsdet_1_0_8 167461 39762   101   972       0 164830  7193
20230613_CVD_3496_60s_10x10ptsdet_1_0_9 167706 39837    55   827       0 166316  7677
20230613_CVD_3496_60s_10x10ptsdet_1_1_0 175025 38262    59  1025       0 157269  8606
20230613_CVD_3496_60s_10x10ptsdet_1_1_1 169075 39267    95  1014       0 163876  8261
20230613_CVD_3496_60s_10x10ptsdet_1_1_2 167661 40385    29   940       0 164614  7580
20230613_CVD_3496_60s_10x10ptsdet_1_1_3 166187 40319   113   996       0 167565  7553
20230613_CVD_3496_60s_10x10ptsdet_1_1_4 165792 39967    52   884       0 166559  7587
20230613_CVD_3496_60s_10x10ptsdet_1_1_5 164976 40417    47   978       0 167394  7685
20230613_CVD_3496_60s_10x10ptsdet_1_1_6 164055 40283    38   901       0 169736  7478
20230613_CVD_3496_60s_10x10ptsdet_1_1_7 164167 40609   108   870       0 168412  7311
20230613_CVD_3496_60s_10x10ptsdet_1_1_8 165429 40684    76   989       0 171773  7685
20230613_CVD_3496_60s_10x10ptsdet_1_1_9 165165 41013   129   913       0 170995  7647
20230613_CVD_3496_60s_10x10ptsdet_1_2_0 170127 39346   107   909       0 163217  8948
20230613_CVD_3496_60s_10x10ptsdet_1_2_1 167206 40011    67   879       0 167277  7692
20230613_CVD_3496_60s_10x10ptsdet_1_2_2 165486 40641    30   829       0 170266  7806
20230613_CVD_3496_60s_10x10ptsdet_1_2_3 165777 40812    64   915       0 169678  7406
20230613_CVD_3496_60s_10x10ptsdet_1_2_4 163810 41081    27   846       0 172014  7696
20230613_CVD_3496_60s_10x10ptsdet_1_2_5 163115 41205    56   963       0 172790  7530
20230613_CVD_3496_60s_10x10ptsdet_1_2_6 163223 41317    33   951       0 172158  7522
20230613_CVD_3496_60s_10x10ptsdet_1_2_7 162626 40968   134   844       0 172642  7515
20230613_CVD_3496_60s_10x10ptsdet_1_2_8 163078 41062    79  1004       0 173654  7667
20230613_CVD_3496_60s_10x10ptsdet_1_2_9 162074 41268    96   989       0 173826  7544
20230613_CVD_3496_60s_10x10ptsdet_1_3_0 168538 39207    47  1134       0 163118  8751
20230613_CVD_3496_60s_10x10ptsdet_1_3_1 165975 40057    45   863       0 167516  7973
20230613_CVD_3496_60s_10x10ptsdet_1_3_2 164713 40972    25  1009       0 170706  7775
20230613_CVD_3496_60s_10x10ptsdet_1_3_3 163822 41252    86   824       0 172198  7629
20230613_CVD_3496_60s_10x10ptsdet_1_3_4 162874 41265    94   959       0 172999  7666
20230613_CVD_3496_60s_10x10ptsdet_1_3_5 161580 41751   116  1061       0 173058  7489
20230613_CVD_3496_60s_10x10ptsdet_1_3_6 161034 41597    51  1072       0 175525  7570
20230613_CVD_3496_60s_10x10ptsdet_1_3_7 161735 41345    64  1040       0 175134  7927
20230613_CVD_3496_60s_10x10ptsdet_1_3_8 161066 41531    45   795       0 173822  7665
20230613_CVD_3496_60s_10x10ptsdet_1_3_9 161598 41225    63   846       0 175726  7623
20230613_CVD_3496_60s_10x10ptsdet_1_4_0 167649 40134    62   995       0 165878  8766
20230613_CVD_3496_60s_10x10ptsdet_1_4_1 165004 40714   153   934       0 170663  8167
20230613_CVD_3496_60s_10x10ptsdet_1_4_2 163430 41292    25   944       0 172455  7529
20230613_CVD_3496_60s_10x10ptsdet_1_4_3 161786 41276    76   925       0 174490  7441
20230613_CVD_3496_60s_10x10ptsdet_1_4_4 161994 41211   118  1017       0 173747  7657
20230613_CVD_3496_60s_10x10ptsdet_1_4_5 160686 41599    83   969       0 176008  7868
20230613_CVD_3496_60s_10x10ptsdet_1_4_6 160451 41629    72  1028       0 176111  7678
20230613_CVD_3496_60s_10x10ptsdet_1_4_7 160778 42110    63  1053       0 176608  7398
20230613_CVD_3496_60s_10x10ptsdet_1_4_8 161052 41587    32   941       0 176563  7214
20230613_CVD_3496_60s_10x10ptsdet_1_4_9 161171 41786    50   850       0 177294  7550
20230613_CVD_3496_60s_10x10ptsdet_1_5_0 167511 40204    72  1056       0 166484  8990
20230613_CVD_3496_60s_10x10ptsdet_1_5_1 164448 41159    76   895       0 171575  7940
20230613_CVD_3496_60s_10x10ptsdet_1_5_2 163805 41718    43   894       0 173414  7859
20230613_CVD_3496_60s_10x10ptsdet_1_5_3 162921 41103    85   961       0 175888  7334
20230613_CVD_3496_60s_10x10ptsdet_1_5_4 161567 41591    63   937       0 174522  7442
20230613_CVD_3496_60s_10x10ptsdet_1_5_5 160976 41556    72   922       0 177519  7865
20230613_CVD_3496_60s_10x10ptsdet_1_5_6 160638 41921    85   912       0 176143  7318
20230613_CVD_3496_60s_10x10ptsdet_1_5_7 161201 41755    74   759       0 177101  7534
20230613_CVD_3496_60s_10x10ptsdet_1_5_8 160592 41865   118   851       0 177491  7467
20230613_CVD_3496_60s_10x10ptsdet_1_5_9 160915 42135    90  1018       0 177813  7368
20230613_CVD_3496_60s_10x10ptsdet_1_6_0 166818 40384    70   900       0 169115  9183
20230613_CVD_3496_60s_10x10ptsdet_1_6_1 165257 41378    95   904       0 173197  8472
20230613_CVD_3496_60s_10x10ptsdet_1_6_2 162789 41040   103   977       0 173930  7992
20230613_CVD_3496_60s_10x10ptsdet_1_6_3 162196 41425   105  1043       0 175629  7582
20230613_CVD_3496_60s_10x10ptsdet_1_6_4 161274 41840    73   912       0 177350  7754
20230613_CVD_3496_60s_10x10ptsdet_1_6_5 160606 41690   114  1037       0 176745  7529
20230613_CVD_3496_60s_10x10ptsdet_1_6_6 161133 42043    70   883       0 177649  7883
20230613_CVD_3496_60s_10x10ptsdet_1_6_7 160574 42170   126   949       0 176895  7594
20230613_CVD_3496_60s_10x10ptsdet_1_6_8 160579 41925    62   961       0 177626  7490
20230613_CVD_3496_60s_10x10ptsdet_1_6_9 160277 42079    78   989       0 178241  7314
20230613_CVD_3496_60s_10x10ptsdet_1_7_0 167729 40592   105   987       0 168090  9140
20230613_CVD_3496_60s_10x10ptsdet_1_7_1 163971 40912   102   989       0 173363  8374
20230613_CVD_3496_60s_10x10ptsdet_1_7_2 162860 41881    43  1033       0 175796  7842
20230613_CVD_3496_60s_10x10ptsdet_1_7_3 162595 42104    47   926       0 175290  7665
20230613_CVD_3496_60s_10x10ptsdet_1_7_4 161772 41915    48   862       0 177861  7796
20230613_CVD_3496_60s_10x10ptsdet_1_7_5 160039 41788   104   949       0 177566  7754
20230613_CVD_3496_60s_10x10ptsdet_1_7_6 160771 41854    46   975       0 177741  7520
20230613_CVD_3496_60s_10x10ptsdet_1_7_7 160838 41676    92  1094       0 178870  7592
20230613_CVD_3496_60s_10x10ptsdet_1_7_8 160082 42301   102  1009       0 178365  7926
20230613_CVD_3496_60s_10x10ptsdet_1_7_9 160037 41911    42   956       0 178467  7478
20230613_CVD_3496_60s_10x10ptsdet_1_8_0 166942 40490    75  1029       0 169274  9016
20230613_CVD_3496_60s_10x10ptsdet_1_8_1 164095 41359    56   980       0 174291  8570
20230613_CVD_3496_60s_10x10ptsdet_1_8_2 163728 41843    56  1080       0 175758  8149
20230613_CVD_3496_60s_10x10ptsdet_1_8_3 162756 41736    74   965       0 176619  7725
20230613_CVD_3496_60s_10x10ptsdet_1_8_4 161924 41901   103   925       0 177185  7543
20230613_CVD_3496_60s_10x10ptsdet_1_8_5 160211 42114   119   981       0 178282  7702
20230613_CVD_3496_60s_10x10ptsdet_1_8_6 160682 42198    71   928       0 179508  7175
20230613_CVD_3496_60s_10x10ptsdet_1_8_7 160709 42524    49  1073       0 178374  7945
20230613_CVD_3496_60s_10x10ptsdet_1_8_8 159761 41871    56   948       0 178426  7465
20230613_CVD_3496_60s_10x10ptsdet_1_8_9 160315 42229    95  1096       0 178899  7762
20230613_CVD_3496_60s_10x10ptsdet_1_9_0 166826 40580    30   912       0 168677  9374
20230613_CVD_3496_60s_10x10ptsdet_1_9_1 164388 41844    92   996       0 173255  7978
20230613_CVD_3496_60s_10x10ptsdet_1_9_2 162567 42134    67  1004       0 175459  7712
20230613_CVD_3496_60s_10x10ptsdet_1_9_3 161516 42145    75   937       0 177441  7712
20230613_CVD_3496_60s_10x10ptsdet_1_9_4 162331 42332    88   869       0 178478  7620
20230613_CVD_3496_60s_10x10ptsdet_1_9_5 161762 42431   116  1028       0 177442  7409
20230613_CVD_3496_60s_10x10ptsdet_1_9_6 160528 42340   106   950       0 178895  7505
20230613_CVD_3496_60s_10x10ptsdet_1_9_7 159908 42432   115   961       0 179533  7858
20230613_CVD_3496_60s_10x10ptsdet_1_9_8 161259 42544    86   904       0 179094  7568
20230613_CVD_3496_60s_10x10ptsdet_1_9_9 161493 42476   113  1087       0 176678  7575
20230613_CVD_3496_60s_10x10ptsdet_2_0_0 189925 38184    78  1047       0 156825  9460
20230613_CVD_3496_60s_10x10ptsdet_2_0_1 185701 38414     6   994       0 160760  9571
20230613_CVD_3496_60s_10x10ptsdet_2_0_2 184084 39329   100  1097       0 163757  9064
20230613_CVD_3496_60s_10x10ptsdet_2_0_3 183278 39514    67  1015       0 164749  9070
20230613_CVD_3496_60s_10x10ptsdet_2_0_4 181200 39557    50   948       0 166102  9008
20230613_CVD_3496_60s_10x10ptsdet_2_0_5 180651 39912    75  1149       0 168288  9081
20230613_CVD_3496_60s_10x10ptsdet_2_0_6 181010 40060    70   920       0 168337  8883
20230613_CVD_3496_60s_10x10ptsdet_2_0_7 179997 39885    97   948       0 168398  9491
20230613_CVD_3496_60s_10x10ptsdet_2_0_8 178095 40057    21   917       0 169645  8600
20230613_CVD_3496_60s_10x10ptsdet_2_0_9 179387 40690    99   996       0 170776  8966
20230613_CVD_3496_60s_10x10ptsdet_2_1_0 185954 39126    77  1029       0 161556  8790
20230613_CVD_3496_60s_10x10ptsdet_2_1_1 180601 39831     0  1114       0 167651  8900
20230613_CVD_3496_60s_10x10ptsdet_2_1_2 178728 40256    32  1002       0 169774  8468
20230613_CVD_3496_60s_10x10ptsdet_2_1_3 176364 41031   109  1043       0 171632  8475
20230613_CVD_3496_60s_10x10ptsdet_2_1_4 176605 40739    25   957       0 171183  8371
20230613_CVD_3496_60s_10x10ptsdet_2_1_5 174810 40938   110  1068       0 172252  8736
20230613_CVD_3496_60s_10x10ptsdet_2_1_6 173923 40981    79   880       0 173997  8413
20230613_CVD_3496_60s_10x10ptsdet_2_1_7 175944 41403    31  1033       0 173699  8320
20230613_CVD_3496_60s_10x10ptsdet_2_1_8 175272 41078    63   899       0 175510  8393
20230613_CVD_3496_60s_10x10ptsdet_2_1_9 174989 41194    41  1007       0 175335  8142
20230613_CVD_3496_60s_10x10ptsdet_2_2_0 182213 40254     0  1157       0 167255  9224
20230613_CVD_3496_60s_10x10ptsdet_2_2_1 178172 40552    71  1032       0 171218  8723
20230613_CVD_3496_60s_10x10ptsdet_2_2_2 175815 41415    28  1105       0 174539  8531
20230613_CVD_3496_60s_10x10ptsdet_2_2_3 175969 41266    85  1023       0 174287  8318
20230613_CVD_3496_60s_10x10ptsdet_2_2_4 173574 41276    92   954       0 176472  7970
20230613_CVD_3496_60s_10x10ptsdet_2_2_5 174596 41700    47  1014       0 177794  8901
20230613_CVD_3496_60s_10x10ptsdet_2_2_6 173495 41298    71   942       0 176214  8111
20230613_CVD_3496_60s_10x10ptsdet_2_2_7 172529 41918    34   921       0 178376  7970
20230613_CVD_3496_60s_10x10ptsdet_2_2_8 173094 41596    87  1068       0 177292  8228
20230613_CVD_3496_60s_10x10ptsdet_2_2_9 173429 41696    61  1013       0 178848  8526
20230613_CVD_3496_60s_10x10ptsdet_2_3_0 179978 39917   101  1152       0 166752  9333
20230613_CVD_3496_60s_10x10ptsdet_2_3_1 177495 41233    65  1007       0 173133  8658
20230613_CVD_3496_60s_10x10ptsdet_2_3_2 174962 41641    88   938       0 175014  8369
20230613_CVD_3496_60s_10x10ptsdet_2_3_3 173980 41608    60  1154       0 176154  8183
20230613_CVD_3496_60s_10x10ptsdet_2_3_4 172267 41752   108  1151       0 177352  8330
20230613_CVD_3496_60s_10x10ptsdet_2_3_5 172240 41805    97   925       0 177324  8183
20230613_CVD_3496_60s_10x10ptsdet_2_3_6 171796 42259    96   821       0 180135  8050
20230613_CVD_3496_60s_10x10ptsdet_2_3_7 171653 41899    93  1011       0 180117  8155
20230613_CVD_3496_60s_10x10ptsdet_2_3_8 172393 42181   119  1101       0 179839  8204
20230613_CVD_3496_60s_10x10ptsdet_2_3_9 172019 42534    93  1037       0 180082  8464
20230613_CVD_3496_60s_10x10ptsdet_2_4_0 178104 40640    98  1146       0 171375  9478
20230613_CVD_3496_60s_10x10ptsdet_2_4_1 175008 41473    94  1032       0 174593  8474
20230613_CVD_3496_60s_10x10ptsdet_2_4_2 173591 41462    73  1056       0 176567  8335
20230613_CVD_3496_60s_10x10ptsdet_2_4_3 173394 42166    68  1183       0 179189  8693
20230613_CVD_3496_60s_10x10ptsdet_2_4_4 173207 41735    88  1137       0 179328  8652
20230613_CVD_3496_60s_10x10ptsdet_2_4_5 170773 42158    99   993       0 181290  8216
20230613_CVD_3496_60s_10x10ptsdet_2_4_6 171576 42140   122  1072       0 180412  8389
20230613_CVD_3496_60s_10x10ptsdet_2_4_7 170287 42040    62  1006       0 182768  7992
20230613_CVD_3496_60s_10x10ptsdet_2_4_8 170919 42611    44  1136       0 180852  8415
20230613_CVD_3496_60s_10x10ptsdet_2_4_9 170840 42543   119   979       0 182093  8462
20230613_CVD_3496_60s_10x10ptsdet_2_5_0 178471 41002    53  1130       0 171992 10052
20230613_CVD_3496_60s_10x10ptsdet_2_5_1 175668 41876   119  1063       0 175538  9033
20230613_CVD_3496_60s_10x10ptsdet_2_5_2 173611 42106    40  1010       0 177841  8296
20230613_CVD_3496_60s_10x10ptsdet_2_5_3 172554 41903   108  1009       0 181732  8293
20230613_CVD_3496_60s_10x10ptsdet_2_5_4 172566 41869   115  1035       0 180477  8373
20230613_CVD_3496_60s_10x10ptsdet_2_5_5 171215 42156    70  1071       0 181979  8150
20230613_CVD_3496_60s_10x10ptsdet_2_5_6 171678 41960    72  1103       0 181916  8564
20230613_CVD_3496_60s_10x10ptsdet_2_5_7 171615 42444    67  1001       0 182755  8123
20230613_CVD_3496_60s_10x10ptsdet_2_5_8 172192 42659    44   989       0 183082  8610
20230613_CVD_3496_60s_10x10ptsdet_2_5_9 171260 42622    65  1042       0 182317  8370
20230613_CVD_3496_60s_10x10ptsdet_2_6_0 178073 41376   112  1201       0 174332  9704
20230613_CVD_3496_60s_10x10ptsdet_2_6_1 175748 41858    55  1141       0 176917  8867
20230613_CVD_3496_60s_10x10ptsdet_2_6_2 173537 42344   120  1104       0 179000  8513
20230613_CVD_3496_60s_10x10ptsdet_2_6_3 172751 42560     6  1100       0 180830  8232
20230613_CVD_3496_60s_10x10ptsdet_2_6_4 171774 42455    98  1124       0 182366  8332
20230613_CVD_3496_60s_10x10ptsdet_2_6_5 172230 42604    45  1056       0 181700  8275
20230613_CVD_3496_60s_10x10ptsdet_2_6_6 171242 42574    88  1085       0 182835  8309
20230613_CVD_3496_60s_10x10ptsdet_2_6_7 172167 42329    40  1103       0 182708  8137
20230613_CVD_3496_60s_10x10ptsdet_2_6_8 171208 42844   105  1239       0 183384  8740
20230613_CVD_3496_60s_10x10ptsdet_2_6_9 170602 42296    63  1113       0 181909  8097
20230613_CVD_3496_60s_10x10ptsdet_2_7_0 178578 40769   101  1173       0 172429  9632
20230613_CVD_3496_60s_10x10ptsdet_2_7_1 174929 41756    28  1164       0 177791  9448
20230613_CVD_3496_60s_10x10ptsdet_2_7_2 173873 42834    96  1008       0 179940  8617
20230613_CVD_3496_60s_10x10ptsdet_2_7_3 172678 42080    64  1185       0 181082  8410
20230613_CVD_3496_60s_10x10ptsdet_2_7_4 171373 42411    79  1115       0 181580  8453
20230613_CVD_3496_60s_10x10ptsdet_2_7_5 172398 42263    89  1182       0 182543  8572
20230613_CVD_3496_60s_10x10ptsdet_2_7_6 171196 42567    73  1076       0 183090  8364
20230613_CVD_3496_60s_10x10ptsdet_2_7_7 171332 42670   126  1237       0 182719  8622
20230613_CVD_3496_60s_10x10ptsdet_2_7_8 170233 42366    77  1110       0 183320  8281
20230613_CVD_3496_60s_10x10ptsdet_2_7_9 170590 42581   102  1196       0 184914  8485
20230613_CVD_3496_60s_10x10ptsdet_2_8_0 177503 41343    88  1225       0 174459  9974
20230613_CVD_3496_60s_10x10ptsdet_2_8_1 173993 42000    83  1228       0 179177  8911
20230613_CVD_3496_60s_10x10ptsdet_2_8_2 173903 42552    93  1125       0 180143  8778
20230613_CVD_3496_60s_10x10ptsdet_2_8_3 172951 42621    97  1115       0 181515  8426
20230613_CVD_3496_60s_10x10ptsdet_2_8_4 171763 42815    65  1124       0 182578  8540
20230613_CVD_3496_60s_10x10ptsdet_2_8_5 172068 42732   103  1245       0 183997  8420
20230613_CVD_3496_60s_10x10ptsdet_2_8_6 170852 42953    22  1136       0 184575  8278
20230613_CVD_3496_60s_10x10ptsdet_2_8_7 171614 42663    65  1267      28 184019  8196
20230613_CVD_3496_60s_10x10ptsdet_2_8_8 171061 42751    40  1043       0 183995  8135
20230613_CVD_3496_60s_10x10ptsdet_2_8_9 170876 42862    94  1099       0 183719  8486
20230613_CVD_3496_60s_10x10ptsdet_2_9_0 178058 41071   169  1200       0 174685  9992
20230613_CVD_3496_60s_10x10ptsdet_2_9_1 174096 41900    22  1179       0 179531  8958
20230613_CVD_3496_60s_10x10ptsdet_2_9_2 172063 41953    36  1212       0 182012  8916
20230613_CVD_3496_60s_10x10ptsdet_2_9_3 171948 42472    37  1060       0 181818  8463
20230613_CVD_3496_60s_10x10ptsdet_2_9_4 171952 42508    14  1096       0 183459  8347
20230613_CVD_3496_60s_10x10ptsdet_2_9_5 171141 42952    52  1118       0 182621  8503
20230613_CVD_3496_60s_10x10ptsdet_2_9_6 170532 42616    93  1269       0 184766  8081
20230613_CVD_3496_60s_10x10ptsdet_2_9_7 171489 43019    45  1146       0 183348  8597
20230613_CVD_3496_60s_10x10ptsdet_2_9_8 171797 43001    45  1148       0 183818  8744
20230613_CVD_3496_60s_10x10ptsdet_2_9_9 171119 43053    40  1115       0 183996  8276
-------------------------------------------------------------------------------------
Mean value:                             169246 41391    74  1014       0 174899  8198
Std. Abw.:                                6554  1094    31   105       2   6411   624
Std. Abw. rel. [%]:                       3.87  2.64 41.38 10.35 1414.21   3.67  7.61
Conf. interval:                            463    77     2     7       0    453    44
