ROI net sum

Spectrum                                      Si    P   Ar   Ni    Zn    Ga   Rh
--------------------------------------------------------------------------------
20230626_CVD_2808_60s_20x20ptsdet_1_0_0   326533 7128  232 1180   313 20673 8737
20230626_CVD_2808_60s_20x20ptsdet_1_0_1   327822 7536  223 1087   296 20631 8842
20230626_CVD_2808_60s_20x20ptsdet_1_0_10  324529 7277  256 1018   315 20369 8800
20230626_CVD_2808_60s_20x20ptsdet_1_0_11  324863 7287  273  974   268 20509 8851
20230626_CVD_2808_60s_20x20ptsdet_1_0_12  324019 7209  243 1027   342 20510 8749
20230626_CVD_2808_60s_20x20ptsdet_1_0_13  324714 7155  224 1108   392 20383 8775
20230626_CVD_2808_60s_20x20ptsdet_1_0_14  324597 7398  270 1048   413 20671 8679
20230626_CVD_2808_60s_20x20ptsdet_1_0_15  328728 7308  241 1099   305 20481 8655
20230626_CVD_2808_60s_20x20ptsdet_1_0_16  328217 7427  217 1111   404 20838 8836
20230626_CVD_2808_60s_20x20ptsdet_1_0_17  326669 7348  231 1022   322 20732 8911
20230626_CVD_2808_60s_20x20ptsdet_1_0_18  329048 7417  272 1135   448 20942 8831
20230626_CVD_2808_60s_20x20ptsdet_1_0_19  328792 7390  282 1070   373 20781 8817
20230626_CVD_2808_60s_20x20ptsdet_1_0_2   326210 7306  257 1028   255 20580 8683
20230626_CVD_2808_60s_20x20ptsdet_1_0_3   326685 7248  283 1167   380 20501 8853
20230626_CVD_2808_60s_20x20ptsdet_1_0_4   326159 7377  249 1088   401 20701 8732
20230626_CVD_2808_60s_20x20ptsdet_1_0_5   325925 7348  262 1104   363 20650 8911
20230626_CVD_2808_60s_20x20ptsdet_1_0_6   326329 7439  257 1014   418 20784 8665
20230626_CVD_2808_60s_20x20ptsdet_1_0_7   325935 7353  259 1010   303 20472 8884
20230626_CVD_2808_60s_20x20ptsdet_1_0_8   326289 7274  260 1115   415 20447 8932
20230626_CVD_2808_60s_20x20ptsdet_1_0_9   325262 7301  239  993   329 20510 8680
20230626_CVD_2808_60s_20x20ptsdet_1_10_0  328823 7343  253  968   401 20460 9066
20230626_CVD_2808_60s_20x20ptsdet_1_10_1  327696 7390  265 1070   299 20498 8619
20230626_CVD_2808_60s_20x20ptsdet_1_10_10 328704 7595  252 1104   298 20571 8901
20230626_CVD_2808_60s_20x20ptsdet_1_10_11 328451 7297  276 1062   272 20437 8595
20230626_CVD_2808_60s_20x20ptsdet_1_10_12 327833 7423  274 1123   440 20640 8764
20230626_CVD_2808_60s_20x20ptsdet_1_10_13 327850 7393  265 1043   291 20687 8854
20230626_CVD_2808_60s_20x20ptsdet_1_10_14 328630 7392  261 1126   412 20787 8770
20230626_CVD_2808_60s_20x20ptsdet_1_10_15 328700 7351  270 1047   371 20826 8989
20230626_CVD_2808_60s_20x20ptsdet_1_10_16 328258 7498  244 1075   400 20405 8870
20230626_CVD_2808_60s_20x20ptsdet_1_10_17 328681 7334  245 1057   384 20645 8915
20230626_CVD_2808_60s_20x20ptsdet_1_10_18 326949 7276  226  987   328 20778 9043
20230626_CVD_2808_60s_20x20ptsdet_1_10_19 327832 7238  245 1057   308 20984 8575
20230626_CVD_2808_60s_20x20ptsdet_1_10_2  327998 7355  282 1040   413 20485 8718
20230626_CVD_2808_60s_20x20ptsdet_1_10_3  328143 7353  231  984   319 20679 8983
20230626_CVD_2808_60s_20x20ptsdet_1_10_4  327228 7265  256 1148   414 20824 8740
20230626_CVD_2808_60s_20x20ptsdet_1_10_5  327247 7265  271 1063   353 20761 8929
20230626_CVD_2808_60s_20x20ptsdet_1_10_6  327693 7380  259 1049   268 20716 8933
20230626_CVD_2808_60s_20x20ptsdet_1_10_7  326947 7191  296 1149   260 20506 8891
20230626_CVD_2808_60s_20x20ptsdet_1_10_8  328163 7278  279 1137   472 20708 8837
20230626_CVD_2808_60s_20x20ptsdet_1_10_9  327903 7271  255 1112   316 20611 8802
20230626_CVD_2808_60s_20x20ptsdet_1_11_0  327300 7345  248 1067   255 20681 8971
20230626_CVD_2808_60s_20x20ptsdet_1_11_1  324915 7305  239 1036   262 20626 8885
20230626_CVD_2808_60s_20x20ptsdet_1_11_10 326095 7440  246 1117   327 20392 8889
20230626_CVD_2808_60s_20x20ptsdet_1_11_11 326112 7434  302 1117   432 20282 8830
20230626_CVD_2808_60s_20x20ptsdet_1_11_12 325681 7368  294 1016   435 20362 8894
20230626_CVD_2808_60s_20x20ptsdet_1_11_13 326276 7406  278 1013   305 20485 8914
20230626_CVD_2808_60s_20x20ptsdet_1_11_14 326322 7215  256 1083   336 20592 8544
20230626_CVD_2808_60s_20x20ptsdet_1_11_15 326720 7605  264 1042   351 20871 8745
20230626_CVD_2808_60s_20x20ptsdet_1_11_16 326286 7415  272 1046   384 20709 8610
20230626_CVD_2808_60s_20x20ptsdet_1_11_17 326716 7256  261 1011   326 20784 8947
20230626_CVD_2808_60s_20x20ptsdet_1_11_18 327155 7333  257 1025   302 20461 8787
20230626_CVD_2808_60s_20x20ptsdet_1_11_19 327101 7280  226 1051   320 20384 8671
20230626_CVD_2808_60s_20x20ptsdet_1_11_2  324182 7056  252  956   328 20414 8577
20230626_CVD_2808_60s_20x20ptsdet_1_11_3  326028 7224  227 1117   350 20517 8625
20230626_CVD_2808_60s_20x20ptsdet_1_11_4  324849 7221  274 1024   321 20459 8567
20230626_CVD_2808_60s_20x20ptsdet_1_11_5  324868 7580  236 1108   273 20501 8790
20230626_CVD_2808_60s_20x20ptsdet_1_11_6  326484 7470  244  993   262 20628 9328
20230626_CVD_2808_60s_20x20ptsdet_1_11_7  326379 7376  227 1031   413 20772 8656
20230626_CVD_2808_60s_20x20ptsdet_1_11_8  326006 7257  269 1143   352 20905 8575
20230626_CVD_2808_60s_20x20ptsdet_1_11_9  326047 7331  248 1053   376 20588 8988
20230626_CVD_2808_60s_20x20ptsdet_1_12_0  327114 7472  232 1044   419 20825 8705
20230626_CVD_2808_60s_20x20ptsdet_1_12_1  325971 7310  274 1068   360 20472 8819
20230626_CVD_2808_60s_20x20ptsdet_1_12_10 325581 7289  283 1067   362 20311 8758
20230626_CVD_2808_60s_20x20ptsdet_1_12_11 324643 7358  282  993   298 20020 9018
20230626_CVD_2808_60s_20x20ptsdet_1_12_12 327057 7303  252 1058   368 20554 8751
20230626_CVD_2808_60s_20x20ptsdet_1_12_13 327706 7282  255 1063   343 21040 9127
20230626_CVD_2808_60s_20x20ptsdet_1_12_14 327087 7262  256 1077   316 20643 8906
20230626_CVD_2808_60s_20x20ptsdet_1_12_15 326890 7356  278 1116   309 20708 8809
20230626_CVD_2808_60s_20x20ptsdet_1_12_16 327154 7308  244  966   230 20474 8506
20230626_CVD_2808_60s_20x20ptsdet_1_12_17 327793 7271  276 1032   321 20616 8950
20230626_CVD_2808_60s_20x20ptsdet_1_12_18 326756 7349  243 1073   316 20325 8700
20230626_CVD_2808_60s_20x20ptsdet_1_12_19 327257 7522  258 1121   294 20512 8748
20230626_CVD_2808_60s_20x20ptsdet_1_12_2  324061 7197  256 1085   414 20344 8673
20230626_CVD_2808_60s_20x20ptsdet_1_12_3  324101 7329  255 1118   375 20718 8839
20230626_CVD_2808_60s_20x20ptsdet_1_12_4  325192 7251  255 1042   515 20600 8811
20230626_CVD_2808_60s_20x20ptsdet_1_12_5  325551 7323  240  974   421 20617 8749
20230626_CVD_2808_60s_20x20ptsdet_1_12_6  324747 7291  264 1036   322 20539 8849
20230626_CVD_2808_60s_20x20ptsdet_1_12_7  326412 7299  239 1086   509 20526 8601
20230626_CVD_2808_60s_20x20ptsdet_1_12_8  325105 7357  233 1063   325 20512 8739
20230626_CVD_2808_60s_20x20ptsdet_1_12_9  323780 7256  262 1042   397 20336 8782
20230626_CVD_2808_60s_20x20ptsdet_1_13_0  327364 7380  222 1006   349 20348 8530
20230626_CVD_2808_60s_20x20ptsdet_1_13_1  327070 7179  214  967   352 20798 8671
20230626_CVD_2808_60s_20x20ptsdet_1_13_10 327298 7240  250  948   346 20333 8683
20230626_CVD_2808_60s_20x20ptsdet_1_13_11 326830 7414  268 1045   315 20610 8841
20230626_CVD_2808_60s_20x20ptsdet_1_13_12 326335 7524  290 1060   261 20759 8789
20230626_CVD_2808_60s_20x20ptsdet_1_13_13 326755 7319  236 1109   341 20399 8962
20230626_CVD_2808_60s_20x20ptsdet_1_13_14 328066 7252  245 1206   341 20718 8886
20230626_CVD_2808_60s_20x20ptsdet_1_13_15 326670 7479  249  952   442 20505 8669
20230626_CVD_2808_60s_20x20ptsdet_1_13_16 326948 7416  254 1002   321 20744 8989
20230626_CVD_2808_60s_20x20ptsdet_1_13_17 327721 7285  260 1122   308 20689 8617
20230626_CVD_2808_60s_20x20ptsdet_1_13_18 327980 7371  236 1022   335 20957 8805
20230626_CVD_2808_60s_20x20ptsdet_1_13_19 326807 7436  259 1059   413 20549 8680
20230626_CVD_2808_60s_20x20ptsdet_1_13_2  326785 7468  284 1017   238 20310 8886
20230626_CVD_2808_60s_20x20ptsdet_1_13_3  326298 7327  268 1021   201 20390 8655
20230626_CVD_2808_60s_20x20ptsdet_1_13_4  326739 7383  251 1043   437 20987 8941
20230626_CVD_2808_60s_20x20ptsdet_1_13_5  326972 7217  210 1054   341 20755 8871
20230626_CVD_2808_60s_20x20ptsdet_1_13_6  326708 7361  269 1084   365 20630 8523
20230626_CVD_2808_60s_20x20ptsdet_1_13_7  327110 7366  236  970   292 20620 8714
20230626_CVD_2808_60s_20x20ptsdet_1_13_8  326318 7262  216 1061   409 20793 8870
20230626_CVD_2808_60s_20x20ptsdet_1_13_9  325719 7263  243 1131   367 20841 8814
20230626_CVD_2808_60s_20x20ptsdet_1_14_0  328236 7260  251  951   318 20581 8809
20230626_CVD_2808_60s_20x20ptsdet_1_14_1  328154 7389  231  998   233 20606 8734
20230626_CVD_2808_60s_20x20ptsdet_1_14_10 323780 7244  217 1005   354 20232 8788
20230626_CVD_2808_60s_20x20ptsdet_1_14_11 323729 7198  258  973   333 20549 8713
20230626_CVD_2808_60s_20x20ptsdet_1_14_12 326217 7328  219 1139   271 20652 8956
20230626_CVD_2808_60s_20x20ptsdet_1_14_13 326624 7250  265 1022   198 20403 8956
20230626_CVD_2808_60s_20x20ptsdet_1_14_14 325589 7196  238 1136   360 20768 8738
20230626_CVD_2808_60s_20x20ptsdet_1_14_15 324875 7168  250 1133   496 20744 8773
20230626_CVD_2808_60s_20x20ptsdet_1_14_16 325108 7258  247 1036   228 20312 8688
20230626_CVD_2808_60s_20x20ptsdet_1_14_17 325383 7252  230 1078   356 20885 8643
20230626_CVD_2808_60s_20x20ptsdet_1_14_18 325653 7447  221 1097   371 20627 8568
20230626_CVD_2808_60s_20x20ptsdet_1_14_19 325414 7270  248 1007   252 20385 8714
20230626_CVD_2808_60s_20x20ptsdet_1_14_2  325606 7194  264  986   280 20770 8737
20230626_CVD_2808_60s_20x20ptsdet_1_14_3  327768 7319  226 1056   297 20555 8567
20230626_CVD_2808_60s_20x20ptsdet_1_14_4  326809 7242  233 1041   331 20922 9003
20230626_CVD_2808_60s_20x20ptsdet_1_14_5  325961 7413  232 1022   319 20670 8915
20230626_CVD_2808_60s_20x20ptsdet_1_14_6  328461 7250  288 1035   236 20886 8827
20230626_CVD_2808_60s_20x20ptsdet_1_14_7  325492 7333  259 1041   310 20499 8839
20230626_CVD_2808_60s_20x20ptsdet_1_14_8  325167 7361  220 1058   273 20404 8993
20230626_CVD_2808_60s_20x20ptsdet_1_14_9  325444 7271  253 1043   432 20455 8984
20230626_CVD_2808_60s_20x20ptsdet_1_15_0  324998 7211  264  996   218 20419 8849
20230626_CVD_2808_60s_20x20ptsdet_1_15_1  324148 7248  217 1037   286 20720 8878
20230626_CVD_2808_60s_20x20ptsdet_1_15_10 326733 7476  208 1068   365 20730 9006
20230626_CVD_2808_60s_20x20ptsdet_1_15_11 326506 7402  229 1061   301 20321 9062
20230626_CVD_2808_60s_20x20ptsdet_1_15_12 326805 7372  282 1014   381 20969 8824
20230626_CVD_2808_60s_20x20ptsdet_1_15_13 327074 7303  258 1124   303 20539 8912
20230626_CVD_2808_60s_20x20ptsdet_1_15_14 326211 7277  251 1047   370 20355 8893
20230626_CVD_2808_60s_20x20ptsdet_1_15_15 326605 7475  282 1073   404 20571 8796
20230626_CVD_2808_60s_20x20ptsdet_1_15_16 326581 7141  244 1102   401 20721 8810
20230626_CVD_2808_60s_20x20ptsdet_1_15_17 325663 7304  213 1135   370 20514 8735
20230626_CVD_2808_60s_20x20ptsdet_1_15_18 326672 7280  221  956   232 20702 8805
20230626_CVD_2808_60s_20x20ptsdet_1_15_19 326142 7208  222 1099   257 20709 9037
20230626_CVD_2808_60s_20x20ptsdet_1_15_2  324194 7295  266 1031   274 20469 8714
20230626_CVD_2808_60s_20x20ptsdet_1_15_3  324982 7334  205  985   336 20855 8647
20230626_CVD_2808_60s_20x20ptsdet_1_15_4  325147 7300  272 1046   363 20494 8732
20230626_CVD_2808_60s_20x20ptsdet_1_15_5  326098 7250  233 1096   254 20735 8636
20230626_CVD_2808_60s_20x20ptsdet_1_15_6  325666 7405  266 1040   428 20609 8956
20230626_CVD_2808_60s_20x20ptsdet_1_15_7  325703 7216  253 1017   265 20573 8929
20230626_CVD_2808_60s_20x20ptsdet_1_15_8  325837 7250  223 1043   380 20505 8746
20230626_CVD_2808_60s_20x20ptsdet_1_15_9  327507 7430  270 1148   337 20635 8796
20230626_CVD_2808_60s_20x20ptsdet_1_16_0  326158 7322  258 1118   328 20487 8767
20230626_CVD_2808_60s_20x20ptsdet_1_16_1  327435 7245  278  968   316 20506 8692
20230626_CVD_2808_60s_20x20ptsdet_1_16_10 327155 7307  254 1051   490 20995 8851
20230626_CVD_2808_60s_20x20ptsdet_1_16_11 325968 7438  250 1061   385 20586 8972
20230626_CVD_2808_60s_20x20ptsdet_1_16_12 326280 7398  297 1111   449 20322 8782
20230626_CVD_2808_60s_20x20ptsdet_1_16_13 326944 7240  237 1131   289 20505 8696
20230626_CVD_2808_60s_20x20ptsdet_1_16_14 326007 7298  291 1043   454 20449 8803
20230626_CVD_2808_60s_20x20ptsdet_1_16_15 325779 7252  230 1113   441 20456 8903
20230626_CVD_2808_60s_20x20ptsdet_1_16_16 325355 7373  275 1115   342 20308 8608
20230626_CVD_2808_60s_20x20ptsdet_1_16_17 326874 7211  260 1056   384 20469 9032
20230626_CVD_2808_60s_20x20ptsdet_1_16_18 326549 7440  224 1028   364 20902 9026
20230626_CVD_2808_60s_20x20ptsdet_1_16_19 327629 7225  226 1106   266 20472 8841
20230626_CVD_2808_60s_20x20ptsdet_1_16_2  325471 7342  258  852   275 20285 8900
20230626_CVD_2808_60s_20x20ptsdet_1_16_3  325706 7376  252 1107   359 20561 8790
20230626_CVD_2808_60s_20x20ptsdet_1_16_4  326545 7281  216 1035   444 20919 8619
20230626_CVD_2808_60s_20x20ptsdet_1_16_5  326761 7346  242 1106   314 20859 8852
20230626_CVD_2808_60s_20x20ptsdet_1_16_6  326729 7383  240 1070   360 20664 8828
20230626_CVD_2808_60s_20x20ptsdet_1_16_7  326976 7319  251 1123   475 20676 8642
20230626_CVD_2808_60s_20x20ptsdet_1_16_8  327072 7142  256 1096   323 20579 8660
20230626_CVD_2808_60s_20x20ptsdet_1_16_9  328170 7263  258  995   334 20832 8824
20230626_CVD_2808_60s_20x20ptsdet_1_17_0  327995 7252  228 1145   496 20691 8419
20230626_CVD_2808_60s_20x20ptsdet_1_17_1  326685 7329  218 1058   375 20589 8677
20230626_CVD_2808_60s_20x20ptsdet_1_17_10 326470 7290  255 1014   366 20672 8759
20230626_CVD_2808_60s_20x20ptsdet_1_17_11 326929 7490  275  932   354 20594 8724
20230626_CVD_2808_60s_20x20ptsdet_1_17_12 327369 7281  247 1028   394 20387 8995
20230626_CVD_2808_60s_20x20ptsdet_1_17_13 327456 7343  222 1142   427 21010 8822
20230626_CVD_2808_60s_20x20ptsdet_1_17_14 327030 7337  291 1160   456 21127 9028
20230626_CVD_2808_60s_20x20ptsdet_1_17_15 326303 7289  263  991   374 20560 8775
20230626_CVD_2808_60s_20x20ptsdet_1_17_16 326163 7336  278 1065   450 21062 8933
20230626_CVD_2808_60s_20x20ptsdet_1_17_17 327376 7242  261 1140   591 20874 8653
20230626_CVD_2808_60s_20x20ptsdet_1_17_18 326813 7278  262 1015   227 20372 8970
20230626_CVD_2808_60s_20x20ptsdet_1_17_19 329136 7579  248 1163   319 20614 8823
20230626_CVD_2808_60s_20x20ptsdet_1_17_2  327458 7264  268 1049   462 20896 8812
20230626_CVD_2808_60s_20x20ptsdet_1_17_3  327257 7282  223 1010   298 20537 8722
20230626_CVD_2808_60s_20x20ptsdet_1_17_4  326535 7338  238 1052   262 20475 8705
20230626_CVD_2808_60s_20x20ptsdet_1_17_5  327021 7229  252 1000   246 20624 8790
20230626_CVD_2808_60s_20x20ptsdet_1_17_6  326669 7247  269 1051   335 20493 8780
20230626_CVD_2808_60s_20x20ptsdet_1_17_7  327705 7293  250  962   329 20500 8689
20230626_CVD_2808_60s_20x20ptsdet_1_17_8  326226 7360  235  987   344 20691 8657
20230626_CVD_2808_60s_20x20ptsdet_1_17_9  327034 7391  257 1054   429 20621 8731
20230626_CVD_2808_60s_20x20ptsdet_1_18_0  329012 7388  264 1068   309 20857 8741
20230626_CVD_2808_60s_20x20ptsdet_1_18_1  328264 7259  254  996   457 20946 8775
20230626_CVD_2808_60s_20x20ptsdet_1_18_10 328226 7133  237  968   379 20646 8702
20230626_CVD_2808_60s_20x20ptsdet_1_18_11 328023 7394  216 1054   340 20793 8834
20230626_CVD_2808_60s_20x20ptsdet_1_18_12 329304 7389  273 1013   264 20725 9008
20230626_CVD_2808_60s_20x20ptsdet_1_18_13 328345 7385  201 1115   298 21003 8817
20230626_CVD_2808_60s_20x20ptsdet_1_18_14 328850 7214  219 1063   359 20849 8707
20230626_CVD_2808_60s_20x20ptsdet_1_18_15 327783 7337  243 1047   361 21028 8977
20230626_CVD_2808_60s_20x20ptsdet_1_18_16 328245 7437  241  991   244 20526 8824
20230626_CVD_2808_60s_20x20ptsdet_1_18_17 328553 7422  262 1087   301 20648 8549
20230626_CVD_2808_60s_20x20ptsdet_1_18_18 327914 7269  239 1003   322 20414 8863
20230626_CVD_2808_60s_20x20ptsdet_1_18_19 326461 7361  286 1055   337 20655 8945
20230626_CVD_2808_60s_20x20ptsdet_1_18_2  329779 7281  253  991   321 21205 8854
20230626_CVD_2808_60s_20x20ptsdet_1_18_3  329759 7224  213 1113   404 20720 8991
20230626_CVD_2808_60s_20x20ptsdet_1_18_4  328358 7368  234 1048   300 20824 8758
20230626_CVD_2808_60s_20x20ptsdet_1_18_5  327355 7234  254  978   294 20674 8918
20230626_CVD_2808_60s_20x20ptsdet_1_18_6  328427 7497  280 1030   426 20714 8730
20230626_CVD_2808_60s_20x20ptsdet_1_18_7  326513 7506  293 1064   370 20518 8825
20230626_CVD_2808_60s_20x20ptsdet_1_18_8  326941 7326  278 1024   298 20446 9081
20230626_CVD_2808_60s_20x20ptsdet_1_18_9  327001 7369  261 1116   297 20619 8619
20230626_CVD_2808_60s_20x20ptsdet_1_19_0  327354 7408  263 1044   275 20835 8732
20230626_CVD_2808_60s_20x20ptsdet_1_19_1  328387 7285  269 1103   478 20516 8523
20230626_CVD_2808_60s_20x20ptsdet_1_19_10 326010 7339  219 1189   455 20739 8960
20230626_CVD_2808_60s_20x20ptsdet_1_19_11 324366 7412  243 1112   452 20572 8872
20230626_CVD_2808_60s_20x20ptsdet_1_19_12 325241 7322  213 1107   283 20975 8856
20230626_CVD_2808_60s_20x20ptsdet_1_19_13 326027 7307  247  997   284 20523 8817
20230626_CVD_2808_60s_20x20ptsdet_1_19_14 326425 7389  276 1050   303 20666 8859
20230626_CVD_2808_60s_20x20ptsdet_1_19_15 326904 7311  268  982   297 20699 8943
20230626_CVD_2808_60s_20x20ptsdet_1_19_16 327776 7297  235 1035   229 20643 8802
20230626_CVD_2808_60s_20x20ptsdet_1_19_17 327904 7198  259 1125   226 21073 8929
20230626_CVD_2808_60s_20x20ptsdet_1_19_18 325873 7322  242 1143   472 20737 8766
20230626_CVD_2808_60s_20x20ptsdet_1_19_19 325089 7287  275 1110   316 20742 8723
20230626_CVD_2808_60s_20x20ptsdet_1_19_2  328336 7277  257 1031   299 20225 8863
20230626_CVD_2808_60s_20x20ptsdet_1_19_3  329338 7291  273 1181   281 20519 8841
20230626_CVD_2808_60s_20x20ptsdet_1_19_4  326547 7437  283  969   270 20444 8828
20230626_CVD_2808_60s_20x20ptsdet_1_19_5  326514 7208  285 1114   271 20560 8744
20230626_CVD_2808_60s_20x20ptsdet_1_19_6  326993 7344  272 1103   349 20493 8738
20230626_CVD_2808_60s_20x20ptsdet_1_19_7  327037 7271  236  990   304 20478 9066
20230626_CVD_2808_60s_20x20ptsdet_1_19_8  326814 7263  242 1075   262 20780 8749
20230626_CVD_2808_60s_20x20ptsdet_1_19_9  326740 7313  286 1072   385 20692 8861
20230626_CVD_2808_60s_20x20ptsdet_1_1_0   327712 7341  277 1050   331 20770 8822
20230626_CVD_2808_60s_20x20ptsdet_1_1_1   328454 7195  188 1111   430 20733 8773
20230626_CVD_2808_60s_20x20ptsdet_1_1_10  328414 7323  235 1143   514 20698 8778
20230626_CVD_2808_60s_20x20ptsdet_1_1_11  329052 7325  208 1073   401 20998 8788
20230626_CVD_2808_60s_20x20ptsdet_1_1_12  328312 7329  266 1091   372 20489 8767
20230626_CVD_2808_60s_20x20ptsdet_1_1_13  327760 7360  257 1055   305 20841 8901
20230626_CVD_2808_60s_20x20ptsdet_1_1_14  327529 7109  227 1028   439 20862 8715
20230626_CVD_2808_60s_20x20ptsdet_1_1_15  326069 7279  235 1026   433 20677 8869
20230626_CVD_2808_60s_20x20ptsdet_1_1_16  326785 7348  269 1073   393 20564 8846
20230626_CVD_2808_60s_20x20ptsdet_1_1_17  325697 7263  254  977   345 21142 9332
20230626_CVD_2808_60s_20x20ptsdet_1_1_18  326585 7306  250  999   203 20490 8878
20230626_CVD_2808_60s_20x20ptsdet_1_1_19  325897 7270  290 1118   254 20580 8894
20230626_CVD_2808_60s_20x20ptsdet_1_1_2   329449 7423  236 1087   386 20638 8797
20230626_CVD_2808_60s_20x20ptsdet_1_1_3   328440 7321  233 1099   364 20605 8655
20230626_CVD_2808_60s_20x20ptsdet_1_1_4   328181 7192  225 1033   289 20707 8830
20230626_CVD_2808_60s_20x20ptsdet_1_1_5   328877 7482  268 1122   306 20672 8598
20230626_CVD_2808_60s_20x20ptsdet_1_1_6   327154 7375  233 1095   229 20686 9027
20230626_CVD_2808_60s_20x20ptsdet_1_1_7   328947 7139  243 1039   366 20921 8738
20230626_CVD_2808_60s_20x20ptsdet_1_1_8   327676 7370  234 1061   363 20619 8976
20230626_CVD_2808_60s_20x20ptsdet_1_1_9   327700 7354  266 1128   334 20686 9005
20230626_CVD_2808_60s_20x20ptsdet_1_2_0   325100 7318  229 1068   414 20435 9083
20230626_CVD_2808_60s_20x20ptsdet_1_2_1   325991 7288  220 1175   451 20420 8756
20230626_CVD_2808_60s_20x20ptsdet_1_2_10  326088 7205  258 1010   415 20547 8808
20230626_CVD_2808_60s_20x20ptsdet_1_2_11  325701 7206  247 1000   352 20826 8696
20230626_CVD_2808_60s_20x20ptsdet_1_2_12  325778 7175  247 1029   428 20483 8953
20230626_CVD_2808_60s_20x20ptsdet_1_2_13  326173 7275  240 1122   477 20717 8891
20230626_CVD_2808_60s_20x20ptsdet_1_2_14  326303 7264  256 1153   402 20551 8555
20230626_CVD_2808_60s_20x20ptsdet_1_2_15  326319 7404  253 1013   233 20423 8547
20230626_CVD_2808_60s_20x20ptsdet_1_2_16  325891 7323  228 1054   225 20596 8613
20230626_CVD_2808_60s_20x20ptsdet_1_2_17  326552 7241  231 1024   277 20377 9125
20230626_CVD_2808_60s_20x20ptsdet_1_2_18  325662 7358  223 1049   377 20149 8880
20230626_CVD_2808_60s_20x20ptsdet_1_2_19  326746 7487  253 1160   417 20714 8901
20230626_CVD_2808_60s_20x20ptsdet_1_2_2   326217 7342  276 1148   327 20464 8780
20230626_CVD_2808_60s_20x20ptsdet_1_2_3   326543 7351  244 1067   297 20628 8845
20230626_CVD_2808_60s_20x20ptsdet_1_2_4   325630 7407  236  984   425 20608 8739
20230626_CVD_2808_60s_20x20ptsdet_1_2_5   326320 7235  208 1083   286 20412 8786
20230626_CVD_2808_60s_20x20ptsdet_1_2_6   325801 7205  247 1035   274 20814 8812
20230626_CVD_2808_60s_20x20ptsdet_1_2_7   326283 7284  224 1047   388 20892 8800
20230626_CVD_2808_60s_20x20ptsdet_1_2_8   326808 7237  231 1034   452 20463 8626
20230626_CVD_2808_60s_20x20ptsdet_1_2_9   325921 7364  236 1173   371 20592 8804
20230626_CVD_2808_60s_20x20ptsdet_1_3_0   327625 7378  219  965   279 20245 8816
20230626_CVD_2808_60s_20x20ptsdet_1_3_1   325777 7350  258 1067   369 20979 8821
20230626_CVD_2808_60s_20x20ptsdet_1_3_10  327766 7401  251 1102   311 20635 8823
20230626_CVD_2808_60s_20x20ptsdet_1_3_11  329140 7423  200 1035   495 20853 8722
20230626_CVD_2808_60s_20x20ptsdet_1_3_12  327100 7349  236 1051   410 20611 8544
20230626_CVD_2808_60s_20x20ptsdet_1_3_13  326917 7404  285 1063   323 20591 8623
20230626_CVD_2808_60s_20x20ptsdet_1_3_14  327292 7341  243 1027   324 20298 8757
20230626_CVD_2808_60s_20x20ptsdet_1_3_15  326509 7376  273  959   275 20483 8528
20230626_CVD_2808_60s_20x20ptsdet_1_3_16  326804 7294  251 1091   277 20397 8736
20230626_CVD_2808_60s_20x20ptsdet_1_3_17  325988 7432  243 1029   268 20544 8879
20230626_CVD_2808_60s_20x20ptsdet_1_3_18  325764 7208  220 1114   298 20469 8797
20230626_CVD_2808_60s_20x20ptsdet_1_3_19  326011 7271  259 1134   424 20909 8818
20230626_CVD_2808_60s_20x20ptsdet_1_3_2   325664 7423  234 1019   331 20913 8554
20230626_CVD_2808_60s_20x20ptsdet_1_3_3   325733 7315  234 1065   285 20307 8668
20230626_CVD_2808_60s_20x20ptsdet_1_3_4   326196 7379  257 1035   309 20293 8720
20230626_CVD_2808_60s_20x20ptsdet_1_3_5   326242 7229  262 1150   506 20578 8359
20230626_CVD_2808_60s_20x20ptsdet_1_3_6   328177 7493  262 1117   283 20407 8619
20230626_CVD_2808_60s_20x20ptsdet_1_3_7   326694 7356  217 1066   269 20416 8851
20230626_CVD_2808_60s_20x20ptsdet_1_3_8   326826 7311  229 1033   334 20647 8958
20230626_CVD_2808_60s_20x20ptsdet_1_3_9   326850 7237  258 1087   446 20661 8625
20230626_CVD_2808_60s_20x20ptsdet_1_4_0   326219 7225  256  992   383 20632 8979
20230626_CVD_2808_60s_20x20ptsdet_1_4_1   324813 7221  231 1082   422 20874 8995
20230626_CVD_2808_60s_20x20ptsdet_1_4_10  325961 7242  244 1052   396 20524 8794
20230626_CVD_2808_60s_20x20ptsdet_1_4_11  326004 7231  279 1100   220 20259 8549
20230626_CVD_2808_60s_20x20ptsdet_1_4_12  326944 7337  231 1048   368 20656 8502
20230626_CVD_2808_60s_20x20ptsdet_1_4_13  326624 7254  250 1127   329 20963 8809
20230626_CVD_2808_60s_20x20ptsdet_1_4_14  327243 7179  258 1067   389 20278 8618
20230626_CVD_2808_60s_20x20ptsdet_1_4_15  325943 7424  251 1103   352 20829 8840
20230626_CVD_2808_60s_20x20ptsdet_1_4_16  324167 7255  231 1048   255 20421 8562
20230626_CVD_2808_60s_20x20ptsdet_1_4_17  326657 7242  216 1052   363 20909 8747
20230626_CVD_2808_60s_20x20ptsdet_1_4_18  326815 7356  245 1085   375 20423 8848
20230626_CVD_2808_60s_20x20ptsdet_1_4_19  327347 7245  222  981   323 20718 8705
20230626_CVD_2808_60s_20x20ptsdet_1_4_2   326099 7467  239 1085   370 20486 8941
20230626_CVD_2808_60s_20x20ptsdet_1_4_3   326651 7300  266  997   273 20732 9052
20230626_CVD_2808_60s_20x20ptsdet_1_4_4   326098 7308  208  945   222 20632 8647
20230626_CVD_2808_60s_20x20ptsdet_1_4_5   326202 7360  224 1019   350 20758 8854
20230626_CVD_2808_60s_20x20ptsdet_1_4_6   326605 7316  247 1078   547 20674 8530
20230626_CVD_2808_60s_20x20ptsdet_1_4_7   327789 7206  251 1152   397 20555 8822
20230626_CVD_2808_60s_20x20ptsdet_1_4_8   326385 7375  251 1129   454 20547 8725
20230626_CVD_2808_60s_20x20ptsdet_1_4_9   326031 7494  254 1161   446 20745 8660
20230626_CVD_2808_60s_20x20ptsdet_1_5_0   326611 7211  265 1119   276 20588 8870
20230626_CVD_2808_60s_20x20ptsdet_1_5_1   324408 7148  254 1073   296 20511 8814
20230626_CVD_2808_60s_20x20ptsdet_1_5_10  324351 7321  241 1149   379 20424 8887
20230626_CVD_2808_60s_20x20ptsdet_1_5_11  325395 7363  252 1000   343 20091 8574
20230626_CVD_2808_60s_20x20ptsdet_1_5_12  326155 7354  255 1095   327 20517 8779
20230626_CVD_2808_60s_20x20ptsdet_1_5_13  324378 7452  285 1086   308 20516 8696
20230626_CVD_2808_60s_20x20ptsdet_1_5_14  324418 7332  272 1110   347 20375 8642
20230626_CVD_2808_60s_20x20ptsdet_1_5_15  325604 7219  227  995   314 20441 8955
20230626_CVD_2808_60s_20x20ptsdet_1_5_16  325828 7314  192 1071   417 20863 8707
20230626_CVD_2808_60s_20x20ptsdet_1_5_17  324969 7351  251 1102   479 20507 8777
20230626_CVD_2808_60s_20x20ptsdet_1_5_18  324881 7281  219 1040   440 20696 8672
20230626_CVD_2808_60s_20x20ptsdet_1_5_19  323359 7290  224 1019   326 20393 8545
20230626_CVD_2808_60s_20x20ptsdet_1_5_2   323838 7305  230 1016   292 20168 8733
20230626_CVD_2808_60s_20x20ptsdet_1_5_3   323201 7116  204 1033   297 20290 8350
20230626_CVD_2808_60s_20x20ptsdet_1_5_4   323800 7283  249 1102   398 19930 8516
20230626_CVD_2808_60s_20x20ptsdet_1_5_5   322907 7170  228 1071   351 20262 8591
20230626_CVD_2808_60s_20x20ptsdet_1_5_6   322933 7400  269 1147   470 20647 9000
20230626_CVD_2808_60s_20x20ptsdet_1_5_7   323640 7302  235 1098   320 20247 8642
20230626_CVD_2808_60s_20x20ptsdet_1_5_8   322898 7100  258 1114   387 20407 8538
20230626_CVD_2808_60s_20x20ptsdet_1_5_9   324271 7143  282 1186   347 20297 8555
20230626_CVD_2808_60s_20x20ptsdet_1_6_0   322999 7130  255 1038   249 20334 8793
20230626_CVD_2808_60s_20x20ptsdet_1_6_1   324160 7428  235 1028   357 20620 8756
20230626_CVD_2808_60s_20x20ptsdet_1_6_10  330289 7362  233 1037   238 20787 8788
20230626_CVD_2808_60s_20x20ptsdet_1_6_11  330500 7376  272  967   217 20896 8726
20230626_CVD_2808_60s_20x20ptsdet_1_6_12  329839 7367  279 1060   318 21195 8803
20230626_CVD_2808_60s_20x20ptsdet_1_6_13  327886 7346  259 1013   251 20885 8899
20230626_CVD_2808_60s_20x20ptsdet_1_6_14  326969 7435  246  961   216 20552 8743
20230626_CVD_2808_60s_20x20ptsdet_1_6_15  325573 7289  248 1072   380 20022 8995
20230626_CVD_2808_60s_20x20ptsdet_1_6_16  326019 7415  241 1197   249 20528 8883
20230626_CVD_2808_60s_20x20ptsdet_1_6_17  327046 7414  240 1136   459 20488 8696
20230626_CVD_2808_60s_20x20ptsdet_1_6_18  325918 7327  238 1029   300 20379 8832
20230626_CVD_2808_60s_20x20ptsdet_1_6_19  325005 7218  236 1034   454 20584 8822
20230626_CVD_2808_60s_20x20ptsdet_1_6_2   325930 7267  251 1029   440 20640 8608
20230626_CVD_2808_60s_20x20ptsdet_1_6_3   326231 7385  211 1065   285 20351 8484
20230626_CVD_2808_60s_20x20ptsdet_1_6_4   325181 7335  259  964   275 20348 8922
20230626_CVD_2808_60s_20x20ptsdet_1_6_5   325138 7337  262 1094   384 20382 8861
20230626_CVD_2808_60s_20x20ptsdet_1_6_6   326163 7334  281 1037   291 20510 8911
20230626_CVD_2808_60s_20x20ptsdet_1_6_7   325744 7416  285 1125   339 20358 8803
20230626_CVD_2808_60s_20x20ptsdet_1_6_8   328959 7357  217 1030   280 20601 8842
20230626_CVD_2808_60s_20x20ptsdet_1_6_9   329305 7402  230  995   301 20811 8671
20230626_CVD_2808_60s_20x20ptsdet_1_7_0   325817 7270  253 1093   296 20428 8969
20230626_CVD_2808_60s_20x20ptsdet_1_7_1   326738 7240  252 1095   299 20727 8967
20230626_CVD_2808_60s_20x20ptsdet_1_7_10  327033 7287  221 1037   275 20634 8725
20230626_CVD_2808_60s_20x20ptsdet_1_7_11  326268 7312  246 1005   310 20535 8521
20230626_CVD_2808_60s_20x20ptsdet_1_7_12  326265 7289  246 1111   319 20565 8703
20230626_CVD_2808_60s_20x20ptsdet_1_7_13  325464 7411  237 1081   288 20355 8775
20230626_CVD_2808_60s_20x20ptsdet_1_7_14  324166 7273  253 1057   439 20309 8667
20230626_CVD_2808_60s_20x20ptsdet_1_7_15  325220 7380  263 1120   415 20194 8780
20230626_CVD_2808_60s_20x20ptsdet_1_7_16  325975 7160  297 1127   236 20510 9060
20230626_CVD_2808_60s_20x20ptsdet_1_7_17  325483 7094  235  920   268 20606 8794
20230626_CVD_2808_60s_20x20ptsdet_1_7_18  325831 7229  251 1172   373 20554 8804
20230626_CVD_2808_60s_20x20ptsdet_1_7_19  324863 7311  286  990   320 20604 8776
20230626_CVD_2808_60s_20x20ptsdet_1_7_2   326882 7365  265 1038   351 20486 8654
20230626_CVD_2808_60s_20x20ptsdet_1_7_3   325889 7365  248 1111   291 20780 8597
20230626_CVD_2808_60s_20x20ptsdet_1_7_4   325610 7257  231 1088   464 20736 8797
20230626_CVD_2808_60s_20x20ptsdet_1_7_5   326273 7247  242 1038   296 20200 8726
20230626_CVD_2808_60s_20x20ptsdet_1_7_6   326343 7382  215 1153   352 20769 8955
20230626_CVD_2808_60s_20x20ptsdet_1_7_7   326181 7190  218 1148   418 20581 8914
20230626_CVD_2808_60s_20x20ptsdet_1_7_8   325993 7195  266 1049   483 20536 8483
20230626_CVD_2808_60s_20x20ptsdet_1_7_9   326857 7366  230 1113   383 20691 8807
20230626_CVD_2808_60s_20x20ptsdet_1_8_0   327056 7215  262 1095   349 20243 8774
20230626_CVD_2808_60s_20x20ptsdet_1_8_1   327551 7359  233 1012   367 20459 8766
20230626_CVD_2808_60s_20x20ptsdet_1_8_10  325928 7354  245 1057   439 20642 8616
20230626_CVD_2808_60s_20x20ptsdet_1_8_11  325968 7265  227 1038   257 20649 8529
20230626_CVD_2808_60s_20x20ptsdet_1_8_12  327076 7250  244 1044   459 20373 8612
20230626_CVD_2808_60s_20x20ptsdet_1_8_13  325576 7333  273 1003   300 20541 8976
20230626_CVD_2808_60s_20x20ptsdet_1_8_14  326501 7253  213 1101   338 20589 8899
20230626_CVD_2808_60s_20x20ptsdet_1_8_15  325981 7288  290 1018   288 20588 8690
20230626_CVD_2808_60s_20x20ptsdet_1_8_16  325447 7327  270 1103   364 20521 8735
20230626_CVD_2808_60s_20x20ptsdet_1_8_17  325851 7266  223 1079   212 20396 8831
20230626_CVD_2808_60s_20x20ptsdet_1_8_18  326810 7557  242 1022   256 20447 8481
20230626_CVD_2808_60s_20x20ptsdet_1_8_19  326268 7472  302 1051   250 20317 8932
20230626_CVD_2808_60s_20x20ptsdet_1_8_2   327690 7478  250 1096   378 20647 8971
20230626_CVD_2808_60s_20x20ptsdet_1_8_3   327267 7294  239 1033   286 20492 8644
20230626_CVD_2808_60s_20x20ptsdet_1_8_4   327739 7260  275  984   365 20780 8749
20230626_CVD_2808_60s_20x20ptsdet_1_8_5   328138 7498  228 1028   375 20482 8752
20230626_CVD_2808_60s_20x20ptsdet_1_8_6   326838 7350  249 1163   367 20635 8723
20230626_CVD_2808_60s_20x20ptsdet_1_8_7   326949 7239  229 1123   427 20794 8733
20230626_CVD_2808_60s_20x20ptsdet_1_8_8   327684 7420  225 1259   512 20665 8808
20230626_CVD_2808_60s_20x20ptsdet_1_8_9   326376 7292  236 1069   326 20450 8578
20230626_CVD_2808_60s_20x20ptsdet_1_9_0   325453 7087  233 1026   267 20351 8662
20230626_CVD_2808_60s_20x20ptsdet_1_9_1   324079 7160  248 1030   302 20158 8730
20230626_CVD_2808_60s_20x20ptsdet_1_9_10  325822 7275  217 1069   386 20601 8977
20230626_CVD_2808_60s_20x20ptsdet_1_9_11  326241 7480  269 1020   384 20653 8831
20230626_CVD_2808_60s_20x20ptsdet_1_9_12  326790 7239  272 1030   356 20826 8826
20230626_CVD_2808_60s_20x20ptsdet_1_9_13  325702 7285  239 1039   257 20372 8815
20230626_CVD_2808_60s_20x20ptsdet_1_9_14  326989 7596  242 1001   342 20577 8982
20230626_CVD_2808_60s_20x20ptsdet_1_9_15  326385 7201  274 1070   254 20374 8899
20230626_CVD_2808_60s_20x20ptsdet_1_9_16  327339 7218  263 1101   357 20722 8830
20230626_CVD_2808_60s_20x20ptsdet_1_9_17  327626 7374  224 1058   490 20853 8536
20230626_CVD_2808_60s_20x20ptsdet_1_9_18  326416 7448  271 1020   364 20416 8887
20230626_CVD_2808_60s_20x20ptsdet_1_9_19  327958 7274  257 1073   320 20802 8838
20230626_CVD_2808_60s_20x20ptsdet_1_9_2   325700 7187  255 1087   370 20523 8806
20230626_CVD_2808_60s_20x20ptsdet_1_9_3   324789 7277  245 1016   252 20327 8942
20230626_CVD_2808_60s_20x20ptsdet_1_9_4   326779 7375  275  968   238 20740 8778
20230626_CVD_2808_60s_20x20ptsdet_1_9_5   326723 7301  244 1121   347 20584 8929
20230626_CVD_2808_60s_20x20ptsdet_1_9_6   326859 7307  226 1080   351 20711 8766
20230626_CVD_2808_60s_20x20ptsdet_1_9_7   326974 7435  279 1156   361 20493 9100
20230626_CVD_2808_60s_20x20ptsdet_1_9_8   326653 7114  263 1157   309 20440 8805
20230626_CVD_2808_60s_20x20ptsdet_1_9_9   327134 7532  231 1116   304 20604 8644
20230626_CVD_2808_60s_20x20ptsdet_2_0_0   341025 7405  255  979   324 21172 8334
20230626_CVD_2808_60s_20x20ptsdet_2_0_1   341556 7466  215 1049   270 21105 8432
20230626_CVD_2808_60s_20x20ptsdet_2_0_10  337526 7129  263 1180   482 20942 8208
20230626_CVD_2808_60s_20x20ptsdet_2_0_11  338335 7275  314  994   178 20949 8158
20230626_CVD_2808_60s_20x20ptsdet_2_0_12  337316 7268  234 1180   392 20850 8273
20230626_CVD_2808_60s_20x20ptsdet_2_0_13  339672 7243  232 1158   318 21010 8248
20230626_CVD_2808_60s_20x20ptsdet_2_0_14  340178 7417  234 1078   246 20828 8213
20230626_CVD_2808_60s_20x20ptsdet_2_0_15  343165 7274  215 1104   305 21305 8498
20230626_CVD_2808_60s_20x20ptsdet_2_0_16  342108 7269  247 1063   415 21295 8591
20230626_CVD_2808_60s_20x20ptsdet_2_0_17  342725 7444  252 1068   268 21386 8427
20230626_CVD_2808_60s_20x20ptsdet_2_0_18  342415 7379  221 1061   296 20966 8305
20230626_CVD_2808_60s_20x20ptsdet_2_0_19  343256 7395  275 1065   329 21082 8627
20230626_CVD_2808_60s_20x20ptsdet_2_0_2   339354 7256  248 1081   380 21029 8279
20230626_CVD_2808_60s_20x20ptsdet_2_0_3   340550 7488  250 1042   274 20906 8078
20230626_CVD_2808_60s_20x20ptsdet_2_0_4   340079 7120  274 1038   263 20919 8263
20230626_CVD_2808_60s_20x20ptsdet_2_0_5   340801 7248  216 1093   210 20746 7910
20230626_CVD_2808_60s_20x20ptsdet_2_0_6   340448 7287  235 1054   252 20821 8337
20230626_CVD_2808_60s_20x20ptsdet_2_0_7   339724 7502  243 1029   388 21200 8333
20230626_CVD_2808_60s_20x20ptsdet_2_0_8   339176 7360  262 1036   264 20889 8371
20230626_CVD_2808_60s_20x20ptsdet_2_0_9   337796 7317  230 1035   444 21150 8090
20230626_CVD_2808_60s_20x20ptsdet_2_10_0  340495 7258  226 1098   378 21155 8067
20230626_CVD_2808_60s_20x20ptsdet_2_10_1  340919 7217  243 1094   397 21022 8441
20230626_CVD_2808_60s_20x20ptsdet_2_10_10 342595 7456  311 1022   327 20932 8359
20230626_CVD_2808_60s_20x20ptsdet_2_10_11 341467 7498  196 1099   218 21284 8434
20230626_CVD_2808_60s_20x20ptsdet_2_10_12 341353 7285  288 1084   328 21475 8211
20230626_CVD_2808_60s_20x20ptsdet_2_10_13 340938 7517  270 1019   396 21058 8309
20230626_CVD_2808_60s_20x20ptsdet_2_10_14 342334 7244  280 1001   369 21433 8493
20230626_CVD_2808_60s_20x20ptsdet_2_10_15 341600 7434  243 1051   186 21203 8179
20230626_CVD_2808_60s_20x20ptsdet_2_10_16 341555 7409  233 1025   302 21219 8281
20230626_CVD_2808_60s_20x20ptsdet_2_10_17 343303 7503  231 1069   258 21338 8553
20230626_CVD_2808_60s_20x20ptsdet_2_10_18 341334 7528  233 1104   294 20991 8231
20230626_CVD_2808_60s_20x20ptsdet_2_10_19 342015 7393  253 1061   398 20985 8449
20230626_CVD_2808_60s_20x20ptsdet_2_10_2  341328 7331  261 1049   403 21048 8270
20230626_CVD_2808_60s_20x20ptsdet_2_10_3  339882 7583  268 1034   260 21176 8279
20230626_CVD_2808_60s_20x20ptsdet_2_10_4  341066 7488  270 1216   592 20918 8353
20230626_CVD_2808_60s_20x20ptsdet_2_10_5  341211 7473  259 1188   374 21045 8392
20230626_CVD_2808_60s_20x20ptsdet_2_10_6  341934 7319  239 1013   258 20954 8311
20230626_CVD_2808_60s_20x20ptsdet_2_10_7  341290 7537  272 1064   278 21122 8547
20230626_CVD_2808_60s_20x20ptsdet_2_10_8  342475 7306  264 1017   375 21381 8306
20230626_CVD_2808_60s_20x20ptsdet_2_10_9  342469 7346  293 1133   259 21380 8615
20230626_CVD_2808_60s_20x20ptsdet_2_11_0  337820 7339  260  973   265 20950 8154
20230626_CVD_2808_60s_20x20ptsdet_2_11_1  339007 7317  259  992   347 20952 8310
20230626_CVD_2808_60s_20x20ptsdet_2_11_10 339900 7309  264 1106   358 21206 8374
20230626_CVD_2808_60s_20x20ptsdet_2_11_11 339381 7351  231 1159   351 20801 8146
20230626_CVD_2808_60s_20x20ptsdet_2_11_12 340466 7429  301 1041   270 20833 8337
20230626_CVD_2808_60s_20x20ptsdet_2_11_13 338902 7307  238 1061   324 21152 8127
20230626_CVD_2808_60s_20x20ptsdet_2_11_14 339691 7168  240 1057   317 20883 8149
20230626_CVD_2808_60s_20x20ptsdet_2_11_15 340468 7242  286 1158   370 21080 8103
20230626_CVD_2808_60s_20x20ptsdet_2_11_16 338991 7355  272 1223   278 21135 8188
20230626_CVD_2808_60s_20x20ptsdet_2_11_17 340416 7267  257 1034   316 20791 8158
20230626_CVD_2808_60s_20x20ptsdet_2_11_18 340494 7387  224 1126   241 21217 8291
20230626_CVD_2808_60s_20x20ptsdet_2_11_19 339663 7395  254 1143   344 21306 8199
20230626_CVD_2808_60s_20x20ptsdet_2_11_2  338434 7428  264 1114   261 21007 8478
20230626_CVD_2808_60s_20x20ptsdet_2_11_3  338605 7312  263  989   230 20649 8320
20230626_CVD_2808_60s_20x20ptsdet_2_11_4  337653 7228  253 1078   294 20835 8292
20230626_CVD_2808_60s_20x20ptsdet_2_11_5  338187 7252  251 1154   450 21022 8044
20230626_CVD_2808_60s_20x20ptsdet_2_11_6  339284 7310  235  964   225 20923 8414
20230626_CVD_2808_60s_20x20ptsdet_2_11_7  339434 7361  233 1143   342 20592 8144
20230626_CVD_2808_60s_20x20ptsdet_2_11_8  339640 7374  258 1115   367 20947 8269
20230626_CVD_2808_60s_20x20ptsdet_2_11_9  338992 7461  246 1098   346 20963 8349
20230626_CVD_2808_60s_20x20ptsdet_2_12_0  340402 7422  298 1039   299 20927 8246
20230626_CVD_2808_60s_20x20ptsdet_2_12_1  338125 7215  273 1090   382 21053 8199
20230626_CVD_2808_60s_20x20ptsdet_2_12_10 338036 7119  227  983   326 20809 8164
20230626_CVD_2808_60s_20x20ptsdet_2_12_11 338213 7237  259 1062   227 21021 8229
20230626_CVD_2808_60s_20x20ptsdet_2_12_12 340073 7508  256 1070   264 21419 8241
20230626_CVD_2808_60s_20x20ptsdet_2_12_13 339489 7369  243 1090   359 20844 8387
20230626_CVD_2808_60s_20x20ptsdet_2_12_14 341085 7460  243 1104   291 21163 8171
20230626_CVD_2808_60s_20x20ptsdet_2_12_15 341267 7237  274 1077   324 20969 8605
20230626_CVD_2808_60s_20x20ptsdet_2_12_16 341319 7337  235 1050   253 21149 8319
20230626_CVD_2808_60s_20x20ptsdet_2_12_17 341212 7510  290 1014   461 21124 8464
20230626_CVD_2808_60s_20x20ptsdet_2_12_18 341828 7363  263 1090   398 21170 8488
20230626_CVD_2808_60s_20x20ptsdet_2_12_19 340505 7448  228 1053   347 20885 8330
20230626_CVD_2808_60s_20x20ptsdet_2_12_2  337073 7214  282 1004   309 20971 8196
20230626_CVD_2808_60s_20x20ptsdet_2_12_3  339232 7278  255 1058   359 20932 8193
20230626_CVD_2808_60s_20x20ptsdet_2_12_4  339087 7359  246 1012   298 21088 8110
20230626_CVD_2808_60s_20x20ptsdet_2_12_5  338405 7285  203 1033   242 20935 8348
20230626_CVD_2808_60s_20x20ptsdet_2_12_6  338251 7048  222 1079   356 20939 8182
20230626_CVD_2808_60s_20x20ptsdet_2_12_7  338846 7376  229 1097   285 21355 8326
20230626_CVD_2808_60s_20x20ptsdet_2_12_8  338550 7371  255 1138   330 20886 8179
20230626_CVD_2808_60s_20x20ptsdet_2_12_9  338655 7207  214 1069   323 21085 8352
20230626_CVD_2808_60s_20x20ptsdet_2_13_0  340888 7397  252 1110   475 21017 8367
20230626_CVD_2808_60s_20x20ptsdet_2_13_1  340082 7530  225 1093   348 21113 8302
20230626_CVD_2808_60s_20x20ptsdet_2_13_10 340068 7383  234 1022   273 21083 8229
20230626_CVD_2808_60s_20x20ptsdet_2_13_11 340726 7334  263 1110   302 20908 8233
20230626_CVD_2808_60s_20x20ptsdet_2_13_12 340276 7250  236 1141   450 20862 8396
20230626_CVD_2808_60s_20x20ptsdet_2_13_13 341094 7401  232 1065   411 21002 8233
20230626_CVD_2808_60s_20x20ptsdet_2_13_14 339928 7400  266 1116   404 21041 8436
20230626_CVD_2808_60s_20x20ptsdet_2_13_15 341463 7252  276 1104   293 21080 8295
20230626_CVD_2808_60s_20x20ptsdet_2_13_16 340723 7307  264 1015   249 20906 8171
20230626_CVD_2808_60s_20x20ptsdet_2_13_17 341804 7522  266 1036   249 21080 8324
20230626_CVD_2808_60s_20x20ptsdet_2_13_18 340349 7423  268 1054   243 21218 8278
20230626_CVD_2808_60s_20x20ptsdet_2_13_19 341388 7300  270 1069   260 21248 8128
20230626_CVD_2808_60s_20x20ptsdet_2_13_2  340077 7243  264 1145   294 21153 8255
20230626_CVD_2808_60s_20x20ptsdet_2_13_3  340167 7409  264 1123   313 21227 8541
20230626_CVD_2808_60s_20x20ptsdet_2_13_4  339865 7330  264 1070   282 21155 8399
20230626_CVD_2808_60s_20x20ptsdet_2_13_5  339921 7408  257 1121   296 21110 8472
20230626_CVD_2808_60s_20x20ptsdet_2_13_6  339677 7254  240 1162   380 21098 8302
20230626_CVD_2808_60s_20x20ptsdet_2_13_7  338000 7506  265 1133   388 21303 8145
20230626_CVD_2808_60s_20x20ptsdet_2_13_8  339818 7273  269 1032   232 21134 8501
20230626_CVD_2808_60s_20x20ptsdet_2_13_9  340887 7379  236 1004   299 20997 8326
20230626_CVD_2808_60s_20x20ptsdet_2_14_0  340684 7452  260 1093   440 21245 8235
20230626_CVD_2808_60s_20x20ptsdet_2_14_1  339654 7371  242 1032   297 21485 8003
20230626_CVD_2808_60s_20x20ptsdet_2_14_10 337262 7331  206 1145   330 21032 8118
20230626_CVD_2808_60s_20x20ptsdet_2_14_11 336333 7139  277 1059   365 21023 8226
20230626_CVD_2808_60s_20x20ptsdet_2_14_12 339715 7463  227 1024   347 21242 7989
20230626_CVD_2808_60s_20x20ptsdet_2_14_13 339836 7365  248 1173   256 20935 8178
20230626_CVD_2808_60s_20x20ptsdet_2_14_14 339597 7250  271 1045   368 21248 8302
20230626_CVD_2808_60s_20x20ptsdet_2_14_15 339007 7260  273 1120   439 20940 8178
20230626_CVD_2808_60s_20x20ptsdet_2_14_16 339876 7319  249 1074   424 21132 8129
20230626_CVD_2808_60s_20x20ptsdet_2_14_17 339748 7321  228 1000   393 20890 8102
20230626_CVD_2808_60s_20x20ptsdet_2_14_18 339423 7266  249 1063   354 20756 8417
20230626_CVD_2808_60s_20x20ptsdet_2_14_19 338107 7355  271  979   286 20672 8480
20230626_CVD_2808_60s_20x20ptsdet_2_14_2  340411 7195  275  995   293 20903 8156
20230626_CVD_2808_60s_20x20ptsdet_2_14_3  340324 7319  266 1054   335 20899 8418
20230626_CVD_2808_60s_20x20ptsdet_2_14_4  339723 7520  269 1104   404 21012 8347
20230626_CVD_2808_60s_20x20ptsdet_2_14_5  339450 7419  247 1092   344 21244 8149
20230626_CVD_2808_60s_20x20ptsdet_2_14_6  339569 7420  261 1168   381 21162 8195
20230626_CVD_2808_60s_20x20ptsdet_2_14_7  338503 7237  273 1139   313 21072 8493
20230626_CVD_2808_60s_20x20ptsdet_2_14_8  340028 7422  257 1097   356 21067 8228
20230626_CVD_2808_60s_20x20ptsdet_2_14_9  338396 7140  211 1155   348 20936 8482
20230626_CVD_2808_60s_20x20ptsdet_2_15_0  337912 7318  248 1058   269 20759 8197
20230626_CVD_2808_60s_20x20ptsdet_2_15_1  338798 7305  247 1217   293 20688 8351
20230626_CVD_2808_60s_20x20ptsdet_2_15_10 339747 7334  292 1029   369 21351 8375
20230626_CVD_2808_60s_20x20ptsdet_2_15_11 340058 7359  224 1108   442 21029 8429
20230626_CVD_2808_60s_20x20ptsdet_2_15_12 340058 7365  266 1034   277 21121 8642
20230626_CVD_2808_60s_20x20ptsdet_2_15_13 340282 7240  252 1165   312 21046 8149
20230626_CVD_2808_60s_20x20ptsdet_2_15_14 340287 7489  238 1053   367 21138 8236
20230626_CVD_2808_60s_20x20ptsdet_2_15_15 340789 7393  255 1089   386 21421 8127
20230626_CVD_2808_60s_20x20ptsdet_2_15_16 341057 7501  267  992   378 21170 8110
20230626_CVD_2808_60s_20x20ptsdet_2_15_17 340465 7278  245 1092   309 21013 8340
20230626_CVD_2808_60s_20x20ptsdet_2_15_18 340391 7299  275  988   182 20976 8332
20230626_CVD_2808_60s_20x20ptsdet_2_15_19 339815 7460  300 1198   351 20916 8388
20230626_CVD_2808_60s_20x20ptsdet_2_15_2  339045 7278  232 1093   285 20794 8159
20230626_CVD_2808_60s_20x20ptsdet_2_15_3  340738 7239  286  979   358 21136 8131
20230626_CVD_2808_60s_20x20ptsdet_2_15_4  339112 7172  239 1095   275 21051 8313
20230626_CVD_2808_60s_20x20ptsdet_2_15_5  339031 7331  269 1149   505 21054 8383
20230626_CVD_2808_60s_20x20ptsdet_2_15_6  339195 7424  251 1156   364 21331 8245
20230626_CVD_2808_60s_20x20ptsdet_2_15_7  338821 7364  279 1107   294 21297 8052
20230626_CVD_2808_60s_20x20ptsdet_2_15_8  340612 7308  245 1125   297 21266 8504
20230626_CVD_2808_60s_20x20ptsdet_2_15_9  340242 7276  269 1143   304 21109 8235
20230626_CVD_2808_60s_20x20ptsdet_2_16_0  339824 7454  276 1020   261 20946 7968
20230626_CVD_2808_60s_20x20ptsdet_2_16_1  338800 7407  231 1158   420 21192 8248
20230626_CVD_2808_60s_20x20ptsdet_2_16_10 339297 7287  219 1002   431 21086 7929
20230626_CVD_2808_60s_20x20ptsdet_2_16_11 338805 7312  252 1079   446 21331 8608
20230626_CVD_2808_60s_20x20ptsdet_2_16_12 339088 7280  242 1132   286 21224 7986
20230626_CVD_2808_60s_20x20ptsdet_2_16_13 338847 7432  254  980   289 20641 8207
20230626_CVD_2808_60s_20x20ptsdet_2_16_14 338888 7197  242 1037   295 21112 8174
20230626_CVD_2808_60s_20x20ptsdet_2_16_15 338155 7238  231 1073   448 20895 8227
20230626_CVD_2808_60s_20x20ptsdet_2_16_16 337516 7341  286 1061   277 20873 8108
20230626_CVD_2808_60s_20x20ptsdet_2_16_17 340640 7271  208 1073   320 21247 8030
20230626_CVD_2808_60s_20x20ptsdet_2_16_18 341684 7463  221 1137   376 21061 8291
20230626_CVD_2808_60s_20x20ptsdet_2_16_19 341194 7514  204 1080   453 21092 8399
20230626_CVD_2808_60s_20x20ptsdet_2_16_2  340383 7246  255 1057   380 21048 8348
20230626_CVD_2808_60s_20x20ptsdet_2_16_3  340273 7143  261 1082   319 20721 8252
20230626_CVD_2808_60s_20x20ptsdet_2_16_4  340714 7473  254 1067   441 21119 8206
20230626_CVD_2808_60s_20x20ptsdet_2_16_5  339882 7276  263 1073   309 21218 8418
20230626_CVD_2808_60s_20x20ptsdet_2_16_6  339073 7269  240 1027   200 20923 8294
20230626_CVD_2808_60s_20x20ptsdet_2_16_7  340452 7321  240 1115   341 21051 8290
20230626_CVD_2808_60s_20x20ptsdet_2_16_8  339832 7163  216 1093   301 21183 8179
20230626_CVD_2808_60s_20x20ptsdet_2_16_9  340979 7423  227 1104   249 21128 8341
20230626_CVD_2808_60s_20x20ptsdet_2_17_0  341577 7556  239 1109   438 21085 8416
20230626_CVD_2808_60s_20x20ptsdet_2_17_1  341010 7353  271 1097   260 21198 8309
20230626_CVD_2808_60s_20x20ptsdet_2_17_10 340708 7252  260 1138   279 21116 8048
20230626_CVD_2808_60s_20x20ptsdet_2_17_11 340565 7328  232 1162   469 21328 8362
20230626_CVD_2808_60s_20x20ptsdet_2_17_12 340136 7367  243 1138   388 21466 8229
20230626_CVD_2808_60s_20x20ptsdet_2_17_13 341984 7327  266 1046   270 21040 8615
20230626_CVD_2808_60s_20x20ptsdet_2_17_14 341050 7486  228  957   239 20782 8255
20230626_CVD_2808_60s_20x20ptsdet_2_17_15 340051 7288  241 1054   471 21232 8271
20230626_CVD_2808_60s_20x20ptsdet_2_17_16 340294 7326  268 1090   308 20943 8151
20230626_CVD_2808_60s_20x20ptsdet_2_17_17 340900 7335  272 1132   383 21239 8200
20230626_CVD_2808_60s_20x20ptsdet_2_17_18 341295 7405  283 1117   352 20885 8395
20230626_CVD_2808_60s_20x20ptsdet_2_17_19 342986 7410  215 1063   463 21443 8390
20230626_CVD_2808_60s_20x20ptsdet_2_17_2  339547 7568  251 1153   337 21005 8284
20230626_CVD_2808_60s_20x20ptsdet_2_17_3  340370 7473  265 1101   333 21074 8475
20230626_CVD_2808_60s_20x20ptsdet_2_17_4  340643 7430  271 1130   464 21311 8440
20230626_CVD_2808_60s_20x20ptsdet_2_17_5  340963 7276  241 1040   192 20983 8290
20230626_CVD_2808_60s_20x20ptsdet_2_17_6  340621 7339  277 1084   313 20886 8156
20230626_CVD_2808_60s_20x20ptsdet_2_17_7  339842 7342  252 1086   271 21124 8259
20230626_CVD_2808_60s_20x20ptsdet_2_17_8  340318 7175  245 1009   334 21065 8308
20230626_CVD_2808_60s_20x20ptsdet_2_17_9  342387 7371  243 1042   336 21001 8474
20230626_CVD_2808_60s_20x20ptsdet_2_18_0  342099 7284  257 1093   400 21146 8359
20230626_CVD_2808_60s_20x20ptsdet_2_18_1  342352 7357  242 1025   403 21086 8105
20230626_CVD_2808_60s_20x20ptsdet_2_18_10 342129 7403  247 1058   430 21233 8490
20230626_CVD_2808_60s_20x20ptsdet_2_18_11 341667 7366  251 1103   464 21241 8113
20230626_CVD_2808_60s_20x20ptsdet_2_18_12 342084 7478  262 1053   333 21019 8498
20230626_CVD_2808_60s_20x20ptsdet_2_18_13 343270 7416  236 1139   304 21039 8473
20230626_CVD_2808_60s_20x20ptsdet_2_18_14 342245 7479  227 1073   331 21106 8355
20230626_CVD_2808_60s_20x20ptsdet_2_18_15 341861 7411  273  981   272 21045 8113
20230626_CVD_2808_60s_20x20ptsdet_2_18_16 342335 7488  268 1108   328 21129 8379
20230626_CVD_2808_60s_20x20ptsdet_2_18_17 342030 7573  265 1091   302 21111 8504
20230626_CVD_2808_60s_20x20ptsdet_2_18_18 341378 7237  256 1007   301 21283 8446
20230626_CVD_2808_60s_20x20ptsdet_2_18_19 340777 7302  230 1107   266 21188 8713
20230626_CVD_2808_60s_20x20ptsdet_2_18_2  342781 7370  276 1027   313 21227 8313
20230626_CVD_2808_60s_20x20ptsdet_2_18_3  341764 7522  293 1187   419 21269 8254
20230626_CVD_2808_60s_20x20ptsdet_2_18_4  341067 7418  249 1063   381 21336 8458
20230626_CVD_2808_60s_20x20ptsdet_2_18_5  342337 7403  251 1029   487 21320 8366
20230626_CVD_2808_60s_20x20ptsdet_2_18_6  340099 7314  326 1067   250 21140 8151
20230626_CVD_2808_60s_20x20ptsdet_2_18_7  340078 7399  272 1081   363 21226 8247
20230626_CVD_2808_60s_20x20ptsdet_2_18_8  340021 7288  284 1035   362 21067 8133
20230626_CVD_2808_60s_20x20ptsdet_2_18_9  341390 7432  252 1092   383 20825 8321
20230626_CVD_2808_60s_20x20ptsdet_2_19_0  341787 7422  290 1084   304 21319 8392
20230626_CVD_2808_60s_20x20ptsdet_2_19_1  342256 7386  271 1109   490 21522 8479
20230626_CVD_2808_60s_20x20ptsdet_2_19_10 339091 7228  210 1047   288 21211 8109
20230626_CVD_2808_60s_20x20ptsdet_2_19_11 338112 7297  238 1215   388 20866 8353
20230626_CVD_2808_60s_20x20ptsdet_2_19_12 340787 7281  221 1022   403 21293 8361
20230626_CVD_2808_60s_20x20ptsdet_2_19_13 340886 7420  273 1043   320 21206 8461
20230626_CVD_2808_60s_20x20ptsdet_2_19_14 339601 7367  253 1132   314 20801 8314
20230626_CVD_2808_60s_20x20ptsdet_2_19_15 340323 7406  218 1039   291 21001 8247
20230626_CVD_2808_60s_20x20ptsdet_2_19_16 340873 7306  251 1145   376 21223 8366
20230626_CVD_2808_60s_20x20ptsdet_2_19_17 340929 7489  229 1150   177 21082 8375
20230626_CVD_2808_60s_20x20ptsdet_2_19_18 339356 7358  272 1109   363 21430 8345
20230626_CVD_2808_60s_20x20ptsdet_2_19_19 341229 7367  274 1124   455 21253 8393
20230626_CVD_2808_60s_20x20ptsdet_2_19_2  342617 7425  253 1054   268 20938 8202
20230626_CVD_2808_60s_20x20ptsdet_2_19_3  341652 7484  248 1108   278 21363 8264
20230626_CVD_2808_60s_20x20ptsdet_2_19_4  340497 7472  253 1000   324 21142 8415
20230626_CVD_2808_60s_20x20ptsdet_2_19_5  340076 7231  239 1233   322 20967 8247
20230626_CVD_2808_60s_20x20ptsdet_2_19_6  341049 7380  247 1038   261 20909 8161
20230626_CVD_2808_60s_20x20ptsdet_2_19_7  339725 7239  226 1167   313 21088 8186
20230626_CVD_2808_60s_20x20ptsdet_2_19_8  339041 7362  297 1032   153 20832 8288
20230626_CVD_2808_60s_20x20ptsdet_2_19_9  340962 7471  255 1184   323 20914 8450
20230626_CVD_2808_60s_20x20ptsdet_2_1_0   341670 7461  221 1085   359 20861 8311
20230626_CVD_2808_60s_20x20ptsdet_2_1_1   341398 7400  278 1141   337 21164 8401
20230626_CVD_2808_60s_20x20ptsdet_2_1_10  341968 7441  290 1121   382 21230 8474
20230626_CVD_2808_60s_20x20ptsdet_2_1_11  341329 7457  232 1103   496 21123 8540
20230626_CVD_2808_60s_20x20ptsdet_2_1_12  342273 7380  289 1099   373 20915 8096
20230626_CVD_2808_60s_20x20ptsdet_2_1_13  341151 7434  242 1022   336 21007 8374
20230626_CVD_2808_60s_20x20ptsdet_2_1_14  340619 7369  217 1040   267 20815 8499
20230626_CVD_2808_60s_20x20ptsdet_2_1_15  338695 7292  224 1083   320 21239 8424
20230626_CVD_2808_60s_20x20ptsdet_2_1_16  340253 7316  258 1041   299 21047 8377
20230626_CVD_2808_60s_20x20ptsdet_2_1_17  339441 7140  295 1034   374 20773 8459
20230626_CVD_2808_60s_20x20ptsdet_2_1_18  339349 7110  233 1051   361 21423 8192
20230626_CVD_2808_60s_20x20ptsdet_2_1_19  338893 7276  288 1090   352 20707 8124
20230626_CVD_2808_60s_20x20ptsdet_2_1_2   341558 7345  256 1078   451 21192 8502
20230626_CVD_2808_60s_20x20ptsdet_2_1_3   341833 7348  219 1051   203 21154 8403
20230626_CVD_2808_60s_20x20ptsdet_2_1_4   341586 7518  243 1153   341 21308 8322
20230626_CVD_2808_60s_20x20ptsdet_2_1_5   341882 7245  226 1015   370 21137 8613
20230626_CVD_2808_60s_20x20ptsdet_2_1_6   342155 7431  245 1193   632 21098 8656
20230626_CVD_2808_60s_20x20ptsdet_2_1_7   341691 7464  222 1128   333 21269 8396
20230626_CVD_2808_60s_20x20ptsdet_2_1_8   341726 7385  262  926   262 21229 8330
20230626_CVD_2808_60s_20x20ptsdet_2_1_9   342291 7462  257 1041   274 21519 8599
20230626_CVD_2808_60s_20x20ptsdet_2_2_0   338453 7442  253 1028   294 20883 8349
20230626_CVD_2808_60s_20x20ptsdet_2_2_1   339903 7354  278 1118   316 21210 8230
20230626_CVD_2808_60s_20x20ptsdet_2_2_10  339884 7165  254 1107   259 20878 8185
20230626_CVD_2808_60s_20x20ptsdet_2_2_11  339939 7412  253 1101   472 21144 8253
20230626_CVD_2808_60s_20x20ptsdet_2_2_12  341589 7483  229 1088   362 20987 8288
20230626_CVD_2808_60s_20x20ptsdet_2_2_13  339154 7398  262 1122   290 20786 8595
20230626_CVD_2808_60s_20x20ptsdet_2_2_14  340941 7386  249 1025   453 20972 8467
20230626_CVD_2808_60s_20x20ptsdet_2_2_15  340255 7401  266 1058   350 20949 8540
20230626_CVD_2808_60s_20x20ptsdet_2_2_16  340238 7440  241 1093   341 20955 8317
20230626_CVD_2808_60s_20x20ptsdet_2_2_17  339616 7245  237 1108   385 21004 8455
20230626_CVD_2808_60s_20x20ptsdet_2_2_18  339250 7346  301 1088   287 20782 8486
20230626_CVD_2808_60s_20x20ptsdet_2_2_19  339973 7361  228 1023   310 20834 8318
20230626_CVD_2808_60s_20x20ptsdet_2_2_2   338816 7133  254 1054   281 21124 8454
20230626_CVD_2808_60s_20x20ptsdet_2_2_3   339637 7227  293 1029   379 21144 8120
20230626_CVD_2808_60s_20x20ptsdet_2_2_4   339912 7401  321 1120   312 20910 8107
20230626_CVD_2808_60s_20x20ptsdet_2_2_5   339407 7480  269 1129   456 21022 8097
20230626_CVD_2808_60s_20x20ptsdet_2_2_6   338995 7304  260 1065   357 20918 8430
20230626_CVD_2808_60s_20x20ptsdet_2_2_7   340224 7162  209 1084   269 20976 8398
20230626_CVD_2808_60s_20x20ptsdet_2_2_8   339196 7335  258 1199   453 20976 8703
20230626_CVD_2808_60s_20x20ptsdet_2_2_9   339819 7244  268 1064   386 21071 8524
20230626_CVD_2808_60s_20x20ptsdet_2_3_0   339301 7279  231 1075   298 20824 8147
20230626_CVD_2808_60s_20x20ptsdet_2_3_1   340308 7471  271 1038   238 20875 8394
20230626_CVD_2808_60s_20x20ptsdet_2_3_10  342604 7313  260 1144   453 21360 8175
20230626_CVD_2808_60s_20x20ptsdet_2_3_11  341561 7382  286 1095   305 20983 8333
20230626_CVD_2808_60s_20x20ptsdet_2_3_12  342024 7312  267 1024   257 21065 8044
20230626_CVD_2808_60s_20x20ptsdet_2_3_13  339388 7364  236 1133   368 21062 8369
20230626_CVD_2808_60s_20x20ptsdet_2_3_14  340242 7279  300  977   264 20910 8364
20230626_CVD_2808_60s_20x20ptsdet_2_3_15  340159 7279  241 1071   321 21147 8296
20230626_CVD_2808_60s_20x20ptsdet_2_3_16  340377 7258  259 1069   410 21042 8163
20230626_CVD_2808_60s_20x20ptsdet_2_3_17  339229 7314  275 1115   365 21086 8158
20230626_CVD_2808_60s_20x20ptsdet_2_3_18  339950 7195  239 1174   634 21484 8091
20230626_CVD_2808_60s_20x20ptsdet_2_3_19  338903 7518  241 1093   363 20975 8353
20230626_CVD_2808_60s_20x20ptsdet_2_3_2   340275 7388  226 1013   282 21253 8356
20230626_CVD_2808_60s_20x20ptsdet_2_3_3   340078 7372  238 1016   235 20756 8212
20230626_CVD_2808_60s_20x20ptsdet_2_3_4   339921 7409  230 1004   286 20938 8442
20230626_CVD_2808_60s_20x20ptsdet_2_3_5   340166 7379  235 1189   264 20794 8544
20230626_CVD_2808_60s_20x20ptsdet_2_3_6   341373 7463  250 1085   285 20915 8238
20230626_CVD_2808_60s_20x20ptsdet_2_3_7   341536 7521  314 1139   461 21140 8251
20230626_CVD_2808_60s_20x20ptsdet_2_3_8   341310 7282  237 1015   325 21019 8458
20230626_CVD_2808_60s_20x20ptsdet_2_3_9   339727 7234  222 1113   271 21034 8127
20230626_CVD_2808_60s_20x20ptsdet_2_4_0   340236 7308  293 1074   302 20959 8394
20230626_CVD_2808_60s_20x20ptsdet_2_4_1   339286 7346  275 1089   259 20909 8248
20230626_CVD_2808_60s_20x20ptsdet_2_4_10  339481 7353  262 1046   309 21286 8459
20230626_CVD_2808_60s_20x20ptsdet_2_4_11  340564 7285  247 1087   350 21242 8126
20230626_CVD_2808_60s_20x20ptsdet_2_4_12  339622 7428  284 1043   283 21072 8417
20230626_CVD_2808_60s_20x20ptsdet_2_4_13  340441 7430  265 1109   374 21142 8484
20230626_CVD_2808_60s_20x20ptsdet_2_4_14  339721 7402  266 1119   331 20977 8378
20230626_CVD_2808_60s_20x20ptsdet_2_4_15  340287 7283  288 1046   367 21252 8523
20230626_CVD_2808_60s_20x20ptsdet_2_4_16  339836 7383  244 1100   382 20682 8114
20230626_CVD_2808_60s_20x20ptsdet_2_4_17  340433 7438  260  991   226 20924 8514
20230626_CVD_2808_60s_20x20ptsdet_2_4_18  339896 7423  267 1017   239 21294 8276
20230626_CVD_2808_60s_20x20ptsdet_2_4_19  339978 7191  233 1109   311 21002 8515
20230626_CVD_2808_60s_20x20ptsdet_2_4_2   340902 7357  219 1082   419 21135 8521
20230626_CVD_2808_60s_20x20ptsdet_2_4_3   340791 7291  246 1168   311 21127 8417
20230626_CVD_2808_60s_20x20ptsdet_2_4_4   340316 7259  266 1104   236 20591 8217
20230626_CVD_2808_60s_20x20ptsdet_2_4_5   340235 7384  249 1030   344 21231 8210
20230626_CVD_2808_60s_20x20ptsdet_2_4_6   340251 7262  287 1102   313 20924 8212
20230626_CVD_2808_60s_20x20ptsdet_2_4_7   340243 7297  231 1043   395 20744 8276
20230626_CVD_2808_60s_20x20ptsdet_2_4_8   339643 7426  247 1040   436 21063 8098
20230626_CVD_2808_60s_20x20ptsdet_2_4_9   339874 7359  250 1046   266 20892 8341
20230626_CVD_2808_60s_20x20ptsdet_2_5_0   338481 7407  270 1062   422 21184 8159
20230626_CVD_2808_60s_20x20ptsdet_2_5_1   337022 7216  232 1023   277 20932 8040
20230626_CVD_2808_60s_20x20ptsdet_2_5_10  338269 7480  268 1033   347 20930 8145
20230626_CVD_2808_60s_20x20ptsdet_2_5_11  338921 7340  279 1126   371 21008 8135
20230626_CVD_2808_60s_20x20ptsdet_2_5_12  338646 7344  219 1074   405 21063 8108
20230626_CVD_2808_60s_20x20ptsdet_2_5_13  337773 7132  275 1107   349 21261 8200
20230626_CVD_2808_60s_20x20ptsdet_2_5_14  339254 7231  231 1099   301 21018 8014
20230626_CVD_2808_60s_20x20ptsdet_2_5_15  337718 7287  263 1134   353 20954 8710
20230626_CVD_2808_60s_20x20ptsdet_2_5_16  339026 7293  263 1052   507 21190 8410
20230626_CVD_2808_60s_20x20ptsdet_2_5_17  337773 7197  278 1057   354 20878 8426
20230626_CVD_2808_60s_20x20ptsdet_2_5_18  336831 7279  257 1135   315 20997 8150
20230626_CVD_2808_60s_20x20ptsdet_2_5_19  336785 7245  255 1056   349 20929 8246
20230626_CVD_2808_60s_20x20ptsdet_2_5_2   335798 7264  269 1089   246 20825 8243
20230626_CVD_2808_60s_20x20ptsdet_2_5_3   336482 7186  196  983   300 20966 8193
20230626_CVD_2808_60s_20x20ptsdet_2_5_4   335980 7224  205 1085   353 21241 8484
20230626_CVD_2808_60s_20x20ptsdet_2_5_5   337255 7205  265 1109   379 20947 8358
20230626_CVD_2808_60s_20x20ptsdet_2_5_6   338200 7344  239  978   311 20841 8143
20230626_CVD_2808_60s_20x20ptsdet_2_5_7   336346 7327  271 1009   298 20881 8261
20230626_CVD_2808_60s_20x20ptsdet_2_5_8   337855 7247  247 1093   393 21058 8489
20230626_CVD_2808_60s_20x20ptsdet_2_5_9   336755 7317  285 1073   315 20869 8295
20230626_CVD_2808_60s_20x20ptsdet_2_6_0   339252 7274  249 1005   337 21002 8302
20230626_CVD_2808_60s_20x20ptsdet_2_6_1   338534 7297  247 1048   351 21207 8125
20230626_CVD_2808_60s_20x20ptsdet_2_6_10  342436 7338  253 1119   352 21315 8256
20230626_CVD_2808_60s_20x20ptsdet_2_6_11  343428 7333  230 1137   323 21411 8465
20230626_CVD_2808_60s_20x20ptsdet_2_6_12  342302 7190  246 1212   409 21357 8263
20230626_CVD_2808_60s_20x20ptsdet_2_6_13  341771 7443  245 1082   407 21346 8484
20230626_CVD_2808_60s_20x20ptsdet_2_6_14  341563 7428  239 1220   384 21120 8213
20230626_CVD_2808_60s_20x20ptsdet_2_6_15  339068 7266  291 1056   301 20803 8248
20230626_CVD_2808_60s_20x20ptsdet_2_6_16  338555 7247  260 1106   263 20967 8240
20230626_CVD_2808_60s_20x20ptsdet_2_6_17  339784 7266  251 1121   265 21094 8466
20230626_CVD_2808_60s_20x20ptsdet_2_6_18  338165 7316  263 1063   464 20959 8430
20230626_CVD_2808_60s_20x20ptsdet_2_6_19  339735 7313  253 1167   359 21092 8350
20230626_CVD_2808_60s_20x20ptsdet_2_6_2   338839 7152  278 1015   341 20986 8328
20230626_CVD_2808_60s_20x20ptsdet_2_6_3   338944 7307  247 1052   208 21091 8265
20230626_CVD_2808_60s_20x20ptsdet_2_6_4   339587 7356  256 1045   311 21094 8226
20230626_CVD_2808_60s_20x20ptsdet_2_6_5   338687 7473  258 1080   274 21039 8408
20230626_CVD_2808_60s_20x20ptsdet_2_6_6   339996 7377  241 1130   258 20666 8193
20230626_CVD_2808_60s_20x20ptsdet_2_6_7   341589 7478  223 1009   390 21050 8473
20230626_CVD_2808_60s_20x20ptsdet_2_6_8   343579 7553  273 1130   315 21118 8427
20230626_CVD_2808_60s_20x20ptsdet_2_6_9   343774 7219  273 1046   386 21371 8391
20230626_CVD_2808_60s_20x20ptsdet_2_7_0   339888 7457  265 1151   362 20913 8592
20230626_CVD_2808_60s_20x20ptsdet_2_7_1   340698 7228  279 1185   346 21176 8094
20230626_CVD_2808_60s_20x20ptsdet_2_7_10  338616 7498  268 1159   384 21094 8263
20230626_CVD_2808_60s_20x20ptsdet_2_7_11  340800 7238  205 1082   352 21336 8521
20230626_CVD_2808_60s_20x20ptsdet_2_7_12  340158 7299  282 1189   436 21055 8316
20230626_CVD_2808_60s_20x20ptsdet_2_7_13  337145 7263  264 1017   294 20695 8297
20230626_CVD_2808_60s_20x20ptsdet_2_7_14  339126 7280  261 1081   418 20912 8384
20230626_CVD_2808_60s_20x20ptsdet_2_7_15  339028 7237  231 1086   374 21160 8449
20230626_CVD_2808_60s_20x20ptsdet_2_7_16  338035 7420  215 1132   349 20804 8196
20230626_CVD_2808_60s_20x20ptsdet_2_7_17  338407 7437  263  995   238 20806 8451
20230626_CVD_2808_60s_20x20ptsdet_2_7_18  339359 7197  253 1065   346 20956 8303
20230626_CVD_2808_60s_20x20ptsdet_2_7_19  340206 7380  224  965   178 20856 8181
20230626_CVD_2808_60s_20x20ptsdet_2_7_2   340114 7391  251 1103   501 21374 8213
20230626_CVD_2808_60s_20x20ptsdet_2_7_3   339362 7348  244 1054   254 21246 8210
20230626_CVD_2808_60s_20x20ptsdet_2_7_4   338430 7169  246 1072   266 21043 8394
20230626_CVD_2808_60s_20x20ptsdet_2_7_5   340243 7272  282  989   343 21130 8070
20230626_CVD_2808_60s_20x20ptsdet_2_7_6   340641 7407  250 1184   412 21351 8372
20230626_CVD_2808_60s_20x20ptsdet_2_7_7   339793 7377  285 1119   443 20984 8381
20230626_CVD_2808_60s_20x20ptsdet_2_7_8   340091 7514  264 1079   283 20919 8455
20230626_CVD_2808_60s_20x20ptsdet_2_7_9   340120 7388  210 1106   428 21172 8091
20230626_CVD_2808_60s_20x20ptsdet_2_8_0   341190 7485  203 1090   381 21027 8188
20230626_CVD_2808_60s_20x20ptsdet_2_8_1   341139 7288  254 1017   275 21239 8241
20230626_CVD_2808_60s_20x20ptsdet_2_8_10  338669 7418  283 1107   303 21191 8406
20230626_CVD_2808_60s_20x20ptsdet_2_8_11  340614 7337  252 1115   276 20972 8178
20230626_CVD_2808_60s_20x20ptsdet_2_8_12  339550 7291  248 1076   250 20838 8588
20230626_CVD_2808_60s_20x20ptsdet_2_8_13  339663 7237  210 1190   322 20934 8490
20230626_CVD_2808_60s_20x20ptsdet_2_8_14  339465 7473  279 1097   298 20877 8178
20230626_CVD_2808_60s_20x20ptsdet_2_8_15  339529 7229  238 1025   394 21377 8652
20230626_CVD_2808_60s_20x20ptsdet_2_8_16  339400 7263  274 1102   362 21101 7945
20230626_CVD_2808_60s_20x20ptsdet_2_8_17  339499 7183  244 1038   319 20981 8045
20230626_CVD_2808_60s_20x20ptsdet_2_8_18  339195 7290  249 1082   282 20652 8613
20230626_CVD_2808_60s_20x20ptsdet_2_8_19  340279 7344  258 1143   385 21023 8919
20230626_CVD_2808_60s_20x20ptsdet_2_8_2   339568 7335  254  982   293 21173 7925
20230626_CVD_2808_60s_20x20ptsdet_2_8_3   340980 7341  219 1059   427 21388 8493
20230626_CVD_2808_60s_20x20ptsdet_2_8_4   340643 7240  238 1107   276 20973 8319
20230626_CVD_2808_60s_20x20ptsdet_2_8_5   338699 7396  248 1049   443 21187 8529
20230626_CVD_2808_60s_20x20ptsdet_2_8_6   340219 7333  261 1001   333 20940 8327
20230626_CVD_2808_60s_20x20ptsdet_2_8_7   339445 7233  237 1027   301 20975 8356
20230626_CVD_2808_60s_20x20ptsdet_2_8_8   340129 7339  242 1092   372 20944 8378
20230626_CVD_2808_60s_20x20ptsdet_2_8_9   338454 7364  254 1075   360 21079 8395
20230626_CVD_2808_60s_20x20ptsdet_2_9_0   338022 7261  238 1142   316 20830 8285
20230626_CVD_2808_60s_20x20ptsdet_2_9_1   337843 7390  240 1076   319 21179 8084
20230626_CVD_2808_60s_20x20ptsdet_2_9_10  340323 7357  241 1122   304 21068 8451
20230626_CVD_2808_60s_20x20ptsdet_2_9_11  338876 7253  231 1110   474 21036 8398
20230626_CVD_2808_60s_20x20ptsdet_2_9_12  340644 7277  251  986   473 21181 8221
20230626_CVD_2808_60s_20x20ptsdet_2_9_13  340583 7414  249 1077   361 21285 8198
20230626_CVD_2808_60s_20x20ptsdet_2_9_14  340610 7234  211 1133   370 20973 8408
20230626_CVD_2808_60s_20x20ptsdet_2_9_15  340409 7339  270 1093   444 21113 8253
20230626_CVD_2808_60s_20x20ptsdet_2_9_16  340550 7314  271  994   322 20725 8580
20230626_CVD_2808_60s_20x20ptsdet_2_9_17  341123 7293  257 1061   252 21083 8424
20230626_CVD_2808_60s_20x20ptsdet_2_9_18  341786 7520  264  990   216 21094 8208
20230626_CVD_2808_60s_20x20ptsdet_2_9_19  341272 7402  284 1060   226 20965 8405
20230626_CVD_2808_60s_20x20ptsdet_2_9_2   338626 7428  239 1061   344 21074 8354
20230626_CVD_2808_60s_20x20ptsdet_2_9_3   339871 7372  290 1094   407 21103 8200
20230626_CVD_2808_60s_20x20ptsdet_2_9_4   341138 7477  241 1040   309 21372 8445
20230626_CVD_2808_60s_20x20ptsdet_2_9_5   340922 7381  267 1044   371 21049 8340
20230626_CVD_2808_60s_20x20ptsdet_2_9_6   340515 7428  298 1141   554 21068 8367
20230626_CVD_2808_60s_20x20ptsdet_2_9_7   339848 7289  294  975   312 20974 8413
20230626_CVD_2808_60s_20x20ptsdet_2_9_8   339238 7378  250  962   249 20891 8284
20230626_CVD_2808_60s_20x20ptsdet_2_9_9   339635 7356  230 1060   337 21054 8365


Mean value:                               333321 7331  251 1070   341 20829 8550
Std. Abw.:                                  6905   96   22   56    72   301  282
Std. Abw. rel. [%]:                         2.07 1.31 8.77 5.26 21.01  1.44 3.30
Conf. interval:                              244    3    1    2     3    11   10
