ROI backgr, sum

Spectrum                                       Si       P     Ar      Ni       Zn       Ga       Rh
---------------------------------------------------------------------------------------------------
20230626_CVD_2808_60s_20x20ptsdet_1_0_0      -270    -226    -72    -924    -1707    -2069    -5547
20230626_CVD_2808_60s_20x20ptsdet_1_0_1      -256    -194    -92    -998    -1705    -2141    -5643
20230626_CVD_2808_60s_20x20ptsdet_1_0_10     -263    -212    -73    -970    -1642    -1993    -5636
20230626_CVD_2808_60s_20x20ptsdet_1_0_11     -262    -204    -67   -1010    -1750    -2150    -5522
20230626_CVD_2808_60s_20x20ptsdet_1_0_12     -268    -224    -91    -979    -1664    -2093    -5607
20230626_CVD_2808_60s_20x20ptsdet_1_0_13     -258    -200    -82    -962    -1554    -2078    -5417
20230626_CVD_2808_60s_20x20ptsdet_1_0_14     -254    -196    -66    -948    -1529    -2068    -5689
20230626_CVD_2808_60s_20x20ptsdet_1_0_15     -269    -217    -52   -1006    -1764    -2176    -5745
20230626_CVD_2808_60s_20x20ptsdet_1_0_16     -270    -218    -79   -1016    -1684    -2091    -5755
20230626_CVD_2808_60s_20x20ptsdet_1_0_17     -271    -217    -74    -998    -1696    -2094    -5711
20230626_CVD_2808_60s_20x20ptsdet_1_0_18     -287    -236    -62    -957    -1601    -1982    -5593
20230626_CVD_2808_60s_20x20ptsdet_1_0_19     -281    -230    -70    -969    -1604    -2086    -5546
20230626_CVD_2808_60s_20x20ptsdet_1_0_2      -274    -215    -74   -1042    -1764    -2214    -5653
20230626_CVD_2808_60s_20x20ptsdet_1_0_3      -278    -233    -69    -970    -1687    -2136    -5622
20230626_CVD_2808_60s_20x20ptsdet_1_0_4      -258    -203    -76    -979    -1604    -2058    -5671
20230626_CVD_2808_60s_20x20ptsdet_1_0_5      -259    -205    -66    -962    -1593    -2075    -5466
20230626_CVD_2808_60s_20x20ptsdet_1_0_6      -261    -216    -76    -988    -1653    -2136    -5716
20230626_CVD_2808_60s_20x20ptsdet_1_0_7      -283    -234    -69   -1000    -1670    -2115    -5649
20230626_CVD_2808_60s_20x20ptsdet_1_0_8      -272    -221    -61    -949    -1650    -2086    -5663
20230626_CVD_2808_60s_20x20ptsdet_1_0_9      -278    -223    -98    -994    -1709    -2088    -5598
20230626_CVD_2808_60s_20x20ptsdet_1_10_0     -247    -196    -76   -1029    -1682    -2182    -5720
20230626_CVD_2808_60s_20x20ptsdet_1_10_1     -261    -200    -62   -1017    -1731    -2161    -5708
20230626_CVD_2808_60s_20x20ptsdet_1_10_10    -280    -236    -93   -1001    -1704    -2194    -5711
20230626_CVD_2808_60s_20x20ptsdet_1_10_11    -267    -213    -59    -978    -1690    -2108    -5721
20230626_CVD_2808_60s_20x20ptsdet_1_10_12    -269    -217    -77    -926    -1510    -1994    -5720
20230626_CVD_2808_60s_20x20ptsdet_1_10_13    -270    -217    -72   -1013    -1689    -2143    -5697
20230626_CVD_2808_60s_20x20ptsdet_1_10_14    -273    -209    -40    -968    -1733    -2194    -5729
20230626_CVD_2808_60s_20x20ptsdet_1_10_15    -293    -244    -76   -1024    -1696    -2070    -5743
20230626_CVD_2808_60s_20x20ptsdet_1_10_16    -265    -198    -74    -962    -1616    -2135    -5695
20230626_CVD_2808_60s_20x20ptsdet_1_10_17    -260    -218    -86   -1017    -1664    -2140    -5552
20230626_CVD_2808_60s_20x20ptsdet_1_10_18    -283    -230    -76   -1053    -1753    -2070    -5622
20230626_CVD_2808_60s_20x20ptsdet_1_10_19    -292    -253    -80    -980    -1663    -2113    -5700
20230626_CVD_2808_60s_20x20ptsdet_1_10_2     -271    -223    -49   -1008    -1675    -2158    -5633
20230626_CVD_2808_60s_20x20ptsdet_1_10_3     -272    -224    -71    -988    -1720    -2108    -5707
20230626_CVD_2808_60s_20x20ptsdet_1_10_4     -286    -232    -74    -925    -1581    -2062    -5791
20230626_CVD_2808_60s_20x20ptsdet_1_10_5     -267    -224    -84   -1003    -1667    -2171    -5578
20230626_CVD_2808_60s_20x20ptsdet_1_10_6     -280    -226    -89   -1017    -1761    -2202    -5717
20230626_CVD_2808_60s_20x20ptsdet_1_10_7     -282    -240    -79   -1002    -1758    -2217    -5751
20230626_CVD_2808_60s_20x20ptsdet_1_10_8     -290    -239    -84    -920    -1490    -2013    -5657
20230626_CVD_2808_60s_20x20ptsdet_1_10_9     -271    -216    -73   -1013    -1719    -2076    -5680
20230626_CVD_2808_60s_20x20ptsdet_1_11_0     -281    -226    -87    -983    -1652    -2163    -5517
20230626_CVD_2808_60s_20x20ptsdet_1_11_1     -284    -244    -90   -1003    -1733    -2136    -5633
20230626_CVD_2808_60s_20x20ptsdet_1_11_10    -268    -223    -80    -958    -1705    -2253    -5577
20230626_CVD_2808_60s_20x20ptsdet_1_11_11    -253    -193    -57    -933    -1573    -2085    -5604
20230626_CVD_2808_60s_20x20ptsdet_1_11_12    -257    -200    -61    -961    -1655    -2138    -5542
20230626_CVD_2808_60s_20x20ptsdet_1_11_13    -267    -219    -71   -1017    -1692    -2109    -5625
20230626_CVD_2808_60s_20x20ptsdet_1_11_14    -280    -230    -77    -989    -1708    -2040    -5763
20230626_CVD_2808_60s_20x20ptsdet_1_11_15    -267    -224    -66    -988    -1675    -2011    -5688
20230626_CVD_2808_60s_20x20ptsdet_1_11_16    -262    -198    -70    -992    -1636    -2083    -5830
20230626_CVD_2808_60s_20x20ptsdet_1_11_17    -299    -256    -91   -1014    -1637    -2054    -5587
20230626_CVD_2808_60s_20x20ptsdet_1_11_18    -279    -228    -64   -1032    -1772    -2135    -5628
20230626_CVD_2808_60s_20x20ptsdet_1_11_19    -261    -210    -83    -996    -1652    -2161    -5720
20230626_CVD_2808_60s_20x20ptsdet_1_11_2     -274    -225    -72   -1009    -1666    -2076    -5600
20230626_CVD_2808_60s_20x20ptsdet_1_11_3     -255    -220    -92    -899    -1631    -2167    -5722
20230626_CVD_2808_60s_20x20ptsdet_1_11_4     -268    -219    -79   -1015    -1683    -2171    -5555
20230626_CVD_2808_60s_20x20ptsdet_1_11_5     -271    -204    -87    -979    -1716    -2103    -5699
20230626_CVD_2808_60s_20x20ptsdet_1_11_6     -255    -173    -60    -995    -1726    -2205    -5551
20230626_CVD_2808_60s_20x20ptsdet_1_11_7     -284    -240   -105    -948    -1562    -2040    -5655
20230626_CVD_2808_60s_20x20ptsdet_1_11_8     -266    -212    -70    -964    -1646    -1931    -5726
20230626_CVD_2808_60s_20x20ptsdet_1_11_9     -270    -217    -74    -935    -1571    -2048    -5552
20230626_CVD_2808_60s_20x20ptsdet_1_12_0     -289    -238    -71    -967    -1609    -2065    -5683
20230626_CVD_2808_60s_20x20ptsdet_1_12_1     -266    -220    -40    -967    -1571    -2046    -5597
20230626_CVD_2808_60s_20x20ptsdet_1_12_10    -251    -192    -74    -980    -1626    -2051    -5696
20230626_CVD_2808_60s_20x20ptsdet_1_12_11    -263    -214    -59   -1005    -1718    -2117    -5491
20230626_CVD_2808_60s_20x20ptsdet_1_12_12    -264    -204    -73    -998    -1647    -2041    -5614
20230626_CVD_2808_60s_20x20ptsdet_1_12_13    -260    -206    -83   -1003    -1616    -2090    -5536
20230626_CVD_2808_60s_20x20ptsdet_1_12_14    -274    -230    -81    -988    -1693    -2029    -5635
20230626_CVD_2808_60s_20x20ptsdet_1_12_15    -267    -203    -58    -993    -1694    -2123    -5700
20230626_CVD_2808_60s_20x20ptsdet_1_12_16    -265    -212    -82   -1036    -1742    -2215    -5708
20230626_CVD_2808_60s_20x20ptsdet_1_12_17    -270    -220    -74   -1011    -1711    -2212    -5626
20230626_CVD_2808_60s_20x20ptsdet_1_12_18    -280    -237    -76    -996    -1691    -2174    -5642
20230626_CVD_2808_60s_20x20ptsdet_1_12_19    -273    -234    -90    -935    -1656    -2069    -5644
20230626_CVD_2808_60s_20x20ptsdet_1_12_2     -259    -212    -96    -943    -1599    -2049    -5591
20230626_CVD_2808_60s_20x20ptsdet_1_12_3     -270    -217    -64    -927    -1688    -2133    -5594
20230626_CVD_2808_60s_20x20ptsdet_1_12_4     -268    -218    -74    -985    -1552    -2080    -5648
20230626_CVD_2808_60s_20x20ptsdet_1_12_5     -279    -225    -75   -1022    -1630    -1990    -5598
20230626_CVD_2808_60s_20x20ptsdet_1_12_6     -272    -219    -78    -976    -1697    -2137    -5602
20230626_CVD_2808_60s_20x20ptsdet_1_12_7     -264    -223    -96    -991    -1520    -1977    -5671
20230626_CVD_2808_60s_20x20ptsdet_1_12_8     -259    -205    -81   -1019    -1661    -2158    -5586
20230626_CVD_2808_60s_20x20ptsdet_1_12_9     -271    -211    -58   -1009    -1634    -2097    -5642
20230626_CVD_2808_60s_20x20ptsdet_1_13_0     -281    -231    -79    -987    -1602    -2044    -5790
20230626_CVD_2808_60s_20x20ptsdet_1_13_1     -284    -241    -92    -999    -1627    -1951    -5657
20230626_CVD_2808_60s_20x20ptsdet_1_13_10    -272    -213    -72    -981    -1650    -2103    -5685
20230626_CVD_2808_60s_20x20ptsdet_1_13_11    -260    -204    -59   -1002    -1675    -2153    -5572
20230626_CVD_2808_60s_20x20ptsdet_1_13_12    -265    -209    -58    -983    -1673    -2063    -5545
20230626_CVD_2808_60s_20x20ptsdet_1_13_13    -280    -220    -93   -1011    -1720    -2138    -5615
20230626_CVD_2808_60s_20x20ptsdet_1_13_14    -265    -208    -78    -917    -1624    -2069    -5592
20230626_CVD_2808_60s_20x20ptsdet_1_13_15    -266    -214    -77   -1027    -1696    -2115    -5774
20230626_CVD_2808_60s_20x20ptsdet_1_13_16    -276    -217    -61   -1035    -1687    -2152    -5596
20230626_CVD_2808_60s_20x20ptsdet_1_13_17    -288    -246    -89    -972    -1724    -2190    -5656
20230626_CVD_2808_60s_20x20ptsdet_1_13_18    -276    -232    -81   -1009    -1692    -2066    -5700
20230626_CVD_2808_60s_20x20ptsdet_1_13_19    -261    -211    -81   -1003    -1671    -2130    -5685
20230626_CVD_2808_60s_20x20ptsdet_1_13_2     -266    -211    -72    -993    -1729    -2192    -5659
20230626_CVD_2808_60s_20x20ptsdet_1_13_3     -268    -207    -86   -1051    -1795    -2169    -5596
20230626_CVD_2808_60s_20x20ptsdet_1_13_4     -269    -226    -86    -985    -1590    -2045    -5607
20230626_CVD_2808_60s_20x20ptsdet_1_13_5     -275    -224    -97    -947    -1627    -2041    -5612
20230626_CVD_2808_60s_20x20ptsdet_1_13_6     -260    -215    -83    -934    -1584    -2043    -5713
20230626_CVD_2808_60s_20x20ptsdet_1_13_7     -271    -213    -88   -1042    -1679    -2055    -5644
20230626_CVD_2808_60s_20x20ptsdet_1_13_8     -282    -239    -76    -990    -1643    -1989    -5727
20230626_CVD_2808_60s_20x20ptsdet_1_13_9     -268    -219    -84    -982    -1619    -2041    -5690
20230626_CVD_2808_60s_20x20ptsdet_1_14_0     -281    -229    -72    -981    -1729    -2138    -5575
20230626_CVD_2808_60s_20x20ptsdet_1_14_1     -265    -209    -82   -1030    -1765    -2217    -5614
20230626_CVD_2808_60s_20x20ptsdet_1_14_10    -262    -203    -76   -1014    -1741    -2175    -5528
20230626_CVD_2808_60s_20x20ptsdet_1_14_11    -261    -208    -68    -981    -1712    -2133    -5635
20230626_CVD_2808_60s_20x20ptsdet_1_14_12    -261    -208    -72    -962    -1680    -2129    -5636
20230626_CVD_2808_60s_20x20ptsdet_1_14_13    -279    -232    -69   -1024    -1710    -2114    -5717
20230626_CVD_2808_60s_20x20ptsdet_1_14_14    -259    -207    -75    -964    -1641    -2045    -5671
20230626_CVD_2808_60s_20x20ptsdet_1_14_15    -271    -232    -79    -943    -1541    -2004    -5631
20230626_CVD_2808_60s_20x20ptsdet_1_14_16    -256    -201    -60    -982    -1688    -2176    -5730
20230626_CVD_2808_60s_20x20ptsdet_1_14_17    -265    -211    -72   -1010    -1702    -2014    -5691
20230626_CVD_2808_60s_20x20ptsdet_1_14_18    -271    -225    -98    -987    -1634    -2054    -5657
20230626_CVD_2808_60s_20x20ptsdet_1_14_19    -269    -209    -97    -979    -1734    -2142    -5696
20230626_CVD_2808_60s_20x20ptsdet_1_14_2     -282    -231    -86   -1033    -1691    -2051    -5662
20230626_CVD_2808_60s_20x20ptsdet_1_14_3     -281    -230    -78   -1004    -1712    -2098    -5734
20230626_CVD_2808_60s_20x20ptsdet_1_14_4     -288    -238    -83    -985    -1628    -2110    -5689
20230626_CVD_2808_60s_20x20ptsdet_1_14_5     -278    -231    -77    -996    -1674    -2047    -5649
20230626_CVD_2808_60s_20x20ptsdet_1_14_6     -250    -182    -62   -1020    -1804    -2189    -5727
20230626_CVD_2808_60s_20x20ptsdet_1_14_7     -264    -209    -72    -946    -1649    -2082    -5677
20230626_CVD_2808_60s_20x20ptsdet_1_14_8     -265    -211    -85   -1023    -1716    -2068    -5551
20230626_CVD_2808_60s_20x20ptsdet_1_14_9     -293    -250    -74    -925    -1597    -2012    -5489
20230626_CVD_2808_60s_20x20ptsdet_1_15_0     -255    -193    -48   -1030    -1779    -2196    -5650
20230626_CVD_2808_60s_20x20ptsdet_1_15_1     -264    -222    -94    -962    -1764    -2195    -5621
20230626_CVD_2808_60s_20x20ptsdet_1_15_10    -263    -206    -92    -989    -1601    -2063    -5604
20230626_CVD_2808_60s_20x20ptsdet_1_15_11    -288    -234    -88    -982    -1692    -2178    -5452
20230626_CVD_2808_60s_20x20ptsdet_1_15_12    -263    -202    -58   -1010    -1702    -2163    -5696
20230626_CVD_2808_60s_20x20ptsdet_1_15_13    -285    -227   -100    -978    -1654    -2027    -5694
20230626_CVD_2808_60s_20x20ptsdet_1_15_14    -279    -230    -84    -959    -1645    -2163    -5626
20230626_CVD_2808_60s_20x20ptsdet_1_15_15    -258    -201    -85    -994    -1604    -2087    -5741
20230626_CVD_2808_60s_20x20ptsdet_1_15_16    -270    -215    -88    -969    -1616    -1995    -5726
20230626_CVD_2808_60s_20x20ptsdet_1_15_17    -262    -211    -73    -970    -1649    -2168    -5726
20230626_CVD_2808_60s_20x20ptsdet_1_15_18    -272    -224    -88   -1054    -1779    -2163    -5765
20230626_CVD_2808_60s_20x20ptsdet_1_15_19    -276    -223    -75    -996    -1683    -2156    -5668
20230626_CVD_2808_60s_20x20ptsdet_1_15_2     -274    -228    -77    -929    -1690    -2142    -5592
20230626_CVD_2808_60s_20x20ptsdet_1_15_3     -298    -253    -92   -1002    -1700    -2072    -5647
20230626_CVD_2808_60s_20x20ptsdet_1_15_4     -256    -190    -58    -995    -1683    -2122    -5673
20230626_CVD_2808_60s_20x20ptsdet_1_15_5     -276    -223    -77    -973    -1644    -2073    -5710
20230626_CVD_2808_60s_20x20ptsdet_1_15_6     -254    -200    -86    -965    -1581    -2062    -5753
20230626_CVD_2808_60s_20x20ptsdet_1_15_7     -291    -238    -78    -966    -1710    -2107    -5674
20230626_CVD_2808_60s_20x20ptsdet_1_15_8     -288    -229    -73    -964    -1570    -2142    -5684
20230626_CVD_2808_60s_20x20ptsdet_1_15_9     -254    -189    -62    -973    -1656    -2095    -5706
20230626_CVD_2808_60s_20x20ptsdet_1_16_0     -273    -214    -63    -962    -1674    -2067    -5668
20230626_CVD_2808_60s_20x20ptsdet_1_16_1     -243    -191    -59   -1010    -1719    -2148    -5619
20230626_CVD_2808_60s_20x20ptsdet_1_16_10    -275    -233    -95    -948    -1549    -1812    -5768
20230626_CVD_2808_60s_20x20ptsdet_1_16_11    -268    -225    -61    -981    -1667    -2199    -5666
20230626_CVD_2808_60s_20x20ptsdet_1_16_12    -262    -195    -62    -926    -1518    -2078    -5638
20230626_CVD_2808_60s_20x20ptsdet_1_16_13    -279    -223    -90    -972    -1711    -2088    -5821
20230626_CVD_2808_60s_20x20ptsdet_1_16_14    -235    -167    -68    -996    -1607    -2098    -5480
20230626_CVD_2808_60s_20x20ptsdet_1_16_15    -265    -203    -76    -942    -1613    -2082    -5614
20230626_CVD_2808_60s_20x20ptsdet_1_16_16    -268    -217    -64    -993    -1720    -2225    -5729
20230626_CVD_2808_60s_20x20ptsdet_1_16_17    -261    -193    -76    -985    -1641    -2123    -5579
20230626_CVD_2808_60s_20x20ptsdet_1_16_18    -268    -209    -82   -1015    -1755    -2187    -5646
20230626_CVD_2808_60s_20x20ptsdet_1_16_19    -269    -221    -91    -992    -1695    -2149    -5708
20230626_CVD_2808_60s_20x20ptsdet_1_16_2     -262    -203    -80   -1019    -1721    -2133    -5452
20230626_CVD_2808_60s_20x20ptsdet_1_16_3     -266    -210    -75    -996    -1634    -2017    -5682
20230626_CVD_2808_60s_20x20ptsdet_1_16_4     -281    -223    -96    -984    -1665    -2096    -5756
20230626_CVD_2808_60s_20x20ptsdet_1_16_5     -285    -220    -84   -1000    -1683    -2035    -5630
20230626_CVD_2808_60s_20x20ptsdet_1_16_6     -287    -234    -89    -966    -1669    -2121    -5560
20230626_CVD_2808_60s_20x20ptsdet_1_16_7     -256    -198    -89    -964    -1499    -1983    -5682
20230626_CVD_2808_60s_20x20ptsdet_1_16_8     -269    -214    -77    -966    -1672    -2118    -5792
20230626_CVD_2808_60s_20x20ptsdet_1_16_9     -278    -225    -68   -1017    -1723    -2083    -5663
20230626_CVD_2808_60s_20x20ptsdet_1_17_0     -261    -208    -87    -952    -1479    -1991    -5733
20230626_CVD_2808_60s_20x20ptsdet_1_17_1     -258    -209    -84    -970    -1666    -2093    -5634
20230626_CVD_2808_60s_20x20ptsdet_1_17_10    -283    -232    -76    -979    -1616    -2003    -5646
20230626_CVD_2808_60s_20x20ptsdet_1_17_11    -281    -223    -78    -999    -1633    -2133    -5649
20230626_CVD_2808_60s_20x20ptsdet_1_17_12    -271    -221    -86    -960    -1678    -2131    -5716
20230626_CVD_2808_60s_20x20ptsdet_1_17_13    -275    -219    -92    -958    -1651    -2056    -5738
20230626_CVD_2808_60s_20x20ptsdet_1_17_14    -274    -218    -77    -941    -1561    -1918    -5780
20230626_CVD_2808_60s_20x20ptsdet_1_17_15    -257    -203    -67    -984    -1735    -2120    -5639
20230626_CVD_2808_60s_20x20ptsdet_1_17_16    -282    -228    -76    -951    -1567    -1984    -5705
20230626_CVD_2808_60s_20x20ptsdet_1_17_17    -268    -211    -70    -871    -1429    -1949    -5783
20230626_CVD_2808_60s_20x20ptsdet_1_17_18    -263    -221    -64   -1000    -1778    -2257    -5703
20230626_CVD_2808_60s_20x20ptsdet_1_17_19    -275    -223    -85    -967    -1671    -2213    -5713
20230626_CVD_2808_60s_20x20ptsdet_1_17_2     -252    -186    -57    -951    -1520    -1969    -5711
20230626_CVD_2808_60s_20x20ptsdet_1_17_3     -274    -221    -78   -1025    -1719    -2166    -5717
20230626_CVD_2808_60s_20x20ptsdet_1_17_4     -262    -202    -86   -1037    -1716    -2165    -5593
20230626_CVD_2808_60s_20x20ptsdet_1_17_5     -269    -217    -59    -993    -1722    -2226    -5721
20230626_CVD_2808_60s_20x20ptsdet_1_17_6     -263    -202    -72   -1005    -1718    -2102    -5658
20230626_CVD_2808_60s_20x20ptsdet_1_17_7     -268    -227    -84    -983    -1678    -2076    -5735
20230626_CVD_2808_60s_20x20ptsdet_1_17_8     -278    -231    -76   -1012    -1762    -2225    -5802
20230626_CVD_2808_60s_20x20ptsdet_1_17_9     -272    -212    -64    -994    -1613    -2094    -5770
20230626_CVD_2808_60s_20x20ptsdet_1_18_0     -268    -211    -73   -1027    -1747    -2095    -5649
20230626_CVD_2808_60s_20x20ptsdet_1_18_1     -289    -232    -86   -1002    -1629    -2110    -5772
20230626_CVD_2808_60s_20x20ptsdet_1_18_10    -288    -238    -86    -972    -1699    -2161    -5737
20230626_CVD_2808_60s_20x20ptsdet_1_18_11    -282    -218    -86   -1006    -1656    -2118    -5676
20230626_CVD_2808_60s_20x20ptsdet_1_18_12    -266    -214    -79   -1043    -1754    -2173    -5724
20230626_CVD_2808_60s_20x20ptsdet_1_18_13    -266    -204    -79    -998    -1707    -2118    -5627
20230626_CVD_2808_60s_20x20ptsdet_1_18_14    -253    -196    -69    -951    -1630    -2110    -5677
20230626_CVD_2808_60s_20x20ptsdet_1_18_15    -266    -215    -85    -965    -1596    -2095    -5662
20230626_CVD_2808_60s_20x20ptsdet_1_18_16    -279    -230    -80   -1054    -1781    -2264    -5710
20230626_CVD_2808_60s_20x20ptsdet_1_18_17    -280    -218    -82    -967    -1750    -2124    -5762
20230626_CVD_2808_60s_20x20ptsdet_1_18_18    -269    -215   -110   -1000    -1652    -2118    -5667
20230626_CVD_2808_60s_20x20ptsdet_1_18_19    -277    -224    -75    -953    -1680    -2118    -5658
20230626_CVD_2808_60s_20x20ptsdet_1_18_2     -268    -228    -76   -1014    -1637    -2047    -5679
20230626_CVD_2808_60s_20x20ptsdet_1_18_3     -263    -210    -82    -983    -1663    -2205    -5713
20230626_CVD_2808_60s_20x20ptsdet_1_18_4     -266    -214    -97   -1004    -1669    -2171    -5824
20230626_CVD_2808_60s_20x20ptsdet_1_18_5     -257    -213    -78   -1033    -1743    -2206    -5705
20230626_CVD_2808_60s_20x20ptsdet_1_18_6     -276    -233    -73    -992    -1570    -1984    -5666
20230626_CVD_2808_60s_20x20ptsdet_1_18_7     -265    -208    -53    -992    -1706    -2183    -5698
20230626_CVD_2808_60s_20x20ptsdet_1_18_8     -281    -229    -67   -1003    -1655    -2079    -5639
20230626_CVD_2808_60s_20x20ptsdet_1_18_9     -263    -211    -84   -1014    -1733    -2169    -5622
20230626_CVD_2808_60s_20x20ptsdet_1_19_0     -266    -216    -75   -1029    -1726    -2112    -5736
20230626_CVD_2808_60s_20x20ptsdet_1_19_1     -258    -202    -98    -926    -1575    -2035    -5843
20230626_CVD_2808_60s_20x20ptsdet_1_19_10    -274    -225    -85    -941    -1564    -2091    -5713
20230626_CVD_2808_60s_20x20ptsdet_1_19_11    -244    -186    -95    -973    -1582    -2015    -5701
20230626_CVD_2808_60s_20x20ptsdet_1_19_12    -283    -229    -95    -974    -1697    -2122    -5581
20230626_CVD_2808_60s_20x20ptsdet_1_19_13    -268    -208    -77   -1069    -1765    -2148    -5633
20230626_CVD_2808_60s_20x20ptsdet_1_19_14    -257    -199    -75   -1015    -1750    -2098    -5767
20230626_CVD_2808_60s_20x20ptsdet_1_19_15    -282    -229    -73   -1041    -1686    -2059    -5729
20230626_CVD_2808_60s_20x20ptsdet_1_19_16    -281    -239    -88   -1014    -1712    -2111    -5747
20230626_CVD_2808_60s_20x20ptsdet_1_19_17    -278    -229    -64    -923    -1652    -2061    -5698
20230626_CVD_2808_60s_20x20ptsdet_1_19_18    -276    -229    -83    -929    -1518    -1978    -5748
20230626_CVD_2808_60s_20x20ptsdet_1_19_19    -266    -204    -59   -1008    -1672    -2139    -5671
20230626_CVD_2808_60s_20x20ptsdet_1_19_2     -272    -220    -63   -1058    -1753    -2255    -5672
20230626_CVD_2808_60s_20x20ptsdet_1_19_3     -272    -209    -65    -977    -1721    -2101    -5676
20230626_CVD_2808_60s_20x20ptsdet_1_19_4     -245    -182    -51   -1019    -1758    -2208    -5539
20230626_CVD_2808_60s_20x20ptsdet_1_19_5     -284    -238    -66   -1007    -1703    -2135    -5665
20230626_CVD_2808_60s_20x20ptsdet_1_19_6     -284    -233    -77    -947    -1714    -2202    -5741
20230626_CVD_2808_60s_20x20ptsdet_1_19_7     -275    -217    -74    -980    -1689    -2132    -5568
20230626_CVD_2808_60s_20x20ptsdet_1_19_8     -278    -222    -71   -1019    -1684    -2080    -5790
20230626_CVD_2808_60s_20x20ptsdet_1_19_9     -245    -198    -71    -991    -1635    -2090    -5684
20230626_CVD_2808_60s_20x20ptsdet_1_1_0      -292    -245    -75   -1016    -1671    -2144    -5754
20230626_CVD_2808_60s_20x20ptsdet_1_1_1      -271    -218   -100    -928    -1601    -2045    -5769
20230626_CVD_2808_60s_20x20ptsdet_1_1_10     -268    -214    -69    -927    -1524    -2028    -5709
20230626_CVD_2808_60s_20x20ptsdet_1_1_11     -268    -213    -83    -964    -1574    -2014    -5716
20230626_CVD_2808_60s_20x20ptsdet_1_1_12     -263    -210    -71   -1015    -1676    -2087    -5697
20230626_CVD_2808_60s_20x20ptsdet_1_1_13     -271    -218    -78   -1017    -1672    -1965    -5646
20230626_CVD_2808_60s_20x20ptsdet_1_1_14     -284    -228    -73    -971    -1633    -1921    -5670
20230626_CVD_2808_60s_20x20ptsdet_1_1_15     -274    -218    -78    -967    -1620    -2034    -5517
20230626_CVD_2808_60s_20x20ptsdet_1_1_16     -264    -206    -67    -967    -1694    -2111    -5645
20230626_CVD_2808_60s_20x20ptsdet_1_1_17     -247    -185    -60    -988    -1605    -1986    -5472
20230626_CVD_2808_60s_20x20ptsdet_1_1_18     -264    -219    -66   -1012    -1781    -2217    -5659
20230626_CVD_2808_60s_20x20ptsdet_1_1_19     -277    -224    -84    -988    -1636    -2106    -5666
20230626_CVD_2808_60s_20x20ptsdet_1_1_2      -249    -185    -89    -988    -1676    -2152    -5602
20230626_CVD_2808_60s_20x20ptsdet_1_1_3      -259    -206    -57    -943    -1597    -2050    -5621
20230626_CVD_2808_60s_20x20ptsdet_1_1_4      -286    -240    -90   -1048    -1643    -2119    -5626
20230626_CVD_2808_60s_20x20ptsdet_1_1_5      -278    -227    -69    -956    -1672    -2129    -5677
20230626_CVD_2808_60s_20x20ptsdet_1_1_6      -279    -223    -97   -1006    -1781    -2194    -5612
20230626_CVD_2808_60s_20x20ptsdet_1_1_7      -285    -235    -98   -1026    -1709    -2123    -5604
20230626_CVD_2808_60s_20x20ptsdet_1_1_8      -272    -212    -72    -994    -1677    -2168    -5585
20230626_CVD_2808_60s_20x20ptsdet_1_1_9      -294    -247    -75    -919    -1614    -2089    -5672
20230626_CVD_2808_60s_20x20ptsdet_1_2_0      -286    -242    -88    -962    -1571    -2109    -5648
20230626_CVD_2808_60s_20x20ptsdet_1_2_1      -280    -234    -85    -920    -1599    -2014    -5634
20230626_CVD_2808_60s_20x20ptsdet_1_2_10     -271    -220    -70    -994    -1667    -2067    -5608
20230626_CVD_2808_60s_20x20ptsdet_1_2_11     -259    -208    -91    -966    -1637    -2029    -5624
20230626_CVD_2808_60s_20x20ptsdet_1_2_12     -276    -240    -70    -995    -1587    -2110    -5666
20230626_CVD_2808_60s_20x20ptsdet_1_2_13     -272    -213    -68    -959    -1504    -1947    -5674
20230626_CVD_2808_60s_20x20ptsdet_1_2_14     -279    -229   -102    -946    -1609    -1929    -5618
20230626_CVD_2808_60s_20x20ptsdet_1_2_15     -252    -200    -80   -1008    -1711    -2218    -5665
20230626_CVD_2808_60s_20x20ptsdet_1_2_16     -265    -194    -96    -995    -1726    -2112    -5721
20230626_CVD_2808_60s_20x20ptsdet_1_2_17     -267    -205    -72    -969    -1702    -2092    -5500
20230626_CVD_2808_60s_20x20ptsdet_1_2_18     -263    -193    -77   -1007    -1748    -2162    -5582
20230626_CVD_2808_60s_20x20ptsdet_1_2_19     -267    -211    -74    -967    -1611    -2041    -5661
20230626_CVD_2808_60s_20x20ptsdet_1_2_2      -255    -196    -74    -954    -1677    -2171    -5554
20230626_CVD_2808_60s_20x20ptsdet_1_2_3      -257    -213    -69   -1022    -1724    -2131    -5678
20230626_CVD_2808_60s_20x20ptsdet_1_2_4      -280    -237    -85    -997    -1667    -2070    -5748
20230626_CVD_2808_60s_20x20ptsdet_1_2_5      -266    -211    -83    -974    -1690    -2170    -5659
20230626_CVD_2808_60s_20x20ptsdet_1_2_6      -290    -232    -75   -1011    -1708    -2153    -5696
20230626_CVD_2808_60s_20x20ptsdet_1_2_7      -273    -226    -65   -1000    -1662    -1968    -5616
20230626_CVD_2808_60s_20x20ptsdet_1_2_8      -285    -237    -76   -1003    -1646    -2049    -5660
20230626_CVD_2808_60s_20x20ptsdet_1_2_9      -250    -198    -61    -935    -1571    -2005    -5694
20230626_CVD_2808_60s_20x20ptsdet_1_3_0      -268    -207    -97   -1026    -1746    -2078    -5672
20230626_CVD_2808_60s_20x20ptsdet_1_3_1      -282    -233    -74    -996    -1687    -2040    -5668
20230626_CVD_2808_60s_20x20ptsdet_1_3_10     -269    -212    -73   -1003    -1742    -2212    -5619
20230626_CVD_2808_60s_20x20ptsdet_1_3_11     -255    -207    -96    -980    -1529    -2048    -5723
20230626_CVD_2808_60s_20x20ptsdet_1_3_12     -266    -207    -82    -948    -1597    -2066    -5689
20230626_CVD_2808_60s_20x20ptsdet_1_3_13     -271    -209    -79    -995    -1729    -2099    -5628
20230626_CVD_2808_60s_20x20ptsdet_1_3_14     -263    -218    -87   -1007    -1782    -2180    -5657
20230626_CVD_2808_60s_20x20ptsdet_1_3_15     -260    -207    -59   -1011    -1742    -2119    -5703
20230626_CVD_2808_60s_20x20ptsdet_1_3_16     -264    -201    -73   -1003    -1682    -2085    -5698
20230626_CVD_2808_60s_20x20ptsdet_1_3_17     -250    -193    -66   -1034    -1771    -2180    -5548
20230626_CVD_2808_60s_20x20ptsdet_1_3_18     -268    -218    -90    -989    -1689    -2157    -5625
20230626_CVD_2808_60s_20x20ptsdet_1_3_19     -285    -227    -58    -966    -1627    -2077    -5718
20230626_CVD_2808_60s_20x20ptsdet_1_3_2      -277    -228    -94   -1013    -1687    -2117    -5644
20230626_CVD_2808_60s_20x20ptsdet_1_3_3      -245    -187    -81   -1029    -1669    -2135    -5707
20230626_CVD_2808_60s_20x20ptsdet_1_3_4      -257    -205    -72   -1029    -1725    -2098    -5694
20230626_CVD_2808_60s_20x20ptsdet_1_3_5      -265    -199    -65    -925    -1502    -2036    -5723
20230626_CVD_2808_60s_20x20ptsdet_1_3_6      -284    -224    -91    -990    -1703    -2142    -5690
20230626_CVD_2808_60s_20x20ptsdet_1_3_7      -270    -225    -94    -905    -1670    -2090    -5561
20230626_CVD_2808_60s_20x20ptsdet_1_3_8      -278    -223    -78    -992    -1672    -2150    -5672
20230626_CVD_2808_60s_20x20ptsdet_1_3_9      -279    -224    -82   -1005    -1646    -2042    -5654
20230626_CVD_2808_60s_20x20ptsdet_1_4_0      -252    -190    -88   -1009    -1666    -2130    -5550
20230626_CVD_2808_60s_20x20ptsdet_1_4_1      -275    -220    -64    -948    -1525    -2010    -5598
20230626_CVD_2808_60s_20x20ptsdet_1_4_10     -272    -216    -83    -958    -1581    -2030    -5604
20230626_CVD_2808_60s_20x20ptsdet_1_4_11     -286    -235    -76    -976    -1709    -2137    -5736
20230626_CVD_2808_60s_20x20ptsdet_1_4_12     -275    -226    -77    -988    -1644    -2081    -5714
20230626_CVD_2808_60s_20x20ptsdet_1_4_13     -281    -225    -92   -1025    -1634    -2077    -5670
20230626_CVD_2808_60s_20x20ptsdet_1_4_14     -257    -197    -88    -965    -1578    -2096    -5717
20230626_CVD_2808_60s_20x20ptsdet_1_4_15     -265    -213    -83    -990    -1664    -2080    -5590
20230626_CVD_2808_60s_20x20ptsdet_1_4_16     -267    -217    -67   -1016    -1754    -2109    -5686
20230626_CVD_2808_60s_20x20ptsdet_1_4_17     -276    -212    -83    -971    -1696    -2056    -5749
20230626_CVD_2808_60s_20x20ptsdet_1_4_18     -283    -241    -95    -990    -1638    -2095    -5644
20230626_CVD_2808_60s_20x20ptsdet_1_4_19     -283    -236   -102    -983    -1657    -2063    -5709
20230626_CVD_2808_60s_20x20ptsdet_1_4_2      -257    -192    -65    -962    -1675    -2129    -5569
20230626_CVD_2808_60s_20x20ptsdet_1_4_3      -266    -220    -70    -976    -1719    -2138    -5701
20230626_CVD_2808_60s_20x20ptsdet_1_4_4      -267    -219    -88   -1069    -1779    -2201    -5726
20230626_CVD_2808_60s_20x20ptsdet_1_4_5      -282    -241    -76   -1011    -1722    -2058    -5605
20230626_CVD_2808_60s_20x20ptsdet_1_4_6      -281    -228    -77   -1002    -1559    -1962    -5587
20230626_CVD_2808_60s_20x20ptsdet_1_4_7      -270    -212    -70    -956    -1577    -2046    -5699
20230626_CVD_2808_60s_20x20ptsdet_1_4_8      -271    -210    -69    -967    -1541    -2007    -5577
20230626_CVD_2808_60s_20x20ptsdet_1_4_9      -277    -223    -48    -897    -1508    -1989    -5709
20230626_CVD_2808_60s_20x20ptsdet_1_5_0      -270    -216    -75    -961    -1728    -2129    -5771
20230626_CVD_2808_60s_20x20ptsdet_1_5_1      -264    -216    -62    -948    -1614    -2103    -5592
20230626_CVD_2808_60s_20x20ptsdet_1_5_10     -273    -224    -85    -936    -1566    -2107    -5490
20230626_CVD_2808_60s_20x20ptsdet_1_5_11     -266    -217    -96   -1011    -1691    -2196    -5616
20230626_CVD_2808_60s_20x20ptsdet_1_5_12     -259    -217    -61    -969    -1676    -2058    -5616
20230626_CVD_2808_60s_20x20ptsdet_1_5_13     -250    -189    -63    -965    -1706    -2063    -5645
20230626_CVD_2808_60s_20x20ptsdet_1_5_14     -263    -208    -68    -981    -1690    -2173    -5658
20230626_CVD_2808_60s_20x20ptsdet_1_5_15     -246    -177    -74    -957    -1705    -2062    -5552
20230626_CVD_2808_60s_20x20ptsdet_1_5_16     -265    -204    -94    -944    -1508    -1772    -5638
20230626_CVD_2808_60s_20x20ptsdet_1_5_17     -259    -204    -63    -960    -1563    -2043    -5591
20230626_CVD_2808_60s_20x20ptsdet_1_5_18     -277    -232    -83    -925    -1585    -2051    -5712
20230626_CVD_2808_60s_20x20ptsdet_1_5_19     -273    -224    -87   -1010    -1693    -2048    -5584
20230626_CVD_2808_60s_20x20ptsdet_1_5_2      -268    -214    -66   -1010    -1680    -2186    -5623
20230626_CVD_2808_60s_20x20ptsdet_1_5_3      -261    -205    -86    -979    -1703    -2181    -5706
20230626_CVD_2808_60s_20x20ptsdet_1_5_4      -265    -214    -68    -974    -1532    -2081    -5629
20230626_CVD_2808_60s_20x20ptsdet_1_5_5      -271    -219    -75    -976    -1662    -2180    -5510
20230626_CVD_2808_60s_20x20ptsdet_1_5_6      -284    -238    -91    -888    -1543    -2064    -5525
20230626_CVD_2808_60s_20x20ptsdet_1_5_7      -270    -218    -76    -976    -1674    -2118    -5599
20230626_CVD_2808_60s_20x20ptsdet_1_5_8      -266    -210    -47    -982    -1623    -2139    -5582
20230626_CVD_2808_60s_20x20ptsdet_1_5_9      -280    -230    -77    -897    -1567    -2046    -5732
20230626_CVD_2808_60s_20x20ptsdet_1_6_0      -279    -235    -65   -1023    -1754    -2157    -5456
20230626_CVD_2808_60s_20x20ptsdet_1_6_1      -259    -208    -66    -953    -1588    -2045    -5632
20230626_CVD_2808_60s_20x20ptsdet_1_6_10     -295    -244    -66   -1047    -1773    -2234    -5748
20230626_CVD_2808_60s_20x20ptsdet_1_6_11     -283    -234    -88   -1046    -1788    -2193    -5699
20230626_CVD_2808_60s_20x20ptsdet_1_6_12     -273    -211    -71   -1007    -1665    -2061    -5737
20230626_CVD_2808_60s_20x20ptsdet_1_6_13     -286    -237    -80   -1021    -1748    -2116    -5476
20230626_CVD_2808_60s_20x20ptsdet_1_6_14     -257    -185    -70   -1020    -1729    -2095    -5528
20230626_CVD_2808_60s_20x20ptsdet_1_6_15     -250    -200    -63    -984    -1574    -2161    -5523
20230626_CVD_2808_60s_20x20ptsdet_1_6_16     -255    -202    -82    -932    -1702    -2115    -5620
20230626_CVD_2808_60s_20x20ptsdet_1_6_17     -262    -212    -79    -993    -1521    -2034    -5620
20230626_CVD_2808_60s_20x20ptsdet_1_6_18     -265    -217    -76    -949    -1659    -2001    -5650
20230626_CVD_2808_60s_20x20ptsdet_1_6_19     -278    -232    -89    -996    -1611    -2062    -5697
20230626_CVD_2808_60s_20x20ptsdet_1_6_2      -304    -257    -79    -998    -1605    -2096    -5672
20230626_CVD_2808_60s_20x20ptsdet_1_6_3      -256    -197    -95    -993    -1719    -2189    -5736
20230626_CVD_2808_60s_20x20ptsdet_1_6_4      -255    -190    -59   -1007    -1755    -2193    -5674
20230626_CVD_2808_60s_20x20ptsdet_1_6_5      -270    -206    -77    -993    -1649    -2158    -5509
20230626_CVD_2808_60s_20x20ptsdet_1_6_6      -268    -215    -81    -999    -1740    -2152    -5726
20230626_CVD_2808_60s_20x20ptsdet_1_6_7      -259    -205    -77    -959    -1645    -2144    -5693
20230626_CVD_2808_60s_20x20ptsdet_1_6_8      -263    -221    -86   -1051    -1757    -2215    -5734
20230626_CVD_2808_60s_20x20ptsdet_1_6_9      -260    -200    -81    -994    -1655    -2123    -5740
20230626_CVD_2808_60s_20x20ptsdet_1_7_0      -279    -232    -84    -990    -1723    -2081    -5589
20230626_CVD_2808_60s_20x20ptsdet_1_7_1      -266    -208    -83    -974    -1697    -2119    -5649
20230626_CVD_2808_60s_20x20ptsdet_1_7_10     -279    -235    -94    -996    -1673    -2084    -5704
20230626_CVD_2808_60s_20x20ptsdet_1_7_11     -288    -234    -74    -958    -1670    -2114    -5680
20230626_CVD_2808_60s_20x20ptsdet_1_7_12     -271    -224    -88   -1007    -1715    -2119    -5654
20230626_CVD_2808_60s_20x20ptsdet_1_7_13     -276    -214    -76    -959    -1717    -2161    -5491
20230626_CVD_2808_60s_20x20ptsdet_1_7_14     -263    -212    -63    -969    -1601    -2147    -5551
20230626_CVD_2808_60s_20x20ptsdet_1_7_15     -245    -182    -52    -973    -1561    -2034    -5610
20230626_CVD_2808_60s_20x20ptsdet_1_7_16     -259    -209    -64   -1018    -1746    -2134    -5652
20230626_CVD_2808_60s_20x20ptsdet_1_7_17     -288    -245    -77   -1006    -1654    -2117    -5700
20230626_CVD_2808_60s_20x20ptsdet_1_7_18     -280    -235    -93    -952    -1576    -2000    -5677
20230626_CVD_2808_60s_20x20ptsdet_1_7_19     -243    -183    -71   -1018    -1646    -2040    -5594
20230626_CVD_2808_60s_20x20ptsdet_1_7_2      -246    -197    -69    -989    -1719    -2193    -5691
20230626_CVD_2808_60s_20x20ptsdet_1_7_3      -288    -233    -85   -1007    -1741    -2124    -5609
20230626_CVD_2808_60s_20x20ptsdet_1_7_4      -272    -223    -81    -945    -1586    -1948    -5708
20230626_CVD_2808_60s_20x20ptsdet_1_7_5      -268    -209    -83   -1031    -1750    -2133    -5705
20230626_CVD_2808_60s_20x20ptsdet_1_7_6      -268    -217    -93    -932    -1715    -2055    -5525
20230626_CVD_2808_60s_20x20ptsdet_1_7_7      -298    -256    -84    -950    -1578    -2062    -5673
20230626_CVD_2808_60s_20x20ptsdet_1_7_8      -268    -219    -62    -955    -1551    -1985    -5732
20230626_CVD_2808_60s_20x20ptsdet_1_7_9      -264    -207    -85    -957    -1669    -2064    -5747
20230626_CVD_2808_60s_20x20ptsdet_1_8_0      -260    -206    -66    -967    -1644    -2032    -5543
20230626_CVD_2808_60s_20x20ptsdet_1_8_1      -256    -188    -75   -1018    -1742    -2099    -5626
20230626_CVD_2808_60s_20x20ptsdet_1_8_10     -270    -219    -72   -1024    -1653    -2036    -5660
20230626_CVD_2808_60s_20x20ptsdet_1_8_11     -269    -206    -78   -1020    -1730    -2093    -5665
20230626_CVD_2808_60s_20x20ptsdet_1_8_12     -270    -221    -81   -1043    -1634    -2104    -5659
20230626_CVD_2808_60s_20x20ptsdet_1_8_13     -251    -192    -74   -1014    -1747    -2218    -5683
20230626_CVD_2808_60s_20x20ptsdet_1_8_14     -251    -191    -72    -980    -1641    -2058    -5687
20230626_CVD_2808_60s_20x20ptsdet_1_8_15     -266    -219    -76    -983    -1696    -2158    -5643
20230626_CVD_2808_60s_20x20ptsdet_1_8_16     -266    -216    -81    -971    -1638    -2079    -5717
20230626_CVD_2808_60s_20x20ptsdet_1_8_17     -274    -238    -87    -943    -1687    -2118    -5625
20230626_CVD_2808_60s_20x20ptsdet_1_8_18     -270    -215    -80   -1000    -1736    -2221    -5750
20230626_CVD_2808_60s_20x20ptsdet_1_8_19     -267    -204    -72   -1025    -1743    -2103    -5568
20230626_CVD_2808_60s_20x20ptsdet_1_8_2      -260    -203    -72   -1005    -1599    -1956    -5636
20230626_CVD_2808_60s_20x20ptsdet_1_8_3      -283    -226    -83   -1013    -1743    -2133    -5714
20230626_CVD_2808_60s_20x20ptsdet_1_8_4      -285    -236    -70    -995    -1625    -2055    -5656
20230626_CVD_2808_60s_20x20ptsdet_1_8_5      -284    -240    -98   -1008    -1655    -2108    -5681
20230626_CVD_2808_60s_20x20ptsdet_1_8_6      -269    -215    -62    -934    -1667    -2119    -5718
20230626_CVD_2808_60s_20x20ptsdet_1_8_7      -271    -225    -76    -935    -1602    -2085    -5724
20230626_CVD_2808_60s_20x20ptsdet_1_8_8      -258    -193    -73    -856    -1533    -2116    -5606
20230626_CVD_2808_60s_20x20ptsdet_1_8_9      -278    -232    -77   -1028    -1698    -2111    -5714
20230626_CVD_2808_60s_20x20ptsdet_1_9_0      -265    -216    -90   -1011    -1716    -2117    -5682
20230626_CVD_2808_60s_20x20ptsdet_1_9_1      -240    -180    -74    -968    -1664    -2180    -5614
20230626_CVD_2808_60s_20x20ptsdet_1_9_10     -277    -232    -97    -970    -1613    -2144    -5771
20230626_CVD_2808_60s_20x20ptsdet_1_9_11     -251    -193    -72    -930    -1584    -2139    -5640
20230626_CVD_2808_60s_20x20ptsdet_1_9_12     -269    -215    -68    -971    -1665    -2017    -5717
20230626_CVD_2808_60s_20x20ptsdet_1_9_13     -267    -206    -71   -1003    -1708    -2187    -5592
20230626_CVD_2808_60s_20x20ptsdet_1_9_14     -252    -188    -71    -980    -1637    -2065    -5636
20230626_CVD_2808_60s_20x20ptsdet_1_9_15     -263    -213    -64    -993    -1728    -2180    -5660
20230626_CVD_2808_60s_20x20ptsdet_1_9_16     -281    -222    -54    -913    -1660    -2119    -5689
20230626_CVD_2808_60s_20x20ptsdet_1_9_17     -259    -200    -82    -937    -1543    -2007    -5730
20230626_CVD_2808_60s_20x20ptsdet_1_9_18     -271    -214    -74    -996    -1719    -2128    -5581
20230626_CVD_2808_60s_20x20ptsdet_1_9_19     -258    -194    -83    -988    -1666    -2034    -5701
20230626_CVD_2808_60s_20x20ptsdet_1_9_2      -272    -211    -68    -934    -1605    -2011    -5537
20230626_CVD_2808_60s_20x20ptsdet_1_9_3      -262    -196    -60   -1008    -1736    -2103    -5555
20230626_CVD_2808_60s_20x20ptsdet_1_9_4      -268    -216    -72   -1039    -1759    -2100    -5674
20230626_CVD_2808_60s_20x20ptsdet_1_9_5      -278    -224    -64    -966    -1625    -2086    -5554
20230626_CVD_2808_60s_20x20ptsdet_1_9_6      -259    -208    -89    -964    -1619    -1891    -5588
20230626_CVD_2808_60s_20x20ptsdet_1_9_7      -283    -222    -79    -962    -1623    -2088    -5414
20230626_CVD_2808_60s_20x20ptsdet_1_9_8      -268    -223    -70    -976    -1692    -2139    -5593
20230626_CVD_2808_60s_20x20ptsdet_1_9_9      -260    -189    -67    -897    -1620    -2004    -5764
20230626_CVD_2808_60s_20x20ptsdet_2_0_0      -286    -219    -86   -1026    -1712    -2091    -6088
20230626_CVD_2808_60s_20x20ptsdet_2_0_1      -286    -232    -89   -1029    -1702    -2195    -6109
20230626_CVD_2808_60s_20x20ptsdet_2_0_10     -276    -219    -68    -908    -1433    -1986    -5912
20230626_CVD_2808_60s_20x20ptsdet_2_0_11     -275    -211    -39    -999    -1646    -2191    -6068
20230626_CVD_2808_60s_20x20ptsdet_2_0_12     -279    -217    -81    -914    -1510    -2083    -6017
20230626_CVD_2808_60s_20x20ptsdet_2_0_13     -278    -224    -89    -994    -1628    -2034    -5872
20230626_CVD_2808_60s_20x20ptsdet_2_0_14     -290    -238    -93   -1026    -1665    -2062    -6134
20230626_CVD_2808_60s_20x20ptsdet_2_0_15     -285    -238    -96   -1006    -1669    -2129    -5980
20230626_CVD_2808_60s_20x20ptsdet_2_0_16     -315    -253    -79    -951    -1526    -2098    -6083
20230626_CVD_2808_60s_20x20ptsdet_2_0_17     -288    -224    -77   -1060    -1695    -2077    -6029
20230626_CVD_2808_60s_20x20ptsdet_2_0_18     -300    -240    -94    -996    -1611    -2134    -6016
20230626_CVD_2808_60s_20x20ptsdet_2_0_19     -302    -247    -73    -982    -1619    -2083    -5901
20230626_CVD_2808_60s_20x20ptsdet_2_0_2      -266    -212    -85    -990    -1541    -2049    -5962
20230626_CVD_2808_60s_20x20ptsdet_2_0_3      -279    -222    -94   -1008    -1686    -2166    -5908
20230626_CVD_2808_60s_20x20ptsdet_2_0_4      -276    -221    -83   -1001    -1593    -2025    -6019
20230626_CVD_2808_60s_20x20ptsdet_2_0_5      -303    -256    -89    -998    -1605    -2147    -5977
20230626_CVD_2808_60s_20x20ptsdet_2_0_6      -299    -242    -81    -978    -1658    -2111    -5890
20230626_CVD_2808_60s_20x20ptsdet_2_0_7      -263    -187    -88    -995    -1587    -1983    -5995
20230626_CVD_2808_60s_20x20ptsdet_2_0_8      -275    -214    -55   -1035    -1596    -2096    -6074
20230626_CVD_2808_60s_20x20ptsdet_2_0_9      -279    -214    -67    -957    -1555    -2063    -5983
20230626_CVD_2808_60s_20x20ptsdet_2_10_0     -295    -240    -78   -1027    -1606    -2064    -5992
20230626_CVD_2808_60s_20x20ptsdet_2_10_1     -297    -251    -77    -941    -1527    -2113    -6046
20230626_CVD_2808_60s_20x20ptsdet_2_10_10    -291    -239    -57   -1011    -1652    -2105    -6058
20230626_CVD_2808_60s_20x20ptsdet_2_10_11    -299    -245    -87   -1009    -1719    -2152    -6061
20230626_CVD_2808_60s_20x20ptsdet_2_10_12    -284    -231    -76   -1019    -1697    -2067    -6092
20230626_CVD_2808_60s_20x20ptsdet_2_10_13    -323    -271    -77   -1008    -1583    -2079    -5930
20230626_CVD_2808_60s_20x20ptsdet_2_10_14    -294    -242    -87   -1083    -1656    -1969    -5979
20230626_CVD_2808_60s_20x20ptsdet_2_10_15    -303    -243    -78   -1053    -1726    -2119    -6021
20230626_CVD_2808_60s_20x20ptsdet_2_10_16    -295    -244    -76   -1006    -1620    -2043    -6064
20230626_CVD_2808_60s_20x20ptsdet_2_10_17    -296    -242    -84   -1054    -1746    -2114    -5982
20230626_CVD_2808_60s_20x20ptsdet_2_10_18    -305    -248    -90   -1025    -1674    -2072    -5995
20230626_CVD_2808_60s_20x20ptsdet_2_10_19    -263    -204    -87    -996    -1599    -2145    -6023
20230626_CVD_2808_60s_20x20ptsdet_2_10_2     -296    -245    -63    -985    -1555    -2013    -6040
20230626_CVD_2808_60s_20x20ptsdet_2_10_3     -280    -219    -66   -1060    -1686    -1967    -6013
20230626_CVD_2808_60s_20x20ptsdet_2_10_4     -299    -238    -64    -956    -1450    -2108    -5993
20230626_CVD_2808_60s_20x20ptsdet_2_10_5     -307    -258    -81    -960    -1498    -1887    -5948
20230626_CVD_2808_60s_20x20ptsdet_2_10_6     -285    -233    -89   -1036    -1717    -2103    -6047
20230626_CVD_2808_60s_20x20ptsdet_2_10_7     -277    -220    -86   -1037    -1609    -2086    -6010
20230626_CVD_2808_60s_20x20ptsdet_2_10_8     -300    -253    -83   -1020    -1645    -2057    -6108
20230626_CVD_2808_60s_20x20ptsdet_2_10_9     -275    -219    -67    -957    -1629    -2099    -6085
20230626_CVD_2808_60s_20x20ptsdet_2_11_0     -256    -197    -63   -1033    -1666    -2086    -5973
20230626_CVD_2808_60s_20x20ptsdet_2_11_1     -280    -221    -72   -1041    -1653    -2095    -5737
20230626_CVD_2808_60s_20x20ptsdet_2_11_10    -259    -190    -68    -974    -1602    -2122    -6036
20230626_CVD_2808_60s_20x20ptsdet_2_11_11    -269    -209    -86    -974    -1554    -2050    -5945
20230626_CVD_2808_60s_20x20ptsdet_2_11_12    -282    -218    -69   -1050    -1713    -2074    -5965
20230626_CVD_2808_60s_20x20ptsdet_2_11_13    -293    -232    -79    -999    -1618    -2028    -5994
20230626_CVD_2808_60s_20x20ptsdet_2_11_14    -287    -233    -89   -1006    -1670    -2143    -5861
20230626_CVD_2808_60s_20x20ptsdet_2_11_15    -284    -216    -57    -981    -1560    -1988    -5979
20230626_CVD_2808_60s_20x20ptsdet_2_11_16    -307    -257    -62    -964    -1674    -2163    -5972
20230626_CVD_2808_60s_20x20ptsdet_2_11_17    -298    -252    -77   -1012    -1624    -2114    -6002
20230626_CVD_2808_60s_20x20ptsdet_2_11_18    -294    -240    -87   -1000    -1626    -2031    -5983
20230626_CVD_2808_60s_20x20ptsdet_2_11_19    -291    -243    -72    -995    -1621    -2048    -5960
20230626_CVD_2808_60s_20x20ptsdet_2_11_2     -282    -213    -81    -996    -1675    -2148    -5768
20230626_CVD_2808_60s_20x20ptsdet_2_11_3     -273    -214    -86    -996    -1692    -2181    -5915
20230626_CVD_2808_60s_20x20ptsdet_2_11_4     -265    -196    -73    -984    -1655    -2122    -5981
20230626_CVD_2808_60s_20x20ptsdet_2_11_5     -288    -238    -79    -964    -1512    -2016    -5960
20230626_CVD_2808_60s_20x20ptsdet_2_11_6     -292    -240    -80   -1028    -1702    -2140    -5889
20230626_CVD_2808_60s_20x20ptsdet_2_11_7     -300    -235    -71    -999    -1599    -2040    -5893
20230626_CVD_2808_60s_20x20ptsdet_2_11_8     -295    -242    -72   -1005    -1558    -2065    -5909
20230626_CVD_2808_60s_20x20ptsdet_2_11_9     -277    -208    -62    -967    -1590    -2075    -6026
20230626_CVD_2808_60s_20x20ptsdet_2_12_0     -308    -249    -53    -998    -1635    -2146    -5973
20230626_CVD_2808_60s_20x20ptsdet_2_12_1     -296    -243    -67    -959    -1552    -2020    -5937
20230626_CVD_2808_60s_20x20ptsdet_2_12_10    -298    -239    -71    -983    -1519    -2083    -5844
20230626_CVD_2808_60s_20x20ptsdet_2_12_11    -295    -234    -58   -1039    -1699    -2100    -5905
20230626_CVD_2808_60s_20x20ptsdet_2_12_12    -269    -205    -84    -991    -1603    -2022    -5935
20230626_CVD_2808_60s_20x20ptsdet_2_12_13    -286    -234    -80    -978    -1593    -2065    -5986
20230626_CVD_2808_60s_20x20ptsdet_2_12_14    -290    -232    -92    -999    -1662    -2034    -5955
20230626_CVD_2808_60s_20x20ptsdet_2_12_15    -301    -253    -84   -1027    -1693    -2213    -5836
20230626_CVD_2808_60s_20x20ptsdet_2_12_16    -294    -246    -77   -1014    -1580    -2031    -5997
20230626_CVD_2808_60s_20x20ptsdet_2_12_17    -265    -203    -57   -1019    -1641    -2106    -5943
20230626_CVD_2808_60s_20x20ptsdet_2_12_18    -289    -234    -64   -1004    -1628    -2140    -5899
20230626_CVD_2808_60s_20x20ptsdet_2_12_19    -297    -247    -75   -1003    -1630    -2079    -5924
20230626_CVD_2808_60s_20x20ptsdet_2_12_2     -280    -217    -50   -1007    -1533    -1989    -5978
20230626_CVD_2808_60s_20x20ptsdet_2_12_3     -282    -224    -71   -1024    -1609    -2146    -5792
20230626_CVD_2808_60s_20x20ptsdet_2_12_4     -291    -230    -82    -994    -1568    -2024    -6040
20230626_CVD_2808_60s_20x20ptsdet_2_12_5     -294    -239    -85   -1044    -1666    -2063    -5937
20230626_CVD_2808_60s_20x20ptsdet_2_12_6     -286    -231    -92    -989    -1603    -2075    -5833
20230626_CVD_2808_60s_20x20ptsdet_2_12_7     -268    -197    -81    -991    -1562    -2042    -5955
20230626_CVD_2808_60s_20x20ptsdet_2_12_8     -264    -214    -75   -1011    -1666    -2115    -5950
20230626_CVD_2808_60s_20x20ptsdet_2_12_9     -262    -207    -80   -1003    -1666    -2137    -5924
20230626_CVD_2808_60s_20x20ptsdet_2_13_0     -292    -222    -80    -972    -1579    -2025    -5974
20230626_CVD_2808_60s_20x20ptsdet_2_13_1     -290    -239    -82    -978    -1573    -2043    -6016
20230626_CVD_2808_60s_20x20ptsdet_2_13_10    -283    -227    -91    -978    -1607    -2097    -5859
20230626_CVD_2808_60s_20x20ptsdet_2_13_11    -284    -219    -78   -1023    -1707    -2136    -5937
20230626_CVD_2808_60s_20x20ptsdet_2_13_12    -306    -253    -83    -944    -1511    -1987    -5905
20230626_CVD_2808_60s_20x20ptsdet_2_13_13    -279    -222    -97   -1003    -1630    -2125    -5950
20230626_CVD_2808_60s_20x20ptsdet_2_13_14    -299    -246    -53    -984    -1518    -1984    -5926
20230626_CVD_2808_60s_20x20ptsdet_2_13_15    -298    -244    -52    -981    -1618    -1992    -5915
20230626_CVD_2808_60s_20x20ptsdet_2_13_16    -305    -248    -70   -1027    -1687    -2164    -5729
20230626_CVD_2808_60s_20x20ptsdet_2_13_17    -279    -222    -76   -1054    -1696    -2093    -5872
20230626_CVD_2808_60s_20x20ptsdet_2_13_18    -300    -236    -57   -1048    -1707    -2065    -6025
20230626_CVD_2808_60s_20x20ptsdet_2_13_19    -295    -231    -64   -1020    -1686    -2096    -6047
20230626_CVD_2808_60s_20x20ptsdet_2_13_2     -298    -253    -83   -1019    -1627    -2038    -5964
20230626_CVD_2808_60s_20x20ptsdet_2_13_3     -286    -233    -60    -963    -1565    -2046    -5945
20230626_CVD_2808_60s_20x20ptsdet_2_13_4     -274    -206    -67   -1030    -1699    -2050    -5956
20230626_CVD_2808_60s_20x20ptsdet_2_13_5     -287    -230    -63   -1013    -1658    -2077    -5808
20230626_CVD_2808_60s_20x20ptsdet_2_13_6     -284    -217    -85    -968    -1694    -2176    -6024
20230626_CVD_2808_60s_20x20ptsdet_2_13_7     -268    -211    -51    -995    -1641    -2024    -5820
20230626_CVD_2808_60s_20x20ptsdet_2_13_8     -302    -247    -79   -1035    -1707    -2078    -5868
20230626_CVD_2808_60s_20x20ptsdet_2_13_9     -278    -233    -94   -1028    -1681    -2221    -5861
20230626_CVD_2808_60s_20x20ptsdet_2_14_0     -307    -253    -65    -985    -1555    -2063    -6011
20230626_CVD_2808_60s_20x20ptsdet_2_14_1     -303    -245    -86   -1003    -1610    -1985    -6010
20230626_CVD_2808_60s_20x20ptsdet_2_14_10    -260    -219    -87    -935    -1501    -1974    -5914
20230626_CVD_2808_60s_20x20ptsdet_2_14_11    -282    -218    -63   -1004    -1646    -2016    -5933
20230626_CVD_2808_60s_20x20ptsdet_2_14_12    -304    -258    -97    -979    -1567    -2045    -5953
20230626_CVD_2808_60s_20x20ptsdet_2_14_13    -295    -243    -67    -967    -1590    -2006    -5906
20230626_CVD_2808_60s_20x20ptsdet_2_14_14    -291    -249    -54   -1018    -1665    -2051    -5871
20230626_CVD_2808_60s_20x20ptsdet_2_14_15    -265    -205    -74    -954    -1530    -2075    -5797
20230626_CVD_2808_60s_20x20ptsdet_2_14_16    -295    -251    -91    -966    -1517    -1992    -5959
20230626_CVD_2808_60s_20x20ptsdet_2_14_17    -265    -221    -95   -1019    -1573    -2057    -5975
20230626_CVD_2808_60s_20x20ptsdet_2_14_18    -290    -233    -86   -1032    -1662    -2097    -5950
20230626_CVD_2808_60s_20x20ptsdet_2_14_19    -296    -233    -48   -1061    -1684    -2161    -5779
20230626_CVD_2808_60s_20x20ptsdet_2_14_2     -282    -219    -74    -996    -1584    -1990    -5981
20230626_CVD_2808_60s_20x20ptsdet_2_14_3     -305    -254    -70    -951    -1525    -2002    -5970
20230626_CVD_2808_60s_20x20ptsdet_2_14_4     -270    -215    -75    -945    -1504    -2072    -6014
20230626_CVD_2808_60s_20x20ptsdet_2_14_5     -289    -232    -88    -956    -1580    -2046    -5996
20230626_CVD_2808_60s_20x20ptsdet_2_14_6     -292    -241    -73    -968    -1570    -2022    -6007
20230626_CVD_2808_60s_20x20ptsdet_2_14_7     -263    -195    -66    -982    -1595    -2020    -5746
20230626_CVD_2808_60s_20x20ptsdet_2_14_8     -286    -219    -67    -989    -1621    -2000    -5956
20230626_CVD_2808_60s_20x20ptsdet_2_14_9     -287    -227    -95    -933    -1521    -2057    -5872
20230626_CVD_2808_60s_20x20ptsdet_2_15_0     -278    -224    -81   -1018    -1721    -2130    -5909
20230626_CVD_2808_60s_20x20ptsdet_2_15_1     -309    -262   -105    -946    -1595    -2104    -5731
20230626_CVD_2808_60s_20x20ptsdet_2_15_10    -285    -228    -48   -1030    -1626    -2057    -5871
20230626_CVD_2808_60s_20x20ptsdet_2_15_11    -275    -219    -84    -968    -1526    -2106    -5949
20230626_CVD_2808_60s_20x20ptsdet_2_15_12    -291    -232    -72   -1028    -1676    -2187    -5754
20230626_CVD_2808_60s_20x20ptsdet_2_15_13    -275    -215    -88    -978    -1585    -2021    -5995
20230626_CVD_2808_60s_20x20ptsdet_2_15_14    -289    -224    -84   -1005    -1554    -2152    -6009
20230626_CVD_2808_60s_20x20ptsdet_2_15_15    -281    -218    -88    -978    -1580    -2012    -5976
20230626_CVD_2808_60s_20x20ptsdet_2_15_16    -277    -222    -64    -983    -1542    -2069    -5968
20230626_CVD_2808_60s_20x20ptsdet_2_15_17    -272    -213    -92    -985    -1665    -2166    -5960
20230626_CVD_2808_60s_20x20ptsdet_2_15_18    -301    -244    -77   -1027    -1669    -2044    -5901
20230626_CVD_2808_60s_20x20ptsdet_2_15_19    -291    -226    -62    -978    -1585    -2146    -5897
20230626_CVD_2808_60s_20x20ptsdet_2_15_2     -298    -244    -82   -1031    -1689    -2076    -5890
20230626_CVD_2808_60s_20x20ptsdet_2_15_3     -281    -222    -48   -1014    -1629    -2072    -5989
20230626_CVD_2808_60s_20x20ptsdet_2_15_4     -295    -250    -83   -1002    -1633    -2077    -5907
20230626_CVD_2808_60s_20x20ptsdet_2_15_5     -292    -237    -88    -944    -1424    -1999    -5883
20230626_CVD_2808_60s_20x20ptsdet_2_15_6     -289    -219    -72   -1018    -1636    -2034    -6046
20230626_CVD_2808_60s_20x20ptsdet_2_15_7     -286    -230    -57    -996    -1617    -1949    -5854
20230626_CVD_2808_60s_20x20ptsdet_2_15_8     -305    -253    -79   -1013    -1652    -2090    -5924
20230626_CVD_2808_60s_20x20ptsdet_2_15_9     -296    -235    -76    -989    -1624    -2104    -6023
20230626_CVD_2808_60s_20x20ptsdet_2_16_0     -292    -240    -50    -988    -1608    -2065    -5967
20230626_CVD_2808_60s_20x20ptsdet_2_16_1     -324    -272    -87    -955    -1529    -2063    -5863
20230626_CVD_2808_60s_20x20ptsdet_2_16_10    -301    -248    -95    -959    -1561    -2094    -5871
20230626_CVD_2808_60s_20x20ptsdet_2_16_11    -284    -219    -75    -951    -1466    -2014    -5540
20230626_CVD_2808_60s_20x20ptsdet_2_16_12    -292    -240    -85    -985    -1631    -2058    -5923
20230626_CVD_2808_60s_20x20ptsdet_2_16_13    -281    -222    -64    -998    -1643    -2160    -5880
20230626_CVD_2808_60s_20x20ptsdet_2_16_14    -288    -236    -83   -1023    -1633    -2036    -5863
20230626_CVD_2808_60s_20x20ptsdet_2_16_15    -293    -228    -71    -978    -1539    -2032    -5766
20230626_CVD_2808_60s_20x20ptsdet_2_16_16    -267    -207    -59    -990    -1672    -2101    -5907
20230626_CVD_2808_60s_20x20ptsdet_2_16_17    -281    -236    -93    -978    -1618    -2141    -5963
20230626_CVD_2808_60s_20x20ptsdet_2_16_18    -315    -266    -99   -1007    -1570    -1982    -5909
20230626_CVD_2808_60s_20x20ptsdet_2_16_19    -279    -223    -99   -1000    -1548    -2141    -5945
20230626_CVD_2808_60s_20x20ptsdet_2_16_2     -300    -239    -60   -1009    -1571    -2067    -5920
20230626_CVD_2808_60s_20x20ptsdet_2_16_3     -293    -244    -65   -1052    -1680    -2153    -5921
20230626_CVD_2808_60s_20x20ptsdet_2_16_4     -283    -224    -61   -1020    -1587    -2041    -6012
20230626_CVD_2808_60s_20x20ptsdet_2_16_5     -266    -205    -68   -1015    -1647    -2052    -5895
20230626_CVD_2808_60s_20x20ptsdet_2_16_6     -297    -249    -89   -1054    -1697    -2107    -5922
20230626_CVD_2808_60s_20x20ptsdet_2_16_7     -303    -252    -93   -1015    -1685    -2151    -5906
20230626_CVD_2808_60s_20x20ptsdet_2_16_8     -275    -223    -88   -1041    -1652    -2141    -6031
20230626_CVD_2808_60s_20x20ptsdet_2_16_9     -286    -229    -99   -1022    -1667    -2105    -6030
20230626_CVD_2808_60s_20x20ptsdet_2_17_0     -280    -221    -69   -1012    -1571    -2031    -5915
20230626_CVD_2808_60s_20x20ptsdet_2_17_1     -251    -195    -72   -1006    -1716    -2114    -5897
20230626_CVD_2808_60s_20x20ptsdet_2_17_10    -298    -242    -57   -1037    -1655    -1988    -6013
20230626_CVD_2808_60s_20x20ptsdet_2_17_11    -282    -231    -76    -982    -1469    -1942    -5927
20230626_CVD_2808_60s_20x20ptsdet_2_17_12    -296    -245    -80   -1007    -1545    -2028    -5912
20230626_CVD_2808_60s_20x20ptsdet_2_17_13    -293    -238    -70   -1064    -1680    -2159    -5923
20230626_CVD_2808_60s_20x20ptsdet_2_17_14    -284    -229    -83   -1048    -1748    -2166    -5915
20230626_CVD_2808_60s_20x20ptsdet_2_17_15    -277    -214    -90    -973    -1553    -2016    -5983
20230626_CVD_2808_60s_20x20ptsdet_2_17_16    -299    -236    -72   -1034    -1712    -2151    -5862
20230626_CVD_2808_60s_20x20ptsdet_2_17_17    -302    -247    -79    -971    -1584    -2053    -5934
20230626_CVD_2808_60s_20x20ptsdet_2_17_18    -290    -225    -64    -965    -1534    -2027    -5970
20230626_CVD_2808_60s_20x20ptsdet_2_17_19    -297    -226    -79    -994    -1549    -1998    -5937
20230626_CVD_2808_60s_20x20ptsdet_2_17_2     -288    -231    -78    -975    -1600    -1984    -5924
20230626_CVD_2808_60s_20x20ptsdet_2_17_3     -285    -219    -67    -974    -1541    -2079    -5996
20230626_CVD_2808_60s_20x20ptsdet_2_17_4     -295    -236    -75    -995    -1548    -2012    -5892
20230626_CVD_2808_60s_20x20ptsdet_2_17_5     -267    -225   -109   -1028    -1742    -2156    -5910
20230626_CVD_2808_60s_20x20ptsdet_2_17_6     -285    -223    -90   -1010    -1621    -2021    -6044
20230626_CVD_2808_60s_20x20ptsdet_2_17_7     -298    -246    -86   -1039    -1694    -2139    -5998
20230626_CVD_2808_60s_20x20ptsdet_2_17_8     -297    -243    -81   -1020    -1622    -2089    -6072
20230626_CVD_2808_60s_20x20ptsdet_2_17_9     -278    -225    -93    -991    -1579    -2138    -5843
20230626_CVD_2808_60s_20x20ptsdet_2_18_0     -297    -249    -86   -1017    -1628    -2108    -6013
20230626_CVD_2808_60s_20x20ptsdet_2_18_1     -279    -215    -73    -989    -1615    -2036    -5982
20230626_CVD_2808_60s_20x20ptsdet_2_18_10    -288    -222    -75    -989    -1673    -2089    -5972
20230626_CVD_2808_60s_20x20ptsdet_2_18_11    -290    -229    -76    -951    -1558    -2044    -5980
20230626_CVD_2808_60s_20x20ptsdet_2_18_12    -281    -223    -80   -1029    -1691    -2126    -5947
20230626_CVD_2808_60s_20x20ptsdet_2_18_13    -283    -217    -79    -983    -1600    -2132    -5853
20230626_CVD_2808_60s_20x20ptsdet_2_18_14    -280    -224    -87   -1018    -1648    -2074    -5897
20230626_CVD_2808_60s_20x20ptsdet_2_18_15    -287    -235    -96   -1046    -1753    -2162    -5997
20230626_CVD_2808_60s_20x20ptsdet_2_18_16    -281    -223    -48   -1010    -1611    -2156    -5919
20230626_CVD_2808_60s_20x20ptsdet_2_18_17    -293    -238    -75   -1038    -1680    -2154    -5895
20230626_CVD_2808_60s_20x20ptsdet_2_18_18    -274    -224    -98   -1038    -1696    -2024    -5845
20230626_CVD_2808_60s_20x20ptsdet_2_18_19    -302    -249    -92   -1043    -1682    -2126    -5705
20230626_CVD_2808_60s_20x20ptsdet_2_18_2     -297    -245    -81   -1003    -1635    -2138    -5853
20230626_CVD_2808_60s_20x20ptsdet_2_18_3     -291    -218    -42    -961    -1480    -2037    -5913
20230626_CVD_2808_60s_20x20ptsdet_2_18_4     -298    -235    -92    -982    -1563    -2084    -5902
20230626_CVD_2808_60s_20x20ptsdet_2_18_5     -287    -215    -72    -987    -1498    -2035    -5993
20230626_CVD_2808_60s_20x20ptsdet_2_18_6     -298    -240    -55   -1005    -1654    -2121    -5937
20230626_CVD_2808_60s_20x20ptsdet_2_18_7     -294    -237    -69    -967    -1584    -1961    -5921
20230626_CVD_2808_60s_20x20ptsdet_2_18_8     -288    -229    -46   -1019    -1633    -2034    -6023
20230626_CVD_2808_60s_20x20ptsdet_2_18_9     -299    -242    -89   -1013    -1612    -2032    -5976
20230626_CVD_2808_60s_20x20ptsdet_2_19_0     -288    -227    -60    -979    -1566    -2056    -5946
20230626_CVD_2808_60s_20x20ptsdet_2_19_1     -259    -205    -78    -993    -1506    -2070    -5973
20230626_CVD_2808_60s_20x20ptsdet_2_19_10    -287    -235    -72   -1024    -1593    -2025    -5855
20230626_CVD_2808_60s_20x20ptsdet_2_19_11    -279    -217    -98    -931    -1527    -2109    -5915
20230626_CVD_2808_60s_20x20ptsdet_2_19_12    -294    -240    -99    -993    -1565    -2055    -5885
20230626_CVD_2808_60s_20x20ptsdet_2_19_13    -287    -226    -69   -1041    -1632    -2124    -5998
20230626_CVD_2808_60s_20x20ptsdet_2_19_14    -278    -225    -65    -974    -1602    -2126    -5936
20230626_CVD_2808_60s_20x20ptsdet_2_19_15    -280    -229    -81   -1016    -1745    -2126    -5969
20230626_CVD_2808_60s_20x20ptsdet_2_19_16    -290    -232    -80    -977    -1597    -2074    -5859
20230626_CVD_2808_60s_20x20ptsdet_2_19_17    -311    -255    -81   -1019    -1702    -2175    -6005
20230626_CVD_2808_60s_20x20ptsdet_2_19_18    -283    -229    -91   -1030    -1575    -1927    -5923
20230626_CVD_2808_60s_20x20ptsdet_2_19_19    -263    -193    -67    -955    -1456    -1964    -5957
20230626_CVD_2808_60s_20x20ptsdet_2_19_2     -288    -222    -65   -1030    -1676    -2196    -5989
20230626_CVD_2808_60s_20x20ptsdet_2_19_3     -290    -234    -80    -972    -1691    -2096    -5926
20230626_CVD_2808_60s_20x20ptsdet_2_19_4     -277    -213    -72   -1049    -1700    -2168    -5840
20230626_CVD_2808_60s_20x20ptsdet_2_19_5     -281    -229    -85    -976    -1590    -2102    -5924
20230626_CVD_2808_60s_20x20ptsdet_2_19_6     -304    -249    -94   -1060    -1732    -2226    -5832
20230626_CVD_2808_60s_20x20ptsdet_2_19_7     -276    -218    -84   -1019    -1656    -2076    -5919
20230626_CVD_2808_60s_20x20ptsdet_2_19_8     -277    -217    -49   -1036    -1733    -2106    -5835
20230626_CVD_2808_60s_20x20ptsdet_2_19_9     -290    -239    -82   -1005    -1613    -2066    -5843
20230626_CVD_2808_60s_20x20ptsdet_2_1_0      -289    -235    -90    -988    -1580    -2103    -5933
20230626_CVD_2808_60s_20x20ptsdet_2_1_1      -268    -205    -62    -965    -1637    -2081    -5865
20230626_CVD_2808_60s_20x20ptsdet_2_1_10     -288    -240    -49    -963    -1520    -2098    -6002
20230626_CVD_2808_60s_20x20ptsdet_2_1_11     -293    -235    -71    -985    -1487    -2041    -5979
20230626_CVD_2808_60s_20x20ptsdet_2_1_12     -290    -239    -47   -1000    -1586    -2132    -6070
20230626_CVD_2808_60s_20x20ptsdet_2_1_13     -303    -238    -76   -1047    -1715    -2157    -6045
20230626_CVD_2808_60s_20x20ptsdet_2_1_14     -296    -248    -82   -1001    -1620    -2078    -6068
20230626_CVD_2808_60s_20x20ptsdet_2_1_15     -299    -229    -73   -1027    -1672    -2145    -5801
20230626_CVD_2808_60s_20x20ptsdet_2_1_16     -286    -224    -78   -1031    -1629    -2072    -6054
20230626_CVD_2808_60s_20x20ptsdet_2_1_17     -284    -233    -79   -1002    -1554    -2065    -6094
20230626_CVD_2808_60s_20x20ptsdet_2_1_18     -320    -260    -69   -1003    -1588    -1985    -5915
20230626_CVD_2808_60s_20x20ptsdet_2_1_19     -280    -227    -65   -1004    -1653    -2058    -6041
20230626_CVD_2808_60s_20x20ptsdet_2_1_2      -293    -242    -80    -991    -1636    -2060    -6045
20230626_CVD_2808_60s_20x20ptsdet_2_1_3      -298    -246    -84   -1041    -1709    -2129    -6013
20230626_CVD_2808_60s_20x20ptsdet_2_1_4      -293    -235    -71   -1009    -1655    -2058    -6072
20230626_CVD_2808_60s_20x20ptsdet_2_1_5      -289    -233    -99   -1015    -1647    -2179    -5964
20230626_CVD_2808_60s_20x20ptsdet_2_1_6      -306    -244    -77    -885    -1290    -1993    -5968
20230626_CVD_2808_60s_20x20ptsdet_2_1_7      -280    -215    -65    -949    -1590    -1985    -6161
20230626_CVD_2808_60s_20x20ptsdet_2_1_8      -290    -227    -74   -1063    -1719    -2183    -6090
20230626_CVD_2808_60s_20x20ptsdet_2_1_9      -289    -233    -96   -1018    -1656    -2111    -5937
20230626_CVD_2808_60s_20x20ptsdet_2_2_0      -279    -216    -80   -1045    -1674    -2161    -6009
20230626_CVD_2808_60s_20x20ptsdet_2_2_1      -281    -224    -56    -987    -1665    -2074    -6074
20230626_CVD_2808_60s_20x20ptsdet_2_2_10     -283    -231    -87   -1025    -1699    -2080    -6024
20230626_CVD_2808_60s_20x20ptsdet_2_2_11     -303    -250    -78    -993    -1507    -1984    -5994
20230626_CVD_2808_60s_20x20ptsdet_2_2_12     -293    -236    -65    -999    -1654    -2133    -6028
20230626_CVD_2808_60s_20x20ptsdet_2_2_13     -305    -248    -85   -1023    -1630    -2059    -6060
20230626_CVD_2808_60s_20x20ptsdet_2_2_14     -275    -217    -82    -981    -1591    -2122    -5993
20230626_CVD_2808_60s_20x20ptsdet_2_2_15     -311    -255    -66    -964    -1577    -2178    -5822
20230626_CVD_2808_60s_20x20ptsdet_2_2_16     -295    -239    -77   -1031    -1652    -2071    -6078
20230626_CVD_2808_60s_20x20ptsdet_2_2_17     -324    -277    -85   -1028    -1623    -2157    -5985
20230626_CVD_2808_60s_20x20ptsdet_2_2_18     -278    -219    -68    -972    -1637    -2142    -5871
20230626_CVD_2808_60s_20x20ptsdet_2_2_19     -283    -224    -82   -1014    -1643    -2108    -6033
20230626_CVD_2808_60s_20x20ptsdet_2_2_2      -289    -236    -60    -998    -1655    -2106    -6058
20230626_CVD_2808_60s_20x20ptsdet_2_2_3      -287    -230    -55   -1011    -1580    -2073    -5965
20230626_CVD_2808_60s_20x20ptsdet_2_2_4      -262    -193    -41   -1002    -1595    -2063    -6089
20230626_CVD_2808_60s_20x20ptsdet_2_2_5      -290    -232    -55    -963    -1483    -2052    -6020
20230626_CVD_2808_60s_20x20ptsdet_2_2_6      -283    -227    -84    -982    -1542    -2032    -5925
20230626_CVD_2808_60s_20x20ptsdet_2_2_7      -281    -225    -95    -969    -1680    -2104    -5887
20230626_CVD_2808_60s_20x20ptsdet_2_2_8      -288    -237    -80    -933    -1460    -2071    -6072
20230626_CVD_2808_60s_20x20ptsdet_2_2_9      -274    -207    -88    -985    -1563    -2082    -5802
20230626_CVD_2808_60s_20x20ptsdet_2_3_0      -311    -265    -97    -983    -1632    -2190    -5955
20230626_CVD_2808_60s_20x20ptsdet_2_3_1      -290    -225    -72    -990    -1634    -2122    -6090
20230626_CVD_2808_60s_20x20ptsdet_2_3_10     -291    -233    -80    -996    -1538    -2059    -5996
20230626_CVD_2808_60s_20x20ptsdet_2_3_11     -253    -185    -57   -1001    -1645    -2097    -6038
20230626_CVD_2808_60s_20x20ptsdet_2_3_12     -275    -224    -75   -1026    -1689    -2176    -6061
20230626_CVD_2808_60s_20x20ptsdet_2_3_13     -293    -243    -89    -968    -1564    -2083    -6032
20230626_CVD_2808_60s_20x20ptsdet_2_3_14     -300    -243    -46   -1045    -1677    -2099    -5814
20230626_CVD_2808_60s_20x20ptsdet_2_3_15     -276    -211    -84   -1011    -1667    -2159    -6016
20230626_CVD_2808_60s_20x20ptsdet_2_3_16     -275    -213    -80    -969    -1530    -2117    -6000
20230626_CVD_2808_60s_20x20ptsdet_2_3_17     -262    -200    -72    -919    -1556    -2017    -6095
20230626_CVD_2808_60s_20x20ptsdet_2_3_18     -307    -261    -99    -935    -1378    -1861    -6077
20230626_CVD_2808_60s_20x20ptsdet_2_3_19     -283    -222    -72   -1002    -1637    -2141    -6054
20230626_CVD_2808_60s_20x20ptsdet_2_3_2      -280    -212    -79   -1020    -1722    -2098    -6020
20230626_CVD_2808_60s_20x20ptsdet_2_3_3      -299    -228    -79   -1000    -1698    -2219    -5888
20230626_CVD_2808_60s_20x20ptsdet_2_3_4      -292    -241    -80   -1033    -1714    -2147    -5822
20230626_CVD_2808_60s_20x20ptsdet_2_3_5      -297    -238    -72    -995    -1676    -2100    -5964
20230626_CVD_2808_60s_20x20ptsdet_2_3_6      -266    -215    -51   -1033    -1670    -2130    -5876
20230626_CVD_2808_60s_20x20ptsdet_2_3_7      -289    -240    -64    -958    -1453    -2065    -6069
20230626_CVD_2808_60s_20x20ptsdet_2_3_8      -298    -247    -85   -1052    -1693    -2156    -5961
20230626_CVD_2808_60s_20x20ptsdet_2_3_9      -297    -238    -81   -1015    -1709    -2089    -6096
20230626_CVD_2808_60s_20x20ptsdet_2_4_0      -289    -232    -51    -990    -1622    -2121    -6068
20230626_CVD_2808_60s_20x20ptsdet_2_4_1      -288    -237    -71    -999    -1671    -2088    -6062
20230626_CVD_2808_60s_20x20ptsdet_2_4_10     -288    -232    -69   -1028    -1677    -2037    -5902
20230626_CVD_2808_60s_20x20ptsdet_2_4_11     -276    -221    -56   -1014    -1644    -2056    -6039
20230626_CVD_2808_60s_20x20ptsdet_2_4_12     -287    -233    -72   -1005    -1689    -2147    -6005
20230626_CVD_2808_60s_20x20ptsdet_2_4_13     -285    -228    -79    -993    -1584    -2035    -6005
20230626_CVD_2808_60s_20x20ptsdet_2_4_14     -284    -217    -52    -976    -1592    -2134    -5977
20230626_CVD_2808_60s_20x20ptsdet_2_4_15     -289    -226    -50    -968    -1515    -2068    -5906
20230626_CVD_2808_60s_20x20ptsdet_2_4_16     -300    -242    -87    -989    -1571    -1931    -6096
20230626_CVD_2808_60s_20x20ptsdet_2_4_17     -279    -220    -66   -1055    -1797    -2178    -6159
20230626_CVD_2808_60s_20x20ptsdet_2_4_18     -302    -248    -84   -1052    -1682    -2097    -6137
20230626_CVD_2808_60s_20x20ptsdet_2_4_19     -301    -256    -88   -1002    -1597    -2128    -5993
20230626_CVD_2808_60s_20x20ptsdet_2_4_2      -292    -243    -81    -993    -1549    -2055    -5988
20230626_CVD_2808_60s_20x20ptsdet_2_4_3      -303    -244    -73    -975    -1655    -2135    -5903
20230626_CVD_2808_60s_20x20ptsdet_2_4_4      -287    -222    -63   -1026    -1724    -2186    -6089
20230626_CVD_2808_60s_20x20ptsdet_2_4_5      -270    -217    -71    -989    -1587    -2083    -6140
20230626_CVD_2808_60s_20x20ptsdet_2_4_6      -280    -215    -58   -1014    -1643    -2052    -6077
20230626_CVD_2808_60s_20x20ptsdet_2_4_7      -288    -230    -96   -1005    -1590    -2083    -5885
20230626_CVD_2808_60s_20x20ptsdet_2_4_8      -284    -232    -66   -1025    -1532    -1972    -5967
20230626_CVD_2808_60s_20x20ptsdet_2_4_9      -294    -246    -85   -1037    -1689    -2051    -5930
20230626_CVD_2808_60s_20x20ptsdet_2_5_0      -287    -221    -70   -1014    -1573    -1991    -5941
20230626_CVD_2808_60s_20x20ptsdet_2_5_1      -275    -217    -93    -993    -1582    -2081    -6044
20230626_CVD_2808_60s_20x20ptsdet_2_5_10     -260    -194    -81    -984    -1539    -1981    -5867
20230626_CVD_2808_60s_20x20ptsdet_2_5_11     -269    -206    -62   -1003    -1575    -2036    -6002
20230626_CVD_2808_60s_20x20ptsdet_2_5_12     -295    -237    -94    -992    -1562    -2045    -6023
20230626_CVD_2808_60s_20x20ptsdet_2_5_13     -287    -232    -71    -998    -1616    -2026    -5990
20230626_CVD_2808_60s_20x20ptsdet_2_5_14     -290    -237    -72   -1012    -1594    -2107    -6047
20230626_CVD_2808_60s_20x20ptsdet_2_5_15     -277    -211    -72    -943    -1524    -2059    -5775
20230626_CVD_2808_60s_20x20ptsdet_2_5_16     -280    -224    -76    -953    -1465    -1980    -5965
20230626_CVD_2808_60s_20x20ptsdet_2_5_17     -252    -181    -62    -995    -1632    -2074    -5807
20230626_CVD_2808_60s_20x20ptsdet_2_5_18     -286    -241    -63    -956    -1521    -2032    -5962
20230626_CVD_2808_60s_20x20ptsdet_2_5_19     -293    -247    -95   -1011    -1640    -2053    -5922
20230626_CVD_2808_60s_20x20ptsdet_2_5_2      -288    -233    -75   -1030    -1702    -2052    -6003
20230626_CVD_2808_60s_20x20ptsdet_2_5_3      -289    -230    -93    -998    -1630    -2041    -5932
20230626_CVD_2808_60s_20x20ptsdet_2_5_4      -264    -211    -88    -994    -1526    -1944    -5979
20230626_CVD_2808_60s_20x20ptsdet_2_5_5      -298    -245    -55    -992    -1648    -2127    -6026
20230626_CVD_2808_60s_20x20ptsdet_2_5_6      -276    -221    -87    -999    -1602    -2031    -5946
20230626_CVD_2808_60s_20x20ptsdet_2_5_7      -281    -224    -71    -993    -1655    -2025    -5986
20230626_CVD_2808_60s_20x20ptsdet_2_5_8      -289    -232    -62   -1010    -1558    -1992    -5738
20230626_CVD_2808_60s_20x20ptsdet_2_5_9      -271    -213    -55   -1016    -1651    -2082    -5871
20230626_CVD_2808_60s_20x20ptsdet_2_6_0      -294    -249    -66   -1035    -1666    -2044    -5951
20230626_CVD_2808_60s_20x20ptsdet_2_6_1      -297    -236    -82   -1016    -1662    -2008    -5984
20230626_CVD_2808_60s_20x20ptsdet_2_6_10     -281    -223    -82    -970    -1649    -2131    -6183
20230626_CVD_2808_60s_20x20ptsdet_2_6_11     -283    -221    -81   -1028    -1656    -2081    -6127
20230626_CVD_2808_60s_20x20ptsdet_2_6_12     -287    -231    -83    -935    -1484    -2026    -6092
20230626_CVD_2808_60s_20x20ptsdet_2_6_13     -313    -252    -76    -985    -1576    -2050    -5931
20230626_CVD_2808_60s_20x20ptsdet_2_6_14     -283    -225    -67    -942    -1551    -2145    -6101
20230626_CVD_2808_60s_20x20ptsdet_2_6_15     -291    -238    -57   -1014    -1594    -1998    -5977
20230626_CVD_2808_60s_20x20ptsdet_2_6_16     -282    -219    -60   -1005    -1632    -2103    -6037
20230626_CVD_2808_60s_20x20ptsdet_2_6_17     -293    -228    -89   -1026    -1638    -2028    -5967
20230626_CVD_2808_60s_20x20ptsdet_2_6_18     -289    -224    -77    -970    -1498    -1926    -5882
20230626_CVD_2808_60s_20x20ptsdet_2_6_19     -293    -236    -76   -1007    -1660    -2051    -5948
20230626_CVD_2808_60s_20x20ptsdet_2_6_2      -307    -250    -70   -1031    -1640    -2113    -6021
20230626_CVD_2808_60s_20x20ptsdet_2_6_3      -303    -250    -85   -1023    -1698    -2115    -5879
20230626_CVD_2808_60s_20x20ptsdet_2_6_4      -286    -243    -89    -963    -1585    -2056    -5977
20230626_CVD_2808_60s_20x20ptsdet_2_6_5      -291    -229    -60    -985    -1600    -2073    -5986
20230626_CVD_2808_60s_20x20ptsdet_2_6_6      -271    -209    -68   -1004    -1650    -2109    -5916
20230626_CVD_2808_60s_20x20ptsdet_2_6_7      -284    -233    -82   -1006    -1531    -2069    -6092
20230626_CVD_2808_60s_20x20ptsdet_2_6_8      -265    -202    -58   -1012    -1698    -2234    -6041
20230626_CVD_2808_60s_20x20ptsdet_2_6_9      -299    -242    -87   -1029    -1629    -2068    -5998
20230626_CVD_2808_60s_20x20ptsdet_2_7_0      -274    -212    -68    -942    -1539    -2114    -5851
20230626_CVD_2808_60s_20x20ptsdet_2_7_1      -286    -233    -82   -1013    -1669    -2061    -5897
20230626_CVD_2808_60s_20x20ptsdet_2_7_10     -274    -212    -59    -974    -1535    -2136    -5906
20230626_CVD_2808_60s_20x20ptsdet_2_7_11     -283    -228   -110    -988    -1614    -1949    -5800
20230626_CVD_2808_60s_20x20ptsdet_2_7_12     -288    -236    -64    -938    -1432    -1998    -5984
20230626_CVD_2808_60s_20x20ptsdet_2_7_13     -296    -236    -84   -1038    -1651    -2175    -5898
20230626_CVD_2808_60s_20x20ptsdet_2_7_14     -291    -235    -72    -955    -1527    -2079    -5999
20230626_CVD_2808_60s_20x20ptsdet_2_7_15     -287    -235    -80   -1013    -1575    -2080    -5908
20230626_CVD_2808_60s_20x20ptsdet_2_7_16     -293    -238    -92    -930    -1528    -2087    -5980
20230626_CVD_2808_60s_20x20ptsdet_2_7_17     -274    -214    -66   -1012    -1680    -2168    -5855
20230626_CVD_2808_60s_20x20ptsdet_2_7_18     -307    -256    -69   -1001    -1598    -2077    -5967
20230626_CVD_2808_60s_20x20ptsdet_2_7_19     -316    -260    -88   -1056    -1730    -2157    -6077
20230626_CVD_2808_60s_20x20ptsdet_2_7_2      -299    -248    -77    -939    -1440    -1940    -5911
20230626_CVD_2808_60s_20x20ptsdet_2_7_3      -284    -234    -70   -1021    -1674    -2160    -6002
20230626_CVD_2808_60s_20x20ptsdet_2_7_4      -276    -223    -83   -1001    -1654    -2074    -6019
20230626_CVD_2808_60s_20x20ptsdet_2_7_5      -292    -236    -51   -1020    -1718    -2075    -5990
20230626_CVD_2808_60s_20x20ptsdet_2_7_6      -289    -231    -78    -949    -1485    -2058    -5956
20230626_CVD_2808_60s_20x20ptsdet_2_7_7      -280    -217    -67    -986    -1517    -2039    -6003
20230626_CVD_2808_60s_20x20ptsdet_2_7_8      -296    -240    -73   -1061    -1753    -2185    -5879
20230626_CVD_2808_60s_20x20ptsdet_2_7_9      -304    -255    -99    -976    -1525    -2043    -5999
20230626_CVD_2808_60s_20x20ptsdet_2_8_0      -310    -261   -110   -1000    -1599    -2082    -5976
20230626_CVD_2808_60s_20x20ptsdet_2_8_1      -279    -218    -74   -1010    -1680    -2096    -6009
20230626_CVD_2808_60s_20x20ptsdet_2_8_10     -278    -223    -60   -1034    -1698    -2146    -5819
20230626_CVD_2808_60s_20x20ptsdet_2_8_11     -286    -230    -89   -1007    -1641    -2182    -5982
20230626_CVD_2808_60s_20x20ptsdet_2_8_12     -276    -225    -83    -990    -1658    -2092    -5814
20230626_CVD_2808_60s_20x20ptsdet_2_8_13     -300    -247    -89    -975    -1596    -2014    -5929
20230626_CVD_2808_60s_20x20ptsdet_2_8_14     -277    -220    -68   -1021    -1644    -2138    -5995
20230626_CVD_2808_60s_20x20ptsdet_2_8_15     -269    -194    -71   -1023    -1641    -1995    -5898
20230626_CVD_2808_60s_20x20ptsdet_2_8_16     -283    -231    -37    -998    -1586    -2062    -5983
20230626_CVD_2808_60s_20x20ptsdet_2_8_17     -280    -223    -77   -1009    -1613    -2084    -6013
20230626_CVD_2808_60s_20x20ptsdet_2_8_18     -294    -230    -79   -1013    -1679    -2129    -5776
20230626_CVD_2808_60s_20x20ptsdet_2_8_19     -295    -241    -96   -1010    -1601    -1996    -5810
20230626_CVD_2808_60s_20x20ptsdet_2_8_2      -269    -205    -79   -1035    -1656    -2092    -6070
20230626_CVD_2808_60s_20x20ptsdet_2_8_3      -268    -206    -79   -1025    -1588    -1984    -5960
20230626_CVD_2808_60s_20x20ptsdet_2_8_4      -285    -236    -73   -1018    -1694    -2176    -5937
20230626_CVD_2808_60s_20x20ptsdet_2_8_5      -278    -215    -92    -972    -1543    -2044    -5821
20230626_CVD_2808_60s_20x20ptsdet_2_8_6      -276    -224    -86   -1004    -1634    -2135    -5958
20230626_CVD_2808_60s_20x20ptsdet_2_8_7      -303    -250    -65   -1034    -1671    -2088    -5919
20230626_CVD_2808_60s_20x20ptsdet_2_8_8      -286    -229    -87    -967    -1515    -2025    -6039
20230626_CVD_2808_60s_20x20ptsdet_2_8_9      -295    -247    -68   -1043    -1625    -2043    -5958
20230626_CVD_2808_60s_20x20ptsdet_2_9_0      -281    -220    -62    -967    -1534    -2057    -6007
20230626_CVD_2808_60s_20x20ptsdet_2_9_1      -261    -211    -85   -1029    -1653    -2135    -5984
20230626_CVD_2808_60s_20x20ptsdet_2_9_10     -286    -225    -95    -988    -1592    -2038    -5881
20230626_CVD_2808_60s_20x20ptsdet_2_9_11     -261    -207    -75    -989    -1521    -1986    -5784
20230626_CVD_2808_60s_20x20ptsdet_2_9_12     -286    -242    -84   -1035    -1535    -1967    -5887
20230626_CVD_2808_60s_20x20ptsdet_2_9_13     -271    -213    -75   -1013    -1556    -2009    -6038
20230626_CVD_2808_60s_20x20ptsdet_2_9_14     -287    -228    -95    -968    -1592    -2062    -5994
20230626_CVD_2808_60s_20x20ptsdet_2_9_15     -297    -242    -77    -997    -1592    -2015    -6058
20230626_CVD_2808_60s_20x20ptsdet_2_9_16     -281    -221    -54    -990    -1635    -2146    -5953
20230626_CVD_2808_60s_20x20ptsdet_2_9_17     -283    -205    -79   -1033    -1658    -2089    -5972
20230626_CVD_2808_60s_20x20ptsdet_2_9_18     -283    -232    -75   -1007    -1688    -2126    -5997
20230626_CVD_2808_60s_20x20ptsdet_2_9_19     -282    -224    -70   -1051    -1708    -2189    -5967
20230626_CVD_2808_60s_20x20ptsdet_2_9_2      -262    -189    -80   -1009    -1627    -2113    -5939
20230626_CVD_2808_60s_20x20ptsdet_2_9_3      -281    -226    -70   -1001    -1590    -1936    -5986
20230626_CVD_2808_60s_20x20ptsdet_2_9_4      -284    -225    -81   -1017    -1627    -2044    -5903
20230626_CVD_2808_60s_20x20ptsdet_2_9_5      -271    -204    -88   -1008    -1560    -1990    -5952
20230626_CVD_2808_60s_20x20ptsdet_2_9_6      -260    -181    -58    -949    -1460    -2022    -5964
20230626_CVD_2808_60s_20x20ptsdet_2_9_7      -289    -245    -67   -1054    -1718    -2172    -5954
20230626_CVD_2808_60s_20x20ptsdet_2_9_8      -282    -224    -78   -1055    -1711    -2111    -5954
20230626_CVD_2808_60s_20x20ptsdet_2_9_9      -281    -229    -84   -1005    -1581    -2079    -5816


Mean value:                               -278.28 -223.13 -76.30 -992.41 -1638.93 -2088.36 -5806.39
Std. Abw.:                                  14.73   16.97  12.38   33.14    73.12    67.03   169.89
Std. Abw. rel. [%]:                         -5.29   -7.60 -16.22   -3.34    -4.46    -3.21    -2.93
Conf. interval:                              0.52    0.60   0.44    1.17     2.59     2.37     6.01
