0
0
0
0
0
0
0
0
0
0
0
0
0
0
0
0
0
0
0
0
0
0
0
0
0
0
0
0
0
0
0
0
0
0
0
0
0
0
0
0
0
0
0
0
0
0
0
0
0
0
0
0
0
0
0
0
0
0
0
0
0
0
0
0
0
1
1
3
1
4
2
0
3
2
2
1
0
3
3
1
2
3
8
43
112
377
919
2243
4740
9475
16725
27249
40705
54711
66174
73226
73157
67293
54807
41352
28245
17561
9905
5028
2231
976
360
128
46
13
3
2
2
1
0
3
3
1
2
0
0
1
1
1
0
0
0
2
1
0
0
4
69
60
67
44
58
52
56
59
41
47
65
51
71
56
46
54
54
61
53
67
50
52
67
47
62
49
55
62
46
72
49
47
43
57
37
41
57
48
52
55
47
56
56
42
60
51
44
48
57
44
58
48
48
45
40
45
48
45
57
75
50
61
54
53
47
50
56
64
63
71
79
75
87
88
108
112
100
87
107
69
76
83
63
66
69
60
56
38
62
42
65
45
61
62
56
68
52
51
60
62
68
71
75
81
60
97
76
103
103
98
98
115
117
122
151
140
155
164
184
190
246
239
268
348
425
592
896
1453
2337
3651
5629
8538
12185
16514
21608
26340
30434
33749
34913
34299
32275
28506
24142
19247
14781
11094
8104
5698
4093
2848
2035
1586
1082
778
616
392
306
240
222
218
258
260
381
364
407
412
440
394
355
318
253
207
200
112
97
69
64
44
45
44
36
24
23
21
24
32
29
13
17
14
11
10
11
4
10
11
14
13
15
10
6
11
14
8
13
17
10
11
4
17
15
12
10
12
10
10
8
7
10
9
7
18
10
13
5
13
23
19
17
22
30
28
20
30
23
34
21
24
23
34
26
19
21
16
19
20
22
19
22
25
33
31
19
17
16
16
18
13
29
21
23
22
26
20
22
12
12
8
9
9
10
8
10
5
7
8
5
4
7
5
13
11
9
9
5
13
7
6
9
3
10
3
7
6
8
6
4
12
8
6
9
5
9
12
10
9
17
20
31
27
22
31
29
25
23
17
29
23
23
12
22
8
4
9
7
12
10
2
10
10
7
15
13
18
11
7
5
4
14
13
11
3
10
6
7
6
9
4
3
8
6
5
11
8
9
6
9
10
4
5
4
9
5
10
6
3
7
5
4
13
7
6
4
9
3
3
7
4
6
7
5
5
6
10
2
7
2
9
4
10
6
9
6
5
5
2
3
4
7
7
10
8
9
2
5
7
4
12
9
11
8
7
14
6
7
1
6
3
13
7
5
6
7
4
5
7
7
3
6
12
5
4
9
5
6
9
1
10
6
8
5
6
8
5
8
9
12
7
10
11
4
9
10
8
8
7
10
4
11
10
12
9
8
6
12
9
10
10
3
9
7
6
16
10
10
7
10
9
9
6
3
10
4
7
9
10
10
11
11
10
11
9
10
9
6
8
10
9
9
10
6
11
9
7
15
15
7
10
14
9
9
11
16
14
23
9
10
13
13
20
11
11
17
11
19
13
18
20
15
14
17
17
19
18
22
19
15
19
10
14
17
25
26
18
16
17
26
18
29
11
19
20
23
19
16
17
23
15
15
18
13
26
20
22
25
23
26
23
19
21
16
14
22
20
18
16
19
30
18
17
21
27
24
21
25
18
11
24
19
23
17
27
24
22
19
23
25
16
28
28
27
18
29
24
22
26
26
24
23
22
23
28
31
28
20
29
41
29
17
34
19
23
22
24
27
37
37
28
24
28
31
28
41
28
30
36
25
27
37
35
34
44
26
32
42
29
37
36
58
37
40
39
33
33
34
29
42
30
41
45
39
45
37
41
49
47
38
50
41
49
61
50
43
49
52
56
42
45
61
59
50
54
48
51
45
52
57
65
59
70
59
65
54
59
81
69
86
71
73
73
88
72
72
72
86
88
76
80
88
80
91
101
89
95
80
93
87
112
97
102
84
82
92
101
83
101
74
67
75
85
81
74
79
108
70
81
85
74
75
85
73
72
77
87
62
88
65
73
87
90
91
73
88
77
90
60
88
77
86
91
67
77
85
89
80
73
77
94
74
64
103
71
68
75
87
74
89
68
72
74
85
75
80
71
65
71
78
74
66
86
74
78
94
74
82
91
80
73
74
83
78
82
66
76
70
99
98
73
65
73
75
84
73
70
63
61
72
76
77
87
89
78
87
60
74
75
80
84
71
82
73
79
77
91
81
83
82
83
83
97
81
69
80
69
95
81
83
88
87
75
94
90
82
79
101
82
89
96
88
87
89
82
79
98
112
73
109
97
108
99
125
124
170
182
175
219
274
306
374
448
476
515
603
691
752
756
786
858
879
848
867
794
808
732
662
610
580
481
453
343
322
267
211
195
190
163
135
116
125
124
111
91
90
97
85
108
109
91
97
99
97
96
89
102
98
104
113
107
98
104
119
95
91
116
113
82
103
105
94
111
102
106
105
103
99
106
109
95
116
95
100
121
102
97
112
112
94
104
116
112
119
122
114
100
103
118
127
109
100
137
123
132
137
126
140
125
132
159
153
152
160
174
189
214
172
210
237
204
206
222
214
237
232
226
204
226
215
217
205
195
178
175
161
150
146
161
176
163
135
146
137
144
145
130
134
136
160
140
160
154
185
142
166
164
177
149
148
151
158
169
149
163
183
166
152
146
186
193
164
174
180
173
206
211
179
185
190
177
188
188
217
209
222
195
194
188
198
208
211
199
222
197
224
212
228
217
238
259
258
237
289
227
246
244
263
302
262
251
283
276
277
288
304
298
307
311
312
277
353
345
347
322
353
375
338
351
340
349
377
384
389
360
352
340
345
355
394
350
369
367
381
353
371
386
426
363
362
393
356
390
341
369
376
349
383
366
359
362
349
363
302
347
327
322
347
326
329
337
301
314
321
297
275
290
292
276
294
273
283
267
284
264
270
264
252
248
283
267
237
250
262
271
254
268
238
289
234
234
239
244
237
266
222
237
283
224
242
191
244
226
223
196
223
232
189
199
217
225
244
200
212
176
209
213
208
232
216
206
185
203
189
194
202
209
217
209
224
203
201
220
193
209
214
195
214
202
217
207
180
226
217
222
206
247
202
202
216
213
222
240
245
228
207
217
220
208
205
219
213
215
228
211
241
250
246
251
237
274
244
241
271
248
245
255
258
241
229
243
265
269
259
237
257
258
226
248
242
232
251
213
261
262
279
262
251
217
255
235
210
241
249
229
255
243
253
247
247
227
244
249
236
247
245
220
220
194
255
268
250
242
207
255
250
230
257
242
240
232
239
253
270
244
257
245
251
260
251
235
263
251
227
268
254
250
222
232
233
257
238
254
251
228
236
232
239
261
228
250
274
237
249
222
228
261
281
258
244
255
273
253
273
247
264
245
234
270
254
254
265
254
239
273
275
257
265
286
246
282
252
298
253
264
274
264
243
265
285
274
218
293
283
249
274
287
255
270
278
286
290
260
249
262
271
267
291
284
277
273
277
259
283
286
269
277
296
276
271
301
261
256
312
306
300
292
282
290
298
318
286
253
309
290
277
319
287
302
267
341
297
293
307
329
297
314
309
299
319
316
307
288
265
276
283
285
308
297
334
306
302
303
313
315
330
294
289
310
297
317
303
309
315
321
325
329
303
306
321
290
252
306
330
271
330
337
282
324
324
306
306
312
286
296
293
288
319
284
289
279
329
267
281
280
246
302
289
292
287
310
304
283
306
294
293
269
268
278
269
295
307
282
281
245
308
287
271
283
284
272
297
288
282
289
261
261
251
279
276
294
302
279
295
290
271
236
285
261
255
286
300
275
280
260
261
286
293
260
281
276
255
278
259
259
288
266
258
240
249
292
289
246
293
279
233
246
289
291
241
272
276
256
255
274
267
256
235
274
262
253
264
278
285
249
285
277
254
270
287
278
261
243
248
263
264
245
254
280
249
229
254
246
285
264
273
280
241
260
260
277
251
294
252
296
260
270
280
232
253
237
249
258
275
287
237
270
297
282
250
258
261
270
269
257
246
264
260
236
265
270
258
261
264
276
268
253
254
278
223
265
258
264
280
248
264
250
270
265
271
273
236
269
285
252
269
218
249
258
279
255
275
277
284
255
272
265
245
260
263
267
278
248
280
254
280
260
319
258
246
274
258
233
269
275
304
246
251
264
279
261
282
269
264
298
269
287
267
269
279
273
285
268
284
252
280
269
276
263
277
275
299
270
250
290
266
275
287
247
285
278
288
257
307
298
294
281
316
325
286
303
289
287
302
306
302
306
302
292
334
305
327
324
321
345
308
362
310
317
358
341
346
357
344
324
336
346
368
346
329
347
325
377
345
381
403
357
364
385
373
383
383
405
384
422
447
402
396
421
412
455
423
435
410
472
433
473
459
446
511
511
487
481
533
454
561
543
496
559
578
592
579
637
666
619
695
679
696
721
717
744
804
847
804
849
924
946
917
961
1008
1005
1041
1041
1037
1114
1232
1173
1232
1251
1227
1293
1293
1366
1389
1446
1484
1481
1405
1487
1472
1587
1568
1557
1509
1559
1555
1633
1635
1527
1622
1567
1589
1573
1558
1522
1439
1424
1480
1381
1389
1387
1324
1315
1379
1271
1311
1217
1209
1137
1238
1052
1102
1099
995
982
990
850
905
881
870
835
752
739
651
715
641
634
610
619
610
580
550
568
521
487
480
481
452
426
449
461
417
399
444
416
425
376
371
355
366
353
346
346
315
338
302
343
300
329
301
284
305
278
285
295
289
275
276
282
262
253
275
286
256
251
209
214
261
215
246
267
261
265
248
272
255
248
236
247
282
276
262
238
292
281
316
327
313
341
354
393
413
378
400
434
443
420
413
459
433
457
473
469
521
496
461
472
431
463
450
436
448
434
412
378
376
328
336
331
293
312
283
264
263
214
226
218
244
202
189
209
168
173
197
165
179
157
166
173
165
166
172
164
174
176
192
174
208
183
162
176
185
224
189
174
181
199
193
187
195
192
189
208
209
209
208
199
218
208
251
227
214
244
239
261
232
217
252
232
236
269
248
283
252
304
275
255
276
295
259
280
278
279
288
269
281
278
297
256
262
278
275
255
289
275
292
281
292
285
267
265
252
284
265
245
262
256
232
249
226
222
240
217
241
213
211
221
229
205
203
191
199
179
189
184
198
199
177
180
168
160
163
178
146
157
161
148
159
148
134
142
133
136
143
132
156
137
121
114
123
127
130
121
104
99
90
119
116
104
93
103
95
97
89
119
102
102
97
96
82
94
76
81
94
87
79
71
96
87
67
87
78
80
87
71
77
78
90
69
74
86
79
69
83
68
61
77
71
66
72
61
61
70
66
69
64
58
64
65
70
61
66
75
53
69
68
59
72
67
57
75
48
62
56
58
43
66
61
73
70
72
66
72
67
48
100
72
79
69
91
75
78
90
91
105
99
105
103
80
81
94
75
96
70
78
74
85
79
83
54
73
72
65
71
56
63
71
56
58
50
52
52
47
54
56
51
52
36
49
44
63
44
48
51
50
53
42
44
41
49
44
56
51
48
42
49
60
50
31
50
43
43
50
51
48
63
53
56
57
33
41
36
45
42
40
49
34
43
32
27
41
33
40
36
36
36
30
37
38
41
32
32
30
39
34
42
42
33
36
28
36
26
42
38
39
34
48
30
45
28
37
23
36
38
21
30
41
40
39
34
26
34
29
32
33
40
37
37
30
30
40
44
39
33
42
43
50
26
29
36
38
37
36
35
32
30
32
36
31
32
30
39
35
43
43
32
44
41
32
37
29
33
34
31
39
38
39
30
35
32
29
33
26
36
28
31
28
22
34
29
29
31
33
24
28
34
31
36
33
34
22
22
31
25
26
34
35
22
22
29
22
25
39
25
28
21
33
29
37
32
37
31
23
46
26
29
26
25
34
23
30
28
29
25
24
26
41
28
23
26
20
25
31
19
27
36
32
33
29
32
22
27
22
35
23
28
18
17
25
23
30
21
37
27
26
25
36
29
37
25
31
26
18
31
33
25
20
23
27
26
19
27
21
29
23
24
29
26
17
24
29
19
23
20
15
27
18
26
17
18
20
27
24
27
17
18
32
28
26
24
14
21
22
17
34
20
26
21
22
22
25
28
9
18
18
10
26
27
24
17
34
18
23
22
22
23
11
19
18
14
20
16
17
17
21
26
23
24
20
17
19
18
25
27
20
25
14
21
17
16
25
27
16
16
15
16
15
12
20
11
20
16
27
18
20
12
22
19
20
24
18
22
22
20
21
22
21
17
24
23
14
18
18
18
22
14
16
17
13
23
16
18
21
15
12
22
19
14
18
12
14
13
16
15
17
15
13
12
15
15
16
17
21
13
14
22
19
13
19
17
15
16
14
19
17
15
17
17
15
15
23
18
9
19
23
9
20
15
17
13
11
17
16
16
15
14
13
15
17
14
8
16
13
16
12
13
6
12
11
13
15
18
13
15
16
18
10
21
14
16
13
14
7
9
16
9
13
14
16
12
12
15
13
16
8
12
10
9
12
8
13
10
13
9
8
16
10
19
16
10
15
11
14
23
16
9
7
15
15
14
9
8
11
13
14
14
11
12
10
10
15
7
11
10
12
17
13
12
14
10
13
21
11
16
11
8
3
8
14
7
12
12
7
14
11
5
17
14
10
9
12
10
13
12
11
6
9
8
12
14
10
9
7
9
10
11
15
8
9
14
16
12
4
12
16
8
13
11
11
11
14
8
9
12
4
10
7
8
8
9
10
15
8
12
9
7
5
10
6
10
14
9
8
12
9
11
8
16
6
10
8
9
11
14
11
8
13
2
8
11
11
7
9
10
4
8
5
8
7
12
12
12
7
11
11
9
7
5
8
3
17
10
7
6
9
8
8
12
11
8
6
7
12
7
8
12
9
11
4
9
12
9
10
10
6
9
10
18
5
6
5
3
5
7
6
2
10
9
11
5
7
9
7
4
9
8
8
4
5
6
3
7
7
10
5
8
10
8
10
10
8
9
7
10
9
3
6
10
10
4
5
9
4
6
5
9
5
7
5
7
9
3
7
5
11
5
6
8
4
4
7
6
7
11
5
6
5
7
5
7
8
4
8
4
10
7
6
6
4
5
6
2
8
7
5
4
4
2
3
8
6
2
7
3
7
8
5
5
6
7
5
4
6
6
10
10
7
3
5
5
3
3
9
2
1
8
8
2
7
7
5
5
2
9
3
4
5
5
10
6
3
5
8
3
3
8
2
3
6
5
5
5
3
7
3
4
2
4
2
5
5
3
6
6
7
7
7
4
6
8
3
2
4
6
2
2
3
6
4
2
4
1
9
8
2
3
5
9
5
4
11
9
8
3
2
5
2
4
6
5
1
6
4
4
6
4
2
6
5
3
7
4
2
2
2
6
7
6
6
2
3
4
0
7
5
2
1
1
5
2
5
3
1
3
0
2
7
5
5
2
1
4
1
3
2
1
5
9
4
6
5
4
3
4
4
2
6
6
2
2
4
4
7
2
2
2
3
1
2
3
3
4
1
3
3
2
3
5
2
3
1
5
4
5
6
5
3
2
4
1
4
7
1
4
1
1
2
2
2
2
4
2
3
3
3
3
2
3
3
4
8
2
3
4
2
2
4
1
3
3
4
3
7
1
3
1
1
4
0
3
2
1
7
7
2
3
4
3
1
6
3
1
2
2
2
2
4
5
4
2
5
2
3
4
3
4
1
5
5
3
2
1
2
2
2
0
6
1
2
3
2
1
0
3
5
2
1
2
3
2
4
3
4
5
2
2
6
2
3
1
2
2
2
2
4
1
3
0
3
2
2
1
2
2
2
0
0
7
1
2
3
4
1
3
10
4
3
0
2
2
3
5
2
2
0
4
0
3
0
0
2
1
1
3
3
0
1
2
1
0
0
3
1
4
0
1
1
1
3
4
1
2
3
2
2
4
0
3
1
1
1
2
5
1
1
2
2
2
1
0
2
0
2
3
0
0
0
2
0
1
2
6
1
2
2
4
1
3
3
1
4
1
3
1
2
2
1
3
2
0
1
0
2
0
1
2
0
1
1
2
1
3
2
1
0
1
1
2
1
2
0
3
0
3
1
1
2
1
0
0
2
2
5
3
2
0
1
1
1
2
1
2
2
1
3
2
1
1
1
4
1
2
0
1
1
1
0
1
0
0
0
4
1
0
1
2
0
2
2
0
1
2
2
2
0
3
1
3
1
1
1
1
0
2
4
0
1
0
0
1
0
0
0
0
0
0
0
2
2
0
0
1
2
2
2
0
1
1
3
0
1
2
0
1
1
0
0
0
1
0
0
2
0
1
0
0
1
2
0
1
2
1
0
3
2
0
2
0
0
0
0
1
0
0
2
3
1
0
0
3
0
1
0
1
3
0
1
1
2
1
0
0
0
0
1
0
0
1
1
0
1
1
1
0
1
0
2
0
2
1
2
1
2
2
0
1
1
1
0
1
0
0
2
1
0
0
0
2
2
1
0
1
0
0
0
1
0
0
1
0
0
1
1
0
1
0
1
0
2
1
1
1
1
0
2
2
2
0
1
0
1
1
1
1
1
0
2
2
1
0
0
1
1
0
0
0
1
1
0
1
0
0
0
0
0
1
0
1
0
0
1
1
0
1
2
0
1
1
0
1
0
1
1
0
0
1
0
0
0
3
0
1
0
1
0
0
0
0
1
0
1
0
0
2
0
0
1
0
1
1
0
0
0
1
0
1
0
1
1
0
1
0
1
2
0
1
0
0
0
0
1
1
1
0
0
0
0
0
0
0
1
0
0
0
1
1
1
0
0
0
0
1
1
0
0
0
2
0
0
0
1
1
0
0
0
0
1
0
2
1
2
1
1
0
0
0
1
0
0
0
2
1
0
0
0
0
0
0
0
0
0
2
2
1
1
1
1
0
0
1
0
0
0
0
0
1
0
0
1
2
2
1
1
1
0
0
0
0
1
2
1
0
0
0
0
0
0
0
1
1
0
0
0
1
1
1
0
2
0
0
0
0
0
1
0
1
1
0
0
0
0
1
0
1
0
1
0
0
0
0
1
0
1
0
1
0
0
1
1
0
0
0
2
0
2
0
0
0
0
0
0
1
0
1
1
0
1
0
0
0
0
1
0
0
0
0
1
0
0
0
0
0
0
0
0
0
1
1
0
2
1
0
0
0
0
1
0
0
0
0
0
0
0
0
0
0
0
0
0
0
0
0
0
0
0
1
0
1
0
0
0
0
0
0
0
0
1
0
0
0
0
0
0
0
0
1
0
0
0
0
1
0
0
0
1
0
2
1
0
0
0
0
0
0
0
0
0
0
0
1
0
0
0
1
1
0
1
