0
0
0
0
0
0
0
0
0
0
0
0
0
0
0
0
0
0
0
0
0
0
0
0
0
0
0
0
0
0
0
0
0
0
0
0
0
0
0
0
0
0
0
0
0
0
0
0
0
0
0
0
0
0
0
0
0
0
0
0
0
0
0
0
0
0
0
1
0
1
2
0
3
1
3
1
1
1
1
4
5
9
11
43
119
354
896
2287
4913
9672
17159
27530
40800
54676
66286
73125
72949
66314
54767
41196
28167
17547
9823
5005
2328
1043
380
137
55
15
7
4
1
1
1
2
2
0
0
1
1
0
0
0
1
1
0
0
0
0
0
14
73
79
58
65
57
57
63
51
62
64
51
53
61
50
49
56
49
64
62
38
50
39
40
44
50
43
52
47
42
42
46
43
50
48
36
51
51
65
60
44
43
60
41
40
52
37
41
55
40
55
45
60
58
57
45
53
44
44
52
51
44
47
38
58
55
50
42
71
66
56
83
73
71
89
82
101
96
109
97
88
82
73
69
56
49
55
54
51
52
54
56
56
48
46
55
48
59
62
57
68
56
74
65
64
71
68
83
77
99
94
110
111
110
94
130
134
165
156
150
166
187
209
205
222
282
487
739
1233
2048
3393
5227
8106
11619
15925
20327
25320
28974
31878
33542
33073
30806
27128
23075
18332
14204
10430
7709
5342
3861
2759
1978
1463
1025
821
541
369
285
239
213
217
240
268
349
409
438
416
453
385
368
322
257
232
156
134
85
80
53
50
53
31
40
37
26
31
22
24
15
7
15
13
13
11
12
11
10
7
11
5
9
12
7
12
8
9
9
10
5
10
7
12
9
6
7
4
11
9
8
10
6
10
11
10
8
10
14
17
22
14
12
22
18
27
33
22
30
32
26
30
20
18
17
22
17
21
23
20
25
24
18
23
27
13
17
22
23
20
19
23
12
19
17
22
16
18
13
9
8
14
8
8
12
14
5
7
5
10
11
6
8
1
11
4
4
8
9
5
5
11
1
7
9
6
10
9
8
6
3
5
13
11
8
21
10
12
20
21
18
22
30
28
29
29
44
27
28
26
27
16
29
11
16
20
11
9
9
12
19
9
11
14
12
8
15
12
11
6
7
8
13
15
8
8
15
7
3
6
4
7
4
8
6
6
6
8
6
4
10
7
6
3
6
3
6
8
4
10
7
12
6
8
4
4
10
8
3
12
6
3
4
7
6
5
5
9
10
8
2
5
9
6
10
6
7
8
3
10
3
16
11
10
6
8
4
5
4
3
11
11
7
7
7
6
10
4
11
9
5
7
9
7
3
5
3
11
7
6
6
14
7
6
3
7
5
6
11
9
4
5
3
3
7
4
14
5
6
8
11
6
8
9
5
11
9
4
13
9
3
5
5
9
7
10
12
7
8
10
7
10
4
8
12
10
8
7
6
11
6
11
4
10
5
8
3
7
9
7
7
11
7
15
8
7
10
13
8
10
9
11
10
14
8
13
11
12
14
15
12
7
18
9
9
13
9
14
2
12
11
14
10
12
15
11
11
15
15
16
12
12
8
13
14
14
19
14
16
13
11
18
26
17
10
16
16
13
14
17
17
23
19
13
10
24
20
13
20
12
15
17
15
19
20
19
18
13
10
15
7
13
18
20
18
27
18
18
10
17
10
12
16
23
16
18
21
13
22
20
15
19
27
21
14
27
19
22
23
15
25
27
23
28
25
16
18
22
26
27
21
26
32
24
24
29
26
29
29
18
32
28
26
36
31
28
23
29
25
16
44
27
26
31
37
35
27
38
29
30
32
48
30
26
31
34
29
46
27
37
40
33
27
47
36
36
39
43
42
45
50
44
32
42
31
39
39
44
49
52
58
50
44
42
42
62
45
42
64
63
61
54
54
43
53
51
50
46
67
72
69
51
73
56
75
71
66
64
69
69
72
59
70
78
84
71
85
74
87
81
77
86
71
90
86
106
85
99
72
82
75
95
77
81
77
71
70
77
80
71
82
80
71
75
84
64
71
67
81
82
89
81
72
87
63
82
73
75
79
75
71
70
79
71
62
77
68
72
60
76
76
64
72
76
62
63
64
77
70
77
74
74
69
65
82
74
69
80
71
78
70
73
60
59
61
64
70
63
77
79
72
77
75
89
73
70
77
77
77
70
73
68
76
82
79
76
69
54
78
83
87
93
77
69
75
58
60
84
77
77
70
55
90
71
78
75
66
72
80
65
77
87
77
58
65
77
59
77
57
76
76
95
72
78
86
89
77
69
60
74
70
67
77
93
68
100
70
95
76
65
72
83
80
82
82
79
89
82
73
89
92
105
116
120
125
126
136
171
197
208
272
288
353
416
534
563
632
704
688
744
750
846
833
800
821
731
747
695
649
566
538
467
423
339
303
243
223
198
160
138
119
115
94
95
112
115
98
91
84
95
91
82
91
82
87
94
103
70
104
103
105
77
90
90
102
105
97
108
96
78
106
120
85
98
105
108
95
117
96
119
103
90
85
90
112
123
110
94
110
103
103
99
119
96
115
109
131
120
132
127
106
109
120
111
139
117
111
130
114
129
132
144
125
156
160
156
154
206
196
191
199
233
210
225
199
247
245
206
206
234
187
197
162
200
181
165
194
158
136
122
162
159
145
134
129
151
165
161
125
166
175
121
150
164
144
173
141
177
148
142
137
162
143
157
175
136
157
174
177
173
170
172
131
172
172
168
158
162
205
212
187
204
205
188
193
187
226
165
175
183
194
211
189
202
197
215
219
220
223
207
228
224
242
209
213
211
237
208
234
246
267
242
223
246
275
259
277
220
271
221
280
271
270
259
273
268
247
259
269
260
281
254
267
257
241
253
263
311
275
258
256
249
241
268
245
246
246
257
280
248
252
252
242
249
248
235
247
245
234
248
234
230
220
202
212
229
247
221
226
202
204
237
240
216
203
204
224
237
178
217
204
195
212
187
211
211
206
193
194
192
175
237
189
205
195
190
177
188
181
157
207
193
193
190
183
175
186
204
182
190
194
183
215
192
205
197
194
178
192
204
199
180
186
190
185
205
208
221
169
196
203
179
190
209
202
201
198
195
213
202
195
186
218
173
181
204
184
193
207
194
214
199
221
209
201
198
201
176
204
185
209
172
190
211
201
219
207
210
208
212
207
193
185
205
215
208
178
202
196
193
217
210
221
219
210
218
218
220
206
214
222
223
195
228
203
200
221
222
222
192
231
229
231
230
239
211
219
213
226
237
235
216
216
237
202
247
230
228
211
219
216
233
215
240
255
239
257
210
228
259
230
230
261
221
221
222
235
250
235
233
228
232
243
264
265
241
241
260
220
255
232
215
262
230
243
245
238
235
270
243
233
280
226
273
241
232
247
225
254
235
256
249
239
277
251
237
234
276
226
263
275
256
271
233
265
227
230
232
268
248
261
254
243
250
247
267
281
266
245
278
267
255
272
288
265
260
261
261
260
260
272
280
276
271
246
270
299
265
260
266
288
267
267
300
266
288
256
267
292
270
272
292
268
292
279
285
277
279
301
275
302
310
316
314
271
293
292
287
303
336
283
270
314
274
314
280
311
254
293
321
296
302
279
270
296
297
301
302
278
331
271
315
302
294
313
291
317
288
281
276
329
295
286
305
333
285
320
297
311
284
285
290
292
295
304
328
290
330
269
290
272
302
297
295
281
312
328
292
295
275
306
281
279
300
284
312
318
303
282
251
299
297
272
291
318
273
298
276
297
244
303
269
285
290
259
294
279
260
308
263
276
269
246
288
266
290
283
299
264
264
270
255
250
315
274
288
259
243
236
249
282
282
283
265
257
250
264
259
282
260
269
261
234
275
247
259
271
251
269
247
256
265
271
253
238
242
274
293
279
287
244
267
257
259
257
244
241
281
234
252
238
285
263
278
254
234
244
263
223
249
277
236
266
268
281
285
262
255
256
247
269
244
265
264
256
240
296
260
277
278
249
247
270
240
262
259
263
257
297
275
261
263
267
242
260
260
230
282
269
246
274
254
265
295
267
254
261
244
275
236
259
233
250
257
248
256
254
252
266
242
256
241
269
259
254
281
283
256
228
253
233
279
238
241
260
220
266
272
269
263
248
247
255
256
241
238
245
273
286
257
261
275
260
275
264
270
228
291
236
279
261
254
262
270
253
292
242
255
244
250
247
269
272
286
301
272
245
239
258
304
244
268
262
271
303
263
262
254
293
266
270
275
291
275
277
272
259
263
277
299
296
289
254
263
303
292
257
265
261
289
295
286
299
267
265
299
282
280
303
305
327
313
281
318
304
287
307
295
315
319
312
307
337
334
345
343
330
335
308
296
361
305
343
324
313
314
356
341
365
356
348
354
365
312
350
355
351
377
365
386
369
406
420
422
415
408
383
436
375
426
399
401
459
432
451
453
446
468
511
484
484
485
476
525
540
494
541
528
577
568
568
587
654
613
671
635
715
708
707
685
774
794
795
779
858
871
864
909
906
952
1038
1054
1059
1062
1087
1148
1142
1167
1227
1231
1297
1246
1375
1403
1435
1402
1466
1454
1430
1485
1476
1544
1534
1559
1599
1549
1582
1588
1532
1627
1557
1534
1548
1562
1543
1595
1536
1400
1496
1430
1516
1410
1370
1320
1331
1290
1289
1242
1195
1159
1098
1104
1091
1065
1000
989
939
944
898
899
786
810
731
745
727
736
677
645
612
624
628
565
545
578
495
504
523
496
482
442
459
451
428
407
395
388
386
369
385
354
360
342
380
323
341
325
316
324
304
306
304
288
298
282
303
276
285
287
287
295
253
245
267
235
215
277
280
233
264
230
269
256
227
247
243
245
239
235
231
290
276
254
299
295
293
338
321
276
317
347
323
376
389
403
375
406
399
426
449
473
438
421
454
492
480
468
487
494
474
496
426
419
407
429
406
408
334
356
335
307
306
292
256
291
260
228
236
230
191
216
156
186
199
159
186
182
194
174
170
171
157
169
176
163
163
179
177
175
181
192
156
175
185
193
217
194
187
163
208
193
208
205
184
210
189
216
229
217
217
244
252
214
245
231
234
233
256
236
261
262
240
253
279
225
244
267
260
253
283
272
239
273
270
261
292
318
283
293
308
308
277
312
290
281
299
275
281
295
287
282
284
294
265
264
281
235
252
253
260
245
219
228
227
242
235
243
209
210
219
209
201
216
187
196
211
211
157
161
171
152
143
177
180
167
145
135
155
154
152
146
162
136
125
123
154
128
123
137
109
118
125
114
113
103
124
100
111
95
103
93
91
105
104
87
106
99
97
91
115
83
89
93
108
98
82
83
88
98
82
77
84
90
93
69
95
70
80
83
77
67
78
75
87
88
66
73
75
74
72
66
74
68
68
66
63
80
65
73
60
62
58
71
54
60
60
55
66
57
77
77
60
59
62
61
66
62
57
63
54
70
62
70
78
80
63
60
82
71
69
89
76
81
89
83
86
81
81
95
78
98
81
83
64
81
84
74
82
95
71
74
57
70
57
67
80
65
55
50
59
51
37
59
44
42
57
55
55
45
48
40
49
53
51
63
49
45
54
64
46
52
55
55
50
58
42
58
60
45
64
43
41
57
41
34
57
46
42
43
38
38
44
40
44
38
45
43
47
41
38
53
53
43
33
50
56
50
28
41
45
54
39
49
53
46
32
35
42
41
44
31
36
39
32
37
40
30
38
33
29
38
44
40
48
34
48
32
34
42
48
34
30
33
43
37
44
35
35
40
45
33
41
40
34
35
38
44
31
39
33
36
31
37
27
40
42
36
28
32
30
39
35
43
32
33
34
29
38
45
34
35
35
26
36
44
33
39
41
29
24
26
30
31
35
38
31
26
28
32
31
37
37
29
26
32
36
34
17
31
27
31
23
21
33
20
30
31
28
32
37
29
41
33
27
30
27
42
31
32
24
41
27
25
29
21
40
30
38
30
33
29
28
36
24
24
29
23
27
26
38
30
27
30
29
22
34
21
27
27
23
29
26
30
32
28
29
23
22
18
27
21
22
25
30
28
14
25
30
24
25
21
20
28
35
21
29
24
28
29
22
24
24
27
23
30
22
22
39
23
32
22
27
23
35
23
33
15
21
21
26
20
23
25
21
16
26
36
25
20
32
22
28
29
15
21
31
20
18
23
25
25
16
22
26
15
21
15
25
23
19
22
22
29
16
20
24
26
28
24
24
19
26
26
27
14
23
19
22
16
21
20
23
19
24
19
27
14
22
15
18
20
12
19
25
19
24
15
12
22
24
23
23
16
17
20
28
26
17
23
16
16
18
15
31
19
12
23
24
17
15
11
15
16
17
19
19
15
24
20
21
15
23
10
14
17
20
16
13
22
11
21
17
20
17
17
11
18
14
14
24
12
16
19
18
18
16
19
22
12
19
18
13
12
20
21
9
18
11
16
16
15
13
12
11
10
21
18
17
9
16
24
15
23
8
19
12
23
18
9
11
19
15
18
14
11
19
19
19
16
29
16
25
19
11
16
23
12
16
18
16
13
13
17
17
26
14
16
22
16
10
14
14
15
15
19
11
9
15
16
7
15
12
16
13
12
9
13
12
12
9
17
13
15
2
16
14
15
10
16
16
14
15
16
13
9
9
12
12
7
6
11
16
20
12
12
8
7
13
10
8
15
16
10
12
11
17
4
14
13
15
18
13
21
13
9
13
13
14
14
10
12
15
15
14
10
6
14
12
7
8
8
7
8
19
7
8
16
5
8
18
12
14
8
13
15
15
13
13
14
12
6
11
10
10
20
15
12
9
9
11
6
10
18
5
14
10
11
6
10
10
14
15
6
14
9
3
6
7
7
12
8
7
11
7
12
6
7
6
10
8
14
5
7
7
12
7
10
9
11
8
12
16
13
11
8
8
5
2
7
4
8
11
11
8
10
18
13
3
8
10
5
10
5
11
5
4
6
10
8
10
9
6
11
11
4
6
13
9
10
8
10
10
12
6
14
5
6
11
14
7
3
5
11
2
6
7
4
6
11
7
4
10
6
4
5
4
8
7
4
8
9
4
5
8
7
13
9
9
6
8
5
6
9
12
5
4
8
9
8
5
4
8
6
6
2
6
3
10
11
8
8
5
5
8
7
3
3
8
4
3
3
9
10
7
5
6
10
5
4
7
6
10
2
5
8
5
6
8
9
8
7
7
7
4
4
7
4
5
5
5
5
9
1
6
4
6
5
7
5
8
6
4
8
3
5
6
3
5
4
4
12
6
11
4
6
7
8
3
6
7
7
6
7
12
5
5
6
7
7
5
9
2
12
4
8
4
9
4
4
5
5
11
5
4
6
5
6
5
6
10
6
4
2
8
4
4
3
5
1
4
7
4
2
7
4
6
5
1
6
4
5
3
7
6
7
6
2
4
9
4
3
9
6
4
2
3
2
7
3
3
4
5
5
2
7
4
2
3
2
4
1
8
6
6
6
9
5
4
1
5
3
2
1
2
3
3
4
5
3
4
3
5
3
3
3
4
3
2
3
6
11
3
3
8
2
1
6
3
2
5
2
4
4
1
4
6
2
1
2
4
3
2
3
8
4
3
5
4
3
6
5
4
2
1
2
6
3
5
5
4
3
3
1
1
3
7
4
2
6
3
7
4
4
3
6
4
2
3
5
5
3
9
2
3
2
4
2
3
4
4
1
1
2
3
4
3
2
4
4
2
2
2
2
1
3
4
2
4
2
3
6
0
4
1
3
1
7
5
5
2
3
3
4
3
5
2
6
2
2
3
3
3
3
2
8
4
2
2
2
5
2
4
1
3
5
1
1
2
2
1
3
2
4
4
3
2
1
2
3
2
2
6
2
3
3
3
1
2
3
0
3
3
1
2
1
2
0
2
6
0
1
2
3
1
2
4
3
7
3
1
4
2
0
3
1
0
2
0
4
4
5
1
3
6
2
0
1
5
2
4
2
5
5
1
1
2
4
3
1
3
6
2
3
1
5
0
2
1
1
1
0
0
1
2
1
0
6
3
3
1
2
3
3
0
3
1
2
0
0
2
2
1
2
3
1
2
0
3
3
1
0
0
1
1
1
3
1
0
1
0
1
2
1
2
0
2
1
0
1
4
0
3
3
2
1
1
2
5
1
1
0
4
6
0
0
2
2
3
2
0
2
3
3
1
2
1
1
0
1
0
1
3
0
0
2
1
0
2
1
2
2
1
2
1
0
2
1
2
2
1
0
0
1
1
0
0
1
0
0
2
1
2
1
3
0
3
1
0
1
0
1
2
0
0
1
0
2
0
1
2
4
0
0
0
0
1
2
2
1
2
1
1
0
1
4
2
2
1
1
0
0
1
0
1
1
0
2
1
3
4
0
0
4
1
0
1
3
0
0
2
0
0
2
1
0
1
0
2
2
0
3
0
3
1
0
2
2
0
0
2
0
0
3
0
1
1
2
0
0
1
1
3
0
0
1
2
0
0
3
0
1
1
1
0
1
2
1
0
1
2
0
0
2
0
0
0
1
1
3
3
0
1
1
0
1
0
2
1
1
2
1
0
2
0
1
2
1
0
1
0
0
0
0
0
2
0
2
0
1
0
1
1
0
2
1
0
3
1
0
1
0
1
1
3
0
0
0
0
0
1
0
1
1
2
0
0
1
0
0
0
0
0
0
1
2
1
0
1
0
0
2
3
2
0
1
0
1
0
2
1
1
1
2
0
1
0
2
0
0
1
0
0
1
0
0
1
0
1
2
1
2
0
0
1
0
0
0
0
0
0
0
0
2
0
0
1
0
1
0
0
0
0
0
0
0
1
2
0
0
1
1
0
0
1
2
1
0
2
0
1
1
1
0
0
0
2
1
1
2
0
1
0
0
2
2
0
1
0
1
1
0
0
0
1
1
0
0
1
0
0
0
0
1
2
1
2
0
1
0
1
0
0
1
1
0
2
1
2
0
1
0
0
0
0
0
0
0
0
1
0
1
1
0
0
0
0
1
0
2
0
2
0
0
2
0
0
0
0
2
1
0
0
0
2
2
1
3
0
1
1
0
0
0
0
0
0
0
0
0
1
1
0
0
2
0
1
0
3
0
0
1
0
0
0
0
0
0
1
1
0
1
0
1
0
0
1
1
0
1
0
0
0
1
0
0
0
0
0
2
1
0
0
1
0
0
0
0
0
1
0
0
0
0
0
0
0
0
0
0
0
0
0
0
1
1
0
0
0
0
0
0
0
1
0
0
0
0
1
0
0
0
0
0
2
0
0
0
1
0
0
0
0
0
0
0
0
0
0
0
0
0
0
1
1
0
1
0
0
1
2
1
1
0
0
0
1
0
0
0
0
0
0
0
0
0
0
0
2
0
0
0
0
0
0
0
1
0
0
0
0
0
0
0
0
0
0
0
0
1
