0
0
0
0
0
0
0
0
0
0
0
0
0
0
0
0
0
0
0
0
0
0
0
0
0
0
0
0
0
0
0
0
0
0
0
0
0
0
0
0
0
0
0
0
0
0
0
0
0
0
0
0
0
0
0
0
0
0
0
0
0
0
0
0
3
1
5
2
1
3
4
3
3
3
2
2
3
4
0
3
3
6
11
34
127
361
867
2250
4742
9384
16798
27480
41057
54195
66473
72940
73447
66733
54954
41438
28258
17456
10016
4890
2327
1049
383
133
41
14
5
7
3
0
3
1
3
0
1
0
0
1
1
0
1
1
0
1
1
0
1
8
71
40
54
57
62
55
47
51
69
50
65
64
52
45
56
50
43
60
49
47
56
54
51
44
41
54
45
56
47
44
43
40
33
38
52
45
39
40
48
49
37
45
40
37
40
47
43
38
50
57
42
37
56
52
47
41
61
40
46
51
39
45
57
44
35
52
55
66
60
67
77
67
83
96
96
90
111
83
119
72
71
64
77
56
67
48
68
26
46
46
48
50
48
54
50
57
71
58
57
56
58
62
61
65
65
70
84
92
87
88
105
109
109
117
131
140
174
173
166
185
183
230
280
338
449
595
901
1416
2251
3681
5692
8519
12155
16822
21458
26247
30243
33432
34693
34457
32156
28636
24221
19311
14789
11146
8017
5550
3990
2877
2045
1517
1138
833
575
445
329
271
212
236
248
328
347
397
409
412
424
417
382
305
276
207
136
126
91
76
75
50
39
38
47
36
28
26
21
18
15
8
14
7
8
12
10
9
8
7
12
10
15
12
12
7
9
23
8
12
12
2
8
12
6
7
6
14
10
7
7
10
10
12
6
14
10
14
11
10
17
12
21
13
23
20
27
25
24
20
23
25
21
20
21
22
19
18
19
25
16
17
16
18
19
23
21
24
15
22
13
13
21
15
23
20
18
17
12
25
14
8
15
14
6
6
8
6
15
6
5
4
5
7
4
5
7
8
6
5
9
5
2
3
7
8
4
1
7
6
5
10
9
7
2
11
10
9
18
16
22
34
20
31
30
33
32
22
28
18
32
19
21
9
7
7
11
7
7
10
14
8
9
10
19
10
10
8
7
10
12
7
10
8
15
9
2
6
4
7
5
7
5
5
8
5
7
3
3
5
3
5
6
8
4
8
5
4
8
10
11
8
4
8
5
11
5
6
9
4
7
14
6
8
6
11
5
7
3
4
7
6
5
5
6
7
5
8
6
6
7
8
6
6
9
4
5
9
6
3
8
4
6
7
7
12
7
7
8
8
6
6
3
6
10
10
6
8
9
10
11
5
5
7
6
8
7
7
7
9
2
6
9
4
10
5
7
6
5
7
5
8
5
8
2
7
9
10
9
7
8
10
15
11
6
10
4
12
9
12
10
8
7
13
12
12
13
10
7
5
12
8
13
10
12
9
12
10
12
11
12
15
5
9
11
11
11
14
15
13
12
12
15
7
7
10
11
7
12
8
11
11
12
18
15
12
11
16
12
13
16
9
11
9
15
11
16
14
12
18
24
23
13
20
12
24
13
17
21
14
16
17
14
20
15
17
16
19
16
22
21
17
20
13
18
13
26
19
21
20
19
24
14
16
22
20
20
10
15
16
15
12
11
18
16
19
22
11
23
14
14
16
22
24
15
17
16
22
20
21
22
23
27
21
16
30
27
17
28
20
25
22
26
23
26
28
23
26
22
20
23
23
28
24
23
29
28
25
32
26
24
29
28
37
40
25
31
38
24
33
32
29
27
25
22
29
35
30
34
37
39
36
34
38
31
40
33
31
46
35
44
34
39
30
41
38
48
46
32
42
38
23
37
40
38
23
41
37
39
42
51
36
40
47
38
46
38
39
53
53
54
47
53
46
67
60
51
54
65
56
61
74
64
50
64
54
69
57
64
53
67
52
59
59
90
71
85
90
89
78
99
85
88
107
102
88
112
91
87
94
100
89
82
112
91
84
73
74
54
87
95
86
89
80
77
78
66
71
78
88
83
72
91
79
71
85
89
74
87
92
80
78
87
86
91
79
80
83
71
89
77
87
84
85
82
85
72
82
82
94
78
91
105
80
67
89
74
66
79
76
100
77
81
103
81
78
93
69
81
87
79
62
89
76
71
82
75
80
56
80
84
84
80
75
93
92
93
72
88
100
84
74
68
79
83
63
83
82
85
73
71
72
63
90
83
73
65
87
77
79
74
69
91
98
94
78
93
75
87
76
94
103
90
84
71
76
90
91
91
94
76
82
100
99
91
90
81
85
93
88
88
83
88
89
102
103
89
80
107
99
88
99
102
102
129
140
146
179
204
233
279
304
356
469
475
514
566
690
682
758
820
868
855
882
939
826
795
735
667
617
547
496
401
362
323
256
244
202
179
153
141
146
147
111
97
96
108
85
91
101
91
91
82
90
99
97
96
105
106
106
84
105
105
91
101
97
87
99
84
105
101
108
90
129
117
114
100
105
110
102
96
104
118
97
116
107
110
119
128
119
127
114
96
101
118
121
112
101
125
103
127
130
109
116
104
119
136
125
147
146
147
152
164
140
186
152
187
207
201
202
192
212
198
221
241
230
218
245
201
228
219
185
205
161
190
178
174
164
148
151
142
146
179
145
146
144
136
149
122
174
160
171
155
164
158
158
163
176
161
159
172
158
146
173
154
178
171
153
145
143
154
183
166
149
181
180
194
189
203
187
199
186
199
198
171
214
224
209
171
187
233
224
205
206
207
227
237
208
226
224
233
253
242
249
229
247
269
266
251
260
264
272
259
287
280
305
272
295
310
311
316
286
316
317
348
302
346
325
355
325
336
337
343
340
334
342
366
363
378
380
385
373
333
413
381
364
389
346
358
413
375
384
387
372
362
356
370
376
355
365
330
362
334
362
342
323
347
353
292
328
294
300
294
291
282
310
309
302
326
280
299
282
281
275
285
244
283
281
257
283
271
274
266
225
250
207
251
239
262
262
234
227
237
215
241
231
235
243
256
245
222
234
207
237
211
213
208
230
216
200
228
220
195
243
205
214
205
205
189
228
205
212
205
216
166
196
226
222
181
187
215
207
204
239
194
195
221
224
228
222
225
202
211
207
209
236
208
235
225
221
202
205
215
224
236
231
233
240
223
214
188
228
240
209
211
247
239
243
244
253
227
220
229
238
257
235
251
270
254
231
251
247
229
267
255
269
281
260
225
263
272
232
242
260
262
263
247
223
259
242
254
255
248
241
231
254
221
202
235
260
237
218
232
244
258
232
232
250
260
239
231
247
218
238
248
253
234
228
239
209
256
258
251
245
270
246
254
249
233
266
257
246
237
258
237
284
247
263
233
233
265
270
237
251
250
248
243
248
242
264
239
273
257
277
278
252
238
250
267
256
275
225
276
261
256
254
261
237
228
246
260
245
242
238
272
236
258
271
268
250
269
244
268
284
276
281
278
261
257
262
261
269
240
296
259
266
248
275
269
267
277
296
261
258
265
295
298
275
247
300
233
302
277
281
281
273
261
278
256
283
297
267
295
280
269
277
309
287
276
307
260
280
292
294
284
282
288
271
312
285
286
290
319
279
290
282
247
321
284
304
289
322
321
294
300
317
269
289
296
294
295
280
309
289
288
271
316
315
287
319
324
305
328
312
319
314
284
308
319
295
309
310
293
319
323
301
289
330
298
303
297
310
296
320
282
292
291
270
290
276
316
321
290
298
293
323
280
287
278
307
286
303
266
294
257
307
283
299
276
271
268
282
311
274
283
260
256
293
281
281
282
262
260
252
258
251
286
302
283
278
252
261
286
288
251
291
277
251
238
264
264
262
273
270
266
269
280
257
275
291
295
280
280
275
254
246
234
268
319
248
290
294
254
253
257
284
265
250
283
272
266
254
251
243
249
280
275
273
250
256
247
273
267
274
229
261
295
248
275
243
262
235
250
265
258
244
291
252
262
264
295
219
242
271
274
257
223
286
269
232
225
236
245
274
267
263
240
276
249
252
252
264
258
291
245
293
246
262
279
234
220
268
255
233
261
250
267
231
236
244
238
249
253
238
250
248
265
253
249
235
260
260
234
274
272
255
258
227
238
247
266
244
264
268
217
254
274
236
261
285
251
217
233
243
251
240
227
251
268
264
262
257
248
287
246
266
299
253
254
281
254
257
269
290
256
231
249
271
248
221
276
267
236
229
252
263
274
245
254
260
254
237
287
239
246
297
247
262
268
260
266
241
254
274
304
268
231
292
277
274
267
261
275
285
297
239
256
280
296
273
242
268
296
298
286
284
294
309
308
303
250
281
282
304
278
276
291
317
292
329
305
312
313
291
322
332
310
340
301
347
289
341
313
363
327
310
363
391
364
364
383
327
350
365
373
340
383
336
407
356
384
389
413
399
418
432
423
392
453
429
465
506
485
456
485
503
492
500
490
484
529
588
534
567
545
597
586
595
623
659
639
689
753
710
733
772
749
846
869
853
868
932
937
1009
1034
1069
1071
1104
1167
1167
1152
1201
1237
1283
1310
1320
1465
1378
1346
1322
1349
1394
1510
1448
1417
1502
1472
1541
1494
1522
1552
1461
1469
1504
1484
1439
1400
1391
1411
1431
1446
1386
1342
1274
1237
1233
1181
1143
1116
1149
1086
1049
1011
1002
955
952
944
871
814
862
796
761
723
786
701
665
623
602
601
584
567
578
565
559
504
507
461
474
391
424
409
441
413
394
341
372
386
340
323
333
366
326
318
376
356
300
296
294
289
292
283
300
282
251
247
256
268
269
236
244
259
264
255
275
247
237
227
230
229
240
222
230
248
205
243
217
231
209
235
234
269
244
235
269
276
272
317
275
294
341
332
325
324
330
353
349
380
418
398
413
470
440
409
424
427
434
404
411
463
423
419
405
432
409
360
361
339
316
333
273
272
315
259
263
227
215
200
200
179
186
175
193
168
152
149
165
162
158
143
150
173
132
176
148
143
148
161
155
158
157
175
163
155
159
154
163
155
162
166
179
153
173
165
183
194
204
175
169
206
214
201
216
209
220
216
223
211
205
222
218
226
216
225
234
249
248
247
229
235
248
236
238
220
273
265
267
252
257
272
265
253
291
254
279
266
244
269
266
248
254
249
260
233
211
245
220
209
232
239
213
221
208
208
239
243
166
192
198
193
191
194
196
175
170
153
155
175
147
163
149
149
157
157
148
146
114
140
126
130
129
112
152
112
124
129
116
101
131
138
118
126
108
100
89
93
104
107
99
92
98
79
102
87
99
80
88
98
70
92
66
66
94
94
78
84
83
62
85
58
69
86
77
82
69
72
79
56
72
70
71
67
76
61
62
58
64
67
56
67
52
61
73
57
63
72
61
60
61
64
54
53
72
52
69
46
55
66
53
59
51
59
61
53
71
58
59
57
58
67
56
49
52
55
50
61
67
70
62
80
67
63
71
64
72
85
66
81
76
57
85
87
77
74
68
86
71
72
69
70
59
65
67
68
61
56
39
39
50
52
50
48
45
46
38
34
42
50
41
45
31
45
39
44
40
41
45
53
46
33
31
41
56
38
44
34
49
42
57
36
52
49
41
47
35
45
34
37
40
28
27
29
42
35
40
41
48
44
32
25
34
34
37
30
33
33
26
34
37
40
41
33
37
29
35
37
24
29
34
40
28
27
25
40
41
30
15
30
26
24
32
27
34
38
30
33
21
33
47
32
27
23
31
35
31
29
26
27
35
35
36
37
32
34
30
22
30
26
29
24
29
37
31
26
29
26
27
25
28
31
33
34
29
26
31
23
41
40
33
39
37
24
30
22
30
25
24
34
22
29
26
23
29
28
22
28
31
28
31
21
35
29
26
29
21
27
32
22
23
29
30
24
20
18
20
28
29
25
29
25
31
27
27
16
25
25
33
19
33
24
27
22
20
23
28
27
24
19
27
17
25
20
29
21
16
22
23
27
22
23
20
20
15
30
30
21
28
22
22
16
20
15
22
25
22
29
19
19
22
18
23
24
23
20
31
35
13
14
24
20
21
21
21
22
18
25
19
17
32
18
26
32
12
24
16
27
22
19
11
17
25
27
19
29
18
12
22
15
24
29
21
25
20
12
18
19
16
19
18
22
16
29
13
16
19
14
14
15
12
20
17
27
21
19
15
18
13
17
15
18
17
11
23
17
23
16
12
20
12
19
11
16
16
24
16
13
19
22
20
13
17
19
17
8
13
17
9
19
11
14
20
18
17
17
12
16
16
15
19
18
20
13
14
14
17
21
15
12
12
11
11
14
12
20
13
20
17
11
16
14
11
11
19
23
15
14
16
13
13
11
11
17
17
15
13
17
13
13
15
10
13
18
14
18
10
22
14
18
13
17
16
10
10
9
11
11
15
12
16
9
12
22
15
13
18
9
17
11
12
6
16
11
13
13
14
14
11
10
12
13
8
14
10
8
11
10
8
11
10
13
8
15
10
16
6
14
18
9
10
8
11
11
13
10
12
12
6
13
8
7
13
10
6
10
6
11
7
8
13
11
9
9
11
12
8
12
12
11
10
12
5
19
11
10
9
15
5
13
10
14
12
14
9
6
6
14
12
10
17
16
10
14
8
7
12
14
10
12
13
9
14
6
13
14
6
12
10
5
9
17
8
8
6
5
6
11
13
3
9
11
9
7
12
13
10
12
4
3
12
11
8
12
11
10
10
10
8
6
7
5
6
5
6
8
11
8
9
12
8
11
9
5
9
12
7
9
10
5
6
11
16
4
11
16
5
10
5
11
6
16
11
7
7
4
7
9
9
7
7
9
11
5
9
11
5
10
3
6
14
13
8
11
12
8
7
7
7
7
12
6
5
5
2
3
6
1
8
8
6
5
3
7
6
4
2
9
7
12
5
7
4
6
4
8
4
10
13
8
12
8
5
3
5
5
2
8
4
4
5
5
6
5
6
13
3
5
7
7
10
4
5
7
5
11
7
5
7
13
4
3
4
6
8
5
4
6
10
5
8
6
3
7
7
7
2
3
7
5
7
7
7
10
2
8
9
8
5
7
5
4
2
8
3
3
5
4
5
3
4
8
4
5
6
5
2
6
8
6
8
10
4
3
8
4
6
5
3
6
5
3
2
5
4
3
5
4
5
8
8
5
5
3
1
5
2
7
6
6
6
8
5
8
7
5
7
4
7
3
4
8
3
4
4
9
4
2
3
3
3
6
5
7
3
5
1
3
8
3
6
7
2
3
6
2
4
1
4
5
4
4
4
4
2
8
3
3
2
4
6
7
5
5
3
3
5
5
2
6
4
5
3
3
1
6
5
2
6
3
3
2
5
2
6
7
3
3
5
4
5
4
1
1
5
5
7
3
3
3
3
6
3
5
1
3
2
3
8
6
4
2
1
5
7
2
3
1
3
1
3
2
6
4
2
2
5
4
2
1
1
5
2
3
3
3
3
2
2
5
6
5
3
3
5
1
4
1
3
1
1
3
3
4
3
2
2
4
4
3
0
4
3
2
3
4
1
5
4
2
3
1
6
3
5
5
5
1
1
1
1
1
4
1
2
3
3
2
5
4
3
1
3
5
1
5
2
5
4
3
4
2
5
3
3
1
2
1
3
0
2
6
1
1
2
0
3
2
1
3
3
0
3
2
6
3
0
5
3
1
2
2
2
1
4
2
3
4
1
1
2
2
2
1
1
0
3
3
1
1
5
5
0
1
1
5
1
2
2
2
3
1
3
1
1
3
3
3
0
1
3
3
2
4
1
1
4
3
1
3
4
2
3
0
3
3
3
6
2
4
4
0
2
1
2
1
2
2
3
2
2
1
3
2
3
1
4
1
2
2
3
1
4
0
1
1
1
0
0
0
0
1
2
0
3
0
0
4
1
2
1
0
0
1
0
2
3
1
2
2
2
1
0
0
2
1
1
2
4
2
2
2
2
1
3
2
3
2
2
2
4
0
1
2
1
1
1
0
1
3
2
1
2
2
0
0
1
1
3
0
0
1
0
0
1
3
1
1
2
1
0
2
0
0
0
1
4
0
1
0
3
1
1
2
0
0
0
1
2
2
0
1
0
0
0
2
0
1
2
1
0
3
1
0
2
2
3
0
1
1
2
1
1
3
0
0
1
1
0
0
2
1
2
0
2
2
2
0
1
1
1
1
0
2
2
1
1
0
1
0
0
0
0
3
0
0
1
0
2
1
0
1
0
1
3
0
1
3
1
1
3
3
1
1
0
0
1
2
2
1
2
0
1
3
1
0
1
1
1
0
1
0
1
2
1
2
0
4
3
0
0
0
1
2
0
1
2
1
1
0
0
1
0
1
3
1
2
0
1
0
3
0
1
0
1
1
2
2
0
0
0
1
0
0
1
0
1
0
0
1
0
0
1
0
1
1
0
0
1
0
0
1
2
0
2
1
0
1
1
0
1
1
1
0
2
1
1
1
0
0
0
0
0
0
1
2
0
0
0
0
2
0
1
0
1
0
1
1
2
0
2
0
1
0
0
0
1
0
0
0
0
0
0
0
0
0
1
1
0
0
1
0
1
1
0
2
1
0
0
1
1
1
3
1
0
1
1
0
0
2
0
0
0
1
0
0
0
0
0
1
0
0
0
0
0
0
2
0
1
2
1
1
0
0
1
0
1
0
0
0
0
0
0
1
0
0
1
0
1
1
0
0
0
1
0
2
0
0
1
0
1
2
1
0
0
0
0
0
1
0
0
1
0
1
1
0
1
0
1
0
0
0
0
0
0
0
0
1
2
0
1
1
0
0
0
1
0
0
1
0
1
2
0
1
1
0
1
0
1
0
0
1
1
0
2
1
2
0
0
0
0
2
1
0
0
0
1
0
0
0
0
0
1
0
0
0
0
0
0
1
0
0
1
1
0
1
1
0
0
0
0
1
1
1
0
0
1
0
0
0
1
0
1
0
2
0
1
0
1
0
0
0
1
0
1
0
0
0
0
0
0
0
0
0
0
1
0
2
0
0
0
0
0
1
0
0
0
1
0
0
1
0
1
0
0
0
1
0
1
0
0
1
0
0
0
1
0
0
0
0
1
0
0
0
0
0
0
0
0
1
0
0
0
1
0
0
0
1
0
0
0
0
0
0
0
0
0
2
0
1
0
1
0
1
0
0
0
0
0
0
0
0
1
0
0
0
0
0
0
0
0
0
0
0
0
1
0
1
0
0
0
0
1
0
0
1
0
0
0
0
0
1
0
0
0
0
0
0
0
0
0
2
0
0
0
0
0
0
0
0
0
0
0
0
1
3
1
2
0
0
0
0
0
0
1
0
0
0
0
0
0
0
0
0
0
1
1
0
0
0
0
0
1
0
0
0
0
0
0
0
0
0
1
0
0
0
0
0
0
0
0
