0
0
0
0
0
0
0
0
0
0
0
0
0
0
0
0
0
0
0
0
0
0
0
0
0
0
0
0
0
0
0
0
0
0
0
0
0
0
0
0
0
0
0
0
0
0
0
0
0
0
0
0
0
0
0
0
0
0
0
0
0
0
0
0
0
0
0
0
1
1
2
1
2
7
4
2
3
5
4
0
4
7
10
37
119
333
913
2223
4914
9584
17328
27767
40919
54138
66098
73113
72853
66414
55366
41173
28093
17427
9819
4940
2390
1031
427
123
40
17
9
1
2
2
1
1
0
2
2
0
1
1
0
0
0
1
0
0
0
0
0
13
61
58
58
52
58
60
68
47
59
46
50
38
48
46
44
52
45
51
65
46
43
55
48
38
47
41
43
58
44
50
45
40
57
44
36
56
39
53
47
35
38
44
46
39
42
40
51
55
41
48
50
50
51
38
54
44
42
45
46
54
53
66
65
43
56
54
52
68
56
72
73
74
97
86
117
103
115
100
91
80
67
76
69
70
70
59
59
48
47
55
47
58
47
63
50
59
57
59
64
65
54
64
69
78
71
67
83
80
74
80
77
129
111
118
130
121
136
146
153
173
187
173
234
241
314
448
748
1185
2004
3373
5348
8131
11722
15804
20824
25308
29181
32095
33426
33081
30782
27225
23155
18499
14067
10672
7558
5418
3887
2668
1983
1439
1063
759
545
354
291
236
199
220
233
286
351
408
424
401
470
428
355
357
254
207
155
139
93
70
58
54
45
50
39
29
31
37
22
22
19
16
11
20
12
5
12
11
14
12
9
10
8
12
13
7
6
7
8
12
12
7
14
17
11
7
7
7
4
6
9
7
8
5
14
8
9
11
15
10
12
22
16
22
17
25
26
23
29
22
26
29
15
17
20
24
26
19
28
16
22
19
20
24
16
13
18
14
14
24
11
17
14
19
20
20
15
17
17
16
9
4
12
9
9
8
2
10
8
10
9
6
6
11
3
8
6
7
7
4
10
9
5
7
7
4
7
5
8
2
2
8
7
7
11
11
18
13
19
15
19
27
27
29
36
27
36
35
29
31
18
19
25
9
10
18
12
8
12
16
13
9
8
16
11
10
2
10
16
12
12
15
8
10
5
13
9
9
4
11
5
6
5
2
11
12
3
11
3
3
6
6
5
7
7
10
5
12
5
9
5
6
9
11
12
3
7
10
6
5
5
11
3
6
4
10
4
7
6
5
6
6
9
7
5
4
5
7
3
6
9
8
6
8
7
9
6
8
5
6
7
6
5
10
5
6
6
7
7
2
5
8
8
7
12
6
4
10
6
14
2
11
14
8
10
3
5
6
3
8
7
6
14
7
8
4
8
7
6
8
6
8
8
4
8
9
7
5
12
7
7
6
8
15
10
7
16
4
6
7
15
9
10
8
11
8
12
10
7
12
12
4
8
15
11
9
12
6
6
9
8
9
11
6
6
6
13
10
12
9
11
6
9
13
4
11
4
16
14
5
8
15
11
12
15
12
12
13
13
12
10
7
10
13
10
16
15
10
12
12
15
12
17
15
13
13
19
17
16
16
15
15
15
13
10
15
13
11
17
16
21
15
18
19
12
14
20
16
18
18
18
21
13
13
14
18
21
17
13
11
20
14
14
17
21
19
22
25
21
22
21
30
15
12
33
19
20
20
23
26
26
20
20
24
12
28
16
30
22
20
23
26
24
19
15
20
29
12
30
27
24
17
29
27
27
19
27
27
25
30
31
30
26
27
26
30
28
26
32
22
29
24
23
29
23
33
34
31
25
42
36
43
37
32
20
44
30
33
37
38
31
39
45
32
26
38
40
41
35
32
32
47
46
53
41
41
36
43
62
47
46
55
48
44
52
57
55
61
66
51
59
38
69
59
56
54
50
49
50
54
60
66
74
54
53
60
75
67
70
72
82
84
57
68
73
79
73
91
83
67
91
92
74
72
102
85
100
99
85
91
91
85
91
92
72
75
72
86
71
91
66
77
76
70
73
77
74
71
82
79
76
70
78
66
72
73
68
64
60
71
85
74
65
67
83
75
68
84
63
73
62
69
72
82
70
66
76
88
64
63
70
64
72
58
76
93
71
70
73
71
59
70
61
80
68
72
81
70
78
69
74
70
61
66
67
79
68
68
55
66
68
78
59
65
63
78
68
77
66
80
81
77
77
62
66
75
75
82
63
79
63
75
70
83
87
67
95
65
74
81
70
74
78
73
84
69
77
75
84
67
79
90
62
65
82
70
73
80
82
78
79
87
63
72
88
70
67
91
92
88
70
88
75
71
84
93
96
95
94
75
86
93
100
104
111
139
160
174
201
228
273
320
364
437
484
541
630
627
709
780
847
777
796
839
815
774
731
690
604
575
494
463
389
318
306
245
215
157
160
158
124
138
105
95
97
77
87
95
100
92
96
91
93
106
94
98
94
100
83
108
84
97
90
91
81
109
78
99
94
100
107
100
123
103
101
112
100
90
108
95
107
90
108
110
106
107
96
98
103
129
106
116
92
118
127
121
90
100
104
121
123
114
119
119
122
127
141
117
126
135
151
132
151
154
128
156
159
197
202
187
202
229
192
239
263
216
219
230
229
232
210
197
182
184
159
197
182
163
153
147
153
138
161
145
170
158
140
170
147
143
136
162
142
146
153
152
170
159
188
162
176
151
177
146
181
177
166
150
152
189
164
173
193
190
165
183
173
151
190
198
175
183
190
176
192
203
203
196
206
206
193
214
176
216
205
215
208
218
226
211
203
232
216
226
232
239
250
243
236
274
249
241
251
261
257
251
278
251
258
247
264
241
276
257
264
269
267
266
309
275
285
251
235
262
282
249
258
283
238
252
242
284
246
238
264
240
245
239
241
239
250
247
253
253
226
241
251
217
203
232
222
226
241
215
204
214
198
207
227
233
236
216
212
217
211
203
206
216
199
212
232
227
210
203
224
208
220
203
209
213
209
223
191
191
178
194
187
219
202
213
189
210
206
178
186
203
181
230
225
196
180
177
218
208
195
202
181
187
194
217
207
178
203
172
210
195
190
223
173
219
194
181
209
192
211
193
196
175
183
198
219
210
221
213
211
203
207
233
215
217
234
221
205
216
197
193
186
190
233
218
226
223
194
222
182
207
201
198
195
222
190
228
200
209
195
214
203
193
225
215
205
203
211
200
223
219
222
205
214
244
222
206
188
214
243
242
219
219
214
202
225
215
220
209
227
227
192
219
226
252
211
232
200
232
216
248
210
229
221
214
208
227
210
234
233
250
228
224
240
232
220
266
252
254
216
224
275
214
245
235
226
235
253
268
233
226
243
243
222
271
263
235
253
231
248
216
255
253
268
270
246
254
240
233
247
254
231
258
237
239
267
247
227
262
230
276
254
269
231
268
239
244
264
242
262
249
263
263
278
265
247
265
268
250
265
293
233
226
278
269
267
252
255
262
243
250
252
250
247
245
280
272
267
264
271
272
284
210
266
267
248
311
262
265
289
281
261
282
292
281
240
295
293
277
273
255
309
320
266
257
280
309
281
309
286
279
291
323
284
300
323
274
319
305
290
278
300
297
317
302
314
322
332
316
292
303
311
335
300
320
323
298
305
331
319
345
295
302
322
337
335
344
296
330
328
309
324
307
300
306
314
300
310
318
302
298
292
328
337
299
324
311
305
285
280
298
314
307
317
317
301
274
291
299
338
260
299
338
301
271
291
281
278
303
305
298
304
314
297
277
299
283
298
281
272
277
301
278
274
291
270
274
296
219
278
271
286
265
287
247
261
273
277
283
275
270
266
298
272
233
309
283
291
249
252
264
264
269
260
269
293
261
251
265
251
290
283
283
275
302
269
274
250
240
262
255
258
254
273
298
258
251
262
272
271
247
272
267
269
270
274
306
256
252
271
290
264
286
252
280
249
263
267
258
287
252
274
286
235
265
254
271
251
267
283
255
267
279
235
253
260
280
264
276
240
246
276
260
251
256
275
250
269
272
257
254
273
272
295
289
280
257
246
270
273
267
258
267
280
267
256
290
231
254
267
287
265
285
232
238
251
257
291
264
271
274
265
256
246
290
254
280
274
245
296
263
267
276
271
283
243
267
263
243
285
270
237
248
255
261
280
323
247
273
271
263
270
237
254
266
261
266
259
264
264
281
260
293
249
269
279
262
270
290
289
284
298
298
268
287
225
245
263
252
261
271
292
270
282
250
256
280
287
271
282
313
303
287
261
295
278
292
284
295
296
265
257
281
318
292
278
305
333
296
284
289
292
286
314
320
302
292
326
313
305
287
288
327
330
329
304
309
339
338
325
336
355
357
350
325
336
355
355
308
357
352
342
328
368
340
351
363
358
379
347
385
382
399
413
383
384
414
362
417
392
415
425
421
429
438
384
410
422
433
450
467
464
472
443
499
474
476
496
501
556
549
534
527
587
583
609
617
633
619
600
683
671
726
765
725
751
755
828
862
903
882
920
947
954
1027
1018
1021
1042
1128
1109
1181
1180
1220
1293
1262
1312
1364
1408
1392
1399
1405
1402
1519
1506
1538
1550
1533
1592
1625
1612
1633
1635
1568
1651
1632
1590
1715
1629
1575
1552
1553
1494
1521
1467
1405
1428
1441
1436
1409
1384
1285
1305
1232
1218
1151
1175
1129
1082
1046
1055
972
945
931
914
887
816
784
805
742
731
738
673
594
606
599
620
577
574
564
517
494
529
523
459
437
440
434
425
407
405
412
357
373
378
338
353
330
357
324
336
354
343
351
359
306
304
307
301
301
301
281
312
301
269
267
290
292
266
277
273
237
260
231
247
239
243
228
256
236
241
248
252
276
228
242
268
289
293
277
292
299
312
333
354
351
344
371
412
369
393
373
453
474
462
448
444
454
459
501
498
476
525
445
515
466
485
435
459
455
422
360
373
327
373
301
303
279
281
262
271
254
227
242
201
201
213
188
179
206
184
175
184
197
189
184
195
187
171
195
197
163
167
173
161
186
182
182
194
201
197
191
200
192
196
225
202
194
214
212
251
194
220
222
223
241
209
247
253
227
243
212
237
247
260
251
259
275
280
287
260
275
289
269
310
284
307
306
278
298
263
287
306
318
268
281
321
301
293
318
288
294
279
269
337
276
271
310
293
257
277
285
289
261
246
226
259
249
258
243
223
235
249
241
218
212
211
207
184
189
179
210
180
173
148
193
164
169
153
175
148
159
160
167
140
152
153
123
145
162
128
154
121
121
138
110
110
124
125
116
85
102
102
119
117
102
97
99
98
105
102
79
104
103
76
89
89
80
95
99
87
103
98
77
79
98
98
76
96
92
91
65
71
73
87
84
83
66
70
83
84
85
77
84
60
68
82
66
79
90
63
69
69
64
58
75
72
65
63
51
71
71
80
79
63
73
65
59
57
57
73
74
53
61
74
68
61
66
67
64
87
85
75
80
72
75
94
91
96
77
89
85
82
92
82
71
86
68
89
97
78
99
63
80
84
86
80
87
73
66
59
65
53
61
59
57
47
51
50
60
47
52
46
58
65
46
54
52
43
42
47
60
60
37
46
41
49
68
49
47
51
52
48
48
49
50
57
53
53
44
43
63
55
39
46
40
51
54
51
50
49
38
37
36
46
35
46
39
50
37
35
45
37
41
46
31
46
55
39
39
46
43
37
35
42
36
36
42
37
31
35
26
39
30
37
45
45
48
47
37
38
38
47
34
34
34
39
38
47
39
39
44
37
32
33
38
36
25
37
30
54
41
44
39
31
40
46
27
35
56
46
40
34
26
35
24
37
32
42
31
26
40
27
23
28
30
38
38
38
36
35
32
43
26
38
29
19
33
34
30
32
41
38
25
35
25
29
23
30
38
20
30
30
40
32
33
34
31
23
39
32
27
27
22
34
21
28
35
30
22
27
34
29
24
30
29
25
32
25
32
39
28
31
27
26
24
36
25
29
25
33
26
33
28
37
30
31
23
32
23
29
31
25
31
31
32
21
19
31
33
31
37
27
25
24
25
23
24
25
27
30
28
23
32
14
26
27
29
29
27
25
24
32
29
28
22
27
31
26
25
22
29
29
28
19
29
22
22
38
18
22
28
33
23
26
21
18
21
17
14
18
30
15
15
24
28
29
25
20
24
27
28
35
19
28
22
19
21
27
14
18
22
23
25
17
20
16
25
20
25
29
27
23
22
24
17
21
14
26
31
24
16
27
22
19
24
24
20
25
14
15
17
22
21
19
22
19
20
18
18
22
26
10
25
11
20
18
18
24
17
29
20
19
17
19
14
19
19
17
19
22
21
21
16
19
18
26
25
22
14
19
15
18
20
18
15
19
15
21
17
30
20
13
12
21
21
21
20
15
18
14
20
19
15
9
12
24
19
19
17
15
17
22
25
20
17
17
17
15
15
19
23
18
16
17
14
15
17
9
20
16
15
19
12
14
16
16
19
16
15
14
13
14
17
14
15
19
16
13
26
12
23
15
15
20
17
12
16
13
15
13
17
18
17
22
10
18
17
17
14
13
18
11
17
13
11
16
15
16
13
17
17
12
17
14
17
13
16
11
11
11
11
21
9
17
9
16
21
18
8
15
18
10
10
20
14
14
12
12
16
15
10
14
9
13
13
20
16
17
8
6
14
19
11
14
17
11
17
15
19
14
14
13
16
15
9
9
13
11
10
9
11
15
8
21
12
9
12
12
12
13
4
4
13
7
9
7
9
10
16
15
18
11
11
10
8
9
7
7
12
7
16
12
8
6
11
13
10
7
9
6
9
13
10
10
13
9
6
8
8
7
15
11
15
10
9
9
14
7
3
4
8
10
6
8
7
10
8
6
11
10
10
6
17
5
6
10
7
12
7
6
9
11
13
13
11
6
17
11
4
8
9
6
9
6
7
4
10
4
6
10
8
6
10
7
4
8
8
6
5
11
7
9
8
10
11
10
10
4
10
7
7
4
7
7
10
8
8
5
11
8
6
8
5
3
11
6
6
10
8
9
6
12
9
6
5
3
7
7
5
7
10
8
11
9
9
2
11
11
12
7
3
15
11
6
6
4
10
9
7
8
13
8
8
9
15
9
11
9
5
4
9
6
5
7
8
7
6
8
7
8
11
8
4
7
5
11
7
7
6
6
10
5
9
5
4
6
11
8
1
7
8
4
3
6
10
7
10
10
6
4
10
9
6
7
4
7
5
8
2
9
7
3
6
6
7
9
6
3
13
3
10
7
5
3
1
4
3
6
10
4
6
5
5
4
7
1
4
10
8
8
6
8
9
5
8
4
4
5
9
2
4
7
5
4
7
4
5
8
4
4
8
4
5
4
5
7
5
8
5
7
5
5
5
2
5
3
5
5
5
5
6
5
7
3
3
5
4
5
1
2
6
3
5
3
3
6
3
1
7
3
4
8
5
4
7
8
4
4
6
2
5
3
4
4
5
5
7
6
1
3
2
7
3
6
2
2
4
5
0
2
2
4
6
5
8
7
1
4
3
1
2
3
4
3
2
8
6
2
3
3
2
3
3
5
4
8
4
7
5
6
6
3
7
1
5
4
1
4
6
2
5
8
5
1
4
3
0
2
3
1
5
1
7
3
0
1
3
4
4
5
2
3
4
2
2
5
4
4
3
2
4
4
3
5
5
1
3
3
4
5
8
2
4
2
1
2
2
2
2
2
3
4
5
4
3
3
6
4
1
5
2
1
4
5
5
4
4
3
6
1
3
5
2
1
1
1
3
5
5
3
4
1
5
3
1
4
4
4
3
2
0
1
2
0
4
7
2
3
2
3
4
5
5
1
1
2
4
2
3
3
5
1
1
3
2
3
3
5
3
1
3
1
2
2
4
4
1
2
0
1
2
4
2
1
0
0
2
3
1
1
4
1
2
1
0
3
7
2
1
3
2
2
2
0
1
2
4
3
3
3
1
1
0
1
1
5
3
3
3
1
1
3
2
4
3
2
2
4
3
1
1
3
2
5
3
0
1
3
2
0
2
2
2
1
1
0
1
1
6
4
4
2
3
0
1
3
2
5
1
0
1
2
2
0
2
3
2
1
0
4
0
0
1
1
3
3
1
0
2
0
2
0
1
0
1
2
1
2
1
1
3
0
0
1
2
1
3
0
2
0
0
1
2
0
1
2
1
1
0
4
1
1
0
0
3
1
2
0
1
2
0
0
1
1
1
1
1
3
1
3
2
3
0
2
0
3
0
1
1
3
7
1
0
1
0
1
1
0
0
0
2
0
1
0
1
3
1
1
0
1
2
2
0
1
4
0
0
0
1
3
1
2
1
4
1
0
2
2
2
1
1
2
0
0
1
1
2
2
0
2
1
0
2
0
0
0
0
0
1
0
0
1
0
0
2
0
3
2
1
1
1
0
3
0
1
2
1
2
1
0
2
1
0
1
1
2
1
1
5
0
2
0
2
2
1
2
1
1
1
1
0
0
2
1
0
0
0
1
0
1
2
3
2
1
0
1
3
0
0
0
0
0
2
0
1
2
1
1
0
0
0
1
3
1
1
0
0
3
1
0
3
3
1
0
1
0
1
2
0
2
3
0
1
0
0
1
0
2
1
2
0
0
0
0
0
0
0
1
1
0
0
0
0
1
0
0
1
0
0
0
1
2
2
1
0
0
2
2
1
0
1
1
1
0
0
3
0
1
0
1
1
0
1
0
0
1
1
0
0
0
0
2
0
0
0
1
0
0
1
1
3
1
1
1
1
2
1
0
0
0
1
0
2
1
2
0
1
2
2
1
0
0
1
0
1
1
1
0
1
0
2
0
2
0
0
0
1
0
0
0
1
2
0
2
1
1
2
2
1
1
2
0
1
1
0
0
0
1
2
2
1
3
0
1
1
1
0
1
0
1
2
1
1
0
1
0
0
1
1
2
0
1
0
1
1
1
1
1
1
1
1
1
0
0
0
1
0
2
0
0
0
1
0
0
1
1
1
1
1
1
1
0
0
0
0
1
0
1
0
0
0
0
1
1
0
0
0
0
0
0
0
0
0
0
2
0
0
1
0
0
1
1
0
0
0
1
0
0
0
1
0
0
1
1
0
0
1
0
0
0
1
0
0
0
1
0
0
1
0
0
0
0
0
0
0
0
0
0
0
0
0
0
0
0
1
0
0
0
1
1
0
0
0
0
0
0
1
0
2
0
2
0
0
0
0
0
1
0
0
0
0
0
0
0
0
0
0
0
0
0
0
2
1
0
0
0
0
0
0
0
0
0
0
0
0
0
0
0
0
1
0
0
0
1
0
0
0
1
0
0
0
0
0
0
0
0
0
0
0
1
0
1
0
0
0
0
0
0
0
0
0
0
0
0
1
0
1
0
0
0
0
1
0
1
1
0
0
0
0
0
0
2
1
