0
0
0
0
0
0
0
0
0
0
0
0
0
0
0
0
0
0
0
0
0
0
0
0
0
0
0
0
0
0
0
0
0
0
0
0
0
0
0
0
0
0
0
0
0
0
0
0
0
0
0
0
0
0
0
0
0
0
0
0
0
0
0
0
0
0
0
1
0
0
1
2
0
3
5
4
2
7
4
5
4
5
13
39
131
394
964
2223
5008
9734
17335
27807
40533
54407
66390
73030
72723
66415
54867
41319
27969
17475
9862
5190
2386
1051
353
164
51
15
9
4
5
1
1
1
0
1
1
0
0
2
0
1
1
0
0
1
0
0
0
11
86
79
81
63
61
51
54
76
61
59
60
53
53
56
57
59
59
69
53
54
67
53
65
57
64
56
56
42
58
59
45
69
43
55
49
63
50
63
49
53
51
62
54
59
54
53
47
52
52
41
58
51
62
55
48
56
67
56
51
61
59
66
58
48
59
70
73
65
63
83
73
85
106
95
93
101
91
103
103
97
86
91
71
67
51
56
66
54
61
65
51
68
55
58
52
59
66
53
55
60
65
61
68
84
67
90
78
74
84
103
103
124
128
137
140
148
135
151
154
159
181
176
201
245
312
459
758
1198
2024
3297
5439
8042
11814
16095
20849
25167
29409
32389
33583
32892
30787
27443
23008
18448
14243
10516
7567
5656
3863
2745
2010
1509
1088
788
541
389
268
242
178
212
238
282
351
385
436
463
414
424
398
326
285
204
178
146
91
71
70
52
40
48
45
45
30
36
25
17
12
9
14
9
13
8
8
10
8
16
17
7
10
10
13
10
9
8
14
12
8
8
14
5
9
10
9
10
14
7
9
10
15
6
8
13
8
6
17
16
11
12
18
31
25
25
16
19
25
35
26
23
28
23
20
24
29
23
24
14
15
29
25
24
17
17
24
24
20
21
20
14
19
13
13
12
20
12
17
17
19
10
17
15
14
5
7
6
3
9
13
2
8
11
10
10
2
6
8
9
5
3
8
7
10
7
10
7
3
8
7
10
5
4
6
7
16
10
22
20
20
19
35
28
37
36
35
37
30
24
25
11
20
22
14
11
11
15
11
7
9
13
12
13
20
8
13
21
12
11
7
8
12
6
5
10
7
4
6
3
4
9
7
10
8
9
5
7
6
3
15
8
2
8
5
9
5
8
9
8
2
5
11
8
6
5
7
6
5
4
11
3
6
6
8
9
4
8
6
9
7
6
6
4
5
9
6
7
6
6
7
8
11
7
4
4
7
4
8
9
8
8
5
6
8
7
14
8
10
5
5
4
9
10
7
6
3
5
8
8
9
11
5
10
6
5
11
7
8
12
5
4
8
4
4
11
7
9
5
8
11
15
8
9
4
8
8
9
7
8
14
11
9
10
8
5
11
8
7
8
8
10
15
6
10
7
12
11
9
12
10
8
6
13
11
11
9
5
8
6
14
11
6
8
15
3
14
9
7
12
4
6
15
11
4
13
6
12
10
16
17
12
14
18
6
12
16
13
13
5
14
10
7
18
13
11
11
17
15
11
8
15
12
10
12
19
18
18
19
16
14
17
17
7
15
14
15
18
14
19
17
20
11
14
21
15
19
16
17
15
22
21
18
25
14
19
18
17
14
19
18
14
7
19
24
16
27
17
16
13
25
10
17
17
11
15
26
15
19
21
17
29
11
26
16
22
23
19
19
17
19
21
23
22
23
27
24
25
26
25
27
17
24
27
22
20
29
37
38
21
22
36
25
31
32
26
25
32
20
24
32
18
31
32
20
24
22
28
34
37
37
35
26
31
34
26
32
37
39
22
30
35
36
35
41
33
38
36
49
36
38
39
25
37
45
44
50
59
39
44
49
45
48
44
44
43
42
47
50
46
67
64
62
53
78
49
60
68
62
58
62
56
63
75
70
73
74
59
61
59
66
68
64
80
79
73
84
86
91
99
60
93
107
86
98
86
85
91
99
92
86
93
101
87
83
71
58
63
80
76
75
87
82
85
85
69
77
66
69
94
70
69
75
71
75
78
72
82
71
64
80
85
60
90
75
84
71
68
83
75
85
73
64
71
88
66
73
65
79
71
79
73
65
77
61
61
80
73
74
68
45
61
73
76
71
70
70
80
88
84
65
78
79
62
77
73
70
88
66
83
64
75
71
67
73
50
62
64
65
66
69
59
73
73
60
72
73
92
75
81
70
78
64
57
67
78
55
79
74
69
70
77
77
81
82
76
80
78
71
80
68
70
79
81
60
73
69
75
75
75
90
76
75
66
55
81
68
83
88
81
86
77
73
84
92
74
74
88
91
77
107
101
109
101
123
104
127
169
200
220
264
294
355
462
484
572
579
685
668
792
863
825
848
871
865
812
738
732
628
573
526
441
355
318
310
263
225
182
166
149
119
139
113
115
100
108
113
92
85
86
89
109
86
110
94
99
106
104
100
94
111
100
90
109
92
110
118
113
90
109
101
108
97
109
97
111
102
100
101
100
104
129
103
109
107
116
95
100
103
95
120
106
111
114
106
111
116
111
116
119
113
129
129
106
126
124
111
123
117
139
132
139
145
170
158
153
155
159
195
202
223
229
229
236
220
225
257
217
205
198
206
205
193
184
183
145
183
192
155
126
166
157
164
134
160
141
150
141
127
137
140
148
143
153
165
163
185
145
163
154
161
157
143
169
155
167
176
171
187
181
164
175
171
162
167
166
178
211
168
150
173
196
184
181
195
216
201
194
184
193
201
221
190
232
205
220
218
200
195
206
193
218
238
232
233
252
256
232
237
231
218
237
253
260
256
270
248
258
240
283
267
282
273
268
285
250
253
266
258
265
263
248
265
269
267
266
261
275
305
288
277
256
284
287
255
253
266
253
234
260
227
247
269
253
211
240
239
253
232
221
234
230
205
219
259
237
238
225
230
214
265
211
242
219
224
237
227
219
225
218
210
219
225
220
253
218
215
197
234
194
208
200
202
205
240
191
194
218
197
197
213
212
225
224
237
199
223
227
199
191
203
200
194
195
222
216
239
234
201
202
242
184
219
202
210
218
216
200
207
212
202
235
212
197
205
209
182
220
216
214
201
218
230
220
210
206
198
254
214
188
223
254
223
209
199
200
215
216
234
229
218
199
225
212
225
228
240
230
224
202
201
230
253
202
213
229
216
224
223
234
219
245
242
247
221
223
259
238
232
220
228
230
247
225
232
226
223
238
226
242
239
209
277
245
243
243
273
249
244
244
259
262
261
250
228
251
250
240
269
225
250
274
259
229
238
249
291
240
249
286
263
250
257
269
250
235
246
266
239
263
260
245
270
291
279
265
270
281
253
280
266
297
271
262
273
282
268
258
263
300
282
267
262
291
243
266
298
244
297
252
282
263
292
262
298
279
297
296
265
299
277
259
295
268
305
280
279
294
268
300
302
283
306
292
291
304
286
292
312
275
292
292
310
302
291
277
282
309
306
333
284
273
322
313
316
296
322
306
320
337
321
298
288
320
296
315
301
291
326
340
318
331
286
330
349
326
341
348
330
348
333
338
299
295
346
329
329
322
351
341
325
319
363
348
352
325
340
355
341
375
356
318
333
304
364
332
336
339
354
338
337
343
360
357
315
378
367
365
351
342
354
323
377
376
344
334
326
352
320
391
333
382
329
329
333
349
327
354
347
388
327
353
355
324
360
296
341
323
320
319
311
351
356
318
336
333
318
392
345
340
329
342
309
333
323
321
315
358
323
301
295
349
321
287
318
292
329
283
326
329
307
309
332
305
341
325
317
296
323
330
335
330
336
304
299
296
326
309
294
298
326
309
321
327
321
294
316
302
318
316
302
315
332
311
329
311
307
317
313
290
284
330
292
277
288
291
323
305
325
299
308
284
298
315
342
291
289
307
310
286
308
286
265
290
273
310
329
310
316
291
279
304
308
298
282
331
303
339
293
333
280
277
273
325
285
304
336
273
303
280
289
313
296
328
321
287
333
341
291
306
290
284
278
287
310
322
296
287
294
335
304
320
291
278
263
306
284
295
302
289
326
340
288
293
335
259
293
323
285
307
293
277
293
286
262
302
279
290
306
338
314
325
285
302
340
310
297
285
316
285
319
290
317
304
334
288
322
315
319
288
303
322
325
311
315
292
301
298
335
319
319
280
286
305
320
307
323
283
316
307
326
310
313
296
322
304
320
307
297
331
333
301
302
281
331
336
332
329
308
302
303
311
320
315
323
289
301
334
331
328
318
333
318
335
358
311
309
359
364
316
311
331
341
352
364
329
322
353
333
331
342
323
340
358
345
350
352
364
344
369
377
360
319
358
382
384
358
388
355
383
393
411
434
434
353
394
418
430
392
400
402
421
410
418
426
430
440
454
467
462
458
435
467
438
479
452
471
461
475
510
509
517
500
540
560
533
560
540
506
540
557
594
630
584
598
619
635
658
664
712
660
711
710
786
776
780
824
836
861
884
899
944
954
990
1069
1058
1026
1087
1189
1187
1227
1229
1269
1300
1372
1419
1401
1396
1377
1499
1465
1582
1585
1663
1663
1671
1737
1695
1674
1760
1787
1781
1757
1815
1838
1762
1836
1790
1850
1814
1785
1773
1748
1792
1742
1730
1726
1749
1652
1686
1611
1559
1527
1518
1453
1469
1381
1430
1375
1281
1341
1275
1182
1118
1150
1107
1039
1097
958
941
880
913
871
799
780
787
715
703
670
671
664
655
641
602
616
550
535
520
540
527
490
500
450
439
432
455
471
415
421
409
397
394
391
394
375
432
334
375
349
337
320
335
314
342
349
332
323
360
350
339
299
305
298
303
316
283
284
283
288
329
283
307
260
325
275
312
295
250
277
274
301
316
295
287
331
343
378
316
389
411
391
402
447
412
444
470
502
497
487
512
531
513
520
510
606
553
536
504
518
531
522
482
489
488
455
449
445
412
370
376
343
323
301
293
283
285
258
260
219
245
231
248
237
216
211
211
218
181
203
203
197
205
194
242
218
203
189
194
199
205
223
227
220
209
230
211
244
232
257
228
218
234
251
263
248
245
229
263
275
277
260
258
324
288
302
289
280
288
313
344
297
275
334
285
295
317
351
303
336
338
338
309
339
312
303
322
316
321
350
352
342
319
317
341
300
289
312
335
298
329
310
283
301
283
301
259
287
277
272
297
281
260
232
240
234
240
244
242
256
234
223
220
219
211
211
211
211
190
216
188
188
216
168
212
185
150
170
169
162
188
151
119
152
157
144
138
153
136
161
136
133
127
125
119
139
122
148
143
114
136
119
101
125
116
122
104
86
114
104
86
111
114
106
111
107
104
93
109
95
106
91
99
92
90
101
82
103
92
98
92
90
79
94
96
93
86
67
81
72
96
72
77
89
78
75
79
68
66
89
75
76
87
68
93
74
63
72
81
63
74
93
64
73
83
81
75
73
69
90
63
69
87
63
77
72
81
76
72
88
96
86
99
97
96
96
107
96
96
109
94
120
100
84
91
99
89
77
89
83
71
82
77
81
76
71
66
58
65
60
81
60
53
70
64
63
67
67
53
60
69
51
49
50
54
68
52
51
66
58
70
63
46
35
55
76
51
54
52
63
56
60
48
57
47
50
48
50
46
47
55
54
41
52
50
45
36
33
50
34
58
38
42
52
37
48
36
56
42
44
48
46
31
48
43
48
41
43
44
47
36
49
47
29
47
52
42
40
47
45
32
48
40
48
47
45
46
31
39
48
35
41
46
37
33
49
35
31
46
40
53
41
43
36
38
37
36
46
40
44
38
49
54
40
57
29
38
30
39
35
45
48
41
35
47
33
39
44
41
48
39
42
45
46
35
41
32
44
31
38
50
40
39
46
42
28
40
40
28
57
44
45
27
43
37
46
30
34
25
34
35
30
38
29
35
36
34
40
38
29
35
36
40
38
33
45
27
30
36
26
32
37
23
29
36
27
49
31
41
31
37
28
30
30
33
32
36
35
31
36
40
37
31
32
27
38
32
22
33
34
35
31
31
27
33
35
39
29
31
37
23
24
35
36
29
41
31
25
32
31
37
29
29
25
36
29
27
31
27
27
37
24
27
35
28
21
25
28
16
40
29
33
34
24
27
26
28
27
32
26
18
28
28
25
19
28
29
25
25
27
25
20
30
21
24
26
31
23
27
28
24
36
20
23
35
19
27
23
19
32
29
23
30
26
31
22
28
21
25
24
18
25
23
22
23
18
19
34
26
21
22
26
19
28
23
16
20
23
20
20
16
17
26
24
21
22
30
31
26
24
19
17
21
18
28
16
25
20
33
17
19
17
28
14
15
15
20
18
22
22
21
22
24
15
20
21
23
17
20
22
23
22
24
25
20
17
16
9
19
18
20
21
21
26
24
25
14
13
13
21
22
21
9
28
21
19
21
16
19
16
20
13
15
17
22
12
13
16
23
21
14
25
13
20
18
17
18
28
12
16
10
22
22
11
13
7
20
23
11
14
17
24
11
8
22
22
8
19
16
9
22
16
21
20
14
18
13
9
25
25
25
17
24
18
19
17
20
12
14
17
10
13
16
13
14
19
11
15
15
18
18
19
18
15
16
16
12
20
16
24
16
15
20
14
15
13
16
15
11
11
11
11
11
13
16
19
13
12
13
17
10
17
12
15
18
17
12
13
13
10
8
13
11
16
12
17
18
11
12
10
12
17
14
20
15
13
7
14
19
18
10
9
7
8
14
17
14
10
12
16
11
14
10
11
15
10
10
11
11
13
15
13
14
5
12
13
11
9
14
12
11
12
13
15
11
10
6
7
9
12
17
15
10
7
9
14
5
9
13
11
7
21
9
8
12
11
7
10
12
13
7
16
6
10
11
9
7
7
13
8
12
6
8
11
5
10
13
9
10
18
6
12
14
7
9
7
11
5
9
9
16
5
6
9
7
11
13
10
7
11
9
11
9
6
12
12
10
7
5
9
3
11
6
10
5
10
6
3
8
9
10
8
6
7
13
8
5
4
6
9
8
17
9
10
10
12
7
7
5
11
10
9
1
6
11
6
11
11
5
10
6
10
9
9
2
6
4
11
8
7
10
4
3
6
8
9
5
7
9
4
11
10
8
7
5
6
9
10
12
4
5
6
6
3
2
2
11
8
10
2
4
2
1
5
7
11
7
10
8
4
3
3
7
3
4
7
4
6
7
4
8
8
8
4
5
8
7
5
5
8
4
10
8
10
5
10
12
10
4
5
6
4
6
2
6
5
10
5
8
6
5
7
3
5
9
9
5
8
3
7
6
8
9
6
7
5
6
2
3
7
6
7
6
4
7
4
7
3
6
8
4
10
2
6
9
5
8
9
8
5
8
8
8
6
2
5
3
3
5
6
7
6
9
5
11
5
4
5
6
3
3
13
2
4
3
7
7
2
4
4
7
4
5
4
4
8
4
9
5
7
9
5
7
7
4
3
6
1
6
2
5
5
6
4
7
3
0
2
6
3
4
5
4
4
3
6
7
5
4
7
10
7
4
5
6
3
5
2
4
2
6
4
5
4
7
4
4
1
4
5
5
4
6
3
3
0
9
2
3
8
1
4
5
2
2
3
5
4
7
2
4
5
2
4
5
7
10
1
2
3
3
1
5
5
3
1
1
5
8
5
4
3
6
4
2
8
5
3
5
3
3
2
7
7
3
4
7
0
3
5
3
4
1
7
2
5
3
3
4
3
7
3
1
1
5
3
2
1
8
1
5
1
3
2
2
5
3
4
4
2
1
4
4
2
1
4
2
2
3
7
2
3
2
5
2
0
4
5
0
0
2
4
2
4
3
2
4
1
6
3
4
3
2
2
0
2
1
4
2
2
3
7
1
1
5
2
3
3
4
6
2
3
5
3
2
0
1
2
0
3
2
4
2
1
2
1
3
2
5
4
2
5
2
4
2
1
2
4
2
5
2
0
1
1
6
2
4
2
2
1
0
3
0
1
1
1
2
2
0
3
2
4
3
1
1
1
4
0
0
3
3
2
2
1
1
2
3
0
4
1
2
1
0
2
0
1
2
1
2
5
2
4
2
2
1
4
2
4
5
3
1
1
0
0
2
2
2
2
1
0
2
2
1
5
2
5
2
2
0
1
3
1
2
3
1
0
3
0
3
5
0
0
0
3
3
0
2
1
1
1
0
1
1
2
1
5
3
2
0
3
0
2
3
1
3
1
1
1
3
1
2
4
2
4
2
1
2
2
2
1
2
0
3
0
3
5
1
2
4
2
1
2
0
0
2
3
1
0
2
0
1
1
2
0
0
3
0
2
0
1
2
2
0
2
0
1
0
1
0
1
3
3
3
0
1
2
0
0
0
2
1
2
1
0
0
0
0
2
3
2
1
1
0
0
1
2
2
0
3
0
0
2
3
2
1
1
1
3
3
1
3
2
5
0
2
1
1
0
2
1
1
1
3
1
0
2
1
1
1
0
0
0
2
2
1
1
1
3
2
3
1
1
3
0
1
0
3
0
0
2
1
0
2
1
0
2
3
1
0
1
0
2
0
0
1
0
2
1
1
0
2
0
1
1
0
0
2
1
0
3
0
0
1
1
1
2
1
0
1
0
2
1
1
2
1
0
1
0
0
1
0
0
1
2
0
0
1
4
1
0
0
0
1
3
1
0
2
3
0
1
1
1
1
0
1
1
1
0
0
0
3
1
4
4
0
2
1
0
0
0
1
1
2
1
0
0
1
0
1
0
1
0
0
2
1
1
1
0
0
0
0
1
1
1
2
2
0
2
4
1
1
2
1
0
0
2
0
0
2
0
1
0
0
1
2
1
0
1
0
1
0
0
1
0
0
0
2
2
2
3
0
0
0
1
1
0
0
1
2
3
1
0
0
2
3
0
0
1
1
1
0
2
0
1
1
0
0
1
2
2
1
0
1
2
0
0
3
1
1
2
0
0
2
0
0
2
1
2
0
1
3
2
3
1
0
1
0
1
0
1
1
0
0
2
0
0
0
1
0
1
2
2
0
1
0
0
0
0
1
3
0
0
0
1
0
0
0
1
0
0
1
0
0
0
1
0
0
0
0
0
0
1
0
0
0
0
1
1
1
0
0
0
0
0
0
1
2
0
1
0
0
1
0
0
0
0
0
0
1
0
0
0
1
0
0
0
0
1
0
0
0
0
0
0
0
0
0
0
1
0
1
1
0
1
0
0
0
0
0
0
1
0
0
0
1
0
0
0
0
0
0
0
0
2
1
0
1
0
0
0
0
0
1
0
0
0
0
0
0
0
0
1
0
0
2
0
0
0
0
0
0
2
0
0
2
0
1
0
1
0
0
1
1
2
0
0
0
1
0
0
0
1
0
0
0
1
0
0
0
0
0
1
0
0
1
0
0
0
1
1
0
0
1
0
0
2
0
0
1
