0
0
0
0
0
0
0
0
0
0
0
0
0
0
0
0
0
0
0
0
0
0
0
0
0
0
0
0
0
0
0
0
0
0
0
0
0
0
0
0
0
0
0
0
0
0
0
0
0
0
0
0
0
0
0
0
0
0
0
0
0
0
0
0
0
1
0
2
2
2
0
3
3
3
1
1
3
5
2
2
1
2
8
45
134
324
913
2189
4774
9463
17090
27590
41052
54557
65848
72915
73230
66707
55237
41311
28312
17556
9773
5077
2398
1015
368
138
47
9
4
0
1
2
2
1
3
1
0
1
3
0
2
2
0
2
1
0
0
0
0
7
62
59
62
53
53
59
60
62
53
50
51
58
61
50
56
63
68
58
56
64
48
49
41
58
46
47
56
57
63
47
52
52
69
39
50
57
56
51
64
46
46
35
48
40
51
50
51
63
45
53
52
45
37
45
51
52
61
53
74
47
49
50
56
59
49
60
58
53
56
63
82
79
83
80
102
106
121
103
82
82
79
70
63
61
54
72
44
62
41
55
50
61
48
54
60
49
61
50
59
73
67
56
64
63
95
97
76
98
83
107
105
111
121
139
133
141
182
170
194
202
212
232
284
339
453
582
882
1417
2209
3689
5753
8464
12162
16670
21222
26272
30347
33685
34808
33794
32150
28601
24087
19336
14660
11031
8010
5626
3998
2944
2047
1523
1091
850
591
435
342
230
230
226
251
285
330
376
429
438
442
407
392
340
279
213
158
125
97
66
55
55
55
44
38
21
28
29
22
23
21
17
17
9
14
14
13
8
19
17
12
9
5
10
15
11
12
5
12
8
6
6
12
8
4
5
7
8
8
6
10
9
9
13
17
7
5
14
13
14
21
18
20
16
26
34
20
29
25
20
21
18
32
21
18
19
30
18
19
17
23
28
14
22
16
19
21
25
17
17
28
14
25
16
22
16
28
18
14
12
16
6
7
6
3
7
8
9
8
13
4
8
6
9
7
6
8
7
6
4
8
5
7
7
5
7
7
13
9
10
4
9
4
9
8
11
9
9
13
20
14
22
31
22
21
31
22
31
29
28
17
21
21
14
11
9
12
16
8
9
19
8
12
10
10
13
13
17
8
15
15
10
14
6
19
10
8
7
3
6
5
8
5
8
7
7
5
5
4
6
8
9
10
4
11
6
5
8
6
10
9
14
6
6
10
2
10
8
10
6
9
11
7
6
6
6
5
14
12
7
12
3
7
7
14
7
8
7
10
8
11
7
6
9
10
2
11
2
4
7
11
10
4
4
9
4
4
4
7
12
16
9
9
8
8
4
6
6
8
8
8
6
9
11
4
3
7
6
14
10
6
10
7
5
13
5
10
7
6
8
8
5
7
4
5
5
10
9
9
8
7
5
10
7
5
8
6
13
6
9
12
7
7
10
4
6
10
10
10
13
7
14
10
6
6
7
12
15
11
12
11
11
7
6
3
10
8
13
10
12
12
8
12
14
8
7
8
13
7
13
10
11
9
7
14
18
11
11
13
11
10
13
7
7
7
9
20
14
13
14
16
21
18
18
15
24
13
15
24
13
15
14
18
13
16
14
21
18
14
17
14
22
17
22
16
13
22
12
14
22
19
15
23
19
16
15
18
18
20
17
20
16
16
17
23
15
20
21
25
23
21
19
26
19
14
22
24
18
22
20
13
20
20
18
19
19
15
21
28
23
15
26
26
26
22
12
33
25
22
23
31
27
17
22
28
20
29
31
32
32
26
16
27
22
29
25
27
36
37
25
19
27
24
21
37
33
32
35
39
35
34
26
36
40
33
33
36
40
37
39
35
38
36
46
38
39
26
39
38
41
44
34
27
48
38
50
49
44
38
59
40
36
60
40
41
49
43
51
48
41
54
47
55
55
56
57
60
51
60
48
67
65
55
64
51
59
63
58
61
68
55
64
68
67
76
90
93
94
70
90
63
100
92
95
79
89
102
85
98
92
93
90
81
77
85
81
65
97
84
80
79
51
97
80
83
78
83
82
71
86
67
76
78
93
87
77
90
87
79
77
69
69
107
83
81
80
59
93
85
81
88
87
82
77
81
71
84
84
79
86
70
74
93
92
81
83
61
85
74
68
74
75
89
67
81
76
70
77
76
81
75
66
76
75
102
77
79
84
79
87
87
88
86
71
70
74
88
73
72
77
85
74
95
66
79
70
78
82
65
76
69
73
63
83
88
88
70
76
79
74
87
76
82
80
68
83
69
71
70
92
74
64
80
72
92
59
82
89
75
80
74
97
70
85
75
74
72
83
87
81
78
81
85
81
74
87
96
91
77
115
87
109
108
119
121
138
149
177
201
221
297
323
387
405
527
515
601
674
749
801
863
811
824
864
860
792
779
707
652
609
562
487
427
383
305
248
237
202
160
151
146
129
111
108
104
91
108
100
93
109
95
109
102
103
100
92
104
96
101
96
96
110
81
98
114
107
107
108
119
101
123
116
109
113
113
99
106
115
91
109
113
109
91
100
111
115
112
94
121
118
126
109
115
116
91
128
118
104
146
120
102
121
112
119
133
105
135
133
136
126
105
145
135
155
164
166
184
199
213
215
170
205
263
234
219
215
220
225
215
228
203
211
205
207
173
175
172
174
154
152
179
152
179
146
147
153
154
141
141
157
150
163
182
173
165
179
166
141
141
155
187
160
146
163
179
182
158
170
164
167
180
192
178
164
156
198
171
155
179
181
192
189
186
180
222
198
196
224
215
212
197
169
209
231
217
197
200
240
243
249
236
214
234
266
238
280
258
264
264
246
290
287
265
294
320
285
298
266
294
311
322
339
294
315
310
314
338
310
340
351
337
355
323
385
373
400
311
377
374
355
368
386
388
382
350
374
394
377
345
350
320
356
376
343
405
310
336
362
363
368
391
359
360
359
347
307
339
313
351
363
337
302
321
313
297
296
314
280
302
317
287
283
287
270
284
297
279
258
278
234
288
249
261
269
232
257
234
216
265
224
230
232
231
243
247
250
214
235
227
231
200
208
258
220
205
225
219
204
204
221
225
209
231
237
237
243
210
224
213
225
205
220
217
195
212
198
202
207
218
172
218
214
239
202
206
201
242
212
213
177
202
200
222
186
231
222
199
213
198
229
226
223
228
218
189
207
208
229
219
219
241
205
210
223
250
226
258
235
213
231
233
250
235
259
239
281
270
257
290
277
274
256
247
267
266
224
242
263
266
260
265
228
262
276
252
279
244
243
226
223
252
245
254
223
227
279
212
239
248
237
224
248
229
252
233
240
243
235
227
240
251
268
269
239
242
246
248
229
261
234
211
257
230
250
226
242
259
240
255
254
261
280
280
268
250
248
219
256
249
213
222
260
256
241
271
197
223
219
277
241
228
266
243
263
237
240
240
292
237
262
258
249
271
217
260
256
238
219
248
243
267
250
246
245
260
277
262
279
272
289
283
239
249
258
274
229
246
250
291
260
263
247
260
227
226
266
280
242
280
292
280
277
280
287
273
280
272
277
311
264
260
276
284
264
275
265
233
274
299
275
269
284
324
298
291
274
283
306
292
309
281
293
307
274
302
286
263
285
313
290
278
293
310
292
330
263
308
299
296
318
282
313
347
310
314
281
310
281
306
320
327
290
305
263
326
325
304
290
310
315
310
331
297
292
318
315
311
321
266
316
317
330
288
314
314
331
310
320
310
312
296
297
297
300
321
296
313
324
326
315
291
304
318
302
339
312
303
302
299
308
309
268
314
326
273
302
288
308
292
279
264
285
313
274
266
270
278
265
262
304
293
266
270
262
277
292
269
280
267
262
248
282
252
277
276
257
280
287
290
313
267
274
310
286
289
241
282
285
276
271
291
276
239
259
276
266
264
265
269
279
248
268
241
280
247
237
287
272
257
251
291
262
260
276
243
269
277
243
256
251
291
273
276
259
238
261
306
270
275
258
281
294
303
288
299
267
289
292
293
291
285
271
281
268
249
293
290
292
272
278
284
248
286
279
272
264
293
273
286
267
302
265
241
265
295
253
266
256
254
296
255
236
242
246
292
272
258
272
269
277
281
284
273
241
276
263
260
268
252
265
257
268
249
270
245
252
241
268
242
287
262
257
270
291
246
264
266
256
255
255
260
280
298
282
243
268
273
266
279
282
262
289
300
261
293
289
263
251
256
264
317
265
265
278
235
289
289
278
281
255
289
278
280
284
236
264
297
275
271
274
284
278
281
268
282
283
253
280
290
285
327
264
315
291
267
310
274
290
306
304
269
298
318
314
272
316
297
284
277
316
296
299
299
297
323
305
310
279
329
289
335
326
334
308
296
333
322
330
341
332
347
335
367
322
373
363
331
350
374
360
349
366
372
363
371
399
413
347
362
384
437
375
407
409
424
428
414
443
385
440
452
445
438
453
469
460
436
460
510
480
497
499
483
537
515
543
544
551
540
600
662
670
649
700
597
665
710
666
711
726
791
830
853
857
858
877
849
945
1005
1064
1022
1007
1078
1172
1160
1134
1171
1241
1274
1324
1346
1378
1311
1430
1350
1472
1444
1549
1515
1522
1584
1613
1613
1617
1625
1665
1635
1543
1696
1670
1611
1672
1601
1588
1564
1495
1564
1568
1491
1536
1450
1460
1404
1382
1352
1297
1277
1284
1202
1189
1145
1116
1071
1079
1041
991
955
949
874
888
799
797
788
785
726
692
684
647
616
598
619
610
590
509
528
505
505
489
495
457
443
431
406
426
433
395
405
389
365
392
373
355
375
340
343
345
330
382
332
329
313
337
311
298
295
286
300
286
291
304
274
243
293
247
267
253
274
277
268
270
276
238
273
247
293
234
258
246
272
247
258
271
274
284
294
341
319
313
346
329
369
348
386
422
424
430
408
462
451
462
461
440
491
493
514
495
540
499
494
456
503
406
432
478
420
384
397
357
356
339
280
282
280
281
249
240
232
226
199
207
178
182
190
197
178
171
181
172
194
181
189
165
161
181
167
201
176
202
181
179
158
195
186
215
177
193
184
204
221
216
208
197
210
184
254
184
219
241
243
223
246
240
286
253
228
248
288
276
255
290
288
262
275
300
303
314
279
314
288
256
317
309
257
285
314
291
286
289
299
290
291
289
286
290
296
277
318
277
301
300
286
275
274
281
238
275
277
235
239
235
254
255
266
247
264
244
225
228
219
261
199
212
210
215
190
214
197
194
183
181
181
174
166
185
191
148
148
164
162
162
151
124
141
122
135
144
126
129
137
129
144
119
124
129
126
105
103
103
120
119
108
94
101
96
101
99
110
99
110
102
103
96
82
90
93
94
82
86
78
82
105
89
98
83
71
94
80
87
72
85
79
90
61
88
71
74
71
75
64
74
81
68
71
72
65
65
97
77
80
72
80
66
77
52
61
60
70
61
67
54
70
68
69
73
97
55
71
52
78
70
60
72
68
83
73
60
91
75
91
94
86
93
89
105
91
77
77
83
95
90
82
83
90
101
68
94
83
81
99
75
75
78
84
77
66
63
75
62
57
60
59
60
59
63
63
58
55
48
61
46
57
55
58
53
54
53
36
54
43
48
53
51
56
55
64
54
51
55
59
48
61
43
50
46
48
45
53
53
50
41
50
59
43
46
41
65
53
45
36
48
45
45
43
36
41
50
34
43
35
46
40
34
50
37
50
36
37
35
44
21
32
31
50
35
41
44
44
42
24
44
37
36
37
32
32
35
35
41
45
34
30
35
37
46
37
33
38
46
38
28
39
48
32
37
34
42
37
43
31
31
50
35
43
46
36
38
26
31
31
34
29
40
31
39
41
35
37
40
28
37
48
32
32
39
38
34
29
32
40
30
30
41
25
34
36
29
38
32
29
28
39
34
41
47
36
29
32
31
32
34
40
27
35
36
26
36
32
30
36
31
22
36
28
30
27
40
33
28
19
30
38
30
30
43
33
32
24
41
31
33
22
35
28
28
29
31
28
28
28
35
34
29
23
25
24
28
29
25
33
24
26
21
24
25
28
37
20
28
25
22
31
28
32
23
28
26
20
34
24
23
31
21
28
29
31
21
36
31
22
37
34
36
28
35
18
25
24
34
25
31
31
19
32
27
31
27
28
36
31
25
30
27
24
24
21
26
18
19
25
27
25
27
25
25
26
29
31
27
21
24
27
25
18
29
16
26
28
26
19
21
20
22
26
25
22
30
24
20
31
18
11
20
15
32
14
15
32
20
12
18
26
25
24
17
19
26
19
17
22
22
24
21
19
18
14
20
17
18
21
14
21
22
11
20
18
20
18
21
20
20
14
23
15
11
19
15
17
19
18
18
14
16
15
23
23
16
17
20
19
18
23
27
16
19
19
23
15
18
15
24
20
13
17
18
22
12
25
23
28
12
21
31
19
14
20
18
16
18
16
13
19
16
17
22
26
13
20
21
22
24
11
18
18
12
13
16
20
11
20
23
13
18
23
18
18
18
16
22
20
18
7
20
17
19
19
16
13
14
17
13
16
15
19
11
21
16
11
11
17
15
16
11
16
10
22
14
14
10
15
10
12
13
16
22
13
17
13
26
9
10
16
18
10
14
10
14
8
15
15
9
17
15
11
11
10
6
8
16
13
9
19
15
9
11
24
21
16
12
14
6
9
19
14
7
18
18
5
17
14
11
15
11
13
12
15
12
13
12
13
12
12
11
11
11
17
10
8
15
17
13
6
15
12
10
9
12
11
9
7
16
4
9
20
12
10
10
14
14
6
8
16
13
13
15
12
9
12
14
10
11
14
9
8
8
13
12
8
11
6
7
15
18
14
9
7
14
13
10
5
18
12
10
13
17
4
10
9
11
6
10
10
11
8
8
7
7
3
5
8
9
8
11
5
11
9
6
11
8
11
9
10
8
7
10
8
8
10
7
8
13
7
5
12
9
8
5
8
7
6
9
8
14
3
13
11
9
6
10
11
11
8
5
5
15
11
10
13
13
9
8
9
6
8
6
7
8
4
11
12
7
10
8
6
14
10
6
8
5
8
9
12
8
8
5
14
5
7
5
8
8
8
12
5
5
6
8
6
10
9
4
9
10
6
10
10
9
7
8
11
9
3
5
10
11
8
5
10
8
15
3
6
8
2
6
7
4
5
5
4
8
7
6
5
9
6
5
3
6
5
10
7
6
6
7
7
10
8
7
4
7
13
6
5
5
2
9
6
7
6
6
8
13
5
4
10
9
5
10
5
8
5
2
7
5
6
6
3
3
3
5
3
8
10
5
10
4
8
7
6
4
6
3
7
5
2
4
8
4
6
5
7
6
4
6
6
3
5
6
4
7
6
5
6
4
6
3
10
6
3
4
3
5
4
5
9
4
5
6
5
5
7
3
8
5
4
1
6
2
3
3
3
2
3
3
4
6
2
5
2
7
2
2
4
5
5
2
5
3
3
8
5
5
7
6
2
3
7
4
13
5
5
5
2
0
10
5
3
5
3
5
6
1
2
5
4
6
3
5
4
2
3
2
4
7
3
6
2
6
3
7
2
4
4
6
2
4
3
5
4
6
9
2
6
2
7
5
8
3
3
2
6
0
1
0
1
6
4
5
3
4
5
5
2
5
4
7
1
5
5
4
4
4
5
3
1
3
1
7
4
3
3
2
6
5
3
3
4
6
4
3
6
2
3
1
2
2
3
1
2
7
2
5
4
5
1
2
2
1
0
1
3
4
3
3
3
3
4
1
1
1
5
4
4
1
4
2
3
3
2
2
1
1
5
3
2
1
4
4
3
5
1
1
0
1
2
4
1
2
3
4
2
3
0
1
3
1
2
4
3
4
3
1
4
2
4
5
5
4
6
7
1
0
1
2
6
4
2
1
2
2
6
6
2
0
2
4
1
2
2
3
1
0
2
1
4
3
4
0
1
3
4
2
0
3
3
2
0
2
1
3
6
3
1
1
3
0
3
0
1
2
0
2
3
5
4
1
2
3
3
2
2
1
1
2
0
2
2
2
3
0
3
3
4
0
0
3
1
3
4
3
1
1
2
3
1
3
3
2
1
0
3
1
1
0
2
0
2
1
1
2
1
0
2
3
2
2
1
2
1
2
4
1
1
3
0
2
4
2
2
2
2
0
0
2
2
1
0
1
3
1
2
0
1
3
1
2
2
1
2
1
0
2
3
2
2
0
1
2
2
1
0
2
1
0
1
1
4
2
1
3
1
0
0
0
0
1
2
3
3
2
5
1
2
6
0
1
1
0
0
0
2
3
1
2
3
1
1
0
1
2
0
1
0
2
1
1
2
1
0
2
1
2
2
2
0
3
2
2
1
3
2
0
2
1
0
0
0
1
6
2
3
1
0
0
1
0
2
0
2
0
0
2
3
2
1
1
1
0
1
0
1
0
1
3
2
1
5
0
1
0
3
0
1
0
1
5
4
2
2
1
0
0
0
2
2
1
0
0
1
0
0
0
3
3
0
0
0
2
0
0
0
0
0
0
3
0
1
2
2
1
0
0
0
0
2
0
1
2
0
2
0
0
0
1
1
2
1
1
1
2
2
2
1
0
1
0
1
1
1
0
2
1
3
1
0
0
0
0
1
1
0
0
1
1
0
0
2
2
0
1
1
1
0
3
3
1
1
1
0
1
1
0
0
0
0
1
0
2
0
0
0
4
0
2
0
0
1
1
1
0
1
2
0
2
0
1
0
2
3
1
2
1
0
1
1
0
1
0
0
1
1
0
1
1
0
0
0
1
1
0
2
1
2
0
1
2
0
0
0
0
0
1
0
2
1
0
1
0
2
0
0
2
4
1
1
0
0
1
1
0
0
0
0
0
0
1
1
2
0
0
0
0
0
1
0
2
0
0
0
1
1
1
1
1
1
0
1
1
0
2
0
0
2
0
0
1
0
0
1
0
1
0
0
0
2
0
1
1
0
1
0
1
1
2
1
0
0
1
0
0
2
3
1
1
0
1
2
3
0
0
1
2
2
2
0
0
0
0
0
0
0
1
1
2
1
0
0
1
0
2
0
0
0
0
1
0
0
0
0
1
0
0
0
0
0
0
0
1
0
0
0
0
0
2
0
0
0
0
0
0
0
0
0
0
0
0
0
0
0
0
1
0
0
1
0
1
1
0
0
0
0
0
0
0
0
0
0
0
0
0
0
1
0
2
0
0
0
0
0
0
0
0
0
0
1
0
0
0
0
0
0
0
0
0
0
0
1
1
1
0
0
0
0
1
1
0
1
0
0
0
0
0
0
1
0
1
0
1
0
0
0
0
0
0
0
0
0
0
0
0
1
0
1
0
0
0
0
0
0
0
1
0
0
1
1
1
0
0
0
0
0
2
1
0
0
1
0
0
0
1
0
0
0
1
0
0
0
0
0
0
0
0
0
0
0
0
1
0
