0
0
0
0
0
0
0
0
0
0
0
0
0
0
0
0
0
0
0
0
0
0
0
0
0
0
0
0
0
0
0
0
0
0
0
0
0
0
0
0
0
0
0
0
0
0
0
0
0
0
0
0
0
0
0
0
0
0
0
0
0
0
0
0
0
1
3
1
0
6
5
2
0
2
3
3
4
10
2
7
4
3
14
41
114
351
947
2118
4881
9476
16969
27664
40632
54528
66104
73185
73257
66444
54931
41493
28466
17513
9891
4941
2321
1019
395
138
45
8
8
3
1
2
2
1
3
3
1
0
0
1
3
1
2
0
2
0
0
1
0
5
74
63
60
55
63
53
53
56
54
54
50
42
58
61
56
49
57
59
65
54
71
70
50
53
61
50
52
49
42
42
48
65
54
48
51
44
49
67
51
43
53
52
47
40
49
36
47
55
52
48
56
41
40
48
51
37
51
50
53
54
52
55
55
51
57
55
46
73
49
62
63
79
91
87
96
111
101
93
93
91
81
76
56
57
62
62
59
49
69
46
65
54
72
77
58
68
62
55
68
50
74
66
81
77
87
88
72
88
97
97
110
113
121
124
145
163
162
157
156
217
213
234
265
347
415
618
924
1363
2285
3590
5699
8581
12214
16757
21501
26041
30673
33456
34874
34851
32561
28392
23995
19359
15072
11056
8066
5741
4001
3043
2109
1511
1114
789
609
439
303
244
209
209
256
266
351
405
425
423
443
428
402
335
268
225
181
150
94
93
50
53
35
39
57
29
29
22
18
13
16
23
12
14
13
14
9
9
13
8
13
20
10
11
9
17
11
13
11
6
10
8
16
14
7
8
10
13
9
9
8
14
10
8
11
10
6
15
11
20
10
18
22
17
26
15
24
26
22
22
28
30
27
24
24
24
21
21
16
11
19
15
24
23
21
21
17
17
22
22
33
20
13
23
22
15
10
11
16
23
12
10
16
10
11
6
11
10
7
6
7
13
12
10
9
9
7
9
5
3
9
8
2
11
15
10
5
11
4
5
8
9
7
5
6
11
9
15
15
13
24
18
27
30
36
35
28
28
23
17
20
17
15
10
16
11
10
8
10
7
6
7
15
10
8
11
12
10
11
11
15
14
11
4
10
4
8
10
4
6
8
8
5
6
7
5
12
4
7
5
5
7
9
3
5
4
6
14
3
16
5
8
8
4
8
4
5
8
6
4
8
7
9
7
10
5
5
6
6
4
2
7
7
8
8
5
3
7
6
6
8
4
10
10
10
3
7
10
11
4
8
7
9
6
6
6
5
9
8
7
6
2
7
7
7
6
12
6
7
6
8
13
7
6
7
7
12
17
7
5
7
10
7
5
9
11
10
10
6
13
6
10
5
13
8
6
11
10
7
14
11
13
5
11
7
6
5
8
9
7
9
8
5
9
15
11
12
16
8
5
7
7
7
11
8
8
3
9
8
7
7
12
14
12
9
7
9
9
9
12
11
4
10
13
8
8
10
13
11
14
18
8
12
10
13
10
17
13
13
14
12
19
13
10
15
16
21
16
18
13
11
18
10
22
25
16
19
18
16
23
15
11
16
22
13
20
15
18
23
23
19
17
20
26
18
19
16
15
15
17
16
19
17
18
15
21
19
16
21
22
15
14
14
14
22
16
15
19
21
22
15
23
21
17
25
19
15
28
16
20
25
18
29
25
29
21
14
21
35
20
16
24
22
26
27
20
25
14
22
21
17
21
35
26
23
28
27
24
26
23
24
30
17
28
25
33
27
29
25
22
24
26
29
30
38
30
33
29
36
35
31
38
33
25
41
32
38
43
39
23
43
45
37
33
37
35
33
43
38
31
40
43
46
53
39
52
46
41
49
49
42
40
47
40
36
62
59
59
48
52
39
48
40
50
68
59
61
60
64
64
58
60
61
49
59
58
65
59
56
64
63
61
61
60
86
76
77
79
90
82
81
82
86
91
73
91
110
89
97
88
84
87
91
85
86
89
74
91
88
87
80
72
71
97
80
78
77
79
96
102
76
78
93
94
93
78
69
74
76
80
86
88
63
78
95
86
82
87
79
81
92
95
71
95
92
69
73
81
76
76
92
71
85
83
79
80
77
76
56
87
65
74
68
67
77
81
70
88
80
73
90
83
95
70
79
84
59
74
74
90
79
86
61
81
80
80
78
79
94
67
99
93
88
73
80
76
63
78
73
84
70
76
68
69
78
78
75
88
65
75
77
63
79
86
87
85
73
84
86
80
84
68
73
69
77
75
84
94
86
79
83
92
93
80
78
83
90
90
90
87
94
85
86
82
84
98
85
71
81
88
100
105
110
141
100
136
160
183
222
252
292
325
368
365
508
543
586
658
731
771
852
859
856
870
822
848
727
739
690
618
547
485
455
409
344
272
233
202
158
129
163
136
111
133
86
86
108
76
117
107
106
89
106
94
109
109
90
112
101
111
94
109
106
103
85
117
101
112
107
110
114
111
96
100
108
102
98
124
112
131
112
123
98
108
140
99
115
111
105
127
119
97
115
106
107
114
111
136
128
123
121
111
127
118
117
133
141
119
132
118
136
142
137
146
162
137
188
198
212
205
179
223
219
239
260
233
250
265
199
216
193
205
180
176
173
175
161
152
179
156
165
151
154
155
138
151
160
145
150
141
150
141
149
149
139
160
136
180
194
144
146
186
186
167
170
184
174
153
164
159
188
204
171
150
175
187
174
168
173
177
184
196
179
196
194
200
194
181
206
177
196
216
202
200
233
212
229
225
218
214
262
231
227
259
249
247
249
238
267
269
265
281
279
269
274
315
287
282
305
290
313
314
292
343
318
355
296
332
330
327
338
338
369
341
363
364
337
355
351
351
370
367
333
372
374
355
374
375
350
329
370
344
374
373
350
334
366
362
328
350
348
308
330
343
342
323
344
334
334
318
298
306
344
318
326
327
342
290
327
300
318
327
254
290
289
302
237
271
255
253
235
265
286
250
271
263
280
227
242
241
234
228
204
239
238
235
235
218
221
208
218
230
229
256
248
244
232
194
224
229
211
209
224
212
190
229
222
215
229
204
211
237
214
209
232
224
224
218
191
190
208
214
210
213
213
232
220
219
206
219
205
224
234
234
225
206
219
227
201
221
209
209
201
227
227
226
237
216
219
219
222
255
222
254
236
235
235
243
259
226
251
252
241
249
245
212
232
283
233
255
248
220
233
251
239
273
275
232
267
248
266
263
240
254
249
250
231
224
254
260
234
227
237
238
243
270
246
252
241
270
245
256
227
257
263
249
264
225
244
248
243
232
231
235
247
255
213
217
253
275
244
225
257
233
196
287
221
265
235
244
270
247
232
257
237
238
239
249
256
239
262
228
254
249
243
263
243
248
261
251
276
258
247
284
263
216
264
246
249
277
255
285
268
247
262
245
222
260
272
266
281
243
256
266
280
271
257
241
267
254
261
246
263
305
284
280
256
249
259
282
251
258
306
302
271
274
283
282
275
265
315
283
289
271
284
282
267
290
286
260
278
272
295
308
290
310
271
286
276
300
261
282
295
330
296
303
285
282
310
247
269
318
301
289
285
293
269
319
255
265
306
297
311
330
277
287
305
339
307
340
309
282
305
296
330
314
306
304
354
268
310
294
313
317
317
293
291
330
323
298
288
330
298
322
338
298
311
340
327
330
310
330
327
326
300
288
292
311
324
313
316
307
289
301
301
294
305
320
296
298
286
311
277
299
301
291
316
316
296
280
288
294
332
267
310
290
294
316
280
296
295
282
299
281
293
287
274
269
292
300
281
253
271
304
267
304
283
272
259
293
266
286
275
269
275
266
266
283
278
255
301
281
296
270
258
285
258
280
278
297
260
248
263
251
290
257
256
251
263
294
263
252
310
282
251
269
241
281
258
233
257
299
291
265
259
249
267
268
294
259
277
279
287
254
253
241
247
256
282
253
287
286
283
273
252
246
239
258
280
261
270
272
277
258
276
292
273
300
277
275
260
295
253
291
278
279
266
267
261
260
273
288
280
268
266
253
262
298
240
272
264
295
252
281
240
267
281
258
239
301
287
262
247
285
238
272
263
241
280
252
262
296
260
271
250
266
290
274
281
258
258
281
268
236
275
284
252
266
258
259
279
265
251
267
283
249
250
297
261
303
270
259
280
250
266
272
273
281
286
280
267
277
282
276
287
259
280
248
294
256
246
283
255
266
277
268
296
269
294
283
265
286
291
313
308
271
275
298
281
278
298
296
298
272
299
269
308
278
314
304
296
289
268
281
304
292
321
288
316
285
264
314
286
271
308
319
326
327
330
311
313
315
319
309
326
344
321
307
342
363
339
354
332
312
369
391
355
382
370
335
369
385
381
372
361
354
375
398
393
403
383
375
424
379
427
432
406
392
444
431
432
452
424
436
477
432
443
490
496
487
486
472
491
535
546
570
558
615
556
595
619
584
658
657
698
674
675
727
719
770
796
807
810
832
817
878
933
973
972
953
1010
1045
1104
1098
1152
1229
1289
1315
1282
1203
1359
1339
1352
1432
1405
1449
1451
1443
1510
1575
1518
1599
1646
1612
1585
1568
1600
1628
1597
1635
1681
1629
1700
1606
1629
1578
1527
1561
1540
1548
1497
1388
1390
1456
1410
1319
1228
1237
1217
1147
1177
1075
1065
1077
1062
1000
969
866
899
904
809
802
798
775
777
719
626
652
651
675
587
570
587
565
525
498
537
507
445
435
461
443
462
408
415
400
387
399
379
381
366
350
381
344
333
327
333
315
295
365
304
310
323
304
297
280
279
288
314
250
260
257
283
274
284
241
261
295
256
257
260
251
259
254
232
253
253
305
224
258
266
276
259
296
287
309
305
341
356
368
349
372
414
401
420
414
449
404
434
445
453
491
497
516
509
464
502
478
528
478
504
478
431
420
418
413
401
356
356
321
323
326
295
279
230
237
230
218
225
214
221
231
184
200
209
178
175
176
162
167
175
198
179
180
202
203
185
170
179
184
214
184
178
200
193
184
233
200
185
197
161
208
207
205
223
215
203
234
226
241
202
222
229
229
252
240
248
265
208
263
279
245
290
281
283
277
286
281
285
324
287
269
282
289
301
263
302
311
301
318
294
291
292
304
275
286
313
301
287
260
285
288
306
261
270
256
247
252
243
228
266
252
238
237
233
212
228
203
217
236
218
222
244
186
216
198
176
180
180
180
170
164
159
170
154
145
155
148
153
153
146
143
120
133
128
127
128
124
118
122
138
133
100
123
107
114
121
113
84
110
92
89
87
123
89
91
85
96
92
96
101
91
82
81
74
81
82
101
88
96
81
87
76
83
81
74
87
88
73
74
78
69
81
72
70
78
67
65
86
87
65
78
85
77
58
79
79
73
46
63
55
71
79
65
72
66
51
59
61
45
70
82
64
65
65
72
50
58
61
75
68
51
66
76
80
83
73
83
83
73
71
95
84
94
76
80
98
111
96
96
81
84
85
82
93
82
90
106
80
72
80
62
71
77
54
58
77
63
70
62
52
47
51
59
45
47
48
54
45
63
48
49
68
43
39
49
50
59
58
61
50
48
45
44
52
44
54
42
57
45
35
59
53
49
38
54
42
49
41
43
60
34
54
43
42
39
40
39
43
50
36
37
46
32
46
31
42
43
44
35
36
55
47
41
35
49
57
38
43
41
45
43
46
41
31
31
31
48
42
36
40
39
44
41
46
33
35
36
38
40
27
33
50
40
28
40
36
43
30
36
24
42
36
43
34
35
24
37
43
34
41
32
40
40
43
31
41
37
40
41
41
35
29
40
28
31
40
33
35
37
39
23
36
33
31
30
37
30
30
37
36
34
33
36
41
35
24
32
24
28
31
27
33
30
32
33
41
31
24
28
37
29
24
35
18
22
27
36
24
42
35
32
33
29
32
24
34
35
34
25
41
34
35
31
26
21
42
29
31
30
25
32
28
28
27
20
25
27
30
29
21
31
36
31
33
21
30
25
24
36
30
19
30
29
24
20
27
25
25
23
31
26
30
24
15
34
26
27
20
32
28
31
30
27
21
33
26
23
24
32
20
25
34
27
26
19
23
25
20
39
46
32
27
28
23
36
24
38
24
29
22
33
23
20
32
27
31
30
27
26
30
23
16
24
19
18
18
25
25
23
25
15
19
20
25
28
27
31
14
19
29
14
23
17
21
20
32
19
25
26
24
20
26
23
26
17
21
23
10
26
24
32
18
28
20
25
19
26
13
31
14
16
16
16
25
18
21
15
14
16
19
29
28
22
16
14
21
11
20
7
19
26
22
30
24
20
18
21
17
29
26
18
16
20
20
13
26
14
21
14
24
14
14
12
18
13
15
8
20
20
16
12
19
13
17
16
22
13
16
14
12
16
13
25
17
18
8
14
18
18
12
13
17
18
18
16
17
14
10
20
15
18
15
8
16
21
17
20
11
22
11
18
16
16
21
15
19
17
19
14
6
15
8
16
18
12
14
20
15
20
8
28
14
29
18
13
15
14
16
6
14
16
21
16
12
14
17
14
15
13
15
15
13
19
13
8
10
12
10
13
8
11
11
16
16
8
18
19
10
17
18
11
14
14
11
11
16
16
13
24
12
11
16
13
15
11
12
9
14
15
11
20
13
12
15
6
20
12
10
20
10
8
14
12
8
12
13
5
11
9
13
14
10
11
14
12
12
9
11
7
13
17
13
9
21
9
15
15
10
10
9
10
9
8
8
14
11
9
7
18
15
8
10
18
8
8
10
6
14
13
8
15
14
6
11
13
10
13
11
7
9
12
4
15
7
8
12
9
14
9
7
19
6
6
11
8
12
13
13
11
13
6
10
11
11
9
12
7
11
13
11
13
6
11
14
7
12
13
5
7
10
7
7
13
12
12
7
4
10
12
9
8
8
8
12
6
7
10
3
6
5
16
11
8
5
9
10
9
10
9
12
6
11
11
10
6
11
5
10
8
9
9
15
7
3
10
6
7
7
10
5
5
7
4
11
4
15
14
6
10
8
5
3
9
5
9
5
4
9
8
4
0
10
4
3
10
5
12
6
8
7
8
11
3
4
7
8
6
6
5
6
9
5
11
5
9
8
4
2
4
10
8
3
8
6
2
4
11
9
7
5
7
9
4
9
10
5
10
7
11
6
7
7
4
6
4
4
6
4
6
10
7
5
6
5
7
5
9
8
7
10
5
6
3
6
3
9
7
7
7
2
6
6
4
6
8
3
5
5
5
6
9
7
6
7
2
5
8
8
8
5
7
5
5
4
6
4
3
4
3
5
2
8
3
3
6
6
7
7
4
5
7
0
2
7
3
6
7
6
4
5
9
4
4
6
7
6
1
5
1
3
5
6
5
5
5
10
6
4
8
5
3
5
6
3
4
5
4
5
5
3
5
4
4
7
4
4
6
3
1
3
6
7
5
7
2
3
6
2
2
2
4
8
2
4
6
3
8
5
5
2
4
4
6
5
2
5
3
6
4
4
3
5
3
5
5
6
3
1
4
3
4
4
4
3
7
3
3
6
5
4
5
6
3
1
10
3
4
4
3
5
2
5
6
6
4
4
3
5
5
6
3
2
1
3
6
5
2
7
3
3
8
4
5
2
1
6
1
1
3
4
1
3
5
4
2
3
1
1
1
4
5
7
3
2
5
3
3
2
3
3
3
3
3
3
2
1
2
4
2
3
3
0
6
6
5
3
2
4
2
1
4
1
3
2
4
7
2
2
1
7
0
2
0
3
1
0
1
3
2
4
2
2
3
5
5
2
2
2
2
4
4
1
2
6
2
2
4
1
1
2
0
2
5
3
0
5
3
2
5
3
4
3
4
3
1
3
2
3
2
4
3
5
3
2
0
0
0
1
1
1
3
3
2
3
4
2
2
1
2
2
3
3
1
1
1
4
5
3
1
2
0
2
4
3
1
3
1
1
2
5
1
2
0
1
2
0
1
3
2
3
0
1
0
2
0
1
3
4
0
1
3
3
3
1
0
3
1
1
2
0
1
0
0
2
1
0
0
2
2
1
3
3
1
0
1
1
3
2
2
3
0
1
1
3
2
1
4
2
2
1
2
0
1
1
3
0
2
1
2
2
0
2
3
2
2
0
2
3
1
1
3
1
2
0
1
3
2
1
5
2
0
2
1
3
0
0
3
3
3
4
0
1
2
0
0
3
0
2
3
0
2
1
1
0
1
0
3
0
3
1
0
1
1
1
1
1
0
0
3
0
2
1
1
0
1
1
1
0
0
1
4
1
5
1
2
2
1
1
4
1
0
0
1
3
1
0
1
0
0
1
0
3
0
4
1
3
0
1
1
1
0
1
1
0
0
1
1
1
2
3
4
0
2
1
3
1
2
0
0
0
2
0
4
1
0
1
0
2
0
0
2
1
0
0
2
0
2
1
0
1
0
2
3
1
1
1
3
1
0
1
3
3
2
1
2
1
2
0
0
0
0
0
2
0
0
0
1
1
0
2
0
2
1
1
1
1
1
0
0
0
0
0
2
1
0
0
1
0
2
1
2
0
1
1
1
0
1
2
0
1
0
2
0
2
4
1
2
2
1
0
0
0
2
0
1
0
0
1
0
0
1
0
1
1
1
1
0
1
0
0
1
2
1
1
0
2
0
1
0
1
0
0
0
0
3
0
1
0
2
1
0
1
1
2
0
0
1
0
0
1
3
3
0
0
0
0
0
0
0
1
0
1
2
0
0
2
1
2
1
0
0
0
3
1
1
0
1
0
0
0
4
0
0
0
1
0
1
2
2
0
1
1
2
0
0
0
0
1
2
1
1
0
0
1
0
0
0
1
0
2
1
0
0
0
1
1
1
1
0
1
0
0
0
1
2
0
0
0
0
0
0
0
2
1
0
1
0
0
0
0
0
0
0
2
1
0
0
1
1
1
0
1
1
0
0
0
1
2
1
0
4
1
1
0
0
0
0
0
0
0
1
1
0
0
1
1
0
1
0
1
0
0
0
0
0
0
1
0
2
0
0
0
0
0
2
0
0
0
0
0
0
0
0
0
0
0
0
0
0
0
0
0
1
0
0
0
0
0
0
0
0
0
1
1
1
0
0
0
2
0
0
0
1
1
0
0
1
0
0
0
0
1
0
0
1
0
0
0
1
1
1
0
1
0
1
1
0
0
0
0
0
2
0
1
0
1
1
2
0
0
0
1
1
1
0
0
0
1
1
0
0
0
0
1
0
0
0
1
0
1
1
1
1
0
0
0
0
0
0
0
0
0
0
1
0
0
0
0
0
0
0
1
0
0
0
0
0
1
1
0
0
0
0
1
0
1
1
0
0
0
0
0
0
0
0
0
0
0
0
0
0
1
0
0
0
0
0
0
0
0
0
0
1
0
0
1
0
