0
0
0
0
0
0
0
0
0
0
0
0
0
0
0
0
0
0
0
0
0
0
0
0
0
0
0
0
0
0
0
0
0
0
0
0
0
0
0
0
0
0
0
0
0
0
0
0
0
0
0
0
0
0
0
0
0
0
0
0
0
0
0
0
0
0
1
0
1
2
1
0
0
0
4
1
2
2
4
2
1
6
14
49
128
354
984
2247
4846
9595
17118
27654
40457
54418
65987
72891
73458
66916
55069
41124
28141
17467
9726
5095
2347
1000
414
144
46
16
6
3
2
3
4
2
2
1
1
0
2
0
0
0
0
1
0
0
0
0
0
7
61
54
48
55
44
68
49
53
54
48
57
43
57
50
62
62
61
40
54
49
52
41
40
50
54
37
47
49
50
53
46
48
38
55
46
31
42
51
47
49
55
51
38
45
46
51
48
47
42
53
38
42
45
39
32
25
42
50
38
57
46
57
52
49
44
44
46
39
76
60
76
80
84
90
122
101
109
97
90
76
75
82
71
54
41
62
43
38
53
39
55
56
56
50
53
44
44
55
63
62
54
71
58
63
65
69
88
77
82
83
99
90
112
111
117
131
156
130
144
164
168
191
204
219
300
471
735
1284
2070
3424
5418
8118
11613
16139
20734
25635
29442
32347
33715
32839
30984
27354
23074
18366
14380
10584
7676
5571
3774
2815
1955
1421
1139
780
542
376
299
234
206
177
231
284
329
381
421
416
455
385
406
332
268
223
167
122
95
85
69
52
42
39
25
32
31
14
16
17
21
18
16
16
16
10
10
15
13
7
9
11
8
12
7
13
12
5
8
10
8
9
7
7
7
11
4
6
10
6
4
6
9
6
6
12
7
7
10
12
14
16
23
17
19
21
22
32
28
30
33
26
18
22
22
15
25
15
19
14
18
17
16
29
24
22
23
24
23
16
20
19
19
22
16
19
23
23
11
8
16
12
10
9
10
10
13
12
3
4
6
11
7
6
4
7
6
9
4
7
7
4
3
3
7
3
7
5
6
5
8
7
7
6
3
8
8
9
15
18
21
28
27
29
32
38
20
41
30
27
22
25
18
20
22
14
10
12
9
7
11
10
5
14
11
14
13
14
12
12
11
14
9
12
5
11
9
13
10
12
8
5
8
14
7
8
12
6
6
4
8
2
5
5
10
3
8
5
8
8
5
1
7
10
3
2
5
7
9
9
4
8
4
5
2
8
4
4
7
8
9
9
5
4
6
6
6
7
10
1
7
5
5
8
8
6
3
5
7
5
5
8
9
5
9
4
6
5
9
1
6
7
8
5
8
8
3
7
5
9
6
6
8
5
7
4
8
9
6
3
5
8
4
12
7
8
1
5
7
10
4
7
12
4
5
8
8
7
9
5
10
8
10
6
9
13
7
6
8
7
6
8
7
5
5
8
9
7
9
10
9
7
9
5
13
12
7
8
8
10
7
12
11
12
6
6
16
11
8
9
6
10
12
12
11
9
9
9
15
10
14
13
13
13
4
9
6
11
12
10
15
11
12
5
12
18
10
17
11
10
18
16
12
15
9
14
18
13
13
10
16
16
13
14
16
13
7
17
8
15
17
14
13
13
24
11
15
17
14
11
15
10
18
13
13
17
26
21
25
19
18
16
14
21
18
27
18
15
20
19
14
17
13
11
24
15
14
21
22
21
26
15
26
16
22
21
22
14
21
28
18
26
28
23
30
24
25
18
27
25
25
20
23
27
25
22
31
24
30
26
28
36
29
30
40
26
34
21
23
26
25
34
28
30
22
37
39
35
30
31
30
20
30
38
32
30
31
37
37
26
23
35
40
44
33
49
26
39
43
42
46
42
44
54
35
43
32
48
57
41
43
47
54
61
36
41
57
50
60
55
60
43
68
57
61
53
59
50
49
60
72
46
55
64
47
68
53
74
73
68
70
68
64
91
70
80
75
85
77
85
65
76
84
109
93
98
93
84
93
94
79
106
80
69
91
78
90
89
91
74
74
83
88
88
88
74
82
85
68
76
81
73
77
90
76
69
77
95
65
69
79
90
74
62
57
74
83
70
86
76
78
68
81
63
81
79
70
73
66
65
73
67
77
78
81
67
61
80
66
77
62
70
68
76
77
70
75
63
64
69
84
63
78
86
73
66
60
75
100
65
70
69
83
80
62
62
79
58
69
50
72
76
68
69
52
80
64
66
75
66
65
79
68
60
84
78
66
84
72
70
60
85
70
75
67
65
70
68
73
78
95
66
88
77
60
65
80
80
90
72
94
70
72
62
72
99
70
74
74
64
74
78
90
69
99
82
76
86
92
92
98
93
90
105
129
131
132
157
217
220
280
305
368
443
442
548
613
664
726
780
764
828
825
895
894
766
740
652
635
577
521
471
393
364
257
273
221
184
169
119
122
117
119
115
85
109
104
86
87
104
80
96
103
104
93
99
103
88
87
106
90
95
113
102
94
92
94
104
100
110
102
105
120
102
133
95
100
91
94
96
103
114
108
96
101
110
107
112
89
101
117
112
105
90
107
121
106
108
104
124
112
97
128
120
132
111
124
110
135
125
131
149
137
150
159
148
169
203
193
190
191
210
231
223
243
205
213
214
206
200
201
189
186
184
178
163
169
168
155
149
141
152
136
142
172
149
138
160
148
166
145
140
133
162
174
152
154
153
170
177
142
182
188
184
148
179
149
171
152
165
159
173
150
169
155
183
177
177
184
186
193
198
169
191
176
197
189
179
210
199
191
188
212
207
197
212
232
206
226
203
233
199
231
252
243
223
262
224
236
264
257
244
206
240
226
269
264
286
274
267
242
263
280
249
256
267
267
255
259
252
285
280
275
279
249
251
255
257
269
302
273
275
276
243
249
241
234
255
246
268
248
247
237
234
245
255
260
239
230
209
238
234
247
255
249
234
254
212
186
221
223
215
224
205
243
218
210
213
191
222
212
217
200
208
194
205
199
178
191
213
193
180
185
186
201
197
233
176
183
194
216
198
200
184
179
199
208
187
213
201
198
195
187
219
205
211
200
190
182
226
203
193
193
186
215
193
176
212
206
225
169
191
201
192
177
198
172
204
186
202
189
206
212
231
192
207
219
216
204
204
210
214
193
243
202
196
222
212
193
201
203
222
219
213
211
192
200
212
218
222
232
224
195
216
203
234
225
192
216
234
239
228
226
225
207
238
215
207
225
201
214
243
241
240
198
239
197
224
231
179
225
243
243
223
222
217
234
230
231
239
198
234
239
244
231
236
227
214
249
257
211
260
255
227
229
240
255
256
256
266
269
228
257
244
203
256
226
223
248
230
280
243
259
248
237
238
222
281
249
256
256
246
286
224
256
280
250
264
243
264
245
238
251
257
266
250
252
243
261
289
269
248
238
246
254
256
269
236
278
267
276
241
240
267
291
249
251
270
242
284
310
273
256
285
271
246
299
270
262
288
278
281
249
267
264
272
277
287
270
311
288
289
292
258
268
275
286
246
275
280
279
247
286
306
271
289
301
293
285
316
323
282
285
279
305
290
286
279
296
325
282
286
303
296
271
302
333
303
301
322
344
298
309
328
291
306
324
282
281
335
301
326
324
337
322
301
353
308
265
324
314
322
310
347
314
338
314
314
295
291
337
315
286
297
319
362
315
305
296
311
295
338
345
329
334
315
308
300
329
316
331
313
323
306
328
309
323
297
362
271
289
308
300
282
261
281
294
294
277
314
278
324
292
271
329
273
289
298
288
288
311
286
325
260
302
294
243
276
303
275
294
282
293
311
271
289
253
264
259
267
279
304
265
263
260
292
267
290
282
265
291
260
295
311
271
271
248
279
259
263
275
249
261
311
262
260
294
270
262
247
243
248
269
281
242
240
240
266
249
221
259
259
261
256
253
272
247
270
262
270
238
285
284
257
256
261
251
265
251
281
239
244
274
233
237
270
275
275
278
263
304
276
287
229
242
236
272
260
285
256
257
256
258
273
260
247
269
237
237
253
269
257
258
275
255
246
274
278
264
291
239
294
265
281
267
284
250
281
226
236
245
259
236
299
230
259
275
261
256
267
244
267
254
241
245
270
249
233
246
259
232
284
258
244
265
232
242
247
245
252
243
269
275
254
266
259
239
245
247
274
254
260
260
267
268
265
252
274
257
253
235
320
248
253
267
267
270
262
248
255
256
249
260
292
257
259
250
284
268
251
273
279
281
242
261
294
260
297
245
274
271
272
267
262
248
301
270
267
262
281
263
280
257
251
290
304
270
276
278
282
290
278
287
278
257
291
312
304
304
298
264
298
283
285
298
268
299
297
296
308
264
290
313
291
272
306
303
329
300
343
309
309
322
343
321
318
351
348
327
319
341
361
332
379
360
362
348
350
359
385
349
350
376
430
365
394
406
410
368
350
398
409
422
422
436
424
436
444
485
437
431
491
455
485
531
472
487
539
509
517
562
606
545
560
633
623
614
679
642
661
717
671
730
788
835
813
845
883
880
883
951
934
1021
1049
1039
1079
1090
1240
1242
1214
1227
1239
1290
1342
1355
1376
1390
1397
1411
1397
1536
1479
1558
1607
1504
1478
1509
1566
1524
1562
1572
1510
1550
1485
1545
1512
1424
1483
1464
1476
1474
1385
1313
1344
1251
1258
1248
1161
1150
1156
1074
1071
1061
995
1011
964
916
938
882
868
812
819
745
711
776
672
634
634
564
628
572
558
562
545
501
475
470
459
457
438
442
429
387
380
378
420
378
398
335
363
348
318
346
350
359
324
343
293
284
305
316
303
246
274
292
302
273
308
255
239
275
243
265
244
254
265
226
213
257
234
231
223
246
245
232
236
238
233
226
235
229
258
282
264
297
287
282
310
344
321
389
341
328
386
400
442
415
435
372
458
430
460
497
507
460
450
484
489
433
423
439
446
416
394
374
334
385
324
342
347
271
277
271
259
228
224
246
189
232
205
177
205
175
170
159
168
154
181
151
133
163
159
157
167
159
166
161
157
168
175
145
184
173
151
163
177
175
171
201
192
191
185
176
190
192
191
184
200
152
180
215
190
218
231
226
243
245
207
245
251
255
233
227
263
250
246
239
273
260
259
259
248
267
266
260
286
274
257
262
253
286
302
233
290
266
276
245
280
260
254
261
263
249
274
262
240
257
226
233
238
213
208
231
211
234
209
224
203
214
191
218
208
158
181
197
169
146
173
172
178
153
137
164
138
141
137
133
180
158
132
129
153
108
116
127
115
120
116
115
116
103
108
101
108
92
103
120
89
86
79
89
89
108
92
84
106
78
78
92
106
66
70
80
81
80
84
85
77
76
76
80
64
89
78
72
74
62
72
71
86
79
59
84
70
69
67
70
63
67
59
62
61
54
62
59
75
93
62
65
69
52
69
57
74
61
63
51
57
62
55
57
60
58
53
56
59
64
70
45
81
78
56
78
62
70
65
55
71
63
71
66
86
85
64
103
85
86
74
80
70
72
89
80
62
98
76
60
80
61
76
70
59
65
59
59
52
60
51
46
60
48
46
55
47
40
39
48
46
48
42
50
52
47
40
43
47
48
42
41
52
44
57
43
55
58
39
40
37
36
50
43
43
45
47
38
46
50
36
47
41
45
34
37
38
43
35
27
41
36
40
29
41
30
28
27
39
28
41
36
47
46
31
28
31
36
29
37
40
29
31
30
29
34
41
42
41
37
30
29
31
35
40
37
49
36
38
28
43
34
24
28
30
33
43
31
31
36
27
33
26
27
37
39
37
28
25
32
35
28
31
28
21
35
44
29
41
28
33
29
34
34
22
24
26
27
30
34
29
23
27
27
29
31
30
33
36
29
28
32
33
23
22
27
27
23
36
33
35
30
31
23
25
22
34
31
31
24
28
27
24
26
34
31
23
27
25
22
25
33
30
27
25
30
25
35
32
28
29
28
24
24
21
24
20
26
29
23
19
32
18
25
25
29
25
23
28
16
26
33
34
15
31
19
31
13
22
30
25
28
34
22
29
24
25
26
27
34
24
27
17
17
20
26
24
24
24
26
23
15
29
28
21
34
24
28
29
24
24
19
16
21
20
22
23
14
19
29
16
19
19
28
26
27
15
24
13
24
24
19
23
14
18
22
21
22
24
27
20
22
21
23
20
20
21
18
17
19
19
23
24
17
14
19
23
18
22
15
19
22
11
19
19
19
25
20
14
14
11
17
19
16
19
17
22
23
21
19
17
21
14
17
24
15
14
17
16
17
16
17
19
23
23
16
20
23
14
18
16
13
23
15
14
22
12
17
18
13
16
23
15
15
13
13
17
12
28
15
20
19
16
20
17
18
11
10
14
13
9
19
12
20
15
12
14
15
11
12
19
18
20
17
18
20
18
12
7
9
10
13
15
9
8
18
20
12
11
9
18
11
16
16
11
10
10
8
18
20
16
9
19
14
19
13
17
9
21
16
15
10
9
15
13
16
14
16
14
9
14
13
11
16
12
18
14
10
12
10
8
9
12
15
15
10
14
20
10
11
14
15
8
17
12
6
16
12
7
16
16
13
15
20
17
13
8
8
9
13
9
14
14
11
13
11
9
14
15
14
16
10
12
10
14
21
7
12
15
7
8
16
14
12
15
11
14
12
9
14
12
8
14
14
15
10
8
12
14
12
13
10
13
6
10
11
5
11
12
13
12
10
14
13
8
14
10
13
11
11
10
4
13
10
6
13
13
10
7
7
12
9
11
9
8
5
3
7
14
5
10
7
7
12
6
8
17
10
2
11
3
9
7
14
16
13
8
9
7
10
4
14
11
11
11
5
8
9
7
7
7
3
7
8
6
12
7
3
4
8
3
7
7
14
8
6
8
13
7
12
6
9
12
9
7
8
8
8
6
12
8
8
7
9
9
5
4
7
5
7
1
8
10
9
14
6
6
9
9
9
8
6
5
7
13
9
11
8
6
9
5
5
7
7
6
3
4
4
9
5
10
12
9
5
13
5
5
9
6
11
7
7
6
5
13
6
9
8
7
7
7
7
4
6
5
4
10
4
7
10
8
5
3
3
7
5
9
4
4
11
8
5
7
6
3
5
6
5
4
4
5
10
8
1
3
6
4
8
7
4
8
8
4
3
5
12
3
9
4
7
8
4
8
2
2
2
7
3
4
8
2
6
4
5
7
3
6
4
10
4
1
3
3
11
2
7
7
2
8
5
9
4
3
5
6
6
7
1
6
1
4
3
5
1
1
5
6
7
4
4
3
6
7
9
7
3
3
5
4
6
2
8
7
4
5
5
4
7
6
6
3
11
1
5
7
4
6
2
5
5
4
11
2
5
1
0
7
8
10
2
2
3
5
3
4
3
4
5
4
2
3
3
5
3
5
0
6
2
3
9
6
5
2
5
6
5
3
2
1
8
3
2
4
3
3
4
8
4
8
6
1
1
2
4
7
4
4
2
2
3
2
0
3
6
4
7
9
1
5
3
2
2
5
5
2
0
5
4
3
3
5
6
3
6
5
2
2
3
0
5
3
2
4
2
3
5
2
7
1
1
4
1
2
4
5
3
4
2
2
5
0
3
3
3
3
4
5
5
1
2
0
1
3
4
7
5
4
1
3
4
3
2
2
3
2
1
2
2
5
4
3
5
2
7
6
2
1
1
3
4
1
5
3
1
1
1
2
4
4
3
4
4
0
0
2
2
1
3
2
1
5
0
4
5
0
3
2
4
4
4
3
1
2
1
1
3
3
1
0
2
1
4
4
0
3
1
1
3
1
1
4
0
3
2
3
0
1
2
4
4
2
1
2
4
1
0
3
6
4
1
1
3
3
1
2
2
3
0
3
3
1
1
3
0
4
6
4
1
2
2
4
1
2
4
3
2
1
4
1
2
1
0
0
0
5
2
4
1
2
0
4
2
1
2
3
1
3
3
1
0
1
2
1
0
2
0
2
1
1
3
1
1
3
0
1
2
1
0
1
3
1
3
2
1
0
1
3
2
0
0
6
0
2
0
1
0
1
5
1
2
3
2
4
1
1
1
1
1
1
2
2
2
0
1
0
1
0
1
1
0
2
1
3
1
2
2
2
0
1
1
1
2
1
2
1
3
1
1
1
0
1
3
1
1
1
2
1
3
1
2
1
2
2
0
2
0
0
1
1
0
0
2
4
4
1
0
3
3
0
2
2
2
2
1
1
2
1
2
0
1
2
2
0
2
2
2
0
0
0
0
0
2
1
1
2
0
1
1
1
0
0
2
0
3
1
1
3
0
1
0
0
2
1
2
4
1
3
0
1
1
1
0
3
1
0
1
2
2
2
1
1
0
0
0
1
1
0
3
1
0
2
1
2
1
1
2
1
1
2
2
0
1
1
0
0
0
1
1
1
0
1
1
4
2
1
1
0
2
1
0
2
0
0
2
0
1
4
1
1
0
0
1
1
0
1
0
0
0
1
2
0
0
1
1
1
0
1
1
1
0
1
0
2
1
1
1
0
0
1
2
0
0
1
0
0
1
2
1
0
0
0
0
0
1
1
0
4
0
0
2
0
0
1
0
2
2
0
1
0
0
4
0
0
3
0
0
0
0
0
1
1
0
3
2
1
2
2
1
1
1
0
1
0
1
0
0
1
0
2
1
0
1
0
3
2
0
0
0
0
0
2
1
0
0
2
2
1
1
0
0
0
1
0
0
0
0
1
0
1
0
0
0
1
0
2
0
2
0
0
1
1
0
1
0
0
1
0
1
0
0
0
0
2
2
0
0
1
2
3
0
0
1
1
0
0
1
0
0
0
0
0
1
1
1
0
2
0
1
0
0
1
0
0
0
0
2
1
0
1
0
1
1
0
0
1
0
0
1
0
0
0
1
1
1
2
0
0
1
0
0
1
1
0
0
0
1
1
3
0
1
1
0
0
1
1
0
1
0
0
0
1
1
2
1
0
0
1
0
0
0
1
0
0
1
1
0
0
0
1
1
2
0
0
1
0
2
1
0
0
0
2
0
1
2
0
0
1
2
0
1
1
1
0
0
1
0
0
0
1
1
1
0
1
1
0
0
1
0
0
0
1
0
0
0
1
0
0
0
0
0
0
0
1
1
1
0
1
2
0
1
0
1
1
0
1
0
0
0
0
0
0
0
0
0
0
0
1
0
1
1
0
1
0
0
0
1
0
0
0
0
0
0
0
0
0
0
0
0
2
0
0
1
0
0
0
0
0
1
1
0
0
0
1
0
0
0
0
0
0
0
0
0
1
1
0
0
0
0
0
0
0
0
0
0
2
0
0
0
0
0
0
0
0
0
0
0
0
1
0
0
0
0
0
0
0
0
1
1
0
0
0
1
1
0
0
1
0
0
0
0
1
0
0
0
0
1
1
0
0
1
0
1
1
0
1
1
0
0
1
0
0
