0
0
0
0
0
0
0
0
0
0
0
0
0
0
0
0
0
0
0
0
0
0
0
0
0
0
0
0
0
0
0
0
0
0
0
0
0
0
0
0
0
0
0
0
0
0
0
0
0
0
0
0
0
0
0
0
0
0
0
0
0
0
0
0
0
0
1
0
0
1
1
2
5
0
3
7
3
3
1
5
3
6
13
39
122
347
961
2327
4826
9569
17292
27573
40685
54329
66352
72782
73088
66708
55140
41216
27974
17401
9894
5082
2457
1048
376
158
33
17
7
8
3
3
2
0
0
0
1
0
0
0
0
0
1
0
0
0
0
0
0
11
82
44
57
54
71
64
70
60
74
72
57
51
55
61
50
56
65
57
54
55
57
44
44
58
51
51
42
50
59
49
44
45
49
48
52
43
56
50
46
45
52
50
54
51
56
50
42
47
57
53
55
46
47
54
43
48
47
59
41
43
50
51
57
50
49
49
56
65
60
74
69
92
84
89
96
88
108
85
84
86
95
60
59
61
60
62
62
58
54
63
60
46
52
46
62
58
52
54
59
72
85
55
61
56
66
75
65
86
86
104
89
117
123
132
143
129
143
176
175
171
176
200
193
257
286
441
717
1141
2097
3458
5386
8147
11957
16126
20788
25526
29415
31850
33648
33366
31001
27181
23281
18443
14510
10669
7605
5489
3890
2694
2062
1450
1069
778
582
433
324
254
219
217
235
232
356
379
415
451
453
398
379
359
300
230
173
129
104
88
78
47
46
41
38
35
31
36
28
21
17
15
10
15
12
16
10
9
9
13
20
13
9
13
14
7
9
8
11
6
11
8
11
8
9
16
9
11
11
10
10
6
9
17
8
15
15
6
15
12
11
16
23
17
31
39
28
28
23
28
22
26
18
21
19
22
19
17
26
15
22
25
16
20
25
19
31
25
19
16
16
20
21
15
21
22
20
16
15
18
13
9
15
14
11
9
9
5
9
10
8
8
1
7
9
1
9
9
5
3
4
10
3
4
9
4
3
5
4
7
9
5
7
8
13
11
16
14
11
14
23
21
24
23
25
27
31
27
28
20
24
16
22
12
10
15
9
10
4
9
12
9
9
7
9
17
6
12
5
9
14
11
8
6
10
11
4
8
9
10
7
4
7
6
4
10
7
9
7
7
5
5
6
8
8
9
7
5
7
8
6
5
6
5
7
7
9
7
6
4
4
4
3
6
9
6
4
4
9
4
5
11
8
4
6
7
4
9
10
6
7
5
7
6
8
6
3
5
11
6
9
3
7
11
4
4
8
7
8
5
7
12
7
9
7
7
8
5
3
8
4
8
5
10
4
16
7
9
7
12
14
3
5
6
13
3
10
8
6
8
9
7
4
11
6
7
10
5
11
6
6
7
9
4
9
8
8
7
6
10
10
7
8
4
6
11
13
11
15
11
8
6
7
8
13
8
11
9
16
10
8
6
11
15
9
6
11
9
5
11
5
8
8
14
15
12
18
13
11
15
8
11
9
16
10
15
10
10
9
10
12
19
13
10
17
11
16
17
11
12
18
15
12
10
10
22
11
16
16
12
15
25
16
8
13
17
14
15
15
14
12
14
22
12
17
14
16
22
16
21
22
24
21
15
16
19
11
14
15
18
23
13
17
12
15
18
22
19
17
18
17
24
11
19
20
23
16
20
25
22
20
23
25
17
25
21
20
25
26
32
18
16
22
18
22
25
29
27
28
21
35
25
31
18
31
28
26
33
33
43
20
27
35
26
27
28
26
25
29
24
37
32
32
36
23
29
19
22
32
27
33
34
28
33
29
43
31
38
42
41
26
34
42
40
41
39
31
41
42
40
39
38
46
39
42
50
43
41
63
45
53
50
44
38
56
54
50
54
59
52
46
55
62
73
46
67
50
52
42
60
75
66
57
48
59
65
64
70
74
73
57
68
67
63
72
65
53
90
87
71
89
85
100
76
83
88
92
81
90
106
94
93
83
78
69
72
79
73
72
65
75
75
79
87
80
70
76
65
80
68
84
77
77
77
67
64
69
66
76
72
83
62
75
66
67
75
67
72
80
78
75
74
72
97
74
81
75
74
54
74
77
75
81
72
60
87
67
71
67
68
72
61
69
78
91
63
79
74
72
75
79
67
80
74
75
66
80
59
74
79
80
74
85
73
70
70
61
66
66
68
73
82
77
60
69
67
58
77
69
72
74
85
77
82
65
73
85
58
80
79
67
80
67
70
87
75
67
74
61
88
70
76
78
74
83
71
79
60
78
70
83
74
84
72
78
60
85
90
71
59
71
71
98
71
69
85
69
67
65
87
88
104
114
103
112
119
122
175
179
210
292
319
366
404
494
517
564
679
743
783
853
852
754
836
823
807
763
681
617
593
514
473
379
359
307
216
209
204
159
139
139
131
112
124
87
118
93
105
94
105
101
89
86
102
103
102
84
86
108
107
98
91
103
90
102
93
91
117
102
123
93
93
95
95
115
109
102
102
93
134
114
97
84
98
107
108
103
110
111
102
117
100
115
115
105
128
100
111
130
106
124
118
105
116
124
100
137
123
124
128
135
125
142
172
155
192
172
182
193
196
190
229
206
240
234
203
196
211
220
186
226
194
180
188
174
157
171
179
148
155
147
150
139
161
151
147
159
137
154
135
130
160
146
175
179
171
159
176
158
189
170
152
173
151
156
166
153
140
158
179
155
182
167
173
182
184
164
165
191
181
185
152
199
193
198
186
197
194
197
202
197
211
206
195
199
188
212
214
218
222
237
214
200
225
206
252
249
245
238
204
228
274
237
248
226
255
275
267
265
271
287
264
292
266
242
259
252
312
280
248
248
279
267
263
272
271
259
270
276
273
263
244
317
272
268
238
244
248
276
246
258
251
255
265
215
283
246
233
237
251
240
215
263
243
245
240
244
215
233
215
254
223
230
193
225
223
202
204
224
216
201
178
214
210
206
231
181
216
204
225
205
200
198
188
187
217
226
213
223
199
187
217
199
196
184
184
184
209
210
212
196
184
204
173
216
172
189
199
175
187
186
199
186
172
190
210
196
193
196
203
203
196
202
186
200
176
216
185
204
208
211
192
225
228
211
212
224
199
197
198
207
205
202
201
171
207
186
242
219
192
212
203
195
210
223
215
233
227
225
189
231
198
213
201
223
188
217
228
215
183
207
204
206
234
181
215
219
196
220
209
213
214
223
193
248
205
214
212
219
213
232
227
216
217
216
224
221
218
226
244
209
247
254
239
198
238
183
235
234
248
219
223
228
227
231
281
234
253
223
260
206
235
233
246
238
263
239
242
247
238
232
259
224
278
236
228
248
256
241
244
224
244
263
252
249
234
267
250
267
243
224
251
271
254
254
257
272
260
274
250
279
246
231
243
261
251
267
265
261
296
239
245
276
271
263
284
250
248
271
266
249
261
253
302
264
268
250
257
281
261
294
284
266
266
240
242
259
281
264
290
283
268
321
312
290
297
257
290
261
251
306
323
289
308
257
281
291
300
290
311
305
277
294
309
293
300
309
283
306
308
305
290
294
340
324
283
258
302
322
292
300
285
295
303
345
321
291
318
311
322
296
270
346
312
324
305
322
311
303
331
311
345
346
294
321
323
306
342
348
391
307
337
311
325
321
314
321
320
337
331
300
305
280
317
311
321
276
314
310
302
315
316
310
294
306
310
329
286
296
309
297
310
301
305
343
335
296
315
328
313
315
304
315
309
279
286
301
333
298
270
278
285
306
289
301
302
319
293
284
316
300
329
294
271
296
274
309
276
294
251
289
278
290
264
305
294
281
269
292
257
268
256
278
276
284
263
278
282
275
285
273
320
285
286
261
269
277
267
298
299
289
251
279
266
262
258
285
272
285
249
316
281
300
260
268
264
266
287
316
280
266
245
268
290
276
261
292
265
290
277
278
264
292
305
271
313
252
291
265
266
259
255
272
266
266
272
294
268
276
259
298
285
302
286
277
278
280
251
283
285
273
279
288
265
279
301
281
300
270
275
302
264
294
256
283
286
289
242
289
278
288
257
310
297
283
297
296
272
268
272
293
288
297
293
266
287
274
287
262
328
286
267
291
259
279
264
279
282
290
262
311
252
286
285
249
279
310
244
279
283
297
276
271
287
273
265
269
283
261
285
287
263
323
285
296
296
263
267
288
286
267
292
289
311
293
306
323
265
293
316
267
299
280
305
305
294
325
305
300
309
299
311
305
297
317
306
295
296
276
294
291
321
310
298
312
291
287
272
296
309
318
269
303
319
330
301
299
295
340
328
318
324
329
302
335
347
305
288
335
327
349
334
354
337
336
338
329
354
310
338
338
362
350
353
355
375
374
379
382
386
373
379
370
423
390
381
410
422
383
401
418
415
440
426
476
463
441
442
478
463
452
462
469
465
512
523
509
500
512
548
523
546
512
540
535
572
550
618
615
621
653
646
670
654
715
721
692
745
805
809
829
843
851
913
940
954
951
1057
1046
1051
1122
1123
1169
1164
1215
1300
1256
1284
1237
1355
1391
1468
1427
1526
1488
1511
1481
1607
1621
1649
1644
1651
1678
1671
1622
1657
1654
1684
1692
1676
1622
1686
1626
1583
1650
1547
1594
1561
1545
1520
1465
1525
1488
1397
1394
1363
1345
1250
1304
1268
1216
1189
1150
1172
1045
1014
1042
979
947
861
843
893
828
735
761
734
695
656
644
656
694
601
576
593
575
553
501
489
516
467
475
477
476
462
432
429
439
406
400
383
363
364
367
369
343
346
325
301
343
325
335
307
305
330
274
331
291
274
284
303
251
307
270
261
276
255
261
279
268
247
256
269
228
273
256
273
255
279
278
262
296
265
285
279
303
302
346
326
359
363
384
389
414
433
419
453
459
442
497
477
486
558
534
508
482
509
533
510
508
494
476
483
442
461
439
379
434
403
378
360
308
307
311
281
253
257
221
222
232
228
211
204
188
180
182
184
192
181
193
175
181
201
164
172
162
187
213
193
201
188
197
217
210
181
216
216
173
220
201
238
222
237
235
233
218
196
242
256
240
247
282
278
263
251
258
300
280
279
270
268
258
269
266
268
287
268
291
266
299
309
313
292
265
270
320
325
326
303
291
290
316
282
322
277
291
291
282
301
310
261
292
282
309
285
260
299
267
253
269
270
243
256
247
235
241
246
235
238
218
250
211
211
224
202
206
176
199
187
168
185
173
172
166
162
182
185
167
158
153
132
160
157
132
146
147
146
138
111
122
121
122
110
121
122
130
127
132
120
117
104
122
90
113
98
108
102
95
112
92
92
101
92
101
84
110
88
88
91
86
96
104
75
82
90
83
103
82
88
100
69
81
70
74
93
72
74
65
75
72
74
67
71
59
81
74
79
59
74
77
71
69
57
65
80
66
65
78
66
69
65
69
75
60
64
59
81
61
58
73
70
70
66
74
62
86
75
80
79
93
78
81
75
71
101
104
80
96
81
74
101
94
84
87
96
100
65
59
77
67
73
96
78
70
65
55
69
80
63
61
59
62
53
45
66
53
55
56
42
45
57
57
63
66
58
44
54
59
56
42
56
44
63
40
50
51
53
58
62
54
50
60
49
47
59
53
65
55
65
47
44
43
48
44
46
47
43
39
39
42
43
48
46
50
48
51
49
42
51
44
50
42
44
49
28
33
51
46
41
41
45
40
42
50
38
42
49
33
44
52
44
48
33
39
40
34
36
40
35
42
30
23
54
38
35
36
35
32
50
43
44
35
32
41
37
33
40
41
37
45
32
28
44
34
38
43
44
37
46
29
41
50
32
30
34
28
30
42
38
34
34
35
38
29
33
28
43
53
28
35
28
42
32
43
35
35
30
32
36
36
27
36
31
34
38
28
27
35
33
21
34
33
39
28
34
26
39
47
33
35
42
33
32
30
32
36
39
29
27
27
40
25
40
29
28
30
26
31
42
39
31
27
25
32
37
39
29
34
25
41
40
33
27
25
27
23
42
29
24
25
36
27
30
40
27
32
25
23
27
25
25
24
43
26
29
28
34
25
27
32
35
31
18
32
30
36
30
20
28
26
31
26
18
26
31
28
32
31
25
23
28
25
24
26
16
20
18
26
29
24
40
24
31
22
33
36
30
24
21
32
14
21
26
33
26
30
30
31
23
21
19
36
16
17
29
28
26
20
27
16
21
25
16
19
27
31
25
22
30
23
20
24
26
17
29
22
27
35
20
19
20
27
20
26
24
16
22
28
23
17
22
28
21
19
18
17
28
19
17
32
20
21
17
24
22
22
23
23
20
25
18
28
20
25
17
10
29
16
22
20
17
14
12
17
16
18
23
24
11
12
29
22
12
18
25
24
23
23
22
22
27
27
23
14
24
20
14
20
16
27
14
11
22
21
19
17
17
20
15
10
10
14
21
20
20
22
17
25
21
18
15
13
22
13
20
18
18
18
11
20
11
17
20
17
17
22
13
15
20
12
19
12
19
18
21
9
19
14
11
19
10
12
14
17
15
14
11
17
15
19
12
14
14
14
14
22
21
13
14
17
14
18
15
18
14
21
9
19
14
10
19
11
14
14
21
16
15
11
8
10
15
16
19
14
14
16
13
10
11
17
12
21
17
15
13
15
13
9
9
12
15
13
14
10
14
15
14
12
12
9
12
18
10
9
13
10
17
12
9
14
13
12
11
16
21
16
14
12
15
8
9
10
12
17
9
7
21
9
10
7
14
10
10
10
16
19
8
8
10
8
14
15
7
9
8
14
17
8
14
15
14
4
12
10
9
11
17
13
13
10
12
11
11
7
11
10
12
8
10
16
8
8
5
8
15
6
6
10
6
11
13
12
15
6
12
11
14
13
8
9
6
10
8
10
8
10
10
11
8
15
13
11
12
8
9
9
10
10
8
7
8
10
9
7
9
5
11
9
15
5
12
8
11
8
3
11
8
9
9
5
8
13
9
12
9
9
10
7
12
4
9
5
14
9
9
9
13
11
11
7
10
6
9
13
9
5
5
12
7
9
9
8
10
10
6
10
10
8
9
4
9
4
8
9
7
3
7
11
4
12
7
4
5
9
4
6
11
3
9
7
4
7
12
11
12
6
6
3
7
11
8
2
7
5
9
3
4
6
4
6
4
5
8
6
9
8
5
2
6
9
9
2
7
8
7
2
4
4
5
6
9
5
13
9
7
6
9
11
4
6
9
6
9
8
6
9
5
5
9
6
5
7
3
4
7
7
4
3
9
8
4
4
6
8
2
7
10
6
4
9
5
5
3
5
8
0
1
8
8
7
6
5
4
6
6
6
4
7
9
8
8
4
7
5
3
7
8
8
3
6
4
6
3
2
8
9
3
3
9
5
6
7
4
2
6
7
1
8
1
4
4
7
6
5
5
5
4
2
7
4
2
8
2
7
5
4
9
4
2
1
3
4
4
4
3
0
5
2
4
8
2
4
4
4
3
3
5
3
6
5
6
8
6
4
2
5
6
4
4
3
5
6
5
6
5
4
6
5
3
6
7
5
3
4
6
5
5
4
8
5
0
2
6
5
2
4
5
4
2
5
0
3
5
7
3
8
3
5
2
2
3
4
5
6
5
2
2
3
2
8
4
1
4
1
3
6
1
3
3
2
4
2
3
3
5
2
5
4
4
8
3
3
3
3
4
2
3
3
3
5
1
4
2
2
3
3
3
7
3
3
0
2
4
4
3
3
4
8
4
5
3
3
10
5
2
1
5
3
5
1
1
2
2
1
2
2
4
5
3
2
2
2
4
3
3
3
1
2
4
2
1
0
3
1
3
2
3
1
4
4
0
1
1
2
4
2
3
1
4
3
3
3
2
4
1
1
2
4
1
1
4
0
2
3
3
4
1
4
2
2
1
2
1
6
0
3
2
4
4
2
2
0
1
3
4
4
1
3
5
1
1
2
1
1
1
1
2
4
0
3
4
6
4
3
2
2
4
1
4
2
3
3
3
2
1
2
3
1
1
2
1
2
2
1
2
5
1
1
0
3
2
3
3
0
0
2
2
4
2
4
0
1
1
0
0
2
2
1
1
2
1
1
1
1
3
0
3
3
2
0
1
1
1
4
0
4
2
0
5
1
1
2
1
3
0
2
6
0
0
3
0
6
1
1
0
1
2
1
0
1
1
0
1
1
2
1
0
0
1
2
2
2
1
1
1
1
1
3
6
3
2
1
3
2
1
2
3
1
0
2
0
0
0
1
2
1
1
1
1
0
0
1
0
2
0
5
2
1
1
0
2
2
2
2
1
0
2
1
2
0
5
0
2
1
0
2
1
2
3
0
1
1
1
0
0
1
2
0
1
0
2
0
0
2
3
0
0
0
3
1
2
0
1
0
2
2
1
2
1
2
0
0
2
0
1
4
0
2
0
1
0
0
0
2
2
1
0
1
0
3
1
0
2
1
0
0
0
2
1
0
2
1
1
3
1
1
1
0
0
3
0
1
2
2
1
3
0
1
0
0
1
1
0
0
2
1
0
1
2
1
1
1
2
0
1
2
1
0
0
0
3
0
1
1
2
1
3
2
1
0
0
1
1
1
2
1
0
1
1
1
1
2
1
0
1
0
0
1
2
1
0
1
0
1
1
0
3
1
1
0
1
1
2
1
0
3
2
1
0
2
0
0
1
1
0
0
0
0
1
1
1
0
0
2
1
0
0
1
1
0
1
0
1
0
2
1
0
1
1
2
1
0
1
1
0
1
1
0
1
0
3
1
0
0
0
1
0
1
1
2
1
0
1
0
2
0
1
0
3
1
0
0
1
2
0
0
0
0
0
1
1
0
2
0
1
0
3
1
0
0
0
0
4
0
0
1
1
0
1
1
1
1
0
1
0
2
1
0
0
1
1
0
1
1
0
1
0
1
0
0
0
1
3
0
0
0
2
0
1
0
0
0
0
0
2
1
1
0
0
1
1
1
1
0
0
1
0
0
1
1
1
0
0
1
1
2
0
1
0
0
0
0
0
0
1
0
0
0
0
0
0
1
2
0
0
1
2
0
0
0
1
0
0
0
0
0
0
0
1
1
1
0
0
2
0
0
0
0
0
0
0
0
0
0
1
0
0
1
0
0
0
2
0
0
0
1
0
0
2
0
0
0
0
0
0
0
0
0
1
0
0
0
0
0
0
0
0
1
0
1
1
0
1
0
0
1
0
1
1
2
1
0
2
0
0
0
1
2
0
0
0
0
0
1
0
0
0
1
1
2
0
0
0
0
1
1
0
1
1
0
0
1
1
0
0
0
0
0
0
0
0
0
0
2
0
0
1
1
1
0
1
1
1
0
0
0
2
0
0
0
1
0
0
0
1
1
0
1
0
0
0
0
1
0
0
1
1
0
0
0
0
1
0
0
0
0
1
0
1
