0
0
0
0
0
0
0
0
0
0
0
0
0
0
0
0
0
0
0
0
0
0
0
0
0
0
0
0
0
0
0
0
0
0
0
0
0
0
0
0
0
0
0
0
0
0
0
0
0
0
0
0
0
0
0
0
0
0
0
0
0
0
0
0
0
0
0
0
0
0
1
4
4
4
2
0
3
1
4
3
3
8
17
39
121
356
937
2226
4800
9706
17328
27546
40804
54492
66323
72858
72940
66503
54838
41146
28402
17467
9789
4961
2377
1021
409
117
45
15
4
2
2
1
1
1
4
2
2
0
0
2
0
1
1
1
2
0
0
1
0
7
67
82
61
49
71
57
45
62
70
63
55
59
52
69
65
59
70
57
55
50
47
41
43
50
47
67
52
49
49
50
50
66
49
53
52
58
60
53
59
50
40
49
47
43
40
55
50
46
39
46
52
45
57
41
56
35
53
48
53
48
47
63
55
49
56
40
56
63
68
54
77
86
95
101
110
98
84
93
81
78
97
70
57
53
53
41
57
53
53
62
52
55
53
64
42
50
55
42
55
58
66
68
65
55
66
82
94
94
97
108
114
91
126
119
122
136
141
144
164
163
179
186
219
250
291
429
695
1221
2038
3479
5406
8264
11837
15955
20698
25230
29475
32424
33827
32849
31137
27324
22930
18514
14331
10880
7627
5397
3741
2800
2054
1446
1035
804
575
382
304
224
172
211
229
298
342
362
428
442
434
443
393
353
268
233
162
139
109
78
64
60
57
42
43
25
22
20
21
23
24
13
15
7
15
8
8
5
10
11
8
9
15
11
10
19
10
14
18
12
17
11
14
10
11
12
7
12
10
9
14
7
8
7
12
6
13
17
8
15
14
11
16
20
14
18
24
26
17
20
30
23
18
20
18
14
24
19
16
14
14
22
19
18
15
13
21
12
19
14
16
22
21
25
22
16
16
18
18
8
17
12
9
6
4
7
10
8
4
8
8
10
12
7
6
8
6
13
9
3
5
6
9
6
7
6
9
7
6
7
6
10
10
7
15
5
7
18
10
16
24
26
27
29
29
34
27
28
25
21
30
17
15
13
16
7
15
18
10
10
6
9
6
15
11
15
13
10
15
16
15
8
18
6
10
9
10
11
11
4
8
9
5
3
13
10
3
8
6
3
8
4
4
7
4
6
7
9
8
12
6
5
8
5
3
7
6
5
6
10
6
7
7
7
1
5
2
2
7
6
4
4
10
6
7
6
6
8
6
7
5
6
5
3
4
6
9
9
2
3
8
7
12
4
7
6
6
6
7
6
8
9
5
4
8
8
11
7
6
7
9
6
3
4
7
13
7
13
10
2
15
4
8
7
7
12
8
7
12
5
6
10
3
7
9
7
13
9
10
5
8
4
10
6
11
9
6
4
10
5
9
8
8
5
7
11
4
10
9
7
12
10
5
9
9
7
5
13
16
10
7
12
10
10
8
12
16
12
8
16
13
8
12
10
8
17
15
7
9
14
6
9
15
9
19
19
13
12
14
17
9
12
13
16
7
14
12
16
14
13
15
12
6
15
11
20
15
18
11
14
14
18
21
13
12
16
25
10
10
21
13
16
15
16
11
14
21
16
22
12
18
9
13
14
14
12
19
20
16
10
19
20
16
17
13
19
12
17
23
14
17
19
19
15
23
25
18
19
20
10
20
21
17
28
21
24
13
20
19
14
22
20
34
21
20
29
30
27
21
33
29
25
21
34
36
27
39
24
35
24
26
29
29
30
25
29
21
22
22
36
31
29
33
31
26
37
25
34
34
30
32
28
31
43
20
41
32
42
32
31
45
29
28
36
38
34
45
35
29
34
49
39
38
44
47
43
49
53
56
40
45
43
45
63
59
53
58
61
49
50
45
54
49
55
51
54
55
62
66
52
62
58
58
55
63
67
65
61
65
76
62
56
66
78
72
70
73
74
73
82
97
78
91
83
102
91
79
91
87
85
75
86
75
75
78
79
77
79
77
85
69
68
80
77
89
73
88
84
78
62
69
75
68
65
76
78
90
77
68
80
73
70
98
78
78
82
58
68
75
71
76
63
78
79
72
82
72
82
70
66
86
77
69
79
79
80
66
59
90
74
68
53
62
70
68
57
62
71
69
79
75
72
72
71
78
97
64
63
68
62
89
57
66
70
64
60
58
61
68
67
69
65
67
80
75
70
74
70
69
73
70
89
62
60
79
73
61
57
66
77
77
75
78
79
75
72
67
77
80
67
76
68
73
88
78
90
62
98
65
76
86
69
87
66
85
82
91
90
55
62
72
80
85
65
73
80
75
86
84
103
92
100
107
109
122
130
130
179
197
237
268
310
358
418
458
545
587
621
713
773
765
867
827
874
884
758
695
676
671
578
511
526
397
342
300
260
221
193
168
162
144
108
100
107
128
79
99
105
90
82
98
91
92
87
79
80
92
96
82
95
94
97
91
110
107
81
71
99
83
105
88
112
108
95
94
82
97
103
96
95
96
105
93
112
128
103
117
98
83
144
108
105
103
107
104
109
116
106
123
107
103
124
107
108
113
109
106
126
124
144
155
129
149
149
130
158
188
199
171
213
184
232
238
175
198
254
213
226
169
231
198
186
193
163
173
156
150
174
153
164
139
152
170
169
149
150
142
155
149
139
147
154
174
137
140
171
165
156
129
161
169
161
164
173
137
160
158
181
164
184
163
177
173
178
170
176
162
175
173
169
207
183
184
186
179
177
198
199
169
200
185
201
202
196
184
187
198
219
226
208
240
201
224
246
230
267
210
224
229
251
228
261
239
290
241
301
223
259
268
247
253
240
265
277
267
291
258
261
285
239
269
295
276
258
254
251
286
288
289
257
256
256
270
276
228
228
294
243
252
247
262
260
261
225
237
230
263
208
220
230
267
225
256
224
221
222
202
228
240
224
210
234
209
226
215
228
181
224
216
182
247
218
205
191
207
183
218
185
224
193
227
181
218
232
214
199
170
191
198
183
208
200
184
191
201
200
177
184
175
199
182
189
206
195
180
232
203
196
198
201
187
212
178
220
185
195
204
200
206
204
166
205
191
209
203
192
216
228
195
202
221
215
209
208
216
175
209
191
224
199
210
185
198
191
175
212
210
220
226
205
174
244
197
225
194
203
208
189
190
187
198
232
208
217
222
227
202
222
213
201
232
204
213
232
223
215
216
208
218
196
229
232
195
217
216
198
208
239
226
220
221
217
252
251
242
217
223
212
227
229
222
211
219
209
224
226
250
239
224
223
206
193
253
243
234
207
218
242
215
237
204
238
229
253
202
240
253
244
263
253
243
248
254
235
243
261
246
270
243
232
239
247
235
246
255
235
245
247
253
255
262
249
269
231
233
258
242
204
245
261
250
229
261
242
266
237
259
261
286
283
261
229
268
255
266
251
288
263
256
260
270
246
267
257
275
264
275
272
285
273
260
266
270
273
283
272
279
233
269
279
302
276
274
308
279
267
273
289
270
319
290
273
321
283
290
256
262
286
283
296
291
286
283
302
287
296
310
264
279
291
296
310
265
284
305
307
295
308
299
326
319
310
332
294
304
299
338
297
327
297
305
309
307
330
289
322
306
286
348
339
344
328
300
335
308
325
318
308
285
314
328
368
299
307
313
317
337
316
323
289
317
354
301
323
352
328
321
331
337
343
295
338
288
314
325
344
344
280
295
301
293
314
311
298
305
323
312
280
281
310
310
309
312
316
295
313
303
305
301
283
315
308
295
288
304
304
311
270
290
312
295
287
322
278
286
264
304
293
267
267
253
294
292
274
297
263
292
289
266
274
291
295
315
260
282
308
267
275
289
308
275
307
273
286
290
290
278
269
284
279
277
288
274
312
252
281
284
299
279
280
295
259
272
320
281
266
277
287
288
245
314
304
312
289
262
299
274
305
282
288
268
266
278
239
276
289
276
289
267
263
285
295
298
270
292
288
284
298
299
251
297
301
280
286
269
290
308
261
265
296
287
274
283
304
254
274
270
289
271
274
293
269
260
278
286
299
296
264
256
272
283
304
294
273
288
256
266
276
263
257
282
272
273
274
279
272
271
298
252
301
283
262
293
290
292
289
260
308
270
303
299
256
276
266
303
261
266
290
280
275
263
261
286
248
284
287
280
295
276
261
296
304
286
286
271
282
264
270
290
312
290
293
259
321
271
243
274
280
306
290
296
280
294
295
310
351
274
303
285
274
265
287
303
287
334
278
324
300
271
281
301
295
287
312
300
317
300
304
314
274
304
349
295
314
283
326
324
308
282
328
318
309
319
318
311
322
317
302
327
347
343
370
347
310
320
348
354
354
340
383
377
366
335
376
378
363
345
404
390
368
414
380
381
409
365
388
416
390
404
437
378
393
400
385
378
431
423
449
444
465
431
420
450
478
484
489
484
511
498
522
518
532
545
577
578
559
587
596
631
604
649
642
700
705
667
702
655
728
804
760
835
783
857
908
920
950
973
957
1012
1105
1121
1142
1208
1246
1196
1287
1302
1264
1281
1340
1342
1413
1441
1527
1553
1546
1498
1587
1655
1663
1653
1638
1584
1724
1670
1680
1649
1753
1701
1627
1670
1644
1655
1633
1616
1630
1567
1634
1517
1539
1531
1535
1501
1387
1429
1358
1325
1241
1319
1259
1192
1161
1115
1093
1063
994
998
986
930
886
872
828
786
747
766
733
661
665
668
647
562
597
516
558
532
551
537
474
495
480
484
497
474
385
419
418
433
379
362
404
395
399
371
381
345
369
330
350
313
328
322
291
310
307
274
294
315
262
288
286
274
279
285
267
259
265
286
246
273
247
245
264
267
277
264
296
252
277
298
269
270
304
292
303
324
327
346
360
358
341
391
352
440
398
405
447
494
441
482
503
462
477
478
479
450
549
549
508
477
473
471
491
458
439
418
442
401
396
328
386
314
284
292
278
286
248
235
202
209
223
222
226
221
212
204
217
185
171
190
212
192
210
206
181
194
199
195
198
192
170
204
170
203
216
213
203
210
224
191
201
214
216
224
201
209
243
244
246
221
243
238
259
268
227
236
283
268
282
268
293
278
273
312
276
313
294
287
274
311
311
308
309
292
293
326
334
295
280
308
277
300
300
285
312
332
290
301
257
309
287
299
275
267
283
250
267
254
266
268
298
280
240
272
246
247
249
239
256
246
243
266
221
217
221
196
184
226
200
211
191
165
178
172
182
153
153
165
147
147
146
142
137
121
145
128
134
147
149
136
122
159
141
141
121
116
109
116
121
123
103
110
117
113
102
143
104
104
93
101
107
98
82
91
94
113
93
102
92
89
103
105
106
62
81
91
104
76
75
80
71
68
71
92
90
107
85
67
84
73
69
65
78
71
73
72
82
57
63
81
68
55
78
72
70
80
56
67
71
72
73
68
86
55
62
74
65
74
68
68
72
73
56
83
72
79
82
89
81
104
61
84
95
90
103
83
98
104
90
100
82
91
88
101
85
106
75
83
90
92
72
66
72
69
59
54
66
71
54
49
58
65
67
67
47
61
55
51
41
48
46
54
56
57
66
46
56
53
61
68
52
64
57
54
52
63
48
41
50
54
40
47
61
47
57
56
41
48
56
47
41
51
46
41
54
37
41
51
37
48
44
41
49
45
33
34
42
45
43
53
40
55
45
48
48
44
38
37
54
36
40
32
48
42
50
35
47
41
41
47
41
41
37
54
39
42
36
40
53
35
44
34
43
44
37
43
34
45
34
31
31
47
35
34
39
41
40
35
38
36
39
39
35
46
36
31
41
31
33
37
39
28
38
41
37
28
36
28
44
41
36
41
22
39
32
16
27
47
42
34
32
34
36
26
28
35
45
31
40
29
37
29
32
34
36
38
35
39
31
32
33
37
33
37
31
36
29
39
33
34
36
38
31
30
34
30
28
35
39
27
35
29
36
42
34
34
40
35
36
36
28
38
29
43
35
39
31
29
30
25
24
29
27
33
28
36
25
39
34
26
27
39
22
34
27
23
22
35
27
20
30
23
28
29
33
24
25
26
28
25
37
20
33
25
37
21
29
35
33
29
20
26
22
29
30
23
18
30
21
29
25
30
32
17
23
26
26
20
23
27
28
28
31
23
25
22
28
23
22
27
26
23
22
27
29
25
19
18
26
21
23
18
27
26
31
23
27
19
27
33
23
24
20
23
24
24
24
24
20
26
22
25
26
21
27
22
24
17
21
29
27
16
22
21
25
19
19
23
22
18
24
20
24
21
24
16
16
17
21
27
22
19
23
19
24
22
19
25
23
21
19
31
14
25
13
17
26
18
22
22
27
24
24
19
14
7
14
16
23
17
16
14
14
20
14
19
18
20
26
26
20
20
12
23
11
18
24
26
21
19
17
14
27
25
14
25
19
17
13
15
19
14
21
15
17
20
18
20
13
14
17
9
14
14
10
22
21
14
20
12
13
15
17
15
22
7
18
12
21
20
20
11
19
14
12
17
10
18
20
18
18
13
17
16
24
8
12
13
14
13
12
12
16
14
14
18
17
13
18
18
14
19
17
15
15
18
11
20
19
10
13
13
14
13
7
10
18
9
14
10
18
13
20
12
13
9
13
12
11
18
16
12
12
14
16
17
14
15
17
16
14
8
16
15
11
13
16
10
18
11
18
15
15
17
19
8
9
15
17
5
11
15
18
11
8
15
16
12
15
16
15
10
8
8
12
14
12
12
7
14
14
15
10
19
14
11
11
11
10
10
12
12
11
15
12
14
11
12
12
7
10
11
10
11
15
9
8
16
13
18
14
8
15
12
13
14
13
9
8
13
7
11
13
12
11
12
5
10
9
14
12
9
8
8
13
11
13
12
7
8
8
10
18
6
11
13
6
8
6
14
5
10
7
15
16
6
11
5
4
14
8
9
8
12
5
7
10
6
10
10
10
12
11
4
5
10
5
15
3
14
13
8
10
7
8
3
10
11
8
10
9
9
7
10
6
6
10
7
5
11
10
7
9
7
11
7
8
8
5
5
4
11
4
8
9
7
8
10
11
2
1
9
12
7
9
5
9
10
2
7
9
4
4
10
7
8
4
10
6
10
11
4
6
9
9
6
8
6
6
6
6
6
9
9
5
4
6
4
8
8
6
4
11
12
6
11
5
1
7
7
4
7
2
9
6
4
9
8
8
6
2
5
11
4
8
8
7
9
5
5
6
2
5
7
4
7
11
9
10
9
6
6
8
5
2
9
4
6
9
4
1
5
2
5
3
5
1
3
9
2
6
4
7
8
4
6
3
6
7
8
4
3
6
3
4
4
6
7
5
3
2
7
9
3
4
7
3
6
8
3
6
7
7
3
3
3
8
8
4
3
9
8
8
9
4
6
3
6
4
5
6
4
4
3
4
4
5
1
3
5
2
4
12
6
5
3
5
7
5
4
2
5
3
3
5
6
1
9
8
4
7
4
5
3
8
4
5
4
4
7
4
2
5
3
7
5
3
6
4
1
5
2
3
4
3
2
3
8
7
4
3
5
6
7
4
3
4
9
7
3
1
0
3
2
3
2
2
4
6
2
2
3
2
2
4
3
3
1
2
3
2
2
0
4
0
3
1
4
2
4
7
5
2
5
1
1
5
3
3
4
4
6
2
1
9
6
2
3
8
2
3
1
4
1
2
4
2
3
3
3
0
5
5
1
4
3
1
5
6
4
4
4
2
2
1
1
8
4
2
4
1
4
2
7
2
1
1
3
2
6
5
1
0
2
1
4
2
1
2
1
5
2
2
5
2
2
2
3
2
3
2
1
2
2
3
2
2
1
1
3
3
4
2
2
3
0
6
1
1
4
2
2
3
3
1
0
2
2
3
0
0
2
3
2
3
3
1
2
2
4
4
3
1
4
2
5
2
5
2
3
6
2
7
2
1
4
3
2
1
2
1
4
2
5
1
1
2
4
3
3
3
2
0
5
4
2
5
2
1
1
3
0
1
3
2
4
2
0
4
2
4
3
1
2
1
2
0
0
2
2
0
3
4
4
4
2
1
2
0
0
1
0
2
1
3
1
1
3
3
2
2
1
4
0
0
2
0
3
3
1
3
2
3
1
1
1
1
5
1
0
2
0
4
3
1
2
1
0
0
1
3
1
4
2
2
3
1
2
1
2
2
1
4
2
1
2
3
1
0
2
3
3
1
0
2
1
0
1
2
2
2
2
0
0
1
2
1
3
1
3
0
1
1
0
2
1
2
1
1
1
4
1
1
3
0
2
1
1
5
1
0
0
3
1
1
2
2
1
1
3
0
1
0
0
0
0
5
1
1
1
1
0
1
1
3
1
2
0
0
2
0
1
2
2
2
1
2
1
5
1
0
0
0
0
1
1
1
2
1
0
2
2
1
0
3
2
0
0
2
0
1
2
3
2
3
1
1
0
2
2
1
1
3
1
1
1
1
0
1
2
1
3
2
1
4
1
2
0
1
2
2
1
1
0
1
0
1
0
0
0
1
0
2
1
2
1
2
1
0
1
0
0
0
4
2
2
0
1
3
1
0
0
2
1
1
2
1
0
1
2
1
2
0
1
1
2
0
0
2
1
0
1
2
1
1
0
0
0
2
0
0
0
0
0
1
1
3
0
0
2
0
1
1
0
0
2
0
2
0
1
1
2
0
2
0
2
1
1
0
0
3
0
0
0
0
1
0
0
0
1
2
0
2
0
0
0
0
2
0
2
0
1
0
2
0
0
0
0
1
3
0
0
0
0
0
1
3
0
0
0
0
1
0
0
2
0
1
1
0
1
1
0
0
0
0
0
1
2
2
1
1
1
0
1
3
0
0
0
0
1
1
0
1
2
0
0
0
0
0
2
0
0
0
0
1
1
2
0
0
0
2
0
0
0
0
1
0
0
0
1
0
0
0
0
0
0
0
1
0
0
0
1
0
2
0
1
0
1
1
0
2
1
1
0
0
2
2
2
1
0
2
1
1
1
2
1
0
0
0
0
0
0
0
1
0
2
0
0
0
0
1
0
0
0
1
1
0
1
1
0
0
1
1
0
0
0
0
1
0
0
0
0
1
2
0
1
1
0
0
1
0
0
0
0
0
0
1
0
0
0
0
0
0
0
0
0
0
0
1
0
1
0
0
0
0
0
0
0
0
1
2
0
0
0
0
0
0
1
0
0
0
1
0
0
1
0
0
1
0
0
0
0
1
0
1
1
0
1
1
1
0
1
0
0
1
0
1
0
0
0
0
0
0
0
0
0
1
0
0
1
0
0
0
1
1
0
0
1
2
0
1
0
0
1
1
0
2
0
1
0
0
0
0
0
0
1
0
1
0
1
0
1
0
0
0
0
0
0
0
0
0
0
0
0
0
1
1
0
2
0
0
0
0
0
1
1
0
0
0
