0
0
0
0
0
0
0
0
0
0
0
0
0
0
0
0
0
0
0
0
0
0
0
0
0
0
0
0
0
0
0
0
0
0
0
0
0
0
0
0
0
0
0
0
0
0
0
0
0
0
0
0
0
0
0
0
0
0
0
0
0
0
0
0
1
0
0
0
0
0
1
0
3
4
4
5
1
2
4
2
2
3
13
37
123
373
989
2277
4801
9681
17061
27719
40535
54661
66358
73084
72886
66347
54945
41283
28122
17655
9695
5060
2411
1039
390
148
40
11
4
4
1
1
3
2
1
0
0
2
1
2
0
1
0
1
0
1
0
0
0
9
77
67
53
59
64
62
68
60
62
55
66
55
61
55
35
39
46
60
57
39
56
46
53
46
49
48
53
41
47
44
51
42
44
52
49
31
52
49
45
40
56
31
54
39
59
46
47
48
36
60
48
43
50
45
52
59
51
47
52
48
63
43
45
39
49
53
44
58
59
85
60
91
98
102
95
82
104
96
107
80
75
78
86
89
61
60
52
59
47
58
62
46
55
62
56
41
62
65
58
64
59
68
59
77
58
85
83
77
99
98
100
114
121
125
132
141
171
144
150
168
196
184
195
250
308
447
748
1204
2091
3506
5340
8258
11756
15969
20899
25394
29354
32435
33547
32978
30562
27548
23050
18796
14238
10433
7649
5466
3745
2746
1989
1493
1091
801
548
387
250
224
223
235
230
264
337
390
378
424
446
416
377
309
288
214
174
124
102
60
71
71
44
42
33
35
23
25
25
14
12
15
20
14
13
9
12
8
9
7
6
12
13
15
12
12
9
8
13
7
6
7
9
16
6
7
14
14
10
9
11
9
8
5
8
9
9
15
15
14
15
14
20
20
18
25
20
35
32
20
19
22
25
25
17
17
11
18
17
18
17
21
23
17
17
22
25
21
21
20
23
25
14
16
19
20
18
19
14
16
8
17
15
17
10
5
5
7
3
9
4
7
10
6
10
7
7
4
9
4
11
7
3
6
6
10
4
2
8
5
7
5
8
8
8
6
17
7
11
16
18
22
26
30
30
32
34
35
26
28
25
27
21
12
13
15
19
13
8
9
5
12
14
13
11
22
13
10
15
11
14
9
12
8
15
8
10
6
7
9
5
8
5
5
7
6
4
6
6
6
5
4
7
9
6
5
7
4
6
11
8
10
8
10
3
8
9
3
7
5
6
9
6
5
13
8
7
7
5
5
8
9
4
6
7
4
11
8
9
10
10
6
5
2
7
9
6
8
5
11
6
7
6
5
9
5
7
4
3
9
7
7
5
3
10
2
5
3
5
5
7
7
8
5
5
6
6
14
7
10
5
9
13
7
9
9
7
7
10
9
9
6
3
8
10
11
11
7
10
8
10
6
5
8
12
8
8
10
3
7
2
8
7
8
11
11
13
14
6
15
6
4
11
7
9
9
17
11
12
8
7
8
8
13
8
10
5
7
11
7
14
9
15
9
12
11
15
15
10
9
10
15
14
11
18
4
13
9
12
17
7
10
12
11
12
11
15
14
10
11
12
10
14
17
17
12
17
22
10
21
12
17
12
16
11
13
9
28
20
19
12
16
12
12
11
20
19
10
18
18
14
20
16
16
9
20
13
16
11
9
15
22
11
19
19
23
18
18
20
21
20
19
11
18
21
21
24
26
23
22
20
29
22
15
14
27
25
31
20
17
21
22
18
26
26
26
24
30
33
22
28
29
22
29
23
23
20
22
27
22
24
20
30
24
26
31
36
21
19
23
32
18
26
26
35
21
30
34
25
36
30
43
35
30
33
25
42
32
37
28
34
30
36
41
44
47
53
46
50
57
41
43
33
52
30
38
39
36
42
45
48
45
55
52
41
57
57
47
40
51
55
58
51
60
57
45
54
63
54
52
57
67
43
70
64
60
64
58
68
66
81
67
58
65
79
81
84
74
83
83
71
86
109
80
89
86
82
99
100
96
96
86
74
83
78
95
82
80
99
88
80
75
85
68
83
86
74
76
82
63
73
70
76
67
60
85
70
65
87
59
75
77
74
79
70
71
71
74
65
77
88
73
70
75
73
69
76
77
64
68
71
73
73
77
67
75
61
49
82
70
67
63
92
61
64
83
80
65
72
82
67
68
63
61
86
79
73
77
70
66
77
76
77
79
79
88
72
81
51
80
52
75
71
62
76
64
71
77
72
72
74
74
87
70
64
70
70
67
77
82
58
74
70
80
88
65
69
72
72
74
96
85
81
84
77
67
89
87
70
53
82
72
74
81
69
68
80
87
58
80
87
85
79
86
94
94
72
87
84
81
83
93
87
92
133
111
179
157
179
267
260
291
361
422
513
547
563
637
748
801
792
807
805
810
782
757
776
706
627
604
492
451
396
325
281
243
232
193
201
158
142
123
111
108
84
94
103
102
106
97
104
95
93
108
92
86
92
95
101
96
105
99
111
104
84
93
96
101
90
103
91
83
96
105
78
71
102
89
103
114
97
108
102
99
95
89
109
97
120
108
108
102
115
93
109
98
119
109
97
129
128
104
113
118
84
125
99
135
121
133
138
158
162
155
159
151
173
195
184
178
220
196
222
216
252
229
234
219
206
232
192
194
195
174
179
171
189
164
149
152
134
142
154
152
142
151
137
159
159
147
155
137
150
151
179
150
153
140
150
137
155
163
135
160
180
158
150
189
143
177
166
199
158
183
199
195
182
169
190
161
172
198
167
171
186
191
195
204
180
189
202
205
222
181
203
195
217
205
230
209
203
222
224
238
217
234
203
220
246
213
213
234
242
253
272
211
213
273
236
242
254
258
280
294
235
261
257
269
259
248
248
269
257
253
234
267
276
249
277
245
245
271
256
253
260
249
237
282
256
267
244
225
246
232
236
218
250
215
238
226
244
239
237
228
239
196
240
222
187
203
224
242
227
195
238
218
212
189
223
199
184
195
217
195
206
202
181
163
198
227
212
175
195
205
186
185
187
197
195
179
179
186
182
164
180
204
221
178
173
205
171
196
187
194
214
187
204
192
183
205
195
176
199
189
207
218
190
179
183
206
184
197
206
218
189
220
222
171
228
191
200
178
198
197
201
201
177
199
204
219
211
205
208
223
197
169
206
208
216
170
192
195
210
212
212
222
210
207
177
210
209
226
235
198
218
244
198
202
207
214
230
221
224
203
204
217
218
212
210
215
228
229
210
225
236
213
220
212
236
203
230
225
232
259
215
220
194
221
217
215
207
204
228
219
211
236
231
218
216
189
236
249
215
219
242
239
216
226
227
240
243
226
225
240
225
250
235
249
247
239
244
206
196
237
253
251
218
237
222
241
273
238
234
220
240
248
232
271
210
240
233
227
226
245
254
253
241
246
250
232
230
248
244
211
240
243
261
244
270
226
254
270
247
255
255
272
279
235
257
267
241
261
203
246
271
249
257
245
260
254
228
268
260
234
277
281
255
270
265
266
249
272
272
259
279
254
257
261
263
275
264
265
311
268
294
262
271
270
275
279
282
276
297
267
298
267
284
276
275
284
308
259
284
302
307
289
324
300
305
305
290
323
285
284
303
290
299
321
309
312
285
310
317
348
316
299
309
284
307
302
299
285
328
307
292
316
319
327
320
329
295
300
341
297
305
298
321
308
316
310
299
315
285
304
346
322
304
309
320
313
319
286
306
266
262
300
306
311
314
265
301
300
305
322
311
296
302
293
319
306
291
277
272
309
280
284
273
264
255
283
301
307
237
265
281
276
304
248
271
291
259
266
271
316
283
254
274
241
279
261
272
292
294
239
284
265
256
259
279
278
279
253
260
295
255
281
270
282
270
279
258
256
260
232
267
261
242
258
263
261
254
293
275
259
254
271
259
267
260
253
262
246
248
255
254
306
252
268
244
277
261
244
252
258
259
268
262
259
291
266
264
265
267
250
255
258
245
239
262
281
273
275
275
285
278
289
260
255
283
263
242
231
261
292
265
272
274
246
258
257
263
262
252
287
279
274
261
274
247
265
257
256
253
265
297
252
258
251
292
278
267
279
268
246
253
244
268
256
256
312
260
286
268
267
266
243
276
283
289
273
248
251
251
253
241
270
270
257
255
273
262
258
262
273
269
271
267
268
261
271
292
218
251
242
281
283
285
280
241
273
264
270
281
249
272
278
269
245
259
270
239
223
284
310
268
268
274
267
271
273
273
263
263
264
287
240
272
274
318
272
266
279
260
302
240
290
281
276
268
279
280
283
310
296
265
322
294
285
285
309
304
285
274
280
271
308
311
301
297
319
285
285
314
313
304
317
288
296
346
314
317
318
271
328
341
322
370
338
328
360
322
357
325
364
342
358
351
381
350
354
348
361
377
380
373
360
377
354
366
355
359
388
359
408
386
385
389
398
415
424
462
408
427
420
416
442
502
498
523
498
512
510
508
502
534
561
561
574
536
570
653
579
629
636
631
679
660
718
696
736
797
824
801
845
815
880
906
899
907
949
1031
1084
1052
1061
1120
1151
1249
1251
1207
1246
1334
1375
1395
1388
1477
1409
1402
1498
1542
1527
1536
1557
1570
1599
1615
1615
1550
1607
1615
1677
1569
1621
1603
1621
1562
1534
1555
1593
1488
1458
1406
1360
1398
1433
1399
1294
1227
1209
1228
1261
1207
1087
1082
1066
1027
1004
956
895
898
833
843
808
777
734
755
734
681
659
596
637
619
576
603
529
539
520
501
476
515
447
462
431
423
421
409
394
457
364
362
381
358
394
320
350
333
354
321
319
318
294
328
307
293
314
252
274
261
238
234
295
294
251
251
277
243
281
253
269
279
247
255
256
244
236
241
258
243
260
259
259
293
269
262
295
314
277
325
283
321
326
343
382
363
360
395
417
396
453
454
453
472
484
442
486
507
481
538
492
484
460
452
448
416
436
402
400
392
368
339
322
303
287
299
262
280
228
224
215
207
208
173
193
224
170
196
188
188
177
193
192
189
158
185
188
192
177
169
168
192
175
188
176
215
200
195
187
190
184
209
196
192
205
236
223
213
233
249
226
231
221
238
225
246
245
273
247
219
268
236
252
259
266
295
289
238
291
322
262
304
270
283
321
280
268
295
295
279
295
275
289
278
267
308
306
275
274
287
286
282
282
275
269
245
267
268
278
281
250
255
268
241
243
269
261
243
224
259
238
229
202
212
208
222
197
201
188
149
180
193
170
180
195
172
157
162
189
157
156
130
159
142
135
135
142
147
142
138
133
112
113
119
118
126
111
124
103
106
113
116
124
96
108
113
98
91
98
95
111
97
91
87
108
96
108
96
101
88
81
88
78
94
63
72
100
87
99
94
70
70
66
69
91
65
69
83
81
71
61
80
77
78
62
67
79
65
79
68
72
76
68
64
80
78
72
65
68
71
72
55
63
69
54
62
54
64
64
66
68
68
71
85
60
73
69
75
73
85
68
71
98
92
73
75
76
95
104
94
72
90
75
78
80
80
85
86
78
83
73
85
55
69
71
77
66
57
56
58
58
54
49
45
66
57
50
58
54
59
49
63
66
39
47
47
57
55
60
54
50
56
37
51
38
56
66
59
61
48
53
50
48
42
56
53
60
44
59
48
35
41
45
51
60
58
40
47
45
46
48
50
37
43
42
47
47
40
46
45
28
51
39
27
39
34
47
46
39
39
37
37
37
27
43
47
50
46
43
41
42
42
39
45
42
46
46
42
49
41
41
32
48
31
40
44
35
38
39
33
37
48
40
34
34
36
33
37
38
24
34
28
34
32
36
26
40
35
37
38
32
34
33
32
40
33
43
27
42
30
34
31
33
36
35
45
27
32
33
32
24
31
26
31
34
21
33
30
44
26
34
45
39
30
29
28
34
43
27
37
21
30
35
27
27
35
31
28
22
34
39
30
19
43
26
35
23
27
32
32
30
29
35
30
27
28
37
28
26
25
30
24
25
31
28
33
27
33
29
31
30
21
28
29
38
33
32
24
30
29
24
27
37
17
37
32
29
33
27
34
31
29
31
36
28
29
25
15
23
23
25
21
28
27
20
20
17
25
20
26
25
22
24
24
24
29
39
22
36
31
19
23
31
29
26
20
34
36
26
25
26
32
43
14
29
27
24
25
31
33
29
13
27
24
25
32
19
22
27
23
26
25
28
19
27
26
21
22
19
26
26
20
25
27
18
26
17
27
24
22
18
27
15
21
25
26
30
18
20
20
26
18
22
20
20
27
28
23
14
20
16
16
13
16
17
23
22
20
17
23
23
18
16
20
27
15
32
27
22
20
19
15
20
17
21
26
14
19
17
20
21
23
11
22
18
19
20
15
20
18
19
17
26
23
19
15
20
18
15
19
23
16
13
18
13
15
20
16
19
16
23
19
17
23
16
18
23
24
13
18
16
22
18
20
16
17
15
17
20
15
14
15
15
17
23
15
14
15
14
15
14
14
21
17
18
21
16
21
13
16
13
13
16
11
17
16
18
16
20
14
16
12
24
17
17
15
13
11
15
19
15
9
22
18
17
11
15
11
18
12
11
17
18
18
13
18
17
19
10
17
11
19
23
13
22
10
18
19
17
14
11
17
9
14
11
6
12
18
12
11
9
17
18
13
12
12
10
10
13
21
11
13
10
9
8
10
18
13
13
12
8
7
8
3
11
13
14
9
16
13
21
12
10
9
15
8
17
22
14
13
15
8
14
13
11
12
16
15
14
15
19
14
7
9
7
7
12
21
12
10
11
18
16
18
13
8
15
12
14
15
13
6
12
10
10
6
8
13
12
11
10
10
7
12
10
9
10
13
12
9
7
16
9
7
9
9
7
11
12
9
2
10
6
8
5
6
8
13
13
7
6
12
11
15
11
8
11
6
10
8
7
9
8
11
6
11
18
14
13
8
11
9
6
6
12
9
15
10
7
9
12
8
6
6
10
11
11
5
7
4
9
9
9
10
9
10
10
6
9
8
9
12
4
9
7
6
12
9
11
6
9
9
6
14
8
10
8
7
8
3
10
6
7
5
15
6
9
10
4
6
14
4
12
9
5
5
5
6
7
10
8
7
8
5
9
4
6
9
8
7
8
6
11
10
11
8
5
8
7
8
5
8
7
3
9
7
8
9
5
4
6
6
5
6
2
9
3
9
7
4
6
10
4
3
9
5
7
5
4
6
7
6
4
2
3
5
11
6
7
2
4
9
5
7
5
6
9
9
5
7
5
8
10
7
2
5
9
7
5
2
2
10
9
3
5
6
3
5
7
2
4
3
6
7
5
8
10
5
3
7
1
3
8
8
7
6
3
5
4
6
7
3
6
4
5
7
5
7
6
6
6
4
5
6
2
3
7
1
4
7
5
4
7
6
5
7
4
3
5
4
2
4
3
5
2
6
1
6
5
2
3
7
5
4
4
7
5
5
6
4
4
0
5
4
2
4
4
1
5
4
5
7
8
7
3
4
6
2
3
4
8
5
7
1
5
7
6
5
5
3
4
4
3
3
1
2
4
3
3
3
7
2
2
1
4
2
5
1
5
5
5
3
4
3
4
6
5
3
1
3
4
5
1
4
3
3
5
6
4
4
4
6
3
7
6
2
6
4
2
2
2
4
4
6
5
2
8
1
3
2
7
0
3
2
3
4
1
1
2
6
2
1
0
5
3
10
6
4
2
2
3
5
2
3
2
3
2
4
5
2
2
2
8
0
5
1
6
2
2
3
2
2
4
3
5
2
1
0
3
1
2
6
1
6
2
7
2
8
3
4
1
0
5
1
3
0
6
2
2
2
4
4
3
1
7
2
4
4
2
3
3
3
5
1
2
5
2
2
6
5
2
2
0
2
3
2
1
2
3
2
3
3
4
2
3
1
5
0
3
3
3
2
3
3
3
3
1
5
3
1
2
0
3
4
1
6
1
0
2
2
1
3
1
0
2
2
1
1
1
1
2
3
1
3
0
0
1
1
2
1
9
2
1
2
1
0
3
5
4
2
3
1
0
2
1
2
1
2
1
4
0
2
5
1
0
2
2
2
3
1
2
1
2
3
2
1
3
1
2
5
3
0
0
0
3
5
2
1
3
2
0
1
1
1
1
4
1
1
2
0
0
1
1
2
1
4
0
0
0
0
1
0
1
3
1
1
1
3
1
0
1
1
0
3
2
2
1
1
1
3
0
2
0
4
2
0
0
1
0
1
4
3
2
3
1
1
0
3
0
2
1
1
0
1
1
2
1
4
3
2
3
1
0
2
1
2
3
1
3
0
2
0
0
1
2
1
2
1
4
0
0
1
2
2
0
0
1
1
1
0
0
1
0
0
0
0
0
2
1
0
1
2
2
3
3
1
1
3
0
2
1
0
2
0
1
0
2
1
2
1
1
1
1
1
0
0
3
0
1
2
0
2
1
1
0
1
1
2
3
2
3
0
1
0
1
0
1
0
3
0
1
1
0
2
1
0
1
0
2
0
0
0
1
1
0
0
1
2
1
2
0
2
1
2
0
4
3
0
2
0
0
0
2
1
2
1
2
3
0
0
0
1
0
0
1
1
0
2
0
2
2
0
0
0
0
2
0
0
0
2
0
3
0
1
1
0
1
1
1
0
0
1
3
1
0
0
1
2
2
0
1
0
1
1
0
3
2
0
0
2
0
2
0
1
1
1
1
0
1
1
1
1
0
0
1
1
0
2
0
2
1
2
0
2
3
2
1
0
0
0
3
2
0
0
1
0
1
1
0
1
1
1
0
0
1
0
1
3
0
1
1
1
0
2
0
1
0
0
1
1
1
0
1
0
0
0
1
1
1
1
0
1
1
1
0
2
0
2
1
0
1
0
2
1
1
1
1
0
1
0
2
2
1
0
1
1
1
3
1
1
0
1
1
1
1
0
3
1
1
0
1
0
0
1
0
2
0
3
0
0
0
0
1
0
1
1
0
1
0
0
0
0
2
1
1
0
1
1
0
0
1
0
1
0
2
0
0
0
0
0
1
0
0
0
0
0
1
1
1
2
0
0
0
0
0
1
0
1
0
0
1
1
0
1
2
1
1
0
1
0
0
0
1
1
0
1
2
0
0
1
0
0
0
0
1
0
2
1
1
2
1
0
0
1
1
1
0
1
0
0
0
1
0
0
0
0
0
0
0
0
0
0
0
0
0
0
0
0
0
0
0
0
0
0
1
1
0
0
1
0
0
0
0
1
0
1
0
0
1
0
0
0
0
1
0
0
0
0
1
0
1
0
0
1
0
0
0
1
0
0
0
0
0
0
0
0
0
0
0
0
0
0
0
0
0
1
0
0
0
0
0
0
0
0
0
0
0
0
0
2
1
0
0
0
0
0
0
0
0
0
0
0
0
0
0
0
0
0
0
0
0
0
0
0
0
0
0
1
0
0
1
