0
0
0
0
0
0
0
0
0
0
0
0
0
0
0
0
0
0
0
0
0
0
0
0
0
0
0
0
0
0
0
0
0
0
0
0
0
0
0
0
0
0
0
0
0
0
0
0
0
0
0
0
0
0
0
0
0
0
0
0
0
0
0
0
1
0
1
0
1
6
3
1
4
1
2
2
0
1
1
4
3
2
12
41
127
356
956
2272
4803
9301
16911
27753
40803
54490
66462
72969
73404
66371
54607
41693
28332
17428
9933
4974
2388
1008
389
145
50
18
3
3
4
4
1
1
3
0
0
1
1
1
2
0
0
0
0
0
0
1
0
5
57
48
63
51
74
45
51
51
52
56
53
62
70
60
45
46
66
60
52
44
37
54
54
57
37
49
66
49
46
48
56
48
49
44
50
54
44
49
42
39
48
44
49
38
39
47
45
38
46
61
56
50
48
70
49
57
38
49
67
70
52
39
44
49
44
56
51
67
68
67
82
99
79
94
117
105
106
103
98
90
78
72
75
69
67
57
55
57
46
58
62
57
47
48
57
44
52
46
62
70
76
72
69
66
71
80
91
83
98
102
99
134
126
145
126
148
174
158
168
215
206
205
292
352
405
649
902
1476
2301
3722
5711
8648
12144
16631
21657
26276
30311
33590
35126
34318
32542
28575
24124
19400
14942
11155
8006
5664
4092
2931
2092
1552
1169
832
627
457
286
256
250
243
272
290
344
389
398
441
428
400
394
305
251
208
148
117
117
61
56
55
45
54
43
30
33
37
35
12
20
21
16
15
10
14
12
12
5
9
12
4
16
11
14
4
9
12
9
12
13
7
11
9
10
8
13
14
9
14
9
5
8
10
10
13
9
15
11
16
20
15
23
22
31
24
21
30
23
22
29
40
29
25
20
15
19
21
19
22
9
17
22
19
18
17
14
25
17
18
16
24
19
26
25
16
16
25
18
16
10
12
14
13
10
6
7
7
10
10
4
12
6
12
2
12
9
1
9
8
9
5
8
7
9
4
13
6
10
5
7
6
13
14
10
14
6
10
10
16
22
21
23
28
31
30
36
32
26
18
22
21
17
19
19
10
19
19
8
9
6
8
9
12
5
11
10
12
13
17
10
12
13
9
10
6
9
8
3
6
5
2
8
7
9
3
7
9
8
6
2
6
10
4
11
8
5
7
12
8
8
4
3
5
12
8
6
9
9
7
12
5
6
10
8
3
6
2
8
5
7
7
10
9
6
7
3
5
3
8
7
7
7
9
8
6
4
9
3
2
6
7
3
4
6
9
7
5
7
5
12
7
5
12
10
7
9
3
6
11
8
15
8
8
6
5
7
7
8
4
7
13
9
4
6
11
10
6
7
7
7
8
11
10
8
5
11
7
12
12
4
11
10
5
4
9
17
8
5
6
11
11
11
12
8
8
8
6
4
16
9
9
9
13
10
10
5
4
17
8
12
10
5
13
11
13
5
8
11
10
11
7
12
11
16
6
9
8
15
13
7
14
7
10
9
17
12
6
15
9
16
13
11
19
14
12
16
13
13
17
13
12
20
16
16
14
12
16
11
16
17
13
15
18
16
18
18
22
20
18
21
23
18
16
14
14
14
15
15
22
24
21
24
22
19
16
19
24
14
20
26
15
18
11
9
23
13
16
24
20
21
20
16
16
18
21
18
21
18
25
14
25
26
14
11
22
27
25
20
19
18
22
23
22
28
25
26
27
36
24
29
28
29
26
25
30
27
22
27
28
23
25
22
33
21
24
23
28
34
36
25
25
22
30
40
31
30
27
30
46
28
31
25
29
34
23
35
26
43
44
39
38
29
36
31
36
37
46
41
42
43
38
38
26
40
35
38
44
41
43
34
40
38
48
41
53
49
55
49
53
53
50
52
45
54
46
65
57
65
51
54
59
78
61
76
66
61
63
68
63
78
66
65
80
70
68
65
80
80
88
77
87
100
74
98
91
96
98
69
89
92
87
91
80
89
94
79
79
94
91
86
83
86
68
98
84
91
73
73
74
78
85
85
79
75
82
71
80
79
70
69
74
79
75
90
71
75
91
82
84
76
70
89
66
96
109
82
82
65
84
67
86
82
85
78
78
74
85
67
78
73
84
78
89
65
90
85
89
80
69
82
71
79
73
86
71
105
83
83
72
84
86
92
74
73
84
99
85
97
73
77
66
81
69
63
75
77
57
76
78
92
60
83
69
83
87
85
71
74
86
91
81
74
81
76
101
81
86
84
85
76
102
66
90
82
85
80
70
72
97
81
90
81
92
73
86
83
82
77
86
89
83
73
85
86
77
80
95
76
84
103
94
96
108
108
126
144
166
203
226
274
292
351
385
512
591
612
649
705
784
752
865
861
849
828
810
771
757
671
619
544
493
438
349
312
273
226
188
163
154
153
137
143
112
122
117
84
100
112
108
108
102
93
92
105
94
104
110
90
101
88
116
85
99
96
98
101
96
116
110
103
117
113
103
104
115
109
123
100
100
86
85
102
108
121
122
114
120
112
130
115
104
118
109
122
100
120
112
105
132
106
122
117
108
127
122
114
118
148
118
127
132
178
168
142
179
187
208
177
218
230
218
245
216
231
258
264
212
210
202
198
204
227
186
182
188
161
150
162
134
158
152
156
140
150
132
175
160
140
188
157
162
143
150
167
142
157
159
178
156
186
157
127
173
177
176
143
162
154
183
184
187
164
156
164
173
177
168
190
187
196
175
191
171
181
189
211
180
196
212
220
219
191
207
213
218
215
183
212
236
261
232
219
246
235
235
284
282
254
269
278
280
266
268
288
282
298
293
305
324
331
317
284
306
296
329
347
357
352
369
330
341
352
346
317
386
362
365
350
364
395
385
365
349
360
384
395
363
411
349
354
394
346
398
340
372
373
358
348
364
379
382
323
310
318
340
341
357
378
315
317
310
353
291
333
303
280
296
288
301
263
270
342
266
254
259
260
245
254
285
261
280
245
240
231
255
242
228
219
234
249
243
256
239
213
247
217
230
224
239
238
261
230
222
208
223
221
211
231
240
220
203
219
208
213
204
212
227
215
212
237
216
198
239
218
212
208
230
198
224
208
221
214
220
219
209
222
214
223
228
221
227
226
207
201
215
217
217
238
222
211
225
236
247
231
219
194
209
220
224
219
221
208
234
248
215
235
233
263
247
217
264
253
261
279
245
254
251
240
251
239
247
248
259
238
236
239
248
249
241
250
232
243
251
241
226
259
235
247
243
218
259
258
253
251
206
253
238
245
229
271
252
249
261
231
244
249
246
255
221
240
246
239
238
240
247
245
263
220
241
231
241
230
253
256
231
235
246
215
241
269
235
256
240
254
269
237
239
222
252
256
246
244
252
258
252
220
258
257
274
264
244
272
256
253
275
248
235
256
241
248
231
286
239
248
279
299
257
237
289
256
242
229
260
250
245
248
240
256
277
237
263
260
244
260
254
284
249
279
296
267
255
285
275
272
250
275
268
273
273
284
264
288
279
284
310
276
289
298
280
295
295
275
289
282
260
314
274
273
292
286
296
281
281
313
291
268
275
276
283
281
270
308
301
284
286
316
302
301
286
312
284
302
314
295
330
315
334
307
295
298
287
280
322
320
295
263
300
308
273
324
305
324
323
299
309
347
305
296
314
296
332
292
327
302
307
295
309
319
328
296
303
303
330
293
288
289
304
320
312
348
297
302
288
285
301
290
320
283
325
306
316
296
287
288
308
308
296
307
314
304
288
287
286
283
311
278
299
290
303
282
328
273
265
263
295
302
291
264
291
292
276
305
288
282
299
287
261
282
261
293
267
286
277
291
278
289
243
298
273
290
266
278
287
279
293
305
284
265
264
293
275
290
269
268
280
256
279
274
268
285
268
294
234
289
269
283
269
273
281
248
278
250
280
242
277
262
275
242
258
269
243
296
289
270
277
219
271
274
293
255
252
271
277
269
292
298
302
286
267
242
285
241
299
261
252
280
288
228
283
271
259
293
254
304
287
274
259
246
257
271
256
303
262
290
230
296
290
246
267
287
274
251
289
259
279
272
246
267
241
243
268
268
259
257
270
244
239
266
273
254
270
282
254
256
281
255
298
248
291
251
258
272
289
238
267
257
281
239
263
280
286
243
278
254
298
279
254
267
265
268
271
289
252
291
279
258
283
277
282
287
261
261
263
259
258
289
269
266
285
270
248
301
280
236
251
263
260
254
288
283
262
291
293
288
260
260
266
283
301
260
316
314
291
277
272
269
287
299
254
333
280
267
302
281
316
323
303
292
311
277
283
306
291
313
286
329
314
309
327
327
298
338
323
318
334
320
320
317
345
315
332
330
360
350
345
370
388
332
365
367
364
346
364
361
386
400
382
389
422
412
369
420
385
424
423
434
403
444
429
443
424
428
448
454
442
449
458
496
474
474
488
513
542
492
562
543
531
569
582
582
601
639
632
671
706
687
735
692
731
794
790
837
829
890
898
886
962
1006
1023
1044
1092
1114
1110
1135
1127
1196
1195
1315
1264
1303
1378
1378
1384
1387
1529
1492
1544
1546
1537
1530
1572
1640
1581
1525
1625
1617
1569
1663
1642
1640
1613
1621
1514
1566
1531
1530
1523
1587
1496
1527
1387
1385
1385
1375
1345
1248
1243
1230
1161
1172
1086
1074
1030
1051
1023
906
947
903
889
812
812
805
794
740
704
679
683
678
629
635
600
555
525
546
531
519
496
482
504
463
469
396
380
397
411
425
396
419
343
351
349
325
353
342
319
357
314
316
317
310
329
300
330
319
314
262
296
273
296
310
277
244
270
279
276
242
248
269
261
275
263
261
272
260
234
259
245
278
259
289
281
317
278
288
309
340
337
322
331
383
410
386
423
431
460
438
457
447
464
457
477
438
539
483
529
493
473
508
490
476
464
442
437
438
425
378
370
322
335
324
327
292
264
265
226
235
212
201
185
189
205
198
184
175
162
198
188
171
204
176
195
220
169
174
176
187
177
185
167
164
216
174
192
202
180
224
209
212
199
229
212
196
232
233
206
228
220
229
218
208
231
257
216
218
243
249
256
267
247
317
271
261
297
285
265
279
287
292
299
312
249
271
274
304
290
294
284
278
282
295
277
313
273
292
290
307
296
262
287
301
280
276
288
286
246
269
239
263
266
271
247
235
265
213
229
237
205
214
226
187
232
216
210
188
213
194
202
180
167
193
202
160
152
152
148
164
147
139
164
152
140
141
136
147
137
124
135
109
138
140
103
123
116
124
128
109
114
98
96
102
95
94
102
117
110
94
105
92
105
110
86
90
84
90
89
98
89
97
90
78
92
59
83
76
68
87
77
61
85
66
71
80
82
67
71
75
73
73
69
69
70
78
63
77
66
87
60
73
68
64
65
74
69
63
77
69
59
80
58
64
48
55
70
60
62
55
59
57
69
63
50
59
86
79
67
88
80
85
78
70
81
88
73
102
88
83
108
81
97
106
94
92
87
79
74
97
75
76
73
65
77
60
66
63
67
59
61
72
62
52
54
51
50
59
44
52
50
53
53
52
55
56
38
42
50
41
38
63
52
52
52
56
45
48
57
57
64
61
55
44
48
54
43
49
41
43
48
60
54
44
39
42
44
42
48
44
49
43
56
41
47
54
37
51
38
34
48
45
35
46
37
53
45
49
35
40
45
44
39
33
33
35
31
34
37
34
33
24
34
33
38
33
45
30
42
29
36
32
37
34
40
30
40
37
56
53
41
44
46
43
43
39
43
37
29
36
39
36
40
41
30
46
34
36
45
25
37
31
33
37
32
34
31
36
37
35
38
40
31
27
29
30
38
31
34
25
25
29
37
33
20
51
37
35
41
34
30
25
22
30
34
28
34
32
36
30
42
32
36
32
31
35
28
32
23
37
28
34
35
33
35
27
34
36
29
29
34
39
26
39
35
24
29
30
31
23
28
24
35
39
31
37
30
31
33
35
31
36
27
22
24
30
36
30
33
32
29
27
28
37
28
31
35
29
27
20
27
25
24
27
32
21
26
38
40
24
27
25
34
26
31
39
31
28
18
26
18
30
24
26
31
23
20
25
28
25
26
28
25
19
23
29
28
26
19
21
24
26
21
26
20
20
32
21
22
17
20
19
25
28
20
19
33
28
22
30
23
31
29
22
23
22
27
21
19
32
14
20
26
29
20
28
22
19
15
19
27
29
14
12
22
19
19
20
23
16
23
24
19
32
14
22
27
26
16
23
19
12
15
20
24
23
21
21
14
18
20
20
24
26
18
26
18
20
25
23
17
21
25
19
21
17
17
13
16
18
15
15
17
23
14
16
18
16
16
18
19
20
18
13
13
15
25
19
17
24
14
15
13
11
20
13
25
12
24
20
21
24
28
12
14
18
14
24
22
19
17
16
13
21
14
14
20
15
13
13
18
20
10
21
15
13
15
12
18
14
18
13
16
10
13
17
12
19
12
17
12
27
13
8
19
17
18
15
10
17
18
16
12
19
14
25
16
16
19
17
15
13
12
20
22
10
17
19
14
16
7
12
11
22
17
18
17
13
11
16
19
16
19
10
11
11
18
8
12
15
9
14
12
13
15
15
17
13
10
11
9
13
14
20
8
12
11
15
18
8
8
13
16
18
15
18
14
13
13
14
16
13
9
14
12
10
10
12
10
13
13
18
18
8
15
13
13
13
13
5
9
15
12
15
10
8
8
15
6
5
14
13
4
10
12
6
9
19
17
8
10
11
11
21
18
10
12
20
14
12
10
8
19
11
9
7
8
14
12
3
12
17
13
13
10
15
10
7
9
12
13
7
9
10
11
5
5
8
15
9
6
8
7
15
5
5
10
9
8
10
12
15
9
12
8
4
11
10
10
5
11
7
5
14
14
10
10
11
7
8
11
12
12
7
12
10
4
6
10
14
7
11
6
10
10
5
13
8
11
6
3
8
5
7
2
8
15
3
10
15
13
9
9
8
6
5
9
6
11
11
8
7
7
5
11
6
6
11
8
15
12
12
10
8
6
5
7
7
4
7
4
10
8
4
7
7
5
6
8
12
9
6
7
5
7
8
8
10
6
4
8
12
9
6
3
7
3
2
6
7
7
6
5
9
4
3
7
3
8
8
8
5
17
11
10
4
5
6
7
8
10
10
5
11
3
8
4
11
7
6
7
5
7
11
6
7
5
6
7
10
6
7
13
7
7
9
2
7
8
7
3
7
9
5
6
5
5
4
8
4
10
9
3
6
4
6
3
5
6
1
6
9
6
10
1
11
4
7
4
5
7
7
5
4
9
6
6
2
8
7
6
10
5
6
4
5
5
2
7
10
2
8
4
5
6
14
5
7
6
9
6
4
2
7
4
3
6
7
7
1
5
3
7
6
10
5
4
2
5
6
2
5
4
4
7
4
1
5
4
8
4
5
9
5
7
5
2
3
3
6
3
3
4
3
8
3
3
4
7
4
3
3
6
5
3
2
3
0
2
2
3
5
1
6
3
2
2
5
2
2
2
6
4
2
5
6
7
6
4
4
2
5
4
2
6
5
2
4
1
3
4
3
5
4
4
3
6
2
3
3
5
3
3
3
2
3
3
1
1
2
1
4
5
0
1
1
2
2
5
3
2
8
2
3
5
4
0
3
5
3
3
2
3
2
7
4
4
3
5
3
4
4
1
2
5
4
2
3
1
4
4
2
6
1
3
4
7
3
2
5
2
6
2
2
2
4
4
3
2
5
3
4
2
1
2
1
2
4
1
0
2
1
3
2
3
1
0
3
3
5
4
5
0
2
1
1
2
2
1
2
0
0
1
2
3
4
1
2
1
0
3
2
2
3
1
4
2
3
4
1
7
1
2
1
4
0
1
3
3
4
3
2
2
1
2
4
6
0
2
5
4
4
1
0
0
3
2
3
2
3
1
1
0
1
4
2
2
3
3
5
2
4
8
2
0
4
4
3
2
1
2
0
1
3
0
0
2
3
3
2
2
1
1
2
2
2
3
3
1
3
0
2
0
2
3
1
3
0
2
4
3
0
4
1
1
4
2
1
4
1
3
1
1
2
1
1
2
2
0
0
1
1
1
4
1
2
2
1
0
1
3
3
3
0
2
3
4
1
1
2
1
0
2
2
1
2
2
1
2
2
2
4
1
1
1
1
0
3
2
1
1
2
0
3
1
2
2
0
2
4
2
1
0
4
1
2
2
1
2
1
3
0
0
2
0
3
1
2
0
2
3
0
0
1
1
1
0
2
0
3
0
1
0
1
1
4
0
2
1
0
2
1
1
1
1
1
0
0
0
0
1
3
1
0
1
2
1
1
2
1
0
0
0
1
3
1
0
0
0
0
1
1
3
3
2
1
2
1
2
1
2
1
0
2
0
2
1
2
0
2
2
1
3
1
1
0
1
1
2
2
0
2
2
0
3
0
2
3
0
2
0
4
1
1
2
0
2
1
4
2
1
0
2
0
2
2
0
1
0
0
0
1
3
0
1
1
0
1
0
1
4
1
0
1
0
0
1
0
0
1
1
1
1
1
0
0
1
0
0
1
0
0
1
2
1
0
1
3
2
1
0
0
1
1
0
1
1
0
0
1
0
0
1
3
0
1
2
1
1
1
0
1
2
1
2
1
2
0
1
0
0
1
2
0
0
0
0
0
1
1
1
1
0
0
1
0
1
0
0
2
1
0
0
0
0
0
0
2
0
2
0
1
1
1
1
1
0
0
1
0
0
0
3
0
0
0
0
1
2
1
0
1
1
0
2
1
0
0
0
1
2
0
2
0
0
0
0
2
0
1
0
0
0
0
0
0
1
1
1
0
1
0
1
0
1
0
0
0
2
2
0
1
0
1
0
0
0
0
0
1
0
1
0
0
1
1
0
1
0
0
0
0
0
1
1
0
0
3
1
0
0
2
1
0
0
2
0
0
0
2
0
1
1
1
0
0
0
0
2
2
0
0
0
2
1
0
0
0
0
2
0
1
1
0
1
0
2
0
0
0
0
0
0
0
1
0
0
1
0
1
0
0
0
0
0
0
1
0
1
0
0
0
0
0
0
2
1
0
1
0
0
0
0
0
1
1
0
0
1
1
1
1
0
0
0
1
0
1
0
1
0
0
1
1
1
0
0
2
0
0
0
0
0
1
1
0
1
0
1
0
0
0
0
1
1
1
1
2
0
1
0
0
0
0
0
1
1
0
0
1
0
2
0
1
0
0
0
0
2
1
0
0
2
0
0
0
0
0
0
0
0
0
0
2
0
1
1
1
0
0
0
0
0
0
0
1
0
0
1
0
0
0
0
1
0
1
0
0
0
0
0
0
0
0
0
0
0
0
0
0
0
0
0
0
0
0
0
0
0
1
0
0
1
0
0
0
0
0
0
0
0
