0
0
0
0
0
0
0
0
0
0
0
0
0
0
0
0
0
0
0
0
0
0
0
0
0
0
0
0
0
0
0
0
0
0
0
0
0
0
0
0
0
0
0
0
0
0
0
0
0
0
0
0
0
0
0
0
0
0
0
0
0
0
0
0
0
0
1
0
0
1
2
3
5
2
3
2
6
3
5
1
3
3
16
41
121
380
926
2265
4830
9617
16982
27484
40600
54323
65835
73111
73147
66543
55008
41700
28251
17516
9949
5061
2336
1012
405
149
47
10
8
0
0
2
2
2
2
1
2
2
0
1
1
0
0
0
1
0
1
0
0
12
64
71
60
68
62
62
66
59
61
70
54
65
69
69
60
57
54
66
64
45
51
62
56
47
65
55
48
47
57
52
65
51
44
54
47
52
65
47
46
47
47
51
64
46
57
52
56
41
59
48
55
44
48
55
44
55
55
52
53
47
46
55
58
61
54
55
67
66
78
56
79
86
84
96
86
92
94
112
94
80
63
81
74
58
63
65
59
57
62
58
49
67
63
46
53
58
52
62
64
70
80
67
90
72
79
75
90
79
79
90
109
114
120
126
133
138
141
174
152
168
173
177
213
233
301
422
774
1234
2117
3332
5383
8078
11756
16090
20741
25488
29201
32201
33637
32862
30911
27304
23103
18478
14291
10575
7681
5375
3829
2748
2085
1492
1089
756
547
380
288
206
214
201
241
299
362
407
421
421
406
404
392
333
266
244
165
136
90
75
51
51
40
45
39
32
21
28
22
12
16
18
15
9
5
16
14
10
12
13
13
9
12
14
14
6
8
14
4
15
15
7
9
11
7
14
11
4
11
11
9
16
7
13
9
15
19
14
16
14
19
14
15
22
31
20
27
29
26
20
19
21
26
21
18
17
20
16
16
22
17
19
14
18
18
21
19
16
17
19
17
15
20
8
18
17
14
16
13
13
9
9
14
10
13
4
6
11
8
6
9
9
12
5
5
7
6
10
6
7
9
12
8
9
6
4
9
6
7
6
5
7
3
6
8
19
6
13
13
18
26
14
20
30
31
18
21
33
25
31
34
20
22
17
19
12
10
11
14
13
10
16
11
9
17
7
13
17
17
15
10
19
10
9
11
10
9
11
8
7
11
10
6
8
5
5
6
5
4
9
5
8
6
3
6
11
4
9
5
6
10
6
5
8
4
5
8
8
11
4
7
10
8
5
1
10
8
5
7
5
8
10
9
7
7
6
4
8
4
6
8
3
3
12
4
4
10
6
7
5
4
3
10
5
7
4
5
5
10
10
6
6
9
8
2
5
6
8
10
9
8
7
6
12
7
8
5
7
7
8
11
7
7
5
10
3
10
9
6
11
11
6
8
5
11
5
9
12
7
2
8
7
5
3
8
8
12
10
8
10
10
12
10
4
8
11
9
10
10
7
13
8
12
13
16
7
5
8
8
14
12
10
17
9
11
12
10
11
11
10
7
15
10
11
8
6
13
12
15
15
13
12
10
21
9
13
7
15
9
7
17
13
8
13
13
16
16
18
9
14
17
10
13
20
15
16
15
9
21
16
8
18
10
20
11
23
17
18
15
20
7
10
14
26
13
16
13
13
21
17
19
14
21
14
19
19
16
23
14
19
12
21
15
20
17
18
22
19
21
19
23
17
20
17
19
28
23
17
19
25
18
24
18
22
26
20
23
27
21
29
29
21
26
24
16
32
24
32
33
31
25
26
20
19
23
23
15
24
28
24
28
36
26
37
27
27
30
29
27
27
29
28
26
27
25
47
32
31
31
31
36
34
32
32
33
31
42
46
41
37
44
41
28
34
45
33
32
35
44
43
43
41
39
39
42
33
38
49
44
38
48
52
60
44
49
47
61
44
32
45
50
58
54
53
66
56
68
51
55
47
61
64
64
62
75
68
74
49
71
72
67
60
78
65
64
70
84
82
85
83
76
77
87
100
91
96
102
95
93
80
100
89
90
76
74
90
73
83
79
77
81
81
96
80
84
75
103
76
71
80
88
77
77
75
61
74
80
81
67
83
64
67
61
73
66
77
72
80
87
73
83
70
52
77
70
81
77
78
76
71
74
63
50
70
62
77
68
69
71
77
85
76
75
82
69
77
81
50
85
80
72
73
64
63
59
69
82
72
69
69
65
72
84
76
68
59
63
73
81
64
90
73
74
67
68
68
76
77
87
65
53
58
73
65
55
72
88
79
69
87
70
68
79
74
72
90
69
75
78
75
63
81
73
76
78
80
82
76
85
82
75
74
63
76
77
91
100
98
77
84
86
86
66
84
60
70
73
90
81
87
87
92
101
102
115
139
144
169
202
233
267
324
382
434
504
512
602
638
729
786
814
800
831
904
798
789
734
714
607
581
533
472
411
376
299
220
225
195
159
161
125
118
115
94
105
106
114
93
104
83
79
89
73
75
107
100
93
96
82
98
108
98
99
85
115
89
105
102
114
110
108
85
117
88
86
101
105
107
121
117
125
110
105
104
91
105
92
101
102
104
106
121
103
101
121
131
112
115
136
111
108
123
130
118
116
120
118
128
155
133
123
140
138
152
166
154
192
203
196
193
216
199
218
203
204
214
221
215
210
227
220
195
197
204
166
162
166
165
144
140
146
150
148
153
144
129
179
179
165
136
163
151
160
132
141
144
133
151
141
150
169
157
167
164
154
185
173
161
178
165
173
181
163
190
193
176
179
173
208
207
195
191
186
192
188
187
185
185
238
201
208
217
207
205
206
219
190
218
224
207
220
215
210
232
232
213
259
214
254
222
237
218
240
216
271
255
255
245
250
273
274
260
298
258
213
259
285
300
260
264
273
282
296
284
287
249
288
298
290
272
290
282
265
271
272
256
245
275
254
254
255
282
212
269
249
247
251
259
263
249
271
227
208
241
229
226
241
203
258
228
247
212
220
226
239
222
231
209
232
197
212
244
221
216
210
208
208
206
224
238
202
214
209
209
247
218
203
165
200
192
197
216
221
228
209
210
231
210
246
202
192
199
211
215
214
198
206
198
249
227
192
202
212
220
217
209
237
218
223
194
220
198
229
231
209
223
233
207
229
208
227
206
188
231
195
209
219
243
200
226
222
200
234
235
230
229
258
224
227
224
223
215
220
234
240
207
235
234
247
233
206
239
231
234
235
225
213
228
255
269
247
238
227
260
249
256
253
244
217
274
206
235
248
221
228
277
232
233
229
233
244
277
225
239
234
241
217
259
235
237
205
235
258
228
259
254
252
245
257
238
240
252
259
230
254
261
273
238
240
285
268
261
266
275
239
272
260
263
292
271
276
277
261
258
273
295
260
299
280
277
264
311
306
265
268
293
302
278
266
279
261
243
245
272
282
305
296
276
281
266
270
268
243
272
267
257
302
298
252
283
275
294
291
296
276
292
278
299
279
295
287
286
266
310
301
315
269
297
279
299
301
309
308
298
283
317
309
305
294
280
310
332
306
265
298
324
316
308
309
317
331
304
338
367
333
332
292
300
320
312
332
333
340
321
333
321
318
324
366
338
334
318
320
331
315
371
318
334
380
302
336
305
346
337
321
350
313
327
339
343
341
331
352
344
349
327
315
345
323
338
341
335
351
323
341
370
327
338
355
331
365
368
352
358
379
345
345
370
350
350
367
323
315
354
340
338
371
341
358
357
341
337
368
360
317
347
316
393
324
324
340
357
335
340
372
361
374
318
319
335
333
332
292
330
333
344
337
326
298
312
321
332
335
316
291
335
331
316
316
309
332
330
320
300
293
308
307
285
324
323
308
318
306
304
319
310
278
280
289
311
335
295
302
274
311
312
328
306
327
285
301
295
300
294
311
307
317
292
307
289
282
287
299
297
282
272
304
275
314
285
320
334
320
295
299
294
305
304
292
289
267
320
281
293
297
312
288
297
317
294
330
294
294
311
275
296
311
293
313
312
290
301
283
282
300
278
268
296
281
306
301
291
318
292
259
293
291
310
300
309
329
305
306
300
300
299
278
310
336
308
271
275
324
311
281
285
274
295
285
293
294
324
319
272
293
314
294
309
304
282
312
314
292
328
316
296
279
304
308
297
275
273
328
297
302
259
322
289
293
290
313
295
283
288
304
282
316
318
304
347
285
300
285
326
313
284
321
342
298
321
311
307
304
297
322
281
280
303
320
330
305
310
303
321
333
276
298
312
303
294
305
304
286
346
292
307
352
297
307
294
314
342
306
302
341
297
333
337
299
347
351
301
344
334
331
333
331
336
332
303
346
339
321
323
323
369
361
356
328
343
344
324
319
345
377
311
368
359
345
329
345
352
371
391
323
357
372
341
358
407
363
352
372
354
391
365
379
400
382
404
430
407
372
406
417
412
412
404
427
450
421
481
444
448
465
461
467
477
454
531
489
450
498
505
529
504
520
544
525
580
506
549
593
582
585
603
652
638
638
604
638
651
702
759
734
798
796
790
814
856
889
909
935
989
982
1046
1006
1033
1087
1115
1189
1131
1212
1251
1269
1297
1285
1372
1383
1468
1476
1576
1545
1587
1699
1627
1670
1668
1747
1720
1758
1722
1837
1799
1700
1807
1780
1834
1780
1728
1732
1797
1770
1749
1769
1681
1670
1661
1685
1632
1589
1593
1494
1473
1473
1451
1398
1301
1317
1337
1313
1232
1182
1157
1108
1107
1099
1015
1060
941
888
884
799
734
892
772
727
698
658
668
673
640
582
606
538
524
515
511
495
493
506
487
428
462
468
423
410
405
443
417
390
410
381
382
390
384
361
335
351
319
333
347
320
349
351
306
301
298
293
306
307
298
286
272
292
278
310
309
286
312
247
289
276
249
259
267
264
292
266
264
307
302
312
322
300
346
328
358
381
409
368
397
443
416
450
482
443
459
467
495
501
504
541
523
524
551
521
522
513
503
487
458
448
460
430
442
400
400
368
343
356
316
322
287
273
261
246
264
224
209
230
233
199
214
218
218
198
194
202
183
215
205
207
177
179
217
217
217
200
210
196
189
213
236
235
229
229
213
228
200
231
200
245
226
234
254
236
257
255
236
255
222
269
280
272
294
268
268
285
305
306
292
295
319
297
295
299
295
308
289
315
327
317
327
346
336
299
336
322
328
322
354
335
321
314
318
311
346
300
319
288
300
311
319
321
293
274
281
256
277
285
247
250
259
224
254
227
243
251
238
248
218
231
201
203
194
195
201
184
208
193
174
197
187
176
158
169
169
171
156
142
161
167
147
166
144
139
163
135
125
128
132
115
132
111
126
117
108
107
102
113
106
108
103
108
97
116
100
117
96
112
102
98
98
104
93
93
88
86
105
74
84
90
86
93
75
83
77
98
77
86
79
86
76
77
77
69
71
75
73
80
61
82
86
83
60
82
49
54
65
79
66
65
59
72
72
71
63
65
69
65
85
53
76
66
59
67
75
62
58
79
84
78
74
68
73
80
87
70
71
88
75
92
74
85
100
97
93
98
96
102
114
99
95
94
81
86
91
78
83
70
68
74
71
75
68
64
65
61
58
56
58
44
51
49
67
51
65
52
56
57
52
57
61
53
57
50
52
51
60
57
48
61
45
47
64
65
47
51
52
52
50
49
59
42
52
44
51
47
55
51
37
48
55
49
46
40
52
50
42
40
50
47
49
44
47
39
39
46
49
44
30
36
43
39
45
40
36
48
43
57
54
33
57
36
32
37
44
37
47
39
47
29
40
38
45
34
30
44
24
35
38
39
37
40
41
41
44
33
36
30
51
39
45
50
40
36
37
41
44
33
39
50
35
39
30
35
38
34
40
39
37
28
39
35
27
40
39
34
45
35
42
35
38
33
32
25
35
27
36
32
37
24
33
28
29
32
30
29
34
44
31
30
35
31
29
29
38
29
37
37
38
37
35
38
31
43
33
30
32
35
38
34
27
32
32
27
22
28
34
31
37
29
36
35
47
25
24
32
37
33
24
30
20
31
37
28
31
31
25
21
31
28
40
28
23
20
35
35
27
31
19
42
18
17
21
27
25
28
31
24
27
25
25
33
23
27
22
22
35
33
21
16
20
17
27
29
31
32
25
30
24
30
22
16
31
28
24
29
25
34
23
18
19
18
24
29
24
22
15
29
21
33
17
35
16
28
26
26
24
11
30
26
23
24
31
27
26
25
18
31
22
33
19
19
28
32
20
21
13
11
28
16
28
17
23
25
22
25
28
16
25
18
24
26
21
27
27
26
25
15
25
21
22
19
16
24
23
23
14
19
21
26
20
17
25
20
14
23
18
20
16
24
27
23
15
16
15
25
28
11
20
21
21
22
27
24
17
27
14
21
19
18
22
20
20
28
24
24
17
18
21
20
20
12
25
26
17
18
16
15
25
23
20
13
24
15
14
19
18
21
22
17
25
10
13
18
22
15
9
16
15
21
15
20
17
17
14
11
18
21
17
10
25
21
19
15
16
18
16
28
20
19
16
15
19
20
17
15
18
13
14
27
13
18
15
20
19
13
13
26
13
17
17
15
19
20
14
7
11
16
18
10
18
17
13
16
27
12
22
16
14
18
15
12
9
19
12
14
11
14
10
13
21
14
14
14
17
21
15
10
18
11
17
14
15
15
14
12
10
12
10
10
12
14
12
20
13
16
12
8
15
10
14
10
10
16
13
13
14
17
12
10
11
9
13
10
10
15
16
14
18
8
16
14
9
12
10
8
12
14
14
12
11
12
13
6
11
13
7
11
11
13
11
16
7
10
5
14
9
9
10
11
11
12
14
16
8
15
12
14
8
9
14
13
12
9
9
12
9
6
13
14
16
10
8
13
13
12
8
7
15
14
14
9
10
7
6
14
7
9
16
6
5
10
13
8
13
13
12
7
13
9
10
9
11
9
9
9
12
12
13
12
11
8
16
5
8
11
11
4
3
4
6
12
5
12
5
15
5
13
7
3
8
13
10
11
10
10
4
10
5
6
8
3
6
10
15
14
4
10
11
3
11
10
7
11
6
6
9
7
7
6
10
11
5
9
13
4
9
8
5
5
8
5
11
3
5
7
6
5
7
13
5
8
4
5
13
7
3
9
11
7
9
11
9
11
4
10
2
3
5
12
11
9
9
11
10
5
8
9
5
8
4
9
9
8
4
11
11
7
6
8
8
9
7
5
6
4
4
6
5
5
13
6
5
6
7
11
9
8
7
3
4
9
8
7
8
7
4
8
8
8
3
5
9
5
3
3
9
8
4
6
4
12
10
6
7
3
6
5
2
6
5
8
7
3
6
8
2
11
4
4
6
4
6
11
6
2
5
6
6
4
5
6
4
9
14
6
5
4
4
6
5
6
4
8
4
7
7
5
9
11
8
8
6
4
5
8
6
5
5
5
3
6
6
2
3
5
4
6
2
8
3
4
7
4
7
4
3
3
4
5
1
4
6
4
8
7
2
7
4
4
4
5
7
8
3
8
2
5
0
3
5
3
1
2
6
4
1
11
2
5
1
4
4
5
5
2
3
2
2
1
4
4
7
4
6
4
3
3
1
4
6
11
4
2
5
0
3
5
5
6
4
6
7
5
4
7
0
2
4
2
3
5
5
3
5
3
4
3
2
4
6
1
0
3
3
3
5
3
8
4
5
1
3
6
2
2
2
3
2
5
3
6
6
6
2
1
4
0
5
3
4
4
3
2
8
3
1
5
4
2
5
3
1
3
4
3
4
2
3
0
2
3
4
3
2
3
4
0
2
4
2
4
3
1
3
5
5
1
2
2
4
2
2
0
1
4
3
1
5
4
2
2
0
2
2
2
2
2
3
5
5
3
5
6
2
2
2
5
5
4
1
5
4
1
2
4
6
4
0
2
1
1
1
4
3
1
1
4
2
2
3
1
3
5
1
5
3
3
3
6
1
2
7
1
2
1
2
3
2
2
2
3
1
2
1
3
4
3
2
6
2
1
1
2
4
1
1
1
3
1
1
2
3
2
2
1
3
6
1
1
4
1
2
0
2
4
3
0
1
3
2
2
1
3
1
1
2
3
4
1
2
2
0
2
4
1
4
2
4
3
0
3
3
1
0
3
2
0
0
0
4
2
2
2
1
4
1
0
1
3
1
1
0
1
1
1
1
3
1
2
1
1
0
2
2
2
2
1
1
0
0
3
0
0
0
4
1
3
2
2
3
1
1
2
0
0
5
2
1
2
2
1
2
1
1
1
1
4
2
1
3
1
1
2
0
4
1
0
1
1
2
3
0
3
1
3
4
2
1
2
2
3
1
1
2
1
1
1
1
2
1
1
0
1
1
2
1
1
0
2
2
1
5
0
1
1
3
1
2
1
0
1
1
1
0
1
0
1
1
0
1
3
0
1
4
3
0
1
0
0
0
0
2
0
1
2
3
2
0
3
2
1
0
2
2
2
1
1
0
2
0
0
4
2
1
2
3
1
0
1
0
1
0
0
1
0
2
1
0
0
1
2
0
0
1
1
0
1
1
0
0
2
0
0
2
4
1
2
2
2
1
1
0
0
2
0
2
2
2
1
1
0
0
2
0
0
0
0
0
1
1
1
1
0
0
0
1
1
3
1
1
1
0
3
0
2
1
0
1
2
1
1
1
0
1
1
1
3
0
0
4
0
2
2
1
1
1
0
2
0
3
0
1
0
0
2
0
2
1
0
4
0
3
1
0
0
0
1
1
2
1
1
1
3
0
2
3
2
0
3
1
0
0
0
1
3
1
0
0
1
0
0
3
0
1
1
1
0
0
0
1
1
0
0
1
0
0
0
1
0
0
3
1
1
0
0
2
1
3
0
0
1
0
3
0
1
0
1
0
0
3
1
3
1
0
3
1
0
0
0
0
0
1
0
0
0
0
0
0
1
0
0
2
0
1
0
0
0
1
1
2
0
1
1
0
0
1
2
0
1
1
0
0
0
1
0
2
1
0
0
0
2
0
1
0
0
0
1
0
0
0
2
1
2
1
2
1
1
2
1
2
0
1
0
0
0
1
0
0
0
1
0
1
0
0
1
0
0
0
0
0
1
0
1
1
0
1
0
0
0
1
0
1
1
0
0
1
0
0
0
0
1
1
0
3
1
0
0
1
0
0
0
2
1
0
1
1
0
0
0
1
1
0
0
0
0
0
0
1
1
1
0
0
0
1
0
0
0
0
2
1
0
0
0
0
2
0
0
0
0
0
0
0
0
0
0
1
0
0
1
1
1
0
0
0
2
0
0
0
0
0
0
1
0
0
0
0
1
1
0
0
0
0
2
0
0
0
0
1
1
1
0
0
0
0
0
1
1
0
0
0
0
0
0
1
0
0
0
0
0
1
0
0
0
0
1
0
0
0
0
0
2
0
0
0
1
1
1
0
0
0
0
1
0
0
0
0
0
0
0
1
0
0
0
0
