0
0
0
0
0
0
0
0
0
0
0
0
0
0
0
0
0
0
0
0
0
0
0
0
0
0
0
0
0
0
0
0
0
0
0
0
0
0
0
0
0
0
0
0
0
0
0
0
0
0
0
0
0
0
0
0
0
0
0
0
1
0
0
0
0
2
0
2
3
3
1
5
0
0
3
3
0
1
5
2
2
5
9
43
123
322
892
2208
4880
9358
16900
28028
40618
54646
66132
73401
73336
66539
54761
41172
28220
17568
9868
5091
2387
999
358
148
39
10
6
2
1
0
0
1
4
0
0
0
4
1
0
0
0
1
1
0
1
2
0
9
63
55
54
65
62
54
57
62
61
47
51
58
62
45
56
54
64
44
49
63
42
55
59
51
52
46
78
60
52
74
55
60
47
57
53
51
48
48
54
42
51
44
47
54
55
45
43
47
55
43
40
44
42
56
46
37
49
55
51
47
65
57
41
52
57
44
65
61
47
75
89
83
67
101
108
111
127
98
116
96
69
61
67
65
45
52
51
57
56
35
48
51
52
62
54
43
61
68
58
65
58
66
57
61
70
61
77
83
79
118
106
105
121
135
138
144
178
175
165
228
204
234
270
311
463
620
925
1437
2246
3706
5648
8587
12235
16624
21087
26340
30140
33898
34631
34053
31879
28332
23797
19386
14953
11062
7988
5720
4100
2932
2149
1499
1149
808
623
449
353
250
220
212
268
278
330
369
451
434
445
453
354
326
244
241
161
124
95
79
66
48
52
38
41
37
44
20
18
19
11
13
16
12
9
12
11
9
13
6
9
9
15
9
6
7
13
11
6
10
9
13
18
10
13
8
11
7
8
8
7
4
11
13
13
15
9
13
11
17
19
17
21
24
18
27
29
33
30
30
25
25
29
28
25
17
28
21
24
22
26
24
18
24
12
32
18
19
23
27
19
21
16
16
21
19
22
19
23
10
12
13
12
8
9
11
11
8
5
7
5
9
5
17
5
11
13
4
7
7
10
4
5
7
9
7
11
4
4
11
7
5
7
10
4
9
11
16
13
20
12
24
27
30
22
31
23
21
23
28
24
18
30
8
18
11
10
17
15
11
8
8
10
15
8
14
12
8
13
13
13
8
8
9
7
11
10
10
5
5
7
9
7
4
11
8
5
5
7
7
6
5
8
12
5
6
5
6
7
8
6
6
7
8
7
5
7
6
5
6
7
4
0
6
7
8
4
7
5
3
7
10
3
6
9
10
6
5
4
8
8
7
5
5
8
5
10
7
7
9
9
2
3
5
7
10
13
5
4
6
6
3
6
3
9
3
5
8
10
5
15
8
3
6
7
8
4
5
5
8
9
9
7
8
8
10
7
7
8
10
6
9
7
8
5
5
9
9
5
9
10
13
5
12
6
10
14
11
7
10
12
9
11
9
11
8
14
12
8
8
12
3
11
6
6
5
10
9
12
4
5
6
6
8
19
16
9
9
13
15
10
5
4
9
12
14
10
11
14
11
9
9
7
11
13
12
17
11
13
16
13
14
17
15
14
12
12
14
23
12
18
18
14
22
14
26
17
17
17
19
16
23
15
23
17
18
16
17
22
20
20
20
14
16
16
16
17
22
9
15
22
23
17
15
14
21
18
17
19
21
21
20
21
13
21
16
23
20
16
28
19
18
17
19
24
18
14
16
15
23
15
12
26
27
24
25
17
23
26
25
23
24
16
26
33
20
25
30
28
25
31
28
24
24
19
29
31
24
24
28
23
34
25
30
15
32
26
30
31
33
34
34
34
28
32
30
28
27
30
30
32
41
37
37
43
24
46
32
27
32
28
27
34
50
39
29
42
32
40
36
39
46
35
42
44
57
47
37
47
51
38
47
49
58
50
46
50
48
50
54
46
46
57
62
62
49
56
69
53
67
58
60
64
55
58
66
62
60
67
60
70
62
74
92
64
69
67
91
87
74
80
76
107
92
93
87
89
106
85
88
87
86
94
71
72
84
84
72
90
72
82
76
79
86
89
71
76
92
78
79
89
96
89
82
89
79
71
88
93
74
73
71
70
96
73
79
78
75
83
59
76
64
88
95
77
99
81
86
92
79
83
76
104
71
62
78
92
99
77
71
86
88
53
77
62
85
78
90
78
68
75
81
82
86
89
81
76
62
72
79
67
71
61
77
75
77
85
69
73
75
75
86
69
88
86
71
79
70
66
87
71
81
80
95
79
74
89
72
80
70
91
80
81
81
83
83
74
80
93
73
78
98
79
87
78
79
103
75
73
95
94
72
79
73
102
72
81
72
102
87
79
85
90
80
89
86
89
80
93
94
88
91
105
90
110
155
136
158
218
240
268
282
362
416
485
558
557
671
729
757
807
839
871
866
835
853
767
713
661
616
533
485
430
325
287
267
220
190
163
167
150
122
120
101
105
111
92
101
95
108
101
100
85
75
103
91
92
106
96
90
109
94
103
83
103
118
106
102
111
108
121
115
84
105
114
92
109
100
104
112
108
114
110
90
104
113
103
109
116
125
106
122
88
102
112
111
114
129
102
109
110
113
116
103
136
113
111
122
127
136
146
140
167
153
181
194
179
207
207
205
220
230
210
193
245
222
229
214
223
194
224
196
200
196
190
195
169
134
151
169
161
155
165
130
148
143
136
152
159
168
163
146
168
156
159
151
132
160
147
145
135
163
149
165
193
164
151
161
195
180
174
156
155
175
178
195
169
181
156
202
183
163
193
186
171
168
180
190
204
205
193
174
212
192
228
221
222
210
231
233
224
236
255
238
233
250
236
257
254
229
273
281
275
306
286
267
286
288
296
287
330
282
310
314
288
316
309
332
383
339
360
329
344
331
383
347
319
383
347
353
367
355
345
398
347
368
383
354
357
357
347
352
335
342
357
363
339
355
362
350
367
343
377
329
325
326
346
306
322
346
324
331
326
292
272
299
279
297
286
263
257
284
266
282
263
286
270
282
270
258
258
290
247
278
262
253
216
237
253
242
230
271
248
214
226
214
242
219
240
239
232
208
225
225
207
222
221
222
213
216
234
225
196
211
225
216
189
215
201
186
234
192
199
220
209
234
217
213
187
193
212
199
219
238
208
186
195
231
227
235
197
206
221
205
225
220
208
230
205
212
232
212
246
202
198
195
205
241
218
213
204
240
234
213
229
232
237
233
232
199
250
245
235
220
248
219
238
237
261
236
241
273
251
249
223
257
269
247
258
251
218
255
263
269
215
224
225
242
254
220
230
232
236
224
210
220
247
263
248
215
219
242
223
236
240
215
234
240
243
261
232
241
207
223
240
237
236
227
232
271
241
256
256
255
228
226
238
220
228
251
242
234
227
257
246
232
235
276
246
242
219
230
262
237
228
250
260
232
248
241
252
249
216
221
246
269
267
236
243
231
272
263
249
242
249
272
278
233
263
256
244
258
285
257
246
294
277
283
248
255
250
261
275
277
256
250
290
256
264
256
251
279
284
243
295
248
293
290
272
277
270
264
245
265
255
252
275
272
250
257
306
270
283
254
276
257
270
295
271
291
302
246
270
290
291
298
288
319
280
304
284
273
280
284
303
292
254
296
285
283
280
285
281
314
296
280
284
276
286
286
300
306
300
283
301
306
290
263
268
265
283
296
280
295
290
311
312
308
320
322
354
293
307
269
324
324
309
272
339
297
313
323
327
320
304
289
338
277
302
306
308
290
314
294
318
291
292
319
306
257
308
301
271
293
280
263
286
272
290
299
297
289
279
297
281
264
296
281
299
256
270
288
287
285
299
303
283
280
275
250
268
265
303
290
294
264
250
286
291
290
263
268
275
228
286
251
280
280
240
270
269
279
271
296
268
270
250
271
247
285
260
248
253
233
280
286
258
253
288
284
244
269
256
259
296
271
277
255
287
248
274
281
290
271
303
253
287
250
271
246
250
243
264
257
247
260
269
229
264
259
257
276
279
274
237
265
257
287
294
257
276
248
275
284
261
260
248
257
231
279
270
252
279
263
284
239
289
265
280
247
254
255
245
273
267
242
260
268
268
251
275
296
246
247
274
229
272
265
265
253
251
260
285
245
252
243
268
264
271
271
272
288
232
261
254
263
269
293
279
269
225
304
255
287
268
256
248
257
288
313
288
259
283
259
269
255
258
275
288
272
272
256
263
278
287
269
271
265
266
274
287
240
285
258
268
274
274
266
265
269
266
258
286
274
261
265
246
267
309
279
262
288
268
263
294
281
252
259
300
292
306
286
243
303
269
304
292
260
293
310
280
279
266
285
313
298
301
290
301
338
309
298
301
320
306
318
287
304
297
309
316
276
302
323
319
343
314
311
316
305
320
322
322
342
332
388
362
374
352
386
343
339
389
330
346
408
371
386
344
380
360
368
377
400
456
377
422
412
405
447
399
431
427
418
445
477
455
434
472
506
502
498
522
533
519
542
537
546
571
571
546
619
660
606
601
654
676
706
711
766
747
825
835
809
871
925
875
925
974
982
990
1022
1094
1110
1115
1111
1184
1187
1268
1321
1307
1315
1280
1391
1445
1454
1475
1501
1452
1528
1463
1545
1471
1597
1554
1616
1672
1553
1575
1573
1631
1595
1570
1533
1642
1546
1520
1543
1459
1457
1446
1370
1355
1358
1307
1268
1221
1187
1184
1212
1177
1112
1142
1032
1043
1035
926
908
857
829
808
845
817
717
724
676
666
651
608
598
546
544
555
528
529
497
494
455
477
434
430
469
424
387
467
425
410
361
353
343
358
335
353
358
373
320
336
328
327
350
308
321
265
303
299
286
291
264
266
286
260
245
284
285
269
224
225
281
259
244
240
254
249
247
272
253
267
263
272
261
242
232
251
281
317
278
325
280
345
367
333
358
371
378
353
395
436
404
438
416
458
476
443
522
454
473
485
474
506
477
474
434
425
445
401
399
357
382
322
370
323
260
251
273
260
236
237
200
225
195
194
173
189
208
174
176
164
170
188
181
163
197
167
192
159
179
179
193
210
169
185
177
207
178
209
213
200
196
199
169
163
192
217
231
178
202
221
225
234
235
225
237
213
220
239
234
229
248
221
253
255
261
278
257
279
290
261
282
301
252
289
270
281
284
285
256
307
301
303
259
293
316
261
303
283
314
294
279
263
276
266
275
260
275
263
285
231
241
259
265
236
261
238
229
257
233
231
217
206
219
181
239
227
192
214
187
192
182
178
158
174
153
142
164
147
174
155
123
150
163
140
129
139
123
129
112
136
115
119
132
106
117
107
113
120
118
100
103
96
103
101
129
83
82
92
104
98
107
90
95
95
92
95
86
90
96
70
78
84
88
83
94
84
78
74
84
60
68
87
79
87
85
70
75
87
65
77
65
74
74
77
81
79
72
67
73
78
63
63
71
73
61
70
67
60
62
67
57
55
85
61
68
69
57
53
63
69
66
69
63
59
57
81
66
62
69
54
68
76
72
89
89
89
99
81
99
76
82
84
82
72
86
86
74
98
60
88
85
75
76
85
60
78
59
55
60
68
45
53
55
55
56
61
37
53
55
50
45
39
47
48
55
65
43
47
50
50
53
48
48
45
50
41
58
58
47
45
48
61
53
51
51
41
52
42
52
47
47
41
45
48
39
48
34
52
54
51
44
35
37
42
33
51
40
36
36
44
36
31
37
39
31
46
35
40
46
46
43
37
41
40
30
30
46
53
42
46
39
47
41
41
43
36
32
34
41
44
41
45
34
32
28
41
26
34
43
36
39
44
34
36
44
23
22
35
39
31
34
31
27
34
35
41
39
37
39
38
38
35
37
36
43
28
33
37
30
25
38
29
32
39
25
43
24
41
30
30
21
40
25
33
30
38
38
27
26
24
29
46
32
33
37
33
29
33
30
41
35
34
32
38
28
27
31
30
29
29
20
32
26
44
44
36
35
32
36
24
34
27
23
32
29
21
42
24
21
25
31
37
27
26
26
15
21
21
26
28
32
30
21
23
20
30
28
26
26
32
20
30
20
38
29
28
26
33
26
21
33
29
31
30
25
20
25
26
30
25
28
29
39
25
32
21
23
21
32
21
28
27
31
35
32
24
32
24
22
31
23
26
27
26
21
25
22
26
19
24
22
17
26
24
25
21
17
23
19
21
27
18
24
15
32
23
19
18
13
20
23
20
26
31
16
18
16
23
12
23
21
27
27
25
25
26
27
28
13
24
20
27
21
17
27
16
21
25
25
18
26
13
20
26
24
22
24
20
16
21
24
17
22
22
21
20
23
21
16
14
17
18
17
22
21
20
20
19
16
21
31
16
20
21
18
18
21
18
24
13
20
22
16
12
13
21
19
13
23
19
18
21
14
13
17
23
20
15
24
22
17
15
20
20
18
19
19
15
14
16
17
18
12
19
14
16
20
19
11
24
9
16
22
23
21
11
17
13
15
18
22
19
6
14
17
19
20
16
19
18
10
15
17
14
16
13
10
21
18
18
15
18
17
14
12
18
14
15
16
15
21
17
20
9
22
13
12
8
11
17
11
17
13
11
23
7
16
16
15
21
16
14
11
15
18
8
14
13
15
10
14
14
16
12
14
22
8
14
8
7
15
14
12
8
9
20
12
13
17
11
11
20
7
12
11
13
16
13
15
10
9
10
11
12
12
13
11
8
9
9
12
20
8
11
8
11
15
9
16
12
9
16
7
7
6
13
14
17
12
7
7
12
9
10
11
13
11
16
14
12
14
15
8
9
8
13
11
8
11
14
11
8
8
9
14
13
8
10
12
13
14
8
14
9
15
12
12
7
14
12
8
9
11
8
13
11
12
7
12
15
10
18
10
9
16
9
13
10
7
5
8
12
9
8
5
9
6
9
13
10
8
9
10
6
9
6
10
6
10
10
7
10
7
12
12
12
12
11
7
11
12
8
8
10
12
5
17
10
4
6
8
6
3
9
7
8
3
6
7
8
10
8
7
4
8
7
4
5
7
9
13
4
7
6
11
8
9
8
10
9
9
8
8
7
6
12
6
5
6
5
5
8
8
6
8
6
9
6
2
6
7
11
5
4
7
1
8
8
4
5
5
9
3
8
8
5
2
6
6
3
5
7
5
6
12
9
5
8
8
6
5
6
9
6
7
5
12
6
4
10
9
4
7
3
5
5
4
11
7
9
4
7
5
4
7
3
10
10
4
7
4
4
4
7
8
7
3
5
4
4
7
2
6
4
7
13
3
8
7
6
7
7
4
6
3
10
6
4
2
5
6
5
3
2
2
4
4
5
8
6
7
4
4
6
3
5
7
9
4
6
2
4
14
5
2
9
3
5
8
8
7
3
6
5
3
6
4
2
7
3
5
6
1
2
4
5
4
3
5
1
5
3
3
9
1
2
4
3
7
4
3
5
5
7
6
5
4
3
7
4
3
5
5
3
2
2
4
6
3
2
6
3
3
1
9
3
3
4
2
11
7
7
4
4
5
6
5
4
4
6
0
3
5
6
3
3
3
3
3
1
2
5
2
4
5
6
0
8
6
7
2
4
5
6
2
5
5
6
3
4
2
3
5
3
9
3
4
6
3
2
4
2
1
6
8
1
4
2
6
5
2
1
8
3
5
4
3
5
1
5
5
2
1
4
6
5
2
2
4
2
5
2
1
4
5
3
3
4
0
2
6
3
4
0
6
2
3
1
2
5
3
3
3
3
2
2
4
4
5
2
2
8
4
1
6
4
6
5
1
5
4
2
2
1
3
8
3
0
6
1
1
3
4
1
3
3
1
1
0
5
3
4
2
3
4
2
5
2
3
1
0
3
4
2
6
4
3
0
1
0
1
4
0
4
0
3
1
2
3
3
0
4
5
1
4
3
5
0
2
4
2
5
1
2
1
2
2
4
1
1
1
3
4
2
1
0
2
1
1
1
2
1
3
3
1
1
2
2
2
1
5
1
5
3
0
0
2
0
0
1
4
1
0
1
1
2
3
3
3
0
3
1
1
2
1
2
0
2
2
2
0
0
1
2
2
1
1
1
1
1
5
1
1
2
2
1
0
2
4
1
4
1
1
1
2
1
2
1
2
2
5
2
0
1
0
2
0
1
0
4
3
4
2
2
0
2
3
1
1
1
2
1
0
1
2
3
0
0
3
2
4
1
3
1
3
1
1
2
3
1
3
1
2
5
0
1
2
3
3
0
2
0
2
4
1
0
2
1
1
1
4
0
1
1
0
1
1
1
0
1
1
1
1
0
0
1
0
3
2
3
1
2
1
3
0
1
1
0
2
2
1
1
2
1
2
0
0
1
2
3
1
1
0
1
1
0
2
2
0
1
2
3
2
0
2
0
1
2
2
3
1
0
2
0
1
0
0
2
0
0
0
1
1
0
1
2
2
0
2
1
2
4
1
1
1
2
1
2
0
3
1
3
1
1
2
0
0
3
0
1
0
1
0
1
2
0
1
2
1
0
1
1
2
1
2
1
3
0
0
1
2
0
2
0
1
3
1
0
1
5
0
0
0
0
0
1
1
1
0
0
1
1
2
0
1
0
3
1
0
1
0
1
1
0
0
0
1
2
0
1
1
0
0
0
1
1
0
1
0
0
1
0
1
3
0
0
1
1
1
2
0
0
0
0
2
0
1
1
2
2
0
1
0
0
0
0
1
0
0
1
0
1
1
0
3
0
0
2
1
1
0
1
0
2
0
0
0
0
1
0
1
0
1
0
1
1
0
1
2
3
0
1
0
0
1
0
0
0
2
2
1
0
0
1
0
0
1
1
1
0
2
0
2
1
0
0
0
0
0
0
2
1
0
0
1
2
0
0
0
1
0
0
0
0
1
0
0
0
0
0
1
0
1
2
2
0
0
0
0
0
1
0
0
2
2
0
0
0
1
1
0
1
0
0
0
0
0
1
0
1
0
0
0
0
1
0
2
0
1
0
1
0
0
0
1
0
1
0
0
1
0
0
2
1
1
0
0
0
1
0
1
0
0
0
0
0
0
0
0
3
0
0
0
0
0
0
1
0
0
0
0
0
0
0
0
2
0
0
1
0
2
1
0
1
1
0
0
0
0
1
0
0
1
1
0
0
0
0
0
1
1
0
0
1
2
0
0
0
0
0
0
0
0
0
2
2
0
0
0
0
1
0
0
0
1
1
0
0
0
1
0
0
0
0
0
0
0
0
0
0
0
0
0
1
0
1
1
0
1
2
0
0
0
1
1
0
0
2
0
0
0
0
0
0
0
1
0
0
0
2
0
0
0
2
0
0
1
0
0
0
0
1
0
0
0
0
1
0
0
0
1
0
0
0
0
0
0
0
0
0
0
0
1
1
1
0
0
0
0
1
0
0
1
0
0
0
0
0
0
0
0
0
0
0
0
0
0
0
1
0
0
0
0
0
0
0
0
0
0
0
0
