0
0
0
0
0
0
0
0
0
0
0
0
0
0
0
0
0
0
0
0
0
0
0
0
0
0
0
0
0
0
0
0
0
0
0
0
0
0
0
0
0
0
0
0
0
0
0
0
0
0
0
0
0
0
0
0
0
0
0
0
0
0
0
0
0
1
0
1
1
3
7
3
5
3
3
3
5
0
1
4
6
3
10
67
137
316
938
2151
4686
9477
16863
27686
40677
54516
66494
73053
73219
66418
55000
41340
28400
17539
10033
5134
2429
1011
372
128
42
16
7
1
1
1
4
3
0
0
0
3
0
1
0
1
0
0
1
0
0
0
1
3
60
50
57
65
55
44
52
53
55
52
58
34
44
56
60
60
40
54
47
39
52
41
47
50
47
39
55
37
32
61
38
42
40
50
45
47
49
39
45
44
42
59
38
44
37
35
44
39
45
31
44
47
51
38
41
48
40
40
35
50
46
52
46
52
57
52
45
55
69
67
65
80
103
104
89
93
90
99
72
87
83
68
56
55
76
51
43
53
44
49
44
58
40
52
51
47
52
58
62
52
56
66
77
57
75
64
75
84
93
105
85
127
116
126
153
147
145
177
167
184
208
244
274
338
440
554
916
1455
2325
3661
5619
8684
12238
16630
21415
26399
30790
33403
34925
34446
32442
28826
24257
19559
14946
11103
7994
5631
4054
2945
2080
1547
1092
826
568
425
329
249
217
243
236
306
336
377
411
455
435
380
388
355
270
218
191
154
102
67
57
58
44
47
37
32
36
32
23
18
18
14
11
19
11
11
13
9
8
13
10
8
9
10
10
10
4
7
12
13
9
8
17
6
9
9
9
1
8
7
2
9
6
11
8
7
8
11
18
16
14
16
17
26
22
18
29
29
35
21
34
21
26
14
19
19
10
22
14
16
15
18
29
28
22
19
27
23
12
14
21
16
20
19
21
17
15
17
14
16
11
13
8
15
8
12
11
12
9
13
4
6
6
6
5
2
10
5
4
7
10
7
8
6
6
7
10
10
6
9
9
4
6
6
7
10
13
15
15
13
25
19
22
18
26
24
23
34
26
42
22
21
13
16
9
12
16
11
3
4
9
8
7
14
10
8
8
9
11
15
9
7
10
9
8
8
8
11
7
7
4
11
9
5
11
8
7
5
8
13
3
3
10
8
6
7
7
6
8
10
12
3
8
9
7
5
10
13
7
3
4
3
4
4
6
4
8
3
6
2
7
7
6
5
3
3
7
6
11
6
7
5
8
1
10
5
9
7
6
4
7
10
8
5
5
7
8
13
9
4
3
11
9
5
9
6
7
14
7
9
4
5
5
6
11
8
3
12
5
8
12
6
5
7
12
12
11
4
14
12
5
7
11
5
8
6
7
12
9
9
9
12
5
6
11
11
8
7
10
12
8
6
14
8
7
9
7
16
10
11
7
14
11
6
5
6
10
6
8
13
16
7
11
10
9
5
10
10
5
11
13
9
13
13
9
6
4
7
16
15
8
17
13
10
8
13
17
17
11
11
12
14
7
15
27
27
15
12
20
8
18
18
15
15
14
11
15
18
14
15
18
25
18
15
21
15
25
14
17
17
19
17
18
27
18
22
16
22
14
19
18
13
19
14
20
14
16
22
27
24
18
26
17
19
15
18
9
13
11
17
15
17
21
23
25
14
16
30
16
19
21
21
18
25
19
12
17
23
20
22
25
22
23
22
18
25
14
21
31
33
17
29
23
24
17
21
23
31
28
24
36
32
21
26
33
16
30
36
35
27
30
28
24
28
34
27
30
35
33
23
16
26
27
51
27
41
37
37
40
28
32
38
38
40
33
37
43
35
30
36
37
31
39
35
39
37
48
42
43
52
38
45
50
54
51
35
43
40
44
50
58
45
60
58
49
48
50
63
67
64
66
58
62
48
68
61
53
66
56
60
54
67
60
69
76
73
72
72
95
80
79
77
91
76
92
90
110
91
73
97
78
85
87
82
78
77
70
94
76
94
95
69
78
95
82
83
80
73
57
75
90
86
89
75
79
75
90
87
74
88
97
81
90
93
79
76
82
86
90
79
74
97
80
71
94
87
83
82
69
88
73
75
75
98
78
70
90
66
86
66
83
69
65
83
85
67
79
75
93
91
90
68
83
77
90
73
80
86
90
71
85
72
85
83
76
83
68
86
72
78
77
73
58
79
90
85
89
84
65
79
77
68
72
73
59
83
82
89
98
84
74
82
76
70
73
74
92
82
87
64
87
67
72
86
86
76
91
81
100
82
79
77
91
85
79
72
86
79
90
87
82
89
66
80
90
79
106
98
93
94
100
99
107
106
119
132
142
176
184
257
267
308
343
466
518
554
637
661
716
775
809
848
832
826
835
862
761
727
686
645
549
461
412
381
279
286
208
168
179
148
136
146
117
101
109
97
100
94
110
107
93
100
97
109
85
89
83
93
87
108
109
92
121
88
129
109
108
114
107
119
104
122
97
98
101
114
102
95
124
107
103
138
100
104
107
103
98
122
92
126
107
117
106
112
113
128
103
121
124
129
116
121
132
131
140
120
142
117
138
127
125
155
136
156
163
174
197
175
223
221
196
241
234
216
211
229
230
213
208
253
206
184
194
189
197
172
161
149
171
179
154
163
159
171
159
170
154
177
154
161
150
147
162
166
152
159
155
165
155
161
163
163
156
145
150
174
165
179
177
178
174
173
167
164
161
172
177
179
202
179
195
188
155
210
222
182
205
199
171
196
211
195
200
220
232
225
207
237
221
207
221
228
241
243
240
231
276
233
246
281
281
283
265
269
276
299
300
320
272
315
303
329
304
355
308
312
332
344
333
316
353
353
325
370
313
375
377
347
369
341
375
363
379
358
377
380
373
362
411
376
352
347
384
344
375
366
325
363
329
354
383
328
320
307
321
322
317
342
339
355
329
321
322
323
312
324
302
306
301
293
321
307
315
292
264
291
256
277
288
284
221
243
288
277
255
249
233
260
250
282
252
226
232
262
242
226
215
234
263
229
235
223
217
248
236
199
210
222
227
212
229
221
215
204
222
226
199
183
240
221
221
193
203
214
229
196
214
195
200
204
218
203
234
232
195
213
211
176
204
216
211
234
237
213
226
241
239
235
217
198
207
242
222
204
210
230
225
244
216
249
240
242
251
224
238
220
229
221
244
246
230
255
218
257
242
261
248
238
236
269
240
241
261
258
253
292
219
261
260
257
244
243
230
269
264
264
229
216
239
251
262
249
244
248
241
260
228
259
218
264
229
246
243
244
237
247
236
233
251
221
249
255
250
235
250
233
240
227
242
253
228
258
216
249
246
235
228
250
253
247
248
266
242
236
257
240
247
246
244
242
252
228
251
245
264
234
264
262
278
232
258
220
287
251
263
246
239
245
230
268
280
252
257
240
237
244
248
251
263
245
259
233
244
251
266
269
270
259
252
247
254
275
271
235
257
289
266
301
246
280
279
285
269
282
257
284
273
297
283
253
291
285
279
264
260
276
259
303
282
285
271
274
263
331
276
287
286
270
328
286
283
272
290
247
270
263
297
299
268
317
264
269
296
278
281
281
297
296
303
286
291
265
293
270
311
320
313
313
312
310
305
288
317
282
300
311
308
306
294
320
345
284
292
288
313
307
304
324
286
360
302
321
274
309
325
307
317
305
298
283
304
319
298
331
315
320
308
302
288
267
326
294
284
272
307
270
321
310
295
314
311
303
283
279
300
273
265
280
266
297
290
290
281
260
294
279
270
260
283
275
271
274
257
243
267
295
297
283
252
274
269
285
289
265
313
276
269
286
268
277
277
268
267
261
283
278
289
251
272
263
286
270
261
251
321
231
237
272
258
264
285
233
248
295
243
259
252
253
265
257
274
270
257
277
253
271
286
245
262
220
260
269
285
251
278
239
269
271
230
247
216
264
268
267
251
253
253
238
254
243
260
280
251
268
248
264
245
227
254
279
274
283
282
257
232
264
246
240
288
291
285
266
227
251
244
257
263
253
257
265
246
266
260
268
255
250
267
225
245
264
269
254
238
244
274
238
234
249
259
235
249
233
264
253
248
238
240
261
263
258
250
244
269
230
249
242
227
252
265
263
237
256
257
264
261
240
278
206
253
245
284
234
268
245
246
241
237
260
253
241
263
252
272
273
234
257
276
240
247
283
249
246
255
231
258
255
259
247
252
262
270
235
251
298
253
276
231
267
260
266
261
274
274
236
246
267
249
246
267
261
237
297
243
263
275
268
262
259
286
263
267
280
338
257
278
270
279
272
295
264
287
267
306
291
252
292
281
295
286
273
298
298
300
312
323
308
282
285
315
324
306
333
326
322
311
338
324
314
338
307
345
345
342
323
354
360
323
334
359
332
325
338
372
369
374
361
388
376
387
376
396
373
416
405
401
408
422
417
427
441
505
451
456
428
426
481
482
478
500
499
501
572
545
585
597
611
615
584
639
609
684
703
726
758
786
767
783
854
830
899
888
897
956
1076
1061
1050
1117
1126
1112
1160
1139
1277
1243
1268
1310
1289
1339
1394
1342
1413
1417
1404
1515
1435
1445
1495
1484
1456
1504
1492
1438
1468
1485
1486
1440
1453
1397
1360
1396
1366
1320
1360
1307
1270
1221
1167
1215
1189
1133
1112
1096
1087
982
999
946
934
907
893
844
828
815
793
729
711
654
685
653
607
544
604
554
562
552
490
496
481
471
493
422
439
435
422
424
418
364
411
378
349
330
336
359
335
341
303
309
293
312
338
280
298
282
301
286
289
290
294
256
279
240
235
264
239
241
252
238
241
239
206
228
224
219
222
213
230
228
224
193
234
240
253
254
268
268
255
258
264
267
277
361
314
361
327
381
397
359
386
399
411
391
416
424
431
407
438
457
448
435
449
416
431
435
388
422
366
359
348
332
282
327
295
284
257
265
244
216
213
198
209
188
219
183
172
167
190
202
141
175
168
183
162
152
178
148
147
181
185
150
148
135
184
121
148
151
141
170
188
190
145
154
173
181
181
207
201
195
184
211
189
181
186
205
201
194
227
196
217
227
208
182
217
212
234
228
225
247
231
210
248
254
232
249
245
251
251
251
253
249
251
283
286
270
263
280
250
270
242
261
271
285
278
265
249
262
244
223
242
213
228
232
213
218
219
231
210
201
211
197
209
210
196
163
167
194
163
187
187
145
181
153
150
150
152
133
149
142
137
132
129
137
147
127
128
131
140
108
126
151
123
125
98
100
106
114
105
128
111
83
85
109
93
87
89
90
86
76
81
92
78
76
98
96
80
82
71
72
67
64
68
93
75
75
77
68
77
64
94
70
60
64
71
75
71
66
64
73
62
69
65
57
69
76
76
53
63
49
56
56
70
53
70
57
41
61
68
58
59
59
47
48
49
52
49
48
53
47
57
50
59
64
54
54
73
66
62
72
65
50
64
65
81
80
65
74
91
82
75
82
60
78
83
89
69
79
70
60
66
53
74
65
65
58
49
62
54
45
67
71
46
62
46
49
45
37
44
36
51
47
54
43
48
32
37
46
48
39
44
45
50
47
46
40
43
37
43
47
50
44
44
32
41
49
47
43
43
38
36
41
32
28
38
34
42
23
46
40
41
37
40
34
40
34
38
49
43
35
42
33
36
24
36
41
30
34
27
26
36
41
35
31
22
26
33
38
31
34
28
35
34
43
33
26
31
31
31
29
41
35
36
35
36
35
45
36
28
32
32
31
33
28
23
45
24
32
23
30
25
29
32
29
25
38
37
28
38
24
25
29
32
30
37
34
35
27
20
38
31
30
35
28
26
37
22
20
22
27
32
28
30
25
25
25
24
30
38
23
22
24
19
26
25
35
25
23
20
21
30
26
20
37
26
37
22
23
24
13
27
28
32
22
33
26
22
25
22
26
20
31
30
23
20
31
24
26
22
28
30
30
29
19
25
26
26
21
14
29
24
21
18
21
22
23
24
16
27
19
25
16
21
20
26
22
25
20
24
20
18
25
21
23
18
30
27
23
16
23
22
21
23
20
20
27
32
22
21
27
24
21
19
20
13
20
22
30
31
24
22
22
21
20
20
16
26
19
15
16
12
17
20
24
20
14
24
30
20
23
22
17
14
16
17
19
21
21
19
24
19
17
12
11
18
15
26
24
17
16
26
19
15
24
13
21
15
18
22
15
21
13
20
25
17
13
23
20
20
15
15
22
15
16
22
21
23
15
16
18
16
29
20
18
13
17
20
9
24
14
11
16
18
15
13
15
16
19
27
18
14
15
19
15
12
13
17
18
23
21
20
18
18
19
21
21
12
15
13
17
11
12
16
16
12
21
11
16
15
12
21
16
14
16
13
16
12
13
9
18
10
14
14
12
19
11
12
16
15
18
15
18
8
10
8
13
16
12
11
13
20
19
11
10
7
8
14
20
13
13
11
18
11
8
14
22
10
8
10
17
14
6
12
16
15
8
18
8
8
10
9
12
16
9
18
11
14
17
11
8
15
13
11
11
14
10
12
8
16
9
10
12
8
17
10
8
13
12
15
10
6
16
10
8
8
9
10
19
10
11
11
10
16
11
7
15
5
11
19
5
13
8
14
14
14
17
16
10
3
9
15
8
12
12
10
8
11
12
15
9
4
13
6
8
12
4
11
22
9
14
9
12
10
10
8
11
12
9
7
7
7
13
10
13
12
7
7
3
8
7
4
10
11
5
11
3
13
9
12
10
8
10
5
4
6
6
9
8
14
8
7
10
9
13
10
5
15
9
10
17
7
8
10
6
8
6
9
6
3
8
11
4
6
7
7
8
10
6
11
4
7
7
9
12
3
4
10
10
3
7
6
7
5
10
6
9
7
10
13
2
7
6
9
4
6
10
7
6
10
9
3
5
9
9
9
7
9
3
7
4
4
5
9
4
8
7
9
7
8
5
3
7
4
6
5
3
12
5
5
5
6
2
7
8
6
7
9
4
8
5
10
4
5
3
4
4
7
4
5
4
5
4
7
9
7
5
5
7
3
7
8
4
5
6
7
6
6
4
6
7
3
7
2
5
8
5
9
5
7
9
8
6
4
3
5
6
4
9
6
3
4
3
7
7
4
5
2
5
3
1
4
6
8
3
6
4
6
3
7
8
1
3
7
2
4
3
4
9
3
0
5
3
7
5
5
3
5
1
4
4
5
2
5
6
1
6
5
2
2
3
5
4
3
4
9
7
9
3
11
2
4
1
1
3
2
4
4
8
3
4
6
5
4
4
3
6
10
2
3
4
5
4
4
5
3
6
6
8
6
5
7
6
3
5
3
7
1
8
3
3
2
2
4
3
4
2
3
7
1
6
4
0
1
1
3
5
3
5
2
6
3
4
3
2
3
5
4
2
2
3
2
4
1
5
5
2
1
4
2
4
4
2
1
2
2
4
3
2
3
4
3
4
4
4
1
2
2
4
6
1
5
4
6
3
1
3
1
5
0
2
3
3
2
2
4
3
0
4
3
3
2
4
3
4
3
5
2
3
4
4
4
4
1
2
1
1
2
1
6
2
3
2
3
1
5
1
4
0
4
5
6
4
3
3
4
2
0
3
4
1
5
1
0
2
1
0
2
3
1
4
3
4
2
3
5
1
2
1
1
4
3
2
1
1
1
5
4
2
3
3
2
0
1
1
2
3
1
1
4
4
5
3
5
1
1
3
2
5
0
2
2
2
4
5
1
1
2
2
1
3
1
4
0
1
1
1
3
3
1
4
1
2
0
0
2
3
0
2
1
5
1
2
1
4
2
4
2
1
1
2
1
1
1
3
4
2
2
1
3
3
4
2
2
1
2
1
0
2
2
4
0
0
5
0
1
2
1
3
3
1
1
2
0
2
1
2
0
2
3
4
3
0
2
1
0
2
1
0
1
1
2
3
2
3
0
2
1
2
0
3
1
1
2
1
0
1
2
4
0
2
1
3
0
2
1
1
2
1
2
1
2
1
1
1
2
1
2
0
3
3
3
0
1
1
3
0
1
1
1
2
3
1
0
2
5
1
0
1
2
0
3
1
4
1
4
0
1
1
1
1
2
1
0
1
1
0
2
0
1
2
2
2
1
1
1
0
1
1
2
1
1
0
2
1
2
0
1
0
2
1
1
5
1
1
1
2
0
1
1
0
2
2
0
2
0
1
2
1
3
1
1
0
3
1
2
0
2
1
1
2
1
0
1
1
1
1
1
1
2
0
1
0
0
1
2
0
0
0
0
0
0
1
0
0
0
3
1
0
1
1
0
0
0
2
3
0
0
0
0
0
0
0
2
0
0
1
3
1
1
0
2
3
1
3
0
0
0
0
0
0
1
0
0
2
0
0
1
0
0
0
2
0
0
0
0
0
0
1
0
1
0
2
2
2
1
1
2
0
1
0
2
0
0
0
0
2
1
0
1
0
0
1
3
0
1
0
0
0
0
0
1
1
1
0
1
0
3
0
2
1
0
0
0
0
1
1
1
1
1
2
1
0
0
0
0
0
0
0
1
2
0
0
1
3
1
0
1
1
0
0
1
1
2
1
0
0
0
0
1
0
0
0
0
0
1
0
1
1
1
1
0
0
0
1
0
3
1
0
1
1
1
0
1
0
2
1
1
0
1
2
1
1
2
1
0
0
0
1
3
1
0
0
1
0
0
0
0
2
2
0
1
0
0
1
0
0
2
0
1
0
0
0
0
0
1
0
2
0
0
0
1
1
0
0
0
0
0
0
1
0
0
1
0
1
0
0
0
0
1
2
1
1
1
0
0
1
1
1
0
1
0
1
1
0
0
1
2
0
0
0
1
0
0
0
2
0
0
1
1
0
0
0
0
0
1
0
3
2
1
0
0
0
0
0
0
0
0
1
0
0
1
1
1
0
0
0
0
1
0
0
0
0
0
1
0
1
0
1
0
0
0
0
0
0
0
0
0
0
0
0
2
0
1
0
1
1
0
0
0
1
0
0
0
0
1
0
0
0
1
0
1
0
1
0
1
1
0
1
0
1
1
0
0
0
0
1
0
0
0
0
0
0
0
2
0
0
0
1
0
0
0
0
0
0
1
1
0
0
1
0
1
1
0
0
0
0
0
0
1
1
0
0
0
1
0
0
0
0
1
0
0
0
1
0
0
0
0
0
0
2
0
0
0
0
0
0
0
0
0
0
0
0
0
0
3
0
0
1
1
1
0
0
0
1
1
0
1
0
0
0
0
1
1
0
0
0
1
1
0
0
0
1
0
1
0
0
0
1
0
0
0
1
0
0
0
0
0
0
0
0
0
0
0
1
0
0
1
0
0
0
1
1
0
0
3
0
0
1
1
0
0
0
1
0
0
0
0
2
0
0
1
0
0
0
0
0
0
0
0
0
1
0
0
