0
0
0
0
0
0
0
0
0
0
0
0
0
0
0
0
0
0
0
0
0
0
0
0
0
0
0
0
0
0
0
0
0
0
0
0
0
0
0
0
0
0
0
0
0
0
0
0
0
0
0
0
0
0
0
0
0
0
0
0
0
0
0
0
0
0
0
0
1
1
1
2
3
5
0
1
5
2
3
0
2
11
15
51
103
382
952
2269
4934
9579
17178
27792
41036
54810
66347
72463
73136
66272
54557
41376
27938
17569
9880
4931
2323
1011
394
147
53
12
5
2
4
2
2
2
1
1
0
3
1
0
0
1
0
0
0
0
1
0
1
11
64
57
71
62
63
55
60
62
65
48
63
52
53
57
53
54
39
58
52
53
57
57
55
42
35
51
51
54
55
49
52
53
44
51
49
50
52
49
35
40
49
39
40
52
54
52
42
51
45
51
41
59
38
45
53
42
53
61
56
51
72
49
50
44
50
44
49
54
57
58
76
80
94
92
93
103
76
90
86
66
77
77
66
76
63
66
69
62
44
64
55
55
57
54
48
52
64
46
59
65
62
73
73
63
73
74
74
65
90
89
104
113
110
136
113
144
138
171
172
188
185
185
216
254
296
481
737
1275
2017
3470
5461
8032
11757
16100
20713
24958
29427
31987
33425
32795
30750
27307
23145
18632
14221
10581
7498
5569
3729
2800
1920
1501
1016
722
588
417
268
217
204
203
233
279
339
386
441
437
447
415
357
349
267
217
168
130
101
84
68
59
40
60
40
30
41
17
35
21
27
17
9
14
7
11
7
8
16
8
16
11
12
13
7
9
5
14
8
13
11
15
11
6
11
6
7
9
7
12
9
16
9
8
10
11
9
16
17
12
10
15
20
22
27
23
33
26
25
32
29
23
20
20
7
23
17
13
22
21
20
21
17
13
15
26
19
20
19
17
16
22
19
14
23
15
21
10
24
13
11
5
4
12
6
6
4
7
7
7
4
8
11
4
4
4
5
7
6
4
3
12
10
6
4
10
4
1
7
8
10
8
8
11
8
6
11
17
18
20
18
19
27
27
24
33
35
33
34
27
19
21
20
18
11
8
8
12
10
9
10
12
8
9
21
14
9
11
13
5
8
13
12
11
11
8
6
4
9
6
11
11
4
10
7
3
3
4
6
6
7
9
6
8
8
12
10
7
7
9
13
5
9
8
6
4
8
7
8
2
4
10
6
14
9
3
5
6
5
5
4
8
1
6
8
8
11
3
6
3
7
2
2
9
7
5
2
6
5
8
13
4
8
4
2
9
9
7
6
5
4
4
4
6
4
5
5
9
8
11
3
4
8
8
5
13
1
7
10
5
9
10
12
7
11
10
8
6
7
10
5
2
7
7
8
8
6
15
11
10
6
7
5
14
7
7
6
13
10
7
8
7
7
8
5
10
14
8
15
8
6
6
12
10
8
12
6
9
12
8
7
14
6
7
7
16
13
15
9
8
13
8
9
11
7
12
11
6
15
12
13
18
8
8
14
11
9
15
8
12
17
16
12
8
9
12
16
11
14
11
14
19
14
14
20
18
14
14
11
18
17
19
14
18
15
19
7
21
15
8
15
17
15
20
16
19
13
12
16
21
13
15
22
21
16
15
24
16
15
13
24
26
12
22
15
18
15
26
18
14
19
19
22
18
14
19
15
23
13
17
17
19
24
30
23
20
25
15
21
24
32
20
19
31
21
26
21
21
23
36
32
14
28
15
34
29
15
29
23
30
27
36
27
32
23
30
25
27
29
30
30
25
19
32
31
28
35
38
32
28
36
33
32
27
35
30
39
32
35
38
36
40
36
48
30
31
42
36
47
40
36
44
34
33
41
64
49
55
41
26
41
51
50
60
53
50
50
56
52
34
56
59
53
56
69
69
45
52
57
50
60
57
79
79
60
54
64
57
65
76
80
78
79
81
84
93
76
81
85
78
78
77
107
77
80
82
103
86
83
82
105
88
84
77
86
78
69
81
69
82
68
75
80
73
78
62
90
88
74
67
64
78
86
70
68
76
76
69
63
75
77
84
86
75
74
58
86
79
76
68
68
67
81
75
69
73
83
63
77
66
50
83
72
62
67
77
78
70
61
69
79
85
75
73
66
61
68
69
66
84
84
74
65
79
67
64
86
64
59
76
71
59
63
72
78
87
91
69
68
62
72
84
67
71
77
78
82
64
66
67
73
88
88
59
76
74
67
78
71
65
86
71
71
76
88
100
67
68
48
83
75
62
75
79
83
93
79
72
82
79
80
95
73
75
73
80
89
79
78
80
95
97
90
80
87
92
86
84
93
93
83
95
83
95
122
140
124
180
194
227
290
325
387
472
487
567
645
652
759
745
776
850
773
827
809
797
806
747
619
557
497
465
383
348
308
254
219
179
160
144
127
105
128
115
104
106
86
97
97
90
96
86
102
90
98
92
98
87
105
100
104
100
117
87
114
106
106
91
106
100
112
99
93
107
105
100
99
85
104
106
95
92
113
131
92
115
113
104
114
109
111
107
106
112
112
105
117
116
109
90
126
131
127
105
123
124
146
115
123
128
150
141
124
142
166
176
168
143
175
212
213
215
228
227
221
205
230
238
202
205
192
187
212
171
140
171
161
155
142
140
144
147
158
157
150
144
130
141
139
151
156
146
150
159
152
148
153
165
143
169
160
165
152
165
179
182
159
161
164
171
177
187
172
184
192
156
152
186
187
178
165
196
183
184
224
185
202
209
192
185
205
204
180
199
203
228
236
212
202
222
237
177
230
222
218
237
212
246
227
252
247
235
257
268
219
255
261
284
266
227
262
270
248
262
255
263
263
236
277
274
236
247
273
278
232
247
262
248
270
270
272
283
242
264
235
253
241
250
257
256
237
246
236
241
241
242
239
239
250
218
247
235
228
242
225
223
218
240
219
225
238
201
223
205
229
209
225
205
243
210
213
225
210
212
179
228
212
187
191
188
209
216
204
204
214
198
196
192
214
217
184
193
188
215
189
203
185
200
208
179
206
227
197
187
195
186
190
194
203
203
171
202
171
198
209
205
215
194
190
188
205
192
216
209
206
201
209
182
188
203
196
183
201
196
200
219
219
188
179
186
192
230
207
208
223
196
214
223
233
216
213
179
222
199
202
200
206
199
198
214
197
228
189
204
195
203
189
220
218
219
205
229
206
206
225
175
225
203
216
222
198
225
205
228
205
252
238
209
215
190
232
209
226
225
209
203
215
220
197
224
198
213
198
236
240
247
257
221
234
226
211
240
238
231
214
230
231
233
223
199
234
251
208
207
248
230
240
257
246
256
233
238
232
261
260
259
247
231
228
242
217
238
245
207
226
240
243
227
238
242
249
243
255
249
228
253
230
221
264
267
234
247
253
259
240
253
251
235
247
253
251
251
260
261
262
274
263
255
263
258
254
272
257
234
271
245
248
265
292
268
259
255
265
275
234
293
278
259
292
292
262
263
251
286
240
250
292
284
249
270
254
278
291
308
285
291
256
289
252
296
268
267
302
296
284
326
278
297
293
274
311
324
307
289
300
305
304
294
265
281
309
285
275
282
304
304
291
337
320
305
273
297
298
257
323
291
298
329
299
284
303
323
342
300
300
290
310
287
300
311
313
312
307
334
325
296
304
337
310
286
346
317
316
344
293
321
321
291
309
313
312
318
318
287
309
323
299
288
300
301
294
283
310
279
283
268
286
310
275
302
304
288
264
303
275
284
245
290
284
296
293
290
260
294
272
249
250
270
280
285
283
286
294
284
312
262
305
268
259
272
291
234
264
276
277
279
284
267
255
288
293
267
251
251
277
256
271
265
315
241
249
260
292
267
247
274
267
267
266
251
252
273
263
281
263
289
255
249
273
293
265
249
292
261
266
273
285
252
271
249
252
254
257
246
292
236
288
256
229
249
281
261
260
241
271
301
263
282
279
282
262
272
243
276
293
265
248
294
277
265
281
273
268
263
259
275
265
303
265
260
269
279
269
282
245
285
248
279
267
253
292
255
264
278
256
270
239
266
249
283
251
267
256
273
257
275
267
264
272
248
283
269
250
278
262
261
262
276
267
270
301
245
264
228
263
234
279
258
241
229
271
247
257
272
289
250
281
270
246
255
262
283
252
271
254
285
263
262
293
263
280
291
251
293
270
266
287
281
277
257
285
273
284
274
266
249
265
259
278
261
290
281
268
303
257
260
287
268
306
235
274
276
267
270
278
270
279
271
284
292
273
311
300
301
270
280
298
280
291
285
288
309
272
300
293
297
300
321
283
304
290
289
318
281
288
320
321
274
345
321
320
323
310
307
342
342
339
307
343
334
331
309
333
324
326
317
364
368
362
330
409
392
364
369
364
341
386
399
373
404
379
395
431
391
425
420
392
415
455
443
418
447
449
419
425
481
447
478
503
533
467
471
508
455
514
520
530
531
584
572
630
641
622
623
617
698
716
721
680
769
811
799
772
839
834
874
912
938
925
978
1025
1054
1084
1155
1129
1189
1166
1280
1253
1345
1375
1392
1423
1437
1450
1475
1464
1523
1531
1524
1503
1608
1638
1639
1654
1610
1671
1697
1626
1589
1599
1673
1552
1553
1672
1542
1600
1519
1482
1542
1479
1477
1329
1363
1352
1350
1286
1332
1214
1232
1115
1081
1107
1046
1103
958
1027
923
884
876
802
821
768
769
766
731
662
708
632
602
573
583
562
545
518
515
508
461
485
449
493
456
436
417
400
435
408
411
399
369
397
367
342
318
307
324
336
352
321
302
300
317
286
277
325
263
277
302
283
297
270
259
249
235
258
250
250
243
260
254
253
226
279
247
231
244
260
245
267
247
266
283
301
282
301
334
299
348
365
362
337
382
378
383
405
426
400
463
495
480
458
484
454
458
495
448
477
488
463
465
433
462
446
444
429
415
383
352
357
336
316
301
287
262
256
229
249
229
211
226
200
201
188
205
177
191
205
189
169
184
167
197
187
172
200
206
175
172
172
189
203
177
174
190
207
211
204
199
203
240
193
194
207
199
184
187
212
247
238
241
217
230
236
248
263
230
285
254
273
258
257
286
285
276
302
284
292
270
311
312
265
279
286
297
330
280
304
315
335
331
305
312
281
276
325
282
311
268
282
301
258
247
253
313
254
244
269
265
269
250
235
239
236
258
213
229
243
213
195
227
225
185
199
185
175
183
193
177
173
197
170
186
172
178
160
172
152
152
150
162
125
150
118
132
147
129
148
123
124
124
104
104
121
111
117
101
104
125
110
119
126
112
109
124
85
101
82
92
91
86
101
109
94
86
86
75
96
104
99
79
92
85
89
83
80
84
77
65
79
85
74
81
92
83
99
82
82
86
69
72
71
64
74
77
73
75
86
76
78
62
68
59
72
64
64
64
64
64
75
65
62
73
58
65
61
79
75
60
77
69
67
76
69
71
66
76
72
100
71
75
83
76
88
70
93
90
101
87
73
94
104
85
95
81
88
76
78
97
87
72
60
71
83
65
70
57
55
63
75
52
49
44
57
47
49
64
54
58
51
47
56
55
55
45
44
39
61
56
64
56
41
45
44
64
61
44
60
52
42
51
50
44
45
47
40
49
46
44
43
39
48
37
39
35
44
39
57
39
37
51
37
44
37
41
44
47
39
34
47
35
41
40
37
48
52
36
38
37
42
41
24
44
33
41
47
41
43
37
28
36
37
49
41
35
36
47
44
43
41
43
33
40
46
24
41
36
41
30
46
45
32
34
47
37
38
42
34
37
28
27
36
42
36
42
36
43
25
37
36
37
42
35
32
32
39
30
37
35
33
36
36
34
35
24
38
35
33
40
37
38
44
22
34
43
35
49
22
23
39
45
32
35
23
41
40
32
29
22
37
28
30
45
31
38
25
34
33
34
34
38
27
32
32
30
42
33
35
28
37
26
29
35
28
25
26
29
36
37
38
35
21
26
30
27
24
32
30
28
22
20
37
34
33
32
16
27
28
23
35
30
33
28
21
32
33
29
29
27
30
32
31
39
20
28
22
30
29
21
16
21
21
27
34
22
38
24
31
23
34
31
21
24
26
28
25
31
26
28
23
32
29
19
21
19
30
26
32
22
25
27
25
22
26
19
29
25
28
22
20
22
24
27
24
23
19
27
13
25
28
19
19
22
19
21
27
18
21
18
15
26
28
23
20
19
30
26
16
16
21
36
21
26
27
25
17
17
18
15
23
23
19
16
22
22
17
25
28
27
14
29
18
26
22
13
17
20
25
17
28
14
20
22
19
23
23
29
19
25
16
29
17
18
24
21
25
27
19
13
20
15
22
16
14
18
21
13
14
16
16
17
17
24
18
9
12
14
19
19
25
15
20
22
19
18
20
13
13
18
25
11
22
24
26
17
17
21
19
10
14
17
14
13
18
15
21
21
18
14
8
11
19
22
12
14
17
22
13
20
15
13
16
17
17
24
14
25
17
21
17
16
18
18
20
25
14
17
12
15
19
21
10
14
10
9
8
13
16
16
17
14
18
12
16
15
13
15
15
12
18
15
8
10
12
15
18
15
16
16
7
13
18
17
12
13
15
14
13
15
13
16
12
23
16
7
11
10
10
10
12
17
11
10
13
16
9
12
9
7
11
9
14
15
14
14
13
11
13
16
11
16
11
13
10
12
9
11
17
17
15
4
15
15
13
11
11
17
10
8
9
11
11
16
16
15
13
15
7
7
12
11
8
15
9
12
10
9
18
6
6
6
8
23
9
12
14
15
15
14
10
11
11
11
20
16
8
15
11
8
9
15
7
11
5
14
12
13
12
7
10
6
10
17
10
14
9
9
8
9
7
9
12
13
10
10
8
9
9
2
8
13
9
10
8
19
7
15
18
8
6
7
11
7
9
11
7
16
9
10
11
9
5
15
9
6
9
5
4
9
11
7
8
7
7
13
12
10
7
10
5
9
8
13
11
10
9
6
7
10
11
13
7
12
5
14
5
7
6
12
11
4
8
5
6
7
12
8
8
5
11
13
7
15
11
4
6
16
5
8
6
8
10
10
7
14
12
7
11
8
9
5
6
9
7
10
7
7
14
13
2
6
6
8
6
12
5
8
3
7
10
11
9
9
11
10
4
6
5
9
4
11
4
7
5
3
8
6
6
7
5
9
10
11
4
8
9
9
13
5
8
4
8
5
8
2
8
11
3
6
5
7
6
9
8
5
3
8
7
7
1
8
5
5
10
4
3
12
6
6
6
5
9
7
9
4
7
5
9
7
5
6
3
4
3
4
6
3
5
9
4
6
9
8
10
6
8
6
6
5
11
8
7
6
7
8
6
9
10
4
6
6
6
5
7
5
7
5
8
5
3
5
8
1
5
3
6
5
4
1
6
9
7
3
8
6
2
2
6
2
2
5
2
8
0
7
4
7
2
4
1
2
3
3
0
9
5
3
2
3
3
13
7
4
6
5
4
4
4
0
1
7
4
2
4
2
5
2
3
7
4
5
3
8
3
5
2
4
4
3
4
5
5
7
2
7
5
3
6
9
4
2
5
2
6
4
2
4
7
1
3
5
6
3
3
1
5
5
8
5
6
8
1
5
3
2
2
2
3
6
2
2
1
5
5
4
3
2
2
7
2
2
3
4
3
4
6
3
5
4
3
5
5
5
4
4
1
3
1
6
2
1
2
4
3
3
3
2
4
3
5
3
4
2
4
3
4
4
3
1
1
5
1
1
5
5
1
3
3
2
3
1
3
6
4
5
2
2
4
5
3
3
1
0
0
2
1
3
2
2
6
1
5
2
3
1
3
1
4
4
4
5
0
2
3
2
1
3
3
2
1
2
1
2
2
1
4
4
2
1
3
3
3
1
1
4
1
2
2
6
2
3
3
2
3
2
1
4
0
2
2
2
2
0
0
2
3
2
4
2
4
4
2
3
1
0
0
0
1
0
3
2
3
3
2
4
1
8
4
2
2
1
2
2
1
4
3
4
2
2
2
2
0
1
2
1
1
1
5
3
3
1
1
1
1
3
4
2
2
4
0
1
0
1
0
1
2
2
5
1
3
1
3
2
2
1
3
2
3
0
2
3
2
1
0
2
2
3
2
3
2
0
2
2
2
3
1
3
2
1
1
2
2
3
1
0
4
1
0
1
1
4
0
3
1
4
1
5
0
0
5
3
2
2
3
3
2
2
1
2
2
0
0
4
3
1
2
2
1
2
0
2
0
0
1
0
3
3
1
2
0
0
1
1
0
1
1
1
0
1
5
2
1
1
1
0
2
1
1
1
3
1
0
4
0
0
1
0
2
1
1
0
1
0
1
2
1
2
0
2
1
2
1
2
1
3
1
0
1
1
0
0
0
2
4
1
1
2
1
0
0
3
1
0
0
2
1
0
2
0
0
1
5
1
2
0
0
0
0
1
0
1
1
0
1
0
0
2
2
0
0
2
1
1
0
1
2
1
1
3
1
1
0
0
2
1
0
0
2
1
0
1
0
0
0
1
0
2
0
0
2
2
0
1
2
1
0
0
2
2
0
1
0
1
0
2
3
0
2
1
0
2
1
2
3
1
0
2
1
0
1
0
0
0
1
1
1
1
1
2
3
1
1
2
0
1
0
0
1
1
0
0
0
2
0
0
1
1
1
1
0
0
0
0
1
1
0
0
0
1
0
0
1
1
0
2
3
0
1
0
2
1
0
0
1
1
0
2
0
0
0
0
0
1
2
0
0
0
1
1
1
0
1
0
0
1
0
1
0
0
2
0
2
0
1
1
1
0
1
2
1
0
1
0
0
0
0
1
1
0
0
1
1
0
1
1
0
0
3
1
1
0
1
0
1
1
0
1
3
0
0
2
1
0
0
1
0
1
0
0
2
0
0
1
2
3
2
0
0
0
0
2
0
0
0
0
2
0
0
1
0
1
0
0
0
0
0
0
0
2
0
0
1
1
1
0
0
0
1
0
0
2
2
1
0
0
0
1
0
0
2
0
2
0
2
0
1
1
1
3
0
0
0
1
0
2
0
0
0
2
1
1
0
0
1
1
1
2
2
1
0
0
1
0
0
1
0
0
1
1
0
1
0
0
0
1
0
1
1
0
0
0
1
1
1
2
0
0
2
0
0
0
2
1
0
0
1
0
2
1
0
1
0
0
1
0
0
0
1
0
0
0
0
0
1
1
0
0
0
2
1
0
0
1
0
0
0
0
0
0
1
1
0
1
1
0
0
0
0
0
1
0
1
0
2
0
1
0
0
0
0
1
0
1
0
0
1
0
1
0
1
0
1
0
4
1
0
0
0
1
0
0
0
1
0
0
0
0
1
1
1
0
1
1
0
0
0
0
0
0
0
0
0
0
1
0
0
0
0
0
0
1
0
1
0
0
0
1
1
0
