0
0
0
0
0
0
0
0
0
0
0
0
0
0
0
0
0
0
0
0
0
0
0
0
0
0
0
0
0
0
0
0
0
0
0
0
0
0
0
0
0
0
0
0
0
0
0
0
0
0
0
0
0
0
0
0
0
0
0
0
0
0
0
0
0
0
0
1
0
2
2
1
3
4
2
1
1
3
1
5
3
10
13
47
143
355
938
2194
4836
9550
17004
27633
40616
54516
66166
72822
73160
66314
55322
41451
27983
17565
10006
5031
2437
987
387
113
46
17
8
4
2
1
0
1
2
0
2
1
1
0
1
1
1
0
0
0
1
0
1
7
73
59
53
55
73
67
52
58
52
63
57
61
44
61
53
62
51
61
42
69
44
51
54
42
46
49
39
47
54
49
39
43
49
52
40
62
39
35
48
44
49
44
41
45
40
49
47
37
48
38
47
54
40
47
45
49
48
45
55
48
46
52
63
45
59
57
60
60
58
75
78
91
96
77
102
92
98
103
101
69
78
80
81
54
58
48
44
53
55
59
64
57
47
66
50
62
45
55
60
57
86
59
65
66
74
72
87
91
93
118
98
97
112
116
145
132
172
173
172
157
178
211
195
255
287
434
708
1204
2071
3382
5452
8189
11662
16039
20559
25062
29783
31880
33510
33085
30644
27139
23128
18171
14262
10576
7452
5424
3763
2741
1911
1397
1046
737
553
383
300
265
218
210
233
270
336
385
417
462
463
369
370
358
271
251
158
121
91
83
65
49
40
34
41
32
29
31
23
22
16
7
21
14
14
17
16
8
9
10
10
10
11
12
11
11
12
10
9
7
11
8
12
12
14
15
8
6
14
6
14
8
11
11
15
15
15
19
13
7
13
11
25
22
19
31
26
31
23
25
28
30
24
23
28
24
18
30
22
20
14
26
30
16
21
10
24
21
21
17
12
29
21
18
20
15
17
15
18
14
14
15
13
6
10
4
9
8
5
7
6
7
8
7
4
10
11
5
6
7
1
10
3
8
9
3
10
6
4
5
9
5
10
6
3
11
8
13
13
16
32
22
30
36
41
31
33
32
23
23
25
25
27
18
15
18
20
15
10
11
7
8
10
7
10
6
14
12
15
6
11
9
8
9
9
12
9
6
5
6
9
6
6
3
6
7
7
11
6
8
7
3
9
7
8
7
8
2
4
10
5
4
7
6
10
5
9
7
7
6
3
9
8
5
5
2
6
3
3
10
5
5
1
5
4
4
11
9
3
8
4
5
5
10
6
4
8
6
9
10
4
5
3
6
4
7
6
7
5
4
4
3
7
5
6
11
3
11
5
9
5
3
12
7
13
6
7
14
3
5
8
9
7
10
6
8
8
9
9
8
6
6
3
6
10
8
10
6
8
12
4
5
3
7
4
9
16
9
6
12
7
9
9
5
6
5
13
5
10
9
8
11
8
8
8
3
6
10
11
10
4
12
8
12
8
9
2
10
7
11
12
9
14
15
9
16
10
7
7
9
7
10
13
14
15
14
7
13
6
9
9
16
4
11
10
12
14
14
8
16
13
14
15
12
11
20
19
19
15
25
6
18
20
18
20
14
15
14
23
20
12
22
17
17
17
18
9
10
22
16
15
19
14
16
23
11
18
14
16
11
15
22
17
27
12
23
13
19
32
20
21
18
23
23
14
21
14
18
16
22
20
16
13
26
18
19
33
20
29
17
25
21
20
21
22
34
24
30
19
35
21
23
24
29
20
22
24
20
32
28
26
35
34
27
23
23
25
22
22
31
21
24
25
36
35
23
16
27
36
36
26
36
45
40
35
31
46
35
27
38
22
38
53
32
37
43
48
38
38
41
39
48
41
44
49
53
41
40
45
52
44
58
48
60
63
62
53
46
54
59
57
49
46
49
47
56
65
63
54
62
52
56
73
46
49
69
63
57
68
65
77
77
75
71
60
75
70
86
72
80
80
78
92
95
83
77
77
99
73
85
82
97
79
85
90
80
85
88
84
70
81
72
82
63
81
84
73
64
86
51
68
69
75
56
71
62
90
74
66
71
83
80
79
75
68
65
62
77
78
63
65
93
71
70
67
71
81
73
74
61
79
89
70
80
61
67
74
72
68
63
64
59
64
76
60
59
78
73
65
63
66
79
67
83
84
79
57
76
78
84
81
67
76
79
66
71
90
66
72
73
68
67
76
75
67
60
74
73
75
59
84
70
67
72
82
66
71
87
78
83
72
92
69
59
74
71
79
75
69
55
72
70
75
68
87
66
59
65
69
60
86
74
77
77
76
72
69
77
83
75
74
68
83
79
81
81
85
96
93
86
81
103
102
107
131
126
142
176
197
212
289
348
330
438
467
548
602
652
671
738
762
797
804
853
823
779
777
715
651
536
580
418
418
351
310
235
217
199
150
143
133
107
111
93
114
120
108
95
106
95
91
79
89
104
78
105
85
97
84
107
71
95
82
104
95
103
95
107
97
101
92
102
124
89
111
110
94
117
98
103
108
94
98
96
107
98
97
94
106
103
85
118
101
100
120
132
125
116
119
108
130
127
118
115
118
120
111
123
122
129
145
140
152
157
178
158
190
170
176
199
173
212
232
215
225
205
228
224
218
206
212
183
176
169
165
147
153
173
141
156
141
167
134
136
141
152
159
121
138
150
159
171
165
151
148
158
141
162
157
153
151
159
157
175
161
179
154
144
177
156
170
180
167
177
176
169
166
171
198
177
183
176
182
186
200
197
207
194
196
201
184
198
177
185
181
215
193
239
220
229
177
186
251
237
242
206
237
222
236
220
205
220
221
235
255
230
262
280
239
254
230
262
279
246
257
238
257
260
271
257
242
266
280
272
276
242
255
274
252
283
271
221
260
238
261
276
303
283
252
260
247
267
236
262
273
253
252
233
230
246
253
256
241
229
224
241
214
212
230
204
222
221
240
226
202
228
232
210
205
214
221
193
202
219
192
201
211
195
212
192
216
205
197
221
196
213
179
195
183
184
192
216
193
180
180
187
180
190
211
216
188
189
220
196
187
206
188
222
175
202
227
199
196
173
186
207
159
174
192
173
184
196
215
182
213
183
184
194
192
182
189
220
200
208
187
192
200
191
197
197
197
179
209
208
192
203
213
202
232
206
216
192
211
211
224
217
216
202
216
225
184
218
224
209
227
203
210
207
216
218
211
179
205
215
226
189
201
190
209
195
215
209
208
243
222
211
209
195
222
237
205
242
244
224
224
201
214
194
222
217
231
217
203
258
211
215
258
225
237
212
197
223
194
235
211
230
218
222
248
225
244
248
248
238
208
232
257
220
240
232
211
236
252
217
232
242
203
226
253
269
225
228
271
251
241
241
247
250
249
230
220
253
253
259
243
253
265
243
230
235
245
249
259
231
248
256
235
214
212
272
211
273
244
247
240
246
226
233
219
251
257
264
236
265
262
268
251
270
281
254
279
258
290
248
249
235
275
272
241
258
239
273
269
271
254
281
242
253
257
270
304
271
270
259
270
280
277
256
246
288
305
285
277
286
279
298
286
294
290
265
284
262
329
285
287
267
271
296
320
301
314
308
307
315
301
304
258
287
285
324
334
294
315
293
277
283
311
348
268
312
329
322
330
300
310
307
300
287
305
288
297
330
299
284
280
309
308
281
314
313
307
308
322
306
311
276
319
301
314
316
302
306
301
310
298
327
301
303
321
304
337
306
262
277
296
319
269
297
305
297
294
303
286
330
284
276
284
316
304
308
299
290
260
305
283
280
281
293
260
279
277
277
266
265
244
278
289
273
282
303
258
283
273
278
292
236
271
291
283
272
247
256
284
293
260
235
274
251
274
260
288
244
298
247
267
283
254
282
263
237
253
268
259
254
264
255
260
287
262
269
272
236
261
273
269
265
246
242
261
290
253
263
279
258
273
260
274
247
250
286
269
280
252
283
249
260
254
283
263
227
257
272
237
229
258
230
264
285
257
278
254
268
263
290
261
289
273
263
303
253
265
276
272
275
265
289
266
272
279
254
271
288
252
274
257
259
268
238
253
302
293
252
261
268
258
261
264
270
281
280
257
246
270
265
266
264
248
269
255
234
264
243
247
259
260
282
290
280
259
262
238
277
263
267
287
264
281
286
253
261
318
275
277
274
300
264
250
295
250
277
270
253
258
265
281
266
256
283
290
261
304
290
273
275
290
245
274
260
237
264
252
256
273
256
281
308
294
269
276
307
305
264
252
295
283
291
252
306
288
274
282
282
273
301
301
317
317
292
302
319
273
303
291
306
311
338
275
291
359
327
295
274
287
303
323
319
329
294
312
303
308
315
341
301
349
329
343
327
312
354
316
350
351
313
353
369
337
387
340
314
333
341
361
390
399
389
411
389
388
370
393
409
412
433
437
397
437
416
457
430
437
452
441
484
457
442
461
507
471
468
494
519
501
501
529
519
553
563
609
627
635
575
642
628
654
663
719
693
756
763
852
767
813
837
895
860
921
959
967
1002
1025
1088
1088
1132
1197
1197
1174
1235
1298
1313
1296
1368
1344
1465
1412
1489
1430
1500
1446
1543
1551
1558
1565
1595
1742
1605
1630
1658
1588
1608
1614
1605
1531
1598
1515
1535
1554
1476
1441
1492
1421
1447
1440
1334
1333
1283
1383
1307
1216
1201
1153
1065
1083
1048
1028
992
916
906
922
846
812
827
776
764
779
726
704
647
650
610
584
579
553
552
525
490
490
465
451
463
454
436
457
414
439
411
380
424
387
370
368
331
383
361
351
364
324
308
289
278
329
335
313
297
289
293
280
295
277
276
260
266
258
263
256
280
253
242
251
261
264
244
259
269
252
266
256
261
264
237
279
275
272
244
278
304
302
311
326
338
344
369
389
391
396
413
458
433
434
445
432
516
479
490
535
507
462
482
471
477
464
432
423
406
434
393
390
367
347
328
279
300
286
276
245
240
233
238
215
211
212
185
205
171
194
181
168
177
190
210
207
206
178
180
184
170
189
174
200
204
185
189
203
192
192
171
198
193
207
184
202
239
213
229
201
236
238
220
215
242
244
235
235
232
275
260
253
249
214
264
270
269
275
235
269
270
293
315
294
261
256
299
282
295
325
277
290
286
270
281
305
305
306
282
298
308
277
278
280
280
298
298
289
278
263
274
248
251
251
222
234
241
253
246
228
237
208
219
225
198
191
222
176
207
187
188
213
196
167
184
177
155
178
179
166
147
164
161
156
136
140
152
150
132
141
129
133
140
135
121
135
108
130
120
108
125
117
107
95
117
115
114
102
105
123
96
107
117
109
104
98
93
83
108
92
77
97
91
71
86
92
79
91
92
82
94
85
85
91
86
80
64
74
86
84
84
77
90
75
70
63
71
63
82
81
59
70
65
49
68
79
73
76
66
70
65
61
69
65
70
76
60
54
80
69
62
70
58
74
79
71
73
79
64
71
87
53
91
81
74
96
96
80
87
88
91
97
96
80
98
86
98
81
78
128
96
77
84
82
73
80
64
66
67
59
61
58
62
59
63
60
57
60
54
37
47
67
59
62
62
40
47
43
51
58
44
57
39
46
60
44
52
50
56
50
54
44
58
42
46
41
62
46
52
52
50
56
39
52
42
48
54
45
45
52
41
45
40
45
33
45
35
54
46
44
59
45
37
43
43
36
39
40
40
40
28
42
38
38
49
51
37
40
37
36
42
31
44
46
32
41
21
40
42
35
28
46
35
43
37
31
45
30
49
39
28
39
33
40
42
43
45
49
35
39
36
37
45
35
29
30
35
39
35
26
38
27
42
37
34
43
34
33
31
36
38
39
38
30
39
28
23
26
45
29
38
41
35
33
30
38
40
33
36
30
38
38
33
44
33
26
32
40
40
32
37
36
22
40
46
32
34
34
33
37
20
37
36
31
28
23
23
28
35
28
40
26
29
25
33
33
29
33
28
28
20
41
32
33
31
25
30
33
23
23
27
28
33
31
25
31
28
31
29
35
24
37
27
29
30
27
25
29
31
35
30
35
31
31
27
28
39
40
25
30
22
35
29
33
25
30
29
34
30
26
33
34
21
21
28
27
28
22
26
24
19
26
15
31
20
34
26
27
23
22
18
16
20
23
22
29
21
22
20
33
17
32
36
23
17
28
20
23
31
24
28
21
16
21
10
16
30
30
18
27
25
27
30
23
22
20
20
21
19
23
19
23
17
28
28
25
15
26
14
18
20
17
27
16
21
14
21
25
23
28
24
22
24
22
20
24
15
21
36
20
22
20
15
15
15
24
22
21
15
18
27
24
20
19
24
19
15
18
15
20
24
15
20
27
20
21
17
21
19
24
16
13
15
17
12
16
11
15
16
25
18
22
15
7
22
25
20
16
23
11
17
15
16
24
19
17
15
15
20
20
12
24
17
9
15
19
15
14
25
17
11
22
20
18
20
12
14
12
14
23
21
29
18
12
19
18
17
19
10
18
14
19
18
17
13
18
13
11
17
20
15
16
17
17
11
17
20
15
21
15
17
13
12
6
14
10
14
17
16
19
12
15
8
15
15
13
15
17
12
19
17
14
9
18
19
12
12
12
14
13
20
11
16
13
7
11
10
13
25
17
12
14
18
13
15
19
18
13
12
15
15
18
12
15
14
17
15
15
14
12
20
14
11
13
11
12
14
17
11
6
11
14
14
15
10
6
13
14
15
13
13
12
7
19
6
12
12
9
10
13
9
9
14
4
13
16
9
9
12
15
8
14
13
11
12
6
9
9
12
15
12
10
14
16
14
13
9
19
10
13
8
9
9
6
4
9
11
6
10
11
9
13
9
16
17
8
7
10
13
9
13
22
14
7
6
15
12
6
10
9
13
11
8
8
13
9
5
7
7
5
10
6
8
7
10
10
11
16
8
8
8
15
5
8
9
10
4
12
9
10
11
9
14
6
10
14
7
7
11
8
8
8
5
7
9
8
10
14
6
9
11
9
5
14
7
5
14
8
8
12
8
8
8
6
6
8
12
5
6
11
8
7
3
8
11
6
5
5
9
7
10
8
12
8
9
7
8
6
4
11
4
5
5
12
7
6
8
6
10
6
11
7
9
6
10
10
5
6
12
8
11
7
5
4
7
5
11
7
7
12
5
6
6
9
3
7
7
6
9
10
10
3
2
9
6
10
3
4
6
5
5
6
6
8
2
6
8
6
6
6
10
7
8
8
1
10
7
2
6
2
7
6
7
5
4
7
4
7
1
6
10
6
8
7
6
5
4
4
7
4
7
6
10
9
6
11
5
3
2
8
11
5
7
13
3
5
5
7
5
5
7
5
6
9
12
7
9
5
8
9
1
3
6
9
5
3
6
3
5
3
3
6
6
4
2
4
4
7
6
3
4
5
8
7
4
6
1
4
7
5
7
6
4
5
2
4
4
6
4
3
4
4
3
2
6
5
5
5
6
2
6
2
4
5
7
5
4
5
7
3
1
2
3
3
3
4
1
2
2
6
4
2
6
4
5
3
5
3
4
4
4
4
4
4
7
5
3
3
3
10
9
3
3
3
3
5
5
2
5
0
5
5
4
2
4
9
3
4
6
5
5
3
2
1
3
0
4
5
4
2
2
2
7
6
8
5
4
3
3
1
4
3
5
3
6
2
3
2
5
1
4
5
3
2
2
5
4
2
3
5
4
2
2
2
3
2
2
3
1
1
2
2
3
2
2
2
2
4
4
3
3
3
4
4
5
0
6
1
2
2
4
2
4
5
0
4
2
2
1
2
1
1
2
3
3
7
2
4
1
4
2
5
3
2
4
1
2
3
1
2
1
0
2
3
1
0
3
4
3
2
2
3
3
2
2
2
0
1
1
3
1
1
3
3
5
4
5
2
5
8
2
4
4
2
2
3
3
3
2
3
3
1
1
2
1
2
4
0
0
1
1
5
7
2
1
4
2
3
2
4
1
0
4
0
3
2
1
0
2
1
4
2
5
5
2
0
2
2
3
2
3
2
2
1
3
0
0
2
0
1
3
0
1
1
3
4
2
3
3
2
0
2
3
1
3
1
1
3
4
0
1
2
2
1
2
2
3
1
0
2
0
1
2
0
0
4
3
6
0
3
1
2
2
3
1
0
6
2
3
0
0
0
1
3
1
4
3
2
2
3
2
1
3
1
1
2
2
1
4
2
0
3
3
3
2
1
1
1
0
1
1
2
6
1
0
0
1
1
0
3
2
4
1
2
1
0
2
4
0
3
2
2
0
1
2
0
1
1
1
3
1
2
0
0
1
0
1
3
1
1
2
4
4
0
1
3
3
0
0
0
1
2
1
0
2
0
1
2
2
1
4
2
1
3
1
1
2
0
2
2
2
3
3
0
1
1
1
2
1
1
3
0
1
2
1
2
0
1
2
0
1
0
2
2
0
0
2
0
0
0
0
1
1
0
0
1
1
0
1
0
1
1
0
1
0
0
0
2
2
0
1
1
0
1
1
0
1
0
2
1
3
1
0
2
0
0
2
2
2
0
1
2
0
1
1
1
1
0
1
1
0
2
1
3
1
0
1
0
2
0
0
2
1
1
0
0
1
2
1
0
0
0
0
3
0
1
0
3
1
0
1
1
1
0
0
1
0
1
0
1
0
0
0
3
2
2
2
1
2
0
1
1
1
1
0
2
0
0
1
1
1
0
2
1
0
0
3
4
1
0
0
0
0
0
0
3
1
1
0
0
1
0
0
1
1
3
0
1
1
2
0
1
0
1
2
0
1
1
0
0
0
2
0
2
1
0
1
1
0
1
0
1
1
1
0
0
0
1
0
0
0
0
0
0
0
0
0
1
0
0
0
0
1
0
0
0
0
2
2
0
1
0
0
0
1
0
0
1
0
0
0
1
2
2
1
0
0
0
2
1
1
0
1
0
0
0
0
0
1
0
1
1
2
1
0
0
0
1
0
1
0
0
1
0
0
0
0
1
1
1
1
0
1
1
0
1
0
1
2
0
0
1
1
0
0
0
1
0
0
3
1
0
3
0
0
0
0
2
1
0
1
0
0
1
0
0
0
1
0
0
0
0
1
0
0
0
0
0
0
1
0
0
0
0
1
0
0
0
0
0
0
0
1
0
0
0
3
0
0
0
0
0
0
0
0
1
1
0
0
2
0
0
1
0
0
0
0
1
0
0
1
0
1
0
1
0
0
0
0
0
2
0
0
0
1
0
0
3
0
0
0
0
1
1
0
0
1
0
0
0
0
0
2
0
0
0
1
0
1
0
0
1
0
1
0
0
0
0
0
1
0
0
1
0
0
0
0
0
0
1
0
0
0
0
0
0
1
0
0
0
0
0
0
0
1
0
0
0
1
0
1
0
0
0
0
0
0
0
0
0
1
0
0
0
1
0
0
0
0
0
0
0
3
