0
0
0
0
0
0
0
0
0
0
0
0
0
0
0
0
0
0
0
0
0
0
0
0
0
0
0
0
0
0
0
0
0
0
0
0
0
0
0
0
0
0
0
0
0
0
0
0
0
0
0
0
0
0
0
0
0
0
0
0
0
0
0
0
0
0
0
0
0
0
0
2
3
2
2
6
2
4
5
3
5
4
12
47
134
374
940
2229
4959
9488
17048
27497
40673
54381
66461
72725
73317
66743
54640
41145
28506
17360
9961
5146
2360
960
380
148
42
11
8
7
4
3
1
2
2
2
2
0
1
0
2
1
0
0
1
1
0
0
0
6
73
74
66
73
57
60
69
60
60
56
62
40
46
56
73
55
64
73
77
62
39
65
47
56
50
63
52
63
53
56
56
62
55
50
54
50
47
53
50
45
63
44
57
44
52
44
46
54
49
56
50
40
61
67
53
49
42
59
53
55
54
38
62
50
62
56
60
74
65
75
95
80
90
91
100
112
100
98
85
82
95
76
62
76
58
52
58
62
53
51
76
52
57
66
64
56
55
61
63
62
63
67
70
82
75
73
82
100
88
92
113
125
101
138
135
133
149
156
180
179
171
222
185
239
315
439
753
1282
2149
3473
5348
8355
11898
15878
20671
25438
29525
32285
33628
33039
31042
27183
23084
18688
14287
10510
7742
5407
3834
2878
1961
1440
1070
771
517
412
299
219
190
225
238
289
334
362
425
451
439
436
368
357
265
226
180
144
95
92
61
51
47
40
36
48
28
23
27
18
19
11
16
14
11
11
17
16
11
13
7
12
8
9
13
11
11
4
6
10
12
8
11
14
14
11
7
2
11
11
10
4
10
11
9
16
11
16
16
13
13
19
23
26
35
23
20
27
31
19
19
23
27
24
16
25
15
18
16
21
18
16
19
22
17
24
17
25
15
16
17
18
26
18
22
23
18
14
17
18
5
11
11
9
11
9
8
10
8
6
9
8
10
8
8
7
11
12
5
11
8
6
7
5
7
5
8
5
7
8
9
5
13
6
7
14
12
5
25
28
22
24
29
22
30
33
25
23
32
21
18
24
12
22
12
15
20
6
15
8
10
15
12
7
8
7
10
11
18
11
9
9
9
9
9
6
6
14
6
11
3
13
9
11
7
3
8
8
7
12
8
11
6
7
8
7
9
15
6
8
7
4
5
3
4
8
4
9
10
7
5
6
7
4
8
7
4
6
6
5
2
9
8
9
5
4
9
9
6
14
4
4
5
9
7
6
9
9
6
5
9
5
13
7
13
6
6
6
9
12
5
9
7
3
2
7
7
6
9
5
7
6
3
7
9
5
5
4
5
7
9
8
3
8
3
5
4
12
8
6
5
5
6
7
5
8
6
10
10
9
9
13
10
4
6
10
9
8
10
8
9
5
7
9
7
8
12
10
8
7
7
6
12
10
9
6
9
11
6
11
8
12
16
7
12
14
7
15
9
8
13
11
10
11
13
19
12
14
12
17
11
9
9
11
7
11
8
13
8
6
14
11
10
11
10
16
18
12
14
11
9
16
17
13
11
9
13
14
14
16
10
14
23
19
16
15
12
10
12
18
12
16
15
24
20
14
17
20
15
19
18
18
12
14
16
16
13
17
20
21
15
17
25
19
16
13
21
16
17
19
27
21
18
17
24
18
17
16
15
20
24
23
22
23
17
25
24
24
25
20
27
36
37
27
20
18
18
30
20
28
27
19
24
26
27
23
23
27
26
33
31
26
30
32
26
29
31
23
32
21
35
31
26
32
23
26
25
25
27
31
34
35
32
33
34
31
40
38
27
42
34
20
35
36
33
28
48
33
30
43
32
37
43
47
43
37
46
58
51
37
56
41
50
40
47
50
60
53
66
47
50
44
60
62
42
48
61
57
59
68
60
60
76
60
64
51
50
61
69
72
73
82
63
72
78
67
83
83
71
100
82
83
82
73
83
107
103
90
104
92
90
97
82
77
85
73
92
79
87
88
66
69
77
69
59
82
80
85
71
72
82
69
74
71
65
76
81
79
87
70
73
63
79
72
75
87
75
62
77
82
80
72
65
82
61
72
73
72
83
74
84
80
74
66
74
67
77
76
66
63
84
65
52
78
80
70
76
81
81
67
68
92
82
85
67
66
82
63
76
69
67
65
88
77
78
65
84
67
65
74
69
62
69
63
66
77
78
66
62
70
76
71
67
72
73
83
77
65
59
79
75
71
80
79
74
83
71
75
71
74
69
78
84
83
67
82
78
73
72
71
81
68
72
74
92
71
77
78
89
76
80
85
87
66
70
83
91
87
94
88
97
87
107
121
117
133
152
171
235
239
238
302
371
423
500
563
616
670
684
797
783
823
787
889
843
836
718
726
649
585
525
469
435
371
298
254
210
199
163
145
138
129
103
106
106
89
102
98
97
94
102
89
92
82
99
93
94
92
108
97
99
83
101
115
98
105
110
94
100
116
81
91
115
104
120
82
106
107
111
122
114
121
105
93
102
115
113
117
118
99
123
116
111
103
127
108
120
111
113
117
112
116
115
131
141
108
116
128
140
143
143
134
142
158
143
133
192
200
190
178
185
228
221
208
227
203
207
241
195
214
203
189
198
182
194
148
149
142
143
148
158
118
151
138
127
157
147
132
132
163
170
171
143
165
154
142
161
186
158
144
159
151
156
163
169
171
162
170
173
174
174
206
173
182
182
179
201
169
202
182
184
187
174
181
187
182
207
229
195
198
203
213
192
219
202
189
201
219
215
240
240
224
234
236
221
268
237
231
217
238
221
262
231
224
265
262
269
267
246
277
249
262
265
250
256
286
295
302
258
273
284
226
298
288
263
259
285
290
263
236
277
251
270
289
276
265
280
260
243
239
239
265
272
264
286
262
248
238
242
252
206
252
258
238
246
226
225
241
224
219
233
214
244
239
242
229
217
222
199
221
219
198
221
203
213
203
221
210
229
204
222
225
214
208
219
221
185
207
201
219
192
219
188
204
219
186
244
236
232
204
214
202
231
232
210
205
208
228
207
201
218
227
228
186
219
225
218
222
218
187
237
208
210
233
203
227
197
228
223
211
209
191
226
216
241
210
223
220
212
223
195
229
231
218
229
199
212
213
213
249
240
221
218
226
230
195
219
240
203
220
240
248
223
217
235
214
231
229
227
216
234
222
233
225
238
246
240
221
253
231
247
231
246
239
226
227
228
231
234
235
258
284
249
227
253
248
233
233
256
250
232
240
251
267
216
229
240
256
260
248
252
245
256
255
245
253
285
229
259
273
274
277
261
272
239
271
264
268
301
268
265
280
241
251
264
241
265
261
277
287
272
310
246
275
283
243
280
261
272
301
278
266
277
292
268
270
274
282
298
272
273
291
266
288
319
279
279
267
285
281
293
286
286
270
287
302
282
299
289
276
303
293
312
275
277
280
298
284
280
286
302
273
272
262
307
305
277
321
281
300
290
316
286
340
303
311
299
326
312
310
294
336
316
294
301
334
319
321
293
305
307
333
305
326
309
325
336
297
338
345
346
328
349
370
326
352
345
337
336
353
324
317
333
345
307
334
320
343
357
348
355
333
340
344
309
341
354
330
332
340
349
319
365
330
354
335
348
330
353
340
316
350
341
349
327
346
303
343
331
346
363
349
344
313
340
378
320
334
329
356
349
363
332
322
378
332
313
313
334
322
343
364
312
306
309
346
327
331
309
358
298
310
347
341
314
302
310
303
336
349
328
343
336
294
326
291
285
306
341
325
305
338
303
319
364
353
300
334
280
304
299
304
310
319
324
335
285
326
300
291
313
305
323
317
302
285
303
334
291
278
297
305
295
314
317
328
306
284
293
321
301
329
289
347
305
303
274
298
292
323
282
322
309
296
342
318
262
290
284
314
297
294
308
307
288
304
312
281
309
301
289
318
311
308
306
300
307
306
283
296
312
321
322
291
301
309
269
296
323
334
305
322
310
311
300
312
314
276
306
323
308
290
320
319
320
322
317
301
285
340
344
326
308
309
300
280
336
317
302
297
326
319
318
292
293
315
290
325
267
321
308
309
309
322
304
294
304
300
292
254
348
287
286
321
318
294
326
285
310
275
320
291
312
300
319
312
318
296
300
318
299
298
306
325
304
288
296
314
288
298
303
298
330
313
323
293
296
314
316
328
300
289
321
320
309
310
270
309
306
298
303
318
320
268
316
313
314
323
309
333
295
314
327
320
301
318
337
315
292
330
296
358
339
294
328
297
346
320
353
343
316
340
310
340
354
309
357
334
360
347
347
339
332
345
341
367
332
317
371
360
394
384
366
342
339
364
403
386
411
390
355
363
385
368
422
409
422
441
398
420
435
421
399
428
444
451
492
408
398
410
457
426
443
489
478
428
466
452
452
432
506
479
496
489
507
499
526
504
538
545
567
588
572
602
639
636
645
694
681
677
681
681
734
749
765
799
790
797
834
859
901
902
948
955
1080
989
1021
1095
1126
1153
1199
1254
1284
1295
1317
1357
1416
1433
1462
1490
1521
1558
1543
1661
1642
1633
1686
1722
1657
1641
1752
1652
1799
1839
1864
1800
1834
1754
1729
1805
1816
1732
1785
1718
1777
1740
1684
1687
1657
1652
1630
1638
1597
1512
1461
1474
1283
1343
1337
1281
1244
1253
1161
1181
1142
1062
1039
1001
1040
989
910
820
849
877
712
751
744
743
672
675
604
637
615
601
587
521
602
549
522
453
489
496
492
486
440
460
416
454
450
358
398
443
388
393
376
365
356
373
342
325
349
344
346
299
343
314
313
304
305
308
312
307
301
287
276
310
290
282
267
287
276
275
292
292
269
260
291
290
294
293
320
300
328
315
342
341
340
388
354
360
368
413
444
437
480
477
493
502
516
492
538
509
547
575
561
490
544
532
510
477
521
492
499
460
431
434
436
394
360
361
344
300
290
307
293
285
244
238
245
211
224
233
219
206
190
208
207
217
190
196
203
194
189
221
214
190
178
205
209
222
210
216
221
221
233
213
223
224
238
231
223
229
233
258
251
242
250
248
294
259
258
278
277
285
277
262
302
277
317
307
298
297
290
273
309
289
310
322
323
318
305
343
347
306
336
297
345
338
302
325
299
371
312
322
328
293
306
313
333
346
304
325
308
275
327
277
299
273
261
301
215
257
275
244
258
214
237
247
237
232
214
227
206
222
234
204
210
202
161
196
195
175
181
174
160
171
141
176
166
162
162
158
163
165
134
165
141
138
126
124
138
146
122
109
116
124
142
123
112
119
94
112
121
122
125
129
103
110
116
108
116
103
105
99
94
102
97
110
88
97
86
70
96
78
86
114
100
97
108
89
86
85
84
84
76
74
71
83
76
80
71
81
62
74
72
85
77
85
66
78
73
70
65
67
64
80
76
72
66
68
78
73
64
66
68
77
84
70
60
73
85
71
81
75
98
74
101
77
92
94
78
86
106
93
99
105
115
90
96
104
112
95
88
102
83
96
80
76
92
89
89
80
73
76
75
62
75
59
78
65
61
62
53
75
56
40
54
53
55
67
46
56
59
58
47
58
58
47
57
67
52
58
60
56
56
51
56
48
56
47
43
51
66
54
46
61
46
52
49
53
54
51
62
46
44
41
30
46
41
46
36
44
46
59
46
57
32
38
38
47
41
43
34
48
37
42
45
38
39
35
53
39
45
40
55
39
42
44
48
38
35
30
52
45
42
39
40
50
43
31
40
40
39
51
45
31
34
43
45
51
38
43
46
42
38
47
46
49
34
34
33
44
26
43
56
39
37
29
33
43
49
31
30
33
38
44
25
36
34
36
36
32
36
29
36
42
44
39
31
43
29
45
37
39
40
41
34
40
23
31
34
32
39
29
37
31
36
32
28
31
30
43
27
40
36
27
30
37
32
41
40
24
29
35
25
31
35
38
32
31
32
29
38
25
23
36
26
38
38
30
30
32
31
26
37
27
22
35
25
31
29
25
32
39
31
32
34
26
20
36
27
31
29
33
30
20
24
37
31
26
23
34
23
27
28
31
38
32
28
35
21
26
29
28
29
29
25
21
33
36
37
26
24
36
27
21
25
22
31
25
14
16
27
23
26
27
21
33
23
17
23
28
17
26
28
27
25
27
25
20
29
19
30
22
26
25
14
26
24
36
23
21
24
30
25
21
20
19
26
29
22
26
13
20
25
25
28
25
16
27
19
26
24
21
27
28
36
31
23
23
26
27
20
18
23
25
22
25
28
22
24
19
23
16
25
18
19
19
24
20
26
24
16
19
14
23
20
21
23
23
13
21
12
14
23
16
20
17
18
18
27
24
27
17
21
14
23
15
24
13
16
27
28
16
13
20
21
27
19
23
21
27
17
23
16
12
14
23
20
16
19
16
14
15
16
16
14
15
15
16
10
24
16
20
17
22
17
21
21
14
15
24
27
12
22
9
18
17
10
25
19
18
16
10
23
20
21
16
20
11
11
12
17
24
15
17
21
19
19
15
23
12
18
12
15
14
16
20
9
18
15
14
15
12
17
14
15
11
16
14
13
16
15
13
25
16
15
19
9
20
12
11
12
12
15
15
7
13
20
9
27
17
13
13
15
15
8
10
15
9
21
16
17
16
12
13
19
13
21
12
15
15
6
14
11
12
20
15
14
17
17
12
6
12
18
14
10
15
11
11
4
17
19
11
7
9
14
16
13
11
9
14
6
8
8
14
14
13
15
12
10
16
17
7
12
14
8
15
9
13
6
10
10
17
6
18
8
17
10
16
15
18
9
15
9
19
11
13
9
7
12
12
16
14
8
9
9
14
9
9
11
7
17
8
6
9
9
9
14
5
9
8
13
9
17
7
6
8
8
11
7
13
10
7
8
9
11
7
9
11
8
2
6
6
8
11
12
7
4
10
15
14
5
11
5
11
15
5
11
12
4
6
8
10
6
9
8
5
8
4
10
7
7
9
9
5
9
9
8
7
7
10
5
11
10
10
5
5
13
9
5
8
12
7
3
11
9
10
9
7
8
9
6
3
7
7
3
6
8
6
13
9
6
9
10
5
11
8
8
8
12
8
5
7
7
17
10
13
3
6
8
9
6
3
10
12
4
6
7
4
9
8
11
10
11
14
6
8
6
8
10
6
4
7
8
10
5
10
8
4
10
6
11
4
6
7
6
10
6
10
3
5
6
3
10
2
6
4
8
3
5
4
11
7
4
5
9
7
1
6
5
8
4
2
3
3
4
6
7
4
8
6
8
6
3
5
11
7
8
7
3
6
4
2
5
2
5
6
6
5
6
8
4
1
6
4
5
5
6
6
6
3
1
1
8
4
4
2
6
3
5
3
7
6
7
6
7
5
5
4
5
5
6
5
8
6
3
4
5
4
1
7
2
6
5
6
4
2
5
1
6
3
12
3
11
5
3
5
3
8
3
0
8
3
4
1
5
4
4
3
5
6
5
3
5
7
4
3
6
9
6
5
6
3
4
4
12
6
5
4
7
4
1
5
5
4
1
2
6
5
4
6
3
5
2
2
7
1
8
5
3
4
7
4
4
2
1
8
4
5
2
2
2
2
1
4
5
2
6
5
2
4
4
1
7
1
4
2
7
4
6
4
5
3
3
1
3
1
2
4
6
2
2
3
2
2
3
4
3
5
0
4
2
3
2
2
2
1
3
4
2
5
0
1
1
3
3
4
3
5
5
3
0
5
2
3
3
1
4
2
5
3
3
5
2
5
4
2
3
2
0
3
4
3
2
4
3
2
3
2
6
5
1
3
5
4
2
2
1
3
3
1
1
2
0
0
2
6
5
1
3
5
2
1
3
2
1
4
4
2
1
2
1
3
3
4
3
1
4
3
2
1
2
1
2
3
4
0
3
1
3
2
2
4
0
0
2
4
1
1
3
2
2
2
2
4
1
0
3
3
1
1
0
2
1
4
1
1
2
2
0
0
2
2
1
0
8
3
3
3
2
1
1
2
3
2
3
2
3
3
2
1
6
4
2
5
2
3
0
1
1
4
0
2
1
0
1
3
2
3
2
4
1
1
3
1
1
3
2
1
0
2
4
2
0
4
0
4
0
1
3
3
0
0
2
1
0
1
3
6
2
3
1
1
0
4
2
3
1
2
3
1
2
3
0
0
1
0
0
2
3
2
0
0
4
0
2
1
1
1
1
0
1
3
0
0
2
0
0
1
2
2
0
2
1
3
0
3
1
3
0
1
1
1
1
0
0
1
0
4
2
1
1
2
1
1
3
1
1
0
1
0
0
2
3
5
1
2
2
1
1
3
3
1
1
1
1
2
1
1
1
0
0
3
0
1
1
0
3
1
3
0
0
1
4
0
0
2
0
1
1
2
0
0
4
1
0
2
2
0
1
3
3
1
1
1
0
0
2
2
2
0
0
1
2
1
2
0
2
0
0
0
4
1
1
3
1
0
2
0
3
0
0
0
0
0
1
0
0
0
0
1
0
1
0
2
1
0
0
1
1
0
4
0
2
1
1
0
0
1
0
0
0
2
2
2
1
1
1
0
0
1
1
0
1
2
1
0
1
3
0
0
1
0
3
1
0
0
2
2
1
0
2
1
0
2
0
3
0
0
2
3
0
2
0
0
0
0
0
0
1
0
3
0
0
1
0
1
0
1
1
0
0
1
0
1
1
1
1
1
0
0
0
0
1
0
3
2
0
1
0
1
1
0
0
0
2
1
2
2
0
2
1
0
1
1
0
1
0
2
0
1
0
2
0
1
0
0
1
2
1
0
1
0
1
1
0
1
2
0
0
1
2
2
0
2
1
0
1
1
2
0
0
2
0
0
1
1
1
1
0
1
1
0
3
1
0
2
0
0
1
0
0
1
1
0
0
2
1
0
2
0
1
0
1
0
0
1
1
0
0
0
1
2
1
2
1
1
1
2
0
2
1
0
1
1
0
0
3
2
0
0
1
0
0
0
0
0
0
1
0
0
0
1
2
0
0
1
2
0
2
2
0
1
1
0
0
1
1
0
0
0
0
0
0
1
1
0
0
0
1
2
0
0
2
0
0
0
0
0
1
1
1
0
0
1
0
1
1
0
0
0
0
0
0
1
0
1
0
1
0
1
0
0
0
0
0
0
1
1
1
0
0
0
1
0
1
0
0
0
0
0
0
0
0
0
0
1
0
0
0
1
0
0
2
1
1
0
0
0
0
1
0
1
0
0
0
0
0
0
0
0
0
0
0
0
1
0
0
0
0
2
0
0
0
0
1
2
0
0
0
0
0
0
0
0
0
0
0
0
1
0
0
2
0
0
2
0
0
0
0
0
0
0
0
0
0
0
0
0
0
0
0
0
0
0
0
0
1
1
0
0
0
0
0
1
0
0
0
0
0
2
0
0
0
0
1
1
