0
0
0
0
0
0
0
0
0
0
0
0
0
0
0
0
0
0
0
0
0
0
0
0
0
0
0
0
0
0
0
0
0
0
0
0
0
0
0
0
0
0
0
0
0
0
0
0
0
0
0
0
0
0
0
0
0
0
0
0
0
0
0
0
0
0
0
0
0
0
2
4
1
2
4
2
3
5
4
2
2
3
9
43
156
374
856
2312
4920
9661
17125
27744
40994
54320
65904
72632
73348
66545
54556
41502
28136
17589
9919
5062
2329
1004
370
137
45
19
5
3
2
0
1
1
3
0
3
0
0
1
2
1
0
0
0
0
0
0
0
9
67
60
66
57
63
54
70
68
59
53
49
46
51
53
46
53
42
42
56
48
53
53
62
51
45
45
52
44
53
50
46
47
48
44
47
45
41
37
39
61
36
46
41
52
45
43
40
45
46
45
46
42
48
39
49
41
46
39
36
47
64
54
47
57
51
48
60
52
54
66
70
82
65
79
101
100
87
90
89
85
84
78
82
67
61
57
62
43
47
59
52
54
56
42
52
51
59
48
63
54
67
60
57
74
76
59
80
96
81
105
86
102
109
111
135
155
139
150
170
166
179
191
211
235
323
489
713
1254
1902
3386
5436
8221
11686
15972
20717
25396
29165
32108
33185
32964
30739
27208
22778
18338
14071
10809
7490
5529
3802
2698
1974
1485
1108
763
542
413
271
226
186
198
247
265
340
375
402
398
415
420
366
345
279
211
138
147
110
64
55
50
50
39
38
34
42
27
22
27
17
18
11
12
11
10
6
10
17
8
10
10
7
6
10
8
15
8
13
13
15
12
11
10
11
9
13
9
11
6
16
5
11
10
7
9
5
11
10
18
18
13
14
17
22
22
19
31
22
30
20
26
19
20
24
27
27
14
21
18
20
23
30
23
13
20
20
22
12
22
20
21
24
11
16
14
9
18
10
13
8
8
7
10
9
9
11
7
9
14
6
8
9
8
8
17
6
7
9
6
8
4
3
8
5
8
4
3
1
7
2
12
10
11
4
12
8
12
20
16
21
24
22
33
34
34
28
34
26
35
25
18
19
17
17
16
8
9
9
10
8
7
9
18
5
10
11
9
11
11
7
20
7
11
10
7
8
9
2
5
3
5
3
7
3
5
3
6
3
5
3
5
9
7
8
5
11
7
5
7
5
6
4
4
1
7
5
8
5
6
6
7
4
4
7
5
8
6
10
8
3
7
5
5
3
5
5
6
7
9
4
4
5
3
7
6
6
7
5
6
4
4
5
6
8
6
10
3
5
9
9
5
5
7
7
6
8
7
4
6
10
10
7
10
5
7
6
9
7
7
2
5
7
6
10
11
8
5
7
6
7
4
8
9
6
10
10
10
8
9
7
8
13
11
10
3
11
8
6
1
10
4
6
9
5
8
10
12
14
6
7
15
13
7
8
10
16
7
8
14
13
10
7
10
20
12
7
7
8
19
10
12
18
13
14
10
9
17
13
12
11
18
11
17
10
11
7
15
11
8
13
17
16
12
12
15
7
14
13
10
14
17
18
6
11
17
19
13
13
10
16
16
17
19
17
24
13
8
17
18
19
15
17
16
13
16
13
14
20
12
21
16
19
19
21
18
20
14
24
17
15
20
16
12
20
21
21
15
22
20
22
21
11
16
7
10
19
21
16
21
20
18
23
19
35
16
13
26
19
22
18
28
23
18
22
24
20
22
32
19
26
23
20
36
21
24
25
20
30
36
16
22
36
28
20
25
22
31
25
22
22
26
29
32
25
39
29
28
42
32
30
28
27
34
31
37
34
38
39
36
43
39
51
44
40
39
40
31
41
41
31
41
43
39
36
40
46
44
49
53
55
59
52
41
57
49
40
48
60
57
67
57
60
61
60
52
55
52
49
56
66
64
65
64
52
70
66
75
68
54
89
76
74
78
75
86
79
70
86
83
70
94
103
100
99
92
85
100
94
81
87
100
89
95
80
76
83
93
84
76
77
79
74
83
82
69
63
78
69
63
79
62
59
82
77
82
61
90
57
79
57
57
61
73
77
77
71
96
63
76
77
71
63
69
76
69
66
65
55
62
70
83
94
62
62
81
80
72
77
91
64
77
72
71
70
75
80
87
82
74
71
79
77
75
82
77
71
80
69
54
77
86
74
84
70
65
73
81
66
60
90
76
89
55
80
63
66
66
66
74
56
70
63
66
61
84
87
73
81
72
83
78
63
80
78
68
63
71
61
72
90
64
67
65
77
69
73
83
75
71
74
87
68
88
67
72
83
66
70
79
57
79
74
82
68
81
80
77
85
77
90
83
86
108
137
145
128
168
186
218
281
329
338
394
475
512
642
700
676
750
800
822
816
822
811
791
737
718
607
586
528
467
404
342
303
231
228
197
158
141
148
130
110
93
98
107
90
91
96
81
87
108
90
104
87
100
98
86
88
96
89
107
84
76
89
96
97
93
102
98
89
119
96
96
98
98
106
112
117
111
116
106
86
98
99
116
102
97
107
114
115
108
132
102
108
125
102
109
129
130
83
132
112
112
116
87
134
120
125
112
138
158
147
155
163
154
164
212
180
183
218
207
194
233
200
206
221
245
218
194
208
211
191
171
166
160
166
150
158
162
159
147
155
127
143
139
153
151
158
149
164
145
156
145
138
155
148
170
164
166
177
145
184
179
177
189
138
166
158
163
160
178
172
186
163
172
146
182
172
186
174
181
188
179
194
191
216
191
206
189
228
214
208
192
198
212
207
214
217
213
222
226
211
208
228
190
239
236
211
254
229
258
241
223
254
257
260
237
266
267
265
250
261
266
235
254
256
254
248
280
260
276
276
270
250
266
262
270
251
258
247
249
260
271
263
246
241
275
264
244
249
259
242
237
233
251
238
209
236
217
223
224
238
247
235
213
249
190
224
230
204
247
234
220
198
210
227
216
189
204
229
235
219
212
207
195
209
198
195
190
188
171
213
194
214
199
183
219
187
190
192
173
185
182
195
190
197
191
183
185
192
203
204
201
184
192
201
177
184
182
204
187
190
177
212
200
217
187
171
201
205
188
199
175
183
185
193
181
192
230
210
196
199
213
220
195
215
206
178
172
209
199
188
183
203
203
219
229
209
220
215
195
218
207
205
200
191
217
213
189
208
209
192
201
218
218
187
211
204
212
204
190
235
216
215
191
209
215
194
218
214
188
193
208
233
227
219
232
230
194
220
219
220
206
202
226
235
231
216
222
231
207
223
235
240
222
229
220
243
231
216
230
223
243
223
222
253
219
213
217
249
219
246
207
236
233
221
235
234
243
246
233
215
237
262
207
283
244
265
209
224
224
251
260
239
237
245
231
255
252
248
239
229
234
225
238
242
257
252
271
213
232
251
267
232
270
246
256
242
227
246
231
268
243
253
227
270
251
243
253
271
270
258
244
255
262
252
272
283
241
247
264
304
251
253
277
276
287
227
265
272
256
251
265
242
272
272
281
278
284
277
282
310
289
282
249
283
308
273
265
287
274
269
270
282
302
286
291
293
263
292
274
296
303
250
287
293
317
263
291
311
282
287
316
282
287
289
289
304
290
310
287
307
284
281
309
314
320
327
293
301
328
301
326
295
292
314
306
314
311
298
329
297
320
297
303
303
311
343
291
278
297
310
316
296
290
335
277
347
305
286
319
303
317
311
352
288
265
320
280
291
307
287
305
278
272
287
275
267
296
256
264
283
282
268
275
284
272
251
293
257
271
264
270
286
283
235
300
302
282
266
287
284
278
260
257
261
278
271
275
268
262
254
271
250
255
221
304
231
258
282
260
242
262
260
264
242
255
287
286
270
257
261
271
264
281
287
237
249
280
281
271
241
257
301
263
249
266
284
256
260
244
245
277
242
260
271
260
249
257
244
235
261
244
291
244
243
255
244
260
275
267
257
251
251
276
245
277
265
254
271
283
280
289
281
262
254
255
277
276
270
241
254
254
258
239
265
214
234
270
256
274
233
270
237
255
265
267
251
251
259
283
257
271
258
251
262
248
257
245
262
265
252
253
250
263
236
267
252
245
230
247
249
278
253
222
262
252
259
243
235
295
243
272
267
235
266
241
257
250
246
241
260
238
263
259
274
242
248
273
229
290
276
233
253
255
251
258
294
250
260
277
281
266
276
271
275
263
271
251
260
249
253
274
287
273
281
285
286
234
268
258
262
242
249
241
260
261
289
250
254
256
283
272
265
282
262
291
252
268
265
296
307
278
285
285
253
263
259
290
278
301
274
278
308
286
268
279
273
298
337
267
297
281
290
291
280
304
316
306
299
296
313
322
310
320
312
331
328
351
316
319
356
334
346
340
315
331
328
336
352
359
328
348
368
344
356
377
405
389
396
374
371
400
403
407
425
389
427
469
416
420
418
424
468
478
462
423
473
495
483
471
549
506
489
506
557
546
548
525
585
575
599
650
592
620
711
686
730
724
752
774
789
786
803
842
901
953
914
972
1014
1008
1103
1121
1129
1201
1157
1200
1207
1269
1353
1258
1352
1411
1407
1472
1467
1516
1497
1462
1482
1534
1600
1583
1580
1546
1562
1544
1567
1571
1605
1596
1642
1485
1576
1494
1535
1459
1503
1431
1478
1326
1330
1335
1362
1324
1273
1220
1215
1130
1124
1127
1083
1057
1011
989
958
890
854
823
787
762
741
705
742
727
679
638
642
604
632
559
505
541
520
497
505
473
474
438
408
443
428
405
404
393
385
383
379
360
367
351
348
348
328
318
338
330
321
306
288
306
282
268
291
262
282
273
240
278
229
233
257
256
250
253
246
242
253
266
225
246
231
227
241
240
237
263
254
244
233
277
257
266
275
293
304
320
343
345
350
356
327
389
417
386
409
429
418
448
474
486
488
493
472
504
514
464
513
458
409
463
436
404
413
394
368
347
333
339
316
285
264
251
251
213
222
212
211
200
192
199
200
179
188
196
173
167
157
178
182
178
189
181
161
174
196
196
187
159
176
193
165
206
222
180
187
189
186
188
202
212
218
221
230
230
228
203
197
235
209
240
223
255
260
256
239
266
239
254
283
264
262
257
274
256
254
309
262
282
293
275
282
277
284
266
287
310
262
284
273
298
264
287
286
275
271
304
299
322
273
295
273
268
280
228
251
277
265
237
258
233
231
224
191
218
213
211
209
190
199
199
184
190
209
166
183
191
194
178
166
172
177
177
144
189
156
135
151
130
124
142
129
132
140
105
141
125
121
115
116
120
105
111
125
117
119
86
98
90
108
111
92
109
109
104
109
93
95
90
94
74
103
99
79
72
94
91
84
77
76
72
87
79
87
80
82
90
86
75
70
91
65
85
78
79
85
75
73
74
81
75
75
66
64
69
77
67
68
71
60
61
63
65
74
70
64
69
64
55
59
59
59
68
63
66
61
67
49
73
60
66
68
74
62
84
59
74
76
72
76
71
88
88
94
71
85
94
91
90
71
84
81
84
73
76
78
74
84
73
72
74
52
41
62
57
50
56
58
61
46
53
44
47
43
50
60
49
35
45
42
51
51
49
52
39
51
47
48
49
40
48
47
44
57
50
45
53
48
49
44
51
45
43
53
40
33
43
39
49
42
47
43
44
51
38
36
47
42
41
42
46
31
40
38
51
55
37
44
46
47
51
34
37
33
44
36
46
45
54
33
41
44
39
41
35
37
33
40
27
36
44
40
31
39
28
40
54
35
34
34
30
37
40
33
35
35
33
32
30
29
43
24
36
29
39
37
25
43
51
28
45
36
23
34
34
31
37
31
27
33
31
37
29
31
37
44
34
32
25
34
39
32
34
37
35
32
27
33
36
37
32
35
33
39
28
30
37
29
27
30
25
23
29
47
27
36
38
30
40
30
37
24
33
29
35
34
22
33
30
20
40
37
35
29
27
20
26
38
37
28
29
33
36
30
48
27
32
30
31
34
28
33
21
27
22
32
29
26
25
34
18
27
19
26
21
27
33
28
26
27
34
20
32
23
30
27
28
31
27
32
36
30
32
22
31
23
30
30
39
35
24
23
34
29
29
17
24
25
40
19
19
22
24
33
30
25
29
33
17
25
23
19
13
22
18
21
26
25
22
19
27
25
26
23
22
23
20
25
26
27
30
27
21
25
26
24
27
19
36
22
22
25
27
22
22
20
22
16
23
16
33
11
30
17
18
20
24
30
22
28
23
18
22
22
21
30
18
32
24
25
26
29
11
26
19
19
21
21
19
17
26
19
13
25
21
17
22
18
24
26
20
17
18
28
18
21
17
16
18
19
23
15
15
14
13
19
15
18
23
14
23
18
13
25
12
17
16
14
19
21
20
20
13
22
16
16
14
21
18
14
20
22
19
22
19
20
21
21
21
13
12
20
25
12
14
14
13
17
11
12
16
13
12
23
15
19
22
19
20
18
20
11
23
22
12
22
14
15
16
23
15
18
18
15
20
15
12
10
18
13
13
21
18
15
14
16
16
15
17
18
15
13
15
9
14
16
18
9
13
9
10
15
16
18
13
11
12
19
19
4
10
11
13
14
17
19
16
14
16
9
11
11
16
10
16
15
17
14
11
16
13
11
11
12
14
17
9
14
12
9
11
19
17
11
16
13
7
15
6
15
12
14
13
11
8
13
13
15
9
7
14
14
11
17
7
13
14
8
9
14
21
12
12
13
21
11
9
10
15
13
11
11
12
10
6
10
10
8
9
13
9
9
10
13
10
8
10
14
14
8
8
10
11
10
10
14
10
11
13
6
10
14
10
14
10
8
11
7
5
12
6
9
7
9
7
13
14
11
11
14
14
15
4
10
16
7
14
11
10
12
10
7
15
14
6
9
9
5
8
8
11
11
6
13
10
10
7
7
8
6
17
16
6
8
10
11
11
7
7
9
12
13
6
8
8
7
9
6
8
10
11
9
4
5
8
8
8
9
11
8
5
11
10
7
9
5
7
9
7
8
10
10
6
7
7
8
10
9
7
3
9
11
9
4
7
8
8
12
7
9
7
4
3
11
9
9
7
3
5
5
14
13
8
6
8
9
6
6
3
8
9
10
6
6
6
6
2
6
4
8
10
9
8
5
7
9
7
11
5
5
7
8
9
10
4
4
6
7
4
4
11
8
5
5
2
4
6
9
12
5
5
6
4
13
3
3
6
8
7
11
10
7
10
4
2
8
4
9
9
4
5
4
5
6
12
9
6
7
4
6
4
4
6
5
3
10
3
3
5
5
5
3
6
3
6
8
6
4
9
4
8
5
6
4
5
4
3
4
8
7
1
6
10
6
4
7
8
6
7
1
9
2
6
2
7
4
1
7
7
3
4
5
3
10
5
5
6
6
7
10
5
5
5
4
2
6
4
4
6
9
3
4
5
3
5
3
6
6
6
3
8
2
6
4
5
6
4
5
4
10
2
2
2
5
4
8
6
2
5
3
3
2
4
4
1
7
3
3
6
3
7
5
5
3
3
3
1
3
1
5
5
8
2
6
5
4
0
4
3
6
3
6
3
4
4
2
2
3
0
2
4
2
5
9
2
6
6
4
3
2
7
3
2
7
6
4
2
7
5
3
2
3
2
2
3
4
8
1
3
2
4
1
2
2
2
7
5
3
5
4
8
4
5
0
2
6
0
0
4
8
3
5
3
2
4
6
1
0
2
2
3
6
1
5
6
0
2
5
3
2
2
3
3
2
4
0
2
3
4
1
2
4
4
1
5
4
3
1
5
1
4
2
6
2
7
1
2
3
1
1
3
5
1
2
3
2
1
3
3
1
3
4
1
0
2
1
2
3
6
2
5
1
2
2
2
1
3
1
3
2
1
2
4
3
4
3
1
3
5
5
4
1
1
4
6
2
2
2
2
1
1
3
2
2
2
1
2
1
2
2
0
2
2
1
0
1
2
1
2
0
1
1
5
1
2
0
1
1
1
0
0
2
1
1
1
4
1
0
2
0
1
2
2
4
2
1
4
2
0
5
2
2
3
1
2
1
0
5
4
2
5
2
3
3
0
1
3
4
0
2
0
1
0
0
2
0
3
2
4
3
3
0
3
0
2
2
0
1
2
2
1
1
2
1
3
4
0
3
1
1
1
3
1
1
2
1
1
2
2
2
1
1
1
0
0
0
1
4
1
0
5
1
1
0
1
1
1
1
1
1
0
0
0
1
3
4
2
1
3
2
0
0
2
1
1
3
4
3
1
2
2
1
2
2
3
1
1
2
0
2
2
0
0
1
1
3
1
0
2
1
1
1
0
0
0
3
2
2
2
2
4
3
0
1
3
0
2
2
0
0
1
1
0
1
0
1
2
0
0
1
1
1
2
0
1
0
0
2
2
0
0
1
1
2
1
0
1
2
3
1
1
0
2
1
0
3
2
0
0
1
0
1
0
0
0
1
2
1
2
2
0
3
0
1
3
1
1
0
1
1
3
1
0
1
0
0
1
1
0
1
2
2
0
1
0
0
1
1
0
0
3
0
0
1
2
1
0
1
1
2
2
1
2
2
1
1
1
1
1
1
2
0
2
3
0
0
1
0
2
0
1
2
0
0
2
1
4
2
1
1
0
2
0
3
1
1
0
2
0
2
0
0
0
0
1
1
0
1
0
0
0
0
1
0
1
2
0
0
1
1
0
0
0
0
3
0
0
0
0
1
2
1
0
1
1
0
1
1
0
0
0
1
0
2
1
0
2
1
1
2
0
0
1
3
0
0
3
0
2
2
0
0
0
1
1
0
1
2
3
1
1
0
1
0
1
0
0
2
0
0
0
0
1
0
0
2
0
0
0
0
2
2
0
0
0
0
0
2
1
1
0
1
0
0
0
2
0
1
0
2
0
0
0
0
0
0
0
2
0
0
0
0
2
0
1
0
1
0
0
2
1
0
1
0
0
0
2
0
0
1
0
0
0
0
0
2
1
1
1
1
0
2
0
0
1
1
2
0
2
1
0
0
0
0
1
1
2
0
2
1
0
0
0
0
0
0
0
0
0
0
0
0
2
1
0
0
0
0
1
3
1
0
0
1
0
0
0
0
2
0
1
0
2
0
0
0
0
0
0
0
0
1
2
0
0
0
0
0
1
1
0
0
0
0
1
1
1
0
1
1
0
0
0
0
0
0
1
0
0
0
0
1
0
1
0
0
1
1
0
1
0
0
0
0
1
2
0
0
1
0
0
0
0
0
0
1
0
0
2
0
1
0
0
0
0
0
0
0
1
0
0
0
0
0
0
0
0
0
0
2
0
1
0
0
0
0
1
0
0
1
0
0
0
3
0
0
0
0
0
0
0
0
0
0
2
1
0
0
0
1
0
0
0
0
0
0
1
0
1
0
1
0
0
1
0
1
0
1
0
0
0
0
0
0
0
0
0
