0
0
0
0
0
0
0
0
0
0
0
0
0
0
0
0
0
0
0
0
0
0
0
0
0
0
0
0
0
0
0
0
0
0
0
0
0
0
0
0
0
0
0
0
0
0
0
0
0
0
0
0
0
0
0
0
0
0
0
0
0
0
0
0
0
2
0
0
0
0
0
2
4
2
1
5
2
1
3
7
5
5
17
48
148
351
931
2316
4980
9582
16996
27649
40963
54293
65947
72888
73022
66480
55545
41543
27986
17191
9759
4996
2345
991
369
172
44
16
4
2
3
1
0
1
0
0
0
3
1
0
1
1
0
1
0
1
1
0
0
8
82
71
71
74
71
64
62
69
70
72
62
74
52
60
70
55
43
60
54
57
61
63
60
57
48
62
54
46
57
65
61
57
65
45
42
48
55
43
41
44
51
45
52
51
48
48
63
61
55
49
58
44
53
51
67
49
46
47
45
59
64
69
52
61
45
46
48
73
63
82
79
73
81
99
106
96
107
108
112
88
74
63
61
62
53
57
56
51
45
63
49
57
52
49
60
61
69
45
48
54
55
75
58
58
81
78
64
79
87
84
105
117
122
110
123
150
156
174
143
162
165
177
240
241
314
458
681
1206
2153
3436
5504
8230
11590
15938
20548
25189
29072
32514
33654
33078
30704
27060
22795
18487
14125
10605
7604
5389
3794
2757
1987
1425
1048
782
574
409
269
232
231
195
243
290
318
359
427
411
404
453
405
359
294
223
158
140
107
81
61
46
49
40
38
33
25
20
26
15
7
14
16
14
14
11
9
12
14
14
12
12
3
14
16
6
11
11
6
10
12
9
4
10
11
12
10
12
9
11
10
4
10
14
13
9
9
7
15
11
13
15
14
21
27
30
17
30
30
32
29
23
20
14
16
16
13
27
16
32
23
19
19
19
25
20
14
19
25
20
19
29
11
14
14
12
15
21
14
11
18
7
7
7
11
5
7
6
7
12
4
8
7
6
9
10
4
7
9
6
5
7
5
2
8
11
5
4
7
9
8
10
9
14
9
11
14
12
20
13
24
20
23
22
40
21
20
30
30
29
30
14
14
13
9
19
8
13
13
13
12
14
11
18
14
10
14
20
21
16
11
12
13
8
8
10
4
10
5
10
6
6
1
12
5
8
9
8
7
5
6
7
7
10
8
6
4
9
7
5
11
6
9
2
6
4
3
5
6
5
5
4
6
5
5
7
3
3
7
6
12
3
8
5
11
4
8
9
7
5
8
4
10
3
6
5
5
6
4
8
6
3
8
3
4
8
5
7
7
9
10
3
4
10
4
7
9
7
11
7
3
7
7
7
6
5
5
5
8
8
9
11
5
10
7
8
9
12
7
8
4
13
3
8
4
9
1
13
9
8
7
13
9
11
15
8
9
12
7
7
6
6
9
7
9
8
8
16
8
6
13
7
13
7
8
11
4
5
6
12
9
10
6
4
14
6
12
9
9
9
11
9
12
8
9
9
8
7
10
19
13
16
10
7
11
11
12
9
7
25
6
15
16
11
15
14
10
19
14
8
19
16
11
13
15
8
11
16
13
11
9
19
15
22
18
10
17
13
17
15
10
19
20
13
19
15
19
19
21
19
16
17
12
19
16
12
26
8
12
12
14
20
24
18
12
16
18
14
23
18
23
24
19
21
16
20
14
22
22
16
16
21
29
20
20
21
21
33
24
23
24
30
31
28
29
20
21
23
23
26
25
20
19
36
27
24
23
27
25
29
26
28
26
22
43
28
28
34
23
31
33
32
18
29
33
25
33
30
38
46
38
33
48
42
33
23
33
34
43
37
30
37
33
33
44
44
43
32
34
44
46
33
39
54
57
32
46
39
56
48
31
55
37
43
58
66
49
43
52
53
45
56
61
57
55
52
60
54
67
37
56
64
58
56
64
76
74
56
64
58
76
59
70
69
73
76
73
95
92
97
88
96
102
100
77
103
90
88
80
80
91
84
84
100
90
84
74
69
73
75
98
72
88
76
81
59
79
77
90
78
70
82
69
76
88
90
76
73
80
82
60
72
77
73
73
72
70
71
75
75
75
77
74
63
70
75
53
68
86
83
91
76
76
69
77
79
78
68
81
57
70
61
67
85
69
89
73
67
67
78
72
72
68
70
87
79
75
78
66
80
84
53
81
60
72
62
68
72
66
58
60
76
67
86
57
76
79
79
73
68
69
73
69
75
68
75
71
79
87
77
82
65
83
88
61
87
84
81
78
73
84
77
71
83
87
69
64
72
68
70
78
75
73
80
75
101
68
79
81
74
61
66
77
85
88
69
88
94
91
88
93
91
103
103
94
129
157
176
195
221
274
321
362
417
481
541
587
668
703
785
857
805
776
838
828
862
716
691
617
611
535
450
390
347
306
252
214
183
177
147
122
120
100
126
114
107
107
109
92
109
97
103
92
88
97
100
94
93
104
112
82
84
90
99
101
102
74
96
92
89
99
113
119
102
116
105
111
104
88
90
89
130
119
113
113
85
113
110
119
103
102
111
117
112
137
124
104
149
121
120
123
123
106
102
134
130
110
123
147
147
153
140
184
165
197
175
173
182
219
200
211
228
226
216
269
205
267
220
211
207
186
211
188
195
170
176
161
190
181
161
150
148
176
172
125
153
170
171
156
175
141
168
179
169
146
165
183
183
169
194
177
137
175
191
147
169
169
184
181
185
183
180
169
181
173
191
205
190
214
220
181
174
216
208
208
200
198
200
192
213
223
225
202
221
221
223
236
232
224
227
246
224
243
260
237
269
245
219
274
286
274
276
259
270
284
266
273
300
282
263
272
315
275
335
296
294
303
300
327
312
293
261
284
295
268
295
266
310
284
283
303
277
265
273
296
322
278
280
309
284
255
292
259
278
277
325
292
269
260
285
264
278
268
291
278
252
232
276
281
245
239
250
257
253
227
262
268
228
261
254
245
214
233
261
237
250
264
248
249
262
259
226
261
223
234
247
245
251
229
232
257
265
243
258
240
237
238
240
268
224
246
244
262
253
252
245
238
254
235
236
279
242
248
248
258
270
255
273
219
277
266
244
267
247
247
272
254
238
291
266
250
256
234
267
263
235
255
269
277
261
248
277
265
269
269
270
322
243
257
244
266
278
259
262
279
250
261
259
283
278
272
279
257
288
266
272
276
308
287
265
250
268
285
277
255
311
256
283
283
270
257
299
324
294
304
271
293
281
330
270
281
286
282
269
311
277
272
309
268
304
270
284
276
284
311
304
321
293
311
330
281
313
264
283
309
316
309
303
329
312
301
309
320
343
297
332
336
296
332
317
344
335
304
304
327
307
333
322
311
315
325
309
310
302
342
311
332
339
342
330
314
301
322
307
296
338
319
322
312
368
334
312
349
330
322
351
319
336
304
348
334
350
307
338
318
341
346
336
342
332
318
321
305
320
365
382
345
352
352
342
314
338
377
346
342
340
365
360
328
343
354
328
350
373
360
362
335
363
345
359
343
387
392
378
360
351
379
382
387
367
390
359
358
349
393
368
357
391
373
347
365
354
384
373
415
426
384
392
386
365
379
376
372
396
353
341
358
372
373
377
407
366
392
357
400
357
423
385
398
402
395
401
380
385
381
418
401
386
410
394
409
377
387
354
395
403
400
407
387
370
377
414
370
399
394
377
385
335
367
381
399
378
368
380
348
370
434
397
366
367
386
426
396
372
354
378
372
362
384
354
348
365
357
372
334
372
369
355
342
342
357
342
319
351
345
356
336
372
354
349
403
334
341
380
348
327
357
323
346
371
351
402
333
372
326
343
314
350
334
330
323
311
358
326
357
357
333
353
302
335
353
334
337
344
330
318
346
339
323
369
330
311
306
320
333
362
360
316
334
350
331
317
313
344
337
315
322
349
339
308
300
350
307
327
339
321
352
354
321
328
328
346
335
363
314
329
321
370
310
352
298
319
343
305
343
353
327
330
342
304
345
335
319
296
323
325
326
336
326
350
337
323
335
307
314
322
331
321
338
297
328
330
309
316
333
336
320
317
310
344
362
302
316
305
297
329
314
331
323
305
311
317
318
313
275
318
325
329
316
317
344
305
323
316
294
307
319
324
314
313
336
346
324
308
347
316
306
269
305
308
315
331
317
279
316
304
353
318
327
325
342
297
330
332
322
326
310
345
327
288
318
318
293
321
328
294
332
330
326
304
337
334
326
303
324
333
311
355
313
306
339
294
284
336
334
342
344
313
320
325
307
323
302
314
351
308
319
299
323
337
335
318
347
294
326
322
336
325
349
369
349
365
348
379
336
321
307
392
355
361
380
355
364
413
386
386
370
428
370
344
387
392
376
371
351
373
362
376
381
371
426
446
404
368
415
487
446
448
446
440
413
442
449
458
445
443
455
473
459
443
425
473
475
462
510
495
529
533
567
532
542
541
572
597
535
613
566
568
620
665
615
695
689
706
754
743
786
791
810
829
838
897
886
909
958
954
969
1016
1059
1080
1108
1171
1183
1206
1263
1302
1385
1445
1366
1452
1504
1498
1495
1547
1491
1572
1673
1617
1719
1641
1674
1720
1780
1793
1748
1698
1726
1757
1786
1802
1771
1827
1770
1708
1808
1731
1767
1677
1676
1646
1634
1518
1556
1486
1462
1509
1412
1371
1263
1310
1332
1236
1136
1227
1142
1082
1054
1002
988
960
811
842
835
834
779
784
721
740
700
654
611
673
599
623
550
531
526
520
507
457
499
478
455
454
477
461
391
413
406
406
374
406
396
375
369
333
357
343
386
362
344
348
338
294
332
313
311
302
325
279
319
308
285
300
295
279
272
287
264
252
266
253
255
272
251
242
291
272
261
250
284
279
322
292
314
328
359
350
342
375
347
381
395
445
439
414
449
507
463
509
496
455
511
517
509
526
522
546
510
506
487
450
489
453
366
415
408
390
359
343
316
314
287
274
270
266
249
234
246
237
202
199
184
201
168
181
201
187
190
199
215
184
184
146
187
153
183
160
194
196
188
194
204
243
197
189
199
201
211
183
206
209
216
187
210
198
236
225
239
219
243
244
249
252
237
228
239
250
300
265
282
266
261
261
269
308
289
268
275
296
266
315
304
334
299
305
288
310
280
285
325
310
319
308
299
319
294
279
287
276
301
283
271
289
262
270
271
277
244
261
260
270
260
233
265
203
235
250
237
220
243
200
210
205
192
190
209
185
186
199
163
193
152
167
196
165
155
133
160
150
132
156
148
154
122
149
132
119
104
115
130
118
122
114
93
103
109
108
109
105
104
102
99
83
98
116
106
108
99
89
98
87
97
83
92
105
84
80
90
71
91
80
72
77
80
87
95
90
58
66
80
76
70
65
57
70
70
72
76
73
86
87
72
72
55
56
71
57
65
60
66
61
74
75
51
73
73
83
62
58
64
53
64
45
67
67
71
66
60
64
66
54
69
67
72
86
84
62
55
91
79
85
84
74
77
80
74
88
90
82
90
81
87
90
79
85
75
64
72
69
68
71
60
71
70
56
51
60
44
36
54
35
61
53
50
49
48
55
65
54
47
57
59
39
46
48
25
56
54
49
40
51
56
44
47
59
50
51
45
35
56
50
51
41
35
39
41
57
38
39
49
43
41
42
41
53
51
46
28
39
45
30
54
43
39
51
35
38
31
32
35
45
33
29
37
27
32
27
38
40
42
27
36
35
33
37
32
31
39
37
44
38
33
34
33
31
31
37
31
38
40
35
27
24
35
40
32
50
40
34
40
35
27
31
27
32
34
40
29
31
26
29
37
33
33
34
33
24
33
36
29
25
28
31
32
35
30
30
24
40
25
44
40
26
25
35
46
26
30
21
41
33
26
27
26
36
35
29
32
38
32
27
25
38
24
35
29
30
36
32
29
30
21
27
21
25
20
37
28
25
29
26
33
24
23
33
23
26
29
31
35
31
25
29
21
38
36
24
17
37
26
31
27
11
32
31
26
26
31
24
24
19
21
41
20
32
13
27
26
25
20
29
25
25
26
28
26
28
30
26
27
25
18
26
20
22
21
26
26
17
25
18
14
35
19
23
23
21
26
22
26
23
29
21
15
27
21
25
25
29
13
28
23
19
16
34
30
27
20
15
28
17
31
21
18
25
14
30
18
17
22
23
19
20
15
16
17
18
24
20
26
20
20
23
21
25
15
17
15
28
21
14
16
20
26
20
17
12
23
15
20
24
18
27
18
27
21
16
14
16
22
23
24
19
21
12
13
16
21
20
18
17
17
20
22
12
19
28
13
14
22
19
19
15
15
12
17
16
18
25
14
15
16
14
18
14
14
13
16
13
17
18
16
17
19
18
17
15
12
12
19
21
8
20
19
15
15
17
12
16
13
10
21
11
13
14
17
20
20
15
18
22
12
17
18
19
13
24
16
13
12
11
14
20
14
19
8
11
11
16
17
19
8
11
10
17
17
12
15
19
14
9
11
14
13
10
15
15
10
10
14
13
16
11
10
15
9
15
17
14
10
8
9
8
11
13
11
16
12
10
12
13
9
15
16
13
12
13
8
10
16
17
9
11
12
12
10
16
12
12
9
19
13
8
10
14
14
12
11
9
15
14
9
13
11
15
11
20
13
9
14
17
10
14
13
13
14
7
13
8
7
7
8
14
13
6
13
6
12
4
7
10
11
15
16
9
9
15
13
18
12
14
21
5
9
4
10
6
11
9
12
8
10
8
5
10
16
9
13
6
11
8
8
7
11
6
9
7
11
5
13
14
13
9
10
9
12
10
9
10
6
2
6
12
9
11
9
7
7
9
8
10
8
3
11
13
11
4
7
10
11
8
6
8
9
6
7
10
9
5
10
6
5
5
7
9
11
9
10
7
5
6
8
10
6
10
5
7
3
6
5
6
8
13
5
8
7
11
7
8
4
11
6
9
4
3
8
8
5
7
6
5
9
7
6
8
8
8
9
8
9
7
7
8
8
7
10
10
11
6
9
10
1
6
8
5
5
8
4
5
9
5
3
4
4
3
5
10
3
4
10
6
5
9
3
3
10
9
12
9
7
8
10
8
5
6
5
11
5
2
6
8
7
7
6
7
1
8
8
3
2
7
7
7
5
5
5
9
5
6
9
8
3
7
5
6
9
7
5
1
3
10
6
7
5
4
9
3
7
11
2
2
7
2
8
2
4
3
11
6
4
6
1
6
7
4
8
4
7
3
4
4
4
4
5
7
8
5
2
7
4
3
6
2
7
1
4
6
1
6
8
8
6
5
3
5
5
6
11
7
3
8
3
4
5
5
2
1
3
4
3
7
5
9
4
1
2
7
6
7
5
5
2
5
5
6
4
5
5
5
1
5
6
0
4
5
7
6
5
4
3
4
3
5
4
2
5
11
3
3
3
2
7
6
4
4
5
5
5
0
2
3
7
5
6
1
1
1
1
1
1
5
6
3
1
4
4
2
5
5
3
3
1
5
2
5
6
3
6
6
2
5
4
4
7
5
3
6
5
3
2
4
3
4
3
5
1
2
4
1
2
0
2
2
3
3
6
7
2
1
4
8
6
6
7
1
4
2
2
4
2
8
3
1
2
4
2
3
3
5
3
5
3
1
3
4
1
2
2
0
6
3
2
4
5
2
4
2
2
2
0
1
0
1
2
2
2
2
5
4
2
0
3
3
2
4
1
3
3
2
1
4
3
3
4
2
3
3
2
6
0
3
2
5
2
2
0
2
4
5
4
4
3
3
3
3
3
2
3
4
1
0
2
5
2
3
4
5
1
2
2
2
2
1
3
4
1
3
3
1
1
1
4
2
2
5
0
2
2
0
2
2
5
4
2
3
1
4
2
3
1
0
1
1
1
1
2
0
1
1
3
4
1
1
1
3
3
0
2
3
5
3
0
1
2
2
5
4
0
2
3
1
5
5
1
0
1
0
2
4
0
1
0
2
2
0
6
1
0
2
2
3
3
0
2
2
3
0
4
0
2
2
3
1
3
0
5
3
3
2
4
2
1
3
3
1
2
3
1
1
0
1
3
2
2
0
1
0
3
3
2
0
3
3
2
0
1
1
0
2
1
1
1
2
2
0
0
1
1
1
1
0
1
5
5
2
1
2
2
3
3
0
4
1
1
1
0
1
3
2
2
1
0
1
3
1
1
1
1
0
1
4
4
2
2
0
1
2
3
0
0
0
0
1
2
3
0
0
0
1
0
0
4
1
0
0
1
5
2
1
1
2
0
1
3
0
2
4
2
1
2
0
0
1
6
1
1
1
0
0
1
0
0
0
0
2
1
1
1
1
1
2
0
2
0
1
1
0
2
3
0
3
1
1
0
1
1
2
1
0
3
2
0
3
1
2
2
2
0
0
0
0
2
3
0
2
3
1
0
0
0
2
1
3
0
3
1
0
0
0
1
0
2
2
1
1
1
0
0
1
1
0
2
1
1
0
1
0
0
2
0
2
5
0
0
1
0
2
1
2
0
2
1
2
1
1
0
1
0
1
0
0
0
0
1
0
1
1
2
2
2
1
1
1
0
0
0
0
0
2
1
2
0
0
0
0
0
0
2
2
0
1
0
0
0
1
1
0
0
1
2
1
0
1
2
3
0
1
2
1
0
0
1
1
0
1
1
2
1
0
0
0
2
0
0
1
2
0
0
0
0
0
1
0
0
1
0
1
2
1
0
1
0
2
0
0
0
2
1
0
0
1
0
0
1
0
0
0
1
2
2
0
1
1
1
0
0
1
1
0
0
0
0
0
0
2
1
0
0
1
0
0
0
0
0
1
0
0
2
1
0
1
1
2
1
1
2
1
0
2
1
0
0
2
0
1
2
1
0
0
1
0
1
1
0
2
1
0
0
0
0
0
1
1
1
1
1
0
1
0
3
0
1
1
1
1
0
2
2
2
0
0
1
2
0
0
1
0
2
2
0
0
0
3
2
0
1
0
0
0
0
1
0
0
3
1
0
1
0
1
0
1
0
0
0
0
0
0
0
0
0
0
3
2
0
0
0
0
0
0
0
0
0
0
0
0
1
0
0
1
1
1
1
1
1
1
0
2
0
0
0
0
0
0
0
0
1
1
0
0
1
0
1
0
0
2
0
0
0
0
0
0
1
0
1
0
0
0
0
1
0
0
0
0
1
1
0
0
0
0
0
0
0
0
1
0
0
0
0
1
1
0
0
0
0
0
0
1
0
0
0
0
0
1
0
2
0
0
0
0
0
0
0
1
0
0
0
1
1
1
0
0
0
1
0
0
1
0
0
0
0
1
0
0
0
1
0
1
0
1
0
0
1
0
0
0
0
0
2
0
0
1
0
0
1
1
0
0
0
0
1
0
0
0
2
1
1
1
0
0
0
0
0
1
0
1
0
0
1
0
0
0
1
0
2
0
0
0
