0
0
0
0
0
0
0
0
0
0
0
0
0
0
0
0
0
0
0
0
0
0
0
0
0
0
0
0
0
0
0
0
0
0
0
0
0
0
0
0
0
0
0
0
0
0
0
0
0
0
0
0
0
0
0
0
0
0
0
0
0
0
0
0
0
0
0
0
0
1
0
0
6
3
0
3
1
1
5
5
6
7
12
37
126
344
962
2241
4861
9645
16938
27527
40633
54571
66273
73037
73019
66678
54787
41245
28417
17272
10009
5184
2429
1007
399
128
55
7
3
6
5
1
1
3
0
1
0
0
0
0
0
1
0
0
0
1
0
0
0
6
73
43
65
56
54
53
61
44
55
45
44
63
47
37
56
61
48
43
48
54
55
39
50
38
43
50
46
53
35
47
34
50
43
45
46
51
29
35
46
46
36
32
33
45
46
43
41
45
41
43
37
49
52
60
43
42
55
44
33
40
55
50
56
41
49
42
48
44
61
79
61
91
84
108
94
105
118
94
80
105
75
71
67
42
40
55
59
58
50
55
48
38
48
55
36
52
64
53
60
57
50
68
61
59
72
77
78
89
80
79
98
106
116
131
136
131
130
153
137
145
195
173
211
266
308
448
740
1266
2167
3446
5502
8113
11919
16342
20772
25233
29600
32514
33691
33143
30906
27513
22806
18728
14417
10680
7639
5328
3777
2873
2001
1486
1112
769
548
388
284
216
214
214
253
262
341
362
437
445
458
419
395
342
268
214
187
99
100
78
67
53
50
31
33
43
33
28
18
19
25
12
14
6
16
6
17
12
9
5
9
9
13
6
10
13
5
15
10
5
11
6
7
14
4
7
7
9
10
4
12
9
8
5
13
10
10
11
12
10
11
21
23
24
25
33
29
24
25
32
35
20
28
26
27
24
22
18
18
27
13
22
17
21
25
19
20
19
14
14
16
19
17
20
18
21
21
15
9
11
19
9
7
14
6
7
12
5
2
4
8
7
5
8
6
10
5
4
4
8
6
4
6
9
10
7
3
10
5
4
7
8
5
13
5
9
11
15
15
19
14
18
18
24
28
20
39
30
33
28
26
19
18
10
12
12
8
16
9
11
11
7
10
6
8
11
14
15
15
7
8
14
12
10
13
6
14
9
5
7
3
7
5
4
12
9
7
8
3
4
3
12
4
7
3
7
9
7
3
9
9
7
9
6
7
9
1
5
6
8
6
6
2
4
4
8
5
12
4
7
4
8
7
4
6
7
5
9
10
4
6
7
4
3
5
8
7
3
9
3
10
8
4
7
8
2
9
1
7
3
6
5
4
8
8
8
5
9
12
8
10
8
7
4
3
6
9
5
4
10
11
6
13
8
7
7
3
9
8
7
9
11
9
11
7
8
9
7
9
7
14
5
10
9
11
6
7
8
11
5
9
7
12
7
8
9
12
11
11
8
9
8
10
4
13
7
7
13
10
10
11
10
8
8
13
6
7
6
12
14
15
8
10
12
4
3
8
7
12
12
9
13
10
14
12
3
9
12
5
12
13
10
14
8
18
17
16
10
15
14
17
22
6
15
14
13
14
14
5
17
17
19
7
11
12
10
17
16
11
17
22
17
22
16
14
21
10
15
11
21
22
24
29
16
13
20
20
19
13
18
11
19
14
12
16
17
20
16
20
16
10
16
14
20
18
31
27
22
15
18
18
22
14
12
26
23
19
25
21
30
20
23
25
22
26
18
25
30
26
27
28
24
29
31
28
22
29
27
18
25
30
24
29
30
34
29
29
27
32
32
20
28
24
27
40
34
30
41
28
31
38
23
30
33
19
26
28
40
37
39
36
36
47
37
44
42
34
31
33
34
36
34
36
48
35
55
51
48
50
45
54
45
46
56
34
43
53
46
55
51
43
52
48
56
52
43
55
64
56
55
74
65
60
63
62
69
72
64
78
64
70
69
59
67
88
65
73
70
81
104
79
78
94
95
89
85
78
100
89
92
88
79
80
82
103
83
97
73
81
79
81
68
79
77
89
82
72
73
70
69
63
73
86
83
83
75
78
77
81
63
84
79
79
91
72
55
85
69
74
65
63
66
73
62
83
72
53
56
77
83
67
72
77
61
68
65
82
64
80
69
80
81
77
66
81
57
59
70
64
70
64
75
76
65
81
69
90
78
74
75
81
76
78
84
71
72
66
60
77
68
68
67
58
62
108
78
62
77
76
77
73
69
68
63
64
71
67
73
63
67
65
82
48
73
74
80
78
80
71
76
73
87
61
84
73
69
84
84
62
64
81
70
62
74
76
96
73
62
77
68
66
76
90
76
83
77
87
95
78
80
86
94
111
122
131
128
139
181
202
213
297
305
419
467
431
598
641
640
698
748
788
856
878
830
765
833
783
697
641
578
463
416
408
312
282
252
233
180
173
156
123
123
110
105
92
107
102
71
86
88
117
93
89
103
111
95
102
102
88
116
99
86
103
95
103
93
111
105
121
100
120
92
123
98
112
116
94
122
89
93
100
111
110
119
98
110
95
123
114
87
129
129
105
108
110
113
119
102
109
113
104
126
102
119
111
113
140
123
115
148
140
165
138
159
142
166
164
196
193
199
171
221
219
223
207
242
238
206
217
225
208
179
173
168
167
162
162
143
171
156
153
137
150
141
146
141
126
164
129
143
166
159
157
144
134
175
138
172
154
146
157
126
165
157
142
184
156
183
172
162
184
162
162
207
173
173
177
182
209
178
182
191
214
169
176
169
194
203
185
196
205
196
193
205
211
208
199
197
200
191
198
238
205
242
246
216
238
228
243
220
236
284
237
226
257
240
264
244
247
276
226
242
254
255
264
262
261
268
278
253
284
284
301
267
275
242
281
243
282
266
232
258
260
255
257
271
264
236
262
274
245
265
231
248
239
273
222
244
231
238
228
217
232
238
233
208
246
221
212
238
194
213
250
224
204
238
180
208
180
218
191
213
203
192
186
210
184
213
195
194
171
207
171
199
171
223
228
205
205
174
212
190
178
196
205
200
201
218
202
189
191
203
200
190
208
201
198
182
198
206
206
192
202
183
177
194
194
213
208
211
198
179
204
207
192
223
186
172
203
219
203
201
196
191
228
188
219
209
200
190
189
185
210
180
193
210
222
211
192
225
198
216
201
192
212
208
217
202
202
207
233
204
202
227
223
219
208
195
189
219
208
221
212
237
206
243
212
219
190
204
228
220
221
206
237
229
228
200
216
215
212
211
220
211
196
230
256
229
202
214
258
222
251
237
212
218
217
241
237
237
234
238
241
241
215
240
267
219
229
239
233
206
229
230
221
247
220
237
249
279
246
227
238
261
249
258
231
219
251
222
231
232
227
225
216
230
234
243
231
233
251
240
271
262
249
247
246
213
222
264
256
253
243
219
254
231
240
239
261
255
247
274
248
249
259
269
270
269
265
257
266
258
269
236
290
256
249
257
246
233
229
262
254
258
241
270
277
275
227
297
249
288
279
278
246
263
258
270
272
266
257
266
283
237
276
283
267
284
307
257
264
268
304
275
284
303
322
313
290
287
284
308
269
297
280
308
306
276
282
343
268
284
319
272
330
306
283
288
307
283
278
316
286
299
300
312
292
334
284
277
334
294
307
313
316
301
306
296
327
311
280
323
328
339
308
321
292
294
313
289
311
313
306
283
324
284
343
293
320
319
275
258
315
305
274
290
297
275
308
311
290
260
312
312
316
320
272
270
296
280
321
286
330
280
322
281
266
291
294
276
274
271
251
250
278
281
285
259
286
276
297
272
269
248
307
312
265
275
272
272
257
293
259
269
253
245
263
257
262
254
264
232
255
287
276
283
273
267
262
238
287
262
277
250
248
242
279
246
243
257
231
247
293
279
255
253
242
272
264
255
254
281
270
247
248
243
270
262
242
264
267
252
254
284
240
270
266
251
245
251
261
268
238
273
267
270
227
231
264
250
241
260
263
262
282
218
230
266
258
258
263
280
289
253
253
233
238
280
261
240
232
243
228
258
251
259
240
257
264
242
264
237
275
249
254
245
234
259
240
289
223
239
231
266
248
263
250
274
290
248
237
279
245
246
238
267
253
234
255
248
254
242
255
266
249
257
249
259
265
238
265
262
242
251
250
266
263
233
286
258
269
252
248
235
284
245
278
238
253
236
252
218
259
255
270
267
247
244
267
249
283
265
267
246
239
245
262
246
255
278
264
248
249
270
277
266
270
259
292
247
233
264
243
232
282
235
235
271
264
279
255
267
282
248
248
263
253
275
271
270
313
287
289
270
287
281
257
304
323
280
263
304
264
312
288
285
269
287
325
282
289
326
313
321
287
320
312
324
290
321
327
306
320
338
331
306
356
314
295
339
317
325
333
346
332
354
357
378
337
402
364
393
377
347
363
365
389
389
400
404
399
356
374
379
402
383
406
410
447
444
504
429
463
443
464
480
471
511
528
531
540
532
565
624
574
609
653
582
641
654
712
741
685
759
791
772
824
888
848
954
956
915
988
991
1071
1052
1087
1184
1176
1200
1245
1265
1214
1332
1287
1416
1313
1411
1376
1392
1400
1496
1526
1424
1431
1444
1455
1456
1535
1492
1482
1553
1458
1499
1518
1449
1523
1454
1429
1400
1406
1410
1289
1309
1255
1277
1174
1191
1178
1124
1149
1069
1045
1083
982
970
870
869
854
833
759
785
739
727
667
675
647
576
601
580
561
587
511
478
518
468
459
442
461
413
439
393
398
384
355
335
419
380
334
355
310
350
338
311
347
292
302
285
272
306
286
284
320
285
267
263
261
273
244
244
279
218
246
240
236
266
234
233
240
210
220
233
231
218
222
237
225
263
236
236
271
241
264
241
266
291
270
285
344
303
346
355
348
386
384
392
443
392
361
420
448
458
434
466
438
442
481
434
425
454
448
422
408
425
409
374
338
336
297
315
270
261
272
252
219
200
193
220
185
193
173
184
162
160
150
189
173
148
152
161
171
162
183
129
175
171
162
159
167
185
171
175
161
173
184
175
183
174
164
188
184
193
174
189
215
228
193
189
201
210
214
209
223
218
209
216
212
226
224
221
228
219
239
223
247
251
263
240
271
264
262
251
232
269
268
246
261
246
249
272
266
251
262
261
278
263
261
272
263
253
249
256
235
251
268
228
243
238
238
212
255
210
204
189
204
221
202
192
187
215
223
215
202
182
151
180
191
162
171
137
148
154
149
143
146
134
149
133
154
127
126
118
125
126
122
126
126
122
125
106
107
98
102
94
98
100
100
83
99
104
116
99
85
85
101
82
89
89
82
100
71
81
77
82
78
83
98
80
77
76
73
70
62
70
69
65
72
73
66
79
60
64
69
67
79
69
65
59
66
71
63
74
72
71
67
67
57
57
68
64
60
61
74
57
70
57
54
48
54
54
54
52
44
57
59
70
46
62
65
61
58
67
62
60
68
74
74
77
61
74
84
79
72
68
74
83
71
71
77
89
67
72
75
86
77
69
65
77
74
69
66
71
72
49
56
46
44
34
76
46
47
53
52
47
48
50
49
42
46
47
46
47
58
52
49
51
45
40
35
44
46
46
38
45
41
43
36
42
48
49
47
35
48
51
44
49
41
44
34
40
34
37
33
29
37
34
32
37
40
41
44
44
43
46
31
41
30
31
42
36
34
41
34
40
33
32
33
37
25
30
29
22
25
29
38
41
34
36
36
29
44
28
27
50
40
31
36
43
28
47
32
28
31
30
30
35
28
39
35
34
29
26
30
31
25
37
31
39
37
19
29
31
28
21
29
35
31
25
34
38
25
32
33
35
30
30
29
31
27
34
24
42
29
28
22
36
20
26
15
37
25
32
32
34
31
30
32
32
17
25
39
35
21
22
23
23
22
29
29
19
21
32
33
32
23
26
21
28
24
28
23
34
23
14
16
32
19
17
31
20
27
23
26
12
24
25
27
27
24
24
22
20
31
24
20
24
27
17
17
20
30
20
16
26
24
22
27
21
20
25
23
27
17
28
15
25
26
23
30
23
22
18
26
21
21
29
30
24
26
18
26
28
19
22
25
26
21
18
31
25
21
14
21
21
20
21
27
22
19
31
17
20
23
23
14
24
17
23
15
18
33
17
18
16
22
18
19
21
21
24
25
11
20
14
17
22
21
20
24
19
17
16
17
21
25
19
19
17
18
15
19
23
11
16
16
23
16
17
15
24
18
20
18
21
24
13
16
12
23
24
16
18
13
21
21
19
21
17
18
14
14
18
20
18
14
16
22
24
20
11
18
17
21
19
15
7
15
18
13
20
10
19
16
19
24
25
11
21
17
14
10
12
13
12
15
20
12
21
13
16
14
19
13
18
14
16
15
15
15
20
18
17
20
18
21
15
15
11
20
10
11
19
17
13
17
11
16
15
24
17
14
16
18
15
11
20
18
14
14
12
13
19
15
9
9
15
11
14
7
16
16
14
9
6
15
15
11
11
13
13
14
17
16
15
10
9
14
11
12
12
11
10
5
13
8
14
17
15
8
14
14
11
15
16
8
13
7
9
7
6
8
13
14
5
19
8
13
13
11
7
10
5
12
10
10
15
5
8
8
9
8
7
10
13
15
6
14
8
9
4
16
21
8
9
11
7
9
14
11
20
11
9
6
6
12
7
8
12
11
9
11
13
11
12
12
12
9
7
9
15
12
5
10
6
10
13
8
7
11
11
10
12
7
7
16
12
11
12
7
15
6
9
9
13
10
12
9
6
5
6
9
13
8
11
10
10
7
8
8
11
13
5
6
9
9
6
17
7
9
7
10
8
8
17
7
9
11
8
5
9
11
10
9
3
7
6
9
9
3
6
6
6
7
4
13
10
9
10
8
12
6
13
5
4
11
8
2
4
2
9
8
14
10
5
9
11
8
11
8
6
7
5
13
9
7
6
6
3
9
4
5
4
9
9
5
4
6
5
9
7
5
7
12
7
9
8
5
7
5
5
6
6
8
5
4
10
6
4
8
4
6
7
7
8
8
7
6
5
5
6
3
5
6
3
3
7
3
5
9
8
7
6
6
10
3
8
6
8
6
5
11
6
5
2
8
4
5
5
2
5
10
4
1
6
2
6
9
8
3
5
5
6
11
2
6
9
7
3
6
9
5
8
0
5
5
6
14
4
10
5
3
4
5
6
7
6
6
4
6
2
7
5
3
4
7
4
3
4
6
6
4
4
7
4
5
5
7
5
3
8
3
7
5
13
5
4
2
3
3
4
8
6
5
7
7
1
11
3
5
4
4
4
1
8
8
3
4
7
2
5
3
6
5
3
3
5
7
4
4
2
4
7
4
1
3
6
4
5
4
5
6
5
3
6
1
2
3
7
4
3
4
9
2
4
6
3
5
6
3
4
4
7
2
8
2
3
0
6
6
4
3
4
5
6
6
2
5
3
2
2
3
8
6
6
6
1
4
4
2
4
3
1
0
3
5
4
1
2
6
2
4
4
2
6
3
4
1
4
2
0
3
2
3
5
3
4
4
2
5
3
2
2
3
3
4
6
5
7
5
3
3
4
3
3
2
3
6
4
2
6
2
1
4
1
4
4
1
0
5
5
3
5
0
4
2
3
3
7
2
4
4
3
4
1
3
3
1
4
1
3
1
3
1
5
0
4
3
3
2
1
3
0
1
2
5
3
2
2
2
1
1
5
2
5
1
1
5
4
5
2
4
2
3
0
1
0
2
4
3
5
3
0
6
5
0
5
7
7
3
1
2
2
1
1
3
1
5
4
1
4
3
3
3
3
2
0
2
0
1
3
3
2
2
2
4
2
2
1
4
1
3
1
0
3
2
0
1
2
3
0
3
2
2
0
5
3
3
3
1
1
3
0
2
2
2
2
3
1
2
1
3
2
2
5
4
7
3
5
2
5
0
2
3
2
1
1
2
3
4
1
1
4
1
0
6
3
3
2
2
0
1
3
1
1
4
2
2
3
2
0
1
3
2
0
0
1
1
1
0
1
1
0
2
0
2
1
3
0
1
1
2
2
1
2
2
1
0
2
0
3
2
3
0
2
3
0
0
3
2
2
1
1
2
1
3
0
2
0
0
2
2
1
3
0
1
1
2
2
0
1
0
3
1
1
1
2
2
0
4
0
1
0
1
1
2
1
3
1
1
0
2
2
1
0
2
1
0
1
0
6
2
1
0
2
1
2
0
0
1
1
1
2
1
2
0
3
1
2
0
0
1
0
1
1
1
1
2
2
1
0
0
1
1
1
1
0
1
1
0
4
0
0
2
1
1
3
1
3
0
0
2
1
0
0
3
2
2
1
2
0
3
1
1
0
1
0
0
2
0
2
1
1
5
1
0
0
1
0
1
0
0
1
3
1
1
2
0
4
0
1
0
0
0
1
0
1
0
1
0
1
1
1
1
1
1
0
1
4
1
1
0
1
0
0
1
1
1
1
0
1
0
1
0
0
1
1
1
1
1
0
0
0
0
1
1
4
1
1
0
0
0
0
2
1
0
1
1
3
2
2
2
1
0
0
2
0
1
1
1
1
0
0
0
0
2
1
2
3
0
0
0
1
0
0
1
1
2
0
0
1
1
0
1
0
0
0
2
1
1
0
0
0
0
0
0
1
0
0
1
0
0
0
0
1
0
1
0
0
0
0
1
2
0
2
0
2
0
0
1
0
0
1
1
1
1
1
1
0
1
0
2
1
0
1
0
1
1
1
0
0
0
3
1
0
3
0
1
1
0
0
0
0
2
1
0
1
1
0
1
0
0
0
0
0
0
0
1
0
0
1
0
1
4
1
0
2
0
0
0
1
1
0
0
0
1
0
0
0
0
0
0
3
1
0
1
0
0
0
2
1
0
1
0
0
0
1
1
0
0
1
0
0
1
0
0
1
0
0
0
0
0
1
1
0
0
1
0
1
0
3
0
1
1
0
1
0
1
1
0
0
0
0
1
0
2
1
0
0
0
0
0
1
0
0
0
0
3
0
1
0
1
1
0
0
1
0
1
0
0
0
3
2
1
1
0
0
0
0
1
1
1
3
0
0
0
0
0
1
0
0
3
0
0
1
1
0
0
0
0
1
0
1
0
1
5
0
0
1
1
0
0
0
0
1
0
0
1
0
0
0
1
0
2
0
1
1
0
0
0
0
0
0
0
0
0
0
2
0
0
1
0
0
0
0
0
0
1
0
0
0
1
0
1
0
0
0
0
0
0
0
1
0
0
0
0
0
0
0
0
1
0
0
1
0
0
0
0
1
0
1
0
0
0
1
0
1
0
0
0
0
0
0
0
1
0
2
0
2
0
0
0
1
0
1
2
0
0
0
0
1
1
0
0
0
0
0
0
0
0
0
0
0
0
0
1
0
0
0
0
0
0
1
0
1
0
0
0
0
