0
0
0
0
0
0
0
0
0
0
0
0
0
0
0
0
0
0
0
0
0
0
0
0
0
0
0
0
0
0
0
0
0
0
0
0
0
0
0
0
0
0
0
0
0
0
0
0
0
0
0
0
0
0
0
0
0
0
0
0
0
0
0
0
1
1
3
2
2
1
2
1
8
5
6
2
0
4
2
4
2
7
14
38
112
394
904
2264
4839
9495
17143
27187
40405
54870
66457
73013
73781
66240
54870
41352
28423
17310
9909
5042
2332
952
329
154
42
12
3
3
6
1
1
0
1
1
0
1
0
1
1
0
0
4
1
1
1
1
3
3
60
67
59
61
53
53
55
54
68
37
54
52
55
68
63
56
64
48
59
54
42
67
54
57
61
51
53
58
49
51
50
47
46
47
51
46
47
37
50
52
53
56
40
46
53
58
58
39
45
58
35
44
50
52
54
47
60
51
50
56
64
49
49
45
49
37
69
66
73
81
59
76
90
102
117
107
95
71
99
92
85
62
64
70
69
39
49
54
55
68
56
48
47
48
57
54
47
53
63
57
55
55
69
66
71
80
99
74
102
106
94
121
118
138
141
175
143
181
171
206
210
232
285
349
491
585
924
1455
2222
3687
5749
8434
12060
16692
21498
26077
30256
33735
34920
34553
32162
28487
24082
19465
14944
11267
7918
5657
4011
2851
2078
1553
1098
845
571
467
336
259
237
247
254
275
333
363
430
381
429
388
413
318
282
196
171
116
102
78
58
46
49
41
35
25
32
14
28
19
15
15
12
14
9
20
15
16
12
7
14
7
8
11
13
8
12
6
11
11
11
6
13
9
10
10
10
16
6
6
7
5
13
10
13
8
6
12
11
9
11
15
13
17
15
19
21
30
24
26
22
30
24
20
14
16
18
22
17
18
13
23
24
21
18
21
13
27
15
17
13
12
13
16
21
18
18
19
13
20
12
11
13
12
12
13
10
5
8
6
9
7
11
3
10
10
8
7
4
5
8
5
7
8
6
5
2
5
7
10
9
6
9
17
9
11
10
13
13
16
13
18
24
16
19
33
24
32
37
26
33
23
18
17
19
15
9
10
10
10
8
10
11
14
12
10
11
14
10
13
8
9
7
8
7
10
6
1
6
5
6
11
8
4
4
5
7
7
5
4
3
3
6
3
7
12
6
6
6
10
6
6
4
8
5
4
5
8
8
5
3
4
6
8
6
9
5
8
7
4
2
6
5
7
2
3
6
4
8
5
4
2
12
6
6
7
7
2
3
5
7
2
5
10
6
4
11
6
4
9
6
4
7
12
7
6
13
11
8
8
6
7
11
6
12
15
13
8
6
9
10
5
3
11
5
12
9
5
8
13
7
10
6
7
5
8
8
7
9
9
9
11
7
8
10
5
14
10
5
9
6
15
11
6
7
6
9
11
6
10
7
7
10
6
6
12
4
11
10
9
12
9
14
11
11
9
16
8
14
10
11
12
8
10
17
10
11
10
16
14
11
15
11
12
12
12
10
13
17
14
11
14
12
17
12
21
7
23
14
14
15
13
14
15
16
20
17
14
16
20
18
17
15
9
11
17
22
21
19
19
18
17
14
21
17
13
15
20
18
17
17
22
22
16
21
19
25
13
18
21
19
18
24
20
13
22
22
21
17
19
18
17
15
18
24
24
23
15
27
20
10
14
23
27
22
20
20
19
19
22
21
30
24
28
26
26
21
35
34
26
19
24
25
25
32
25
21
29
29
16
39
25
27
30
24
29
28
42
33
34
35
39
21
24
28
39
26
38
37
33
46
25
29
34
28
39
25
41
32
39
40
33
31
27
29
36
35
44
37
27
38
49
50
49
44
44
46
55
38
56
50
52
50
37
41
35
57
53
44
55
53
45
58
46
54
43
51
55
55
63
54
53
64
64
57
70
58
63
57
62
70
74
70
63
70
74
70
79
86
85
89
86
102
99
89
95
96
91
104
106
97
89
92
93
88
85
83
82
91
77
79
65
80
85
65
72
89
74
81
68
76
75
83
84
79
79
72
63
92
103
78
61
80
70
71
91
89
62
85
95
66
86
71
99
82
78
79
63
76
82
82
80
89
80
76
73
84
75
84
79
72
81
80
82
78
77
88
80
90
86
74
76
80
75
93
69
77
79
88
76
70
83
86
79
75
75
66
65
68
78
76
79
75
67
98
74
88
77
78
75
80
72
85
68
81
99
84
82
101
88
91
73
83
76
89
66
73
90
99
72
101
79
75
76
90
77
73
74
67
96
75
83
83
64
88
90
92
84
69
91
88
74
76
85
106
98
65
78
104
81
91
92
108
106
105
152
184
188
187
219
207
279
351
423
485
566
631
635
686
754
882
886
804
871
833
860
748
759
654
603
498
465
433
348
292
277
230
203
169
151
153
108
104
123
112
104
111
91
102
102
82
99
111
105
112
101
115
100
97
100
103
98
115
129
103
101
87
97
113
112
109
113
111
93
91
98
99
113
110
95
93
106
114
99
102
137
112
118
125
120
100
112
116
119
102
95
105
116
137
130
130
118
103
141
123
145
141
126
119
144
131
139
153
149
146
174
181
201
204
183
201
232
192
213
239
230
237
224
222
187
209
204
185
200
196
163
184
150
150
152
174
151
140
150
134
151
156
118
146
160
151
148
155
160
155
145
168
163
149
130
162
179
146
152
171
182
181
190
152
171
154
178
176
177
169
170
202
176
185
176
182
172
185
185
182
188
194
188
220
195
184
192
207
220
188
220
227
207
200
227
226
213
229
256
243
260
240
274
282
267
281
275
319
270
280
332
263
264
303
318
300
331
302
294
312
312
347
302
345
353
354
342
326
336
333
356
352
345
325
394
367
362
378
377
383
360
395
391
329
339
346
372
383
342
341
340
375
339
322
343
334
345
346
331
340
376
339
345
310
334
310
357
292
320
300
302
312
288
322
287
263
300
266
255
287
253
277
257
252
244
291
267
279
229
218
254
256
248
260
234
206
251
241
246
255
212
223
234
214
213
245
216
219
239
196
210
217
231
231
199
246
204
207
215
225
228
238
222
220
207
214
217
210
202
215
215
199
231
200
209
182
206
247
210
201
225
196
214
242
204
217
184
220
219
195
215
207
227
221
211
220
224
188
233
199
200
195
224
229
240
236
252
217
227
211
229
248
252
257
230
257
236
250
241
254
239
252
235
248
232
248
233
249
264
253
291
214
223
243
259
232
235
253
246
256
268
232
264
235
219
220
227
237
205
259
234
270
247
260
256
213
252
278
217
262
217
268
214
231
241
236
257
212
235
259
226
223
218
219
234
267
256
254
257
234
236
231
235
242
239
265
255
281
248
226
257
234
279
229
237
240
243
269
272
250
216
265
244
250
274
235
262
251
234
259
270
253
266
251
288
240
248
269
244
259
251
277
241
236
272
261
291
248
278
277
283
264
262
254
239
290
232
273
275
272
266
275
257
284
292
271
273
244
284
272
272
268
276
274
261
275
270
255
289
310
308
274
282
262
270
300
270
278
282
259
284
300
278
293
259
267
323
277
287
270
281
278
258
275
275
301
317
260
278
295
297
270
318
329
278
287
298
319
292
311
295
310
292
295
341
297
303
321
279
312
287
305
305
321
297
286
321
303
310
340
308
313
299
308
336
320
310
309
295
276
293
297
323
307
319
320
316
314
286
307
323
312
289
326
275
315
307
293
310
306
316
346
297
331
305
293
289
292
316
327
296
331
308
267
303
286
323
294
293
279
344
295
327
295
297
277
338
308
281
285
264
288
275
271
261
259
300
247
307
306
303
288
290
268
262
261
270
278
267
282
270
272
258
265
296
295
255
257
264
284
267
281
247
268
252
283
245
270
257
283
285
309
301
242
276
276
288
229
275
258
264
261
251
267
248
279
279
286
276
240
272
289
282
249
257
291
262
262
269
255
301
256
275
283
249
267
253
258
261
286
294
271
254
257
239
258
266
275
269
274
266
279
285
231
269
282
268
261
273
268
279
288
272
241
287
302
249
268
284
286
271
277
261
253
265
278
259
262
279
278
274
252
274
287
253
275
307
243
217
259
257
278
276
286
257
268
239
284
280
280
260
265
262
254
256
310
268
245
253
272
257
252
260
262
264
293
255
245
297
275
267
249
277
281
280
253
273
261
274
276
262
281
277
277
281
269
251
275
308
258
272
274
239
309
305
251
292
266
266
278
253
251
258
266
283
283
268
281
273
297
294
301
269
301
288
274
307
307
285
286
281
299
299
282
276
268
307
282
289
279
314
307
269
287
301
306
305
318
271
316
329
300
314
327
291
314
314
299
341
290
312
331
318
340
389
345
312
326
307
334
348
318
386
346
359
346
340
317
340
381
361
346
407
426
365
366
369
401
399
388
409
436
436
404
447
441
445
418
472
472
418
475
488
448
513
480
489
513
537
541
542
531
537
579
581
585
599
617
614
656
639
724
701
735
714
777
754
819
891
897
906
941
926
1040
985
1001
1066
1149
1111
1157
1176
1267
1208
1257
1300
1374
1361
1323
1483
1446
1511
1429
1518
1446
1499
1528
1562
1573
1559
1601
1629
1697
1576
1574
1621
1616
1549
1573
1627
1528
1581
1550
1478
1570
1435
1513
1418
1378
1348
1349
1296
1285
1338
1236
1204
1128
1116
1041
1035
1006
1021
1007
942
921
814
815
866
803
750
731
675
692
678
667
601
584
533
587
559
510
522
449
504
475
468
451
444
412
401
434
413
403
409
377
385
352
383
307
355
375
368
289
313
322
306
315
300
288
304
291
326
273
303
269
264
289
258
265
253
258
242
284
256
279
230
245
220
248
257
244
232
235
248
276
244
265
273
283
328
279
274
295
330
348
342
366
345
350
353
404
395
414
468
446
467
498
462
533
489
482
474
507
472
442
477
471
444
455
428
402
398
395
377
345
333
313
305
277
275
245
237
235
189
237
173
190
183
188
171
183
179
186
176
178
176
179
182
175
160
197
179
180
169
163
212
175
207
174
216
191
185
204
202
218
221
229
229
199
201
206
202
234
254
219
221
232
250
237
217
246
240
247
268
276
266
243
255
270
313
257
278
286
297
266
264
296
265
278
292
294
307
300
272
288
319
314
288
337
263
271
282
279
258
268
301
284
269
280
257
292
255
298
261
268
237
250
219
261
236
221
247
223
219
224
239
219
211
181
224
177
216
179
169
166
176
167
175
155
163
178
173
162
151
129
135
134
136
147
156
140
134
136
118
117
128
136
108
115
118
131
126
105
113
100
87
110
101
123
86
88
107
97
106
91
92
104
98
91
87
101
101
94
88
82
89
75
72
68
74
82
80
70
83
75
84
62
66
74
78
84
90
62
68
78
56
74
75
59
58
59
68
73
65
73
79
82
65
62
66
52
56
58
65
51
62
62
62
62
66
50
65
69
68
69
73
62
53
63
70
68
71
74
90
84
81
81
94
78
90
90
87
109
86
89
100
93
90
84
92
82
86
86
83
84
73
54
83
59
69
67
73
68
45
58
45
61
51
54
49
49
66
52
63
46
48
63
51
41
58
58
50
47
54
45
50
56
45
62
38
47
58
50
47
52
45
55
62
44
45
53
35
39
48
33
37
37
50
51
50
44
44
45
45
47
51
41
47
47
37
34
38
39
41
41
39
26
47
38
35
47
46
41
25
51
39
27
39
40
45
57
44
50
45
52
33
30
34
57
53
40
34
40
34
35
44
36
34
31
33
40
41
36
38
41
42
20
33
39
39
39
35
37
31
37
38
41
35
37
39
34
36
33
30
31
40
39
25
31
27
45
36
34
28
38
44
40
36
39
33
41
30
37
17
30
36
39
37
17
31
28
47
38
35
32
35
30
32
30
32
40
41
30
22
33
32
32
36
31
39
33
35
39
21
26
29
21
32
41
25
35
35
32
29
35
21
28
24
28
26
31
29
28
30
27
27
25
30
36
29
32
26
28
24
31
27
29
31
30
24
33
27
31
34
35
20
30
28
18
20
19
31
29
33
34
34
32
25
24
23
18
25
30
18
40
24
33
24
26
28
20
25
23
23
18
19
27
24
28
24
35
19
17
28
29
23
26
19
28
30
20
26
24
22
21
21
25
22
24
21
22
30
15
19
23
24
29
38
23
31
24
24
33
17
16
19
18
20
20
20
18
19
19
31
22
21
26
22
23
14
16
25
14
15
21
17
19
20
24
22
19
26
24
21
13
23
22
13
20
29
19
16
18
26
25
24
26
30
25
22
22
19
27
17
21
16
15
22
18
21
23
26
31
14
22
19
20
22
19
10
23
18
19
20
21
23
26
23
16
12
20
18
19
17
14
17
21
15
15
27
19
27
17
19
25
20
20
24
22
19
18
22
15
18
15
21
18
15
19
17
21
17
12
23
15
25
16
17
13
5
22
15
12
12
7
17
17
20
19
13
12
16
11
9
16
18
10
16
18
28
15
23
17
19
22
16
14
19
18
10
10
20
16
17
16
12
11
16
8
16
14
22
12
20
15
18
17
12
18
13
12
18
18
14
18
14
11
12
13
10
16
16
9
14
13
18
11
13
24
10
16
14
15
15
14
15
11
10
15
19
16
8
11
9
12
17
16
8
17
13
8
15
16
15
14
13
14
12
14
12
14
15
12
13
17
8
10
11
11
15
8
12
8
15
13
10
16
8
13
9
17
11
7
9
10
10
8
16
13
11
4
9
6
12
6
12
12
8
12
11
13
11
14
14
12
11
13
15
15
17
11
13
9
13
11
9
20
11
6
11
14
10
16
10
8
8
6
11
6
4
11
7
14
15
13
11
8
7
9
10
17
6
13
15
10
11
9
9
13
7
11
12
8
10
10
15
10
4
9
15
9
12
10
6
6
9
15
11
9
4
8
7
9
10
9
9
10
7
10
10
13
5
8
12
8
6
12
11
12
9
8
5
9
12
13
5
8
10
8
0
6
9
14
13
11
13
12
8
7
8
10
7
8
5
9
8
11
9
10
7
1
9
5
11
7
5
9
7
3
5
4
9
5
7
3
8
4
9
5
11
7
3
6
9
9
12
10
5
7
3
9
4
6
5
7
4
13
8
6
5
8
8
5
4
8
5
11
9
10
4
9
4
8
4
2
6
2
11
6
12
7
8
7
8
7
10
6
4
11
11
3
9
5
7
5
4
5
9
3
9
4
4
11
4
5
6
5
5
6
4
6
7
11
7
6
4
4
12
7
6
5
6
4
4
5
5
2
5
4
4
1
6
7
6
5
8
4
9
7
5
8
3
7
8
4
3
3
5
5
10
4
5
7
2
3
8
4
5
8
1
3
6
5
5
4
13
8
9
7
5
5
6
6
4
12
0
3
1
2
5
6
5
9
3
4
3
2
6
8
3
5
3
4
2
5
3
1
3
1
5
3
8
3
5
3
4
5
3
8
3
3
1
7
5
1
5
3
5
6
2
2
2
1
4
2
3
5
4
6
4
3
6
2
3
5
3
4
4
4
3
5
4
5
4
3
2
4
1
4
5
4
4
3
7
2
4
2
1
2
2
2
4
1
5
5
5
3
3
4
6
5
4
5
2
4
1
5
3
5
2
5
3
3
5
3
3
3
0
4
4
2
3
3
5
3
4
1
1
2
3
2
0
3
5
2
4
4
4
2
1
1
3
5
8
2
1
5
3
4
2
4
2
1
6
4
5
4
4
1
3
1
1
0
3
5
2
1
2
2
2
6
1
4
2
5
4
3
1
1
3
6
4
3
2
4
3
1
2
2
2
2
4
1
3
0
3
3
1
3
2
0
1
1
0
1
2
1
3
2
3
6
2
0
1
6
3
1
0
6
4
1
4
1
4
1
4
1
3
1
2
3
3
2
1
4
1
1
4
2
3
2
2
1
4
3
2
2
3
1
0
3
6
3
4
3
3
1
3
2
3
2
1
2
4
3
1
4
1
2
4
0
0
1
4
1
3
2
2
3
1
1
2
3
0
2
1
2
0
3
2
3
3
0
2
0
1
1
1
2
3
0
2
4
2
1
3
1
0
1
1
3
1
5
3
1
1
1
3
1
0
2
1
1
2
2
1
1
0
0
1
2
2
0
2
1
3
0
0
0
2
2
2
2
2
5
0
1
0
2
2
1
4
1
1
2
2
0
1
0
2
3
3
1
4
1
2
1
1
2
0
2
0
0
3
0
4
0
0
2
1
0
4
0
2
1
0
0
2
2
1
0
2
0
0
0
1
0
1
3
4
1
1
3
0
1
4
2
2
0
3
2
1
0
1
1
2
1
1
1
1
1
0
2
0
3
3
1
0
1
0
1
0
2
2
1
2
0
4
3
2
2
1
0
1
0
3
1
1
1
1
1
0
0
1
2
0
0
0
2
0
3
1
0
1
0
1
1
1
1
4
0
1
1
1
1
1
0
0
1
1
0
0
1
0
2
1
0
2
0
0
2
1
0
0
1
0
2
0
0
0
0
2
2
1
1
0
0
1
0
1
1
0
2
0
0
1
2
2
2
0
0
0
4
1
2
1
1
0
0
2
1
1
1
1
1
1
0
2
0
5
1
0
2
2
1
0
1
0
1
1
1
0
3
0
0
1
1
1
0
1
1
2
1
2
2
0
0
1
1
0
1
1
0
0
0
0
2
0
2
3
1
1
1
0
0
5
3
0
1
0
0
1
0
1
2
0
3
0
0
0
0
0
1
1
1
0
1
1
2
3
1
1
0
0
0
0
1
0
3
0
1
0
1
0
3
1
0
0
2
0
0
1
1
0
0
1
2
0
0
0
1
1
1
0
1
1
0
0
2
1
0
0
0
1
1
1
0
0
1
2
0
1
0
0
1
0
1
1
1
2
1
0
0
0
2
0
1
0
0
0
0
2
1
0
1
2
0
1
1
0
1
1
0
0
1
0
2
3
2
0
0
0
0
1
0
2
0
1
1
0
1
0
1
1
1
1
0
1
1
0
0
0
1
1
0
1
0
0
0
1
0
0
0
0
0
1
0
1
1
0
0
0
0
0
1
0
0
1
1
0
0
1
0
0
1
0
1
1
1
2
0
0
0
0
1
0
3
1
0
1
0
0
0
1
0
0
1
0
0
0
1
0
0
0
0
0
0
0
0
1
0
0
0
1
1
1
0
0
0
0
0
0
0
1
0
0
0
0
1
0
0
1
1
1
1
0
1
1
0
0
0
0
0
0
0
0
1
0
0
1
0
0
0
0
0
1
0
1
0
0
1
0
0
0
0
0
1
0
0
0
0
0
0
1
0
0
0
0
0
0
0
0
1
0
0
0
0
1
0
0
0
0
0
0
0
1
0
0
1
0
0
0
0
0
1
0
0
0
0
1
0
1
0
0
0
1
0
0
0
0
0
0
1
1
