0
0
0
0
0
0
0
0
0
0
0
0
0
0
0
0
0
0
0
0
0
0
0
0
0
0
0
0
0
0
0
0
0
0
0
0
0
0
0
0
0
0
0
0
0
0
0
0
0
0
0
0
0
0
0
0
0
0
0
0
0
0
0
0
0
0
0
0
1
1
1
1
1
2
4
3
1
1
5
2
5
4
21
37
138
362
960
2225
4909
9532
17239
27866
40845
54572
66014
72855
72534
66317
54982
41499
28131
17730
9873
5000
2435
937
374
124
57
18
5
4
0
2
1
4
1
1
1
2
1
1
0
0
0
0
0
1
1
0
0
13
61
58
54
61
56
65
49
53
55
60
56
61
84
51
55
49
52
62
57
48
67
46
43
52
57
52
68
47
50
47
55
52
60
54
53
49
46
43
58
50
47
49
49
53
53
47
45
40
50
41
56
49
47
57
48
59
52
40
57
48
47
51
64
60
47
46
53
60
73
76
80
85
89
104
114
99
100
104
102
86
97
72
82
66
49
48
53
60
53
52
57
49
60
46
64
52
62
58
63
72
66
78
77
71
69
80
84
72
84
91
95
100
107
137
121
132
152
148
164
147
179
177
242
263
329
433
743
1208
2029
3423
5442
8185
11752
16059
20622
25297
29390
32543
33500
33051
30706
27391
23063
18563
14245
10547
7601
5460
3732
2731
2070
1528
1123
774
568
416
285
211
218
227
221
286
354
382
397
452
447
405
351
343
261
198
169
144
83
73
63
60
56
34
44
41
29
29
30
25
29
16
15
13
11
14
11
10
10
8
3
13
10
11
10
13
14
17
8
7
5
9
6
5
9
8
11
10
10
13
8
9
12
13
11
14
10
9
8
14
13
13
25
16
23
29
13
27
22
30
20
22
21
22
19
26
11
17
21
21
24
19
20
21
20
24
27
16
17
15
19
23
16
15
20
20
21
19
17
17
11
9
14
6
8
9
8
9
9
9
6
4
18
10
10
9
10
5
5
4
9
5
5
4
7
3
4
7
8
5
7
5
11
5
6
9
13
9
11
19
21
29
31
30
32
38
18
27
26
22
22
19
16
13
16
12
10
12
11
12
7
13
13
6
13
10
7
8
10
6
17
10
11
9
2
11
8
9
9
6
11
7
7
4
7
10
7
10
6
14
9
5
9
7
6
5
10
8
4
7
5
3
8
5
6
5
9
7
9
4
8
6
5
5
4
7
10
9
9
10
6
5
4
10
6
4
7
6
6
6
2
9
4
4
7
7
5
4
6
4
6
9
5
6
9
9
4
7
6
5
2
6
9
4
5
5
9
3
7
3
9
14
8
11
17
5
10
7
8
6
9
12
3
7
7
10
12
8
8
10
4
2
7
8
9
9
8
10
6
8
7
5
2
8
9
7
11
8
12
8
10
12
10
10
10
7
8
4
9
9
7
13
9
11
8
13
5
11
13
9
13
5
14
6
10
8
13
10
9
11
9
8
11
13
10
19
10
9
14
13
11
7
15
14
11
24
14
13
12
13
6
18
11
16
12
14
16
10
11
28
20
18
11
11
8
25
10
9
18
10
13
18
25
20
11
12
10
13
21
18
12
12
14
15
18
17
19
18
22
22
11
20
12
17
15
16
16
18
20
19
12
16
14
12
12
13
23
14
19
13
20
17
14
15
18
16
18
23
31
23
17
24
23
21
20
19
20
23
28
29
23
17
22
28
33
24
17
28
17
20
27
28
18
23
24
26
32
23
27
36
30
26
21
25
25
29
25
32
24
43
30
32
28
35
31
24
34
31
31
34
39
36
39
39
29
34
46
41
33
38
32
32
30
30
34
39
32
52
36
35
32
40
35
49
32
42
50
54
46
46
49
50
42
47
48
44
53
49
57
43
65
67
52
59
49
45
64
53
50
63
64
47
62
80
61
52
74
75
60
59
58
69
66
78
73
70
78
96
59
64
91
102
76
87
90
86
113
75
107
80
100
90
83
82
89
80
71
86
80
94
76
81
85
69
81
81
68
86
75
79
73
72
79
74
60
88
79
90
65
86
66
61
66
78
85
96
62
75
52
62
71
67
64
55
80
94
59
76
75
80
61
87
66
70
68
74
78
74
66
70
62
72
76
64
61
67
78
62
70
75
82
60
68
76
66
89
67
67
69
70
66
76
68
61
80
67
64
81
75
64
67
85
70
66
71
77
73
78
69
69
81
67
92
61
80
66
71
77
75
76
74
77
58
86
70
77
85
74
71
66
77
74
62
59
94
67
59
68
78
75
69
95
86
69
72
78
68
88
80
90
77
63
100
92
82
81
74
76
83
89
106
103
90
112
136
118
154
183
215
225
289
306
361
443
496
589
606
680
731
792
786
832
827
834
813
807
733
691
589
600
495
447
362
330
280
258
217
190
153
148
125
140
102
102
138
92
93
98
98
95
109
91
114
98
90
99
98
101
89
105
109
103
98
99
97
94
117
94
97
98
106
112
102
102
99
96
119
99
90
99
101
113
87
112
108
102
115
105
104
113
106
110
114
117
110
102
102
89
126
114
99
120
129
121
116
125
114
129
113
122
144
129
135
128
140
177
166
178
182
215
214
242
254
223
215
200
215
226
219
201
195
187
189
153
162
176
137
171
155
151
126
149
156
162
146
147
136
136
167
131
170
163
161
167
141
150
152
165
153
152
155
159
154
173
174
172
156
146
163
166
152
166
167
175
166
193
173
186
196
195
160
198
171
181
192
199
193
197
171
198
198
191
185
192
207
179
186
199
210
202
224
238
236
209
223
227
209
241
220
232
252
264
250
228
226
238
265
284
259
247
265
258
272
292
255
257
301
259
249
247
268
263
272
278
258
250
278
250
287
239
284
265
241
246
297
271
266
253
244
266
259
231
240
261
224
228
229
251
241
235
233
215
213
223
228
220
248
218
208
230
216
215
224
204
213
227
223
231
216
201
188
238
219
198
176
199
214
218
212
197
203
216
218
209
191
196
186
202
196
214
213
221
199
217
201
205
179
187
183
226
167
190
210
248
202
189
195
202
200
231
197
202
198
195
196
193
194
200
228
214
210
217
159
179
189
218
203
213
211
195
200
213
186
209
208
199
205
198
194
199
233
193
216
195
208
211
222
218
239
209
192
225
231
237
209
210
201
237
213
218
190
222
214
212
217
202
239
189
198
211
183
208
214
212
222
233
233
210
217
219
200
221
202
247
224
222
243
233
202
233
206
195
206
227
211
241
226
203
209
209
231
213
222
240
216
247
254
249
245
235
224
262
241
249
248
238
226
238
239
264
212
238
196
227
242
262
235
242
269
246
256
261
265
254
257
257
242
251
255
256
243
235
239
228
221
227
250
254
258
252
248
254
251
247
272
250
291
251
255
265
268
254
262
287
253
241
262
291
243
268
235
268
292
274
254
242
243
241
250
269
267
268
252
263
254
273
256
298
231
293
268
293
272
253
264
267
269
277
302
282
246
272
283
272
257
289
252
302
275
258
282
312
288
289
265
297
304
297
258
314
290
303
270
295
261
288
278
299
324
286
264
285
296
287
296
310
312
312
330
300
306
271
317
315
299
305
267
289
295
319
294
287
311
326
320
297
305
299
338
343
315
314
302
312
286
344
337
328
335
333
288
342
297
316
313
340
309
330
323
297
299
334
317
306
348
323
297
330
327
345
340
344
275
283
306
340
312
286
287
310
321
326
306
347
299
292
288
284
323
315
310
308
315
289
289
297
299
286
303
311
291
311
306
295
278
294
296
285
299
317
311
304
293
306
294
278
291
283
274
296
288
271
279
299
246
262
300
283
273
270
269
316
253
262
258
283
242
264
276
293
251
256
259
281
297
285
281
283
272
275
309
224
288
272
261
262
274
280
255
280
267
290
310
275
254
301
283
308
252
256
313
263
267
264
288
266
266
276
258
259
273
270
291
277
278
277
294
320
294
296
252
301
282
300
284
262
273
261
283
244
298
310
310
262
268
295
274
280
272
265
263
276
275
298
290
291
260
279
275
278
261
274
258
266
287
284
296
260
267
284
262
281
295
291
249
272
295
259
281
274
251
277
276
302
285
281
262
274
268
261
281
271
264
256
268
258
284
290
285
264
281
261
290
286
271
266
265
283
273
275
296
288
295
286
275
284
295
278
271
291
300
278
251
282
297
274
264
288
278
302
257
278
306
303
289
298
266
273
281
278
261
277
293
307
293
275
287
304
276
280
316
275
285
272
324
301
293
303
310
299
311
276
269
305
246
308
277
272
299
338
298
307
316
342
273
322
332
313
335
301
315
316
300
324
321
306
286
348
320
337
319
332
306
332
336
323
367
398
337
379
348
334
359
349
359
380
361
346
388
361
370
395
360
367
399
396
431
395
414
414
409
397
385
468
418
430
460
461
430
443
473
476
468
461
477
476
508
512
499
539
536
576
523
540
541
576
565
650
621
599
630
648
666
703
663
705
750
742
767
796
779
840
914
877
874
932
956
964
976
1025
1107
1092
1165
1142
1153
1221
1298
1329
1379
1394
1414
1479
1425
1471
1486
1474
1518
1557
1649
1620
1646
1705
1700
1654
1656
1735
1668
1786
1657
1670
1690
1642
1666
1621
1599
1637
1605
1583
1563
1587
1436
1498
1466
1480
1340
1396
1406
1290
1329
1257
1191
1126
1092
1065
1077
1063
938
949
913
927
929
872
830
787
739
700
724
681
649
638
629
565
629
548
509
531
518
536
490
491
502
430
453
389
415
444
408
424
392
398
376
375
338
346
341
344
368
358
317
313
341
366
307
325
295
280
292
299
290
290
274
279
232
290
286
265
267
254
245
269
278
254
269
262
272
258
270
285
289
277
287
292
289
283
287
304
338
326
369
395
366
392
355
413
447
426
432
431
473
528
467
498
514
512
470
515
541
523
532
480
498
492
457
411
427
431
410
367
364
322
392
339
326
299
258
248
259
225
223
198
224
173
211
194
195
184
177
181
174
198
184
185
193
204
211
225
194
210
206
222
211
211
180
213
199
197
233
189
232
211
213
203
218
208
234
250
233
244
254
242
229
236
276
264
225
266
261
231
286
303
251
271
273
267
298
270
275
286
300
285
298
300
292
250
301
288
318
321
303
306
306
321
281
324
318
299
312
301
290
304
285
301
283
296
282
308
295
264
274
289
254
245
244
261
233
252
206
206
242
207
219
211
237
240
224
183
213
174
182
179
193
148
174
157
161
157
164
155
165
149
151
140
136
152
132
136
142
132
136
123
133
131
101
130
132
101
144
130
112
103
115
102
132
118
112
98
99
106
117
93
77
77
113
103
97
96
88
98
108
89
82
76
92
89
116
81
80
85
84
82
71
84
60
73
83
84
57
77
78
80
67
67
70
77
53
65
81
63
60
68
60
74
68
68
62
72
64
82
79
65
70
70
63
74
64
81
68
59
66
70
78
77
70
71
93
81
87
73
68
77
89
74
91
90
109
84
98
96
97
94
98
92
88
89
85
83
74
96
64
79
82
80
59
66
65
64
46
44
72
67
67
47
54
50
52
50
58
47
56
48
43
46
63
46
66
61
48
57
55
45
54
56
61
52
39
55
50
40
49
48
47
43
45
51
50
45
50
54
48
57
49
32
47
45
46
36
38
44
36
48
42
39
44
36
51
46
53
44
43
49
50
37
44
41
40
35
52
35
42
41
30
46
42
40
41
38
33
39
33
48
39
44
36
43
36
27
35
39
53
36
48
37
36
50
34
45
41
41
40
29
34
40
35
46
54
39
33
37
44
29
29
33
32
31
30
51
34
25
34
32
37
43
45
36
38
34
44
27
46
42
31
40
23
41
40
52
36
41
42
36
43
20
31
42
33
34
41
38
25
47
40
33
34
34
39
33
30
35
35
43
32
27
34
34
25
27
40
34
44
32
31
28
34
29
26
41
27
36
41
29
24
33
28
36
29
35
27
32
27
31
24
34
23
26
33
25
35
33
35
26
34
19
30
35
32
40
27
31
26
37
19
27
24
30
26
32
27
23
24
31
23
15
25
34
29
33
23
31
25
33
19
35
29
30
24
30
17
30
37
23
30
32
26
36
27
33
29
31
23
26
17
28
25
33
22
28
24
29
13
29
33
28
18
28
28
26
21
20
27
26
30
23
20
32
20
31
32
21
24
26
31
14
24
14
24
24
35
19
20
21
11
22
23
24
27
27
12
24
22
24
26
19
20
16
31
20
23
32
18
21
22
22
26
22
24
22
18
18
30
17
18
18
23
31
23
22
17
25
17
20
25
20
21
20
17
22
22
19
19
14
23
23
19
17
25
27
14
24
13
20
30
22
17
13
21
20
24
16
15
24
21
23
24
20
15
21
15
21
14
18
13
21
21
10
15
15
27
12
15
22
22
10
23
20
28
20
15
17
14
18
21
13
19
13
23
35
14
21
14
30
24
11
17
17
16
14
25
16
18
15
13
17
11
12
16
17
14
16
16
11
17
22
17
18
23
21
18
18
18
17
14
22
16
17
12
11
13
10
12
17
14
9
12
9
27
13
18
9
11
13
15
11
15
15
11
18
10
15
15
14
22
9
13
12
19
14
13
15
20
12
10
15
10
14
10
8
16
10
20
14
13
12
8
15
11
11
9
13
20
18
10
10
11
20
13
19
10
6
14
14
15
12
12
12
20
20
11
20
9
13
19
9
11
10
10
6
8
5
9
11
13
14
14
14
13
11
20
6
11
11
12
11
10
12
21
14
8
11
9
16
12
17
11
18
17
16
10
6
12
12
10
15
11
13
11
13
15
7
10
13
6
16
16
11
16
6
15
17
11
11
12
9
10
8
9
11
13
7
10
9
10
12
8
17
11
9
9
13
11
12
9
6
10
6
10
5
5
6
9
16
13
7
5
8
9
4
12
11
10
14
5
11
9
10
6
12
7
8
11
11
9
10
11
11
4
12
7
6
10
11
14
11
7
10
7
9
5
9
4
7
8
9
11
12
10
5
14
6
15
9
7
7
9
11
3
7
6
12
8
12
10
16
4
16
12
7
9
10
10
8
10
5
9
7
7
8
5
4
2
8
5
12
7
9
5
9
10
7
10
7
8
5
6
6
5
6
8
6
6
4
5
7
8
5
8
6
9
6
8
5
9
5
7
5
2
4
6
11
6
13
10
1
5
3
6
11
7
8
11
11
6
11
6
12
5
5
5
8
4
7
5
10
3
4
2
4
3
8
4
9
6
3
3
9
7
5
8
6
8
6
5
8
4
5
3
8
5
8
6
3
5
6
2
7
6
5
3
2
11
7
4
8
3
7
3
6
5
4
7
3
5
5
5
4
9
7
5
7
5
7
4
3
7
9
7
4
5
4
6
7
7
2
8
5
5
6
5
6
2
5
7
9
6
6
7
3
7
6
4
2
5
1
9
4
2
5
5
5
7
5
4
7
3
6
5
6
7
6
4
2
4
6
3
2
4
1
1
2
5
7
4
3
4
8
6
5
8
5
5
2
6
8
4
10
4
6
3
3
7
4
2
5
3
3
6
0
6
3
1
3
4
4
8
4
10
7
4
3
5
0
1
6
4
3
10
3
7
7
3
5
5
4
6
6
2
3
4
1
4
3
3
1
4
2
7
6
3
3
4
4
2
2
5
2
5
2
2
4
2
5
5
3
1
5
2
7
6
1
2
5
5
2
0
3
4
6
3
1
5
1
1
3
2
2
5
2
5
4
3
2
2
4
1
1
5
1
5
1
3
3
5
5
5
1
4
4
2
3
6
5
5
2
0
0
2
3
2
1
4
6
3
4
1
5
5
3
2
4
4
2
4
1
3
2
2
4
2
5
2
1
1
7
4
2
3
1
3
1
6
3
4
3
0
1
1
2
0
1
2
3
4
1
2
1
5
2
2
2
3
2
5
2
3
2
2
1
1
1
1
3
1
2
3
2
0
4
1
3
1
2
3
3
2
2
3
0
1
0
3
1
1
1
1
2
2
3
2
0
0
2
2
3
1
0
2
1
3
2
2
3
0
3
3
2
2
3
0
2
1
2
1
0
1
1
2
1
4
1
2
4
1
1
0
2
2
2
0
3
0
1
3
4
1
4
2
3
3
1
2
2
1
1
1
1
2
4
2
2
1
3
1
0
2
0
0
1
0
2
0
1
3
3
1
1
4
0
0
1
0
0
2
3
0
1
2
1
1
2
0
3
1
2
4
3
0
2
2
2
1
1
2
0
2
2
3
0
0
2
1
0
0
3
0
0
1
0
1
3
1
0
2
0
1
1
2
1
3
2
2
2
1
0
0
3
0
2
0
2
2
2
2
2
3
1
3
1
4
0
1
1
1
2
4
1
0
1
1
0
1
0
0
2
3
0
0
0
3
1
1
1
0
1
1
1
1
1
0
0
4
0
3
1
0
0
1
1
1
1
1
4
2
0
3
3
1
1
0
0
0
2
1
0
0
1
1
0
0
2
2
2
2
0
0
0
0
2
2
1
0
0
0
0
0
0
0
0
1
1
1
0
0
1
2
0
0
0
2
1
0
0
1
1
1
0
2
2
0
1
2
0
1
2
1
0
1
1
2
2
1
2
1
1
2
0
1
1
1
2
0
1
2
2
0
1
0
1
1
0
0
1
0
0
1
0
2
1
0
1
0
0
1
0
2
1
1
0
0
1
0
2
0
1
2
3
0
1
0
0
2
3
0
0
0
1
0
0
1
2
0
0
1
2
0
0
2
1
1
1
2
1
1
0
1
0
0
0
1
1
1
3
2
0
2
0
1
0
0
0
1
1
1
0
0
1
0
0
1
1
1
0
0
0
2
0
0
0
3
1
1
2
0
1
0
0
0
0
1
0
1
1
1
0
1
2
3
0
0
0
0
0
0
1
0
0
0
0
1
1
0
0
0
2
1
0
2
0
0
1
1
0
0
0
1
1
2
1
0
1
2
1
0
0
1
2
0
0
1
0
0
0
0
1
0
0
0
0
0
0
0
0
0
1
1
3
1
2
0
1
0
1
0
0
0
2
2
0
0
0
0
0
0
0
0
0
0
0
0
2
0
0
1
0
0
1
0
0
1
1
0
0
1
0
0
1
0
0
1
0
0
0
0
2
0
0
1
0
0
1
0
0
0
0
0
0
0
0
2
1
0
0
0
0
0
0
0
0
0
1
0
1
1
2
1
1
0
0
2
0
0
0
0
0
0
0
0
0
0
1
0
0
0
1
1
0
0
0
0
2
0
0
0
0
0
0
0
0
0
1
0
1
1
0
0
0
0
0
0
0
1
0
0
0
0
1
1
0
0
0
1
0
0
2
0
0
0
0
1
0
0
0
1
0
1
0
0
1
0
0
0
0
1
1
0
0
1
0
1
0
0
0
1
0
0
0
2
0
0
1
