0
0
0
0
0
0
0
0
0
0
0
0
0
0
0
0
0
0
0
0
0
0
0
0
0
0
0
0
0
0
0
0
0
0
0
0
0
0
0
0
0
0
0
0
0
0
0
0
0
0
0
0
0
0
0
0
0
0
0
0
0
0
0
0
0
0
0
0
0
0
0
0
1
3
4
1
4
4
1
2
4
7
21
49
147
379
946
2229
4908
9593
17229
27787
40764
54815
65484
72689
72931
66526
54949
41558
28089
17561
9985
5118
2364
1060
401
129
45
17
4
2
1
0
0
1
1
1
1
0
1
0
0
1
1
1
0
0
0
0
0
9
47
51
64
60
64
52
61
58
53
54
38
42
53
40
44
51
48
40
44
43
60
55
56
46
39
41
39
55
33
35
44
52
50
51
41
43
65
36
56
36
47
51
35
31
48
46
42
40
30
52
41
56
41
52
49
34
35
46
48
54
48
36
51
35
43
78
60
69
57
78
67
73
91
85
82
95
102
80
92
100
71
74
69
71
65
54
49
42
54
49
46
44
62
50
44
43
41
46
52
61
53
70
66
71
75
66
70
77
69
85
106
108
125
113
109
149
159
153
146
160
178
193
234
250
297
457
775
1247
2045
3410
5496
8249
11766
16322
20610
25337
29638
32678
33875
33243
31047
27630
23268
18570
14351
10719
7705
5432
3857
2662
2012
1455
1062
774
550
443
278
222
203
198
211
270
365
374
432
430
408
436
333
311
249
213
165
132
111
84
50
42
47
49
36
39
24
18
24
18
17
5
12
11
10
10
8
9
15
6
7
11
6
12
10
9
7
15
7
12
9
6
10
13
13
10
9
7
11
10
7
6
11
12
8
8
4
10
11
11
16
28
20
17
32
28
22
23
22
24
24
19
20
29
25
24
13
18
23
14
21
19
18
19
22
18
15
20
18
19
16
16
22
19
15
31
13
15
13
15
20
14
9
5
10
4
6
6
6
4
11
11
11
6
10
7
5
8
8
4
7
6
5
7
6
12
8
4
6
10
5
8
4
8
10
10
14
13
16
7
17
28
23
27
24
26
25
30
32
21
24
19
19
18
17
10
8
10
8
7
11
10
12
8
15
16
10
9
11
10
7
14
17
7
4
7
9
7
1
10
7
6
7
4
4
5
9
9
6
5
7
8
9
4
9
3
1
4
8
6
7
5
11
11
6
6
5
4
5
3
1
8
6
6
4
6
7
4
6
5
10
3
9
13
8
10
7
9
7
4
6
4
9
7
10
5
4
2
8
10
3
10
8
8
6
5
8
4
6
10
8
6
7
10
7
11
6
5
4
8
9
8
5
7
9
8
3
6
6
5
9
6
11
7
6
7
8
10
9
8
4
6
8
2
8
8
8
4
3
7
10
3
8
7
11
8
12
7
9
9
10
7
10
8
3
5
11
2
12
5
8
16
4
7
8
7
9
9
12
12
6
8
11
11
11
12
12
11
13
7
10
5
8
13
5
12
10
14
21
14
13
10
12
9
13
14
10
12
14
8
15
10
16
9
13
17
12
12
11
23
14
10
14
22
18
26
18
7
21
15
15
11
21
14
16
18
17
10
16
15
25
12
22
8
13
14
16
16
18
14
17
9
13
14
14
18
20
15
23
16
13
13
24
16
18
13
21
20
13
22
19
15
17
8
20
27
20
20
16
17
21
19
22
24
20
14
21
21
22
19
26
24
27
26
19
25
24
21
16
22
33
21
21
26
23
33
33
24
32
35
21
27
26
37
39
30
24
23
27
37
36
27
27
30
35
32
31
19
32
34
22
33
35
43
30
34
46
37
37
43
18
31
32
38
24
34
40
45
34
47
34
31
43
36
29
42
61
43
43
45
59
43
40
36
47
44
42
58
53
42
53
55
68
49
67
56
69
49
61
60
66
81
67
55
59
70
66
51
55
56
59
57
82
80
72
67
87
85
76
84
94
76
82
83
83
90
106
92
68
89
85
75
85
72
86
89
103
65
64
89
78
75
74
67
74
81
69
66
88
80
89
71
81
82
67
82
68
75
74
66
73
88
79
78
79
55
59
77
62
61
74
61
80
77
71
66
68
79
65
55
71
71
67
88
65
68
55
77
58
75
58
60
85
93
67
72
68
79
80
62
73
73
72
67
60
82
92
84
67
68
72
76
65
68
68
56
90
91
83
62
92
69
87
86
64
57
73
58
84
72
82
73
68
61
82
59
66
64
85
70
56
76
72
77
84
72
71
73
82
62
79
77
56
83
86
64
68
81
73
65
84
73
69
87
79
76
65
94
66
67
85
73
67
88
109
79
89
77
84
87
94
100
93
90
106
126
147
181
203
215
269
307
355
419
477
524
568
646
702
793
795
832
846
852
850
809
722
711
606
519
537
461
406
344
317
245
228
179
147
153
152
128
89
109
111
98
109
100
112
96
79
94
80
102
95
115
103
89
85
77
94
94
104
91
115
88
103
102
102
95
100
100
101
117
86
102
116
102
101
112
110
107
110
106
108
97
132
105
108
104
113
113
103
100
110
108
118
108
98
107
106
123
116
108
130
106
110
126
128
123
138
137
143
134
153
152
203
196
208
196
212
193
198
222
230
220
201
210
212
217
196
198
185
187
166
167
157
150
168
168
151
163
156
144
148
132
124
150
153
139
139
155
162
190
144
150
163
177
159
152
156
160
172
158
146
182
162
171
157
195
170
171
199
170
190
169
202
195
200
176
179
186
185
222
191
191
186
228
203
182
200
196
202
222
193
204
218
198
211
226
210
248
189
247
225
242
224
234
220
252
271
254
232
261
233
244
250
267
273
242
270
276
277
284
241
256
287
286
301
264
255
290
274
281
267
250
256
237
256
272
254
275
249
259
272
227
225
265
245
250
250
266
240
237
263
247
228
254
220
225
243
250
233
226
241
243
213
205
215
196
225
202
214
225
191
194
222
209
196
179
190
200
203
220
185
190
211
207
191
214
201
218
201
206
186
179
200
193
205
199
206
218
207
215
201
205
186
233
229
206
180
199
211
158
225
188
181
203
219
211
218
198
211
211
168
199
173
202
193
170
205
220
203
172
199
192
191
217
212
205
212
208
190
210
203
188
177
206
184
214
193
204
221
197
202
219
203
206
212
175
203
192
200
201
230
207
215
197
202
210
207
196
199
205
196
191
209
225
224
214
207
227
217
226
214
192
213
204
219
211
229
217
215
209
168
207
247
245
232
227
208
225
227
216
243
223
225
200
201
221
226
226
209
223
223
240
253
211
236
226
227
211
211
217
212
241
221
219
224
240
232
216
229
229
255
267
242
248
247
227
229
247
238
243
252
221
254
211
255
247
251
249
235
228
276
239
234
247
249
249
244
252
220
249
242
247
248
234
228
235
240
254
257
248
265
226
225
251
224
270
221
279
256
238
235
227
243
257
263
265
242
272
245
268
276
261
271
267
291
250
262
266
263
263
258
274
250
254
259
278
257
277
287
283
280
270
267
270
305
301
271
252
260
298
288
288
275
268
244
280
276
268
302
268
270
264
277
284
290
316
250
282
312
293
245
294
283
270
265
304
269
291
287
299
298
328
331
296
285
293
296
296
288
271
284
296
317
317
272
305
310
272
292
320
277
323
305
313
328
289
300
290
293
294
320
280
312
305
290
291
288
291
339
299
296
299
308
303
300
311
318
343
302
317
321
306
304
277
271
293
300
272
306
281
288
291
302
278
273
254
277
267
268
281
291
277
276
313
267
261
293
253
291
288
292
281
274
279
298
262
265
244
260
265
248
280
239
272
289
284
272
246
268
279
249
246
271
252
237
256
252
246
268
267
259
279
271
254
283
276
242
260
266
261
249
258
257
234
256
262
261
251
284
253
266
251
266
245
247
257
241
258
269
257
285
261
254
276
258
263
232
264
277
281
257
259
248
260
240
255
248
248
245
236
235
248
263
247
271
242
243
247
243
244
240
225
229
233
229
263
242
248
274
279
220
228
240
244
239
228
275
241
285
241
258
247
252
282
242
251
253
234
287
260
250
268
252
240
248
257
267
245
255
237
271
242
261
246
217
230
235
268
283
269
242
216
265
274
237
244
236
241
246
285
247
282
273
254
246
241
282
279
281
241
242
231
259
286
248
252
241
243
249
251
250
248
247
238
237
262
246
264
255
262
257
273
249
241
258
258
278
263
245
266
254
273
220
255
277
260
260
249
259
233
272
249
275
274
269
266
239
286
254
258
272
245
301
291
223
259
253
261
276
267
322
264
234
261
265
274
273
302
247
266
258
286
306
253
267
293
295
269
264
293
291
269
282
282
337
297
288
307
306
303
337
298
317
299
293
287
315
294
327
292
329
330
354
308
322
309
333
330
342
338
379
360
348
335
353
342
405
394
361
381
355
359
373
360
417
409
374
374
421
415
406
429
445
411
426
438
424
455
447
500
456
467
500
472
523
495
560
560
535
576
586
583
589
627
633
667
687
730
749
728
735
724
842
822
860
891
864
920
907
1010
1025
1087
1132
1092
1163
1132
1176
1284
1203
1292
1338
1343
1396
1347
1327
1438
1451
1440
1461
1497
1472
1420
1476
1528
1414
1517
1521
1534
1516
1443
1543
1473
1408
1420
1408
1417
1340
1304
1375
1282
1293
1261
1195
1249
1154
1167
1092
1046
1014
1014
987
965
906
822
871
804
799
789
744
692
660
662
600
621
601
564
527
515
511
534
520
500
475
454
441
439
413
435
379
398
429
382
361
341
337
352
335
336
328
345
304
283
306
300
272
297
286
272
298
262
280
279
291
245
272
235
235
245
242
247
278
218
240
231
252
222
221
225
203
261
222
212
211
211
232
257
231
242
244
261
255
286
311
334
270
307
357
329
369
339
367
404
396
392
426
462
403
445
420
457
380
446
429
433
429
403
460
440
399
382
342
363
340
312
328
308
277
248
249
270
239
221
203
186
190
221
177
170
176
161
155
170
135
155
151
142
164
170
174
184
153
149
158
170
161
169
179
155
172
176
163
179
183
169
156
178
185
187
171
162
194
211
187
189
199
188
204
218
202
233
231
219
212
223
232
233
233
249
241
247
233
232
252
266
240
230
245
213
301
260
271
253
247
250
264
275
274
257
244
257
252
263
273
255
250
229
226
271
261
242
240
269
235
236
236
220
240
219
223
225
204
179
185
194
195
198
169
198
188
178
198
169
168
166
163
163
159
153
158
152
161
144
142
153
131
131
129
138
134
129
132
118
131
114
116
118
130
97
104
105
94
94
91
97
106
90
107
82
99
83
98
96
98
75
81
70
78
92
69
69
84
77
85
87
79
59
77
76
83
74
71
81
61
79
82
79
58
68
63
61
76
79
82
54
52
63
70
54
82
69
47
59
54
66
65
68
48
56
52
55
57
48
58
59
56
50
54
64
69
59
58
77
47
55
52
56
46
61
67
49
59
59
54
62
69
66
78
80
82
73
74
81
85
93
82
94
71
86
69
96
79
84
72
62
62
58
58
67
84
48
67
51
51
49
44
40
58
39
51
50
54
47
53
49
47
52
45
50
36
47
43
53
38
34
35
41
46
47
40
49
36
39
39
35
55
51
37
43
43
40
40
49
51
39
49
39
38
44
44
45
40
45
42
38
33
43
36
42
33
26
19
27
40
34
40
32
34
38
33
31
28
51
38
37
32
29
30
28
25
36
37
23
40
35
26
41
30
23
37
21
37
40
35
30
37
31
40
35
39
28
29
38
40
22
38
24
35
27
25
29
36
44
33
30
33
25
31
33
35
36
34
35
30
30
37
36
20
27
35
25
25
32
38
26
27
27
41
27
29
31
26
30
24
33
31
29
21
25
23
24
27
27
21
22
22
31
35
33
29
24
29
29
23
25
29
26
23
28
32
18
36
27
34
19
25
26
20
24
19
26
23
26
32
28
22
18
24
33
28
26
23
27
31
24
31
25
22
28
26
19
29
23
21
22
24
19
29
24
30
20
20
27
28
17
24
19
20
16
27
22
21
20
26
22
14
25
32
14
30
28
26
17
16
24
17
39
22
27
27
28
32
20
19
19
21
19
28
18
17
18
14
26
20
22
26
20
19
19
14
18
26
16
11
15
26
17
11
19
27
18
22
21
15
20
16
19
25
17
7
26
15
19
18
18
13
21
22
26
16
11
20
20
22
16
20
20
22
17
13
16
20
24
16
17
18
13
28
24
16
17
15
16
18
16
19
17
22
16
17
12
19
15
17
20
19
17
18
9
13
30
17
16
20
22
8
9
17
19
12
17
14
15
10
14
22
18
15
23
12
13
11
19
21
18
17
12
20
9
14
19
17
12
18
14
14
19
18
13
14
11
12
12
13
14
15
13
14
14
16
13
14
18
14
13
19
11
11
7
14
13
15
10
23
11
14
17
14
14
17
9
14
11
18
18
11
11
11
18
12
11
20
9
15
16
9
13
10
9
13
9
12
8
17
10
15
12
12
15
11
13
11
19
6
15
5
7
15
11
11
6
14
16
18
9
9
14
11
9
13
17
11
14
13
7
9
15
8
9
17
13
12
10
15
14
10
12
13
9
12
11
7
11
12
19
6
14
11
12
8
18
7
9
15
11
14
8
15
9
7
14
6
5
8
10
7
11
13
12
9
8
8
11
8
12
9
14
14
9
10
12
10
7
9
5
1
17
12
9
7
14
9
7
4
9
9
6
7
17
18
13
8
5
7
10
7
6
5
9
11
6
6
11
7
13
7
6
9
5
5
6
13
3
9
10
8
8
10
8
11
12
6
10
5
9
8
7
10
8
7
6
7
5
13
12
11
10
9
9
6
6
7
6
10
9
3
8
8
9
11
8
8
16
4
3
10
13
11
9
3
10
6
8
7
4
5
8
6
6
13
5
3
6
10
7
8
11
6
7
6
8
7
5
10
8
9
13
13
8
6
3
7
7
9
9
9
9
8
5
3
7
9
8
9
8
12
4
9
6
7
9
3
10
7
2
7
11
12
5
10
8
6
4
14
5
9
4
10
4
5
5
5
6
7
11
3
10
6
9
6
6
4
2
4
11
4
1
9
1
5
6
4
9
6
11
2
5
8
7
6
7
5
9
8
9
3
6
4
3
8
6
4
6
5
5
2
1
7
4
5
4
4
5
5
6
6
5
8
5
4
6
9
3
7
3
2
8
2
8
4
12
8
7
2
10
9
4
7
6
4
3
6
4
5
6
1
2
5
3
10
6
12
3
3
3
6
4
4
6
3
6
5
9
5
7
1
5
3
4
4
6
6
4
4
5
4
5
2
3
7
2
5
0
3
2
4
4
7
5
4
6
6
6
7
3
3
4
9
8
3
3
7
5
1
4
6
2
4
7
2
3
6
7
3
3
8
3
7
6
2
2
6
2
2
2
5
2
7
1
5
4
2
7
3
6
3
6
1
2
4
1
8
4
2
3
3
5
4
3
2
6
1
3
6
2
1
4
4
1
4
7
4
3
1
5
1
2
1
4
5
1
3
4
5
4
1
3
1
4
2
2
2
1
1
1
2
4
1
5
2
6
2
5
2
8
2
2
0
1
2
4
2
4
5
2
3
1
2
2
6
2
3
2
5
6
2
4
0
2
2
2
2
2
1
1
3
4
3
1
1
3
2
4
3
3
1
1
1
4
3
8
4
6
4
6
1
2
3
3
1
6
5
1
2
3
2
2
2
3
5
2
2
1
3
1
1
3
0
0
2
3
0
3
2
2
1
4
1
3
2
2
0
1
0
6
2
1
2
1
4
2
4
0
1
3
5
1
2
0
2
1
1
6
6
3
0
0
2
4
2
3
1
1
1
3
3
0
1
2
2
3
3
1
3
2
4
0
2
0
1
2
1
0
3
0
3
2
2
1
2
0
2
1
1
1
1
4
2
3
1
1
0
4
5
3
2
3
1
3
2
1
0
2
3
2
3
1
1
3
0
1
0
1
0
1
3
1
3
0
3
2
2
2
0
0
1
2
0
1
2
4
0
0
2
3
2
2
0
1
5
3
1
3
2
1
1
1
0
2
1
0
0
1
0
2
0
0
0
1
2
2
0
0
4
2
0
3
2
1
3
0
1
6
1
0
1
3
5
1
1
2
1
3
1
0
2
2
1
1
4
1
1
1
0
1
1
2
1
0
2
3
1
5
1
1
0
1
0
1
1
1
2
1
3
0
3
0
1
1
1
0
2
4
3
1
3
1
2
0
2
1
5
1
0
3
0
0
1
2
1
0
0
1
1
0
2
1
1
2
1
0
0
0
0
2
2
0
1
0
1
1
0
0
2
0
0
1
1
3
1
1
0
3
0
1
3
1
1
1
0
1
0
1
2
1
1
0
1
1
0
0
2
0
0
1
2
1
0
1
0
1
1
0
1
0
1
1
3
2
1
2
1
1
2
1
1
1
0
0
1
0
2
1
1
0
1
0
0
0
0
1
2
0
0
1
1
0
0
1
0
0
1
2
0
2
0
0
1
0
1
0
0
0
1
1
0
1
1
2
0
0
0
0
0
1
0
1
1
1
0
0
1
1
0
1
1
1
1
0
1
1
2
2
2
1
0
1
1
1
1
0
0
2
1
1
1
0
0
0
1
0
0
0
1
0
0
0
0
1
0
0
1
1
1
0
1
1
1
0
1
1
1
0
0
1
2
0
0
1
1
1
3
1
0
0
0
0
0
0
1
1
1
1
0
1
0
1
0
0
0
0
1
1
1
0
1
0
0
0
1
0
2
1
1
0
0
0
0
1
0
0
0
3
0
0
0
0
0
0
0
0
2
0
1
1
0
2
1
0
0
0
0
0
2
0
0
1
1
0
1
2
0
1
0
0
0
1
0
0
1
1
0
0
0
0
1
1
0
1
1
1
1
0
0
0
0
1
2
0
0
1
0
0
0
1
2
1
1
1
1
2
2
0
0
1
0
1
2
1
0
1
0
0
0
0
0
0
0
2
1
0
1
0
0
1
0
0
0
0
0
0
0
0
1
0
1
2
2
0
0
0
0
0
0
0
0
0
0
0
1
0
0
0
1
1
0
0
0
0
0
0
0
0
2
0
0
0
0
0
0
1
0
1
0
0
1
2
0
1
0
0
0
0
0
1
0
0
0
0
0
0
0
1
0
1
0
0
0
0
0
0
1
0
0
1
0
1
1
1
0
0
0
0
0
0
0
0
0
0
0
0
0
0
0
0
0
1
1
0
0
0
0
0
2
1
0
1
1
0
0
0
0
0
0
1
0
0
1
0
0
0
0
0
1
0
3
1
0
0
0
1
1
0
0
0
0
0
0
0
0
0
0
0
1
0
0
1
1
0
0
2
0
0
0
0
0
0
1
1
0
1
1
0
0
0
0
1
0
0
0
1
0
0
0
0
