0
0
0
0
0
0
0
0
0
0
0
0
0
0
0
0
0
0
0
0
0
0
0
0
0
0
0
0
0
0
0
0
0
0
0
0
0
0
0
0
0
0
0
0
0
0
0
0
0
0
0
0
0
0
0
0
0
0
0
0
0
0
1
0
1
0
0
3
1
1
4
3
3
3
2
2
5
3
5
1
4
5
13
36
141
366
943
2128
4809
9398
17111
27603
40913
54415
66384
73413
73384
66906
54601
41091
28384
17294
9690
5077
2396
1021
381
141
44
12
6
7
2
1
4
2
1
3
2
0
0
0
1
0
0
1
0
0
0
0
0
7
63
60
58
65
68
60
49
53
51
65
61
62
66
66
59
70
63
41
62
50
59
44
65
37
51
52
47
56
48
51
44
57
42
44
56
52
47
53
44
39
50
49
33
59
47
60
45
46
38
48
41
52
35
50
48
41
63
45
53
52
62
50
50
62
55
54
54
60
62
80
73
96
91
82
106
99
99
100
86
93
56
85
71
77
67
58
52
56
63
65
56
54
43
53
78
64
47
68
63
52
75
64
69
77
85
76
79
96
98
105
106
100
130
116
147
161
149
160
182
170
199
234
271
299
411
610
889
1399
2301
3662
5778
8437
12202
16774
21299
26196
30624
33321
34872
34359
32094
28495
24000
19127
14907
10890
8041
5724
4100
2928
2039
1463
1151
829
578
445
336
281
222
225
262
325
336
382
408
453
421
404
372
250
281
211
177
106
110
68
69
48
46
39
36
32
30
20
24
23
22
20
14
13
16
15
11
16
10
14
5
8
11
14
11
6
10
15
11
9
13
19
10
13
9
7
7
9
7
7
10
11
11
15
12
10
13
13
8
14
14
21
20
19
15
34
28
27
31
29
24
20
29
24
21
19
15
20
12
27
21
19
31
19
24
19
21
18
21
17
16
27
21
21
15
15
21
22
16
19
11
10
15
7
8
7
12
7
8
4
10
7
13
10
11
9
4
9
8
6
8
6
5
5
5
7
8
3
3
9
9
6
13
6
6
7
7
11
15
18
21
27
15
32
22
30
28
26
33
20
24
21
22
19
10
16
13
8
12
7
9
8
17
12
13
12
9
17
14
10
15
15
8
8
12
11
15
6
2
8
7
4
3
3
3
4
6
9
7
6
8
6
10
8
9
6
3
6
4
7
6
7
12
6
5
3
10
5
8
5
8
9
8
8
3
4
6
9
9
4
7
5
12
6
6
5
1
8
11
6
5
5
11
9
6
6
5
6
6
6
6
8
12
8
1
14
7
9
7
1
9
5
5
7
12
8
4
6
11
4
6
10
8
6
4
8
9
5
11
6
7
8
8
11
11
7
7
4
6
10
11
8
8
4
8
5
10
11
4
12
8
7
13
10
6
6
8
7
9
9
11
13
10
5
6
11
6
12
8
7
6
16
8
7
8
6
12
8
12
10
17
7
11
12
16
12
4
12
5
6
11
12
7
6
14
12
12
12
7
13
8
12
13
13
14
15
15
10
8
11
15
17
18
12
27
15
16
21
17
20
12
20
13
16
14
12
13
18
14
20
16
29
16
19
19
8
19
21
19
24
17
18
17
21
20
14
26
14
17
15
16
12
20
7
11
27
19
26
23
16
20
17
19
12
17
10
21
25
17
21
16
18
21
19
23
21
23
14
14
21
24
22
14
19
32
26
25
20
24
19
22
21
25
19
23
32
23
19
28
26
22
25
25
22
23
26
34
19
20
27
27
30
33
24
24
28
26
36
25
19
29
31
27
23
38
28
41
34
32
37
30
33
38
33
28
32
36
35
40
49
23
29
41
39
26
38
37
41
39
40
37
37
43
35
35
45
39
43
51
44
45
50
48
49
59
39
42
46
45
45
49
52
66
53
57
59
52
64
56
60
55
60
62
66
46
67
60
69
68
78
67
67
84
70
77
67
63
81
75
81
87
79
82
86
105
81
83
100
82
96
77
74
91
82
73
83
82
72
99
74
78
66
71
83
87
90
84
95
72
78
75
89
68
89
83
73
74
71
85
77
59
91
89
77
67
74
86
78
79
83
79
87
64
86
71
74
67
80
77
68
78
85
62
83
81
74
92
98
92
73
81
70
75
70
60
77
82
81
81
72
76
79
79
73
85
85
81
93
91
87
75
69
87
60
71
75
78
79
81
75
63
97
81
74
91
83
63
86
82
82
101
80
67
74
81
76
72
75
93
70
85
89
52
80
76
79
85
75
83
73
67
75
69
95
80
65
87
96
83
82
76
83
82
96
83
79
77
81
85
100
114
64
74
83
80
93
85
97
85
89
103
85
104
113
119
149
173
181
193
214
258
358
330
378
477
532
599
700
711
818
842
843
842
825
832
849
717
759
669
633
516
488
422
358
301
296
234
195
180
170
155
128
121
98
112
81
94
103
109
101
106
79
91
114
91
98
99
112
92
111
100
122
101
102
125
106
98
126
98
105
123
101
112
98
120
95
108
102
106
101
98
121
111
95
116
113
106
103
108
125
120
112
109
118
124
115
117
123
116
105
110
135
112
125
102
119
119
128
140
143
151
140
134
145
154
169
182
192
214
180
201
199
198
218
195
231
220
204
220
229
210
213
203
175
203
201
170
165
145
135
153
157
171
173
138
146
165
137
158
150
145
156
140
156
164
144
160
164
157
163
141
149
165
181
171
163
152
156
177
191
200
144
160
172
182
173
185
142
191
174
211
176
157
194
184
186
190
226
225
210
220
221
191
201
212
219
219
240
206
234
223
209
248
213
245
265
232
244
259
241
248
273
281
301
264
292
312
325
292
277
308
294
313
310
329
330
332
315
350
323
354
326
317
355
345
321
339
360
397
365
355
344
340
398
369
355
365
366
373
388
385
364
343
334
355
340
337
375
376
339
335
314
374
347
367
325
358
328
304
317
342
345
280
300
314
321
290
295
323
289
279
268
262
286
289
267
282
280
259
258
262
258
241
250
267
256
220
227
263
241
209
236
242
232
195
210
234
229
237
224
241
241
213
236
231
216
216
231
225
210
205
222
212
209
212
218
209
215
224
248
203
211
204
238
190
168
202
200
227
202
172
210
219
205
197
209
210
211
198
209
231
219
210
213
227
219
217
205
234
209
203
208
215
203
229
234
221
225
243
214
220
218
214
234
241
238
231
220
232
221
239
250
238
224
252
248
238
226
249
244
264
258
255
257
257
221
260
250
258
258
250
252
245
256
231
248
242
226
238
249
225
267
251
259
233
250
242
272
257
270
265
233
228
242
225
238
229
231
244
265
250
222
224
245
221
230
240
269
240
232
233
227
278
254
246
268
260
249
249
266
233
235
249
235
239
276
238
225
240
266
226
253
239
238
238
262
258
255
227
251
251
254
227
252
227
242
245
223
225
250
221
243
236
238
244
234
244
252
237
236
269
268
258
258
255
258
267
285
270
251
286
282
240
262
255
262
265
260
240
268
258
285
251
248
248
272
262
270
276
295
254
271
266
280
254
291
289
279
258
273
271
247
274
313
256
263
293
299
306
273
282
238
272
294
289
265
250
286
295
269
258
289
302
255
264
266
275
282
278
270
322
282
275
300
305
279
268
283
292
304
315
293
287
297
272
303
309
319
280
291
296
331
305
306
279
293
347
300
322
298
296
332
310
297
320
315
309
304
320
260
344
328
302
324
253
284
336
329
336
316
311
279
326
314
273
314
273
321
285
297
318
327
286
305
278
278
285
291
289
271
276
305
281
290
295
299
268
290
322
296
292
287
252
302
272
277
273
289
269
303
289
261
273
292
301
283
301
271
257
301
287
284
270
286
243
276
281
253
263
301
304
265
265
281
238
286
273
276
255
262
252
277
258
272
243
235
259
242
267
266
253
260
258
274
239
252
257
246
239
238
251
249
238
248
271
286
278
259
248
270
260
245
267
275
256
275
258
265
283
244
262
259
279
267
229
264
290
257
252
247
252
265
257
259
254
276
252
263
281
316
252
243
257
249
276
249
264
252
266
270
277
292
282
226
259
249
273
271
287
278
256
252
244
259
303
275
286
271
274
284
258
250
265
289
241
274
262
249
277
265
255
260
269
252
274
274
250
274
253
229
272
253
258
257
281
254
285
284
264
279
251
257
257
264
274
268
253
219
262
255
276
276
237
249
239
281
238
283
296
271
273
285
247
257
302
262
243
304
277
280
266
242
268
240
277
257
297
274
280
264
282
256
272
299
272
265
288
291
261
313
266
266
282
295
295
270
282
278
290
320
297
281
292
294
288
291
284
300
282
341
285
302
319
290
307
305
317
337
336
305
313
322
327
332
317
330
337
280
350
348
354
332
356
348
320
325
326
358
369
343
349
350
363
347
314
381
342
343
376
382
389
392
412
400
414
374
439
421
433
435
450
425
394
477
449
455
448
511
482
481
483
472
498
484
509
525
502
547
620
630
609
581
623
639
648
650
657
692
727
715
805
822
839
816
841
853
994
904
1005
977
1045
1067
1054
1160
1155
1144
1177
1233
1265
1270
1248
1359
1392
1418
1404
1480
1440
1451
1506
1558
1542
1553
1529
1553
1644
1564
1568
1626
1578
1578
1650
1601
1571
1528
1532
1545
1496
1494
1475
1477
1496
1370
1395
1366
1365
1311
1304
1248
1169
1142
1134
1100
1121
1094
992
936
970
915
832
839
844
774
754
772
697
701
724
692
625
636
587
562
549
529
549
507
487
464
477
495
469
434
408
420
420
404
390
416
383
378
369
379
365
334
333
347
336
329
314
332
303
323
295
319
296
253
271
285
262
281
272
266
272
254
228
257
279
244
273
272
231
232
243
250
243
271
257
243
251
255
288
267
295
275
285
294
305
321
347
347
346
400
389
369
389
409
459
456
429
486
457
461
499
460
466
519
479
471
490
495
458
436
462
416
408
391
389
333
365
322
328
314
304
264
243
253
205
214
213
198
205
179
217
193
185
181
166
178
158
176
170
195
181
162
183
189
174
187
154
168
195
169
203
182
204
189
188
166
193
200
216
216
218
225
233
205
200
207
234
224
261
250
262
223
238
242
227
212
256
260
256
283
286
292
303
314
272
280
285
272
255
296
263
287
301
322
309
309
264
338
303
293
335
277
259
286
280
264
264
290
260
288
265
286
264
242
225
256
257
251
286
187
244
240
195
228
238
218
199
210
224
197
195
174
208
177
182
180
195
145
164
160
158
174
151
139
146
151
142
152
141
147
135
119
142
136
122
122
117
109
125
125
105
111
124
116
103
132
104
112
106
104
85
109
115
95
90
76
103
76
106
85
79
89
87
94
86
90
74
81
83
81
70
79
78
84
78
81
86
72
83
83
75
91
61
67
79
71
60
69
72
81
82
70
78
76
72
68
58
68
82
58
64
64
73
65
71
71
75
82
62
73
67
65
68
67
61
72
63
67
62
86
72
58
69
50
74
87
85
77
87
86
97
92
93
113
102
80
103
86
100
96
79
75
81
88
87
65
76
82
71
57
70
71
66
67
63
52
54
49
55
47
46
45
65
43
59
53
46
51
54
59
54
67
36
50
48
47
52
41
44
62
58
52
57
49
52
64
53
50
51
57
33
43
46
46
45
51
50
47
47
31
42
47
49
47
46
33
28
43
39
55
55
38
45
51
40
41
41
48
37
40
44
29
39
28
43
41
33
47
39
45
34
48
39
34
45
28
45
42
38
35
44
37
31
40
53
26
40
26
36
38
24
42
31
42
39
29
39
41
34
32
35
44
34
41
43
24
38
33
34
44
32
34
32
35
31
27
25
37
26
43
28
39
41
32
40
42
37
38
28
29
33
37
34
32
25
31
38
35
35
34
35
34
30
32
28
31
21
39
24
33
26
34
24
34
37
27
27
24
25
30
35
21
31
24
29
33
20
30
27
27
39
28
24
27
24
36
30
30
25
33
39
25
24
35
20
24
25
26
22
31
33
32
26
28
25
28
21
24
31
25
14
33
30
32
31
26
34
33
26
23
27
26
25
23
32
32
25
26
25
17
18
33
29
21
25
24
30
29
32
17
26
34
24
35
27
33
30
23
33
27
24
34
31
25
23
23
30
18
23
34
22
25
24
30
24
24
29
23
21
19
14
33
26
10
23
30
14
22
25
22
16
20
16
29
27
20
32
22
18
13
21
15
24
25
30
24
25
22
27
16
19
19
27
25
19
27
23
20
17
28
24
15
23
23
22
24
18
30
20
18
9
25
18
16
18
26
18
16
18
24
16
17
20
21
18
23
26
13
15
24
15
20
14
20
24
17
18
20
21
16
20
21
23
15
16
20
18
18
20
26
21
20
20
17
21
17
19
11
15
20
16
24
12
22
21
14
13
16
12
18
11
12
12
8
19
15
22
9
24
13
16
18
15
13
21
12
17
23
14
9
11
12
18
15
14
26
9
18
17
18
9
13
22
20
15
13
15
19
24
17
12
16
13
22
13
20
14
12
12
12
19
11
18
15
19
17
14
11
21
18
12
17
10
14
15
13
12
15
14
10
19
9
15
14
8
14
15
9
11
16
15
12
11
13
12
14
13
15
18
17
19
14
15
9
15
14
9
17
16
14
11
17
14
14
14
9
19
13
18
6
14
19
14
15
14
10
14
12
13
16
12
9
14
8
13
17
14
8
10
11
7
9
9
12
21
15
11
8
12
7
13
7
14
8
8
8
8
10
10
11
10
14
5
15
11
16
19
7
10
11
6
13
10
8
14
6
13
14
8
8
8
8
10
12
6
4
11
14
11
8
11
11
10
7
9
12
8
11
8
15
6
10
13
13
11
15
14
12
17
7
13
11
4
10
13
8
7
16
9
9
6
11
7
9
7
7
5
5
12
11
14
12
4
6
6
15
6
10
9
9
15
10
11
10
7
9
3
8
11
10
6
11
10
9
8
11
9
6
13
5
1
9
9
8
8
7
4
3
7
4
11
6
8
5
6
9
5
9
11
11
10
7
7
6
9
9
10
14
12
8
9
9
6
8
4
10
3
9
13
8
6
6
8
9
11
9
8
10
4
6
7
10
7
8
7
6
9
11
3
8
8
5
6
12
12
6
8
15
8
7
6
8
1
6
5
10
3
7
11
9
12
8
7
7
3
4
3
6
6
3
10
5
12
5
7
6
6
8
7
5
3
8
7
7
4
7
8
8
3
4
7
6
1
3
5
6
6
6
5
9
4
7
4
4
7
2
9
8
6
5
8
3
9
5
5
7
8
6
2
6
5
6
7
8
6
3
6
2
3
10
8
7
3
3
6
8
7
5
6
3
3
5
5
0
9
2
7
5
5
3
6
10
4
4
4
5
5
9
6
10
7
3
7
7
3
1
3
3
9
8
2
3
4
5
3
5
5
7
6
4
5
5
3
7
8
4
5
5
4
2
3
4
5
3
1
0
6
3
6
4
5
4
3
7
1
4
4
6
0
6
6
7
4
1
4
3
2
5
1
6
4
3
2
5
2
6
3
1
3
7
10
4
3
4
4
1
5
3
6
7
5
2
1
3
4
10
5
10
3
2
3
7
3
3
4
5
2
4
5
4
3
5
4
2
2
5
9
5
2
3
1
6
4
1
1
1
2
6
2
3
2
3
4
0
6
5
3
4
2
2
1
1
5
1
4
2
2
5
5
7
1
1
4
5
4
4
3
0
0
1
5
4
4
5
3
2
1
2
2
2
3
1
6
1
3
7
5
3
3
2
2
1
1
1
7
3
7
3
0
3
4
3
3
1
1
1
2
2
2
4
0
2
5
3
3
4
3
1
2
2
3
4
1
0
4
2
3
1
1
3
4
0
4
4
3
2
3
2
2
2
0
1
3
1
1
2
3
2
3
2
2
1
1
1
4
1
2
2
3
2
7
2
1
2
2
3
4
2
3
4
1
0
1
2
2
3
1
2
0
2
3
2
1
4
1
2
2
3
2
3
1
2
1
2
1
2
3
1
3
2
4
2
2
1
1
2
1
1
2
2
2
1
2
2
0
2
3
2
1
2
2
3
0
1
1
0
4
2
1
3
1
0
1
1
3
0
1
1
0
2
4
0
0
0
2
0
2
4
2
1
3
0
0
2
0
1
2
2
0
0
3
4
1
2
5
4
1
2
1
0
2
1
1
1
1
0
3
0
1
1
0
1
2
2
3
1
2
1
3
1
3
0
1
1
2
3
0
1
0
0
1
1
1
0
1
3
0
2
1
1
1
1
2
1
1
2
0
0
1
2
1
1
1
0
0
0
3
1
1
3
1
1
0
2
1
0
0
0
2
3
1
2
4
1
1
2
1
2
1
0
0
2
0
1
1
0
1
1
3
3
3
0
1
1
0
3
0
0
0
0
1
3
2
0
0
2
0
0
1
1
1
0
0
0
2
0
1
1
2
0
1
1
1
2
0
1
0
2
0
0
1
2
0
1
0
0
2
0
0
0
0
2
0
2
0
1
2
1
0
3
0
2
1
0
2
0
0
0
0
1
2
1
2
1
0
1
1
1
1
0
4
2
0
0
2
0
1
1
0
2
1
0
1
1
1
5
0
0
0
1
0
0
0
0
0
1
1
0
2
1
0
0
0
0
2
0
0
0
2
2
3
0
1
2
3
0
1
1
0
2
0
2
1
1
3
0
0
0
0
2
0
0
0
2
0
0
1
0
1
1
1
1
1
0
0
1
3
0
1
0
1
1
1
1
2
0
3
0
1
2
1
0
1
1
0
1
0
0
1
1
0
0
1
0
0
0
0
0
0
0
1
1
1
0
0
0
1
1
1
0
0
1
0
0
0
0
0
0
0
0
2
0
0
0
0
1
0
1
0
0
0
0
0
0
1
1
0
1
0
0
1
1
0
1
0
1
0
2
0
1
1
0
0
1
1
0
0
1
0
2
0
1
0
0
0
1
1
0
0
3
1
1
0
0
0
0
1
1
0
0
1
0
0
0
0
2
0
0
0
0
0
0
1
0
0
0
0
0
1
1
0
0
0
1
0
1
0
0
0
1
0
0
0
0
0
1
2
1
0
0
0
0
0
0
0
1
0
0
0
0
0
1
0
0
1
0
0
1
1
0
0
0
1
0
0
0
1
0
1
0
0
1
0
0
1
0
0
0
1
0
1
0
0
0
0
2
0
0
0
0
0
1
0
0
0
2
1
1
0
0
0
0
0
2
1
0
1
0
1
0
0
0
0
0
0
0
0
1
1
0
0
0
0
1
0
0
0
1
0
1
0
0
0
0
1
0
0
0
1
0
0
0
0
0
1
0
1
0
0
0
0
0
2
0
0
1
0
1
0
0
1
0
0
1
0
2
0
0
0
0
0
0
0
0
0
0
0
1
1
0
0
0
0
1
1
0
0
0
0
1
0
0
0
0
2
0
