0
0
0
0
0
0
0
0
0
0
0
0
0
0
0
0
0
0
0
0
0
0
0
0
0
0
0
0
0
0
0
0
0
0
0
0
0
0
0
0
0
0
0
0
0
0
0
0
0
0
0
0
0
0
0
0
0
0
0
0
0
0
0
0
0
0
0
0
0
2
1
1
5
2
3
1
6
0
1
7
1
6
13
41
134
401
978
2281
4939
9377
17069
28009
40949
54583
66040
72691
73375
66313
54804
41105
28215
17594
9727
4892
2301
955
405
150
38
17
6
6
2
2
2
0
0
1
2
0
0
0
2
1
0
0
0
0
0
0
0
5
96
61
60
59
55
41
53
53
56
52
51
50
48
54
54
54
43
54
48
56
38
49
54
45
44
58
49
54
51
46
44
52
45
55
47
39
41
46
47
33
41
49
45
50
63
47
45
47
47
38
32
53
41
60
48
45
40
43
53
58
57
30
49
40
42
45
56
61
50
58
78
69
65
89
97
98
97
95
95
77
66
62
65
60
64
70
48
47
50
61
57
40
49
43
42
55
47
55
51
55
48
61
59
69
72
76
68
85
86
86
115
99
117
105
145
133
151
143
172
177
185
187
194
258
302
421
714
1206
2117
3321
5423
8165
12033
16134
20784
25814
29472
32488
33844
33278
31109
27230
23185
18450
14191
10630
7746
5523
3984
2736
1984
1398
1047
822
572
421
311
232
224
211
241
265
294
378
403
472
443
430
365
338
302
200
167
139
95
76
72
57
65
36
49
37
25
26
19
13
14
10
10
12
12
9
7
7
7
11
12
17
10
5
19
8
7
13
10
9
16
9
13
9
6
9
5
8
8
11
3
10
7
5
9
8
15
11
10
10
8
19
25
24
24
22
31
20
32
21
23
19
28
28
14
24
23
17
18
15
16
21
14
13
15
14
20
15
11
13
25
16
18
19
21
19
19
12
18
12
10
9
9
10
12
7
7
8
6
4
7
7
7
11
8
2
6
3
8
5
8
4
7
4
8
8
2
8
5
5
3
8
9
9
9
10
11
12
19
18
28
11
13
24
37
23
34
35
30
22
25
23
19
20
13
13
13
9
9
10
7
5
8
10
14
12
16
15
19
12
12
9
8
8
6
14
7
6
10
8
5
8
6
5
7
10
8
9
4
8
6
8
8
7
6
8
5
7
4
5
8
4
3
3
7
9
7
3
2
6
7
7
8
5
9
1
4
8
11
4
6
5
12
3
5
7
6
6
8
8
8
7
8
5
7
5
3
12
10
3
9
7
4
6
5
7
7
10
5
5
9
6
8
4
8
7
8
9
5
7
5
7
7
5
6
8
7
13
7
5
6
11
9
9
8
14
8
7
7
5
15
9
7
9
8
2
4
11
6
9
5
9
6
6
9
5
10
5
10
11
5
4
10
5
9
8
3
13
12
6
11
8
7
7
8
8
10
8
7
6
8
11
11
5
7
7
8
8
4
11
9
7
6
10
14
9
14
11
10
13
8
15
13
13
4
12
12
10
9
13
22
14
16
9
15
13
9
15
14
21
26
9
6
19
10
12
7
12
13
9
10
14
14
18
23
13
13
22
12
14
18
18
13
21
17
13
14
24
18
22
20
22
20
22
21
22
17
19
15
10
10
17
23
18
18
22
16
20
15
14
11
17
19
16
20
14
24
18
21
25
30
15
15
12
20
31
20
18
33
27
27
26
19
23
22
24
18
18
17
24
20
37
24
18
39
21
24
26
22
31
35
34
27
24
18
27
27
26
29
30
32
38
30
37
19
32
37
30
26
31
34
36
35
48
45
40
40
37
44
42
44
39
33
37
32
34
43
41
40
43
45
43
44
36
51
48
39
35
50
42
44
58
35
36
61
47
39
45
48
56
42
52
70
46
55
50
46
75
60
50
48
67
67
77
62
59
55
58
72
66
59
71
63
75
84
75
74
84
80
88
72
95
79
93
87
81
84
102
93
94
97
79
75
76
88
81
84
70
82
97
82
78
57
77
81
91
58
77
75
80
78
76
80
69
71
69
78
73
80
68
80
70
71
53
81
78
86
75
69
70
81
83
79
97
64
60
67
58
81
56
73
77
66
66
66
74
76
71
93
75
66
77
85
56
67
88
67
67
67
76
69
78
65
61
64
77
68
75
85
75
72
65
71
78
90
65
71
80
74
59
68
66
68
80
58
68
66
61
63
80
75
74
67
67
75
68
71
73
72
76
72
78
67
69
83
65
70
80
80
81
67
86
45
78
67
69
80
78
80
76
88
66
91
60
72
69
84
70
70
72
65
74
90
88
77
95
79
72
87
83
90
112
119
110
112
133
155
184
207
213
254
332
369
441
454
557
616
726
746
785
790
882
858
824
800
756
736
709
618
583
530
494
392
337
328
247
228
191
161
165
134
118
122
118
124
111
114
91
82
98
96
88
105
93
91
91
86
108
114
98
99
96
106
97
88
97
106
117
97
100
97
118
103
100
100
81
113
125
103
110
99
84
96
121
113
94
101
106
109
98
110
100
103
116
106
104
120
96
129
91
111
109
121
117
133
104
126
135
118
115
138
133
145
150
157
178
163
215
159
193
203
217
210
235
244
227
249
233
215
179
187
194
198
195
167
154
167
153
146
125
167
144
144
131
139
138
155
163
133
160
175
144
154
163
168
156
149
145
172
143
190
148
183
163
192
155
162
184
155
176
174
166
161
166
169
164
181
160
177
165
161
193
172
177
220
184
193
210
204
203
186
203
186
206
196
194
223
209
207
221
219
252
205
219
215
229
251
251
220
230
228
236
264
268
249
282
231
260
254
234
284
252
249
264
258
295
258
259
292
256
273
272
260
265
276
290
251
273
290
269
295
287
257
262
248
248
239
271
247
271
224
244
236
252
203
213
225
232
242
255
251
243
244
233
232
221
182
237
240
187
224
213
240
219
232
211
195
199
210
228
224
202
199
223
191
179
189
211
198
197
186
200
209
222
181
225
218
193
210
189
193
239
179
169
204
165
201
194
198
203
216
200
212
219
188
196
177
201
227
202
199
217
175
203
207
171
204
205
192
166
220
200
203
197
197
209
206
214
221
192
218
194
192
203
211
202
220
179
209
208
195
163
201
184
211
213
202
204
196
204
201
216
182
211
208
231
222
203
202
193
235
208
198
188
218
199
201
185
226
223
188
224
215
199
193
220
219
192
212
235
228
199
224
208
210
238
215
180
226
223
193
223
204
213
228
205
218
225
251
219
215
229
215
233
208
230
221
218
245
198
211
214
228
212
261
226
240
270
220
227
236
256
238
253
261
229
226
226
252
235
243
235
226
241
233
248
265
231
227
220
246
235
216
245
249
268
244
264
240
255
238
259
260
249
227
278
255
240
224
228
239
241
262
241
229
263
243
269
266
268
256
227
260
292
251
231
267
272
234
260
267
234
226
279
248
250
256
226
220
257
263
233
273
283
250
269
262
286
284
237
267
278
273
274
267
260
274
259
310
259
269
265
263
270
263
274
256
254
285
239
311
286
264
313
281
307
300
292
280
286
264
290
307
286
275
308
281
318
287
266
306
292
286
291
291
274
287
294
265
300
329
296
292
343
293
280
307
307
324
301
302
314
306
317
339
303
299
318
298
307
303
328
282
326
333
306
309
321
295
279
296
315
300
292
318
338
284
305
325
302
315
273
289
331
308
309
315
287
272
315
282
296
295
312
315
288
264
289
259
277
313
295
283
262
281
276
273
303
275
265
296
293
264
261
276
263
252
292
280
268
284
247
285
298
276
280
249
303
296
254
248
231
277
271
248
274
224
246
280
273
274
280
234
269
262
269
269
254
233
260
270
261
258
233
294
252
253
256
258
253
270
232
273
249
239
222
280
232
257
237
254
260
278
247
232
263
241
254
262
272
268
248
268
257
262
279
272
252
261
257
243
263
270
251
270
253
265
268
255
271
246
272
228
253
263
245
261
257
259
265
285
250
250
235
264
257
267
255
243
270
248
271
237
241
273
240
251
271
255
255
245
223
247
256
263
257
256
231
250
256
272
279
254
226
252
236
255
244
248
250
234
250
238
253
250
254
254
243
246
257
214
259
255
246
245
261
250
254
245
283
244
278
273
259
257
258
261
246
247
245
265
239
248
254
230
272
264
239
267
235
263
279
282
241
235
254
251
263
247
240
259
241
254
278
252
284
296
236
270
270
263
288
280
256
266
248
260
252
246
245
244
269
283
266
263
262
278
276
262
245
287
231
245
276
283
224
254
285
287
285
295
275
271
236
249
287
264
287
306
262
304
267
297
291
256
253
285
284
292
304
274
278
300
307
295
317
285
320
308
282
357
307
317
321
316
319
324
328
321
335
351
365
307
347
325
301
330
312
389
356
365
343
378
357
362
378
356
396
383
390
405
402
419
431
380
445
398
419
411
461
429
418
477
459
467
497
483
480
526
538
548
530
531
560
625
604
552
578
659
666
726
684
728
750
778
775
812
879
874
921
871
941
985
997
998
1035
1056
1125
1124
1177
1126
1209
1269
1336
1358
1300
1365
1283
1374
1347
1415
1412
1409
1481
1438
1474
1541
1525
1524
1538
1438
1512
1488
1498
1485
1459
1390
1468
1442
1340
1441
1436
1342
1341
1232
1230
1198
1122
1168
1177
1045
1067
1042
980
927
927
885
909
837
806
771
764
725
701
646
618
591
592
614
578
497
526
532
506
507
491
438
471
460
435
407
417
411
390
392
393
350
340
336
350
356
315
375
324
318
345
295
312
305
303
279
297
287
297
258
281
264
276
278
246
269
230
215
236
223
265
216
231
188
264
233
209
231
242
229
242
218
214
213
269
269
255
272
271
258
279
277
304
317
283
351
315
343
346
396
402
371
431
432
444
415
426
452
438
434
429
458
460
419
417
411
400
410
355
357
387
375
325
313
339
316
266
260
228
230
224
196
198
188
201
174
178
156
160
148
162
157
160
147
157
170
154
173
164
160
155
169
161
163
152
144
174
147
179
168
157
170
179
159
179
164
153
185
177
194
199
174
193
199
198
195
211
192
224
210
211
257
225
218
198
216
230
222
247
226
234
230
257
241
288
265
253
248
284
254
246
296
252
286
248
250
269
257
237
274
261
255
230
246
244
241
267
246
243
207
254
225
240
189
260
230
231
246
230
197
206
213
198
205
211
191
205
171
186
192
178
165
170
148
142
139
147
144
151
147
130
126
147
149
130
141
111
118
133
138
127
132
135
104
113
98
113
101
99
108
108
101
79
101
98
89
93
99
107
90
92
92
99
73
87
83
97
83
72
73
66
76
93
79
81
69
79
77
81
84
61
70
67
69
65
59
86
57
72
54
59
68
58
60
61
59
65
69
57
74
62
55
70
69
70
77
61
79
71
45
62
82
58
59
55
57
51
65
56
51
58
48
53
59
73
53
54
63
59
55
59
80
64
73
75
74
68
77
72
93
85
85
71
96
77
70
79
85
77
86
58
71
79
64
83
54
83
58
61
60
60
41
48
44
58
39
45
47
37
51
61
33
44
41
32
42
50
52
49
43
44
44
43
43
45
48
41
42
45
45
44
33
26
32
42
44
40
49
37
35
32
53
38
44
39
34
36
41
42
32
29
38
37
38
36
48
31
32
36
39
35
39
34
26
34
34
29
30
26
31
45
37
36
46
36
32
29
27
32
38
34
19
38
36
34
35
28
22
28
31
18
35
36
21
32
29
34
40
33
30
35
35
36
34
25
26
28
24
28
27
38
38
30
32
32
31
29
37
24
24
27
25
34
37
23
16
25
39
29
39
16
34
27
35
29
26
27
27
41
32
33
33
28
35
36
43
36
20
33
22
32
20
35
26
27
24
25
37
27
28
37
31
27
33
28
32
34
16
25
25
27
29
23
27
17
26
25
28
25
17
30
28
25
15
24
23
31
21
31
25
19
23
24
20
34
20
38
27
27
27
31
22
25
27
17
23
18
19
30
15
20
27
22
23
27
26
21
24
25
28
25
22
25
27
21
25
29
17
21
22
19
17
23
19
26
17
17
22
26
28
27
32
26
24
22
28
19
19
17
28
20
18
19
30
19
23
22
22
20
21
23
16
17
24
14
16
20
26
17
18
23
18
23
17
16
16
17
15
23
17
18
18
20
20
16
18
18
22
19
25
15
16
17
9
24
16
25
22
22
23
19
24
12
19
14
24
21
16
22
17
19
17
21
10
15
23
16
18
14
13
21
10
14
29
11
17
16
12
21
20
17
21
13
22
18
14
24
12
15
24
15
16
13
16
16
26
12
16
13
9
18
16
19
17
11
12
19
17
19
14
13
16
16
17
22
12
15
8
11
20
15
12
17
24
17
10
14
13
11
12
15
18
11
14
11
12
10
17
10
19
19
14
9
16
14
17
18
10
11
11
18
17
13
15
15
9
11
14
10
19
12
9
16
15
14
12
12
17
18
14
15
13
9
8
11
20
20
15
10
12
6
11
7
10
8
13
11
16
10
14
10
21
10
5
9
16
17
12
13
8
9
10
8
12
16
18
18
12
9
11
15
10
11
6
13
12
8
11
16
8
14
11
6
10
11
12
10
13
9
14
10
10
10
12
13
10
21
10
8
6
18
10
9
8
11
10
9
9
8
8
13
12
12
7
8
11
9
12
9
14
6
11
11
8
8
9
12
8
10
6
9
6
9
7
10
6
18
8
12
5
7
10
15
4
10
8
4
7
9
8
8
7
5
10
10
5
11
12
6
15
12
11
4
10
4
8
8
8
7
11
7
10
14
10
8
14
7
8
6
6
6
4
4
9
6
11
8
7
7
8
9
8
12
11
6
9
9
3
13
5
10
12
9
5
10
4
7
3
12
7
13
4
15
10
8
3
8
10
5
9
4
8
8
5
8
9
6
5
7
15
9
10
7
13
7
7
6
6
5
9
7
10
6
2
10
7
4
9
8
11
8
10
15
5
11
5
8
5
10
5
7
7
9
10
4
4
5
6
8
7
8
7
6
8
10
7
4
4
13
3
7
5
7
10
7
10
8
8
8
6
6
10
6
4
7
3
6
7
2
5
3
8
6
2
9
6
7
9
4
3
5
5
5
8
7
5
1
3
4
5
3
12
7
3
9
4
1
9
2
4
5
5
5
5
9
4
5
5
8
3
3
2
7
4
4
2
5
5
5
9
3
2
4
6
3
2
4
4
5
4
6
3
5
4
3
11
4
4
6
3
6
4
4
11
6
3
2
8
5
4
6
5
2
5
2
8
4
5
13
2
3
9
3
5
3
0
5
3
5
4
4
2
6
4
3
2
6
5
4
7
3
5
5
2
2
4
4
10
2
7
4
0
5
2
7
4
6
6
3
3
3
6
7
1
5
2
2
1
3
5
1
0
6
0
3
4
6
2
4
1
1
5
4
5
4
2
4
3
3
6
3
8
1
5
4
3
1
1
1
3
2
1
3
2
8
3
3
2
2
4
2
4
1
4
2
5
3
4
4
1
4
7
2
3
1
2
3
3
3
2
4
2
6
4
1
4
4
3
6
2
1
1
1
4
1
6
1
4
4
5
3
5
6
7
1
2
8
2
2
2
6
4
0
4
3
2
3
2
1
3
1
3
6
4
6
0
3
2
1
2
3
2
0
3
7
4
2
3
1
7
1
2
3
1
1
2
0
1
3
9
2
2
2
1
5
3
3
4
2
4
7
3
3
1
0
3
3
3
0
3
5
2
4
2
0
8
2
2
2
3
0
2
3
3
2
2
2
4
2
3
2
2
2
3
4
1
1
2
3
2
2
4
5
3
4
3
0
0
0
0
1
1
2
2
0
2
0
1
1
1
2
2
2
3
2
0
1
6
3
3
1
3
3
1
2
2
1
0
0
1
1
0
4
2
4
1
1
1
2
2
0
1
0
1
4
0
0
1
1
2
4
0
2
2
1
2
0
2
0
0
1
3
0
1
2
2
2
0
1
3
4
2
1
2
1
0
1
2
4
3
2
0
0
1
0
1
2
0
1
1
0
1
0
2
1
1
2
0
0
2
3
1
1
1
2
0
3
0
0
1
1
1
2
1
0
2
2
2
1
3
2
1
3
0
3
1
3
0
2
3
3
1
0
0
0
2
1
0
1
4
2
1
2
0
3
2
0
1
1
4
2
2
2
1
4
4
2
2
0
0
1
0
2
1
2
1
1
0
0
0
2
0
1
1
0
1
0
0
1
0
0
1
2
2
1
2
1
2
1
0
1
0
1
1
1
2
1
0
1
1
0
2
2
4
0
2
1
0
0
0
1
1
1
1
3
2
1
3
0
0
0
1
1
2
1
0
0
1
2
1
1
2
1
0
0
1
1
1
2
0
0
1
0
1
0
0
2
1
0
1
1
3
0
1
0
2
0
1
2
0
0
1
1
1
2
1
1
0
0
3
1
0
2
2
0
1
0
1
1
2
1
0
2
0
1
0
1
0
1
1
1
1
1
2
0
0
0
3
1
0
1
0
2
1
1
2
1
0
0
1
1
0
1
0
0
0
1
0
0
1
0
1
1
1
0
1
1
0
3
1
0
0
1
1
0
1
1
0
0
0
2
1
0
1
2
0
1
1
1
1
1
0
0
0
2
0
1
1
0
0
1
0
2
0
1
1
0
0
0
0
0
0
1
1
0
1
1
2
1
0
1
1
2
0
1
0
0
0
0
0
1
0
4
1
1
0
0
0
1
0
2
0
0
2
0
0
1
1
2
1
0
0
0
2
0
0
0
0
0
1
0
1
3
0
1
0
0
0
0
0
0
3
2
1
0
0
0
0
1
0
0
0
0
1
0
0
0
0
1
1
0
1
0
0
0
0
0
1
0
1
0
1
1
1
0
1
0
2
0
0
1
0
0
1
1
0
1
1
2
1
0
1
0
1
1
0
0
0
0
0
0
1
1
0
0
0
2
1
1
1
1
2
1
1
0
0
0
0
0
1
0
1
1
1
0
0
1
0
1
1
0
0
1
1
0
0
0
0
2
0
1
0
1
2
0
1
0
0
1
0
0
0
1
0
0
0
0
0
0
0
1
1
2
0
0
0
0
0
0
0
0
0
0
0
1
0
1
0
0
0
1
0
0
0
1
1
0
1
0
0
0
0
1
0
1
1
0
0
1
1
0
0
1
2
0
0
1
0
0
0
0
0
0
0
0
0
0
0
1
1
0
2
0
0
0
0
0
0
1
0
0
1
0
0
0
0
1
1
0
1
0
0
0
0
0
0
0
0
0
0
0
0
0
0
0
0
0
2
0
0
1
0
0
1
1
1
0
0
0
0
0
2
0
0
0
0
0
0
0
1
0
0
0
0
0
0
0
1
0
0
0
2
2
1
0
0
0
0
1
1
0
0
0
