0
0
0
0
0
0
0
0
0
0
0
0
0
0
0
0
0
0
0
0
0
0
0
0
0
0
0
0
0
0
0
0
0
0
0
0
0
0
0
0
0
0
0
0
0
0
0
0
0
0
0
0
0
0
0
0
0
0
0
0
0
0
0
0
2
0
0
0
2
1
4
4
3
5
1
3
2
1
2
2
6
4
7
38
114
373
962
2242
4794
9628
16894
27762
40705
54738
66250
72793
73544
66299
54930
41442
28142
17445
9919
5065
2319
963
388
125
48
12
10
4
0
3
0
2
2
1
1
1
0
0
0
0
1
1
0
2
0
0
0
8
64
62
58
59
59
52
65
63
53
59
45
58
45
63
48
59
46
66
50
65
55
61
63
50
49
64
57
44
51
44
58
57
49
52
59
50
53
37
44
55
51
55
50
48
40
51
41
45
47
54
52
45
56
53
45
43
63
40
51
50
62
57
45
42
68
74
57
60
57
72
81
87
96
106
113
107
105
95
86
89
66
73
79
61
61
54
68
52
48
44
45
50
61
53
58
46
53
62
68
64
66
63
65
84
66
68
92
97
90
88
101
104
113
129
143
164
156
151
206
209
199
243
269
320
452
628
890
1411
2168
3573
5557
8498
11962
16305
21524
26025
30249
33369
34495
34324
32019
28393
24023
19280
15075
11084
7976
5821
3993
2954
1946
1515
1084
825
594
429
338
265
239
228
257
287
338
373
408
437
443
397
366
332
260
223
203
138
105
79
58
60
57
42
26
32
24
25
21
21
17
16
10
11
14
18
9
14
8
15
8
13
12
10
4
11
9
3
12
14
9
6
15
5
11
11
12
7
5
6
12
10
13
11
18
10
10
16
14
16
11
22
12
22
17
20
32
28
20
26
27
21
20
16
21
17
28
29
31
29
19
20
23
15
18
29
14
27
19
15
24
21
19
20
19
16
18
10
16
17
10
8
12
15
11
17
6
13
3
3
7
11
5
6
10
3
6
4
10
7
10
9
3
5
4
5
8
9
8
4
3
8
10
5
12
9
9
11
16
11
24
18
16
29
32
22
26
25
28
29
19
20
21
10
10
11
12
12
12
7
7
7
6
13
7
9
8
15
12
15
10
6
10
8
8
8
12
2
8
5
7
2
7
4
7
4
6
7
5
7
7
4
4
8
3
7
4
7
5
10
7
7
8
6
12
7
10
7
7
6
5
8
6
7
7
6
2
3
5
7
5
7
3
4
9
13
6
3
1
4
11
9
9
9
2
2
7
8
11
8
5
5
7
9
10
6
5
4
8
5
9
6
8
11
6
7
5
8
12
5
4
8
7
9
5
6
7
4
8
3
6
11
4
5
6
3
7
9
10
12
7
13
7
11
7
10
8
14
8
5
7
8
8
8
9
9
16
9
11
12
10
7
12
7
10
6
11
10
7
12
16
11
8
10
13
15
10
6
10
8
5
12
11
4
8
9
13
12
9
10
8
11
9
11
10
12
10
21
10
14
9
6
10
13
15
13
14
21
16
8
11
14
12
20
8
17
13
13
11
20
21
15
17
17
16
17
15
17
11
11
28
19
17
19
16
15
22
18
21
21
21
24
17
11
23
19
14
13
13
17
19
14
16
16
12
21
18
13
21
14
16
19
17
21
21
22
20
17
18
22
25
14
16
18
15
14
17
18
19
21
22
16
16
21
19
21
26
24
26
23
22
25
24
23
26
17
25
24
27
20
21
19
28
29
25
32
25
25
29
34
29
23
28
33
25
25
35
28
25
27
34
36
27
20
27
29
23
33
20
35
39
29
32
33
30
34
38
34
48
37
37
32
34
43
41
32
37
41
45
46
38
40
38
43
36
37
46
53
42
39
43
42
52
32
55
51
53
42
58
50
42
48
55
46
60
53
48
58
46
71
56
64
74
51
57
57
57
66
67
70
53
63
53
78
55
64
68
73
69
80
82
81
91
90
86
91
94
76
88
97
85
90
99
72
92
84
91
76
96
88
83
79
68
75
86
57
72
76
70
88
67
88
74
84
51
81
82
91
78
76
91
84
66
84
86
92
71
76
68
86
74
81
74
78
85
99
80
86
81
52
83
94
84
87
79
78
78
91
82
78
77
82
59
99
75
81
69
75
78
67
66
74
69
89
86
78
77
97
64
77
99
61
80
82
73
85
77
82
85
56
101
67
77
63
77
76
67
81
70
72
69
94
78
82
76
68
82
86
74
78
79
71
68
82
75
84
71
103
87
74
80
68
72
69
89
80
100
69
77
85
86
81
86
77
76
85
81
73
88
76
85
121
88
84
90
96
86
80
90
77
88
94
91
113
120
150
185
158
206
227
287
314
376
400
475
592
612
636
742
759
811
834
836
857
803
786
750
746
657
602
545
436
422
403
299
240
244
212
181
123
145
118
109
112
101
104
107
120
105
92
105
106
88
87
95
89
91
103
111
107
84
88
107
115
106
102
107
104
103
109
96
111
97
94
120
102
110
92
92
140
101
99
113
86
98
111
98
112
125
108
108
105
102
127
120
112
87
126
119
116
128
121
104
113
110
106
118
111
131
113
137
142
141
172
161
151
155
169
184
185
195
201
206
220
238
229
229
209
209
211
226
204
189
200
184
163
167
165
164
150
144
138
141
141
149
136
154
158
142
137
174
141
150
142
160
142
162
157
156
157
169
197
183
156
156
158
171
170
160
172
179
176
178
179
191
193
170
188
181
187
180
166
173
182
206
185
201
208
193
210
203
203
221
183
187
210
212
218
234
241
216
235
221
248
260
233
253
229
245
265
225
273
239
263
275
246
299
309
307
300
320
298
282
331
320
308
314
345
308
350
339
321
349
373
331
309
385
360
371
409
367
358
350
372
374
354
373
345
372
375
349
387
344
359
382
352
332
325
347
344
324
316
326
336
333
327
339
322
299
313
312
338
304
292
310
275
324
278
273
321
251
288
287
284
262
248
283
250
267
246
256
252
244
246
249
251
252
250
223
261
211
257
210
218
248
229
250
218
223
230
202
219
251
206
247
208
190
219
222
208
217
217
203
224
207
187
183
256
215
216
225
197
212
189
211
238
247
224
212
221
198
207
183
196
198
196
246
198
219
249
203
183
226
206
193
209
213
218
229
236
241
209
214
231
224
228
210
225
205
248
244
230
205
232
241
240
246
235
263
246
226
248
224
259
203
251
231
250
230
274
258
247
256
264
241
246
252
265
258
232
254
261
283
228
242
238
223
257
245
215
235
260
249
233
245
230
216
265
216
237
260
212
238
285
240
227
225
251
226
242
260
218
248
255
220
242
232
245
250
259
263
219
233
273
244
241
254
255
234
247
217
243
250
224
233
239
258
255
229
244
257
243
281
225
220
239
244
252
253
268
225
222
251
239
200
242
228
257
255
232
229
216
253
228
267
263
226
250
265
277
242
264
257
245
258
231
269
261
257
267
278
224
247
259
255
237
285
261
239
246
295
261
220
269
275
267
239
278
242
260
281
255
266
269
284
274
264
268
298
260
239
285
273
256
280
279
288
272
264
255
319
294
307
303
243
283
288
326
279
278
301
264
286
291
291
263
283
290
309
322
278
302
315
298
309
285
309
265
275
311
279
310
282
300
311
302
289
305
297
326
323
286
288
318
293
303
296
291
275
315
316
301
325
330
318
296
310
317
298
314
324
318
309
293
291
274
288
287
293
310
323
274
285
324
326
305
279
308
275
262
319
290
320
309
277
284
259
266
314
294
291
264
282
300
311
300
286
300
307
273
290
278
271
248
271
287
246
266
315
285
276
288
288
310
231
288
267
282
275
252
251
267
269
305
269
276
270
319
293
282
307
238
282
295
260
258
277
290
269
261
263
247
262
265
258
277
257
258
243
281
253
272
259
257
251
266
264
262
262
283
272
279
272
262
271
236
308
274
261
267
258
286
276
264
277
256
250
267
254
267
250
258
252
281
290
275
279
265
270
278
258
248
264
252
238
272
277
236
278
247
281
271
302
269
261
267
257
280
278
260
274
271
268
242
259
245
259
248
287
293
249
250
225
238
240
259
264
259
233
225
276
258
280
300
283
282
258
267
272
259
229
271
275
254
257
246
275
241
269
279
279
264
281
290
264
242
242
265
290
281
255
256
284
245
251
261
249
280
269
266
262
224
258
263
257
278
282
235
298
261
280
281
258
268
290
271
279
276
276
250
308
268
282
271
274
271
272
244
269
259
293
269
278
278
305
285
313
284
263
292
279
280
274
270
294
307
273
272
288
273
298
276
289
279
284
317
283
302
307
320
308
289
306
321
277
320
259
324
304
314
281
322
348
337
285
326
305
308
308
288
336
334
384
354
341
351
358
357
335
354
367
354
351
365
351
330
373
374
388
367
393
435
392
415
392
430
404
395
425
448
427
415
422
431
476
431
412
465
435
455
467
477
500
525
532
508
507
537
561
561
535
596
641
596
659
648
683
643
772
754
714
801
806
861
843
860
945
950
893
993
1048
1101
1074
1119
1165
1188
1175
1200
1231
1231
1237
1315
1376
1396
1360
1483
1440
1485
1493
1572
1549
1573
1592
1640
1543
1639
1606
1593
1552
1683
1597
1569
1593
1544
1576
1472
1499
1522
1554
1453
1475
1393
1355
1374
1320
1296
1223
1165
1151
1154
1163
1084
1109
1061
994
972
1015
888
891
812
793
724
781
716
760
629
651
635
581
645
642
601
579
544
538
540
520
458
457
448
460
464
399
416
401
400
367
360
376
324
338
369
390
340
361
287
345
357
347
311
344
298
303
322
305
287
296
262
307
282
271
267
258
245
266
228
255
247
256
252
252
252
237
244
256
254
251
234
243
262
262
286
264
294
281
290
320
321
321
358
325
351
371
376
397
445
433
431
437
478
433
463
485
487
493
502
476
486
473
469
458
468
494
408
425
400
346
339
326
296
326
314
290
278
221
253
220
202
235
203
172
182
195
179
176
171
152
185
190
169
181
188
167
165
181
169
189
174
165
173
176
185
174
192
184
173
172
179
223
214
194
203
222
211
202
239
219
245
219
230
228
243
249
208
231
220
219
230
256
244
278
253
298
281
283
271
271
280
229
298
281
337
312
234
299
281
285
301
269
310
289
293
265
290
273
268
300
287
314
272
284
284
278
273
263
254
266
256
223
228
219
235
205
254
228
247
206
225
214
208
211
202
226
179
197
197
151
162
162
172
162
170
176
143
174
133
152
138
154
139
152
151
137
120
129
131
114
133
114
110
130
94
127
96
109
100
108
97
102
101
86
116
94
101
97
95
92
95
85
78
85
88
92
77
83
91
102
93
95
72
77
76
88
85
80
81
91
84
71
60
73
74
73
67
75
69
78
73
71
63
70
70
70
76
70
65
67
69
59
58
62
67
63
51
61
68
61
74
66
69
60
63
70
77
49
64
57
64
74
64
66
71
52
61
80
64
70
82
73
75
78
75
103
86
78
85
82
99
94
93
74
98
96
92
99
85
70
70
77
68
53
68
55
60
58
68
65
50
56
45
57
57
55
52
46
70
52
42
56
41
61
49
43
55
37
54
56
46
59
56
63
47
57
35
52
55
55
41
48
51
59
43
51
42
40
55
43
36
39
46
32
40
43
39
37
41
35
46
40
42
41
45
48
35
42
45
45
50
36
49
37
43
42
40
43
58
32
54
55
39
48
44
42
34
36
42
37
37
44
37
35
54
44
43
40
37
37
38
46
47
36
44
47
47
33
38
38
26
33
36
34
37
37
35
35
30
38
35
41
50
37
43
38
35
34
25
30
46
37
30
31
43
35
29
32
39
33
28
30
34
36
32
29
33
28
31
26
33
27
36
31
41
34
33
46
26
41
30
29
36
29
29
31
29
42
30
40
22
37
30
41
23
30
30
30
22
29
43
27
32
30
27
25
25
20
29
26
28
16
38
26
32
19
22
20
36
17
39
34
23
33
31
28
27
36
38
30
33
27
29
14
26
36
29
33
25
28
33
30
19
35
33
28
35
29
21
19
29
22
29
28
33
29
25
35
23
24
34
19
30
18
30
29
27
26
25
28
21
23
25
26
25
24
18
21
36
22
22
28
26
21
21
27
22
21
25
26
30
19
24
25
29
25
19
24
25
26
21
19
27
24
23
26
24
20
23
23
25
19
19
20
27
19
30
25
15
19
22
23
28
25
22
17
19
20
15
23
23
30
22
18
13
26
26
19
19
17
20
23
20
28
19
21
22
20
19
17
25
25
22
18
13
17
23
25
22
16
19
26
22
24
19
24
22
15
19
17
21
14
27
21
8
22
16
19
17
23
19
19
14
28
11
23
21
10
15
11
18
15
12
16
23
19
15
16
16
23
13
17
19
23
23
21
15
13
21
16
28
24
22
19
26
17
17
16
14
17
15
16
19
16
19
18
15
11
19
10
25
22
20
16
17
15
8
15
14
21
14
22
20
15
20
11
17
9
15
9
13
12
19
13
14
17
13
16
18
12
20
23
11
11
13
21
14
20
16
16
11
12
19
10
17
18
21
16
11
20
17
11
16
18
10
17
19
16
9
21
13
19
16
15
18
13
9
13
14
13
7
14
14
15
11
11
19
21
6
23
12
7
12
10
12
12
8
15
9
7
12
11
7
18
15
11
11
11
15
14
14
10
14
10
18
6
13
17
10
11
13
15
13
14
12
14
20
8
12
20
11
12
17
8
3
11
7
7
5
7
10
15
6
11
7
12
5
12
14
6
9
11
8
17
16
10
12
8
7
5
12
17
13
16
13
5
7
18
6
13
9
8
13
8
10
2
6
14
7
11
9
12
7
8
13
10
8
13
9
14
10
13
9
10
9
8
11
4
8
11
13
11
14
14
9
11
6
10
11
14
10
8
12
8
10
14
6
9
10
11
7
10
11
9
8
6
12
5
9
10
11
9
9
9
4
5
12
12
10
4
14
7
6
9
8
8
5
8
8
8
6
8
9
6
2
9
10
6
7
12
7
14
7
9
7
6
14
6
6
6
7
8
5
5
12
6
11
6
12
6
8
4
5
10
7
5
9
5
8
6
7
4
6
7
5
9
3
9
12
5
12
10
4
6
4
7
6
7
3
7
7
8
10
16
4
7
6
5
6
10
8
5
6
10
6
3
5
10
6
2
4
7
3
3
12
12
3
5
5
6
4
5
12
8
5
9
0
6
6
7
4
4
4
1
5
4
4
7
4
5
4
2
6
4
4
4
4
6
6
3
1
5
5
8
7
4
4
10
4
5
3
4
8
7
2
3
5
10
5
4
4
4
7
7
5
3
7
6
3
8
2
4
7
8
2
6
3
7
5
4
4
6
4
4
8
6
1
6
2
3
3
3
4
2
5
4
3
5
8
2
2
3
7
6
6
5
0
4
3
4
8
1
3
3
4
8
5
1
4
4
3
4
1
3
3
4
4
5
4
5
2
5
5
4
3
3
2
5
4
3
7
9
2
5
2
6
2
4
2
2
2
3
4
4
7
5
4
6
3
4
2
8
1
5
4
5
6
3
2
6
6
3
3
3
6
3
6
5
5
4
5
2
2
7
1
3
5
2
7
4
2
2
1
4
6
5
3
4
1
3
3
2
4
2
3
4
6
2
3
3
1
4
3
1
0
4
0
4
0
4
2
4
2
5
2
4
3
3
4
2
0
1
2
2
4
7
3
6
2
6
4
3
3
6
2
2
2
2
2
3
3
1
3
4
5
5
1
5
3
6
3
2
1
3
3
3
5
0
4
3
5
5
1
2
4
4
2
4
3
3
5
2
3
1
2
4
2
4
2
3
3
3
4
2
3
4
2
1
2
2
1
2
3
0
1
3
3
7
2
2
1
2
2
1
5
3
0
1
3
2
1
1
4
2
4
1
3
1
1
1
2
2
2
3
4
3
1
3
3
4
1
2
1
2
3
2
2
3
4
2
3
2
4
1
2
1
1
1
2
2
0
1
3
3
3
4
0
0
1
2
4
2
0
1
6
2
1
1
2
1
2
0
4
1
2
2
2
0
1
0
1
2
1
0
2
3
5
3
0
1
0
0
0
3
1
1
3
2
0
1
7
3
1
4
1
0
2
1
3
2
1
2
0
1
2
2
2
2
3
2
3
1
4
1
2
1
0
2
1
4
3
1
0
3
4
1
2
1
1
4
3
0
3
0
0
2
2
0
1
4
2
3
0
0
2
0
0
1
2
1
1
1
1
1
1
2
0
0
0
3
1
3
1
5
1
2
2
1
1
0
2
2
1
2
0
0
1
2
2
0
1
1
1
1
0
0
1
0
1
0
1
1
1
0
1
1
2
0
0
2
2
1
3
0
2
3
0
3
1
1
1
0
0
1
0
0
2
0
3
0
1
0
3
0
3
0
1
1
1
1
1
1
0
2
2
1
2
1
0
0
0
1
0
1
2
0
0
2
1
1
0
1
0
2
0
2
0
3
0
2
0
1
3
0
1
2
0
0
1
1
0
1
1
0
0
1
2
3
1
0
1
0
2
1
1
0
1
3
1
1
2
0
3
0
1
0
0
2
0
0
1
1
0
1
1
2
1
1
0
0
1
2
1
1
0
1
1
0
1
1
0
1
3
1
1
0
0
1
1
0
0
0
2
0
0
0
2
0
0
2
2
0
3
0
1
1
2
2
1
1
1
0
1
0
1
2
1
1
0
1
0
1
1
1
0
0
0
1
0
1
1
0
0
0
0
0
0
3
2
1
0
1
0
3
1
1
0
0
1
0
1
0
1
1
0
1
1
0
1
1
1
0
1
0
0
0
1
0
1
0
1
0
2
0
0
0
0
3
1
0
2
1
1
0
1
1
1
0
1
0
0
0
2
0
1
2
0
1
1
0
2
0
0
1
0
0
0
1
1
0
0
0
0
0
1
1
0
1
0
1
1
0
0
0
0
2
1
1
0
0
0
0
0
2
0
0
1
1
0
0
0
0
0
1
0
0
0
0
0
1
0
2
0
0
0
0
1
0
0
0
1
0
1
2
0
1
0
0
1
0
2
1
0
0
0
0
1
0
0
1
0
0
0
0
1
0
0
0
0
1
1
1
0
0
2
0
1
0
0
0
0
1
0
0
0
1
0
0
0
0
0
0
1
0
0
1
0
0
0
0
0
0
0
0
0
2
0
0
0
0
0
0
0
0
0
2
0
1
0
0
0
0
0
0
0
0
0
1
0
1
0
0
1
0
0
2
1
0
2
1
0
0
0
0
0
0
0
1
0
1
1
0
0
0
0
0
0
0
0
0
0
1
0
0
0
1
1
0
1
1
1
0
0
0
1
0
0
0
2
0
0
0
0
0
0
0
0
1
0
0
1
0
0
0
0
0
0
0
0
0
0
0
1
0
0
0
0
0
0
0
1
