0
0
0
0
0
0
0
0
0
0
0
0
0
0
0
0
0
0
0
0
0
0
0
0
0
0
0
0
0
0
0
0
0
0
0
0
0
0
0
0
0
0
0
0
0
0
0
0
0
0
0
0
0
0
0
0
0
0
0
0
0
0
0
0
0
2
1
1
2
6
2
4
3
2
1
5
2
2
6
3
7
5
14
34
135
342
885
2143
4830
9494
16869
27584
40779
54467
66181
73274
73600
66597
55064
40918
28466
17407
9935
5019
2369
1011
377
146
62
13
5
4
1
0
0
3
2
2
3
1
1
0
1
1
0
0
0
1
0
0
0
7
85
58
68
54
62
51
60
55
55
77
63
76
67
62
65
59
56
52
51
59
70
42
49
54
58
57
49
56
53
49
55
64
64
47
41
53
62
49
56
48
40
47
48
47
66
58
68
51
45
48
53
44
60
49
46
61
44
58
49
55
59
48
44
50
52
58
55
65
70
79
77
81
87
110
81
95
87
96
96
93
95
62
74
58
71
67
55
46
65
53
51
58
49
58
59
73
50
59
50
66
81
85
73
73
72
94
84
114
80
120
108
108
135
133
142
162
161
166
175
186
222
211
260
338
399
626
928
1431
2280
3512
5667
8635
12043
16433
21174
26386
30452
33604
34731
34423
32081
28846
23841
19498
14960
11145
8085
5691
4018
2916
2139
1550
1112
782
578
443
311
239
226
232
262
283
332
381
425
474
433
455
367
326
267
200
168
128
102
58
62
52
57
33
41
22
34
29
27
13
14
9
11
14
11
9
14
19
10
5
13
10
11
7
12
11
10
13
13
10
15
14
7
16
6
10
13
7
12
8
6
10
12
13
12
13
13
15
10
12
9
17
18
29
21
32
31
24
25
23
18
20
19
18
29
25
18
21
22
32
21
19
23
21
31
28
20
28
21
15
13
17
15
24
28
12
19
9
17
13
11
11
12
12
14
12
6
8
5
11
7
8
1
7
6
8
6
10
14
6
7
3
9
9
6
6
10
6
9
7
7
12
8
8
8
9
6
12
15
16
16
19
26
23
26
27
35
27
21
26
25
19
19
14
18
12
5
5
10
8
8
11
9
11
11
13
17
18
14
10
10
12
14
11
7
17
9
13
9
9
3
7
3
8
9
5
9
11
7
6
4
8
8
5
7
10
8
11
2
2
7
10
7
5
8
4
7
6
3
9
9
11
7
11
6
4
8
6
6
5
10
8
11
8
5
7
3
6
5
6
5
9
3
9
6
7
5
11
7
7
12
4
6
6
6
6
7
5
8
7
4
4
6
8
5
1
6
8
6
7
15
3
5
9
9
15
3
7
6
9
7
3
12
9
0
6
10
10
9
5
9
11
13
6
9
8
5
9
7
11
4
9
10
6
4
10
8
16
10
8
13
12
8
6
12
10
9
7
5
8
7
9
4
13
3
14
12
12
12
8
10
11
12
8
13
7
15
7
15
5
12
12
7
8
13
10
14
10
14
15
9
11
16
14
13
15
11
8
11
24
10
13
13
16
13
9
20
18
14
12
18
13
16
20
21
15
15
16
16
21
17
16
17
13
22
11
23
11
25
23
23
24
18
18
20
17
25
16
16
17
15
25
17
10
20
21
16
24
22
18
14
23
15
18
14
13
18
21
20
18
20
17
19
10
15
26
21
18
15
27
31
23
16
14
20
15
13
15
18
16
21
23
18
29
28
26
26
14
14
26
24
26
22
17
30
16
31
22
33
22
32
23
30
24
25
30
25
26
33
35
28
27
31
32
24
31
36
37
30
30
33
29
30
29
29
33
30
32
34
43
33
24
40
30
53
32
39
44
30
32
46
38
39
50
29
34
42
37
41
42
37
54
50
37
45
46
44
50
53
46
55
57
54
54
58
48
65
58
48
70
55
61
68
59
53
45
53
62
67
69
59
75
76
67
82
77
65
79
82
76
81
91
89
105
100
91
91
89
85
93
114
110
82
72
88
70
80
77
77
73
77
87
89
88
87
79
78
80
83
71
65
77
90
70
83
74
74
79
77
77
75
65
93
86
74
86
74
75
66
72
85
71
63
87
80
85
84
80
78
74
74
61
82
72
78
84
70
67
82
72
72
91
70
74
79
76
101
88
76
86
79
90
83
76
83
81
78
67
73
66
74
73
81
82
76
93
77
94
61
84
95
77
73
71
80
74
82
85
70
81
86
88
76
71
59
90
67
66
86
76
67
76
77
97
84
77
95
78
70
88
90
74
82
90
75
86
84
98
59
77
92
83
79
77
81
71
90
84
86
94
66
87
75
90
75
95
104
89
90
87
90
103
97
108
138
129
137
166
181
248
271
303
339
416
481
540
629
651
727
739
831
849
899
892
875
816
774
736
689
624
503
463
399
357
298
233
252
216
166
155
140
134
130
116
100
119
87
89
98
87
82
79
88
95
102
105
94
114
119
97
104
82
102
99
97
91
94
110
112
89
107
124
109
112
117
111
106
92
111
114
121
109
101
108
112
104
115
121
116
119
107
111
113
88
123
109
121
119
143
100
138
117
95
126
125
121
120
127
121
134
127
145
156
143
163
180
160
194
199
191
206
233
228
229
241
227
230
205
242
219
206
201
195
158
165
186
161
182
162
164
166
151
156
146
152
124
158
145
130
143
177
172
159
159
165
172
152
144
177
147
161
149
136
167
160
176
167
182
193
181
161
160
179
176
182
178
178
164
180
182
182
216
176
181
177
185
185
171
225
203
213
211
223
189
203
206
237
227
249
253
228
262
244
238
241
260
249
279
272
252
276
274
254
269
287
284
276
284
290
272
289
344
321
328
316
344
360
359
324
349
314
324
302
351
351
349
348
401
375
359
370
377
394
343
374
391
386
372
399
421
350
362
339
347
377
326
370
350
345
337
354
368
385
342
358
321
326
306
332
329
297
294
311
310
331
304
328
289
285
279
285
305
279
307
272
296
288
262
259
270
259
239
236
250
235
225
241
221
242
237
228
235
257
203
269
236
237
223
223
213
198
208
267
223
219
245
235
239
206
232
216
197
187
238
230
243
235
234
215
205
208
201
210
193
227
209
216
233
215
202
198
205
189
230
199
239
208
225
212
237
230
218
203
184
212
215
196
214
218
221
191
222
214
219
207
224
230
195
233
225
247
244
238
234
232
232
226
247
246
268
255
239
229
212
251
232
235
227
278
230
260
229
271
259
246
257
250
257
236
240
254
279
243
261
242
218
259
254
264
221
240
270
220
255
252
251
239
224
230
247
254
257
264
239
222
246
215
244
263
272
239
262
263
229
258
245
210
224
229
282
232
265
244
213
243
248
231
243
228
259
245
259
208
254
269
250
255
229
217
236
232
240
255
269
255
258
241
240
269
245
235
279
262
234
243
275
261
263
239
254
241
222
269
273
273
242
241
287
252
254
220
249
249
265
242
262
279
273
275
246
263
260
252
246
247
240
270
266
269
248
262
257
277
262
273
266
278
259
278
255
283
278
301
276
271
294
269
281
265
279
269
286
263
275
275
278
299
292
268
289
278
294
292
279
283
302
272
267
267
260
306
308
278
308
290
299
267
258
343
326
297
312
285
316
296
317
321
298
293
306
306
284
324
289
309
309
334
320
317
288
324
339
317
310
303
338
285
313
334
340
308
299
336
295
324
322
317
299
329
298
290
325
286
336
284
312
323
300
319
302
280
304
308
276
315
289
275
306
327
281
298
284
272
290
263
326
311
290
291
295
278
329
317
333
314
252
335
277
255
304
307
314
287
294
303
273
288
290
287
305
271
333
288
279
277
306
277
273
309
319
269
277
280
274
273
300
287
271
283
274
272
292
285
272
314
271
271
259
248
311
243
270
291
287
272
284
279
257
254
268
249
294
276
260
278
251
260
296
266
267
278
249
254
278
275
272
282
251
281
258
304
268
260
272
246
288
280
273
306
301
268
260
259
304
257
271
256
259
282
261
293
263
265
274
268
258
313
249
262
254
276
289
237
262
260
272
270
272
257
250
278
268
279
282
256
249
264
280
295
272
254
281
271
231
261
279
262
277
287
283
289
291
243
279
278
248
249
279
275
282
293
256
265
244
266
307
278
242
304
291
268
242
279
256
265
296
289
251
295
296
296
293
273
290
281
285
261
287
260
268
248
288
260
294
282
260
262
300
256
277
284
284
273
290
277
300
276
276
257
272
269
272
265
291
277
269
270
254
264
262
292
306
261
291
285
300
282
287
291
277
309
266
265
281
281
271
293
283
323
288
308
316
334
316
296
297
310
311
281
309
297
312
303
293
341
304
295
338
319
362
337
345
282
334
321
327
329
360
358
340
339
363
333
333
337
359
345
350
345
326
361
395
383
359
393
382
380
388
396
406
397
403
421
414
384
429
399
422
408
478
425
448
467
467
491
470
464
480
499
494
528
495
529
506
540
531
565
587
574
611
639
643
650
647
670
687
680
728
759
736
790
786
818
892
956
944
975
926
961
1033
1103
1026
1074
1163
1170
1202
1225
1266
1297
1366
1330
1386
1432
1524
1535
1457
1469
1463
1565
1560
1618
1575
1681
1619
1653
1673
1563
1650
1621
1692
1671
1598
1557
1624
1636
1581
1577
1553
1542
1510
1487
1424
1404
1339
1470
1375
1351
1229
1199
1197
1176
1144
1085
1042
1055
1028
1029
981
884
869
854
771
726
758
773
686
694
669
679
658
591
581
567
557
558
537
466
504
481
498
493
440
463
425
417
409
430
420
416
369
368
344
371
355
365
379
360
345
327
314
331
319
331
294
326
307
296
277
315
278
304
323
273
272
249
257
287
259
269
258
256
281
257
216
249
250
272
253
245
255
279
286
283
287
293
299
332
333
309
339
371
381
386
420
392
465
449
417
439
458
475
426
487
484
546
523
532
516
508
478
482
467
460
419
417
408
406
387
368
353
337
314
307
276
247
247
212
253
238
227
201
209
187
191
201
186
195
186
198
168
187
180
175
174
202
167
196
200
165
188
202
183
202
219
205
189
216
195
177
209
201
220
196
225
207
224
259
226
224
210
263
259
241
249
263
260
285
227
257
285
294
289
300
267
301
323
286
297
289
289
286
293
301
299
287
297
289
245
284
287
306
317
327
323
307
296
296
304
286
309
287
288
259
253
275
278
283
292
259
254
231
260
274
252
207
200
231
234
249
221
204
217
203
176
200
187
192
197
201
188
168
151
177
164
155
170
167
154
151
147
143
126
141
147
165
133
120
141
137
115
110
130
126
113
122
103
99
117
111
118
105
124
118
96
98
95
94
99
89
82
105
79
87
84
95
88
91
98
93
84
76
86
78
67
72
80
93
91
66
82
89
68
80
66
77
79
74
77
75
74
73
86
77
71
82
74
75
68
72
57
57
68
59
70
55
73
67
78
75
59
69
64
63
70
66
53
71
64
52
58
72
55
71
72
80
81
93
78
71
85
110
89
88
73
74
87
92
91
92
99
98
100
92
81
89
79
76
92
85
81
71
83
66
64
78
56
58
61
61
66
56
62
64
52
53
47
53
69
50
55
48
54
50
50
46
49
56
51
56
44
52
57
51
46
62
62
49
48
50
50
57
62
46
40
51
56
51
45
52
50
54
49
49
43
42
40
40
42
45
36
50
38
47
47
43
38
39
37
60
38
45
41
39
40
44
40
36
39
40
32
49
45
43
53
35
32
44
39
48
35
28
44
37
27
49
51
36
42
30
46
41
39
36
45
36
38
42
36
41
39
32
34
46
38
37
44
39
32
38
34
42
50
32
47
35
53
38
39
39
38
38
43
40
43
29
37
46
39
37
34
31
37
45
27
33
39
32
35
37
38
32
35
43
37
31
43
27
31
35
38
32
34
36
37
47
41
22
32
34
33
26
43
33
39
31
29
35
38
27
48
33
38
33
30
36
32
40
19
34
28
35
37
37
32
32
34
31
24
25
28
22
36
30
33
30
26
29
24
27
27
32
29
27
19
32
21
26
33
36
25
30
25
29
21
43
22
25
21
26
29
34
26
24
31
34
11
22
26
28
38
20
17
27
19
35
33
28
25
33
17
22
18
37
26
29
28
30
20
24
33
28
30
22
25
21
24
28
24
27
25
21
21
22
29
30
24
33
18
19
18
26
30
21
25
26
28
27
18
28
24
33
20
19
24
35
24
26
35
27
18
25
22
20
21
29
17
12
19
24
21
24
14
27
24
21
20
20
23
27
22
19
20
19
16
25
29
29
17
23
22
19
33
23
26
21
24
22
22
26
24
15
27
26
16
26
24
19
19
23
28
14
18
23
19
19
23
12
20
24
19
20
22
19
23
16
22
16
28
22
13
18
13
13
14
16
18
20
16
14
22
10
16
14
14
18
17
25
11
16
21
19
27
24
18
18
18
26
17
14
11
14
13
24
17
20
17
20
23
12
17
11
8
19
18
15
20
21
22
13
18
16
20
25
18
13
12
20
10
9
19
29
13
15
15
22
13
16
20
18
17
15
28
11
10
18
13
16
14
16
11
14
18
19
15
12
21
17
11
18
13
10
15
14
13
7
17
15
15
8
20
22
16
18
9
17
14
6
20
16
14
17
15
12
13
10
13
14
14
20
15
12
7
14
12
11
16
15
12
8
14
15
10
11
14
13
17
12
14
9
8
8
12
19
19
9
10
11
11
17
7
11
12
11
14
16
8
13
16
11
10
18
9
21
12
14
11
14
8
10
15
12
10
10
11
10
18
12
21
10
8
12
7
10
12
13
11
13
11
12
11
17
5
12
8
17
12
10
12
6
10
7
16
12
6
11
7
8
8
13
4
8
7
9
8
6
15
11
7
12
7
12
13
15
6
8
10
12
7
7
23
14
8
5
5
11
11
6
8
2
15
8
11
10
11
14
9
7
7
7
12
9
6
9
8
14
8
6
5
11
7
10
7
15
9
12
14
9
8
9
8
7
14
10
6
6
10
8
7
13
7
10
11
9
7
8
7
6
6
6
6
9
7
13
11
7
4
6
2
5
4
10
4
10
15
7
8
8
5
4
6
6
5
6
8
11
5
6
7
7
5
11
11
8
6
11
6
6
5
11
6
6
11
7
6
5
8
7
7
6
13
8
6
8
8
7
13
7
8
3
10
7
2
13
7
7
6
16
5
12
4
14
7
5
10
1
12
11
7
6
5
5
9
8
7
4
2
8
4
8
6
2
6
10
4
8
6
2
7
8
9
6
8
5
4
8
6
6
6
7
6
5
8
4
6
7
8
3
1
5
5
11
7
7
6
5
4
5
5
2
5
4
6
5
2
5
1
12
5
6
4
4
5
3
7
9
4
5
6
8
2
4
1
3
4
1
5
8
10
5
4
2
4
10
3
4
8
1
6
3
7
7
2
6
3
5
7
4
5
5
4
5
2
4
2
6
3
5
3
3
6
6
4
6
3
6
4
3
7
4
5
1
3
4
1
3
3
1
2
6
3
4
3
3
5
3
3
2
1
2
3
2
1
6
4
3
1
3
3
6
2
5
6
5
2
5
5
4
2
3
3
5
3
7
2
3
2
5
1
4
4
6
5
6
5
3
5
7
6
2
4
7
5
3
3
3
4
2
2
4
3
3
3
5
0
3
1
3
2
5
2
6
6
4
0
3
3
8
2
3
1
3
3
0
1
2
3
4
8
2
8
4
5
2
3
4
2
2
5
3
1
1
6
1
2
2
2
2
5
10
2
3
1
3
4
3
2
3
3
2
1
0
5
1
3
7
3
3
0
2
4
6
2
1
2
1
3
0
4
1
4
2
3
2
0
3
2
1
2
5
0
1
1
3
2
2
3
0
2
4
0
3
1
3
5
1
3
4
0
3
3
4
2
3
2
2
0
4
2
2
3
2
0
4
5
3
4
2
0
3
1
1
0
1
5
1
2
3
1
7
0
4
1
0
3
4
0
0
0
0
0
2
1
6
1
0
0
3
1
1
2
2
1
1
3
0
3
2
1
4
2
1
3
0
4
0
2
0
2
3
1
2
4
3
0
2
4
0
3
1
2
3
3
0
1
1
3
3
2
0
1
2
1
2
2
0
2
1
1
0
1
2
2
0
0
1
6
0
3
1
2
2
3
2
1
1
1
1
2
0
3
0
5
0
0
0
3
1
1
0
1
3
1
2
1
0
1
0
0
0
3
1
2
2
3
2
1
2
0
1
0
1
3
0
2
1
2
0
0
1
2
3
2
2
2
0
1
1
0
0
0
2
0
1
3
3
2
0
0
0
1
2
1
0
1
0
2
1
5
0
3
0
4
4
0
0
2
3
3
1
1
1
0
1
0
4
2
0
2
0
0
0
2
2
1
0
2
1
1
0
1
4
0
3
1
1
0
1
1
1
1
2
1
1
1
4
2
3
1
0
3
0
4
2
0
1
2
3
2
1
0
1
1
3
1
0
0
0
0
0
0
1
1
1
0
1
2
1
1
0
0
1
2
1
1
1
0
0
0
0
0
1
0
1
2
0
1
1
2
3
0
1
0
1
0
1
2
0
3
0
2
1
1
1
2
1
0
0
1
0
0
0
0
0
1
1
0
0
0
1
0
0
1
0
0
0
0
1
1
2
0
0
0
2
0
1
0
0
1
0
2
0
0
1
0
1
0
2
1
1
0
0
0
0
1
1
0
0
0
2
0
0
0
1
1
1
3
1
0
1
0
1
0
0
0
0
0
1
2
0
1
1
0
0
0
0
1
1
1
0
0
0
2
0
0
2
0
1
1
0
0
0
3
0
3
4
1
2
2
0
1
0
0
2
2
2
1
1
1
0
1
1
2
1
1
0
0
0
1
2
0
0
1
1
2
2
0
0
2
0
0
2
0
0
3
1
1
1
1
1
0
0
0
0
0
1
1
0
1
0
1
1
3
1
0
0
0
0
0
1
1
0
0
0
2
1
1
1
0
1
0
0
1
0
1
0
0
0
0
0
1
0
0
0
0
0
2
1
0
1
1
0
1
0
0
0
1
0
0
0
0
1
0
0
1
0
0
1
0
0
0
1
1
1
0
0
0
0
0
1
0
0
2
0
0
2
0
1
0
0
0
0
0
0
0
1
0
0
1
1
0
1
0
0
0
0
0
0
1
0
0
0
0
0
1
0
1
0
0
0
0
1
0
1
0
0
1
1
0
0
0
0
0
0
1
0
0
0
0
0
0
0
0
0
0
0
0
0
1
1
0
0
0
0
0
0
0
0
0
1
0
0
1
0
0
0
0
0
1
0
1
0
0
0
0
0
2
0
1
0
0
0
0
0
0
1
0
1
0
0
0
0
0
0
1
0
0
1
0
0
0
0
0
0
0
0
0
0
0
0
0
1
0
0
0
1
1
0
0
0
0
0
0
1
0
0
0
2
0
