0
0
0
0
0
0
0
0
0
0
0
0
0
0
0
0
0
0
0
0
0
0
0
0
0
0
0
0
0
0
0
0
0
0
0
0
0
0
0
0
0
0
0
0
0
0
0
0
0
0
0
0
0
0
0
0
0
0
0
0
0
0
0
0
0
1
0
1
0
3
1
3
1
3
6
2
1
3
5
0
4
5
18
41
137
350
960
2293
4763
9549
16893
27665
40843
54393
66102
72992
73599
66730
54768
41552
28059
17287
10030
5228
2319
1004
391
134
43
19
6
3
3
3
5
2
0
2
0
2
1
0
1
5
1
2
2
0
0
1
0
1
55
60
59
54
50
47
47
66
54
59
56
69
74
61
60
52
60
60
51
58
51
40
53
52
57
46
43
66
42
62
51
41
39
54
57
55
53
50
47
46
36
46
61
51
47
55
53
46
56
49
50
45
58
52
49
57
47
58
40
44
44
52
48
64
58
65
72
63
51
71
80
80
105
96
104
108
102
104
102
72
76
82
68
60
61
48
75
43
51
55
52
47
68
58
67
51
59
55
63
58
73
55
68
64
71
76
84
89
122
110
96
115
138
141
132
132
176
166
185
189
234
235
272
331
440
661
955
1362
2293
3826
5732
8613
12279
16666
21517
26299
30575
33612
34978
34777
32348
28849
24462
19772
15058
11031
7950
5640
4026
2910
2092
1553
1188
859
648
438
301
256
249
257
268
325
334
388
399
388
443
391
352
345
239
221
178
117
96
65
69
48
40
29
43
39
32
29
26
15
16
17
27
7
16
7
15
8
8
8
9
11
11
12
10
9
8
9
18
10
10
11
10
11
8
13
10
2
10
16
13
13
12
6
5
9
9
14
16
14
16
22
10
16
28
22
18
27
25
23
27
23
22
27
23
16
23
20
21
18
18
19
20
28
22
22
29
31
18
19
22
22
14
24
26
13
27
14
17
19
16
11
13
12
9
14
7
13
5
6
7
5
8
2
5
13
6
8
4
9
9
4
4
8
12
10
2
8
7
8
3
12
8
8
8
14
13
14
15
14
18
24
23
17
27
38
39
25
30
29
24
22
17
18
12
11
13
12
10
6
8
9
21
10
6
9
12
13
21
7
14
11
7
10
12
6
5
13
8
9
4
8
3
6
3
7
7
7
12
8
2
8
5
7
3
6
8
7
12
3
7
11
14
10
4
12
9
5
10
4
6
4
8
8
2
14
6
5
3
9
7
5
3
6
4
4
7
10
9
7
8
6
12
11
9
3
5
5
8
3
5
6
9
6
7
11
7
10
7
8
10
10
9
9
9
8
8
10
6
8
5
7
8
5
5
6
7
9
10
12
5
7
6
6
8
10
5
9
7
11
9
8
13
8
7
6
9
6
11
11
11
9
9
6
7
11
5
13
10
10
8
7
15
9
9
8
10
9
6
8
12
12
9
7
7
9
16
13
10
6
5
9
9
13
9
10
7
13
8
8
9
9
12
9
13
11
13
3
14
14
13
14
4
10
12
10
16
19
16
14
18
18
9
15
13
13
11
11
19
24
17
15
19
12
15
21
20
12
15
20
27
19
13
19
18
17
21
22
17
19
26
15
13
11
17
15
16
23
11
18
15
21
16
11
25
15
16
21
22
24
16
17
16
24
33
16
16
20
22
20
23
17
15
18
12
17
23
19
24
15
27
17
18
28
20
27
20
19
22
22
19
31
11
25
28
27
34
16
33
28
27
23
27
22
23
34
22
24
21
22
23
30
38
28
24
29
26
23
30
28
26
29
29
29
25
26
29
28
30
34
33
29
36
28
32
27
31
35
34
27
35
35
46
34
46
28
40
29
35
52
40
45
44
49
50
47
44
48
40
33
50
39
42
39
48
44
53
46
48
48
46
66
50
44
47
62
55
57
53
56
48
53
59
56
61
65
56
70
54
60
69
78
68
59
73
83
83
61
89
81
77
80
92
100
94
97
97
70
72
89
96
88
112
88
74
87
70
71
71
87
86
98
82
78
74
74
85
76
73
104
96
65
93
84
76
75
93
85
82
92
80
88
84
82
70
78
74
79
73
100
91
92
86
71
76
74
89
91
85
76
71
68
75
94
87
81
69
73
83
78
67
77
77
80
77
71
83
88
82
71
84
64
92
80
71
84
70
88
88
81
76
80
60
73
77
77
84
80
90
64
73
79
68
58
64
69
73
89
73
75
63
104
89
64
83
74
72
71
89
85
73
78
82
81
77
89
74
80
84
76
84
96
92
70
74
96
89
77
81
72
93
80
80
89
70
79
72
91
99
70
77
84
98
94
81
82
100
82
104
87
95
98
101
117
133
149
138
183
184
234
284
305
381
422
486
503
609
652
696
733
801
862
839
820
844
818
777
729
677
615
548
487
446
357
323
262
236
199
204
156
116
113
122
120
108
87
87
94
105
104
100
111
73
98
95
124
102
99
106
101
101
102
87
104
96
101
120
124
107
102
88
91
99
108
111
118
96
116
101
113
93
107
127
115
114
118
111
119
94
126
118
134
99
121
97
121
125
117
124
115
109
108
116
119
117
107
126
123
122
129
136
161
160
160
184
159
192
163
231
170
216
226
213
218
251
246
239
253
221
228
202
202
188
192
172
216
189
160
138
154
145
159
152
159
147
160
145
127
154
178
170
149
137
150
154
163
165
143
165
142
147
155
159
165
159
133
160
160
166
193
158
171
184
172
175
193
180
181
179
183
198
169
192
185
211
164
181
213
221
195
217
220
195
211
204
215
219
232
255
230
222
234
221
245
274
246
241
275
269
278
272
276
283
298
268
305
310
306
308
332
295
305
291
341
339
340
373
327
332
382
335
351
377
342
334
391
361
378
365
391
378
391
366
377
374
393
385
410
379
367
346
360
402
341
389
333
391
353
349
367
354
369
351
362
322
288
330
323
308
313
318
303
311
297
317
285
281
298
290
297
279
318
332
264
268
297
261
255
285
261
257
273
249
261
230
251
236
248
244
255
274
239
239
215
210
231
230
222
247
230
209
246
254
208
231
193
194
237
243
222
237
224
262
209
251
191
206
214
225
205
229
191
195
212
222
214
211
193
207
221
214
233
215
232
248
225
238
203
222
218
204
219
225
197
225
243
209
214
227
197
226
226
237
231
215
216
248
245
237
218
229
241
230
209
265
239
221
263
228
282
231
230
272
237
244
238
252
253
260
249
225
266
266
269
264
244
271
265
261
248
263
250
238
245
228
277
234
236
263
252
237
259
256
233
230
235
236
262
253
254
257
247
232
259
235
224
240
257
267
234
239
278
233
250
274
253
250
266
219
235
237
246
230
256
268
235
236
258
236
243
252
261
234
261
257
268
250
243
262
245
251
259
277
243
275
236
271
262
246
228
257
256
253
251
265
243
262
261
263
240
241
249
273
246
226
244
280
290
292
241
282
231
246
277
254
268
270
269
267
263
263
243
289
252
248
270
255
258
262
288
276
280
278
251
283
272
270
269
271
286
292
287
279
275
230
270
253
302
313
267
294
281
295
267
292
286
265
287
276
273
312
276
280
267
268
266
289
283
314
295
277
276
288
304
296
251
302
308
306
316
309
347
283
296
321
317
309
287
296
282
276
302
291
288
302
309
328
313
313
309
299
296
293
308
292
306
315
289
323
318
290
285
296
322
324
330
311
341
293
324
301
285
303
303
281
299
324
291
317
318
297
258
289
274
282
299
298
308
302
304
309
313
322
306
307
289
331
305
298
283
299
280
283
277
287
304
283
302
320
286
282
302
282
292
268
297
287
261
279
274
288
305
287
270
306
298
274
279
268
282
304
300
295
265
277
297
279
294
253
272
286
271
280
279
264
286
279
281
288
253
296
252
279
279
258
255
286
277
284
311
253
262
257
274
262
281
280
266
259
256
279
275
257
257
255
276
264
261
257
272
259
254
255
260
299
266
272
273
268
259
278
256
296
267
279
271
281
245
272
249
273
265
273
248
262
265
260
287
258
268
282
247
245
269
265
270
276
253
252
297
258
275
246
284
272
277
255
280
264
264
271
253
260
269
284
269
295
265
259
287
291
278
252
262
266
243
265
255
259
311
258
264
236
256
275
256
275
265
269
265
294
289
268
283
265
250
258
259
261
262
240
261
257
281
269
283
260
259
279
295
254
262
247
250
238
274
279
276
278
287
309
280
240
297
283
279
245
290
265
293
293
260
284
244
270
278
255
272
272
275
252
281
305
296
289
274
283
292
313
285
306
290
298
295
258
303
296
293
280
277
293
284
308
257
292
328
274
315
287
290
292
297
322
309
320
269
337
305
317
322
336
298
329
341
308
333
313
331
316
319
334
339
347
348
334
328
352
342
375
343
373
349
351
376
381
355
384
377
362
345
388
396
433
387
409
409
411
414
448
378
472
425
422
464
476
486
461
510
519
490
519
491
512
508
539
580
540
580
583
549
576
627
607
665
611
681
653
691
760
745
749
774
797
840
892
934
918
932
922
1021
1044
1081
1029
1122
1177
1174
1233
1258
1315
1283
1332
1378
1371
1484
1451
1486
1498
1516
1535
1518
1605
1529
1641
1590
1598
1573
1605
1621
1610
1648
1601
1548
1650
1566
1509
1589
1542
1572
1588
1451
1503
1467
1397
1386
1374
1332
1281
1315
1201
1208
1173
1141
1128
1005
1074
1005
991
963
945
910
892
822
769
743
715
703
655
708
601
634
586
572
540
557
587
541
501
510
512
448
465
465
415
410
406
425
402
406
398
381
357
335
362
321
368
327
318
363
285
306
340
324
333
284
298
309
249
274
253
282
268
262
279
272
257
276
272
241
248
248
252
238
228
248
267
224
248
262
266
267
295
270
286
287
284
296
308
337
321
353
371
364
434
378
407
425
445
472
432
445
465
509
487
506
513
492
465
534
478
483
469
468
448
413
419
416
356
380
368
328
317
294
255
270
257
250
226
238
199
187
199
204
167
169
189
167
157
205
193
188
190
181
174
182
198
178
207
197
182
176
193
189
211
192
182
208
189
187
202
184
203
192
233
196
226
222
245
227
230
262
211
235
246
247
210
257
248
237
258
262
253
267
275
282
254
295
263
303
276
271
303
299
311
285
296
310
302
290
308
255
298
304
261
289
307
288
278
286
264
282
278
294
256
312
264
267
276
279
254
241
253
250
224
226
247
224
212
218
225
207
245
225
196
223
187
184
190
179
175
198
166
172
169
174
155
165
167
140
148
172
134
144
158
140
139
122
135
114
110
116
119
112
119
97
121
119
121
110
117
116
116
108
109
119
109
101
91
93
91
87
86
76
79
95
88
80
98
76
87
78
75
82
87
80
86
66
73
106
76
71
73
69
81
71
75
75
72
97
61
72
58
71
83
76
82
73
79
81
53
80
66
63
72
67
59
53
54
72
67
60
72
62
64
62
61
61
73
58
64
74
69
86
70
60
69
68
79
65
90
82
89
90
87
96
85
100
87
94
97
88
77
95
86
87
94
91
80
65
78
83
92
71
71
60
78
56
68
61
49
64
59
55
59
42
45
42
51
48
61
52
65
55
61
49
51
62
60
59
47
57
49
50
60
67
57
46
41
53
53
50
49
56
36
58
40
52
46
55
47
40
53
46
42
46
50
50
48
44
37
42
41
50
40
49
34
62
41
32
29
28
45
38
40
53
24
42
35
27
48
41
37
44
47
41
36
35
39
39
35
44
48
37
36
33
28
36
55
41
43
50
40
43
49
36
32
33
41
47
35
29
38
33
35
43
54
45
41
33
40
37
38
31
40
42
34
28
37
39
35
36
43
42
30
42
33
44
31
36
35
48
26
36
32
40
40
48
39
40
36
34
39
35
33
30
31
29
33
35
31
36
34
37
26
38
31
39
37
26
31
26
26
35
33
33
29
26
28
24
24
34
32
41
29
31
37
26
27
29
18
29
25
32
35
25
26
30
22
22
24
28
27
35
35
46
19
31
29
30
37
25
37
31
25
23
31
44
32
29
30
32
27
14
45
27
24
28
35
25
24
25
37
31
29
16
26
30
27
15
28
26
26
16
17
30
23
22
24
26
24
18
23
27
30
21
24
29
26
19
23
22
27
21
21
18
24
20
26
22
26
15
31
22
32
17
24
27
25
16
21
18
23
27
25
18
27
22
26
15
24
15
21
25
25
27
27
19
27
31
20
19
28
19
18
18
24
22
21
25
27
27
25
21
12
21
26
17
23
19
29
19
23
25
18
15
19
21
22
18
21
27
31
18
21
19
26
20
21
22
28
21
27
20
23
19
21
22
24
19
23
23
17
20
23
22
21
16
22
17
14
13
18
27
25
18
21
17
25
12
23
18
20
23
10
16
19
17
21
23
23
19
26
18
20
13
18
26
20
10
15
17
11
14
24
24
16
15
17
18
20
20
21
18
18
13
18
15
15
15
19
17
17
19
18
10
15
15
20
22
16
19
18
16
13
18
14
16
12
14
13
12
22
19
14
12
11
15
14
21
11
14
12
14
18
16
16
17
23
24
20
12
13
10
17
16
14
12
21
21
19
8
7
10
11
18
23
11
19
9
16
17
9
14
12
13
22
13
11
19
14
9
28
10
13
14
10
13
11
14
10
19
12
8
15
12
10
10
14
14
12
15
21
14
8
11
9
7
13
8
13
11
16
18
14
19
12
15
9
14
14
11
18
15
9
8
19
14
10
11
8
14
15
12
8
11
13
11
9
13
8
7
5
7
8
10
14
10
14
13
12
15
10
9
15
8
15
11
5
12
11
11
10
15
9
7
11
15
9
10
12
10
12
13
12
8
9
8
7
13
6
13
17
9
11
13
11
16
2
5
11
9
11
8
8
9
8
9
13
7
6
9
9
12
5
12
7
6
11
8
8
8
14
3
11
4
10
5
8
11
8
10
13
10
10
10
8
4
7
7
9
9
8
12
10
5
7
5
8
8
3
10
11
8
8
8
10
4
7
8
8
9
7
5
8
4
14
4
4
7
11
12
6
5
5
7
5
7
11
8
9
10
8
10
7
5
14
9
5
14
9
6
11
12
8
4
6
4
8
10
8
4
12
7
6
8
5
6
8
8
5
7
12
10
9
7
10
5
9
7
9
6
3
4
6
6
10
7
9
5
6
8
3
7
11
12
4
8
6
7
4
8
4
5
3
4
8
4
7
4
6
11
7
7
5
10
3
9
11
6
6
6
4
6
9
6
8
5
4
6
9
8
9
3
5
5
4
9
8
3
3
6
3
3
9
6
6
3
3
6
9
8
5
9
5
5
2
2
6
8
7
3
7
6
5
3
1
4
6
6
1
5
3
5
6
11
6
8
6
3
4
2
3
5
5
4
8
3
7
2
4
2
1
2
11
3
3
3
5
2
3
8
6
6
5
9
3
5
3
3
9
4
5
4
5
3
9
5
5
5
2
3
4
2
5
9
3
3
6
5
4
3
4
4
1
5
6
6
4
0
1
8
1
2
5
5
2
3
8
3
3
4
3
4
4
6
2
5
8
5
4
1
2
2
2
2
4
0
7
2
3
13
2
3
5
7
3
4
4
5
3
5
0
1
4
6
4
3
2
3
4
4
2
5
1
7
5
4
5
8
6
3
5
4
2
7
2
3
3
1
3
5
9
1
2
5
2
4
2
1
2
0
2
3
2
4
5
2
2
3
4
3
5
7
4
1
1
1
2
4
3
3
2
4
2
0
4
3
4
1
2
0
2
1
2
3
3
2
2
9
4
2
4
2
2
2
2
1
2
2
1
1
7
2
3
2
0
2
2
5
3
4
2
1
2
5
2
2
3
0
1
4
1
2
0
2
2
3
1
5
1
4
3
3
3
3
2
1
2
1
2
2
2
2
2
1
0
5
0
0
3
1
2
3
0
2
1
3
1
1
1
1
1
3
6
4
3
0
3
2
2
1
0
5
3
5
3
2
1
0
0
6
2
4
1
2
1
2
7
0
3
1
0
2
1
2
2
1
3
1
3
1
2
4
2
4
4
0
2
4
3
0
3
1
4
1
1
1
2
4
2
1
1
0
1
2
3
3
1
1
3
0
2
3
1
2
0
1
0
2
3
1
1
2
2
1
1
3
2
1
2
4
1
2
0
4
2
1
4
1
1
2
4
1
1
0
2
3
1
1
1
1
2
2
2
2
2
3
3
0
1
3
1
1
1
0
1
2
1
0
0
1
2
2
3
3
1
0
1
1
0
0
1
1
1
1
3
0
0
1
1
2
2
0
2
1
1
0
1
1
1
0
3
3
1
1
3
1
2
1
0
0
1
4
0
1
1
0
1
0
2
1
1
0
2
3
2
0
1
1
1
1
1
0
1
0
1
1
0
4
2
1
0
1
1
3
1
0
0
2
1
1
0
1
3
2
1
1
1
0
1
0
1
1
2
0
1
0
2
0
3
1
1
1
0
0
0
2
0
0
0
2
0
0
0
1
0
0
0
0
0
2
1
1
0
2
1
0
2
2
0
0
0
0
0
4
3
1
1
1
3
5
1
1
0
0
0
0
2
1
2
0
0
1
2
1
1
1
0
3
0
1
0
0
1
2
0
1
0
2
0
1
0
0
4
1
2
0
1
0
0
2
1
0
0
0
1
1
0
0
0
2
1
0
2
1
0
0
0
2
2
1
0
0
0
0
1
1
0
2
0
1
1
1
0
1
0
0
1
1
1
0
1
0
0
2
0
1
1
0
1
0
0
0
0
1
1
1
0
0
0
0
0
0
1
0
0
1
0
0
1
1
1
0
1
1
1
1
0
1
0
0
2
0
0
1
0
1
0
1
1
2
1
2
0
1
0
0
1
1
1
0
0
0
0
1
0
0
0
1
0
0
2
2
1
2
1
0
0
0
0
2
0
0
2
0
2
1
1
0
0
0
1
1
1
1
0
0
0
0
0
0
0
0
2
1
1
0
0
1
1
0
1
0
0
1
0
0
0
0
1
0
0
0
1
0
1
0
0
2
2
1
1
0
0
1
0
1
4
1
0
0
0
0
1
0
0
0
0
0
1
0
0
0
0
0
2
1
1
0
0
1
0
0
0
1
1
0
0
1
0
0
0
0
1
0
1
0
1
0
1
0
1
0
0
1
0
1
1
0
0
1
1
1
1
0
0
0
0
0
1
1
0
1
2
1
0
1
0
1
0
2
0
0
0
0
1
0
0
0
2
1
1
0
0
1
1
0
0
0
0
1
0
1
1
1
0
0
0
0
1
0
0
0
0
1
0
1
0
0
0
0
0
0
1
0
0
0
1
0
0
0
0
0
0
0
0
1
0
1
0
1
0
0
0
0
0
1
0
1
0
0
0
0
0
0
0
0
0
1
0
0
0
0
0
0
0
0
0
0
0
1
0
0
0
0
0
0
0
0
