0
0
0
0
0
0
0
0
0
0
0
0
0
0
0
0
0
0
0
0
0
0
0
0
0
0
0
0
0
0
0
0
0
0
0
0
0
0
0
0
0
0
0
0
0
0
0
0
0
0
0
0
0
0
0
0
0
0
0
0
0
0
0
0
0
0
0
0
0
0
0
2
5
5
3
5
2
3
2
7
2
7
17
46
131
363
914
2318
4967
9554
17020
27584
40776
54584
65604
72764
73325
66543
55071
41442
28238
17294
10081
5056
2370
980
396
144
50
15
7
3
5
4
2
3
0
0
0
1
0
0
0
0
1
0
1
0
1
0
0
11
77
79
65
52
58
76
59
68
57
80
47
52
57
54
50
74
53
54
42
48
42
50
49
50
62
55
55
61
45
63
55
56
62
64
39
47
44
43
47
55
38
48
44
41
50
52
47
48
51
50
47
57
47
57
54
35
58
66
54
59
61
52
58
52
71
50
51
72
54
72
77
68
99
81
96
104
127
102
90
91
71
65
64
68
69
57
51
56
61
62
44
66
57
63
58
78
55
60
59
47
58
57
62
58
79
86
75
87
88
92
108
108
115
150
115
152
149
164
142
154
181
201
200
218
332
476
740
1227
2165
3515
5562
8079
11796
16036
20699
25320
29200
32493
33540
32872
30945
27410
23117
18815
14137
10594
7668
5423
3833
2766
1976
1423
1042
734
588
403
324
214
184
199
221
261
294
352
415
419
462
428
366
310
275
218
149
134
115
63
51
52
56
42
46
33
25
33
21
14
20
13
14
10
20
14
10
8
9
14
11
16
5
10
10
10
14
11
10
7
11
9
7
14
7
13
13
10
5
13
14
8
6
6
6
11
6
13
9
14
13
19
18
18
26
20
21
26
26
27
25
20
22
17
18
29
14
11
15
15
18
16
14
13
17
24
15
18
19
19
16
21
25
18
14
18
15
15
18
16
11
15
8
8
8
9
6
8
8
6
8
8
8
8
10
11
9
4
2
6
7
13
8
8
4
4
6
8
5
6
6
11
10
4
8
14
12
14
14
14
25
21
28
29
28
33
40
24
36
20
23
21
25
12
17
12
9
7
7
8
13
10
8
4
16
6
13
10
13
16
8
16
13
13
5
9
10
7
8
10
7
5
5
8
6
3
6
6
4
8
5
7
4
10
9
2
12
8
3
8
11
9
5
6
4
11
9
4
6
3
5
13
9
5
8
4
6
10
10
10
11
4
5
2
7
9
6
5
4
6
3
3
5
10
9
7
7
7
4
6
4
2
3
5
6
5
7
5
5
10
7
4
9
8
7
4
7
5
10
6
10
5
6
8
4
8
5
7
8
2
5
4
5
8
15
5
13
3
5
6
11
11
6
8
11
6
7
7
4
10
9
6
6
11
10
6
6
8
8
9
11
2
11
11
11
8
3
12
13
5
10
10
12
9
8
14
13
8
12
9
10
7
13
14
11
8
16
18
12
7
13
10
10
7
4
10
6
14
10
12
10
12
10
12
16
9
12
7
13
9
16
16
8
15
17
14
13
15
13
22
16
14
7
7
18
13
8
14
16
14
15
23
18
15
8
20
14
24
20
17
18
21
17
12
16
17
15
9
18
17
22
18
16
13
16
18
16
23
11
10
15
20
18
22
21
12
19
17
19
19
19
8
12
21
21
25
13
29
22
17
33
23
15
14
26
23
21
28
25
19
25
23
26
27
29
32
26
26
27
15
30
20
25
28
20
18
36
22
22
25
23
28
28
42
39
32
24
33
32
37
27
32
25
23
35
34
45
35
27
38
25
47
27
28
44
32
19
39
40
36
35
31
46
35
37
33
43
31
35
35
42
38
36
38
41
45
40
47
50
41
57
49
50
40
54
46
42
61
42
42
59
49
54
56
48
54
51
53
50
59
64
69
52
69
57
57
57
59
74
61
67
69
68
85
52
67
64
85
78
88
87
84
85
84
89
99
87
102
107
97
84
88
100
107
72
67
79
70
70
71
87
79
67
83
69
74
77
63
76
89
66
62
81
77
81
93
81
81
95
65
77
69
72
71
73
80
78
78
55
62
78
75
87
64
70
77
80
68
72
58
66
68
91
78
70
76
61
72
63
89
76
71
72
64
78
76
62
72
81
73
63
80
81
74
71
73
79
78
66
77
83
77
80
72
70
68
84
76
78
77
72
75
57
86
61
70
74
62
80
60
75
77
59
76
85
76
68
74
73
70
53
61
74
73
72
70
63
71
55
71
84
82
70
87
81
69
67
75
79
89
73
71
68
74
74
83
85
65
74
68
84
77
94
82
75
91
80
84
79
99
95
85
123
112
131
159
150
199
206
244
280
307
365
436
478
535
562
678
720
786
825
802
869
862
881
800
715
759
661
615
508
424
407
315
292
248
238
198
160
140
117
129
115
109
125
102
105
83
107
107
94
89
87
100
117
116
90
104
103
85
106
94
105
83
90
111
87
100
119
112
101
108
108
114
124
110
107
126
92
102
106
120
89
112
111
96
110
115
117
111
113
126
130
107
107
103
131
108
138
112
118
120
138
126
133
153
125
138
136
141
157
149
142
163
169
189
187
209
184
228
209
204
191
224
227
251
215
219
209
234
228
190
221
199
189
208
173
168
164
180
170
163
143
159
154
185
145
178
154
164
172
162
151
146
187
170
152
183
151
182
178
178
183
182
199
198
205
198
182
178
178
193
204
194
195
166
185
208
203
216
226
195
212
211
179
212
204
208
197
193
205
192
225
202
233
215
227
212
206
248
235
275
241
239
249
234
224
236
260
275
229
241
269
261
269
295
290
278
271
310
287
283
266
271
276
308
302
305
320
282
336
291
300
304
324
280
273
303
279
288
278
285
314
294
311
316
275
252
293
256
278
295
282
263
275
286
298
275
289
270
287
256
275
273
259
261
270
255
268
255
267
269
272
292
256
264
250
220
232
241
281
250
256
222
221
253
261
248
243
257
224
250
267
256
228
255
225
240
262
239
238
227
255
237
234
246
250
239
268
258
231
242
246
230
259
256
229
224
251
240
254
277
259
243
240
267
258
242
234
234
254
253
267
254
239
244
245
275
249
261
247
302
231
263
282
228
246
263
240
241
275
247
248
275
263
230
287
270
285
280
257
256
262
272
274
266
279
252
265
238
273
262
267
291
267
288
269
265
297
287
265
277
267
288
293
280
267
288
282
280
296
282
289
288
270
286
279
273
277
288
275
296
272
301
288
312
314
302
325
287
304
281
288
284
313
282
315
308
309
311
303
306
282
313
326
283
309
296
330
316
330
266
297
293
294
293
303
296
331
320
354
330
310
322
313
363
328
314
315
290
339
328
337
330
301
326
346
326
304
316
320
294
334
304
324
308
305
308
330
337
333
329
322
345
363
344
354
328
322
349
351
334
314
311
335
328
346
322
292
335
322
332
373
329
334
326
347
353
364
316
340
353
339
332
312
363
337
343
332
376
392
369
336
368
354
333
367
346
349
346
343
359
386
375
373
360
345
361
337
368
387
349
389
414
360
365
399
357
375
376
382
382
359
382
363
388
389
373
364
424
397
346
358
363
407
358
399
396
375
381
397
408
369
353
409
413
369
392
411
399
380
390
387
391
398
386
372
389
398
409
354
370
394
422
383
368
330
406
417
390
402
369
398
397
373
375
366
410
380
424
385
360
387
364
377
372
418
359
376
395
381
385
393
416
380
360
349
385
349
386
400
355
351
323
382
345
365
334
379
345
353
354
314
365
300
375
350
382
335
363
358
352
353
365
283
374
353
382
368
356
351
351
364
355
353
365
353
328
343
336
353
330
341
348
337
360
312
350
332
341
322
375
334
346
337
371
348
311
338
373
357
336
332
383
360
302
335
326
351
319
356
350
343
309
325
333
323
331
301
319
355
364
322
296
324
321
314
337
361
334
298
299
328
345
303
308
309
344
349
296
287
318
300
309
335
359
298
325
354
333
315
321
333
323
349
341
301
365
310
350
322
363
315
297
328
351
297
313
322
309
340
340
313
328
309
319
327
343
307
357
324
308
306
304
374
329
333
325
342
306
348
304
299
332
316
320
329
313
310
296
329
338
316
284
304
339
331
317
312
315
339
321
345
311
330
303
318
327
263
321
306
302
279
296
318
309
362
318
304
301
307
310
314
302
290
326
308
329
337
306
329
310
338
317
301
307
309
294
323
338
296
308
300
341
363
307
311
292
292
320
309
328
302
327
323
346
323
334
329
301
327
321
339
322
331
319
310
342
287
321
315
369
341
307
367
340
364
352
310
318
342
373
375
332
315
365
336
324
343
374
386
363
354
329
352
354
374
392
384
369
338
396
373
383
423
363
389
383
380
449
447
433
418
430
425
412
452
415
425
410
436
436
406
417
436
451
445
469
454
458
437
469
484
452
498
521
513
547
553
526
556
554
575
536
566
529
594
619
611
665
647
653
686
719
657
770
769
747
759
873
815
867
874
887
917
996
1020
1098
1085
1104
1096
1213
1208
1166
1305
1295
1365
1349
1416
1469
1464
1494
1486
1518
1517
1586
1668
1661
1685
1769
1809
1771
1808
1766
1809
1786
1810
1758
1835
1778
1755
1777
1770
1740
1724
1783
1714
1718
1643
1605
1625
1558
1524
1508
1440
1344
1378
1423
1294
1357
1302
1275
1259
1130
1140
1066
1124
1050
955
938
935
948
873
814
780
830
692
701
675
667
666
608
599
566
600
573
521
495
533
589
500
475
479
430
458
437
466
441
410
401
417
367
384
384
345
382
361
351
362
367
330
346
293
340
287
306
297
304
292
298
275
315
271
281
265
257
283
300
271
255
270
252
242
254
238
260
270
318
274
258
297
290
287
288
334
287
356
359
384
381
364
381
388
412
401
479
473
474
457
465
465
470
497
517
511
489
517
511
482
526
457
456
454
468
435
430
400
372
345
335
306
308
293
240
245
269
240
206
228
205
207
204
211
194
186
176
180
189
194
189
173
164
194
167
208
175
235
182
170
192
178
185
173
166
197
208
172
204
209
204
209
241
202
208
208
231
212
211
225
224
226
224
236
237
233
256
278
267
248
278
239
268
270
281
278
288
277
277
278
311
303
305
298
310
298
297
289
288
320
312
320
312
314
254
294
289
274
305
256
296
289
309
275
270
292
274
289
301
274
237
252
261
253
244
234
220
248
216
205
210
201
222
201
183
192
225
184
194
181
181
170
156
150
190
164
176
170
170
163
144
138
133
155
123
137
126
122
119
130
132
124
126
116
127
118
118
121
99
113
126
101
118
99
94
97
117
126
116
98
85
70
92
83
92
78
71
101
81
81
91
73
94
81
88
86
88
90
93
74
77
71
79
76
81
77
82
68
78
56
87
75
70
77
77
68
69
71
65
70
75
65
67
67
64
64
69
69
61
61
61
53
56
67
60
70
53
47
50
61
57
63
63
75
70
77
68
73
59
68
69
76
77
92
119
77
105
82
76
89
78
89
90
100
96
94
88
86
85
68
75
63
82
67
63
62
74
59
64
53
65
48
56
48
56
60
53
58
49
57
36
58
49
58
42
55
48
56
42
50
54
62
42
48
64
54
60
49
52
30
35
56
45
39
40
38
40
33
57
51
36
39
52
41
44
35
32
39
38
50
52
29
37
47
42
40
33
38
39
33
42
36
37
28
44
23
26
35
36
27
45
40
41
44
34
41
35
38
33
37
24
44
27
30
31
31
36
38
34
43
41
50
27
36
41
38
43
31
43
37
40
31
26
36
39
34
33
40
28
37
29
35
33
32
30
27
32
38
33
35
37
33
40
36
34
24
37
30
30
34
19
27
36
33
35
27
24
37
27
32
32
27
34
28
35
26
28
28
28
37
35
31
30
31
32
28
31
32
30
31
28
23
29
27
27
30
29
39
29
28
25
30
27
30
27
29
32
27
24
18
36
20
38
28
20
35
17
23
24
28
26
33
33
32
32
34
25
21
29
22
31
22
36
17
24
30
22
30
22
20
23
28
29
22
17
18
27
28
14
19
19
38
20
25
20
24
33
11
26
21
32
21
23
24
26
24
22
27
24
30
26
21
22
17
18
28
22
24
23
18
32
24
23
25
24
24
24
22
21
19
22
25
19
19
19
19
27
20
15
18
14
31
21
22
21
20
23
26
22
18
21
29
22
20
19
22
19
12
25
23
17
29
20
20
17
31
21
20
26
16
14
18
17
23
16
27
15
14
18
13
15
20
14
22
19
28
20
15
20
23
20
15
23
26
12
14
14
19
17
11
16
12
15
19
28
19
18
17
25
17
18
19
13
23
15
12
20
21
17
9
22
11
21
11
16
20
14
15
16
16
16
13
12
17
22
17
15
17
20
16
12
13
9
13
16
19
13
18
19
20
12
10
18
11
17
23
22
17
18
8
13
11
13
12
10
13
14
16
13
10
20
16
13
7
13
11
13
14
13
21
13
16
9
12
15
18
14
8
17
6
10
14
13
22
14
14
7
14
16
13
12
15
12
11
10
11
21
11
11
9
15
14
13
19
12
20
12
14
14
18
5
18
18
15
12
13
15
14
14
6
9
10
12
6
13
9
12
18
8
7
9
15
11
14
6
9
12
10
18
11
9
10
15
10
10
9
14
15
9
9
9
11
19
6
14
8
8
10
10
8
18
13
11
10
7
7
9
7
14
11
16
12
16
10
8
15
14
17
14
8
10
7
13
7
15
10
7
7
10
8
9
10
13
10
9
9
8
7
6
7
11
11
15
10
12
5
10
6
11
9
11
7
8
12
11
8
5
5
7
4
16
9
9
11
8
6
4
2
9
9
7
4
7
9
8
11
10
13
14
9
9
8
10
4
4
12
12
8
6
11
4
11
5
5
12
5
7
7
9
3
6
12
5
14
7
7
5
6
5
10
13
6
4
8
9
9
9
8
15
10
4
10
8
6
9
6
12
7
5
12
6
7
8
6
11
5
6
8
3
7
1
8
9
9
3
9
9
8
7
8
11
8
1
11
5
8
8
7
9
4
5
4
11
5
5
5
6
8
4
7
5
5
8
11
10
10
6
9
5
5
12
10
9
9
2
6
11
13
1
4
3
6
8
9
4
8
7
7
7
7
5
8
3
3
5
5
5
5
6
1
8
8
6
7
5
5
4
5
7
8
6
4
3
4
10
9
1
5
6
2
3
12
9
8
7
7
2
6
4
4
2
9
5
4
3
5
6
3
3
5
2
11
11
6
5
1
5
3
4
4
6
8
8
8
6
2
2
6
4
4
9
5
8
6
3
2
1
5
2
3
5
4
5
7
7
6
4
4
2
5
3
6
7
4
7
12
5
6
4
4
0
2
5
3
1
5
5
6
3
4
1
4
5
6
1
4
4
1
2
5
3
1
0
7
1
2
7
4
1
1
8
3
5
7
4
3
7
2
2
2
2
6
6
2
3
3
2
4
6
4
5
8
3
4
5
6
4
8
7
4
4
3
5
4
5
5
5
4
6
5
2
3
3
5
4
2
3
5
3
1
3
1
1
1
2
4
6
2
2
2
1
0
3
2
1
4
4
6
3
2
5
0
1
3
4
5
3
3
4
2
8
2
4
2
3
3
4
4
1
8
1
4
1
4
4
3
2
1
5
0
0
4
3
1
2
1
1
3
2
0
3
9
3
2
3
4
0
0
3
2
3
5
4
2
3
2
3
3
3
1
5
3
3
2
1
4
5
5
0
1
0
1
1
5
2
5
2
3
4
3
6
1
3
1
4
4
3
8
2
1
4
1
1
1
4
3
7
3
3
3
1
4
4
3
3
2
3
2
2
2
2
1
3
5
0
2
1
4
1
0
2
1
1
0
6
1
2
0
2
1
1
3
3
4
2
2
2
0
0
0
2
1
2
4
2
3
3
0
2
2
3
2
2
5
0
1
5
2
2
1
1
4
3
2
1
3
3
5
1
1
1
2
0
2
0
3
4
2
0
0
1
1
2
1
6
2
0
3
1
2
0
0
0
1
2
1
3
1
5
1
2
1
0
3
2
1
2
2
0
3
2
2
1
1
2
2
0
1
0
3
1
2
3
2
0
2
2
1
0
0
1
1
1
1
2
2
1
3
0
0
3
1
0
1
0
1
0
1
3
1
2
0
2
1
2
2
0
2
2
1
1
1
2
0
1
5
2
3
1
1
0
3
0
0
0
1
3
0
1
1
2
2
1
1
2
1
1
1
0
2
0
2
0
1
1
0
0
4
3
2
1
2
0
2
2
1
0
1
3
2
1
1
2
0
1
1
1
0
2
1
2
1
1
2
1
1
2
3
1
0
1
0
2
2
0
2
2
1
0
0
0
2
0
0
0
1
2
1
0
0
0
2
0
2
1
1
0
1
1
0
0
1
2
1
2
0
2
3
3
0
2
2
2
0
3
0
0
1
0
1
2
0
2
1
0
2
2
1
3
0
2
0
0
0
0
0
1
0
0
2
1
1
0
1
2
0
0
1
1
0
0
2
2
0
0
1
1
0
0
2
3
0
1
0
1
3
0
2
1
0
0
0
0
1
1
1
1
0
0
2
0
0
0
0
1
0
5
2
0
0
1
0
1
0
0
1
1
0
0
0
2
1
2
0
1
1
1
0
0
0
1
0
0
0
0
1
0
1
0
0
0
0
1
1
2
0
0
0
2
1
0
0
0
0
0
1
0
0
1
0
0
0
0
1
0
1
0
1
0
0
1
0
0
1
1
1
1
0
2
0
1
1
1
0
1
0
1
1
1
0
0
0
1
0
0
0
0
1
1
2
1
0
1
0
0
1
1
0
0
1
1
0
0
0
0
0
0
0
1
0
0
1
0
1
3
0
1
2
1
0
1
0
2
0
0
0
0
0
3
0
2
3
0
0
1
0
0
2
0
0
0
0
0
0
1
1
0
0
0
0
0
1
0
0
0
2
0
2
0
0
0
1
1
1
0
1
0
0
1
0
0
3
1
1
0
0
0
0
0
0
0
1
0
0
2
1
0
0
2
0
0
0
1
0
0
0
0
0
0
1
0
0
0
0
0
1
0
0
0
0
2
0
1
2
0
0
1
0
2
1
0
0
0
0
0
0
0
0
1
0
0
0
0
1
0
0
1
2
1
1
1
1
2
0
2
1
0
1
1
0
0
0
0
0
0
0
0
1
0
0
0
0
1
0
1
2
0
1
0
1
0
0
1
0
0
0
1
0
0
0
0
1
2
0
1
0
0
0
0
0
1
0
0
0
0
0
1
1
0
0
0
0
1
0
0
0
1
0
0
1
0
0
0
0
0
0
1
0
1
2
0
0
0
0
0
0
0
0
1
0
0
0
0
1
0
0
0
0
0
0
0
2
1
1
0
0
0
0
0
0
0
1
0
0
1
0
0
0
0
