0
0
0
0
0
0
0
0
0
0
0
0
0
0
0
0
0
0
0
0
0
0
0
0
0
0
0
0
0
0
0
0
0
0
0
0
0
0
0
0
0
0
0
0
0
0
0
0
0
0
0
0
0
0
0
0
0
0
0
0
0
0
0
0
0
0
1
2
2
2
2
4
2
6
4
5
4
4
5
2
3
7
18
29
124
338
941
2198
4719
9401
17071
27393
40733
54768
66307
73143
73410
66381
55368
41425
28007
17382
9865
4934
2341
1020
413
133
53
15
2
2
1
4
1
4
0
0
1
1
0
1
2
0
0
0
1
0
0
0
0
4
71
78
45
60
68
65
52
49
59
57
60
55
59
46
59
66
53
54
59
51
56
35
51
44
41
41
46
52
55
57
34
52
52
46
54
44
40
38
42
44
51
56
47
42
55
41
48
42
50
41
60
52
52
43
51
58
64
47
47
41
63
53
39
56
56
57
50
60
68
74
71
85
96
95
93
102
94
99
103
79
75
66
69
61
68
69
60
48
48
64
52
48
45
58
51
53
56
53
59
58
61
75
56
75
81
87
77
90
95
92
121
103
137
115
121
132
150
146
164
211
223
232
281
335
426
575
863
1412
2313
3690
5765
8567
12302
16482
21571
26064
30067
33874
34842
34205
32433
28695
24243
19463
15008
11125
8002
5665
3954
2905
2119
1554
1072
820
584
451
319
267
238
274
252
300
359
371
412
434
410
416
360
320
278
214
181
122
91
79
63
45
45
30
27
34
32
27
28
14
18
15
10
13
9
13
16
15
7
8
17
11
13
15
11
11
11
8
13
12
11
7
12
14
7
4
12
9
14
4
8
8
10
10
12
16
16
12
12
17
16
16
19
25
28
21
30
28
17
29
19
24
24
30
20
15
19
16
20
18
23
24
26
24
20
13
15
21
18
23
21
22
17
17
24
16
19
14
11
13
7
14
8
9
8
10
3
8
8
4
10
12
12
5
6
7
6
6
10
9
11
7
13
6
9
7
4
11
5
3
4
10
8
6
10
8
10
13
12
12
12
24
24
21
21
27
32
30
40
26
23
22
21
13
11
12
17
7
5
15
13
7
9
18
10
8
9
15
10
13
6
16
11
13
13
10
8
4
12
12
8
6
10
5
7
1
3
7
7
3
5
8
7
6
11
6
6
6
5
8
7
6
4
9
4
9
5
10
13
4
5
3
7
9
7
4
5
8
9
6
7
8
9
6
7
2
9
5
7
12
3
5
9
4
11
3
8
2
6
9
7
6
9
13
6
6
10
7
7
9
8
11
8
6
6
9
8
8
6
2
9
9
7
7
5
3
4
9
5
5
10
5
11
14
10
4
5
3
4
5
6
8
13
8
9
6
15
10
12
13
8
7
9
12
12
9
13
8
8
10
13
8
7
5
13
7
6
11
10
13
8
15
13
8
11
10
9
16
10
17
8
10
13
11
12
16
6
9
8
18
6
12
8
14
8
16
9
12
12
14
8
9
11
12
16
7
6
9
13
15
20
12
16
16
10
17
9
10
19
14
16
17
17
13
17
13
17
12
15
22
5
16
26
20
19
26
11
20
14
18
21
12
18
20
15
13
22
20
25
21
17
13
15
27
13
20
17
16
18
20
15
19
22
29
19
12
18
25
19
9
14
20
16
28
18
14
17
12
24
13
20
18
10
15
24
18
18
21
25
27
26
25
23
16
36
20
29
28
35
27
29
27
29
28
25
26
35
28
28
22
17
26
15
22
28
31
33
36
26
23
28
39
29
26
27
27
30
27
29
39
26
32
28
36
32
29
26
40
29
29
27
36
30
33
42
38
31
25
34
51
39
38
40
32
47
39
41
41
35
36
43
53
41
45
47
45
44
47
55
46
54
58
53
50
48
48
54
56
52
71
50
57
63
50
58
57
49
78
58
61
65
69
70
71
73
79
84
56
80
91
89
92
98
95
85
91
83
83
99
91
98
90
76
67
84
100
90
79
81
72
89
83
86
93
75
78
86
59
77
81
95
82
88
73
85
71
88
84
76
81
83
76
86
70
77
97
69
70
70
67
90
85
87
60
95
89
77
67
90
79
85
76
90
58
74
71
72
78
76
81
81
80
72
83
86
68
83
83
80
81
81
97
82
83
95
75
81
77
85
74
73
87
68
76
78
75
71
76
79
89
75
86
86
85
68
83
70
84
63
71
74
68
75
64
82
71
77
79
79
85
65
91
67
78
86
83
91
85
73
80
78
85
85
86
72
69
78
89
82
67
74
82
91
87
67
92
108
85
91
90
95
87
87
93
93
105
96
75
90
86
89
105
100
109
118
130
167
169
186
232
251
314
298
434
487
549
601
673
730
814
843
824
870
847
819
795
807
668
676
609
556
504
431
372
300
271
229
187
192
145
149
125
113
100
99
100
112
97
100
96
102
90
99
110
118
106
99
101
92
108
104
114
107
106
112
92
123
93
97
104
106
108
106
107
86
97
104
117
88
122
120
109
101
113
122
111
122
112
104
119
114
85
109
125
102
138
129
135
111
131
119
114
127
122
125
128
130
144
123
140
136
152
146
173
175
176
184
193
193
188
214
230
236
225
245
230
229
215
242
233
194
211
219
199
177
172
183
177
167
156
150
130
145
150
167
152
149
159
156
139
152
157
167
161
155
168
134
157
166
168
175
203
163
177
171
160
193
190
171
179
174
149
184
182
170
186
204
180
183
186
196
168
201
191
207
193
201
198
180
208
211
197
204
232
206
186
225
219
216
203
228
229
232
246
236
259
278
260
280
297
255
333
280
293
308
301
300
336
296
321
309
282
329
308
322
362
362
364
351
317
352
349
352
379
346
396
352
368
359
393
363
327
373
386
401
358
372
355
369
367
363
370
363
309
316
382
352
356
345
350
360
342
351
322
355
338
335
293
365
334
337
295
288
312
305
305
323
283
323
295
309
281
274
294
285
285
290
261
256
275
239
271
243
275
281
283
248
261
256
230
247
246
230
222
237
250
242
216
236
220
211
239
228
224
241
205
216
207
210
219
217
220
215
216
228
213
230
212
209
214
204
198
202
221
207
214
233
239
201
205
205
184
229
205
218
197
216
218
220
210
196
218
213
230
213
191
222
211
219
230
206
220
225
229
219
209
222
237
214
217
221
226
230
250
231
246
230
240
239
228
240
227
240
237
228
279
247
273
247
246
257
260
249
247
244
245
265
272
253
236
272
252
251
239
247
273
254
249
215
242
209
252
243
234
247
243
240
262
256
244
230
217
240
248
234
225
248
236
235
242
252
260
260
245
251
222
231
253
236
231
233
250
257
249
248
225
241
214
272
235
219
216
225
224
239
248
213
271
206
236
259
231
221
247
247
233
258
269
236
226
243
217
263
253
284
255
240
260
234
273
256
258
267
261
213
263
244
251
251
264
233
271
274
268
225
253
242
263
257
265
263
269
262
272
233
262
274
291
261
254
279
261
274
270
266
285
252
270
278
261
248
253
262
256
263
252
272
280
266
284
290
277
271
303
265
260
274
269
272
305
273
284
283
278
307
274
270
299
278
286
302
300
280
274
265
304
288
294
270
302
334
310
258
310
301
310
269
269
265
299
291
303
314
313
276
283
338
274
309
262
339
292
297
299
291
326
323
329
327
307
297
315
292
319
303
298
328
333
311
320
347
326
337
319
317
331
349
329
305
307
322
274
290
293
336
308
307
297
282
266
299
304
280
280
296
280
297
301
277
299
270
299
317
290
283
310
273
271
312
267
274
306
288
318
288
296
260
256
265
283
298
275
279
271
294
306
250
273
264
264
296
284
296
286
295
266
260
282
292
285
307
243
289
263
239
258
272
263
281
286
260
304
282
275
254
299
287
292
247
299
284
229
259
249
280
260
298
253
255
266
255
251
233
288
276
282
248
257
289
250
249
257
304
285
282
259
263
273
266
274
264
269
255
261
270
272
265
266
262
251
254
264
275
262
297
276
274
271
267
230
271
262
275
240
289
283
256
275
278
270
257
264
284
245
246
271
261
248
258
240
254
276
228
289
288
266
291
283
265
257
240
247
261
247
284
275
232
286
271
277
300
263
264
244
261
270
268
281
272
264
264
267
251
266
242
256
263
259
274
281
238
233
241
279
282
269
293
248
270
277
253
297
246
270
254
289
275
276
253
242
277
289
267
271
261
248
274
249
286
281
273
243
248
267
289
278
255
273
285
251
288
253
251
244
280
272
261
285
271
275
274
248
259
281
290
302
272
276
289
325
287
285
279
280
286
313
283
308
295
292
305
295
293
294
287
292
312
322
309
318
329
295
334
304
329
307
319
299
288
335
340
372
372
340
379
331
377
332
364
348
374
359
359
387
378
357
407
397
397
376
411
388
403
384
414
395
368
379
428
399
408
406
415
439
422
460
405
471
460
502
482
523
528
488
520
514
540
512
542
541
549
573
630
602
639
633
705
671
703
773
718
732
774
815
813
908
895
891
885
936
980
1014
1085
1088
1090
1142
1197
1187
1198
1285
1306
1364
1337
1343
1333
1421
1480
1535
1465
1532
1497
1607
1568
1615
1666
1646
1617
1566
1553
1484
1637
1560
1636
1522
1540
1541
1614
1539
1486
1486
1472
1455
1376
1423
1375
1267
1263
1319
1259
1177
1170
1109
1076
1056
1109
976
929
894
900
855
811
783
770
793
721
701
681
650
608
591
603
605
523
548
508
553
482
512
432
451
410
401
405
415
397
377
411
401
349
346
380
352
347
350
359
289
369
298
295
325
303
307
279
300
321
274
291
310
292
250
275
265
248
250
267
265
252
244
212
240
268
246
243
250
251
244
255
208
230
260
230
273
246
244
311
306
302
349
334
353
347
352
366
403
397
372
439
395
424
467
455
491
480
514
483
476
488
491
517
482
420
413
417
387
393
368
373
373
340
318
301
281
255
256
241
242
228
236
204
196
184
179
188
184
171
182
160
178
178
159
175
164
178
184
178
192
181
165
183
190
179
204
172
219
197
170
184
211
213
204
210
198
232
195
224
201
194
198
195
207
227
217
251
214
253
222
246
240
270
285
256
242
259
290
255
282
254
274
281
266
278
276
292
288
313
261
303
295
281
303
279
273
306
301
282
292
290
293
282
275
241
278
259
254
262
267
258
241
253
248
263
245
226
228
236
213
226
240
214
199
193
184
196
196
215
177
183
157
158
179
179
160
161
143
150
160
149
152
145
140
124
182
160
118
141
140
141
155
102
134
124
109
100
116
96
125
99
101
99
100
101
93
91
95
108
86
106
94
100
97
75
92
100
85
92
78
81
102
83
81
75
96
85
72
89
90
72
67
78
78
60
79
75
81
69
68
61
78
79
81
70
74
62
68
61
69
63
65
61
66
74
66
66
69
62
64
44
57
51
54
67
84
62
52
72
71
63
57
88
70
61
61
70
76
70
74
90
71
79
82
77
74
84
63
84
91
85
103
102
87
89
80
94
101
104
77
89
79
86
70
71
80
55
65
66
53
49
72
52
48
53
54
52
45
50
43
59
36
42
57
56
52
47
55
56
51
48
38
50
47
54
57
55
67
44
50
55
58
43
41
49
61
43
36
49
42
48
50
45
39
45
59
36
58
42
27
44
37
42
44
48
31
39
41
33
38
39
38
34
46
41
49
31
36
47
42
43
38
33
48
33
33
47
33
30
43
28
38
30
43
38
35
33
36
45
45
42
35
37
45
40
25
28
42
30
25
42
25
34
41
36
32
39
31
19
34
44
36
38
41
45
43
31
27
27
36
27
25
36
36
26
29
43
35
37
29
22
28
43
34
30
40
27
44
33
42
26
31
39
34
31
44
29
33
29
29
24
41
38
34
37
30
22
31
36
28
34
33
39
31
35
28
33
33
31
27
39
22
26
26
32
32
36
28
30
23
22
25
28
25
19
36
28
32
26
27
24
31
30
27
33
27
41
23
30
20
30
23
16
31
25
17
26
31
32
32
33
25
29
24
22
21
23
30
26
23
20
25
25
39
21
14
26
24
22
32
18
23
26
24
25
20
32
24
31
31
25
29
34
24
21
21
26
21
26
19
22
37
22
17
18
23
24
27
23
20
22
20
23
30
28
21
24
21
20
26
22
17
22
22
29
28
20
23
23
32
17
11
23
19
21
29
17
15
20
21
22
21
28
28
12
27
22
17
26
26
23
29
24
23
22
21
19
17
20
28
19
17
20
22
21
24
21
21
26
27
31
14
16
13
17
20
18
14
18
17
12
21
20
14
11
20
23
13
19
18
20
6
23
15
15
13
27
18
24
23
19
16
17
20
21
20
15
17
10
16
20
14
18
15
22
21
21
12
14
13
19
22
20
15
7
19
21
12
31
13
21
15
27
14
16
25
13
16
17
16
29
15
18
9
20
13
18
17
18
17
19
19
11
14
6
13
19
15
10
18
14
16
22
11
16
25
17
24
18
14
14
16
16
19
17
14
16
11
12
14
11
14
16
14
9
12
20
14
19
19
10
14
14
10
17
13
10
20
14
9
15
13
9
13
16
16
15
13
8
18
21
11
13
14
10
14
9
16
15
15
19
17
14
13
14
14
4
15
15
14
10
16
14
9
16
10
13
15
11
14
10
14
9
12
19
17
12
18
10
10
9
11
10
9
11
17
11
18
8
5
12
13
19
9
13
11
10
4
14
12
8
15
24
12
5
18
14
15
9
10
20
8
19
10
9
12
7
20
8
13
8
8
3
18
16
11
6
15
11
8
9
13
10
11
12
11
8
8
14
11
13
7
13
8
6
11
14
11
9
11
11
14
6
5
10
9
5
7
16
10
10
12
8
13
11
19
8
6
9
9
9
11
15
9
8
12
5
8
7
14
7
7
12
10
8
10
9
10
4
5
9
8
4
14
8
10
3
3
11
5
2
13
13
10
1
8
8
6
11
10
7
6
11
13
6
8
8
8
4
15
13
4
6
14
7
9
12
10
5
6
10
6
5
6
12
8
7
8
7
5
8
7
8
8
7
11
5
9
6
9
7
2
9
9
6
6
6
4
5
5
9
7
4
8
3
10
2
6
9
7
4
6
8
6
7
5
4
8
6
7
7
6
8
4
6
6
8
5
9
4
8
4
8
14
4
9
6
6
6
6
6
2
10
6
6
8
9
5
3
8
3
7
6
2
8
4
2
10
7
5
3
6
6
3
8
3
6
4
8
8
7
4
0
2
6
6
5
5
3
8
8
8
7
3
4
7
6
6
5
5
4
9
5
3
6
4
9
7
4
6
2
12
5
3
8
3
2
6
8
4
3
3
7
7
2
9
7
5
0
4
9
10
6
2
5
7
4
2
2
7
4
4
3
7
2
4
5
7
5
3
5
4
3
2
5
3
1
4
9
6
4
5
5
3
8
2
7
3
3
3
4
2
6
6
4
2
4
5
5
6
4
5
3
7
3
2
3
7
2
6
2
1
6
5
7
3
4
1
1
4
2
5
6
7
2
5
6
2
7
6
6
4
4
3
5
3
4
1
7
5
4
2
2
0
5
6
5
3
1
3
2
6
6
2
3
3
2
4
4
2
7
4
4
5
2
4
4
3
1
4
1
2
4
4
4
3
3
0
7
1
2
2
3
4
3
3
4
3
4
1
2
1
1
1
2
6
0
4
6
3
2
2
2
3
2
5
3
3
5
3
4
2
2
5
3
1
4
3
4
1
5
2
1
0
2
4
0
5
1
2
2
1
4
3
5
3
3
0
4
6
1
0
1
1
2
4
0
2
3
4
7
2
1
3
0
1
3
1
4
1
2
3
1
0
1
2
1
0
3
4
3
3
2
0
2
4
4
5
3
2
0
1
3
1
0
1
1
2
3
7
2
3
2
1
5
4
1
1
3
1
3
0
2
3
2
1
0
3
1
0
2
0
1
2
2
2
1
1
2
2
2
3
3
2
2
4
4
4
2
4
0
2
2
1
1
2
6
4
5
4
2
1
3
2
3
3
1
1
0
2
2
0
2
4
2
3
2
2
1
0
3
1
0
2
0
1
2
2
1
2
4
0
1
4
0
2
2
1
1
0
0
3
1
1
1
2
1
2
3
1
1
0
1
1
4
1
1
1
2
2
0
1
1
3
2
1
1
1
2
3
0
0
3
6
1
2
1
0
1
0
1
0
0
2
1
0
3
0
0
2
4
0
2
1
4
0
1
1
2
5
2
0
2
1
2
2
2
2
0
0
2
0
1
1
0
1
4
1
2
0
2
0
2
3
0
0
0
0
2
0
3
2
3
0
1
1
0
3
0
0
1
3
2
2
0
1
2
1
1
1
2
0
2
0
4
2
1
1
1
1
0
1
1
2
0
3
2
1
1
0
2
0
3
1
1
1
0
1
0
0
1
1
0
1
1
1
0
0
0
0
1
1
3
1
1
0
1
1
2
1
1
1
1
1
1
0
1
1
0
2
0
1
2
0
1
2
0
0
1
1
0
1
1
2
2
1
0
1
0
1
0
0
1
2
2
0
1
0
1
0
1
0
2
0
4
0
0
0
0
1
0
0
1
2
1
1
3
0
1
1
3
1
1
0
0
0
0
0
0
1
0
0
1
1
1
0
1
0
0
1
1
2
0
1
1
1
0
1
2
1
0
0
0
0
2
2
2
0
0
0
1
2
1
0
1
1
0
0
1
1
2
0
1
2
2
0
1
2
0
1
0
0
1
0
0
1
0
0
1
0
0
0
0
0
0
1
3
1
0
0
0
0
0
1
3
0
1
0
0
1
0
1
0
0
0
2
1
1
1
0
0
0
0
0
0
0
1
1
0
0
2
1
0
1
1
1
1
1
1
2
0
1
0
0
1
1
0
0
1
0
1
0
1
0
0
1
0
1
0
0
1
0
1
0
0
1
1
0
2
0
1
2
1
2
0
0
1
0
1
0
2
0
0
1
0
0
0
1
0
1
1
0
0
1
1
0
0
1
0
0
0
1
0
0
0
0
0
2
0
0
0
0
0
0
0
2
0
0
0
1
0
1
0
0
0
0
2
1
0
0
0
3
0
0
3
0
1
0
0
0
1
0
1
0
0
1
0
0
0
0
1
0
0
1
0
0
0
2
0
0
0
0
1
0
0
1
1
0
0
0
0
2
0
1
0
0
1
0
0
0
1
1
0
0
0
0
2
0
0
0
1
0
1
0
0
0
0
0
0
0
0
0
0
0
0
0
1
0
1
1
0
0
1
1
0
0
0
0
0
0
0
0
0
1
1
0
0
0
0
1
0
0
0
0
0
1
0
0
0
0
0
0
1
0
0
0
0
0
0
1
0
1
2
0
0
1
0
0
0
0
0
0
1
1
0
0
0
0
0
0
1
1
0
0
0
1
1
1
0
0
0
0
