0
0
0
0
0
0
0
0
0
0
0
0
0
0
0
0
0
0
0
0
0
0
0
0
0
0
0
0
0
0
0
0
0
0
0
0
0
0
0
0
0
0
0
0
0
0
0
0
0
0
0
0
0
0
0
0
0
0
0
0
0
0
0
1
1
0
0
3
2
1
2
1
2
4
1
4
3
0
1
2
5
4
12
47
114
349
871
2211
4757
9535
16958
27735
40967
54605
66583
73258
73367
66521
54870
41236
27862
17327
9837
5042
2356
1041
343
121
41
20
9
3
2
0
1
2
0
1
1
0
2
0
2
1
0
1
1
2
0
1
0
3
55
68
55
58
44
37
60
59
32
51
52
51
48
51
50
53
47
39
52
50
60
50
43
37
59
40
49
52
52
54
42
40
49
45
51
52
30
44
51
44
35
50
60
29
56
52
50
52
60
42
57
55
47
38
56
40
44
47
44
40
48
37
50
38
51
54
63
50
63
65
68
95
81
101
92
94
103
111
72
80
82
66
69
59
68
66
53
55
53
40
63
55
70
46
50
44
54
56
64
64
73
48
50
67
88
93
79
78
101
91
119
116
119
128
141
165
177
182
168
201
209
217
274
350
437
564
877
1416
2331
3559
5747
8667
12449
16694
21545
26282
30897
33545
35125
34622
32476
28809
23956
19511
15094
11098
8115
5527
4062
2863
2134
1578
1158
827
585
433
312
250
257
225
267
274
322
356
402
446
416
412
359
326
293
219
160
130
115
72
75
51
48
42
41
37
41
26
24
10
17
19
11
8
13
11
14
7
6
5
9
13
8
12
11
6
12
11
12
11
13
8
7
13
9
14
9
7
9
4
2
16
9
9
6
13
12
10
10
12
11
19
17
15
16
29
23
23
30
36
34
26
25
15
18
9
17
17
18
23
23
18
29
18
19
25
19
20
26
18
29
21
23
18
20
22
27
24
15
13
8
16
6
16
8
9
11
7
6
4
12
6
9
7
10
9
11
4
2
5
9
10
6
4
2
5
5
5
4
8
5
9
3
4
7
8
10
11
16
13
28
19
27
26
23
21
30
23
21
28
22
21
22
18
13
12
13
10
6
8
6
9
7
7
10
9
7
12
10
10
11
10
9
12
8
8
7
4
10
10
7
11
4
8
6
10
6
10
11
8
4
6
4
7
2
8
5
5
7
9
7
6
10
5
11
8
1
9
4
4
7
5
5
9
9
3
5
11
10
9
5
9
3
8
8
9
6
6
2
1
7
10
8
6
2
9
3
3
5
3
10
10
4
8
7
5
11
5
10
9
11
5
8
3
6
8
6
11
5
5
8
11
7
7
7
5
10
5
11
9
10
5
6
8
4
9
5
10
8
6
10
5
6
10
6
4
8
14
4
7
9
7
7
10
11
7
8
8
6
11
7
12
8
11
12
12
11
14
10
8
8
8
5
9
10
11
10
16
7
11
7
11
6
12
9
4
14
11
4
9
8
9
7
5
6
10
12
10
11
9
14
16
12
8
16
8
18
17
17
9
17
14
15
16
18
16
12
12
24
17
12
18
11
15
16
14
17
14
16
15
20
17
13
16
24
23
17
16
14
21
11
28
19
23
20
19
13
19
21
14
19
20
18
18
23
19
23
21
21
10
23
7
24
16
14
15
14
16
21
14
11
17
28
19
20
32
14
22
22
26
18
17
20
14
28
25
17
22
21
27
27
30
28
12
20
23
29
17
33
24
26
22
16
24
23
27
29
19
29
23
21
23
34
31
24
29
27
19
29
36
28
31
16
28
32
27
36
38
39
32
22
31
37
35
32
36
39
40
32
24
17
34
32
31
45
44
34
45
40
45
26
47
40
39
45
38
24
48
41
41
42
35
48
52
57
33
43
44
56
50
53
58
65
60
63
58
57
56
56
57
64
61
57
62
62
56
63
63
81
64
56
76
54
74
76
66
90
65
81
77
71
69
94
66
73
96
80
95
90
79
96
89
97
79
80
86
79
70
79
91
87
77
88
78
90
80
72
93
82
99
82
84
90
87
98
84
78
80
82
99
82
92
90
95
89
97
80
75
70
75
75
64
88
93
78
72
77
64
98
72
83
79
78
85
66
78
80
98
97
77
79
92
76
79
79
83
98
74
80
73
85
70
85
59
87
74
91
84
79
57
75
55
79
74
83
61
97
77
84
64
80
91
87
104
76
63
65
75
94
83
80
76
85
82
80
77
78
80
78
86
78
72
83
68
71
83
86
78
83
75
79
85
83
94
93
91
69
90
87
73
74
81
93
77
76
88
88
83
85
110
80
84
74
86
79
90
94
82
91
90
97
116
107
123
122
149
140
157
189
242
268
309
382
404
478
523
603
651
705
788
777
834
843
808
844
792
758
762
659
570
524
472
438
406
300
308
215
197
147
165
134
117
129
117
108
110
106
89
100
78
95
103
99
96
102
92
113
105
119
102
83
107
103
98
101
103
120
97
90
104
103
118
110
120
95
87
99
94
102
101
116
106
110
114
99
121
110
102
107
103
119
120
141
104
102
86
126
92
103
97
109
116
113
131
125
126
120
121
140
136
133
128
150
169
160
168
171
210
190
196
194
203
224
228
221
232
225
234
203
221
211
195
206
210
186
172
151
177
160
144
148
146
139
133
137
176
139
167
146
182
160
151
150
159
155
196
155
158
150
158
178
160
162
195
154
138
148
156
184
161
171
190
191
169
186
203
174
178
157
181
192
176
200
187
192
194
186
194
187
174
207
174
218
192
217
221
213
218
240
202
235
218
216
233
257
259
254
286
266
288
265
257
276
307
283
275
289
323
333
302
308
323
327
345
301
329
357
319
325
358
311
340
332
349
363
355
329
363
377
358
340
373
380
389
383
396
353
389
364
346
415
343
360
375
325
387
347
407
389
348
340
336
350
339
332
318
342
318
324
341
322
294
273
275
332
293
307
337
297
281
299
288
246
265
265
268
246
239
262
277
274
244
255
273
247
219
259
267
211
251
237
233
225
207
240
251
232
248
215
211
233
251
223
226
199
214
204
220
215
204
244
222
214
206
209
231
211
213
226
207
203
208
195
202
219
203
208
210
214
234
199
214
185
196
231
232
208
229
240
250
192
219
214
203
195
224
195
208
197
210
234
205
209
212
240
213
211
233
229
218
211
246
260
213
215
255
231
238
231
254
219
237
215
235
234
271
237
243
248
253
280
261
242
265
241
239
255
239
265
251
274
244
243
272
248
214
241
238
242
234
225
249
256
237
234
256
240
233
221
237
232
244
242
243
200
249
246
238
256
228
229
237
230
231
238
227
249
248
249
232
243
263
225
230
252
215
230
232
228
221
259
244
247
240
284
250
225
244
224
249
253
225
261
247
254
235
244
247
242
280
230
230
257
231
242
265
233
271
274
264
251
257
243
276
253
244
256
239
245
256
251
261
264
253
270
263
254
271
278
259
253
270
259
245
273
256
250
267
261
271
259
280
295
272
289
247
276
255
289
275
261
275
264
273
269
260
283
271
273
275
278
258
269
266
261
275
273
263
269
280
285
284
287
284
287
276
268
289
279
266
303
295
283
291
286
296
284
266
265
293
300
284
297
287
293
302
271
292
292
280
290
307
333
299
331
273
270
292
292
290
332
329
307
303
283
318
318
287
343
307
317
315
302
326
325
322
273
311
305
292
299
324
313
298
306
305
291
316
323
315
310
311
288
280
309
303
308
262
318
302
301
312
299
304
274
337
298
303
262
297
291
276
297
282
298
256
310
267
294
291
250
272
320
301
278
310
251
269
283
278
263
260
250
266
245
276
242
252
259
273
272
260
277
259
272
245
272
267
278
272
266
246
265
285
263
273
253
291
253
258
245
244
235
247
276
247
291
269
253
250
267
268
265
257
286
266
220
271
247
276
262
257
264
297
265
272
272
257
279
274
257
250
255
231
253
255
276
287
256
266
273
259
275
276
247
269
241
301
249
251
296
265
279
259
271
266
245
248
276
240
229
232
273
247
247
267
248
239
244
243
258
238
258
268
214
269
267
233
260
292
240
264
265
242
226
245
230
227
248
260
258
257
279
259
268
266
247
260
284
267
285
270
239
244
242
257
242
240
235
245
252
248
233
258
236
262
262
254
234
256
262
240
236
273
244
233
279
284
287
262
244
247
252
252
228
257
255
284
229
255
261
248
280
247
258
269
255
246
240
252
245
265
243
283
264
279
240
262
266
260
239
237
234
261
268
282
276
240
267
265
276
245
239
255
288
270
244
282
261
263
292
273
283
305
291
275
314
259
257
292
263
304
246
278
285
297
285
291
278
309
282
275
307
303
274
305
327
300
317
306
317
306
338
306
327
315
324
355
317
351
298
341
314
327
299
353
328
352
336
364
343
331
366
379
388
353
373
371
366
407
384
398
442
423
447
401
411
406
411
439
442
462
418
444
476
499
481
483
509
515
557
537
555
586
585
615
633
623
659
619
705
730
705
736
771
781
801
876
877
879
935
867
965
975
1071
1044
1146
1170
1165
1117
1227
1170
1262
1271
1302
1333
1336
1304
1417
1463
1415
1431
1518
1512
1433
1451
1496
1467
1448
1514
1515
1496
1481
1468
1531
1448
1419
1494
1393
1344
1329
1321
1383
1289
1240
1179
1181
1206
1115
1077
1099
1029
987
992
946
908
922
875
841
755
788
707
748
699
665
665
638
642
562
629
592
516
522
493
516
516
463
462
403
446
413
404
367
411
380
355
381
370
350
359
321
335
320
308
304
285
284
303
299
282
264
313
288
273
257
271
253
260
222
251
238
260
243
244
249
232
215
231
238
232
209
221
220
231
225
243
250
220
243
227
257
234
243
281
281
281
271
318
309
332
345
351
386
333
401
353
399
382
430
463
405
435
446
448
468
454
438
470
423
458
414
405
403
387
370
401
331
335
320
291
295
260
257
256
222
165
200
198
153
196
164
166
182
180
148
161
156
165
160
182
151
137
156
137
177
130
149
173
178
157
170
161
170
189
155
170
159
191
188
168
162
147
186
184
192
186
201
188
197
182
201
187
196
219
216
216
221
239
256
221
228
203
246
240
242
248
231
236
257
233
228
261
276
259
264
251
274
243
304
279
277
269
262
256
253
267
234
282
268
263
244
238
255
253
236
247
252
210
233
213
234
208
223
222
203
209
198
208
185
202
186
187
168
172
206
166
169
187
161
155
151
127
167
145
137
139
129
149
123
140
135
128
125
113
124
139
128
122
109
123
98
97
108
87
103
106
113
88
84
76
96
93
77
86
96
95
81
95
90
67
84
72
68
86
71
80
73
76
75
69
58
78
67
81
77
75
64
69
76
62
67
76
74
71
62
84
54
71
77
57
60
65
61
66
62
70
59
55
67
63
61
52
46
57
53
49
77
56
55
65
61
62
59
64
51
53
39
67
61
49
67
77
68
63
77
51
58
60
86
69
81
76
80
61
76
85
84
73
87
81
83
75
71
78
76
83
78
66
65
62
62
70
62
67
57
50
54
59
54
53
42
55
47
34
50
39
53
42
44
36
51
46
35
40
49
56
50
40
49
46
42
45
48
51
46
51
36
43
36
43
50
44
54
43
35
35
29
49
42
34
36
38
43
44
38
28
38
30
48
28
33
36
24
33
37
38
27
29
46
32
32
32
28
33
29
39
34
43
33
27
35
28
35
32
38
38
26
25
41
24
35
33
32
34
28
26
44
33
29
37
37
29
36
30
19
42
39
19
42
28
34
30
33
29
34
28
32
23
31
30
27
22
25
29
29
31
30
23
22
35
34
23
30
30
24
37
23
31
24
30
21
26
21
28
24
33
18
29
26
34
36
34
29
24
38
24
23
32
34
16
26
30
34
30
32
26
26
24
35
25
27
20
29
21
36
23
31
25
23
21
18
22
28
30
32
25
28
28
23
32
27
30
21
17
19
30
26
23
24
24
19
24
20
24
18
20
27
22
18
24
29
27
26
32
15
23
23
26
18
23
24
20
25
19
28
30
20
33
27
22
18
30
25
21
29
17
21
19
15
19
21
19
32
28
21
20
16
20
19
23
21
30
25
27
28
22
28
28
14
28
28
18
26
30
20
24
18
19
14
23
14
27
18
16
29
21
29
26
28
25
15
25
19
21
17
21
26
22
15
21
21
24
12
21
15
23
19
17
25
18
17
25
19
15
22
15
25
23
14
20
22
20
13
13
19
21
13
15
20
12
20
17
14
21
20
18
22
24
16
12
18
21
19
14
13
15
10
15
9
23
27
15
15
14
11
11
13
15
17
15
18
12
12
19
12
19
13
18
17
13
19
21
13
18
17
16
17
12
13
17
12
18
6
16
17
15
14
14
19
7
18
14
19
16
15
15
14
16
13
17
13
17
14
7
10
12
14
14
19
12
16
10
16
18
12
15
11
7
14
10
10
14
11
10
15
9
11
15
13
7
20
7
6
9
7
13
12
11
14
19
12
13
15
20
18
6
7
16
12
12
17
13
12
16
13
10
11
6
12
8
14
11
8
17
13
13
16
13
12
9
14
11
7
11
8
11
10
11
7
9
13
11
8
10
13
10
12
12
7
15
7
17
12
13
18
9
12
6
9
12
10
12
19
14
14
14
8
9
5
6
10
10
13
11
10
16
11
7
12
7
13
7
7
7
9
6
13
12
7
10
8
6
7
7
12
7
11
12
10
15
12
9
8
9
7
12
11
6
13
9
13
8
13
8
8
11
11
13
9
10
5
8
7
8
8
11
6
11
9
8
8
10
8
8
11
5
13
6
10
11
10
11
8
10
6
6
15
12
7
6
7
9
6
6
12
10
8
9
10
9
5
10
5
7
9
12
5
11
9
7
10
7
12
6
4
5
8
8
8
5
12
6
4
8
7
5
7
7
6
13
5
6
10
9
6
8
8
9
10
11
9
11
8
11
3
12
5
5
8
2
8
6
11
13
5
7
11
7
11
4
6
16
10
8
8
5
12
5
7
7
8
4
6
4
12
6
9
7
13
9
7
7
5
5
3
8
5
3
10
1
8
6
11
1
7
4
5
6
8
7
5
5
8
6
7
4
3
7
4
6
4
4
0
6
4
3
3
7
6
3
6
11
10
6
4
4
5
5
8
3
4
3
6
4
8
3
3
4
5
4
5
9
3
8
9
5
6
7
6
2
4
10
3
3
5
5
6
3
5
7
7
3
5
6
6
5
5
2
8
7
4
4
3
9
4
6
5
7
2
3
5
2
5
3
6
4
2
2
2
5
4
0
4
1
0
2
7
1
3
5
3
5
3
5
3
4
3
0
3
7
3
4
0
4
4
8
8
7
9
3
1
2
5
4
3
1
5
3
4
3
2
4
3
8
1
3
4
4
6
1
4
8
5
1
4
4
8
4
3
2
3
5
3
11
2
4
4
4
2
3
3
2
5
2
9
3
5
1
2
5
2
1
4
1
2
3
1
6
4
7
2
4
4
2
0
3
3
5
3
6
5
1
4
6
3
1
3
4
2
3
2
4
1
0
1
3
2
3
2
2
1
1
2
6
2
3
3
5
2
2
3
3
2
3
1
2
2
2
6
2
1
1
0
4
2
3
4
1
1
1
0
2
2
3
2
2
2
2
3
4
1
3
1
4
3
5
3
3
1
4
1
1
3
2
1
4
3
2
3
4
3
1
2
3
2
1
3
3
3
2
3
4
4
1
2
3
1
4
2
0
1
0
1
2
2
3
3
1
1
4
0
2
1
1
1
1
2
5
1
4
3
1
2
1
1
0
1
2
2
3
2
3
3
4
2
2
2
3
1
3
2
2
0
0
2
4
3
2
3
1
4
2
1
2
4
0
2
0
1
2
2
3
0
1
0
3
2
1
0
0
1
0
2
4
3
2
0
2
4
1
1
3
1
0
0
4
2
1
2
1
0
0
1
1
2
4
1
3
1
4
3
1
1
3
0
0
0
0
1
1
1
0
2
3
1
1
2
1
3
2
0
0
9
4
2
1
2
3
0
1
4
0
1
4
0
4
1
1
2
1
0
2
3
0
4
2
2
2
5
0
2
3
3
1
1
3
0
1
2
0
1
0
1
2
0
2
0
1
0
0
4
2
0
1
0
1
3
1
1
2
3
0
0
0
0
3
1
0
0
0
1
1
3
0
1
1
1
1
0
0
0
1
0
0
3
1
0
0
3
0
0
2
0
0
1
1
0
3
1
0
0
1
0
0
1
3
2
1
1
1
1
3
0
3
2
2
2
1
2
2
0
1
0
2
1
0
0
1
0
0
2
0
1
1
2
1
2
0
0
0
1
1
2
0
0
1
0
0
0
2
0
0
1
1
0
0
1
2
0
0
0
1
0
1
1
0
1
1
1
2
1
2
1
1
2
2
0
4
1
2
1
0
0
0
0
0
1
0
3
0
0
2
2
1
0
1
0
2
1
2
0
1
0
0
1
0
0
0
0
0
0
0
1
2
1
0
0
1
3
1
1
3
1
0
1
1
1
0
1
0
0
1
2
1
2
2
0
0
0
0
1
1
0
0
0
0
2
0
2
1
0
0
0
1
0
2
2
0
0
0
0
0
1
0
1
1
2
1
1
1
1
0
0
0
2
0
0
0
1
0
0
0
1
1
0
0
0
0
0
0
0
0
2
1
0
0
0
2
1
0
0
2
0
1
0
0
0
0
0
0
0
0
1
0
1
1
0
0
1
0
0
0
0
0
4
2
1
0
0
1
0
0
0
1
2
1
1
0
1
1
0
0
0
0
0
0
0
0
0
0
0
0
0
0
1
2
1
0
0
0
0
0
0
0
0
1
3
1
0
0
0
2
1
1
0
1
2
0
1
1
0
1
0
1
1
0
0
0
0
1
0
2
0
1
0
0
0
0
0
0
1
0
0
0
0
0
0
0
0
0
1
1
2
0
0
0
0
1
2
0
0
1
0
0
0
0
0
0
0
1
0
0
0
0
1
2
0
1
1
0
1
0
0
0
1
0
0
0
0
1
1
0
0
0
0
0
0
1
0
0
2
0
1
0
0
0
1
0
0
0
0
0
0
0
0
0
2
0
0
0
0
1
0
0
0
0
0
0
0
0
0
0
0
0
0
1
0
0
1
0
0
0
0
1
0
0
2
0
0
1
1
1
1
0
0
0
0
1
0
1
1
1
0
0
0
1
0
1
0
1
0
0
0
1
0
0
0
0
0
0
0
0
0
0
0
0
0
0
0
1
0
0
0
0
0
0
0
0
0
0
0
0
0
0
0
0
0
0
0
0
1
0
0
0
0
0
0
1
0
0
0
0
1
0
2
0
0
1
0
0
0
0
0
0
0
0
0
1
0
1
0
0
0
0
0
0
1
0
0
0
2
0
0
0
0
0
0
0
