0
0
0
0
0
0
0
0
0
0
0
0
0
0
0
0
0
0
0
0
0
0
0
0
0
0
0
0
0
0
0
0
0
0
0
0
0
0
0
0
0
0
0
0
0
0
0
0
0
0
0
0
0
0
0
0
0
0
0
0
0
0
0
0
0
0
0
1
1
0
2
0
2
2
2
4
2
2
4
5
2
5
24
44
132
353
940
2224
4801
9612
17203
27655
40891
54567
66021
72841
72751
66052
55282
41628
28497
17351
9771
5103
2276
1025
362
113
37
11
2
6
1
3
2
1
3
0
1
1
1
1
0
1
0
0
0
1
0
1
0
4
63
61
58
60
62
83
68
75
65
61
62
65
65
63
62
56
57
49
63
45
58
61
52
62
58
51
57
45
45
63
61
41
39
59
41
56
58
51
48
42
54
45
50
47
51
51
60
69
62
44
50
50
50
52
53
56
58
55
50
53
43
65
60
58
48
51
47
55
74
63
71
75
87
84
115
110
109
110
85
101
69
75
54
66
62
59
50
58
47
59
58
48
55
57
52
51
53
66
61
43
59
65
62
63
91
75
87
90
83
91
92
99
110
129
129
143
143
166
168
172
173
205
208
221
322
494
754
1212
2028
3468
5402
8308
11715
15988
20627
25456
29653
32342
33582
32891
30884
27324
23259
18690
14151
10474
7682
5402
3890
2843
1987
1435
1033
736
563
415
281
244
213
203
248
274
350
366
408
411
429
424
364
347
274
228
156
123
104
70
64
50
41
39
50
35
24
22
26
18
29
15
9
8
15
9
6
10
16
9
9
12
11
11
19
15
11
13
14
6
13
10
9
6
12
4
9
10
8
14
9
5
13
6
11
18
11
10
13
19
20
16
22
21
22
35
34
36
27
22
26
20
20
23
25
27
13
13
16
18
28
23
14
25
25
19
13
29
28
13
23
19
16
17
20
24
11
14
17
15
11
17
19
9
9
12
6
8
7
5
3
6
11
10
7
7
3
12
7
7
7
10
7
5
2
8
5
6
7
3
10
2
7
7
9
15
6
20
17
21
23
26
33
31
32
26
28
11
23
27
20
13
24
19
11
8
10
14
8
12
10
11
7
8
8
14
13
12
13
11
10
12
18
4
13
10
3
6
9
9
13
11
8
8
7
2
4
3
3
13
4
6
4
11
5
4
4
7
7
5
1
10
6
5
6
4
8
5
10
6
3
7
1
8
9
6
9
4
8
7
7
10
9
6
10
8
5
6
11
5
7
1
10
5
14
7
11
5
8
6
3
8
7
6
2
5
8
4
9
9
12
9
10
7
4
3
3
11
8
6
5
9
9
9
6
6
10
3
7
5
8
11
7
11
8
5
5
3
4
3
12
7
6
9
6
8
12
9
8
8
10
7
5
7
7
7
5
10
4
5
5
7
4
5
4
10
13
9
10
6
6
16
10
9
10
13
7
8
10
11
13
7
11
20
10
8
11
19
13
13
15
11
12
9
15
9
7
11
9
10
6
12
13
7
9
11
12
14
18
12
12
8
11
14
14
8
10
10
22
13
21
16
17
12
21
12
15
13
13
22
12
15
22
11
13
16
11
22
21
17
10
9
17
22
15
19
12
15
17
13
15
21
15
14
25
16
19
18
18
13
15
8
21
17
18
20
17
15
16
25
21
14
13
23
18
28
15
18
25
30
19
20
22
13
22
29
16
30
30
31
23
26
25
28
28
25
22
20
25
24
23
24
27
19
22
22
26
27
26
33
23
27
23
29
25
26
32
20
28
32
39
33
23
26
34
38
24
28
30
38
28
29
31
43
31
37
31
45
42
32
62
29
41
31
30
41
37
26
51
32
45
33
48
37
33
53
39
37
35
50
38
40
41
60
47
44
59
50
41
49
63
59
57
53
65
72
52
58
71
74
62
64
62
71
76
56
65
75
76
70
75
77
72
76
83
73
71
77
77
79
65
84
85
94
84
91
86
100
92
92
94
82
90
94
78
75
70
57
88
83
105
81
65
75
84
80
81
82
81
71
92
76
73
84
66
71
60
77
79
73
87
64
74
61
83
72
65
67
68
63
88
59
84
73
80
65
68
81
68
65
78
65
70
66
81
70
67
78
64
84
67
57
79
87
68
68
67
70
65
71
74
75
76
58
75
74
83
73
56
78
78
67
69
66
66
73
74
74
56
71
69
62
75
84
72
73
68
78
71
69
77
65
67
80
69
84
69
75
66
75
88
69
75
73
88
85
79
62
67
77
82
74
71
81
74
83
83
78
62
66
72
79
74
79
85
84
73
90
70
72
69
66
88
83
79
79
84
78
81
108
72
96
93
112
128
147
158
149
194
239
257
314
389
425
485
523
616
677
774
766
802
859
877
812
849
778
695
656
647
547
487
445
381
342
287
254
202
182
170
136
137
113
109
95
109
86
103
82
108
93
97
104
105
85
78
85
88
99
107
97
93
101
85
111
107
89
109
110
75
100
95
80
105
93
106
113
101
105
107
90
107
88
124
106
102
103
118
111
108
113
130
116
121
84
107
103
106
130
129
113
125
109
93
110
119
136
125
131
133
122
130
147
148
131
177
186
184
161
205
196
212
208
225
203
211
236
206
217
191
218
208
198
174
170
180
168
146
179
140
153
153
145
163
131
131
152
145
147
161
144
136
156
155
132
156
150
162
154
179
142
164
157
165
162
162
165
164
145
185
181
191
192
182
185
179
165
180
179
180
175
192
179
207
208
188
196
196
180
176
188
205
208
190
213
213
191
211
218
244
213
220
229
195
208
239
231
246
210
228
248
241
223
237
249
243
259
267
254
244
263
275
283
264
237
264
260
239
263
294
283
283
280
250
261
279
270
267
265
262
269
280
266
246
232
260
257
280
247
246
250
252
251
277
240
246
233
254
255
237
241
221
242
223
254
237
234
233
216
225
233
242
204
236
206
254
217
210
206
181
224
213
218
242
221
212
216
204
182
207
212
199
215
231
199
210
176
187
213
208
205
179
190
198
196
196
203
213
198
205
202
200
187
185
211
216
200
213
215
211
213
200
211
220
197
193
178
189
212
211
186
189
208
209
193
214
181
218
209
212
244
188
215
214
222
203
217
199
200
226
201
200
233
213
188
224
220
202
203
219
224
244
220
194
197
212
223
213
213
213
230
217
214
211
221
222
194
202
234
196
220
229
205
227
206
253
232
219
221
208
248
243
219
216
202
249
225
231
218
229
238
234
230
211
209
209
218
247
227
210
222
223
220
211
245
224
261
255
222
236
260
258
252
221
231
239
249
253
265
269
234
245
270
237
214
264
267
239
256
254
239
252
264
244
233
221
264
256
270
254
248
261
264
268
260
223
259
249
266
256
248
256
244
264
248
245
270
258
253
225
264
256
273
248
232
262
270
285
233
266
298
268
250
295
280
249
265
225
255
299
261
262
282
269
280
246
287
260
286
269
290
291
298
261
282
253
256
287
276
267
276
289
290
294
258
322
290
309
275
296
301
299
295
299
239
303
282
299
308
290
304
309
290
286
299
293
306
307
316
316
274
313
313
317
288
297
317
318
293
342
325
340
260
306
310
327
320
332
291
322
284
325
313
297
347
301
340
375
349
348
333
321
315
325
341
341
321
356
330
320
352
327
335
336
316
321
307
324
302
332
371
359
295
336
332
352
324
325
327
333
344
333
298
322
330
321
306
321
347
300
327
311
317
352
319
343
311
318
307
351
307
341
310
300
309
323
294
309
313
343
329
288
315
280
342
332
291
287
290
270
295
305
252
311
313
291
289
305
297
288
275
306
277
278
289
292
280
287
267
282
301
281
284
280
271
280
279
289
305
287
281
284
275
295
288
290
274
311
313
287
294
321
299
288
329
276
269
275
273
253
310
291
301
288
275
278
275
274
326
310
312
310
261
269
275
276
323
279
292
278
282
295
307
282
287
281
288
295
279
296
290
289
256
274
290
276
299
293
271
284
297
272
300
275
268
275
297
288
260
304
278
259
268
257
264
288
294
278
287
281
262
288
261
287
284
286
306
278
278
267
283
280
272
313
279
265
317
326
259
268
286
284
273
305
283
259
267
305
282
250
292
244
285
273
308
294
279
279
266
283
270
305
299
281
273
251
293
274
281
295
274
293
304
269
278
277
274
299
310
311
305
285
295
244
275
284
307
320
268
307
296
312
289
280
328
304
289
302
304
307
314
300
299
302
309
278
283
264
300
290
296
296
293
309
317
301
306
314
293
312
319
280
310
325
322
325
309
312
308
302
301
304
309
296
318
318
306
318
330
321
350
325
322
308
313
303
349
356
339
327
342
367
358
336
360
359
362
371
372
355
358
362
360
379
346
412
358
394
373
370
416
389
378
380
429
405
424
381
394
428
411
426
416
476
466
434
437
457
407
453
473
437
519
471
506
492
454
493
550
498
527
525
519
587
592
586
563
622
580
664
647
644
675
653
725
735
756
751
713
795
832
800
903
947
963
1017
1003
1031
1010
1005
1072
1144
1163
1245
1291
1145
1320
1297
1387
1367
1405
1450
1541
1560
1533
1581
1585
1565
1635
1582
1653
1775
1689
1716
1739
1761
1731
1773
1767
1786
1775
1692
1699
1618
1710
1645
1560
1681
1598
1585
1558
1598
1521
1496
1447
1395
1428
1402
1377
1323
1227
1242
1174
1114
1101
1110
1042
1026
999
959
927
779
869
817
782
738
754
687
737
676
698
652
593
547
572
562
531
524
528
473
464
479
458
466
438
403
434
418
427
403
435
404
385
373
358
329
352
358
331
355
313
311
325
329
318
293
303
319
307
261
303
294
275
269
275
264
261
269
304
261
263
268
276
246
272
276
250
267
267
286
306
278
284
296
320
327
341
365
342
370
362
413
390
422
413
450
442
468
438
489
444
478
520
564
509
508
543
522
517
464
472
465
477
495
471
423
442
418
390
361
377
331
334
297
270
262
252
232
235
236
215
211
206
215
184
197
199
220
196
193
185
199
203
203
216
185
207
204
217
180
229
190
192
176
214
192
191
237
225
223
210
214
222
255
223
243
259
261
227
252
221
250
231
254
277
277
302
278
278
294
260
276
281
263
279
261
270
333
297
325
320
277
295
333
308
307
294
322
314
290
327
301
297
284
312
316
307
317
306
265
297
280
297
292
283
288
275
281
288
292
239
279
246
283
229
239
231
230
233
249
243
214
223
211
223
208
209
168
192
208
174
180
198
187
184
160
175
174
158
153
145
146
162
139
143
124
144
140
132
159
129
117
133
138
136
121
124
105
108
119
132
122
113
110
88
122
116
104
113
93
83
107
101
100
103
82
77
79
82
80
84
96
88
83
87
100
98
86
79
75
90
87
73
84
87
72
81
61
83
81
68
79
74
101
74
65
69
65
68
73
72
76
66
64
80
78
83
82
62
64
64
75
64
64
83
77
72
84
64
66
72
91
69
84
83
76
96
71
78
89
86
90
91
87
105
101
94
92
98
105
104
93
92
109
80
86
78
90
81
93
97
93
72
66
69
87
57
65
68
65
46
56
44
74
52
46
68
59
68
63
51
62
52
43
65
56
46
56
52
50
48
61
56
49
58
60
50
47
55
48
58
48
51
45
48
53
43
53
51
33
34
52
47
47
40
50
47
40
49
43
42
44
40
48
33
48
39
43
33
47
51
40
60
53
52
37
47
45
45
46
54
42
44
48
41
31
37
43
44
42
44
33
43
38
42
39
39
32
58
51
24
44
43
49
34
37
38
55
30
37
32
43
39
43
33
44
39
42
33
34
35
45
45
31
30
32
33
31
29
44
43
37
31
28
32
42
35
32
24
30
51
44
34
34
28
33
45
44
37
39
42
39
41
33
29
29
37
38
39
25
39
38
33
28
42
29
25
42
33
39
32
47
37
44
33
43
39
28
31
26
24
34
34
48
35
26
21
30
29
20
41
34
31
33
24
32
38
25
28
40
36
41
19
33
26
36
34
39
32
29
35
32
22
30
37
28
28
20
23
26
26
27
39
36
41
29
30
30
34
10
27
26
34
35
27
35
22
39
26
35
30
30
33
29
32
27
25
28
24
33
28
20
35
27
27
28
31
24
23
28
21
25
19
28
25
39
20
29
34
24
24
16
22
25
24
29
24
25
22
21
23
30
28
31
23
20
22
23
20
22
19
27
19
24
26
24
23
24
20
23
36
22
25
17
31
12
14
19
25
23
26
23
32
17
22
17
33
23
23
26
14
21
21
17
21
17
22
22
29
26
17
18
20
27
19
19
23
18
21
25
14
20
16
18
19
10
16
13
24
10
17
20
22
19
24
18
25
26
19
27
24
30
20
17
14
24
19
26
18
25
11
21
16
24
23
24
18
18
19
12
17
16
18
15
17
19
20
13
23
16
13
22
18
16
14
18
11
17
17
15
14
26
24
17
21
23
18
17
25
8
16
18
16
15
25
22
14
12
15
20
12
15
18
23
19
16
17
9
21
15
18
17
14
18
15
18
13
15
20
14
19
14
5
13
22
18
23
17
12
11
19
5
18
12
15
17
17
20
14
17
12
13
18
7
16
16
24
11
15
15
9
13
13
18
11
13
14
10
12
13
11
11
16
20
18
10
12
15
9
8
16
11
10
10
14
15
16
19
16
13
19
12
17
12
14
9
10
14
16
5
7
11
16
12
15
6
15
10
9
8
12
14
11
18
18
22
13
8
7
26
5
10
12
12
11
9
9
16
9
17
12
6
16
13
12
8
9
14
12
17
14
15
12
8
13
12
10
19
14
13
14
15
15
17
8
10
9
18
12
15
9
8
8
9
10
9
13
7
8
11
12
17
9
15
14
19
11
10
7
8
9
6
5
5
16
13
7
9
10
8
3
5
9
11
11
17
12
12
12
5
11
8
15
7
16
18
8
12
7
6
7
15
12
17
11
13
5
9
8
9
14
8
12
8
8
5
10
7
7
9
7
6
12
7
11
7
8
11
9
9
8
5
6
4
4
9
7
7
4
8
5
7
12
10
6
7
9
16
7
9
10
8
7
8
6
6
7
11
13
8
12
8
8
6
11
4
1
10
8
5
12
7
8
9
6
12
5
7
2
1
12
6
4
6
6
9
9
9
10
4
10
8
5
8
4
8
12
6
9
7
8
10
4
9
9
9
11
5
5
4
3
7
6
9
5
10
3
4
3
5
8
11
4
9
9
7
5
10
7
4
8
5
6
6
8
5
12
4
3
4
5
7
7
7
3
6
9
1
2
6
6
2
6
5
7
3
5
7
3
3
7
3
5
3
6
4
3
4
10
6
6
3
3
2
3
4
7
7
7
7
4
0
2
2
6
2
9
1
4
3
8
4
8
6
4
3
1
11
7
11
3
6
7
5
2
3
1
2
7
4
3
4
4
4
8
4
5
9
5
3
6
9
3
3
6
4
7
6
9
7
5
7
9
2
0
4
4
6
4
3
6
3
5
3
6
8
7
0
3
6
2
3
6
3
3
2
2
0
4
4
8
2
4
10
5
3
4
3
5
1
6
2
4
6
7
10
7
6
5
4
5
6
3
4
3
3
2
2
4
6
7
3
2
3
2
4
6
1
5
6
5
2
3
5
3
6
5
6
7
4
5
6
5
6
2
3
2
3
1
3
6
2
5
2
6
4
3
5
2
1
4
4
6
7
3
1
4
3
4
3
1
1
2
3
4
4
4
3
3
2
3
5
4
3
3
3
4
1
8
2
4
2
4
5
3
4
3
4
4
1
3
5
0
3
2
1
1
3
6
2
3
2
4
1
1
2
1
1
3
2
2
4
2
1
1
6
7
2
3
1
6
3
4
3
2
2
3
4
4
2
2
4
4
6
2
1
2
1
2
2
3
2
4
1
3
6
1
7
5
2
1
0
1
3
4
3
1
2
1
2
2
1
2
2
1
2
3
3
2
0
4
2
2
0
4
5
6
1
1
5
3
1
0
4
4
4
0
4
3
2
3
0
3
4
3
0
2
3
1
2
5
2
0
3
6
1
2
2
5
3
0
1
3
2
2
5
4
2
4
6
2
1
4
1
3
5
2
4
1
1
3
3
2
1
1
1
2
4
1
2
1
5
3
1
1
2
2
1
3
2
2
5
2
1
1
1
1
2
0
1
4
2
0
0
1
2
2
3
2
1
2
0
0
2
0
3
1
1
1
1
4
0
2
1
1
2
3
1
1
3
0
2
1
0
0
0
2
1
1
1
0
1
1
1
0
3
0
4
1
0
2
0
2
0
4
0
4
2
1
2
0
1
2
1
1
2
1
2
2
1
0
1
3
2
1
3
1
0
2
1
1
2
1
2
0
3
1
1
1
2
2
1
0
0
2
2
1
2
0
1
0
1
2
0
0
5
0
1
4
2
1
1
1
2
0
3
0
0
1
2
1
3
1
2
1
1
0
1
3
1
2
1
1
2
2
0
0
0
4
0
2
0
2
1
0
1
0
1
1
1
0
0
0
1
1
0
1
0
1
1
0
1
0
0
1
0
1
1
0
0
2
2
2
1
1
3
2
0
2
0
2
0
0
0
0
1
0
3
1
1
0
0
1
0
1
0
0
1
1
0
0
1
1
0
0
1
0
0
0
0
0
0
1
2
0
2
0
0
0
0
1
0
1
1
0
1
0
3
0
0
0
0
2
1
1
0
2
1
2
1
1
0
1
0
0
0
0
0
2
0
1
0
2
0
0
0
2
0
1
0
1
1
0
0
0
1
0
1
1
2
0
1
0
1
0
0
1
0
1
0
2
0
0
0
0
0
1
0
0
1
1
1
0
1
2
2
1
0
0
0
0
0
0
0
0
0
1
0
0
1
2
1
0
1
2
0
0
2
0
0
0
0
1
0
0
2
0
0
0
0
0
2
0
1
1
1
0
2
0
1
1
1
1
0
0
2
0
0
1
0
0
0
0
0
0
0
2
1
0
3
0
0
1
1
0
1
0
0
0
0
2
0
0
0
0
0
1
0
1
0
1
0
1
0
1
0
0
0
0
0
0
1
0
0
1
2
1
0
2
0
0
0
0
0
0
0
1
1
0
0
1
0
0
1
1
0
0
1
0
0
1
1
0
2
0
0
0
1
0
0
0
0
3
0
1
0
0
2
1
0
0
0
0
1
0
0
0
0
2
0
0
0
0
0
0
0
0
0
1
0
0
0
0
0
0
0
0
1
0
0
2
0
1
0
1
0
1
0
0
0
0
0
1
1
0
0
0
0
0
0
0
0
0
1
0
1
0
1
0
1
0
0
0
0
0
0
0
1
0
1
1
0
0
0
0
0
0
1
0
0
0
0
0
0
1
0
0
0
0
0
0
0
0
1
1
0
0
1
0
1
1
0
0
0
1
0
1
0
0
0
0
1
0
0
0
0
0
0
0
