0
0
0
0
0
0
0
0
0
0
0
0
0
0
0
0
0
0
0
0
0
0
0
0
0
0
0
0
0
0
0
0
0
0
0
0
0
0
0
0
0
0
0
0
0
0
0
0
0
0
0
0
0
0
0
0
0
0
0
0
0
0
0
0
1
3
1
5
1
2
3
5
4
1
2
1
1
7
4
1
8
6
10
58
126
363
917
2173
4768
9435
16952
27629
40528
54403
66158
73409
73452
66348
55553
41509
28066
17360
9801
5179
2449
1033
402
130
41
10
3
1
1
0
1
2
3
1
0
1
1
0
0
2
0
0
0
0
0
0
2
10
79
69
56
61
63
64
54
55
44
51
60
47
64
66
55
71
58
56
51
44
57
58
39
51
68
58
58
46
43
60
51
51
48
46
50
35
48
51
53
50
49
51
49
51
48
46
41
35
51
45
59
42
52
50
45
60
42
50
52
51
55
63
56
52
49
48
54
54
69
70
76
73
78
102
108
109
101
96
95
77
88
71
63
59
71
64
53
54
46
48
55
56
55
48
54
60
55
56
47
66
69
53
68
75
64
65
73
94
98
102
99
100
151
123
130
169
167
194
187
206
219
214
270
350
421
598
931
1455
2256
3650
5668
8465
12331
16638
21559
26197
30242
33909
34953
34558
31967
28703
24083
19481
14808
11206
8028
5724
3993
2945
2089
1475
1136
846
570
418
311
276
213
224
296
315
312
360
439
422
410
411
339
318
265
228
172
139
102
72
56
47
41
37
40
39
36
24
26
19
19
10
17
12
15
12
11
9
4
11
11
6
12
16
12
7
18
9
7
13
8
3
13
8
8
7
10
9
7
10
12
13
8
9
7
11
14
16
11
13
12
16
26
21
19
24
29
28
34
28
27
28
33
16
16
27
15
18
21
29
16
16
20
25
29
17
20
15
19
17
21
22
29
19
22
14
12
18
14
19
13
10
14
8
12
7
11
3
6
5
6
9
10
3
7
8
6
8
13
10
5
8
15
4
9
8
8
4
9
7
7
3
11
9
10
8
8
8
11
20
16
26
33
21
27
23
20
26
26
31
23
22
13
23
14
7
14
13
7
9
14
5
11
12
12
14
9
11
16
10
7
11
9
12
7
8
10
9
8
6
1
6
10
8
7
5
7
8
9
10
11
6
5
5
9
9
14
7
6
9
1
7
8
6
8
6
6
4
6
3
7
4
6
3
5
10
7
6
6
10
7
6
9
4
8
12
5
7
6
4
4
10
7
10
8
10
9
8
12
10
4
3
7
5
9
6
3
7
13
5
10
6
6
14
7
5
3
2
6
4
5
11
7
8
7
6
15
9
9
7
11
8
8
12
9
8
6
7
6
3
12
6
10
10
11
8
10
6
15
11
7
4
6
9
4
12
7
12
3
9
8
14
8
5
6
13
11
8
9
9
11
11
13
12
10
11
14
10
10
7
12
10
5
16
12
6
9
10
10
11
7
16
7
8
9
15
14
7
9
10
13
13
9
17
13
17
15
17
9
12
15
15
20
13
17
11
13
23
8
11
16
12
15
15
12
9
21
12
17
17
13
18
19
14
14
18
17
22
19
19
21
12
22
23
15
18
15
23
19
13
18
20
20
12
14
14
23
16
19
22
19
21
20
19
22
14
22
25
17
25
18
20
19
22
16
22
12
17
15
18
22
21
22
16
20
13
21
30
18
19
25
22
25
18
17
23
29
24
21
22
25
25
28
22
24
24
24
35
31
26
34
34
28
33
25
19
37
36
32
20
29
33
33
26
28
32
31
34
28
35
33
30
28
30
29
38
35
27
36
43
52
32
38
57
30
28
34
35
53
31
44
40
43
37
44
40
50
48
45
44
53
49
47
27
49
45
58
42
49
41
44
62
46
76
45
55
69
50
53
47
62
60
48
41
55
57
67
60
63
61
66
64
70
75
69
78
71
88
86
83
97
85
80
95
72
90
95
107
105
104
105
83
70
73
88
70
66
74
72
77
76
70
84
77
67
91
70
58
67
81
78
84
88
80
74
66
81
93
87
70
87
69
71
74
85
94
78
74
86
78
83
81
82
78
82
87
64
84
69
82
64
81
75
76
71
78
80
73
93
60
77
85
97
75
87
71
85
74
102
67
93
89
90
78
91
77
87
89
89
80
79
90
72
83
82
84
65
73
65
84
87
68
77
89
89
82
76
86
56
86
80
83
74
68
86
83
103
96
87
81
69
67
78
88
98
79
91
80
89
88
80
93
81
91
85
93
82
91
81
81
87
70
81
81
71
80
80
74
82
87
83
90
97
92
93
76
67
98
82
76
87
89
96
103
118
124
141
155
188
227
287
320
379
423
460
549
579
659
728
782
781
854
877
850
837
819
788
765
679
597
572
502
440
365
317
270
197
232
182
160
163
134
122
117
95
110
117
99
107
99
98
107
88
86
110
118
123
107
116
97
112
97
100
119
100
101
102
101
106
114
102
103
99
109
110
110
99
126
91
109
102
97
123
116
107
116
113
135
122
108
118
102
106
148
94
115
134
120
102
133
128
122
114
133
123
128
114
127
129
114
135
129
145
129
153
167
180
185
215
214
196
197
221
256
231
257
244
234
229
222
196
200
211
156
181
176
187
169
166
177
175
179
164
151
143
140
154
140
154
152
129
176
155
163
150
175
145
185
159
168
182
180
175
145
195
183
180
198
137
194
201
191
210
167
167
183
205
177
212
172
206
208
180
181
229
192
168
203
218
212
214
207
213
211
196
225
209
240
210
245
251
241
269
255
294
261
243
266
257
273
295
278
297
282
296
282
270
308
312
326
317
321
328
334
322
343
325
356
316
330
321
350
356
353
387
386
352
355
360
373
405
394
381
370
348
406
380
404
393
390
342
380
353
386
376
334
379
375
409
348
366
356
353
340
388
339
335
346
358
379
327
344
348
322
292
330
321
348
323
293
320
293
305
321
275
290
260
271
299
258
290
253
268
276
263
271
302
261
303
228
252
253
243
254
232
238
232
276
263
241
251
240
234
249
240
222
228
258
233
260
231
231
243
219
265
230
252
239
247
209
242
220
228
216
226
208
216
222
223
239
224
226
235
221
241
235
277
224
246
235
209
210
238
259
221
247
243
225
211
211
253
214
229
251
254
235
228
238
230
258
286
236
251
233
242
228
265
253
265
276
260
250
263
250
255
270
266
279
266
276
260
271
266
275
263
280
275
290
281
259
320
282
295
267
265
263
267
275
263
271
288
283
268
272
241
262
269
274
274
255
276
262
273
257
276
271
265
276
289
270
265
301
270
247
267
267
256
270
263
250
277
259
250
264
289
246
259
268
314
302
245
277
277
268
269
272
270
276
268
288
290
291
250
292
282
260
275
301
265
267
265
290
318
314
253
262
295
281
272
296
323
285
268
260
286
292
281
289
275
300
296
272
331
286
278
293
336
281
301
314
306
277
297
308
306
282
268
318
308
327
311
285
298
292
313
309
330
267
304
282
319
320
293
293
298
351
309
307
281
307
287
323
285
296
275
322
347
293
299
290
306
320
303
294
318
308
323
298
341
321
346
340
300
315
303
344
328
346
316
310
328
369
340
343
356
329
354
305
342
323
336
335
361
319
320
310
300
349
340
300
349
337
345
323
347
328
334
354
362
351
315
360
330
332
378
346
330
348
367
370
336
321
340
338
369
358
323
306
380
346
365
321
337
346
329
370
303
369
366
353
321
294
329
302
333
328
320
326
330
326
334
321
332
328
313
366
296
300
331
307
309
297
297
336
295
326
310
302
278
324
328
331
311
314
315
337
326
305
314
317
302
315
309
311
292
312
309
311
333
288
290
324
323
298
272
305
308
303
288
296
279
316
323
279
308
300
293
278
284
261
322
294
316
286
315
304
312
267
313
307
295
293
280
292
336
309
298
293
303
315
296
277
311
299
310
305
299
307
280
300
299
266
293
313
315
278
300
267
284
284
273
281
300
306
301
315
302
303
315
315
290
255
299
291
272
268
305
268
307
286
267
257
300
294
299
278
284
296
289
314
283
262
276
292
280
281
268
292
284
291
286
282
272
307
289
290
299
287
290
284
293
290
275
266
291
291
281
282
312
284
275
311
298
285
263
279
251
308
321
307
302
307
294
292
285
323
283
308
259
279
297
307
281
310
295
302
237
264
262
272
269
295
300
283
323
277
296
292
270
274
274
290
289
282
284
338
292
294
260
310
283
299
308
304
295
293
327
282
298
291
282
297
299
304
317
313
285
305
328
311
329
287
324
343
308
315
325
305
336
329
296
304
292
306
365
328
305
318
321
365
324
341
357
361
329
374
345
330
356
324
362
354
329
369
334
352
384
356
366
366
373
372
374
354
385
358
367
392
430
399
407
413
431
355
418
409
450
412
458
445
468
442
482
495
425
527
478
473
516
470
515
481
516
570
541
533
541
600
615
599
597
613
645
640
676
704
714
703
738
692
772
805
857
820
911
900
970
929
1002
1054
1070
1034
1155
1109
1184
1210
1239
1183
1261
1315
1320
1414
1401
1491
1483
1491
1534
1546
1602
1624
1642
1562
1555
1682
1618
1669
1643
1616
1671
1627
1597
1749
1649
1635
1643
1581
1582
1515
1572
1508
1462
1482
1446
1418
1387
1287
1278
1249
1243
1261
1229
1198
1133
1068
1043
994
977
936
882
823
858
847
771
715
765
719
701
655
613
626
622
608
594
540
552
515
503
491
466
476
478
463
439
447
414
401
403
405
366
367
411
363
338
356
320
333
365
314
348
343
331
346
291
300
264
275
299
265
285
272
229
286
249
269
272
233
242
256
267
288
276
269
231
248
250
232
253
242
240
256
252
259
297
296
276
290
314
321
329
364
378
390
391
408
390
367
424
479
418
444
488
502
478
522
446
508
458
477
472
509
447
481
417
436
388
381
393
368
363
303
305
298
271
264
240
237
225
208
220
203
204
215
201
184
179
179
173
157
180
170
183
186
201
175
153
171
189
162
159
177
175
187
176
194
198
200
188
185
181
194
179
181
201
201
216
199
208
231
219
237
220
227
224
253
248
230
250
257
260
223
257
260
260
254
266
280
232
274
276
279
288
284
241
301
314
300
300
309
277
291
262
264
269
287
275
281
284
280
300
290
264
283
289
275
247
242
273
220
249
258
261
225
256
210
241
209
235
219
200
237
221
173
176
187
195
185
171
181
176
172
171
163
149
153
163
148
153
144
180
145
155
148
126
133
155
125
120
109
104
108
116
105
117
126
111
110
105
114
96
92
105
88
113
98
93
91
91
89
85
91
97
67
104
84
71
89
74
72
84
79
79
76
88
79
78
72
75
74
77
76
71
73
76
57
59
63
59
81
93
78
75
72
74
79
65
47
67
70
62
51
53
65
59
60
88
67
60
70
45
56
63
65
61
50
68
80
63
49
64
63
72
62
56
69
62
63
77
72
64
79
94
82
86
89
84
89
73
91
98
89
88
83
88
72
76
68
69
77
69
73
56
76
70
54
69
53
60
52
61
58
44
47
47
48
57
56
55
54
46
46
48
39
37
49
43
48
52
33
64
38
52
41
43
39
48
47
67
39
47
41
42
47
38
43
38
49
45
42
48
55
49
35
44
50
48
40
40
41
44
46
41
40
45
49
41
31
51
40
27
31
43
24
38
38
41
37
43
39
38
40
30
44
38
29
34
34
38
37
37
31
33
35
34
37
32
32
37
32
37
35
34
34
41
35
27
32
34
24
26
28
38
34
36
34
37
36
43
41
31
40
39
31
32
34
27
36
41
42
38
28
31
32
33
38
28
29
33
24
29
28
30
33
42
26
32
29
27
28
28
27
33
28
32
16
22
36
36
32
31
29
33
38
28
37
23
34
26
23
33
24
35
36
29
28
25
31
31
29
31
23
18
23
23
21
31
20
34
34
32
26
36
17
34
26
24
26
22
24
22
23
23
22
24
26
25
28
20
23
25
19
24
24
30
24
23
25
21
29
23
24
37
19
29
22
31
28
32
26
32
26
21
19
35
27
22
26
27
28
29
22
21
12
30
34
22
21
25
23
19
19
23
33
18
29
22
26
19
20
17
19
25
26
20
23
25
31
16
23
22
19
16
27
17
22
17
27
24
18
17
11
23
19
20
20
22
19
18
18
16
13
24
22
18
21
15
28
16
19
27
14
29
21
25
14
18
17
13
21
13
19
15
25
19
15
24
22
21
15
16
25
17
21
12
18
24
15
14
22
22
21
17
12
17
20
16
18
18
12
13
23
25
18
20
25
12
16
20
19
20
20
20
17
19
19
17
17
20
8
15
15
22
21
14
18
16
15
16
26
19
14
17
16
20
16
9
15
11
16
19
18
19
14
20
17
17
29
10
13
13
14
15
13
10
12
12
15
14
20
14
11
13
19
16
18
9
14
18
21
14
15
8
20
16
24
19
16
14
20
13
16
12
17
18
19
16
17
14
14
12
15
17
12
13
14
15
12
11
12
14
11
13
13
11
11
9
11
10
14
14
14
14
14
9
15
12
17
7
8
8
14
10
11
8
12
13
15
10
10
10
12
8
9
13
14
13
18
15
8
12
13
16
8
8
20
20
6
9
14
8
13
17
9
10
9
8
13
9
8
10
10
10
7
6
15
15
13
11
14
15
13
11
7
10
15
11
8
10
12
8
15
7
10
13
6
12
11
9
9
12
12
14
5
13
6
12
10
6
12
2
13
11
10
2
9
13
9
8
13
7
9
10
7
5
13
4
14
6
7
8
6
5
7
10
14
5
6
11
3
9
11
14
13
5
9
12
7
8
7
7
4
6
6
12
15
7
9
15
9
6
15
7
8
11
5
11
10
6
12
7
13
6
6
2
5
4
7
2
6
12
11
13
7
6
7
9
4
7
10
8
14
5
7
5
5
11
8
4
10
4
5
6
5
11
6
9
5
9
10
9
5
8
3
6
5
3
3
3
6
5
8
10
8
5
5
8
9
6
6
9
7
4
9
3
8
8
5
8
11
4
6
10
6
9
8
4
8
5
5
2
3
6
6
6
6
6
6
5
4
3
5
4
5
6
7
4
4
5
10
4
10
3
9
6
4
9
8
3
5
6
7
3
10
2
1
9
3
4
7
9
5
3
6
5
2
7
6
8
5
9
5
4
3
3
3
7
6
5
4
6
6
6
5
11
9
8
6
9
10
6
8
5
5
3
2
2
3
3
7
3
4
5
3
7
11
2
6
3
8
7
9
5
2
2
2
5
4
5
2
6
4
7
3
4
2
5
7
7
6
2
5
6
4
12
4
5
3
7
6
4
4
5
3
6
5
5
5
4
6
6
3
7
4
2
5
2
5
1
1
4
4
5
4
7
4
2
5
3
2
3
2
5
2
4
2
3
4
4
3
7
0
2
4
3
6
5
4
0
5
1
3
2
7
4
5
0
3
2
6
3
1
5
2
3
4
2
4
2
4
7
2
3
6
1
3
3
3
3
3
4
4
4
2
0
3
5
0
3
2
2
2
6
7
1
3
3
2
4
2
5
6
0
3
2
2
1
0
5
3
3
2
2
4
3
6
1
6
4
0
5
3
5
2
5
1
7
4
3
0
2
4
3
3
3
7
6
4
0
5
2
3
8
3
4
3
2
3
1
4
3
5
3
5
3
5
1
2
2
3
2
0
2
2
3
2
2
2
4
2
3
0
5
1
2
0
2
1
2
3
2
3
2
1
2
3
0
5
0
1
4
3
2
3
4
2
6
2
1
0
7
0
2
4
2
0
1
4
0
2
4
6
4
6
2
5
0
2
3
2
4
0
1
4
2
2
2
1
5
0
2
3
1
0
3
5
3
2
1
3
1
2
2
1
1
2
0
1
2
0
1
1
0
1
0
4
1
3
4
2
0
5
1
3
2
1
1
1
0
1
3
0
1
2
0
1
0
1
2
1
2
0
0
2
2
2
1
5
3
1
1
1
2
2
2
0
0
2
5
3
3
1
2
2
1
1
4
2
1
0
1
1
0
2
0
3
2
0
1
1
1
2
0
0
1
2
2
0
2
3
3
0
1
0
0
0
1
2
0
3
1
4
2
1
1
0
2
0
2
0
1
1
1
4
4
1
3
1
2
1
3
0
1
0
1
1
0
0
2
2
1
1
2
1
1
1
1
0
2
2
0
0
0
1
1
2
1
0
4
0
2
2
3
4
2
1
0
1
1
0
3
1
1
0
0
1
2
0
0
3
2
0
2
2
0
0
0
0
0
2
2
0
0
4
1
1
1
3
1
2
3
0
1
0
0
1
0
0
0
1
1
2
0
0
2
0
0
2
0
0
3
0
1
2
2
0
1
0
1
0
2
2
1
2
1
0
1
0
0
1
0
1
1
1
0
1
1
3
0
1
1
0
0
0
0
2
1
0
0
1
0
0
2
1
1
1
0
0
0
3
2
0
1
0
1
1
0
0
0
1
0
0
0
2
0
3
1
2
1
1
2
2
0
3
0
0
0
1
0
2
0
1
0
0
0
2
0
1
0
0
2
0
0
0
1
2
0
0
1
0
1
0
3
0
0
0
0
0
0
1
1
0
1
1
0
2
1
0
0
0
0
2
0
0
0
1
2
0
0
1
3
0
0
0
1
0
1
1
0
0
0
2
0
2
0
0
1
0
1
0
0
0
0
1
2
0
0
0
0
0
1
0
0
0
1
0
0
0
0
0
0
1
1
1
0
2
0
0
0
0
0
0
1
0
1
0
0
1
1
0
0
0
0
0
3
1
1
0
0
0
0
0
0
0
0
1
0
0
1
2
2
0
0
2
1
1
1
1
1
2
0
1
1
2
0
0
0
0
1
0
1
0
0
0
2
0
0
0
0
3
0
3
0
0
1
0
0
0
2
1
0
0
1
0
0
0
1
1
0
0
0
2
1
2
0
0
0
1
1
1
0
0
0
1
0
0
0
0
0
1
1
0
0
0
1
0
0
1
0
0
0
2
0
0
0
0
0
1
1
0
2
1
1
0
0
0
1
1
1
1
0
0
1
0
0
0
0
0
0
0
1
1
0
0
0
1
1
1
1
0
1
0
0
2
0
0
0
0
0
0
0
1
1
0
1
0
0
0
0
0
0
0
0
0
0
0
1
0
0
1
0
0
0
0
0
1
0
0
0
0
0
2
1
0
0
0
1
1
1
1
0
1
0
0
0
0
0
0
0
0
1
0
0
0
0
0
0
0
0
0
1
1
0
0
1
2
0
0
0
0
0
0
2
0
0
0
0
0
0
0
0
0
0
1
0
0
0
0
0
0
1
0
0
0
1
1
0
0
0
0
1
0
1
1
0
0
1
1
0
1
0
0
1
0
0
0
0
0
0
0
1
0
0
0
1
0
0
1
0
1
