0
0
0
0
0
0
0
0
0
0
0
0
0
0
0
0
0
0
0
0
0
0
0
0
0
0
0
0
0
0
0
0
0
0
0
0
0
0
0
0
0
0
0
0
0
0
0
0
0
0
0
0
0
0
0
0
0
0
0
0
0
0
0
0
0
1
0
1
0
2
4
1
2
1
3
2
3
2
2
1
1
6
20
34
124
363
912
2140
4957
9528
16936
27959
40957
54360
66343
72836
73499
66378
54810
41312
28045
17543
9969
5026
2313
995
374
146
55
11
10
6
2
5
0
0
0
0
0
0
1
0
0
0
0
0
0
1
1
0
1
2
45
48
44
62
59
56
45
47
59
56
55
60
58
64
55
58
52
42
45
60
47
57
41
60
42
57
58
56
49
55
53
52
60
55
41
44
56
58
44
46
37
42
50
38
43
53
44
50
48
40
49
50
50
51
66
67
70
52
43
49
56
52
49
48
51
68
48
60
62
64
68
88
94
92
91
90
103
78
98
80
78
66
77
66
68
65
52
47
51
48
61
39
40
53
62
45
64
64
62
68
67
65
81
72
71
76
93
93
82
92
113
113
123
141
154
142
155
178
181
200
251
248
286
349
448
617
900
1415
2261
3778
5696
8502
12087
16583
21320
26574
30554
33633
35238
34602
32287
28663
24134
19339
14858
11135
8078
5767
3986
3015
2084
1472
1108
772
582
419
346
259
227
248
263
258
306
347
430
442
429
409
367
319
250
220
154
131
99
72
57
53
49
41
43
36
31
24
27
26
26
12
12
17
15
12
13
16
16
7
12
15
10
10
13
12
11
8
3
14
11
14
10
7
8
9
11
7
18
7
7
17
9
8
8
13
10
17
18
13
16
13
11
14
26
25
29
23
35
22
21
25
23
23
16
19
19
21
28
21
22
21
17
21
20
20
27
17
17
25
26
21
17
25
26
18
17
17
15
21
10
10
12
7
7
10
5
5
9
12
4
7
11
8
10
2
4
3
7
8
6
10
4
6
10
8
6
6
4
2
7
9
7
7
7
14
11
10
14
14
24
15
22
37
36
29
31
33
24
29
18
23
18
13
8
6
20
15
16
11
11
4
8
8
14
18
15
10
12
11
15
19
14
6
3
7
10
10
11
5
11
4
10
5
6
4
8
8
6
4
5
3
7
3
7
6
9
6
8
7
9
5
6
6
5
4
9
4
10
2
4
4
8
4
9
10
4
6
2
6
7
3
4
10
4
7
5
6
9
6
3
5
10
8
3
9
10
4
4
6
9
3
7
8
10
6
2
9
5
7
9
6
9
12
10
8
6
4
5
10
6
5
5
7
1
5
9
7
7
6
6
4
10
12
7
4
11
10
7
5
5
10
4
3
6
7
11
9
7
9
13
9
10
7
8
10
6
11
9
10
12
13
8
9
7
11
8
13
13
8
16
11
6
10
12
7
7
9
9
12
11
5
7
13
9
11
11
13
9
11
15
10
13
9
8
15
14
12
12
12
14
17
8
8
12
9
9
23
15
20
20
15
11
11
16
17
14
13
16
10
18
10
18
18
15
17
18
21
18
12
12
20
24
20
22
21
24
16
18
18
24
18
20
19
17
15
21
16
15
25
18
15
17
21
16
9
24
12
11
30
17
17
25
24
21
17
14
22
22
27
19
19
24
19
15
25
25
26
18
18
15
20
19
37
25
18
21
25
20
19
24
20
19
23
25
23
24
21
26
28
25
27
18
27
18
24
22
40
28
36
35
18
38
24
31
22
18
34
34
29
21
26
24
23
26
36
37
25
26
32
30
31
33
41
35
28
48
29
39
36
28
37
29
34
33
42
48
46
43
42
32
30
36
33
36
42
48
43
45
33
49
36
45
38
26
49
63
46
45
54
59
49
51
56
45
53
56
68
55
50
53
66
48
65
65
67
65
69
77
66
57
68
68
67
57
80
68
76
69
85
81
87
74
102
92
93
109
107
90
84
94
97
94
105
66
85
84
82
75
83
82
80
79
79
84
85
88
71
78
75
75
84
70
67
101
81
86
73
92
81
77
73
73
86
75
72
73
84
77
74
85
99
84
85
70
76
79
94
85
81
95
91
72
85
79
82
76
78
84
78
72
92
74
80
82
78
83
88
72
87
85
72
77
80
83
69
70
81
93
86
79
69
84
90
68
86
82
61
67
82
75
72
74
75
59
67
60
74
78
77
84
80
77
70
71
84
61
83
85
71
72
88
84
78
72
67
78
80
92
105
84
87
60
94
91
77
75
73
86
95
73
76
75
79
70
76
87
73
90
71
90
98
90
90
74
91
103
95
109
108
87
99
107
93
124
140
143
169
162
233
274
309
343
407
478
555
558
687
713
791
874
866
879
886
887
832
720
734
693
581
603
472
432
345
295
291
226
201
178
167
163
111
128
126
109
118
111
106
103
114
98
105
96
82
92
94
109
104
91
118
109
120
99
106
103
123
102
101
99
102
105
103
113
96
104
112
101
95
119
112
119
122
90
100
117
133
123
113
113
127
108
122
118
113
130
114
111
129
116
130
106
121
137
110
118
130
139
107
130
134
139
138
138
159
172
154
192
189
177
202
227
203
200
221
228
230
254
200
246
236
227
206
188
205
204
181
178
162
173
147
141
168
152
146
153
158
159
150
135
168
164
146
192
155
132
144
170
165
164
163
150
161
151
155
167
156
191
133
172
161
164
189
172
184
186
206
174
186
171
203
145
150
158
197
188
192
176
183
191
179
193
220
213
221
195
229
218
217
232
227
248
242
246
241
275
260
256
261
239
270
270
272
293
281
287
292
335
298
338
315
353
319
307
318
346
314
347
328
337
316
333
362
339
357
356
337
336
366
401
354
387
356
379
374
372
404
382
386
353
389
357
378
385
380
386
357
398
349
386
326
337
367
335
355
351
325
357
359
320
329
339
342
332
303
314
346
309
302
309
300
275
320
288
285
277
287
306
257
243
265
275
233
259
236
271
281
237
249
268
242
236
247
242
233
234
238
233
225
219
240
210
247
192
226
221
225
215
214
208
227
202
216
219
223
222
210
230
216
223
195
205
209
200
216
244
204
210
220
225
202
243
207
215
213
185
201
202
244
214
205
222
236
235
238
213
215
224
206
219
204
219
221
230
220
242
207
200
226
217
229
235
230
248
227
204
256
231
230
238
255
255
253
249
239
241
252
241
280
242
265
242
243
257
263
225
263
273
251
259
252
257
254
253
217
239
250
227
222
249
257
277
250
273
247
264
215
251
239
235
237
251
253
231
211
223
242
229
225
210
273
245
237
222
234
250
245
205
246
228
246
251
255
260
269
242
228
253
238
233
248
245
265
233
232
248
254
234
276
228
257
232
241
269
244
229
259
240
272
297
255
232
278
240
276
253
253
260
266
255
245
248
273
236
261
246
254
252
233
259
258
264
263
243
280
238
259
290
271
289
256
255
273
306
277
290
238
251
273
263
249
286
245
270
280
274
273
279
250
235
268
267
307
257
253
280
266
249
279
293
285
300
275
238
281
280
262
285
292
295
289
266
315
324
267
281
293
285
266
247
275
290
289
294
307
293
298
288
290
277
288
286
280
300
303
302
274
302
309
323
270
292
313
302
282
318
281
285
280
298
264
298
329
307
312
292
307
304
313
326
319
307
271
316
311
341
301
326
309
293
278
311
340
314
323
332
297
283
307
295
293
300
298
281
312
300
287
314
322
310
280
309
313
285
301
328
339
287
269
293
292
300
294
302
261
287
290
291
277
304
296
280
276
301
249
292
279
269
295
275
297
274
285
280
279
257
285
256
302
316
257
305
274
277
278
269
274
274
318
309
251
243
234
285
263
263
261
316
256
281
289
278
239
271
257
274
247
266
273
242
238
272
256
275
262
268
246
249
266
273
282
279
253
274
269
260
268
245
250
271
269
282
272
272
255
268
254
239
278
246
315
272
253
249
262
259
275
283
256
305
271
285
277
294
262
259
265
294
260
239
273
242
258
279
261
261
245
275
242
280
239
271
237
255
250
269
241
270
276
257
273
286
266
271
252
269
255
253
274
239
280
245
248
234
268
279
277
267
272
284
251
255
241
250
281
274
226
276
256
268
313
242
261
269
262
265
284
266
262
247
247
256
251
279
265
251
265
256
273
280
244
274
266
230
265
285
253
232
271
269
267
300
275
273
266
281
281
290
267
280
232
259
251
267
260
253
254
264
301
264
251
284
275
294
259
285
259
291
296
259
248
259
270
304
298
270
291
304
294
287
277
267
304
261
295
300
278
288
284
304
296
345
326
303
295
301
293
350
306
301
280
318
314
311
309
345
328
326
317
335
324
355
323
351
345
359
368
371
364
365
353
379
319
347
331
384
369
340
338
387
363
396
382
398
396
405
390
410
411
381
401
468
405
459
467
449
448
423
478
502
497
469
469
472
512
494
495
593
520
531
576
599
593
577
637
615
609
641
692
703
775
749
781
769
768
866
826
855
919
990
987
1002
1003
1070
1128
1096
1133
1192
1196
1249
1233
1276
1309
1348
1333
1449
1492
1389
1504
1447
1462
1548
1508
1573
1567
1534
1559
1601
1623
1574
1568
1612
1611
1624
1474
1502
1570
1495
1558
1481
1468
1486
1386
1405
1324
1368
1272
1171
1178
1177
1158
1105
1074
1091
1036
1013
1003
968
915
892
846
820
871
807
761
708
698
667
643
603
608
554
600
540
546
535
511
505
500
502
458
425
402
400
409
358
380
359
385
388
374
370
356
363
286
330
342
324
345
350
340
321
306
304
304
273
290
270
314
289
276
268
281
277
277
249
244
255
274
253
263
248
252
255
266
238
233
257
256
252
232
241
264
274
310
273
317
315
369
317
376
356
373
393
401
415
388
411
468
441
462
483
455
453
480
441
482
468
473
476
482
405
450
432
399
412
383
348
348
342
337
307
291
255
243
269
244
230
211
196
193
197
205
181
175
191
195
185
173
152
157
157
205
169
190
177
183
170
173
190
162
180
158
187
191
193
170
174
207
187
188
189
211
219
183
233
226
218
208
207
230
209
202
209
259
219
234
259
229
264
255
247
265
274
257
260
226
283
274
267
272
290
279
273
272
307
303
309
262
294
281
280
297
265
250
296
272
285
265
292
268
277
289
247
279
288
257
261
250
248
242
239
226
234
238
235
241
216
198
213
224
191
186
178
194
198
187
215
199
184
174
187
169
168
134
176
155
130
154
143
147
127
172
128
144
140
138
134
125
114
127
97
129
109
101
123
121
100
124
101
118
94
121
89
92
93
86
100
97
101
102
92
84
86
88
91
84
90
98
81
95
89
65
74
96
85
90
84
61
71
74
67
61
72
84
67
75
68
63
65
63
81
88
57
66
69
62
68
67
71
66
70
62
65
58
64
72
66
68
58
62
62
48
64
49
75
58
74
66
45
68
78
64
61
74
64
73
62
78
71
62
85
72
83
90
96
94
100
106
88
91
73
85
91
73
94
91
73
79
82
81
87
61
67
58
49
50
55
48
64
56
45
34
55
45
44
60
50
55
56
51
53
51
40
48
49
52
43
42
47
41
45
57
47
55
66
53
41
47
45
58
42
54
39
27
39
50
48
44
44
35
37
50
43
51
41
46
46
44
36
39
38
39
38
54
40
49
47
45
42
33
31
21
43
36
32
50
38
38
40
38
34
46
40
44
39
26
33
49
38
32
42
32
31
32
31
42
38
41
38
32
47
41
41
31
36
38
45
45
26
34
40
32
42
28
21
46
34
38
30
31
39
26
32
22
52
47
30
23
34
30
29
33
28
35
38
40
34
36
28
31
39
25
31
39
32
40
32
34
26
29
38
31
28
39
24
26
28
30
39
33
27
35
20
34
34
29
25
32
25
40
25
30
27
25
26
29
18
29
32
32
30
16
27
28
25
26
31
26
27
25
34
32
29
25
29
32
41
32
38
23
25
20
27
21
20
23
30
28
35
32
29
41
26
19
25
26
19
28
21
24
31
22
28
27
32
25
22
24
34
25
27
29
21
22
22
19
28
27
26
29
24
24
30
24
27
33
23
26
26
25
28
31
29
20
22
21
20
20
17
22
33
16
23
28
18
21
27
18
24
27
23
10
16
31
17
16
26
24
19
20
17
21
24
22
20
35
21
18
24
24
20
27
22
16
34
22
30
20
22
16
22
19
21
23
21
20
19
23
13
23
27
26
9
17
23
26
22
23
19
21
11
25
19
25
14
14
20
21
21
23
27
21
14
27
20
12
16
21
14
25
18
22
26
22
21
12
18
18
16
17
25
15
17
26
23
18
17
17
16
20
17
19
24
20
17
15
22
15
16
16
17
6
27
18
17
15
20
17
12
15
8
19
18
16
12
17
19
17
19
19
21
12
18
16
16
12
20
15
16
26
17
15
18
16
15
14
18
16
22
13
17
9
12
15
17
23
14
18
16
18
15
15
14
16
14
18
6
14
7
10
13
19
12
18
18
17
12
10
12
8
15
15
13
9
17
12
14
11
23
24
16
11
13
20
13
16
17
7
7
16
19
24
11
18
14
18
13
14
8
15
15
14
11
9
6
14
4
17
15
22
8
12
8
6
11
14
10
13
17
17
8
12
17
11
15
16
11
14
16
14
19
10
12
9
24
12
12
8
10
13
15
8
11
23
9
17
10
13
13
6
11
9
10
10
11
6
11
13
15
15
14
14
11
9
12
15
9
15
10
14
14
12
9
7
10
6
4
11
14
9
11
12
9
3
10
11
11
13
12
7
2
13
6
8
11
9
13
16
14
13
9
7
10
15
10
3
8
10
6
14
10
7
4
6
11
14
13
10
13
3
8
7
7
11
4
11
9
12
12
6
13
5
11
12
7
9
6
8
12
10
4
9
6
12
7
12
15
9
11
9
12
10
5
11
4
8
10
14
10
5
8
6
11
8
6
9
6
11
9
8
8
7
12
8
12
10
14
5
10
5
13
5
6
6
4
15
9
9
9
9
12
16
4
14
6
8
7
5
7
11
6
6
3
7
13
7
9
13
7
11
2
7
1
9
10
7
9
9
5
6
10
13
1
6
11
9
14
8
7
2
2
7
5
6
4
13
7
5
9
8
4
1
6
7
7
3
7
7
6
8
5
7
5
5
12
6
6
6
6
3
5
3
2
10
13
3
7
6
7
5
7
4
5
5
0
11
8
9
5
3
5
6
7
4
7
6
5
3
6
10
9
7
9
6
5
8
4
6
6
8
5
5
8
1
6
7
7
6
7
4
1
8
6
2
3
4
3
4
3
5
6
7
3
5
6
2
6
5
4
1
4
5
4
3
7
1
5
5
2
7
6
6
7
5
2
8
4
6
5
6
8
3
5
3
3
5
7
7
7
4
4
3
5
3
6
4
1
9
9
2
5
6
6
7
4
3
6
5
3
6
2
3
0
8
3
8
3
3
3
6
1
2
4
4
2
4
4
4
3
2
8
4
4
4
4
3
3
1
4
5
0
2
4
3
5
3
2
1
5
0
5
2
4
3
4
2
3
4
4
3
2
6
2
5
2
3
3
2
5
2
0
5
2
8
5
2
2
2
5
3
1
1
2
3
5
2
1
5
3
2
5
4
3
4
3
3
4
3
1
2
6
2
2
1
2
1
6
4
1
1
5
5
4
2
5
5
2
1
1
1
4
2
1
5
1
3
5
5
3
6
3
3
1
1
2
4
3
5
1
7
2
2
2
1
5
3
1
4
2
2
1
3
3
4
3
2
2
3
3
3
2
4
3
2
2
0
3
1
1
0
0
2
3
1
3
2
1
3
3
2
0
0
4
1
1
2
2
1
1
2
0
6
3
1
5
0
0
2
3
2
2
3
1
2
0
3
2
1
2
3
2
0
1
3
0
1
1
4
3
0
1
3
3
0
1
2
1
1
4
2
3
2
3
0
3
4
2
1
1
3
3
0
2
0
1
0
7
3
3
1
1
2
5
1
1
4
1
2
2
3
2
0
2
1
1
2
4
1
0
1
1
0
1
3
1
1
1
0
3
0
0
4
2
1
2
2
1
0
1
1
1
1
1
2
3
1
2
0
0
2
1
3
1
3
1
2
3
3
2
3
1
1
1
0
0
2
5
0
1
0
2
0
0
2
0
0
1
0
2
2
1
2
1
3
2
1
0
1
3
0
1
3
1
0
2
3
4
2
0
0
6
0
3
1
2
0
0
1
0
1
0
4
1
2
0
1
3
2
1
0
0
0
0
0
4
0
1
1
1
2
2
1
1
0
1
2
1
3
1
1
0
0
2
0
0
0
1
0
1
0
1
0
1
1
3
1
1
1
2
0
0
3
0
0
1
0
1
1
0
0
1
2
2
1
3
3
1
0
1
0
1
0
1
0
0
2
0
3
0
2
1
1
0
1
0
2
0
0
1
2
1
4
1
1
1
3
1
2
0
0
0
1
2
0
1
0
0
0
0
2
0
2
2
0
1
0
2
0
0
3
0
1
2
4
0
2
1
1
1
1
1
1
0
0
0
0
0
0
0
0
0
1
0
1
0
1
0
0
2
0
1
0
1
0
0
3
1
1
0
1
0
1
1
0
3
1
2
1
2
1
0
2
1
0
0
1
3
0
1
0
1
0
2
0
0
0
0
1
1
1
0
0
1
1
0
0
0
0
3
1
1
2
0
2
0
1
1
2
0
1
0
1
2
1
0
2
2
1
1
1
0
0
2
3
1
1
1
2
0
0
1
1
0
1
1
2
1
0
0
0
1
0
0
0
0
0
0
0
1
0
0
0
0
2
0
1
1
0
1
0
0
1
0
0
0
0
0
2
0
0
0
0
1
0
0
1
1
0
0
0
0
0
0
2
0
0
1
1
2
1
2
0
1
0
0
0
0
0
0
3
1
0
1
0
1
1
0
0
1
1
1
0
0
1
1
0
1
0
0
0
1
3
1
0
0
0
0
0
2
0
2
0
0
0
0
0
0
1
0
2
0
0
1
1
0
0
1
0
0
0
0
2
1
0
0
0
1
1
0
1
1
0
0
0
0
1
0
0
0
0
1
1
0
1
0
2
2
0
0
0
1
0
1
1
1
0
0
1
1
1
0
0
0
1
0
0
0
0
1
0
0
0
0
0
0
2
0
0
0
0
0
0
0
0
1
1
0
1
0
1
0
0
0
0
1
0
0
0
0
1
0
0
0
0
0
0
0
0
0
0
0
1
1
0
0
1
0
0
0
0
0
0
1
1
0
1
1
0
1
0
0
0
0
1
0
0
0
0
0
0
1
0
0
1
0
1
0
0
1
0
1
1
0
0
0
1
0
1
0
0
0
0
0
0
0
0
1
0
1
0
1
0
1
1
0
0
0
0
0
0
0
0
1
2
0
0
0
1
