0
0
0
0
0
0
0
0
0
0
0
0
0
0
0
0
0
0
0
0
0
0
0
0
0
0
0
0
0
0
0
0
0
0
0
0
0
0
0
0
0
0
0
0
0
0
0
0
0
0
0
0
0
0
0
0
0
0
0
0
0
0
0
0
1
1
0
1
2
1
5
3
3
2
3
5
2
1
6
3
4
5
14
40
116
366
943
2220
4839
9366
17033
27594
40603
54211
66667
73306
73617
66078
54844
41511
28151
17466
10036
5019
2312
975
392
148
51
15
5
3
3
2
2
2
0
0
0
2
3
1
1
2
1
0
0
0
1
1
0
5
65
57
69
67
56
50
77
58
52
49
55
55
55
62
62
64
67
43
59
73
61
56
44
54
57
45
49
66
50
54
57
51
49
51
61
55
51
47
49
53
51
51
45
53
60
49
43
53
48
53
44
50
58
56
54
46
54
49
60
58
55
50
61
63
57
69
65
85
51
66
87
81
93
108
105
113
111
122
100
76
74
86
80
69
73
55
57
57
66
50
61
57
69
70
57
51
59
63
68
60
63
71
63
74
98
81
79
87
87
86
102
109
112
133
134
162
166
199
189
177
207
224
299
307
415
600
909
1427
2244
3761
5742
8598
12362
16800
21323
26362
30356
33390
34888
34740
32436
28846
24221
19350
14917
11081
7867
5686
4049
2891
2046
1549
1121
796
618
375
333
270
229
257
225
281
361
355
398
429
404
401
352
326
259
209
154
137
101
84
57
58
55
42
37
40
36
36
16
20
16
15
9
14
15
7
14
15
12
6
19
15
7
10
5
10
6
13
12
9
7
11
14
11
13
10
8
11
16
13
8
6
13
15
10
14
13
9
11
11
11
24
20
32
23
28
30
22
31
27
19
18
24
21
18
15
15
21
25
19
15
26
22
20
27
22
24
17
22
22
23
24
25
22
19
14
14
17
15
20
18
15
8
13
8
8
6
5
8
11
8
7
3
5
11
3
4
8
6
5
5
3
5
7
6
5
13
6
4
6
11
7
6
6
11
6
10
13
17
11
22
19
26
25
21
27
33
33
27
32
29
29
17
11
10
17
14
14
12
9
15
8
9
13
7
11
12
12
16
12
17
13
7
12
8
6
8
13
6
11
3
14
7
4
5
5
5
6
9
3
4
13
2
6
5
4
8
13
7
7
8
4
5
12
9
8
6
6
10
8
10
4
7
11
4
3
5
12
0
8
5
2
5
9
7
6
9
7
6
5
5
7
9
9
3
3
5
5
6
7
5
6
4
7
4
11
10
8
7
11
8
6
9
11
7
3
3
12
18
11
9
7
4
7
6
10
4
9
8
6
6
9
4
7
5
7
8
15
9
4
5
7
8
6
11
11
9
8
10
4
7
10
11
10
7
9
12
10
8
8
4
11
13
7
17
7
15
13
10
10
6
11
8
11
17
6
9
14
11
10
8
6
12
8
7
10
7
14
18
14
10
11
8
5
14
13
14
14
13
9
9
10
9
12
12
11
13
17
9
8
17
12
9
23
14
17
12
17
18
18
16
18
15
13
22
23
28
20
19
23
10
20
17
19
18
15
17
17
17
15
21
22
25
19
19
24
24
25
15
19
17
17
28
11
14
18
29
16
17
24
23
9
25
26
24
21
21
17
17
28
25
16
16
19
23
19
19
20
21
25
17
19
20
24
25
15
27
21
25
22
28
24
20
30
23
33
20
29
31
31
32
27
21
31
36
36
22
28
19
30
25
30
32
20
21
30
30
32
27
23
22
30
22
32
33
39
42
33
32
27
36
35
34
35
28
32
29
36
32
49
37
35
30
41
33
33
47
44
43
34
38
44
48
49
50
38
36
49
45
58
46
46
43
46
48
52
60
55
49
47
49
50
51
53
63
38
50
52
55
65
64
54
68
61
63
76
74
74
66
80
63
65
71
80
84
80
70
83
81
75
65
88
101
83
92
91
84
91
93
104
89
75
89
87
101
98
74
75
74
92
84
99
93
86
91
86
69
79
87
82
89
89
65
73
74
79
81
91
98
85
79
94
80
80
88
68
88
79
92
84
71
68
82
69
67
88
80
88
73
76
84
99
91
89
80
92
82
77
94
69
78
83
85
81
73
86
76
78
96
71
93
103
87
72
80
75
81
76
67
69
89
80
100
74
59
66
76
96
76
68
86
100
94
78
92
92
82
86
71
81
88
84
68
104
90
68
90
80
77
97
73
98
71
86
93
79
84
69
79
75
86
70
77
79
76
74
75
80
85
75
77
102
78
71
72
77
82
82
59
89
72
94
76
96
93
75
99
79
90
87
95
93
114
120
120
132
128
181
198
235
301
324
350
412
485
549
549
684
736
838
833
854
894
815
860
889
774
755
662
611
510
494
420
382
305
295
238
190
170
133
141
112
111
97
122
91
73
109
93
106
113
106
90
110
107
99
108
88
103
103
99
114
85
102
104
118
98
104
102
109
94
107
122
99
102
99
118
94
100
120
133
98
111
105
107
108
103
101
121
96
138
119
100
117
113
119
106
116
127
120
102
127
113
121
110
136
135
108
117
120
129
136
141
152
175
183
195
213
205
185
229
220
217
226
233
244
218
230
225
233
227
215
197
173
196
178
182
197
184
171
144
159
167
171
161
137
158
146
161
138
161
178
157
163
171
179
158
139
167
185
166
169
163
183
187
185
180
170
172
174
178
192
166
184
180
180
186
189
166
163
196
208
186
184
184
189
201
203
196
188
199
210
242
220
235
208
232
228
232
255
259
253
259
245
241
283
269
260
289
295
260
257
304
317
306
310
266
311
290
304
309
319
324
319
321
327
352
370
343
327
342
354
349
357
352
349
378
362
376
349
375
394
390
406
379
349
372
365
371
384
367
361
369
406
376
362
358
370
367
372
381
328
335
338
337
329
350
318
301
340
324
309
344
342
318
305
299
306
302
295
299
317
296
326
286
278
281
284
280
244
257
259
267
286
270
259
285
304
251
238
267
247
248
283
253
260
245
254
234
218
241
251
234
247
260
249
248
230
256
248
212
239
216
204
196
230
226
240
228
232
216
230
249
230
242
232
232
248
234
245
229
236
236
216
194
209
222
261
205
224
227
252
235
233
250
221
247
260
219
270
243
248
245
277
250
253
218
223
232
252
264
264
218
237
248
272
258
260
266
251
264
277
252
285
303
273
314
264
288
299
259
292
278
293
279
274
265
309
293
296
284
280
259
267
290
223
246
270
262
285
283
278
270
256
262
286
288
284
256
261
260
272
251
257
281
284
237
249
256
294
271
275
280
258
275
275
279
256
292
283
243
289
273
303
278
280
259
262
263
274
256
276
265
283
261
306
258
268
266
275
303
268
265
274
288
293
309
270
282
271
294
307
290
300
278
306
285
287
278
287
305
257
307
312
276
283
296
322
292
311
320
302
283
309
293
297
299
280
304
294
301
296
295
312
308
288
305
319
275
296
293
276
308
319
308
306
329
311
280
287
289
333
290
309
312
305
309
316
309
307
324
314
335
272
307
307
306
310
295
300
314
296
309
309
314
314
317
324
323
326
305
332
313
349
338
360
328
319
349
321
330
323
331
356
329
325
338
333
360
360
325
347
337
332
322
346
344
341
339
338
346
380
351
384
354
343
346
326
344
342
360
330
339
331
336
352
326
321
361
342
375
395
336
343
336
344
364
340
349
325
358
364
361
349
342
335
354
346
317
348
325
383
335
344
313
326
358
332
299
356
333
328
315
339
370
345
329
329
344
327
334
286
328
340
309
315
321
322
296
325
281
325
296
315
316
301
341
323
310
331
300
322
321
302
275
317
312
299
311
310
296
348
316
291
301
321
330
308
333
318
300
335
282
316
291
326
319
329
308
304
315
283
272
298
276
296
298
307
309
310
297
292
317
301
322
294
293
294
289
304
326
303
287
306
319
307
320
312
304
255
306
311
292
307
272
305
288
313
298
293
301
272
299
322
319
311
314
325
284
297
305
299
309
304
297
309
296
296
267
296
322
287
294
291
281
282
315
316
310
282
314
296
284
310
306
328
300
284
294
313
329
328
307
304
322
284
304
301
308
301
307
293
304
289
306
324
313
289
329
314
269
293
309
314
256
292
288
279
308
293
291
298
264
302
264
270
329
307
298
289
300
302
314
297
325
286
310
292
292
286
305
300
294
317
289
312
331
337
305
327
310
300
278
313
317
280
293
307
322
316
330
300
326
261
288
301
267
329
313
342
318
312
316
340
316
316
331
337
339
306
371
299
356
336
317
345
332
331
348
373
334
359
363
343
333
360
377
345
362
328
397
359
363
360
369
361
371
373
396
361
348
415
362
370
429
413
380
397
371
424
362
396
411
391
429
419
389
450
426
426
421
443
455
417
422
429
446
481
463
476
523
506
537
473
477
472
481
492
524
582
507
555
547
569
611
600
635
617
617
649
656
666
695
716
737
735
711
805
783
824
832
881
870
925
965
948
997
1004
1125
1079
1140
1237
1249
1220
1337
1324
1305
1451
1439
1493
1474
1486
1546
1544
1586
1714
1717
1665
1737
1690
1711
1666
1822
1744
1734
1851
1779
1807
1874
1742
1802
1779
1763
1686
1700
1700
1699
1629
1664
1627
1663
1583
1508
1490
1502
1469
1349
1372
1300
1296
1215
1227
1234
1148
1070
1154
1047
1024
986
932
928
862
846
783
776
765
736
720
691
682
664
621
563
570
558
553
518
539
503
497
467
496
470
441
450
451
398
439
430
440
443
357
398
374
344
386
364
337
339
345
350
342
310
297
286
314
309
285
309
301
309
273
275
287
307
292
293
260
271
238
264
285
276
259
276
304
309
278
278
278
317
283
299
298
319
349
341
355
325
388
422
390
420
464
450
461
462
490
500
466
477
483
532
533
506
467
470
563
521
507
493
519
446
461
414
423
375
414
383
342
356
318
350
277
249
246
250
244
224
212
217
208
224
196
210
197
194
204
197
173
195
198
189
186
199
195
209
181
179
186
163
191
198
211
219
197
224
241
224
217
219
231
230
262
238
239
264
233
230
244
274
261
251
255
272
284
282
270
270
279
290
302
272
290
304
321
312
318
294
298
298
301
320
282
302
310
305
298
336
295
329
337
316
324
309
333
315
322
307
300
289
309
309
321
306
275
296
285
269
262
257
250
249
248
244
256
241
222
197
219
208
226
198
192
223
188
193
184
197
214
194
189
159
179
172
168
159
162
155
163
156
156
151
163
153
164
154
139
142
111
118
142
107
115
121
122
118
131
113
123
104
110
108
109
113
115
96
111
101
97
100
92
104
112
86
96
82
84
94
83
84
95
87
83
86
82
87
92
98
93
74
78
67
76
65
81
81
85
92
74
73
78
63
74
95
77
79
80
83
64
78
74
74
75
61
81
66
68
57
61
73
93
67
57
68
58
71
76
80
67
59
75
58
74
74
69
66
77
77
84
79
95
98
88
92
98
80
84
93
107
108
79
96
87
86
92
98
90
73
91
82
73
64
71
75
69
66
69
49
59
69
49
61
46
41
47
55
56
53
56
67
42
49
41
54
36
87
49
48
69
64
57
61
58
71
49
55
51
48
60
70
42
53
36
60
53
54
55
44
45
44
42
41
49
47
48
49
42
33
47
49
42
49
54
53
39
39
36
34
41
44
38
42
50
38
47
44
38
42
45
43
41
42
46
37
41
44
35
32
34
39
37
37
43
33
41
35
43
26
41
29
38
38
37
31
47
32
42
35
33
37
41
42
47
38
40
30
43
43
29
36
29
37
36
33
39
46
46
38
29
37
43
31
38
29
45
35
27
39
29
30
27
39
30
28
39
36
31
39
24
36
27
34
37
42
32
37
34
42
30
39
33
24
39
34
36
27
22
29
28
27
35
32
36
27
26
36
39
42
25
41
25
32
34
24
35
26
27
34
28
25
27
35
26
43
35
38
35
34
26
26
33
26
37
41
30
32
31
29
33
27
27
22
37
34
27
24
23
17
31
22
27
22
31
29
29
36
35
25
30
19
21
32
26
23
21
24
35
33
23
29
31
28
31
38
29
19
28
17
25
34
28
28
17
34
26
27
23
31
33
25
26
27
25
22
20
34
21
17
28
16
32
25
22
27
23
30
24
25
22
22
23
30
24
26
27
29
27
20
21
19
29
23
23
25
24
27
20
24
19
26
16
24
19
19
18
18
34
24
21
25
27
25
23
34
23
23
28
14
21
26
20
21
17
21
17
18
27
16
18
14
17
21
20
19
20
23
22
25
24
19
27
23
25
18
19
22
16
20
25
23
10
20
18
23
19
11
25
21
19
19
22
17
26
20
20
11
20
17
22
17
21
23
13
14
21
17
24
18
15
17
17
17
18
13
17
22
14
22
22
13
17
11
26
19
19
14
14
18
13
11
16
8
12
15
8
12
15
16
17
17
21
17
15
11
12
15
16
12
23
20
25
17
22
18
14
6
14
21
23
15
20
17
15
17
11
22
14
21
10
14
17
17
16
16
17
20
15
12
15
10
14
14
18
15
13
13
16
16
22
16
10
14
9
3
7
11
14
12
17
18
11
17
19
8
15
15
10
13
14
8
12
14
18
12
16
9
13
15
15
13
9
13
11
11
12
10
14
8
6
8
8
12
14
14
11
12
12
9
9
17
6
14
10
8
13
12
14
11
8
11
10
5
12
10
12
14
11
14
10
11
11
14
8
12
8
15
11
16
7
13
6
16
10
7
6
11
6
16
10
3
8
7
14
8
8
3
13
4
14
9
12
11
7
10
8
10
8
13
11
11
12
8
7
11
10
10
8
11
7
9
17
8
12
10
7
9
3
4
13
5
11
6
8
9
5
11
4
10
15
12
12
15
11
6
5
12
12
9
13
7
9
7
11
9
8
13
13
10
8
10
9
9
9
8
11
7
5
8
12
12
6
16
11
8
8
2
11
6
12
12
6
4
8
6
10
6
6
7
8
13
9
9
3
7
9
8
4
7
8
6
6
11
5
6
5
9
9
9
9
9
6
7
5
8
8
8
8
6
10
5
7
5
4
9
12
3
5
7
6
6
6
9
13
7
5
2
6
3
5
9
3
6
4
7
5
5
10
9
4
7
6
9
8
7
5
3
6
5
2
3
6
8
7
8
9
10
4
6
8
6
7
6
4
8
10
7
7
5
6
2
7
7
3
10
8
12
5
9
8
4
6
8
2
6
8
4
3
4
6
6
13
4
8
4
4
6
3
3
3
4
6
3
7
6
7
7
8
6
7
3
6
5
3
4
3
2
4
6
6
5
4
1
4
4
3
10
2
5
3
3
9
3
8
6
5
3
4
1
4
6
6
6
3
3
2
3
4
4
4
5
5
8
4
6
5
4
2
8
7
6
1
3
1
2
5
5
5
1
2
7
4
5
1
6
9
4
4
5
3
5
3
5
7
6
5
3
5
1
5
3
2
6
3
5
7
4
3
4
5
3
3
5
6
6
10
6
3
3
2
1
4
7
10
3
7
3
5
2
2
0
9
5
1
4
4
2
2
5
5
7
6
6
2
6
2
4
6
3
2
3
3
4
4
1
3
3
1
2
6
2
4
3
2
4
2
3
1
3
4
2
5
1
4
5
1
2
2
4
2
2
2
4
5
1
5
5
3
3
5
2
3
5
2
3
1
4
5
1
3
4
6
2
2
3
5
2
5
2
1
3
2
2
3
4
3
6
2
9
2
3
1
4
1
1
3
6
1
0
2
3
3
6
5
4
2
5
0
0
1
1
2
1
2
1
2
1
3
0
1
2
3
4
3
1
6
2
0
2
5
3
3
5
0
1
4
1
0
7
1
3
3
0
5
3
3
4
4
5
2
6
0
2
1
3
0
3
4
4
3
3
3
2
4
2
3
1
4
3
2
4
5
2
4
2
3
4
3
0
1
2
1
1
1
4
3
1
1
2
2
1
2
3
0
1
4
3
3
1
3
1
3
2
0
1
3
1
3
1
0
0
1
2
0
1
0
3
1
2
2
3
1
2
0
1
3
3
0
4
1
2
2
3
2
2
1
5
0
1
1
4
1
1
1
3
1
1
1
1
0
1
3
0
2
3
2
3
3
2
1
1
2
0
2
0
2
3
0
2
2
1
0
3
2
1
2
3
0
3
3
0
1
0
0
2
2
2
0
1
1
3
1
2
1
1
0
1
2
1
1
3
0
1
2
1
1
1
0
2
1
0
1
1
1
1
1
3
3
2
0
0
2
1
1
1
2
0
0
4
0
2
1
2
3
0
1
1
1
2
2
1
2
0
3
0
1
1
0
0
1
0
0
0
1
0
0
1
2
1
1
0
2
2
2
2
3
1
2
0
2
1
0
2
1
0
0
2
0
1
0
1
2
4
1
0
1
1
0
0
1
1
0
1
1
1
0
2
1
1
0
1
2
0
0
0
0
4
1
1
0
0
0
1
1
1
1
1
1
0
0
2
2
0
1
0
1
0
0
0
1
0
2
1
1
0
2
1
2
1
0
1
2
0
2
1
1
2
0
3
0
1
0
2
1
2
1
0
0
0
1
2
2
1
1
1
0
1
1
1
2
1
1
1
0
1
0
2
0
0
0
0
3
1
0
0
0
0
1
0
1
1
1
1
0
1
1
1
0
0
1
1
1
0
1
0
0
0
1
0
2
1
2
0
0
1
1
1
0
2
1
1
1
1
0
1
2
2
1
0
2
0
0
0
0
0
1
0
0
0
2
1
0
1
0
1
0
0
0
0
1
0
1
1
1
0
0
1
2
0
0
0
1
0
2
1
0
0
2
0
1
0
1
0
0
0
0
0
1
1
1
0
1
0
0
0
1
1
0
0
0
0
2
1
1
1
2
0
0
0
1
1
0
0
0
0
0
0
0
0
0
0
0
1
0
0
0
0
1
1
0
0
3
4
0
1
1
0
0
1
2
1
0
2
0
0
0
1
0
0
0
0
1
0
1
1
0
0
0
0
1
1
0
0
0
0
0
0
0
0
1
0
0
0
1
1
2
0
0
0
0
0
1
1
0
2
0
1
2
2
0
0
0
0
1
0
0
0
0
2
0
2
0
1
1
1
0
1
0
0
1
0
0
0
1
0
0
1
0
0
0
0
1
1
1
0
1
1
0
1
1
0
0
1
1
1
0
0
0
0
0
0
0
0
1
0
0
0
1
0
0
0
0
1
1
2
0
1
0
0
1
1
0
0
0
1
0
0
0
0
0
0
0
0
0
0
0
0
0
0
0
1
1
0
0
0
1
0
1
0
0
0
0
0
0
0
0
0
0
0
0
0
0
0
0
0
0
0
0
0
0
0
0
0
0
0
1
0
0
0
0
0
0
0
0
0
0
0
0
0
1
0
0
0
0
0
0
0
0
