Net counts

Spectrum                                    Si     P    Ar   Ni     Zn    Ga   Rh
---------------------------------------------------------------------------------
20230623_CVD_2566_60s_10x10ptsdet_1_0_0 253261 25209    34  736      0 91499 6904
20230623_CVD_2566_60s_10x10ptsdet_1_0_1 255130 25283    72  806      0 92074 6681
20230623_CVD_2566_60s_10x10ptsdet_1_0_2 254061 26087    66  768      0 92186 7012
20230623_CVD_2566_60s_10x10ptsdet_1_0_3 252866 25266    81  822      0 91490 7019
20230623_CVD_2566_60s_10x10ptsdet_1_0_4 252537 25542    87  846      0 92793 6905
20230623_CVD_2566_60s_10x10ptsdet_1_0_5 251976 25090    60  897      0 92914 6517
20230623_CVD_2566_60s_10x10ptsdet_1_0_6 252453 25561    73  794      0 92053 6725
20230623_CVD_2566_60s_10x10ptsdet_1_0_7 253257 25433    22  845      0 91737 6636
20230623_CVD_2566_60s_10x10ptsdet_1_0_8 252652 25468    12  783      0 92202 6975
20230623_CVD_2566_60s_10x10ptsdet_1_0_9 252398 25762    96  682      0 91787 6642
20230623_CVD_2566_60s_10x10ptsdet_1_1_0 252330 25104    57  850      0 91146 6900
20230623_CVD_2566_60s_10x10ptsdet_1_1_1 253395 25139    43  783      0 91853 6767
20230623_CVD_2566_60s_10x10ptsdet_1_1_2 252807 25236   102  698      0 91397 6743
20230623_CVD_2566_60s_10x10ptsdet_1_1_3 253133 25546    81  756      0 91369 6947
20230623_CVD_2566_60s_10x10ptsdet_1_1_4 253435 25881   105  790      0 91919 6884
20230623_CVD_2566_60s_10x10ptsdet_1_1_5 251986 25488    74  716      0 91986 6764
20230623_CVD_2566_60s_10x10ptsdet_1_1_6 253371 25311    68  682      0 92078 6820
20230623_CVD_2566_60s_10x10ptsdet_1_1_7 253264 25518    75  811      0 92554 6749
20230623_CVD_2566_60s_10x10ptsdet_1_1_8 252987 25274    24  775      0 91885 6949
20230623_CVD_2566_60s_10x10ptsdet_1_1_9 253330 25686   150  776      0 91808 6631
20230623_CVD_2566_60s_10x10ptsdet_1_2_0 253355 25497    88  861      0 91352 6809
20230623_CVD_2566_60s_10x10ptsdet_1_2_1 252877 25439    87  776      0 91727 6936
20230623_CVD_2566_60s_10x10ptsdet_1_2_2 253739 25636    49  781      0 90906 6864
20230623_CVD_2566_60s_10x10ptsdet_1_2_3 254348 25512   101  672      0 91713 6583
20230623_CVD_2566_60s_10x10ptsdet_1_2_4 253215 25545    97  760      0 92141 6894
20230623_CVD_2566_60s_10x10ptsdet_1_2_5 253512 25422   150  811      0 91569 6730
20230623_CVD_2566_60s_10x10ptsdet_1_2_6 252840 25461    73  868      0 92033 6725
20230623_CVD_2566_60s_10x10ptsdet_1_2_7 252311 25307    72  886      0 91697 6786
20230623_CVD_2566_60s_10x10ptsdet_1_2_8 252356 25337    24  799      0 91984 6927
20230623_CVD_2566_60s_10x10ptsdet_1_2_9 252511 25269    51  808      0 91830 6638
20230623_CVD_2566_60s_10x10ptsdet_1_3_0 253130 25278    77  826      0 92148 6711
20230623_CVD_2566_60s_10x10ptsdet_1_3_1 253140 25587    59  722      0 91526 7143
20230623_CVD_2566_60s_10x10ptsdet_1_3_2 252836 25552    98  829      0 91464 6747
20230623_CVD_2566_60s_10x10ptsdet_1_3_3 252409 25632    19  743      0 91577 7021
20230623_CVD_2566_60s_10x10ptsdet_1_3_4 253013 25406    94  715      0 90929 6906
20230623_CVD_2566_60s_10x10ptsdet_1_3_5 252709 25523    97  761      0 91630 6897
20230623_CVD_2566_60s_10x10ptsdet_1_3_6 252353 25341   103  774      0 91386 6747
20230623_CVD_2566_60s_10x10ptsdet_1_3_7 253294 25434    96  768      0 91820 6996
20230623_CVD_2566_60s_10x10ptsdet_1_3_8 252309 25593    46  768      0 90895 6598
20230623_CVD_2566_60s_10x10ptsdet_1_3_9 253803 25080    41  733      0 90991 6634
20230623_CVD_2566_60s_10x10ptsdet_1_4_0 251989 25444    98  765      0 91165 7102
20230623_CVD_2566_60s_10x10ptsdet_1_4_1 252952 25601    32  615      0 91501 6449
20230623_CVD_2566_60s_10x10ptsdet_1_4_2 253226 25222    41  716      0 91401 6882
20230623_CVD_2566_60s_10x10ptsdet_1_4_3 253011 25074    32  715      0 91709 7157
20230623_CVD_2566_60s_10x10ptsdet_1_4_4 252658 25686    69  697      0 91846 7187
20230623_CVD_2566_60s_10x10ptsdet_1_4_5 251773 25414    55  787      0 91362 6970
20230623_CVD_2566_60s_10x10ptsdet_1_4_6 253764 25223    48  737      0 91920 6709
20230623_CVD_2566_60s_10x10ptsdet_1_4_7 253891 25361    47  780      0 91695 6995
20230623_CVD_2566_60s_10x10ptsdet_1_4_8 252709 25346    48  701      0 91509 6840
20230623_CVD_2566_60s_10x10ptsdet_1_4_9 253514 25274     0  894      0 91830 6956
20230623_CVD_2566_60s_10x10ptsdet_1_5_0 253944 25468   119  737      0 91951 6913
20230623_CVD_2566_60s_10x10ptsdet_1_5_1 252811 25578    39  871      0 91748 6732
20230623_CVD_2566_60s_10x10ptsdet_1_5_2 253540 25635    76  808      0 91973 6642
20230623_CVD_2566_60s_10x10ptsdet_1_5_3 253475 25457    71  739      0 92274 6615
20230623_CVD_2566_60s_10x10ptsdet_1_5_4 253348 25448    96  757      0 92473 6939
20230623_CVD_2566_60s_10x10ptsdet_1_5_5 253703 25341    80  753      0 91943 6855
20230623_CVD_2566_60s_10x10ptsdet_1_5_6 253809 25483    88  827      0 91557 6684
20230623_CVD_2566_60s_10x10ptsdet_1_5_7 253011 25559    60  640    646 91573 6739
20230623_CVD_2566_60s_10x10ptsdet_1_5_8 253669 25580   101  703      0 90777 6837
20230623_CVD_2566_60s_10x10ptsdet_1_5_9 252372 25352    90  692      0 92069 6545
20230623_CVD_2566_60s_10x10ptsdet_1_6_0 253596 25468    54  726      0 91882 7016
20230623_CVD_2566_60s_10x10ptsdet_1_6_1 253514 25511    62  795      0 91341 6794
20230623_CVD_2566_60s_10x10ptsdet_1_6_2 253523 25349    49  741      0 91881 6799
20230623_CVD_2566_60s_10x10ptsdet_1_6_3 251491 25434    46  803      0 91472 6855
20230623_CVD_2566_60s_10x10ptsdet_1_6_4 252156 25362    55  798      0 91502 6584
20230623_CVD_2566_60s_10x10ptsdet_1_6_5 253597 25612    67  722      0 91925 6771
20230623_CVD_2566_60s_10x10ptsdet_1_6_6 252627 25609    61  618      0 92191 6669
20230623_CVD_2566_60s_10x10ptsdet_1_6_7 254436 25212    92  811      0 91634 6504
20230623_CVD_2566_60s_10x10ptsdet_1_6_8 253609 25203   102  803      0 91861 6720
20230623_CVD_2566_60s_10x10ptsdet_1_6_9 253686 25290    94  942      0 91910 6762
20230623_CVD_2566_60s_10x10ptsdet_1_7_0 252748 25587    63  706      0 91858 7211
20230623_CVD_2566_60s_10x10ptsdet_1_7_1 253057 25540    65  871      0 92268 7146
20230623_CVD_2566_60s_10x10ptsdet_1_7_2 253955 25275   133  768      0 91877 6659
20230623_CVD_2566_60s_10x10ptsdet_1_7_3 254012 25353    95  835      0 91977 7028
20230623_CVD_2566_60s_10x10ptsdet_1_7_4 253686 25418    17  842      0 92590 6999
20230623_CVD_2566_60s_10x10ptsdet_1_7_5 253569 25124    77  772      0 91963 6678
20230623_CVD_2566_60s_10x10ptsdet_1_7_6 254775 25436   135  692      0 91601 7035
20230623_CVD_2566_60s_10x10ptsdet_1_7_7 255804 25302    37  813      0 91830 6792
20230623_CVD_2566_60s_10x10ptsdet_1_7_8 256170 25560    67  753      0 91427 6853
20230623_CVD_2566_60s_10x10ptsdet_1_7_9 255695 25506    30  779      0 91796 6639
20230623_CVD_2566_60s_10x10ptsdet_1_8_0 252826 25520   124  733      0 92228 7177
20230623_CVD_2566_60s_10x10ptsdet_1_8_1 254488 25538    82  787      0 91955 6844
20230623_CVD_2566_60s_10x10ptsdet_1_8_2 253643 25544    69  731      0 91794 6736
20230623_CVD_2566_60s_10x10ptsdet_1_8_3 255192 25550    77  588      0 92426 6921
20230623_CVD_2566_60s_10x10ptsdet_1_8_4 256156 25661    57  796      0 91815 6795
20230623_CVD_2566_60s_10x10ptsdet_1_8_5 255070 25838     3  727      0 92518 6825
20230623_CVD_2566_60s_10x10ptsdet_1_8_6 255021 25484    85  812      0 91395 7114
20230623_CVD_2566_60s_10x10ptsdet_1_8_7 253384 25265    85  783      0 92048 7002
20230623_CVD_2566_60s_10x10ptsdet_1_8_8 252944 25247    75  719      0 91744 6823
20230623_CVD_2566_60s_10x10ptsdet_1_8_9 253363 25384   117  645      0 91334 7019
20230623_CVD_2566_60s_10x10ptsdet_1_9_0 253396 25455   112  750      0 91527 7089
20230623_CVD_2566_60s_10x10ptsdet_1_9_1 253395 25374    52  779      0 91126 6806
20230623_CVD_2566_60s_10x10ptsdet_1_9_2 253777 25625   123  913      0 91164 6771
20230623_CVD_2566_60s_10x10ptsdet_1_9_3 253864 25216    62  759      0 92054 7015
20230623_CVD_2566_60s_10x10ptsdet_1_9_4 254066 25701    53  850      0 91735 6788
20230623_CVD_2566_60s_10x10ptsdet_1_9_5 254417 25157   102  738      0 91680 6981
20230623_CVD_2566_60s_10x10ptsdet_1_9_6 255134 25640    51  744      0 91635 6701
20230623_CVD_2566_60s_10x10ptsdet_1_9_7 254241 25372   128  709      0 91170 7016
20230623_CVD_2566_60s_10x10ptsdet_1_9_8 253862 25458    71  766      0 91566 6758
20230623_CVD_2566_60s_10x10ptsdet_1_9_9 253942 25404    73  701      0 91117 6728
20230623_CVD_2566_60s_10x10ptsdet_2_0_0 268930 25525    49  836      0 94868 7549
20230623_CVD_2566_60s_10x10ptsdet_2_0_1 268528 25484    73  857      0 94985 7676
20230623_CVD_2566_60s_10x10ptsdet_2_0_2 268337 25481    76  827      0 95139 7517
20230623_CVD_2566_60s_10x10ptsdet_2_0_3 267579 25186    35  906      0 94883 7470
20230623_CVD_2566_60s_10x10ptsdet_2_0_4 266544 25726    20  750      0 94019 7755
20230623_CVD_2566_60s_10x10ptsdet_2_0_5 267118 25588    68  848      0 95290 7607
20230623_CVD_2566_60s_10x10ptsdet_2_0_6 266122 25277    70  860      0 94782 7630
20230623_CVD_2566_60s_10x10ptsdet_2_0_7 267001 25279    83  678      0 94872 7480
20230623_CVD_2566_60s_10x10ptsdet_2_0_8 266876 25484    28  883      0 94939 7389
20230623_CVD_2566_60s_10x10ptsdet_2_0_9 266526 25347   109  772      0 94475 7507
20230623_CVD_2566_60s_10x10ptsdet_2_1_0 266564 25293   121  886      0 93743 6877
20230623_CVD_2566_60s_10x10ptsdet_2_1_1 267289 25452    51  809      0 94048 7025
20230623_CVD_2566_60s_10x10ptsdet_2_1_2 267407 25485    20  815      0 94388 6930
20230623_CVD_2566_60s_10x10ptsdet_2_1_3 266591 25446    71  673      0 94767 7075
20230623_CVD_2566_60s_10x10ptsdet_2_1_4 267712 25563    69  778      0 94837 6859
20230623_CVD_2566_60s_10x10ptsdet_2_1_5 267479 25598    90  762      0 94677 6849
20230623_CVD_2566_60s_10x10ptsdet_2_1_6 268216 25944   101  684      0 94882 6843
20230623_CVD_2566_60s_10x10ptsdet_2_1_7 267770 25712    30  905      0 94869 7098
20230623_CVD_2566_60s_10x10ptsdet_2_1_8 267485 25661   100  725      0 94261 7030
20230623_CVD_2566_60s_10x10ptsdet_2_1_9 267009 25595    49  854      0 94687 6888
20230623_CVD_2566_60s_10x10ptsdet_2_2_0 266845 25330    67  916      0 94267 7007
20230623_CVD_2566_60s_10x10ptsdet_2_2_1 267694 25349    94  723      0 94715 6905
20230623_CVD_2566_60s_10x10ptsdet_2_2_2 267673 25332    93  883      0 95004 6748
20230623_CVD_2566_60s_10x10ptsdet_2_2_3 267597 25807   103  918      0 94998 7204
20230623_CVD_2566_60s_10x10ptsdet_2_2_4 267845 25479    21  906      0 94340 6846
20230623_CVD_2566_60s_10x10ptsdet_2_2_5 267056 25534    93  767      0 94215 6878
20230623_CVD_2566_60s_10x10ptsdet_2_2_6 268249 25672    67  784      0 94953 6815
20230623_CVD_2566_60s_10x10ptsdet_2_2_7 266003 25531   103  772      0 94831 6320
20230623_CVD_2566_60s_10x10ptsdet_2_2_8 267427 25459   205  768      0 94898 6876
20230623_CVD_2566_60s_10x10ptsdet_2_2_9 266710 25313    66  758      0 94284 6576
20230623_CVD_2566_60s_10x10ptsdet_2_3_0 266804 25445    77  871      0 94521 6769
20230623_CVD_2566_60s_10x10ptsdet_2_3_1 267623 25412    29  837      0 94631 7037
20230623_CVD_2566_60s_10x10ptsdet_2_3_2 266411 25615   103  808      0 94515 6748
20230623_CVD_2566_60s_10x10ptsdet_2_3_3 266906 25534    65  757      0 93731 6739
20230623_CVD_2566_60s_10x10ptsdet_2_3_4 266374 25644    87  816      0 94662 6983
20230623_CVD_2566_60s_10x10ptsdet_2_3_5 266709 25646   101  750      0 94464 6624
20230623_CVD_2566_60s_10x10ptsdet_2_3_6 266679 25679    97  827      0 94677 6764
20230623_CVD_2566_60s_10x10ptsdet_2_3_7 266585 25561   127  757      0 94221 6792
20230623_CVD_2566_60s_10x10ptsdet_2_3_8 266655 25387   160  771      0 94731 6758
20230623_CVD_2566_60s_10x10ptsdet_2_3_9 266374 25546    85  749      0 94560 6879
20230623_CVD_2566_60s_10x10ptsdet_2_4_0 266974 25723    44  779      0 94616 6723
20230623_CVD_2566_60s_10x10ptsdet_2_4_1 266387 25428    50  773      0 94296 7068
20230623_CVD_2566_60s_10x10ptsdet_2_4_2 268574 25837    67  891      0 94109 6754
20230623_CVD_2566_60s_10x10ptsdet_2_4_3 267057 25540    99  909      0 94545 7176
20230623_CVD_2566_60s_10x10ptsdet_2_4_4 266175 25491    72  675      0 94443 6779
20230623_CVD_2566_60s_10x10ptsdet_2_4_5 267646 25527   107  858      0 95568 6508
20230623_CVD_2566_60s_10x10ptsdet_2_4_6 266913 25584    72  734      0 94503 6535
20230623_CVD_2566_60s_10x10ptsdet_2_4_7 267166 25658    69  867      0 94521 6383
20230623_CVD_2566_60s_10x10ptsdet_2_4_8 267255 25566    76  799     30 94775 6625
20230623_CVD_2566_60s_10x10ptsdet_2_4_9 267790 25850   117  859      0 94053 6800
20230623_CVD_2566_60s_10x10ptsdet_2_5_0 267859 25590    85  848      0 94190 6619
20230623_CVD_2566_60s_10x10ptsdet_2_5_1 268454 25683   176  783      0 94490 6731
20230623_CVD_2566_60s_10x10ptsdet_2_5_2 266421 25764   131  727      0 94581 7035
20230623_CVD_2566_60s_10x10ptsdet_2_5_3 267634 25659   106  978      0 95134 6926
20230623_CVD_2566_60s_10x10ptsdet_2_5_4 268387 25914    75  787      0 95056 7101
20230623_CVD_2566_60s_10x10ptsdet_2_5_5 268026 25322    60  691      0 94668 7019
20230623_CVD_2566_60s_10x10ptsdet_2_5_6 267625 25509   100  724      0 93435 6811
20230623_CVD_2566_60s_10x10ptsdet_2_5_7 265596 25843   115  685    800 94234 6777
20230623_CVD_2566_60s_10x10ptsdet_2_5_8 266489 25246    48  809      0 94140 6801
20230623_CVD_2566_60s_10x10ptsdet_2_5_9 267505 25422    72  787      0 94689 6643
20230623_CVD_2566_60s_10x10ptsdet_2_6_0 267548 25526    47  845      0 94118 6856
20230623_CVD_2566_60s_10x10ptsdet_2_6_1 267068 25397   103  845      0 94279 7051
20230623_CVD_2566_60s_10x10ptsdet_2_6_2 267228 25601    99  773      0 94767 6640
20230623_CVD_2566_60s_10x10ptsdet_2_6_3 267359 25410    95  882      0 93981 6902
20230623_CVD_2566_60s_10x10ptsdet_2_6_4 267578 25522   103  790      0 94565 6841
20230623_CVD_2566_60s_10x10ptsdet_2_6_5 266885 25665    52  762      0 94951 6711
20230623_CVD_2566_60s_10x10ptsdet_2_6_6 269003 25493    94  814      0 95267 6879
20230623_CVD_2566_60s_10x10ptsdet_2_6_7 267819 25923   163  877      0 94791 6653
20230623_CVD_2566_60s_10x10ptsdet_2_6_8 267389 25232    84  826      0 94701 7008
20230623_CVD_2566_60s_10x10ptsdet_2_6_9 267223 25695    56  784      0 93953 6537
20230623_CVD_2566_60s_10x10ptsdet_2_7_0 266999 25344   119  867      0 94227 6632
20230623_CVD_2566_60s_10x10ptsdet_2_7_1 268265 25461   132  666      0 94792 6884
20230623_CVD_2566_60s_10x10ptsdet_2_7_2 267212 25704    44  761      0 94842 6756
20230623_CVD_2566_60s_10x10ptsdet_2_7_3 269180 25540    89  848      0 95119 6772
20230623_CVD_2566_60s_10x10ptsdet_2_7_4 268203 25655   123  771      0 94831 6717
20230623_CVD_2566_60s_10x10ptsdet_2_7_5 268952 25687    90  751      0 95004 6748
20230623_CVD_2566_60s_10x10ptsdet_2_7_6 268971 25726    85  830      0 94534 6873
20230623_CVD_2566_60s_10x10ptsdet_2_7_7 268663 25721   127  846      0 94989 6890
20230623_CVD_2566_60s_10x10ptsdet_2_7_8 269063 25399   142  867      0 95126 7448
20230623_CVD_2566_60s_10x10ptsdet_2_7_9 269070 25367    62  965      0 94596 6483
20230623_CVD_2566_60s_10x10ptsdet_2_8_0 267995 25549    65  843      0 94952 6914
20230623_CVD_2566_60s_10x10ptsdet_2_8_1 268613 25496    39  784      0 94872 6565
20230623_CVD_2566_60s_10x10ptsdet_2_8_2 268252 25795   121  793      0 95008 7161
20230623_CVD_2566_60s_10x10ptsdet_2_8_3 269397 25960    78  825      0 94981 6737
20230623_CVD_2566_60s_10x10ptsdet_2_8_4 268672 25788   104  848      0 95489 7092
20230623_CVD_2566_60s_10x10ptsdet_2_8_5 269759 25993    87  883      0 94832 6968
20230623_CVD_2566_60s_10x10ptsdet_2_8_6 269153 25487    69  838      0 94656 6892
20230623_CVD_2566_60s_10x10ptsdet_2_8_7 268389 25204    83  808      0 94168 6516
20230623_CVD_2566_60s_10x10ptsdet_2_8_8 268128 25373    65  761      0 93950 6656
20230623_CVD_2566_60s_10x10ptsdet_2_8_9 267436 25221    73  776      0 94151 7026
20230623_CVD_2566_60s_10x10ptsdet_2_9_0 268037 25838    83  873      0 94547 7007
20230623_CVD_2566_60s_10x10ptsdet_2_9_1 268668 25812    68  801      0 94319 6716
20230623_CVD_2566_60s_10x10ptsdet_2_9_2 267560 25521    79  913      0 94520 6683
20230623_CVD_2566_60s_10x10ptsdet_2_9_3 267397 25485   106  874      0 94047 6505
20230623_CVD_2566_60s_10x10ptsdet_2_9_4 269364 25436   103  794      0 94788 6826
20230623_CVD_2566_60s_10x10ptsdet_2_9_5 268013 25584    17  799      0 94511 6493
20230623_CVD_2566_60s_10x10ptsdet_2_9_6 269263 25479    57  781      0 95091 6558
20230623_CVD_2566_60s_10x10ptsdet_2_9_7 267908 25474    78  800      0 94312 6931
20230623_CVD_2566_60s_10x10ptsdet_2_9_8 267658 25277    68  765      0 93646 6457
20230623_CVD_2566_60s_10x10ptsdet_2_9_9 267786 25496    24  816      0 93868 7049
---------------------------------------------------------------------------------
Mean value:                             260511 25494    77  789      7 93170 6864
Std. Abw.:                                7168   189    33   68     73  1479  241
Std. Abw. rel. [%]:                       2.75  0.74 42.49 8.63 983.01  1.59 3.51
Conf. interval:                            507    13     2    5      5   105   17
