0
0
0
0
0
0
0
0
0
0
0
0
0
0
0
0
0
0
0
0
0
0
0
0
0
0
0
0
0
0
0
0
0
0
0
0
0
0
0
0
0
0
0
0
0
0
0
0
0
0
0
0
0
0
0
0
0
0
0
0
0
0
0
0
0
1
0
1
1
0
1
2
1
2
4
3
7
3
4
4
3
4
19
47
103
358
973
2207
4937
9577
17149
27703
40887
54600
66002
73233
73297
65959
55020
41336
28127
17329
9778
5016
2271
949
382
130
42
16
9
3
4
3
4
0
3
2
0
2
0
2
0
1
0
0
0
0
0
0
0
12
67
66
55
71
55
63
54
75
65
67
63
58
59
53
61
50
46
48
64
42
53
52
40
44
38
49
39
52
45
52
52
48
51
46
49
40
42
43
39
47
45
42
48
58
45
45
50
41
50
52
47
34
42
47
40
54
71
60
68
47
69
65
60
59
75
89
86
136
156
225
307
333
420
471
476
537
543
435
466
337
267
210
186
122
123
76
93
66
55
64
46
53
45
42
40
36
49
39
46
40
34
38
46
42
43
53
48
42
49
48
61
38
48
68
49
54
51
61
69
74
75
77
82
99
117
195
274
525
824
1289
1988
3072
4532
6015
7892
9774
11164
12227
12616
12646
11720
10398
8972
7144
5641
4115
3032
2086
1562
1104
830
625
511
418
406
450
517
805
1054
1488
1910
2463
2956
3413
3822
3940
4061
3691
3429
3050
2390
1977
1520
1149
870
616
497
372
360
281
253
241
188
192
139
90
49
53
41
28
34
28
17
12
16
8
16
10
5
9
15
9
14
8
10
15
12
7
8
15
9
9
7
6
10
13
9
9
10
11
7
6
12
17
9
13
11
21
16
17
26
30
21
26
25
25
32
27
27
24
19
18
14
19
23
20
18
36
26
27
24
23
19
23
18
16
17
16
21
23
19
33
15
24
19
17
16
13
12
11
10
11
10
14
7
11
13
6
6
5
11
7
13
8
16
10
10
11
10
5
6
2
6
5
4
3
8
5
5
7
3
4
8
7
6
8
7
16
8
8
13
10
12
7
14
12
7
10
12
8
5
4
18
3
9
12
11
4
8
12
10
15
13
19
9
17
17
16
11
10
9
11
11
10
4
9
7
8
7
10
4
12
5
8
9
13
8
11
10
13
11
8
8
6
8
11
5
6
10
5
9
9
7
7
11
5
7
9
7
6
7
12
10
3
13
3
9
9
6
6
10
10
8
10
5
4
12
9
8
10
5
5
6
8
7
8
7
6
5
6
4
9
5
8
5
7
9
10
6
2
3
9
7
3
6
5
7
12
8
15
3
9
7
9
5
9
3
4
10
6
13
5
9
11
9
7
4
8
9
3
8
16
10
12
7
9
11
10
11
9
5
12
10
4
21
9
3
7
12
9
6
15
10
5
19
7
9
14
13
8
12
6
11
9
6
9
11
10
14
14
10
6
16
8
11
14
12
7
16
6
9
10
18
13
13
9
13
16
20
16
13
10
17
8
17
19
19
22
31
29
25
24
30
18
33
32
41
17
30
23
29
34
32
39
34
31
37
24
31
27
32
45
29
37
33
24
25
38
22
17
28
14
34
29
27
23
16
25
27
35
24
20
19
23
26
12
20
15
17
23
22
21
19
10
23
21
15
17
14
18
17
13
22
25
20
21
23
25
33
20
18
30
26
16
24
16
15
22
16
36
29
18
25
34
32
20
28
26
21
24
27
27
24
29
27
30
36
23
37
31
33
28
33
30
32
26
34
22
21
29
21
34
38
39
29
46
35
28
41
44
40
31
50
33
39
42
37
43
45
35
44
45
44
34
42
42
49
48
46
49
43
45
31
42
53
41
48
62
49
50
59
36
53
63
51
62
53
48
45
59
71
58
65
60
60
67
53
82
71
61
71
64
64
81
69
74
60
87
72
92
91
81
92
83
84
104
92
113
95
118
110
115
121
120
150
127
120
108
106
99
97
91
98
84
79
89
84
72
61
100
79
73
100
89
84
72
75
86
72
74
84
72
72
81
82
88
83
69
74
77
71
75
78
73
69
66
92
74
75
74
73
68
59
72
79
79
80
67
72
71
78
67
85
59
77
83
61
73
72
78
88
86
76
84
94
64
73
87
78
74
62
72
86
82
75
89
68
78
80
79
78
70
96
81
86
72
83
72
77
70
81
76
68
78
89
101
81
61
83
84
88
70
78
89
94
101
85
98
87
70
86
85
79
71
90
82
92
73
70
73
83
88
95
74
80
113
88
100
98
85
83
106
95
103
125
104
114
125
91
119
137
146
147
158
182
232
245
305
358
460
592
806
1032
1336
1715
2153
2627
3328
3927
4621
5467
6498
7093
7790
8526
9116
9896
9987
10143
10168
9729
9368
8891
8161
7567
6552
5915
4888
4278
3565
2842
2307
1805
1359
1115
860
615
514
388
315
225
209
174
145
141
128
121
126
118
114
115
112
104
106
105
107
91
120
95
110
98
106
116
115
113
117
98
100
120
122
128
110
103
112
131
127
124
109
123
123
130
108
127
107
126
133
106
145
135
111
121
132
129
146
130
124
132
143
161
189
199
191
231
259
256
333
332
448
534
593
723
775
878
1007
1035
1156
1198
1370
1366
1419
1395
1362
1359
1308
1286
1208
1126
1069
892
799
737
671
538
425
382
365
289
244
238
192
206
176
174
166
173
170
155
163
140
151
160
165
131
140
156
169
169
139
160
144
157
151
175
155
179
153
151
139
162
151
161
161
172
172
176
165
178
196
195
213
183
196
179
188
198
185
188
204
177
204
204
186
193
237
202
195
246
257
239
215
200
227
212
226
228
250
228
231
246
222
220
246
236
226
250
260
266
267
260
239
234
259
250
264
245
247
255
248
252
238
267
259
242
267
255
221
259
223
244
238
254
228
256
270
234
207
255
231
224
216
257
221
231
244
232
249
236
221
239
204
221
207
228
194
234
207
204
221
203
204
232
203
214
206
201
217
187
203
219
199
168
168
188
182
206
202
208
175
185
205
188
210
177
202
213
180
188
199
190
180
196
213
191
199
192
200
199
194
192
180
179
192
188
165
179
184
195
193
202
199
172
201
198
194
195
222
188
225
197
180
189
199
167
182
167
185
176
211
214
181
183
215
172
195
189
226
232
205
193
204
207
204
196
205
195
224
185
213
217
206
211
193
187
206
185
202
224
244
203
246
199
202
241
201
209
214
207
200
198
194
200
212
226
194
259
224
195
207
235
225
218
248
205
221
207
215
221
210
251
189
224
244
223
244
230
217
200
244
201
220
242
225
218
217
201
235
231
245
200
246
216
247
233
239
250
254
234
242
249
218
238
212
241
243
224
224
214
212
234
212
261
247
242
240
237
220
238
207
228
237
246
218
244
243
222
220
259
268
248
255
241
232
213
248
246
234
228
242
249
262
283
280
258
249
250
227
250
234
241
290
251
247
243
252
238
236
274
247
308
268
264
280
271
258
272
259
257
290
263
246
244
258
259
252
297
281
266
254
290
288
270
279
257
260
271
278
303
286
286
269
291
279
274
292
263
263
298
316
276
292
282
252
267
281
300
318
294
302
280
287
281
303
314
327
286
303
307
309
297
305
298
258
320
294
298
284
295
304
292
304
349
320
328
311
290
313
289
305
308
300
335
328
341
316
316
317
329
285
328
324
304
316
341
319
316
299
325
295
303
322
302
297
341
301
288
345
304
295
322
308
341
265
292
304
316
314
312
318
336
294
281
334
296
306
294
313
300
290
316
274
284
315
311
295
300
286
317
297
270
292
313
285
263
292
303
277
293
301
308
312
269
275
253
245
283
267
270
266
258
300
272
268
291
280
255
272
307
271
297
278
295
265
270
247
271
262
256
258
268
272
265
274
272
253
262
233
238
265
251
263
276
284
284
274
283
273
248
256
269
255
255
264
292
255
247
254
238
246
247
296
252
240
247
283
283
259
262
275
276
274
275
239
303
293
291
276
276
298
289
258
266
247
264
250
275
280
255
238
242
301
283
249
251
267
253
255
238
255
270
245
259
263
266
261
253
257
269
281
247
265
260
258
252
264
228
242
268
252
246
244
274
234
268
260
250
265
257
258
276
270
285
250
252
260
248
274
281
267
286
235
286
254
267
263
252
244
236
277
259
261
265
253
260
245
265
263
253
244
252
257
258
262
252
289
265
266
261
251
255
258
261
249
252
236
270
279
263
272
264
262
265
242
261
286
239
248
239
273
256
258
256
279
274
267
273
268
256
296
237
245
254
276
279
273
294
259
284
253
269
288
262
276
254
264
284
321
276
273
280
284
253
279
282
331
307
291
263
304
300
292
292
271
272
311
290
317
307
301
315
284
299
311
322
329
299
298
322
308
334
346
315
326
355
359
327
321
297
335
349
317
393
364
339
358
345
358
324
354
378
389
361
376
357
401
406
382
392
378
419
406
420
398
423
423
402
437
454
497
476
454
442
492
483
551
499
519
585
609
580
610
586
612
633
633
682
687
703
686
726
769
767
763
865
780
893
907
954
1022
989
1002
1018
974
1117
1138
1152
1181
1167
1246
1314
1378
1281
1303
1410
1431
1470
1482
1478
1500
1438
1469
1447
1478
1541
1551
1504
1562
1420
1563
1608
1510
1500
1486
1431
1412
1448
1328
1396
1397
1361
1342
1291
1263
1253
1200
1168
1175
1083
1103
1037
1048
883
969
890
945
807
781
800
753
752
681
702
670
648
639
636
577
534
525
517
515
511
489
470
405
473
467
407
390
418
403
370
393
365
357
332
369
331
354
368
348
294
305
312
342
307
312
298
278
263
277
279
254
288
266
251
249
253
259
254
233
239
233
249
212
248
225
181
226
235
212
231
256
236
250
249
241
264
207
229
261
299
253
287
320
320
322
358
376
375
382
386
408
422
442
416
428
439
439
430
418
490
467
439
442
446
462
418
423
412
394
381
378
355
335
306
288
320
251
257
212
242
207
218
205
194
149
163
182
173
168
174
160
150
187
143
164
175
152
163
170
165
141
150
155
157
152
170
176
176
173
186
152
166
162
167
189
174
214
191
184
177
182
217
183
186
225
187
196
196
185
227
240
235
214
240
240
250
252
233
252
225
300
256
264
240
255
248
252
287
279
259
266
275
256
268
233
279
265
272
265
272
265
249
282
285
247
243
241
220
267
220
233
213
229
244
226
230
229
226
250
211
215
229
210
228
180
168
191
182
180
198
187
156
184
155
153
157
139
129
152
160
139
148
137
141
150
123
128
115
128
113
116
120
132
123
108
86
102
126
100
89
88
102
85
83
102
93
90
97
105
95
85
85
83
86
74
85
100
87
83
75
98
79
82
90
70
78
102
72
75
67
78
64
66
74
74
72
78
66
66
65
71
73
72
67
52
58
59
61
70
50
59
64
63
64
61
68
59
67
54
63
49
73
53
51
68
67
62
44
49
54
72
62
51
52
47
76
54
72
75
59
76
69
69
69
78
78
71
59
80
72
73
81
82
106
89
80
83
85
75
75
86
75
70
74
73
63
54
56
41
48
53
50
48
48
42
48
50
46
46
40
38
50
52
47
56
53
45
49
40
50
47
40
40
43
40
45
42
42
44
49
53
50
55
37
51
45
53
45
44
30
35
61
40
35
35
45
30
37
35
36
34
38
34
35
37
33
33
39
37
34
41
25
26
43
46
41
30
37
48
30
38
36
35
39
30
37
32
26
28
26
32
35
32
35
34
30
37
39
31
36
25
37
37
23
39
18
31
24
30
28
31
41
28
33
28
34
39
46
32
25
32
29
25
28
29
37
26
32
34
30
27
28
40
35
34
27
35
28
31
25
30
28
35
23
31
36
25
29
26
34
30
23
25
29
20
34
34
24
24
30
35
32
30
23
24
28
27
18
28
20
26
20
37
32
27
37
26
28
33
29
25
27
32
28
27
19
28
32
21
26
25
24
29
15
22
25
20
34
27
27
21
17
20
28
28
27
35
21
22
34
19
26
21
21
15
20
28
16
26
16
18
32
25
21
16
25
18
20
25
17
26
21
26
21
11
23
26
19
17
26
26
17
20
25
19
27
19
19
21
34
11
33
13
14
14
16
24
23
23
24
24
33
22
17
31
18
20
32
13
24
16
27
22
18
17
25
14
30
20
24
15
24
33
13
21
17
17
21
18
18
17
17
19
18
15
17
18
18
16
25
29
15
20
16
25
20
20
18
22
12
22
25
19
19
19
13
12
14
13
22
17
19
13
23
17
22
20
17
16
15
21
16
29
16
22
17
17
14
14
11
11
16
9
11
19
12
19
18
14
20
17
20
11
16
13
19
16
16
24
18
18
16
8
17
24
12
13
14
16
16
13
20
17
10
21
17
11
17
21
13
19
15
19
16
11
15
22
8
11
10
12
13
6
15
10
11
13
14
17
15
16
13
15
16
19
7
21
14
13
15
16
14
12
13
15
14
12
12
10
18
22
11
18
11
13
17
15
10
15
20
16
10
15
7
14
18
10
16
12
13
10
11
10
14
16
16
10
12
8
11
16
14
15
14
14
8
15
11
9
18
5
13
13
15
6
17
10
9
9
9
12
10
9
9
11
15
7
7
12
8
10
16
8
13
9
7
11
16
12
15
11
11
7
11
9
9
8
4
10
8
8
17
8
4
8
10
13
13
10
12
9
10
8
6
11
12
16
10
11
7
7
14
15
18
8
18
10
12
15
8
10
14
14
13
5
8
5
8
6
12
10
11
12
11
10
6
9
8
9
10
7
7
8
17
9
9
14
9
10
12
9
5
18
9
7
9
11
10
13
8
11
9
9
10
13
9
13
8
4
6
14
12
10
8
9
10
7
8
5
12
13
12
10
12
7
6
2
17
16
9
11
9
7
8
10
10
11
8
5
6
9
4
7
10
4
6
2
6
9
5
7
9
8
9
11
7
8
8
12
10
6
4
7
3
5
3
4
6
7
8
8
3
9
6
6
3
4
8
4
5
4
4
5
8
5
6
4
7
9
4
8
5
7
8
4
11
4
7
7
4
2
8
9
12
14
7
10
4
6
7
7
4
3
11
8
14
8
7
5
6
2
8
7
6
7
6
8
5
2
10
12
8
6
8
4
8
7
1
5
4
4
4
8
6
7
7
10
8
5
4
4
4
2
4
6
6
3
3
7
7
5
6
3
4
4
6
5
6
5
8
2
1
8
2
5
8
7
10
6
6
5
4
3
6
9
6
3
7
2
3
9
2
8
6
9
2
3
10
4
4
5
10
5
10
5
6
8
3
5
7
5
4
7
3
3
6
7
4
1
2
2
6
3
3
3
3
3
7
7
5
6
3
9
5
6
2
1
6
6
6
1
3
3
3
6
2
5
5
2
6
3
7
4
5
5
4
6
7
3
1
2
6
3
3
4
2
3
6
2
2
6
5
3
3
4
6
3
6
2
4
3
6
2
3
3
7
5
3
0
2
6
4
3
2
6
4
1
4
4
2
2
4
3
7
3
4
0
5
3
6
7
1
2
4
1
0
2
2
4
5
3
4
5
1
3
2
3
2
4
1
2
3
1
1
3
4
1
1
3
3
6
3
0
2
3
3
5
1
7
6
5
1
2
3
7
1
1
1
1
3
3
1
5
7
2
4
6
1
4
4
3
3
4
3
3
3
1
4
2
0
2
0
3
2
5
1
5
7
4
4
1
1
2
3
4
2
6
2
1
2
4
5
1
4
2
4
7
7
2
3
4
4
4
6
2
2
2
2
2
4
4
2
2
4
3
1
3
3
2
1
4
0
2
1
3
2
1
0
1
1
3
0
1
2
4
3
4
0
3
1
3
4
1
3
4
0
3
2
0
2
0
3
2
5
4
0
1
4
1
2
2
2
1
2
2
2
0
0
0
1
1
3
4
1
0
1
0
0
0
1
1
3
0
3
2
4
2
2
1
1
2
3
3
2
0
2
1
2
1
1
2
2
4
0
4
1
2
2
1
2
2
2
4
1
1
2
3
2
1
2
3
2
0
2
2
1
1
3
4
2
2
1
0
2
1
0
5
0
0
1
5
1
0
4
0
4
2
1
2
1
1
0
2
2
3
0
2
3
0
1
4
1
2
1
0
3
0
1
0
4
1
0
0
4
5
4
0
4
1
0
0
2
1
0
2
0
0
2
1
1
1
0
0
1
1
4
1
1
3
0
1
0
3
0
2
0
2
1
1
1
2
1
1
1
3
2
0
2
3
2
1
1
4
3
3
2
0
1
0
1
0
1
0
0
1
1
2
1
0
0
0
1
2
1
2
0
2
0
1
1
1
0
2
1
1
0
3
0
0
1
0
1
0
2
1
0
1
2
2
2
1
4
0
1
1
1
0
0
1
1
5
0
2
0
0
0
0
0
2
0
0
0
2
1
1
3
0
1
1
1
2
2
3
0
2
1
0
1
1
0
2
0
0
1
1
0
2
2
1
1
2
1
2
1
3
2
2
0
0
0
1
0
0
3
0
0
0
1
0
2
2
0
1
0
0
0
0
0
0
0
0
0
2
2
1
0
1
0
2
0
2
0
0
1
0
0
1
0
1
1
0
0
1
0
0
0
0
2
1
2
0
0
2
0
1
1
0
0
0
0
2
1
2
1
0
0
1
0
0
1
2
0
0
0
0
0
1
1
1
0
2
2
3
1
0
1
0
0
1
0
0
1
1
1
0
1
4
0
0
0
1
1
2
0
1
0
0
1
0
2
1
0
0
0
0
0
0
0
0
1
0
1
0
0
1
1
2
1
1
0
0
0
0
0
0
1
0
0
2
0
0
1
1
2
0
0
0
3
0
1
1
0
0
0
0
0
0
0
2
0
2
1
0
3
0
0
0
0
0
0
1
0
0
0
0
1
1
0
0
0
0
1
1
0
3
1
1
1
0
0
0
0
0
0
0
0
0
0
1
1
0
0
0
0
1
1
1
2
1
0
1
0
1
1
0
1
0
0
1
0
0
0
1
0
0
0
1
0
0
0
0
0
2
0
1
0
0
1
1
1
0
2
1
1
0
1
1
1
0
1
0
0
0
0
0
0
0
0
0
0
0
0
0
0
0
1
0
0
0
2
0
0
0
1
0
0
0
0
1
0
0
2
0
1
0
0
0
0
0
0
0
0
1
1
1
0
0
1
0
0
1
0
0
0
1
0
0
0
0
0
0
0
1
0
0
0
0
1
1
0
0
0
0
0
0
0
1
0
0
0
0
0
0
0
0
0
1
2
1
0
0
0
1
1
0
0
0
0
0
0
1
1
0
0
0
0
0
0
0
0
0
0
0
0
0
0
0
0
1
1
1
0
0
1
0
0
0
0
0
0
1
0
0
0
0
0
0
0
0
0
0
1
0
0
0
0
1
1
1
0
0
0
0
0
0
0
0
0
0
0
0
0
0
