0
0
0
0
0
0
0
0
0
0
0
0
0
0
0
0
0
0
0
0
0
0
0
0
0
0
0
0
0
0
0
0
0
0
0
0
0
0
0
0
0
0
0
0
0
0
0
0
0
0
0
0
0
0
0
0
0
0
0
0
0
0
0
0
1
1
1
1
2
1
3
3
2
4
2
1
4
3
3
5
3
6
11
49
126
351
911
2236
4970
9635
17095
27514
40483
54585
66178
72684
73468
66606
55391
41338
28154
17521
9713
4950
2266
1000
386
138
59
22
5
3
2
1
2
2
1
1
2
2
4
0
2
0
1
0
1
0
1
0
0
3
70
70
64
72
59
54
50
50
57
67
67
66
58
51
54
52
48
49
49
50
48
54
44
56
46
48
33
47
40
55
44
49
47
57
43
42
49
47
61
33
31
43
47
39
31
44
43
40
44
46
41
51
48
39
45
47
50
63
69
47
55
64
85
64
98
94
93
129
206
228
302
345
404
493
513
546
498
496
432
352
277
250
185
137
116
86
78
72
49
50
62
40
40
41
33
37
36
41
41
36
35
34
47
45
35
51
43
33
36
48
43
56
49
68
51
66
77
67
66
78
92
92
110
117
168
222
327
555
892
1404
2109
3373
4590
6294
8282
10169
11575
12707
13262
13075
12565
10971
9110
7530
5876
4318
3061
2174
1723
1195
978
771
654
615
577
646
729
949
1193
1526
1960
2427
3103
3358
3665
3871
3968
3732
3380
2836
2447
1909
1514
1128
797
614
479
440
334
279
258
229
199
174
134
93
88
55
47
39
21
12
19
17
15
14
13
10
12
7
15
6
14
8
8
11
12
10
11
13
10
6
9
15
8
14
14
14
11
11
10
15
9
14
6
18
12
19
20
34
25
29
35
31
28
29
24
27
27
16
24
26
22
32
23
24
32
15
28
26
36
30
24
28
23
20
27
17
21
18
18
19
21
21
19
19
15
12
13
13
7
12
7
6
7
10
8
8
13
5
10
15
12
6
6
8
6
3
3
9
8
7
6
6
6
11
7
6
5
7
9
9
7
11
5
8
14
3
12
8
8
11
9
10
17
7
7
9
12
10
10
3
11
10
13
5
9
9
9
18
9
13
13
15
14
12
20
14
7
13
9
12
8
6
4
5
9
15
7
8
6
11
7
10
12
4
11
5
7
9
8
7
6
5
11
4
9
9
10
9
5
11
6
5
11
13
9
10
4
4
4
8
4
5
6
7
6
11
7
10
5
11
10
8
4
8
7
7
5
5
12
6
7
11
5
13
9
9
8
9
8
9
7
7
5
10
8
5
8
7
7
9
8
6
5
12
6
9
3
10
8
11
7
7
10
6
5
12
10
7
11
13
7
12
15
6
10
12
11
9
9
10
7
5
8
10
6
6
8
14
7
4
6
7
12
10
8
13
14
8
10
12
16
6
11
12
11
12
5
9
11
11
10
13
11
16
14
15
10
10
10
15
11
12
15
12
12
13
13
14
15
7
10
12
14
17
13
12
12
20
16
19
10
8
15
19
15
20
18
16
19
22
20
21
24
24
25
26
29
23
16
27
23
31
23
22
29
24
30
34
30
29
30
25
33
30
27
34
25
23
31
33
25
29
23
25
30
24
31
18
19
27
21
25
12
22
26
16
16
22
17
18
18
21
18
11
26
21
19
17
24
24
26
21
26
21
18
15
23
25
31
22
29
34
23
25
17
22
31
31
23
28
32
36
25
39
27
34
28
30
35
29
31
32
36
30
26
27
30
19
36
30
29
27
41
37
32
24
35
34
38
42
53
25
32
33
37
42
35
29
39
31
50
48
44
33
30
49
39
40
52
44
42
39
43
53
54
40
42
50
64
70
45
52
42
45
47
47
56
58
59
69
56
61
66
66
52
56
67
57
50
82
78
61
69
67
65
64
91
61
70
83
92
86
92
96
96
112
96
103
106
129
151
170
139
164
156
158
191
177
206
184
171
182
163
153
154
152
134
130
113
129
110
86
105
101
112
76
78
109
73
99
82
78
85
66
86
87
79
78
85
71
64
100
85
80
91
69
78
73
85
69
81
46
71
75
69
59
71
70
75
79
69
72
63
101
71
65
85
88
48
78
68
88
67
70
83
86
78
61
68
65
71
75
77
62
70
64
98
77
72
86
79
85
60
83
68
72
69
69
79
71
77
76
84
75
68
86
82
77
85
78
76
80
88
77
79
73
94
86
82
89
73
69
94
80
106
96
106
84
95
76
82
90
103
93
84
82
86
94
110
92
91
93
98
78
90
105
102
90
103
106
108
107
105
85
110
112
124
112
129
138
140
153
181
206
210
223
351
392
531
743
951
1232
1590
1968
2507
3028
3874
4553
5390
6172
7139
7818
8724
9267
10039
10154
10419
10501
10229
9812
9312
8509
7841
6928
6260
5349
4459
3644
3000
2468
1944
1493
1175
903
662
535
368
295
264
199
182
168
153
145
128
119
129
118
119
121
115
111
117
126
134
105
150
97
137
121
120
116
133
118
122
114
121
129
147
117
110
100
123
142
123
122
109
104
106
136
132
126
131
138
136
128
134
133
139
156
145
148
138
125
160
150
188
169
183
203
222
284
261
314
379
417
475
564
627
752
857
963
1027
1156
1251
1364
1309
1404
1480
1411
1370
1319
1318
1289
1178
1026
1017
798
782
701
578
495
430
367
312
268
240
243
221
203
168
180
162
178
163
160
155
174
175
175
164
183
187
193
193
202
195
207
215
227
215
210
252
242
225
238
268
262
241
284
252
272
253
230
264
290
289
276
272
278
265
277
293
257
242
260
281
259
245
277
277
265
285
258
280
263
272
261
299
241
262
260
217
252
242
258
232
215
268
270
266
224
261
243
263
220
247
206
270
266
219
244
231
253
228
229
217
243
212
250
237
224
236
231
234
266
241
255
236
208
228
209
243
233
243
223
239
229
238
234
225
229
249
219
217
205
214
213
228
224
222
224
220
258
184
216
228
222
209
207
211
219
199
199
210
193
194
179
182
193
208
183
213
191
206
190
181
172
189
210
196
204
191
197
204
199
188
184
194
180
181
176
164
210
185
183
204
219
203
186
186
185
209
188
210
190
190
192
171
186
184
180
176
206
199
199
178
182
207
196
218
199
191
186
207
196
196
232
184
206
207
224
206
190
199
198
186
205
231
234
203
212
207
230
228
197
237
212
243
232
257
231
231
216
241
223
238
230
241
206
253
233
240
268
255
269
272
284
256
284
257
260
272
269
268
220
265
255
233
269
274
266
280
268
256
236
261
254
276
245
254
268
240
250
270
253
243
272
222
252
289
263
225
259
243
250
251
234
222
235
225
232
220
215
232
225
251
231
226
228
239
244
250
230
252
243
268
252
237
268
241
249
244
234
240
225
254
230
232
230
246
270
243
229
220
239
226
261
224
219
248
249
220
264
255
245
250
252
236
234
239
237
224
258
231
225
287
247
239
246
215
266
248
252
247
228
242
224
257
281
240
259
243
260
250
265
256
269
246
270
293
256
245
254
245
261
228
265
253
296
259
264
248
254
244
255
280
260
255
242
281
239
245
272
275
268
285
275
287
278
244
249
246
286
273
258
265
264
303
261
262
291
285
268
243
270
281
270
291
327
282
273
242
281
251
269
240
285
272
297
268
259
270
288
288
291
288
298
255
297
253
284
249
272
287
274
315
294
307
280
301
287
300
254
275
321
285
275
263
275
270
293
304
323
288
300
342
283
297
268
289
285
294
292
303
279
301
306
302
296
287
278
306
277
322
301
275
316
296
281
299
290
280
287
290
282
270
305
281
293
275
265
285
288
267
280
275
248
265
286
266
278
274
264
288
248
328
269
262
289
276
277
274
275
272
281
271
269
250
257
261
292
261
252
276
238
285
269
257
301
250
244
228
224
241
232
240
304
284
266
255
252
274
235
233
259
265
260
283
239
235
240
239
242
256
287
289
224
233
228
248
240
243
260
264
245
259
230
263
251
271
252
242
221
274
259
241
249
234
240
222
235
232
237
260
254
250
241
279
263
308
264
239
282
238
245
274
260
259
262
259
223
250
254
258
231
231
246
271
267
272
255
261
220
230
222
257
269
258
246
276
264
256
232
268
257
265
260
260
254
230
255
274
243
278
229
223
246
262
267
244
261
262
255
259
241
207
250
286
258
241
259
253
267
260
238
261
231
226
259
215
265
241
231
256
254
236
257
226
260
253
248
253
236
278
271
280
256
240
227
245
227
239
248
242
243
246
244
275
274
262
235
235
246
240
267
266
250
266
272
234
255
267
221
266
268
259
274
262
258
239
255
278
251
259
249
263
257
267
273
256
264
285
266
263
261
275
308
282
298
260
275
282
286
305
295
312
282
296
316
280
300
306
279
318
321
287
323
297
305
330
339
322
353
327
299
339
340
310
330
345
374
347
377
369
355
371
375
395
352
368
357
378
362
375
354
355
403
424
428
383
381
422
424
425
433
432
434
480
452
466
539
521
507
518
546
577
521
582
637
596
629
643
699
660
692
724
715
699
792
764
817
819
882
915
912
927
1048
970
1022
1069
1010
1105
1095
1194
1209
1159
1261
1230
1269
1277
1307
1286
1425
1472
1338
1461
1429
1474
1536
1493
1431
1436
1426
1416
1470
1449
1444
1410
1427
1439
1435
1374
1337
1298
1346
1322
1255
1254
1234
1146
1112
1128
1125
1028
1047
991
1014
917
916
862
812
872
787
751
758
764
703
654
659
620
572
600
531
559
509
537
496
456
472
462
490
437
442
402
413
362
400
343
346
370
347
360
338
349
314
292
286
343
319
287
267
273
269
268
282
285
286
265
244
277
252
283
248
259
268
247
242
245
225
230
217
235
223
261
230
217
223
256
243
265
222
228
215
239
241
223
257
265
300
303
312
326
329
333
384
358
352
376
401
439
413
417
445
456
455
470
506
444
450
473
507
514
466
483
470
431
420
380
382
395
353
318
314
289
289
266
255
217
215
206
185
190
163
166
169
163
176
159
159
153
158
158
154
156
180
142
152
168
136
153
176
175
143
160
164
166
175
173
149
160
167
194
154
190
157
175
157
169
164
191
180
204
178
184
205
204
193
208
188
198
224
230
215
212
243
226
237
231
234
251
229
222
244
259
248
270
280
264
246
263
254
251
275
250
271
241
252
292
260
271
268
274
254
247
252
225
249
252
241
208
240
245
204
199
222
220
207
198
192
231
179
170
182
172
165
190
158
174
163
185
168
162
162
147
176
171
133
152
142
100
117
129
103
119
157
121
128
108
100
112
127
112
117
105
104
96
105
99
111
101
88
104
97
98
80
101
70
82
102
85
65
74
87
89
91
73
83
79
62
79
64
68
77
73
77
70
76
68
70
87
73
65
72
63
85
68
75
65
54
64
60
59
69
44
67
62
58
66
69
63
46
59
66
56
57
56
48
60
71
59
57
45
57
48
61
54
59
56
56
53
41
56
64
39
55
56
62
54
49
67
63
72
61
65
66
62
81
78
70
54
73
61
76
74
63
78
57
65
82
76
58
54
67
61
63
58
65
53
46
53
49
46
41
55
57
43
45
40
58
54
59
48
35
35
28
48
45
26
43
35
49
48
43
44
48
49
35
46
37
34
41
37
42
45
48
40
33
36
38
41
36
42
33
35
42
33
41
42
34
47
30
32
32
32
24
33
46
28
44
41
28
26
37
46
24
37
28
32
39
31
33
37
34
40
30
23
31
45
31
36
34
40
29
30
36
36
26
28
37
33
34
35
29
33
43
26
29
27
33
35
23
43
29
35
35
27
31
32
30
24
27
22
27
41
26
42
44
30
27
19
25
27
24
28
23
33
34
18
35
31
30
38
30
22
34
23
23
21
33
27
24
29
26
26
50
31
30
28
21
22
30
33
30
21
24
26
30
21
26
24
28
22
28
24
33
38
29
27
21
22
19
23
18
29
30
23
31
24
21
26
26
27
21
22
22
33
26
19
30
10
18
34
29
17
21
23
29
26
17
26
27
21
21
32
20
30
19
27
22
22
20
22
25
21
22
21
21
23
34
26
20
24
24
19
19
21
16
19
17
19
20
21
29
20
16
19
25
19
19
18
22
20
19
23
17
24
24
18
14
24
15
18
22
29
23
17
17
15
20
17
21
24
25
18
16
21
18
19
18
19
17
25
18
22
19
20
6
19
19
20
19
22
14
18
21
17
13
14
22
20
23
16
26
19
26
11
20
16
14
15
25
17
14
20
24
20
10
17
20
19
22
17
16
17
18
20
13
19
12
23
20
12
11
13
20
15
9
20
15
16
19
19
20
23
21
18
15
17
12
16
13
12
12
19
17
17
21
14
12
18
19
15
12
15
10
11
22
16
19
13
14
19
12
14
19
11
16
11
14
16
21
15
15
16
7
10
18
7
15
12
9
16
15
12
14
19
15
10
16
14
9
9
17
10
14
16
13
16
11
10
17
15
13
11
18
14
13
13
10
15
15
11
13
15
6
16
11
9
12
17
13
15
17
16
16
21
18
14
12
14
9
15
12
15
11
12
11
14
8
10
13
8
16
10
11
8
12
13
8
10
11
6
11
14
10
10
10
14
12
20
16
12
11
15
14
6
11
12
8
7
8
15
10
9
15
17
13
10
8
12
20
17
9
13
10
5
18
8
13
10
8
6
13
11
13
10
10
7
7
9
9
9
9
16
9
14
6
14
7
9
4
15
7
14
6
5
8
17
7
10
9
13
11
5
6
10
11
15
7
7
4
10
8
5
7
4
11
4
8
7
16
7
3
13
8
15
9
11
8
13
9
10
5
8
9
6
12
3
16
11
1
13
9
10
18
14
12
13
9
2
11
6
7
6
9
12
9
6
9
11
5
9
8
7
3
7
4
5
6
2
11
7
7
11
8
3
5
7
9
11
3
6
6
10
4
7
7
13
8
5
3
3
7
7
9
4
7
3
7
4
4
12
5
4
8
5
5
2
12
8
9
6
6
3
4
6
5
6
4
8
2
7
12
8
5
6
5
8
9
5
4
8
5
5
6
5
9
9
5
3
8
5
7
4
8
2
7
10
8
6
1
3
8
5
5
4
2
4
6
3
4
6
3
9
6
5
7
6
7
3
9
3
7
3
6
2
8
2
2
9
3
7
3
1
8
7
8
4
4
3
3
5
5
4
6
13
8
8
8
7
6
6
6
1
4
6
6
4
4
5
5
5
5
5
4
8
6
1
3
5
1
1
8
4
5
6
2
1
1
8
5
5
5
3
10
5
4
4
7
3
4
6
8
8
4
4
1
8
3
4
3
4
4
6
5
3
7
2
8
3
4
4
4
1
1
9
6
5
1
7
2
5
0
6
2
6
3
3
3
4
4
4
6
4
7
2
2
6
5
3
1
3
5
2
9
8
4
3
3
3
5
1
1
1
2
1
8
5
4
4
5
2
2
1
5
5
3
5
1
4
2
2
5
1
1
1
3
4
4
4
2
3
3
2
1
8
2
2
1
7
3
5
5
3
3
4
4
2
3
2
3
2
1
3
1
0
3
4
3
1
3
2
3
5
2
1
8
1
0
4
3
4
3
2
2
3
2
1
4
3
1
0
3
3
1
2
0
4
5
3
1
2
4
5
2
2
1
2
4
0
4
2
5
1
0
5
0
4
2
5
1
3
0
0
1
2
2
3
4
1
4
2
3
4
2
1
4
3
5
5
3
1
3
5
0
1
2
2
1
1
2
0
2
1
4
3
2
3
0
5
0
2
5
2
2
0
1
1
2
2
5
4
3
2
3
0
1
4
3
1
1
2
1
1
1
2
1
0
0
2
2
4
1
0
3
4
4
4
1
2
1
1
2
1
2
5
3
1
2
2
2
0
1
3
3
2
1
2
2
2
1
0
2
1
0
3
1
3
1
2
0
0
4
1
3
2
3
2
3
0
2
0
1
1
1
0
2
1
3
2
1
2
2
0
3
1
3
1
2
3
3
0
2
2
1
0
3
1
0
2
4
1
1
0
1
1
2
1
3
2
3
3
0
1
2
2
4
2
2
0
3
1
2
0
1
3
3
1
1
2
1
1
3
1
1
1
1
3
0
0
5
2
0
1
1
1
1
0
0
1
0
2
0
0
3
1
1
1
1
0
2
1
2
1
5
1
3
0
0
2
2
2
1
0
0
3
2
3
0
1
0
4
0
0
1
1
0
0
1
2
0
0
1
0
1
1
3
3
0
2
2
0
0
0
1
0
6
2
0
1
1
0
1
1
2
1
2
1
3
0
0
2
1
2
0
0
1
0
1
0
0
0
0
0
0
0
0
2
1
1
1
1
0
0
1
2
1
1
1
1
1
0
1
0
0
1
1
2
2
1
0
0
2
1
2
1
2
2
0
2
1
1
0
1
0
0
0
1
1
2
1
2
2
1
1
0
1
0
0
1
0
1
2
1
1
1
0
1
1
2
1
1
0
1
1
0
0
0
0
1
1
0
0
0
0
1
0
2
0
2
1
0
0
1
2
3
1
0
1
0
0
0
0
0
1
0
0
1
0
1
1
0
0
0
1
0
0
1
0
0
1
0
2
1
0
0
0
0
0
1
2
1
0
0
0
0
0
0
0
1
2
0
0
3
0
1
0
0
1
0
0
0
0
1
2
1
0
0
1
1
1
0
0
1
0
1
0
1
1
0
0
1
0
2
0
0
0
0
0
1
2
3
0
0
0
0
0
0
0
0
0
2
2
0
1
0
0
0
1
0
0
0
0
0
1
0
0
1
1
1
1
0
0
0
0
1
0
0
0
0
0
0
0
1
2
0
2
0
1
1
0
0
0
1
1
0
1
0
1
0
0
0
1
1
0
0
1
0
0
0
0
0
0
0
2
0
0
2
0
0
0
0
0
0
0
1
0
0
0
0
0
0
0
2
1
0
0
1
1
0
0
0
0
1
0
0
1
1
0
1
0
0
0
0
1
2
1
0
0
0
1
0
1
1
1
0
1
0
0
1
1
1
0
1
1
1
0
0
1
0
0
2
0
0
0
0
0
1
1
1
0
0
0
0
0
1
0
1
0
1
0
1
0
0
1
1
0
0
0
0
0
0
2
0
0
0
0
0
0
0
1
0
0
0
0
0
0
0
1
0
0
0
0
0
0
0
1
0
0
0
0
0
0
0
0
0
0
1
0
0
0
0
0
0
0
1
1
0
0
0
0
0
1
0
1
0
0
1
0
0
0
0
0
0
0
0
0
0
0
0
0
1
1
0
0
0
0
0
0
0
1
0
0
0
0
0
0
1
0
1
0
0
0
0
1
0
0
0
0
0
1
1
0
0
0
0
0
0
0
0
0
1
0
0
0
0
0
0
1
0
1
0
0
0
0
0
0
0
0
0
0
0
1
0
1
0
0
0
2
0
0
0
1
0
1
0
0
0
0
0
0
