0
0
0
0
0
0
0
0
0
0
0
0
0
0
0
0
0
0
0
0
0
0
0
0
0
0
0
0
0
0
0
0
0
0
0
0
0
0
0
0
0
0
0
0
0
0
0
0
0
0
0
0
0
0
0
0
0
0
0
0
0
0
0
0
0
0
0
0
0
0
2
3
0
0
6
7
1
2
2
6
6
7
17
37
136
363
966
2330
4960
9781
17329
27366
40652
54503
65967
72908
73024
66293
54848
41197
28379
17590
9987
5170
2492
989
397
135
45
13
6
5
3
0
1
0
1
3
1
1
0
1
1
3
0
1
0
0
0
0
0
7
74
53
72
64
55
71
50
62
53
58
49
46
44
59
46
58
45
47
47
45
43
45
41
54
53
44
49
45
34
45
53
51
33
53
41
47
35
32
38
35
35
49
46
33
40
47
40
43
28
43
50
53
54
41
42
45
49
40
66
55
67
80
58
77
74
83
124
115
174
220
280
328
397
501
501
552
497
422
432
348
297
235
180
126
111
100
81
71
52
60
52
60
43
35
38
40
38
37
37
45
53
41
29
33
43
46
45
61
35
49
42
52
56
59
67
54
73
73
58
60
72
79
87
85
143
175
264
476
816
1266
2047
3083
4449
5954
7877
9805
11110
12205
12863
12575
11803
10647
8702
6997
5595
4016
2993
2171
1575
1142
858
614
510
431
336
427
555
743
996
1489
1863
2446
2804
3381
3723
4070
3913
3876
3427
3048
2408
1933
1491
1095
812
671
479
392
322
292
274
209
193
176
144
98
65
50
40
33
19
17
19
16
15
12
5
10
10
10
14
12
10
7
13
8
10
18
7
6
9
5
7
8
14
11
11
9
7
9
9
7
12
7
9
18
9
17
17
21
26
26
26
29
29
43
35
35
28
29
23
16
21
21
20
22
36
23
23
28
28
27
29
17
30
23
29
16
18
24
23
28
17
19
14
16
15
19
2
10
12
10
10
7
7
9
6
10
7
5
9
3
10
6
6
10
3
7
5
9
5
8
10
4
2
7
8
6
9
6
10
7
10
13
10
7
10
16
7
10
8
10
7
11
23
11
8
7
16
10
7
10
8
8
10
11
13
7
7
15
11
16
13
16
13
10
9
17
14
13
9
7
8
8
7
13
5
5
6
8
7
5
4
14
5
6
9
5
6
10
9
10
5
5
14
6
7
10
5
10
13
6
5
4
7
5
7
5
7
6
12
3
12
5
7
5
8
10
5
8
4
6
8
6
6
10
10
7
3
5
4
7
4
5
11
6
15
7
7
8
9
6
10
6
8
6
12
9
8
7
7
4
8
7
8
6
10
6
6
8
12
10
6
7
12
6
5
17
9
7
7
6
10
10
12
7
10
8
13
4
6
9
9
11
7
12
11
8
12
8
7
15
7
14
5
11
4
7
6
4
7
8
13
7
7
12
4
5
12
10
8
15
5
18
10
7
5
11
4
11
10
7
12
6
17
17
11
14
12
14
10
11
15
12
11
12
12
10
7
21
15
14
20
13
8
21
20
24
20
25
28
21
34
22
23
29
31
29
24
27
24
29
34
19
20
33
32
32
41
22
36
35
32
28
35
37
28
36
37
28
23
26
30
26
35
26
14
32
29
23
22
23
20
22
24
22
18
19
16
19
24
17
20
25
22
23
21
26
20
19
20
18
29
23
28
20
24
16
22
16
30
29
23
19
28
23
26
21
26
30
33
24
18
30
23
30
27
27
27
28
23
26
23
28
24
40
32
22
33
32
37
27
27
29
27
28
31
36
23
35
26
23
38
35
42
26
32
29
36
28
36
30
34
47
35
33
36
38
39
31
41
44
41
52
40
42
41
42
45
38
47
44
41
44
40
52
46
43
37
53
44
59
55
56
59
64
48
50
63
40
55
51
49
51
57
80
68
71
49
71
63
72
69
67
83
77
84
67
79
86
75
77
93
78
81
96
95
103
113
121
109
103
115
136
121
118
108
87
106
99
105
98
84
75
100
93
74
83
75
76
79
84
80
75
65
76
76
72
69
76
71
100
69
78
69
77
68
63
83
71
78
73
71
76
62
69
80
72
61
67
64
76
63
53
61
90
73
78
76
82
72
77
70
89
76
76
60
66
83
66
76
75
78
79
92
73
75
87
69
67
79
89
84
72
65
68
75
79
79
75
61
75
70
79
64
79
83
48
59
79
83
78
92
87
74
86
66
81
71
78
97
87
73
75
98
69
74
94
77
94
88
88
94
81
92
88
71
82
78
101
81
87
81
86
123
83
95
89
113
96
98
98
89
120
117
106
118
110
123
132
117
136
148
166
148
173
219
277
393
510
602
841
1018
1316
1657
2123
2592
3195
3933
4605
5328
6220
7194
7697
8583
9179
9666
9802
10100
9998
9912
9361
8767
8078
7399
6492
5703
4876
4118
3290
2747
2147
1778
1334
1037
886
646
467
408
272
225
213
146
153
138
123
137
116
99
103
96
108
103
125
103
71
140
103
91
113
109
95
96
119
117
98
116
89
102
103
113
115
123
109
91
105
126
107
116
129
128
122
111
117
126
127
122
107
123
119
142
126
122
140
143
137
154
164
160
176
192
189
236
245
278
343
374
441
464
554
691
756
840
910
1045
1156
1184
1286
1327
1412
1439
1384
1372
1303
1240
1188
1117
1050
871
752
718
616
497
502
386
315
310
221
235
205
183
174
139
176
156
151
174
141
166
137
139
154
141
166
136
149
170
147
135
169
148
150
159
137
165
176
157
170
164
163
155
164
179
180
172
172
184
174
207
167
197
187
189
191
193
192
217
206
200
201
192
225
203
198
207
200
197
215
211
176
196
229
183
204
203
252
228
221
223
252
209
234
233
248
239
231
200
250
246
239
259
242
268
258
251
251
267
274
219
222
242
234
261
230
261
252
272
264
255
256
228
218
272
237
246
245
202
225
216
239
224
240
223
209
216
215
221
200
249
219
208
212
199
233
217
198
205
182
208
202
222
210
205
197
203
191
208
201
189
174
188
201
175
150
215
202
192
217
185
204
184
181
206
192
196
217
185
188
205
186
211
174
216
175
171
177
227
209
166
177
186
193
180
158
193
167
187
172
169
183
205
186
181
194
177
213
199
204
196
156
217
216
190
180
185
174
164
180
181
191
203
230
178
207
205
197
206
198
214
181
171
167
179
187
181
194
209
187
166
222
179
203
216
179
205
166
213
194
194
211
203
195
190
203
187
217
211
226
207
194
168
210
211
202
201
217
232
198
187
214
225
202
199
218
173
230
215
211
226
199
253
191
202
218
207
233
218
228
205
232
191
225
218
236
182
212
221
196
220
220
228
234
227
216
218
234
213
204
198
207
219
223
220
226
240
225
187
223
177
224
222
236
205
241
235
218
247
227
221
231
247
233
207
245
217
218
221
245
242
228
262
248
234
244
224
238
240
270
241
224
217
206
221
247
247
255
241
229
247
236
232
280
232
249
246
240
220
245
235
233
234
233
249
264
235
237
303
254
248
230
240
217
251
233
243
243
250
237
261
236
255
232
275
244
266
273
269
225
318
279
254
280
236
265
284
260
267
286
267
284
259
277
267
270
279
263
270
247
267
273
257
310
252
276
273
252
287
279
287
302
304
282
313
331
288
249
285
292
297
278
297
271
312
328
298
279
306
282
297
336
279
271
316
281
338
311
287
300
314
302
269
279
294
302
342
297
297
344
262
287
288
265
290
278
324
302
309
302
291
278
293
276
310
312
281
268
288
309
277
297
287
279
266
314
312
237
269
260
263
300
279
298
270
288
284
291
272
262
283
240
287
266
260
268
281
283
272
248
266
226
257
262
255
237
248
265
259
248
231
247
246
224
259
245
271
256
252
250
263
250
280
263
260
263
264
245
246
266
235
266
265
218
225
237
237
250
237
258
267
275
243
287
234
265
241
256
258
237
245
269
236
271
279
250
270
257
237
242
248
248
254
236
263
231
237
250
224
267
235
238
272
239
266
260
256
257
240
262
260
226
257
261
258
244
240
261
224
256
236
240
251
260
243
269
256
245
236
239
255
240
235
264
256
260
247
229
234
230
255
250
261
233
220
257
248
255
239
251
268
242
276
268
231
223
243
215
234
254
253
234
207
244
227
233
256
254
243
236
238
224
239
265
243
257
267
262
228
235
235
250
237
226
234
221
237
255
247
270
273
241
226
219
232
222
254
262
247
242
248
233
245
251
232
232
209
240
242
272
269
256
284
265
218
255
265
262
259
237
241
231
257
243
238
265
258
243
251
241
234
273
277
257
260
259
260
252
261
227
267
272
255
253
256
254
256
282
264
254
294
247
252
283
259
289
277
247
258
261
299
284
275
265
279
277
316
305
259
270
298
310
307
297
285
301
296
332
317
309
298
322
299
287
283
296
337
291
328
291
329
326
339
336
288
323
336
327
360
369
345
375
337
341
347
358
396
376
386
399
393
393
371
439
424
446
456
465
431
426
447
417
475
435
471
498
475
518
512
534
550
578
594
613
593
627
623
621
649
700
721
779
773
776
805
829
813
837
897
875
949
986
928
1048
1077
1062
1090
1145
1171
1213
1183
1214
1203
1280
1338
1274
1397
1345
1414
1416
1348
1430
1395
1486
1502
1457
1401
1403
1430
1461
1448
1431
1386
1419
1345
1335
1347
1281
1332
1293
1240
1191
1183
1187
1132
1170
1212
1063
1072
1006
978
866
881
953
841
867
760
768
809
714
700
686
639
673
615
596
578
557
562
501
484
511
496
472
463
423
401
405
391
397
390
390
375
368
377
359
356
327
341
325
311
304
307
326
284
284
269
265
303
298
249
260
291
252
258
281
240
257
246
232
245
229
245
220
242
208
241
229
228
216
208
229
210
208
215
213
242
227
221
254
265
267
267
274
269
312
299
314
328
303
340
357
372
374
374
401
422
380
400
404
457
443
430
440
406
424
422
428
397
390
394
384
361
382
318
325
295
290
253
262
276
222
220
245
200
195
160
153
172
151
133
164
138
156
144
160
176
161
181
154
139
139
148
164
155
137
137
153
138
140
167
144
177
169
169
160
161
155
158
197
173
175
181
199
181
171
182
171
198
206
219
208
236
227
190
210
212
238
192
205
218
238
251
242
238
232
237
274
242
253
235
238
273
247
266
251
249
232
261
275
261
281
267
243
254
251
259
244
254
247
230
213
220
206
218
197
230
234
244
235
230
176
199
227
209
181
196
220
195
182
151
172
178
158
138
169
169
172
168
134
160
135
159
155
122
144
149
110
113
107
120
121
99
125
106
106
130
123
95
120
94
90
107
96
93
102
90
109
97
98
97
102
79
83
78
83
79
74
81
86
74
76
64
76
76
71
64
73
79
68
68
82
76
56
86
74
71
59
63
71
51
65
62
57
64
70
55
62
58
52
50
75
61
53
56
71
57
52
64
67
60
59
44
59
70
72
64
54
54
54
47
56
61
48
62
61
57
54
45
78
62
64
49
70
75
53
63
71
88
73
91
68
92
83
80
73
76
63
70
70
74
96
84
62
62
53
75
58
44
55
54
57
59
47
59
39
52
43
41
50
48
39
43
39
44
46
31
43
41
43
36
43
50
42
61
47
47
53
40
43
37
38
47
46
42
35
40
47
45
41
38
35
36
30
48
41
43
28
35
45
31
29
31
39
51
25
51
45
23
37
32
30
33
29
35
35
34
41
35
27
43
31
32
35
39
27
37
30
37
40
35
30
36
31
32
24
37
32
24
29
44
25
36
38
38
34
24
21
31
30
33
29
33
42
24
34
34
31
42
35
30
26
27
30
21
30
41
26
25
32
32
21
29
31
31
28
37
35
25
34
29
18
30
29
42
29
34
27
39
24
26
25
25
21
33
25
28
32
22
23
21
34
30
21
24
21
27
30
35
24
23
27
29
26
25
32
21
16
26
23
31
23
20
17
25
21
38
28
27
28
27
26
22
26
24
26
18
30
26
26
22
30
24
25
16
13
21
8
24
32
30
25
26
16
26
19
34
30
26
27
20
25
28
24
19
15
20
25
30
23
18
20
23
27
22
26
25
28
24
15
37
24
18
27
20
25
20
31
19
21
23
13
23
18
21
19
14
21
24
13
22
25
22
29
15
28
20
22
20
23
20
16
24
17
23
21
21
21
19
24
28
16
24
18
25
19
15
13
26
22
16
23
17
15
23
18
26
16
25
22
25
16
19
16
25
19
17
17
21
19
15
19
15
15
26
15
18
15
22
19
18
15
13
18
15
16
13
18
10
18
12
18
21
21
19
23
14
13
13
20
11
20
20
14
17
16
17
18
23
18
22
15
12
16
20
9
14
27
20
20
23
15
20
13
11
14
8
12
12
13
14
18
13
15
11
17
15
14
18
12
12
10
13
11
15
14
15
17
15
13
16
15
20
15
21
17
17
16
6
16
10
8
12
17
13
16
13
16
20
12
10
10
11
12
13
9
11
12
9
21
19
18
14
14
13
15
15
14
15
19
11
15
9
10
15
14
16
12
10
7
8
12
10
16
10
8
8
17
13
11
15
14
6
9
10
15
11
15
11
15
16
11
11
16
21
17
13
12
9
11
12
22
8
5
14
9
6
9
12
15
14
17
16
17
10
12
14
11
11
8
17
11
7
8
9
7
8
6
8
10
6
7
12
15
14
12
7
10
12
6
11
16
5
8
10
10
8
9
11
13
13
10
8
13
12
6
10
11
11
10
17
11
5
13
13
11
14
10
6
4
13
11
7
8
10
12
4
5
11
10
12
9
6
11
12
14
8
5
3
2
10
9
14
7
9
9
8
6
13
5
10
7
8
7
7
8
8
8
8
9
12
12
11
12
5
9
8
8
12
4
10
5
13
7
6
4
10
7
9
5
2
10
11
9
10
8
3
8
11
4
4
6
9
3
7
9
7
6
9
5
5
6
3
6
6
8
6
6
12
7
10
7
5
3
9
8
6
9
7
7
6
6
7
6
7
7
9
5
4
2
10
13
5
6
6
6
5
4
4
8
4
7
12
6
7
4
10
5
5
4
8
5
9
2
5
3
7
7
12
2
7
9
6
5
1
8
6
8
9
12
5
7
7
10
5
4
3
1
4
5
11
6
5
6
3
4
15
7
6
3
9
8
4
2
5
7
6
5
5
3
4
4
8
6
3
6
4
6
4
9
4
7
5
2
10
9
8
5
3
3
6
3
8
3
10
8
5
6
6
5
5
6
7
4
2
7
4
6
6
4
2
4
5
2
5
6
2
1
4
9
5
3
6
6
5
2
4
7
7
4
7
2
4
3
6
7
4
9
1
8
7
0
7
9
2
3
3
8
6
6
1
5
6
3
3
3
5
2
9
4
4
3
3
3
2
10
5
2
4
3
5
2
4
2
7
3
5
5
3
3
1
3
1
2
4
2
0
3
3
3
5
11
4
6
2
3
3
3
2
5
1
2
3
3
4
4
6
4
4
4
2
6
3
4
5
4
9
1
6
3
2
7
1
2
2
3
3
4
2
4
0
4
5
1
3
3
4
0
5
4
3
4
3
3
5
4
2
4
1
1
4
4
3
6
3
5
3
2
4
6
1
1
7
4
4
4
7
2
2
2
4
3
1
3
6
2
3
3
4
5
1
3
3
4
0
2
1
4
3
6
1
5
3
3
5
3
4
2
6
1
2
2
3
3
0
1
1
4
2
0
1
1
2
5
2
1
4
0
4
1
1
3
1
1
1
0
0
3
3
0
6
2
2
1
6
3
2
6
2
3
1
4
1
1
4
4
1
4
0
7
3
1
2
1
2
4
3
0
2
2
1
0
3
6
2
5
2
0
1
1
2
1
1
2
2
3
1
3
2
3
1
1
4
0
0
1
4
4
4
1
2
1
4
1
4
0
3
1
3
3
2
1
2
2
3
2
2
1
2
3
1
2
2
5
1
2
2
0
0
2
1
2
1
0
3
2
1
1
1
4
3
1
1
7
2
4
1
1
0
2
2
6
1
1
3
0
0
0
2
0
3
2
0
3
1
0
0
2
2
2
1
2
1
1
0
2
1
1
2
2
2
1
2
0
4
1
1
1
5
3
1
1
1
3
1
0
3
1
1
2
3
1
1
2
2
0
1
3
3
3
0
2
0
3
3
1
1
1
0
1
1
2
3
3
2
0
0
4
1
1
0
1
1
2
0
1
3
0
0
2
0
3
2
0
1
1
1
2
3
0
1
2
1
2
3
1
0
0
1
2
1
2
0
1
0
3
1
0
2
3
1
1
0
1
2
1
1
1
0
3
1
0
1
0
1
0
1
2
1
2
1
1
2
0
0
3
0
0
2
1
0
0
1
1
1
0
2
0
0
2
2
0
0
1
2
0
0
0
1
3
1
1
3
2
0
0
1
3
1
2
1
2
1
4
1
1
0
1
1
2
3
0
1
0
1
0
0
0
1
0
0
2
0
1
0
0
0
2
3
0
1
0
2
1
1
0
0
0
1
0
1
1
1
1
1
0
1
0
1
0
2
1
3
1
1
0
1
0
0
0
0
0
3
0
1
0
3
0
1
2
1
1
1
1
1
0
0
0
2
0
1
0
1
1
0
1
2
1
1
1
3
0
1
0
0
1
0
2
1
1
1
2
0
1
0
0
2
0
0
1
0
2
0
1
1
0
0
1
0
1
1
0
0
1
0
1
1
2
1
0
1
1
2
1
0
0
1
2
0
1
0
3
0
0
1
1
0
1
1
0
0
0
0
0
1
1
1
1
0
0
0
1
0
0
1
0
0
0
0
1
1
1
1
1
1
4
0
0
0
0
1
0
2
0
0
0
1
0
0
0
0
0
1
1
1
0
0
0
1
0
0
0
0
0
0
1
0
1
0
0
1
0
0
0
0
0
0
0
1
1
0
0
1
0
1
3
1
0
0
1
0
0
0
0
0
3
1
0
0
1
0
1
1
0
0
1
0
1
0
2
1
3
0
0
0
0
0
0
0
0
0
0
1
0
1
0
1
1
0
0
1
0
2
0
0
0
0
0
0
1
1
1
0
0
0
0
1
0
0
0
1
0
1
1
0
1
0
0
0
1
0
0
0
0
1
0
0
1
0
1
0
0
1
0
1
2
0
1
0
0
0
0
0
1
0
0
1
0
0
1
0
0
0
0
0
0
0
1
0
0
1
0
0
0
1
1
0
0
1
0
0
0
0
1
0
0
1
0
0
0
2
0
0
0
0
0
0
0
0
0
1
0
0
1
1
2
0
0
0
0
0
0
1
0
1
0
1
0
0
0
0
0
0
0
1
0
0
0
0
1
1
1
0
0
0
1
0
0
0
0
0
1
0
0
1
0
0
1
0
0
0
1
1
1
0
0
1
0
1
0
0
0
0
0
0
0
0
1
0
1
0
0
0
0
1
1
0
0
1
0
0
0
1
2
0
0
