0
0
0
0
0
0
0
0
0
0
0
0
0
0
0
0
0
0
0
0
0
0
0
0
0
0
0
0
0
0
0
0
0
0
0
0
0
0
0
0
0
0
0
0
0
0
0
0
0
0
0
0
0
0
0
0
0
0
0
0
0
0
0
0
0
0
2
2
2
1
3
2
3
3
3
1
5
6
5
5
5
3
21
34
101
336
923
2259
4762
9484
16981
27599
40502
54178
66785
73239
73082
66818
54994
41342
28256
17385
9939
5098
2393
1002
390
141
48
17
6
3
5
1
2
2
0
1
2
0
2
1
1
2
0
3
0
1
1
0
1
8
61
60
61
83
59
67
63
63
56
67
52
62
50
55
60
58
74
58
53
70
52
57
59
49
52
46
60
46
63
62
40
45
46
52
53
50
41
68
34
57
40
47
52
53
48
61
48
49
43
56
40
49
54
56
51
61
62
51
55
52
71
73
77
72
88
93
125
157
181
221
303
394
415
475
575
536
545
487
431
384
325
218
201
143
114
90
62
80
59
53
55
50
60
50
46
43
52
44
51
46
35
47
38
47
41
41
34
53
53
59
73
61
44
56
63
57
70
70
74
98
75
104
128
138
170
216
340
557
806
1436
2242
3293
4810
6439
8423
10101
11696
12994
13352
13276
12225
10634
9165
7383
5771
4338
3213
2313
1667
1250
988
802
706
671
585
614
782
932
1215
1558
1994
2557
2984
3460
3657
3963
3980
3761
3428
2911
2424
1919
1465
1113
829
563
473
376
336
298
259
233
212
133
121
115
72
62
42
33
28
15
15
15
19
11
11
7
16
9
10
13
7
14
13
8
4
10
9
10
6
14
7
6
11
12
13
7
9
4
14
7
17
19
14
8
21
19
23
28
26
27
32
21
33
36
28
24
17
20
20
22
27
25
20
24
20
32
26
22
28
21
23
33
17
31
14
30
22
18
26
24
30
20
17
22
20
11
10
7
14
13
8
7
9
10
9
11
9
16
6
4
9
11
10
14
6
10
3
7
9
6
9
11
9
7
7
7
11
8
11
11
9
11
8
8
5
15
7
15
12
12
12
11
7
9
10
6
8
4
8
6
10
10
11
14
11
9
16
11
14
18
15
16
20
13
14
14
20
15
13
8
13
12
8
7
10
8
9
6
3
10
9
5
7
9
12
8
7
12
9
2
7
10
8
7
2
8
17
8
13
12
9
8
3
6
9
11
8
5
9
7
6
8
4
3
8
4
7
7
6
13
6
7
7
6
8
8
8
6
12
7
6
9
7
4
5
8
4
9
5
12
6
6
7
5
5
11
8
12
7
7
10
9
4
8
15
9
7
6
4
8
11
6
10
9
7
13
11
10
9
7
8
12
11
5
10
9
11
4
5
9
10
12
6
9
9
8
13
7
12
14
11
12
12
8
8
17
13
5
11
9
16
18
9
5
7
13
7
13
7
8
15
15
12
10
9
7
10
10
7
18
8
14
17
16
14
17
8
10
10
10
14
20
10
11
21
10
16
18
14
22
13
11
12
18
18
21
15
16
27
21
23
20
21
22
21
26
22
26
30
11
22
36
34
30
33
30
26
25
27
32
25
26
27
26
27
35
34
26
24
23
21
27
28
20
26
23
26
27
22
26
27
16
26
19
19
12
18
25
15
25
17
26
26
24
23
21
20
23
25
27
22
18
21
17
22
28
25
26
30
19
16
18
13
29
28
20
32
24
21
25
34
24
28
33
21
33
41
33
25
37
26
30
33
25
32
34
28
22
33
32
23
35
29
35
26
31
43
37
32
43
27
28
29
33
34
32
47
28
33
30
42
32
35
38
49
38
29
38
51
43
44
35
34
53
52
56
49
43
45
48
57
43
46
53
47
53
51
52
48
56
65
69
64
68
64
63
60
61
59
66
66
64
69
70
84
63
81
71
67
63
73
88
96
81
78
98
105
116
110
152
133
151
178
171
175
164
183
189
199
200
157
188
178
176
165
176
141
145
119
127
114
100
108
92
107
106
99
69
97
91
94
87
84
89
88
76
78
91
62
69
73
76
85
72
62
74
91
69
81
68
79
78
77
78
74
75
79
78
83
75
71
66
65
84
63
87
85
82
87
82
84
72
78
89
95
68
59
63
79
91
71
73
73
68
75
70
69
82
83
60
98
78
76
91
97
60
78
67
86
77
81
83
64
71
63
78
76
85
83
71
95
70
92
86
84
79
79
85
89
88
77
93
94
91
96
91
79
95
85
84
89
91
90
80
91
77
96
90
102
86
90
96
88
102
85
73
108
88
115
112
108
94
115
101
117
109
125
121
111
108
143
156
167
190
218
287
314
428
507
740
998
1248
1560
2057
2507
3109
3659
4632
5412
6260
7085
7875
8642
9368
9926
10167
10366
10408
10259
9803
9273
8495
7912
6883
6145
5171
4343
3650
2962
2371
1918
1457
1153
835
678
510
392
289
228
221
187
167
144
134
117
129
131
126
131
137
111
129
131
121
133
122
110
121
112
105
100
101
119
108
136
115
117
113
136
116
115
115
128
128
141
108
139
108
126
126
113
140
125
122
136
152
144
133
137
127
151
130
141
167
157
144
167
153
201
204
235
252
252
315
385
482
509
591
663
709
876
942
1049
1165
1280
1301
1430
1496
1464
1466
1474
1431
1332
1251
1178
1112
939
841
729
659
572
534
457
361
304
242
256
217
195
180
223
173
185
187
159
166
169
180
184
201
184
190
179
206
173
188
210
200
224
238
222
212
244
239
271
248
244
258
264
254
279
294
276
260
288
290
308
267
278
307
252
281
311
278
253
249
274
286
252
293
268
305
288
310
290
294
258
267
275
252
270
242
227
242
280
249
272
258
265
244
274
231
255
234
237
253
219
263
242
239
265
241
294
229
228
241
274
238
236
250
246
251
261
249
252
236
254
253
234
279
244
277
240
242
244
235
229
254
238
227
264
240
225
229
250
284
256
242
250
228
226
251
232
218
225
232
248
229
244
228
247
240
222
223
221
244
212
242
229
236
207
243
218
227
226
224
208
223
214
234
245
212
224
209
217
205
179
230
217
219
215
242
191
222
226
221
211
252
224
219
222
216
214
249
225
213
223
214
234
238
214
214
232
223
221
234
219
221
247
216
222
242
216
211
251
235
253
236
249
243
227
237
215
241
218
254
225
235
254
225
240
252
265
271
243
255
275
207
225
284
231
244
249
256
303
287
266
267
312
280
270
251
300
307
297
266
292
292
302
269
265
283
283
286
267
298
300
312
276
271
269
314
298
269
278
299
287
298
263
339
278
271
290
292
294
266
285
266
303
299
272
267
280
282
260
296
269
308
284
268
272
295
283
250
260
290
298
265
295
297
256
275
288
274
281
259
276
277
269
284
274
278
292
279
308
297
257
286
297
279
295
277
321
276
298
278
281
286
289
272
285
288
304
279
294
270
278
292
298
284
288
242
294
304
305
285
280
322
259
279
287
302
290
309
297
290
278
295
300
272
347
285
296
299
298
284
281
329
312
325
328
302
334
315
327
313
332
306
291
296
295
297
333
364
319
307
301
312
323
313
296
320
320
311
327
307
332
326
346
328
326
301
323
287
325
324
340
332
346
306
340
333
347
332
323
313
343
291
307
315
350
318
359
325
314
325
334
311
325
335
339
319
332
328
314
367
324
342
329
335
282
329
328
300
310
342
332
340
333
328
349
345
354
353
328
352
338
345
360
337
339
327
344
359
355
350
318
346
338
382
327
323
332
332
314
384
341
381
337
355
317
327
335
332
315
356
350
323
305
352
331
326
349
313
320
363
311
324
349
337
322
308
298
346
295
342
336
343
300
328
304
318
309
323
342
327
292
302
315
341
301
321
335
306
336
328
314
303
321
316
314
303
315
325
307
265
309
313
311
293
308
336
326
308
323
265
326
315
325
264
285
303
337
303
291
294
300
308
301
306
299
314
300
304
302
249
269
289
322
276
294
305
292
267
293
304
280
308
291
283
312
278
309
299
306
294
298
307
322
305
306
325
282
320
313
302
291
292
306
305
320
291
277
277
319
317
298
273
292
295
297
282
288
296
301
298
277
292
279
316
276
289
277
317
281
311
284
313
329
300
312
302
316
306
279
277
265
341
316
303
286
307
291
306
293
293
270
293
290
297
310
279
270
329
289
263
268
268
307
302
293
280
267
275
279
315
300
293
318
302
285
296
298
251
305
295
294
264
291
309
282
296
295
268
335
254
301
290
257
318
281
266
270
282
294
272
300
300
275
295
291
304
322
283
269
308
295
295
291
312
311
292
316
280
281
283
300
322
329
299
329
294
332
290
317
306
326
301
290
330
316
274
325
311
295
377
317
312
326
302
339
339
339
317
281
306
328
347
342
293
324
335
341
356
371
316
332
345
369
362
365
360
331
347
396
381
364
351
350
373
405
422
419
401
406
422
370
422
391
409
413
451
424
396
437
442
461
470
424
469
466
446
483
496
494
508
509
478
515
543
615
556
533
545
587
638
563
647
679
672
694
712
686
754
778
787
810
880
890
883
921
971
947
966
1015
1104
1118
1183
1157
1195
1197
1326
1340
1383
1338
1404
1453
1514
1426
1542
1494
1531
1560
1617
1524
1568
1707
1572
1582
1722
1675
1597
1661
1608
1583
1668
1662
1686
1562
1586
1577
1535
1561
1547
1504
1476
1415
1374
1373
1355
1289
1254
1263
1206
1146
1180
1063
1034
1142
962
1001
946
908
895
868
803
787
764
748
732
677
677
651
592
638
600
565
546
529
516
466
481
498
487
467
427
428
424
405
395
385
404
357
393
375
372
354
349
376
338
320
337
338
313
313
338
328
301
277
284
280
270
280
290
284
262
234
268
248
253
280
271
238
275
253
234
243
237
254
264
211
272
257
291
247
286
297
311
332
296
314
346
350
354
345
368
401
396
438
466
492
441
483
491
493
529
518
550
488
486
498
501
491
492
491
455
466
428
451
444
415
404
338
343
324
290
282
268
233
271
245
218
206
215
210
186
196
151
177
152
207
182
178
182
165
154
171
146
162
197
187
158
165
170
186
199
187
166
170
185
210
213
184
193
189
199
191
183
192
207
225
213
197
213
215
205
201
203
266
230
232
257
232
269
245
258
241
218
290
244
280
288
265
289
266
248
262
258
251
286
288
321
262
256
276
286
272
323
263
267
280
249
262
259
279
256
261
267
277
271
234
242
228
246
260
219
211
251
196
204
185
194
205
179
192
208
192
203
162
187
161
162
157
178
143
144
174
148
167
142
147
156
134
116
118
153
127
117
129
140
132
100
113
124
120
112
119
100
110
105
105
100
87
91
87
100
103
83
94
80
81
100
78
86
87
75
101
75
85
76
76
79
77
81
80
74
75
83
96
68
78
67
87
82
83
78
88
75
46
57
62
61
68
65
62
68
62
62
65
75
72
63
68
41
67
66
68
78
68
61
73
69
49
65
68
62
68
59
62
58
64
50
66
64
66
66
58
77
52
76
68
75
73
66
74
79
75
78
88
87
86
78
84
89
75
91
89
72
77
68
82
67
74
78
53
66
65
58
51
57
48
66
56
48
44
57
51
51
51
42
48
45
50
44
63
47
44
34
50
48
45
53
50
49
47
36
40
48
44
45
43
35
35
48
44
51
49
31
37
34
30
42
46
39
55
55
46
31
35
30
35
31
45
34
52
42
46
40
37
44
35
32
37
35
33
54
31
45
32
39
45
32
32
33
33
32
28
24
46
28
30
38
32
33
40
36
36
37
32
35
35
40
25
49
36
45
36
40
30
50
38
38
20
45
35
31
33
43
29
25
27
31
27
30
32
26
33
35
29
23
30
31
29
38
19
39
34
32
20
29
29
30
39
34
28
17
25
25
28
33
29
31
36
24
35
26
32
28
32
33
21
32
27
32
24
33
22
24
28
36
28
25
37
28
18
30
18
21
26
31
22
27
23
33
26
27
34
29
27
27
24
28
26
29
26
38
18
31
19
26
31
33
23
30
20
21
25
19
29
26
23
27
33
30
25
19
17
28
27
28
26
25
16
17
27
18
24
30
26
19
19
13
20
28
22
22
27
26
24
16
27
20
15
18
27
27
26
20
25
23
36
26
27
22
24
29
30
20
25
19
23
19
23
13
13
14
27
20
22
17
21
23
17
17
26
17
24
13
19
18
22
24
20
20
15
23
17
19
27
10
23
22
18
12
18
26
18
16
22
20
15
28
21
16
29
22
29
27
23
22
16
21
18
16
17
17
14
9
20
22
23
19
24
26
17
24
12
22
17
19
16
16
18
17
14
21
15
16
21
16
18
13
12
15
19
14
17
17
8
19
18
16
10
14
19
20
14
17
17
15
16
10
14
19
20
26
13
21
15
14
12
11
12
13
15
9
14
13
16
17
14
11
17
17
15
14
15
15
14
21
15
16
16
13
9
11
16
17
14
9
16
13
15
16
15
14
13
14
14
24
18
16
18
17
14
16
12
8
12
6
12
18
18
18
19
14
16
10
14
18
12
11
11
19
23
15
12
11
19
10
11
12
10
10
16
6
11
7
13
12
22
10
14
18
6
10
14
8
16
14
12
12
17
7
12
10
12
10
15
7
12
9
7
14
9
11
12
14
14
15
7
15
9
10
18
9
15
13
11
10
6
16
8
11
12
10
6
9
17
8
6
9
17
14
6
15
10
5
12
7
9
9
12
11
13
7
6
7
7
13
14
10
7
13
7
9
7
15
9
15
12
11
7
11
7
9
18
14
9
13
10
13
8
10
13
12
4
6
5
7
5
14
13
2
17
9
1
13
12
9
10
7
10
8
10
7
10
9
9
7
10
11
5
4
5
8
10
9
9
6
11
12
8
9
9
6
5
13
9
10
10
1
3
4
13
7
4
4
7
9
11
6
10
9
7
12
9
9
12
6
8
9
7
8
6
11
12
4
6
4
8
8
2
10
3
4
7
7
13
4
6
9
6
4
9
4
6
10
5
11
8
6
6
8
4
10
7
8
5
6
5
6
7
8
3
6
5
7
8
3
5
7
3
5
10
5
9
8
11
2
4
11
7
7
7
7
9
8
4
7
8
6
4
7
4
6
5
6
7
10
2
2
4
13
12
3
9
6
5
6
3
10
5
6
6
5
7
2
7
7
12
3
6
8
4
10
4
7
5
8
5
3
3
3
8
7
8
8
4
4
4
3
7
4
3
6
5
5
8
4
12
6
6
6
6
7
4
6
1
8
10
6
3
12
4
8
8
6
5
9
6
7
5
4
4
6
3
7
6
1
3
4
5
5
1
0
4
4
3
1
8
6
2
7
2
3
6
11
7
9
2
1
5
8
4
4
5
7
3
5
7
5
2
5
3
2
3
7
3
5
3
1
4
2
4
3
2
0
7
2
7
5
6
6
7
7
1
2
5
6
5
1
8
3
8
3
3
5
5
3
4
5
3
3
5
3
3
3
3
3
5
3
1
2
6
3
5
1
3
1
5
1
3
4
0
3
6
5
3
1
6
4
4
4
5
2
4
4
3
4
1
2
5
7
4
4
5
4
5
6
5
3
2
3
2
1
5
1
5
0
4
1
8
2
4
3
6
1
2
0
4
1
5
5
3
3
8
1
2
2
1
5
4
2
5
0
2
4
3
4
2
5
3
1
4
1
3
0
3
1
1
6
2
3
5
2
3
6
4
3
2
1
4
3
3
5
1
2
2
2
6
2
2
2
2
2
2
3
1
4
2
4
1
1
4
4
3
2
1
6
2
4
3
1
0
5
1
1
7
1
2
0
4
5
3
1
1
1
3
5
3
2
4
0
3
3
0
3
7
2
2
2
2
4
2
1
2
2
1
0
0
1
2
1
3
3
1
1
1
3
1
1
1
3
1
0
2
1
3
1
0
4
1
1
0
0
4
3
1
2
3
0
2
3
2
1
2
1
0
1
2
2
0
1
3
2
1
5
1
1
2
2
0
3
2
2
2
2
0
3
1
1
1
1
3
2
2
1
3
0
1
1
4
0
2
0
1
1
2
1
1
0
0
3
1
1
1
1
1
0
2
2
2
0
0
2
1
0
0
2
1
1
3
2
2
1
2
2
1
1
3
1
2
2
2
1
0
2
1
2
1
2
1
0
1
2
1
1
2
3
1
1
3
0
1
1
1
1
1
5
3
2
0
1
1
1
2
3
0
0
4
0
4
4
0
0
1
1
1
1
0
2
0
0
4
1
0
1
0
2
1
1
1
1
1
2
0
1
2
1
1
1
2
1
1
3
0
2
1
2
0
2
1
3
0
1
1
0
2
4
1
0
0
3
1
1
0
2
1
1
0
1
1
2
4
0
0
2
1
2
3
0
1
0
0
0
0
1
1
1
2
0
2
1
1
0
5
0
1
0
2
2
0
1
0
2
1
2
1
1
1
0
2
0
0
0
1
1
1
1
1
1
0
1
0
5
1
2
1
1
2
0
1
1
0
1
3
0
0
0
0
3
2
0
1
0
1
1
0
1
1
0
0
0
2
0
1
0
0
0
0
0
1
1
2
1
1
0
1
1
1
0
3
2
1
0
0
1
2
1
0
0
1
2
1
2
0
2
1
1
0
0
1
0
1
0
1
1
1
0
0
0
0
0
0
0
0
0
0
2
3
1
0
0
1
0
1
3
0
1
0
0
0
0
0
0
3
0
1
2
1
1
0
0
0
2
1
1
0
0
1
0
0
0
0
0
1
2
1
1
1
1
0
1
1
0
2
2
2
1
1
1
0
0
1
0
1
0
0
0
2
2
2
0
1
1
1
0
1
1
2
2
1
0
1
2
0
0
0
1
0
0
1
0
1
1
0
1
0
0
0
0
0
0
0
0
0
0
0
1
1
0
0
0
0
1
1
0
1
0
0
0
0
0
0
0
0
0
2
0
0
2
1
0
2
0
0
1
2
1
1
0
0
1
1
0
1
2
0
0
0
0
0
1
0
0
0
0
0
1
0
0
1
0
0
1
0
0
0
0
0
0
1
0
0
0
0
0
2
0
1
0
0
2
0
2
0
0
1
1
0
0
1
1
2
0
0
0
0
1
1
2
0
0
0
1
0
0
0
0
1
0
0
0
2
1
0
0
0
0
0
0
0
0
0
0
0
0
0
0
0
0
0
0
0
0
0
0
0
0
0
0
0
1
1
0
1
0
1
0
0
0
0
0
0
0
0
0
2
0
0
1
0
2
0
1
0
1
1
1
0
1
0
1
0
0
1
1
0
0
0
0
0
0
1
0
0
0
1
0
0
0
0
1
1
0
0
0
0
0
1
1
0
0
1
0
0
0
1
0
0
0
1
1
1
0
0
0
1
0
0
0
1
0
0
0
0
0
0
0
0
0
0
1
2
0
0
1
0
0
0
0
0
0
1
0
0
0
1
0
1
0
0
0
0
0
0
0
0
0
0
0
