0
0
0
0
0
0
0
0
0
0
0
0
0
0
0
0
0
0
0
0
0
0
0
0
0
0
0
0
0
0
0
0
0
0
0
0
0
0
0
0
0
0
0
0
0
0
0
0
0
0
0
0
0
0
0
0
0
0
0
0
0
0
0
0
0
1
3
3
0
3
3
6
0
5
3
2
2
2
3
1
2
1
13
35
109
346
895
2260
4783
9360
16916
27456
40974
54707
66141
72849
73368
66773
55234
41262
28168
17544
9836
5009
2354
1035
374
133
57
15
8
6
3
5
3
1
2
2
2
1
4
3
1
0
1
0
0
1
0
0
0
8
81
64
55
66
65
67
66
71
53
51
70
55
64
57
51
64
62
55
60
58
70
52
50
54
43
50
43
62
39
42
56
62
50
59
51
52
52
47
50
38
48
58
56
52
41
48
45
54
43
48
48
45
64
44
46
71
53
64
59
71
74
76
86
68
81
85
110
133
192
236
301
372
462
455
502
536
529
466
435
353
306
252
208
147
127
86
81
67
66
62
49
50
56
42
45
40
38
42
63
45
34
52
51
37
53
41
48
47
56
65
64
58
58
53
70
66
77
83
93
87
96
99
117
131
182
273
356
559
872
1417
2216
3306
4712
6324
8339
10123
11928
12820
13259
13012
12162
10940
9245
7429
5663
4279
3121
2233
1695
1240
1016
790
687
619
573
658
718
925
1238
1519
1990
2616
2970
3498
3697
4014
3968
3715
3372
2866
2476
1936
1500
1098
806
618
456
411
354
308
263
221
180
161
118
95
62
59
42
23
29
20
14
15
16
15
12
18
17
10
13
5
7
12
11
14
6
9
11
10
10
8
15
8
6
7
9
16
15
13
12
13
12
22
27
13
13
14
16
27
30
30
38
31
32
28
23
25
26
25
19
17
21
19
26
20
14
29
22
21
17
30
27
38
18
29
19
24
30
17
29
21
23
17
17
24
9
18
14
13
10
6
7
5
7
10
10
11
6
12
8
9
10
6
8
6
8
7
7
6
9
12
9
5
7
6
4
7
9
14
12
4
7
6
15
8
14
8
10
9
9
12
14
14
7
9
8
10
16
5
6
6
4
8
5
4
8
11
13
14
14
12
11
16
14
18
15
19
5
13
7
18
10
7
8
10
13
8
11
2
11
13
10
8
13
11
3
10
13
14
10
4
5
11
9
13
11
3
13
6
16
6
10
6
7
3
8
6
6
3
6
9
9
7
6
4
8
4
13
6
5
10
8
8
5
6
6
6
9
9
12
7
9
4
8
6
7
11
9
10
13
11
6
11
6
9
6
9
8
12
8
9
9
11
7
6
14
11
11
5
8
4
8
7
9
10
9
8
14
13
12
10
9
7
4
6
9
5
10
5
5
12
9
12
9
5
16
11
2
9
10
10
11
13
11
8
9
11
13
11
13
7
15
8
21
12
5
19
14
12
10
14
9
12
15
10
7
9
9
16
12
16
16
10
6
15
13
14
10
16
11
12
14
10
14
10
16
16
11
17
17
13
18
15
17
14
19
14
12
23
22
14
33
37
22
25
30
28
26
26
21
26
26
28
31
28
27
31
33
29
29
17
30
22
30
29
35
28
30
35
33
22
27
19
26
25
28
25
18
25
30
23
24
28
16
32
26
23
16
17
28
19
26
27
15
18
19
17
21
23
20
18
17
28
19
23
25
27
17
12
25
27
24
23
13
25
24
15
20
20
17
30
24
31
16
21
30
20
41
28
29
27
21
28
28
20
33
37
23
30
24
22
35
31
21
31
34
35
28
29
36
38
28
40
32
32
41
24
33
42
42
35
35
27
36
47
45
33
41
37
41
36
45
46
44
41
40
50
53
38
42
64
39
70
47
54
58
57
59
52
46
49
56
75
56
67
60
56
56
62
75
66
74
75
67
73
64
72
77
90
68
73
79
59
72
90
98
106
127
107
111
134
149
156
169
185
169
160
178
195
193
190
175
155
169
170
147
136
146
140
127
107
117
105
102
105
90
94
92
92
73
82
89
77
85
81
84
82
72
74
86
91
88
79
81
74
88
72
72
80
74
78
95
83
80
82
88
80
64
81
69
73
84
84
69
89
67
75
76
66
74
82
76
88
75
68
73
84
71
70
83
72
71
81
72
82
67
61
65
79
66
70
85
82
79
88
80
85
74
80
79
59
76
68
80
79
83
56
59
74
70
69
90
74
65
96
88
79
75
99
97
87
87
84
88
94
105
91
78
96
97
79
104
82
97
94
88
100
97
93
82
90
91
105
116
102
118
98
91
86
112
107
95
123
119
119
99
108
125
138
123
136
138
173
167
179
212
275
363
439
516
731
925
1301
1525
2080
2503
3060
3849
4556
5326
6214
7109
7763
8599
9366
9824
10208
10437
10456
10202
9845
9115
8436
8002
7004
6143
5118
4403
3634
3036
2384
1912
1511
1143
833
654
478
399
303
226
212
191
158
145
135
125
104
108
106
122
144
133
114
115
89
105
132
125
103
118
121
114
129
109
117
131
116
113
125
118
109
120
122
122
101
123
152
114
119
120
118
129
120
118
141
123
134
146
137
164
142
154
135
142
162
169
179
177
193
197
198
219
242
274
305
393
426
504
553
715
705
904
964
1127
1170
1220
1353
1403
1428
1461
1492
1506
1378
1378
1289
1141
1109
979
874
730
670
565
466
400
344
322
289
247
236
197
183
171
170
160
167
169
157
151
158
186
179
174
195
188
197
188
216
224
199
220
250
240
203
237
245
257
252
225
227
290
262
280
280
270
264
288
269
279
287
299
286
320
260
283
286
242
263
285
258
301
273
274
269
248
282
272
273
276
268
244
290
282
267
261
261
252
232
270
248
273
234
242
245
257
268
247
257
233
233
243
239
268
241
224
231
242
245
237
264
248
254
267
235
256
283
262
267
273
236
228
252
248
242
222
273
250
256
240
235
251
248
235
215
243
250
242
255
274
239
222
266
236
245
244
238
237
226
241
200
201
226
243
231
199
237
226
219
244
209
221
229
200
216
192
224
244
197
219
240
206
223
193
211
212
219
240
220
204
228
207
237
232
190
205
222
227
224
212
208
221
220
207
230
245
212
198
223
229
224
262
199
236
223
201
229
245
204
211
231
200
214
215
251
250
234
210
241
236
238
227
203
223
227
215
203
247
247
218
218
226
223
227
252
247
248
253
240
251
242
217
249
278
215
263
271
262
259
278
271
272
282
282
249
270
273
250
269
258
338
285
309
286
270
263
323
292
269
294
302
282
300
321
289
282
293
283
295
322
315
249
320
293
293
309
298
307
313
284
310
288
288
278
268
289
262
280
273
288
293
311
296
277
262
301
283
297
287
299
290
275
319
277
276
283
254
287
268
236
232
281
299
286
295
265
271
264
284
251
302
280
272
282
254
282
291
273
239
295
273
291
280
256
281
277
313
270
266
281
248
276
254
300
295
277
306
279
284
282
265
286
308
333
315
314
298
293
299
283
299
278
279
295
298
286
282
268
295
298
297
305
306
295
330
287
298
302
318
309
293
314
291
302
310
301
284
326
317
296
304
320
331
292
305
329
309
307
298
298
320
272
287
314
310
287
356
303
297
318
321
340
315
347
300
348
343
321
313
322
301
334
295
357
363
371
305
294
304
346
329
321
321
372
340
322
356
324
324
323
342
310
345
307
325
328
310
354
325
337
329
364
300
321
325
317
342
341
326
343
340
340
314
334
317
344
321
355
324
333
322
306
339
346
319
358
342
343
347
355
316
344
354
348
337
369
327
324
336
344
306
354
280
347
331
337
309
338
327
334
314
335
327
338
336
322
356
304
308
321
318
333
335
319
315
324
307
317
340
301
309
306
285
324
307
301
300
329
287
295
312
308
310
305
329
292
303
304
268
306
301
314
268
303
312
323
279
279
262
291
292
311
278
284
301
294
292
288
280
275
325
301
301
296
310
270
277
301
297
295
278
284
287
261
276
306
296
297
271
309
284
303
288
303
283
302
265
272
282
275
299
309
301
274
308
283
269
335
254
258
312
265
285
299
275
307
285
292
325
297
300
279
300
265
299
277
284
309
317
328
286
306
280
304
291
280
285
307
285
315
310
303
318
284
272
306
278
274
290
294
285
281
269
285
265
273
311
291
310
294
264
312
275
276
275
294
278
280
287
307
297
260
287
282
298
276
319
289
267
260
288
301
306
278
294
293
281
298
280
238
276
294
282
287
296
276
283
271
278
281
271
275
275
297
267
293
273
297
245
291
299
297
258
300
319
313
285
296
309
276
295
288
284
281
283
281
297
301
321
300
327
263
252
305
267
259
276
329
278
297
308
289
290
287
313
291
295
302
306
313
302
316
340
332
319
292
292
366
334
323
319
314
337
334
340
313
353
334
351
378
342
324
330
342
326
333
331
387
366
427
347
378
389
400
383
396
382
393
396
399
399
414
449
432
435
405
396
426
460
438
419
449
439
484
485
487
485
473
481
505
549
485
522
502
525
556
566
615
598
606
616
665
665
693
742
725
722
766
800
788
839
899
843
916
914
941
1009
1048
1073
1066
1082
1129
1204
1225
1256
1376
1300
1314
1309
1422
1426
1454
1416
1526
1502
1525
1567
1602
1637
1564
1538
1625
1652
1574
1680
1583
1549
1672
1571
1576
1594
1572
1577
1539
1616
1465
1460
1484
1498
1388
1392
1393
1342
1317
1192
1218
1225
1152
1154
1084
1027
996
1023
975
975
883
891
817
840
761
757
825
699
699
633
666
628
621
584
568
590
531
509
529
493
475
489
442
432
402
415
375
417
385
387
378
357
344
377
341
353
363
359
358
368
263
302
317
305
315
267
293
258
283
265
275
271
267
251
231
264
247
248
243
266
252
246
233
251
254
255
261
219
248
249
286
225
299
274
261
304
265
317
288
329
321
348
362
389
418
408
427
458
437
514
491
486
478
483
515
535
510
498
527
572
503
494
504
482
513
438
453
414
403
389
346
337
314
297
308
245
296
241
229
237
197
204
187
188
163
186
186
167
181
150
164
175
142
152
159
149
158
177
163
186
183
185
169
164
176
171
185
177
177
182
177
213
220
242
186
187
193
222
201
188
199
220
228
218
224
225
247
217
248
246
250
228
225
271
256
269
265
297
270
286
275
259
284
274
275
268
261
289
255
266
272
278
281
262
267
275
310
258
302
256
296
271
276
256
300
253
292
270
245
257
252
241
240
237
240
219
216
228
222
226
232
205
187
174
211
177
187
158
185
168
168
168
164
151
149
136
134
135
150
144
124
128
131
124
121
141
115
114
123
127
102
117
104
120
108
112
115
108
90
87
116
86
112
103
73
91
109
97
96
102
93
83
85
93
78
80
73
79
74
89
85
79
68
78
70
74
78
73
83
60
78
75
58
61
77
73
67
71
87
66
69
64
63
67
79
49
64
70
65
52
54
50
67
72
47
56
52
53
48
50
59
39
38
63
55
54
66
58
58
62
69
53
72
71
55
68
72
64
71
70
63
67
68
77
75
71
88
88
87
78
80
68
77
81
89
68
73
81
68
76
78
81
71
81
67
59
38
51
58
49
50
43
46
55
47
47
53
45
54
50
39
41
36
33
41
50
38
42
50
36
50
45
38
46
38
59
40
44
49
35
43
44
55
33
46
46
42
29
33
37
46
36
39
34
35
38
41
34
37
27
41
24
40
42
43
33
30
35
30
38
31
34
42
33
33
37
30
37
36
31
35
47
40
31
45
34
35
36
37
33
32
37
34
34
30
38
35
29
36
28
34
35
30
44
37
48
26
26
36
37
36
36
34
34
39
31
34
27
37
26
30
17
35
26
30
31
38
39
35
28
27
31
26
31
21
24
35
24
34
33
36
34
37
28
36
33
25
26
25
28
35
22
31
23
24
28
27
36
27
35
36
23
35
26
21
20
17
20
24
28
33
25
25
32
27
24
19
31
22
35
32
25
28
36
33
26
25
27
25
22
32
19
34
24
31
29
36
17
35
18
26
21
24
23
19
29
29
22
18
22
29
26
29
23
19
17
21
26
25
20
35
29
23
17
27
24
25
19
21
23
27
24
21
27
15
19
28
31
26
34
34
33
26
22
28
25
20
26
29
26
11
30
19
19
17
19
23
19
22
21
26
20
26
25
21
25
31
23
18
14
27
21
19
17
19
12
20
18
19
25
25
23
25
17
14
23
22
14
21
18
24
16
19
19
18
24
24
15
25
24
19
21
26
12
17
25
14
28
11
18
20
17
24
19
22
14
18
21
18
22
18
23
23
29
18
24
19
22
15
16
26
14
23
25
22
20
20
12
19
19
12
19
12
12
24
16
22
17
15
14
13
18
12
11
13
10
12
14
14
10
14
20
11
12
19
15
14
22
18
15
15
12
9
11
14
16
16
11
14
13
13
15
17
16
12
19
20
16
12
14
16
17
18
13
11
12
11
18
15
17
20
16
15
15
14
9
16
13
10
9
16
13
11
6
9
20
15
10
15
14
21
15
13
18
11
12
10
9
14
9
14
14
15
12
13
15
8
16
20
8
15
7
14
11
10
15
8
15
11
8
16
7
8
11
11
14
12
8
11
9
9
10
9
13
16
15
15
12
14
7
12
18
10
12
11
9
14
6
12
14
15
13
7
14
9
10
7
8
9
18
14
9
10
7
12
15
10
14
15
11
11
6
11
7
10
12
19
11
8
13
10
15
13
8
11
10
8
11
13
11
16
7
7
8
7
12
9
6
12
13
10
6
6
8
15
8
11
7
7
11
7
10
9
10
9
7
14
10
6
12
5
10
12
13
14
12
9
13
5
10
5
9
6
5
7
4
8
8
10
12
9
12
14
10
9
4
8
11
9
6
7
9
5
10
13
11
6
12
9
6
10
5
11
10
10
9
7
7
10
13
10
5
8
7
4
6
9
4
14
9
8
9
4
6
4
8
9
7
10
6
7
4
9
3
11
7
6
6
6
7
10
12
8
5
6
5
8
8
5
8
9
9
4
5
6
2
5
6
12
9
6
8
4
11
6
6
6
13
8
3
9
6
7
6
6
6
9
6
5
8
9
3
9
8
11
4
10
11
6
10
10
10
6
3
5
10
9
12
3
9
13
4
6
3
10
1
5
9
9
8
5
4
9
3
8
11
2
6
5
10
3
4
2
6
6
6
4
7
5
7
8
6
5
6
4
3
5
3
6
8
5
5
6
9
2
6
3
8
1
1
2
3
7
8
2
5
6
11
5
5
4
4
8
5
7
4
3
1
3
3
5
3
3
5
5
3
2
3
4
2
5
4
0
3
6
4
7
2
6
5
11
10
4
5
2
2
5
4
5
2
3
3
3
5
4
5
7
5
1
4
6
5
6
2
1
4
8
2
5
4
3
3
5
3
3
4
2
7
0
3
3
4
6
2
7
8
5
4
0
3
5
6
7
3
7
3
2
2
2
3
4
4
1
5
2
3
6
3
6
6
6
4
2
2
5
4
5
3
1
1
5
2
3
4
4
4
1
3
3
7
4
3
7
3
4
4
7
0
5
3
0
1
1
4
3
5
7
4
3
4
0
1
5
4
4
3
4
4
0
4
2
2
6
4
3
2
9
2
4
2
1
1
2
4
5
4
0
0
2
4
2
3
3
2
6
1
6
4
4
3
1
4
3
3
2
2
2
1
0
6
3
5
4
3
6
3
2
1
6
1
3
2
1
1
2
2
2
2
5
2
2
1
3
0
3
2
1
3
3
5
3
3
6
3
2
3
5
1
2
3
2
1
4
1
2
1
1
3
1
2
2
2
2
2
0
0
2
2
3
1
1
2
1
0
4
2
1
0
2
4
1
2
5
3
2
2
3
1
0
1
0
1
3
0
3
4
1
1
2
1
1
1
1
1
3
0
4
1
1
1
1
1
2
1
3
1
3
2
1
2
2
2
1
4
1
3
1
1
6
2
3
3
1
5
1
1
2
2
0
5
3
3
2
2
1
4
5
1
2
1
1
2
1
0
0
0
1
2
2
1
2
1
2
2
2
1
3
3
4
0
4
5
1
1
5
0
0
4
3
2
0
2
3
0
4
1
5
2
0
0
0
2
0
2
0
3
0
1
4
4
0
2
2
1
1
1
0
0
1
2
0
0
1
5
1
3
2
0
1
1
1
1
2
1
1
1
0
2
0
2
0
0
1
2
0
0
1
1
0
0
6
0
1
0
2
2
1
1
0
0
2
2
0
1
0
1
4
0
1
0
2
0
1
2
2
3
1
1
1
1
3
1
1
0
1
0
2
0
1
0
1
1
4
1
0
1
2
0
0
3
2
0
0
0
1
1
1
1
0
1
3
0
0
0
0
0
3
3
3
1
0
1
4
0
1
0
2
2
1
2
3
0
1
0
1
1
3
1
1
0
0
0
0
1
0
2
1
0
1
1
1
1
2
1
0
0
0
3
0
1
0
1
1
2
0
2
0
1
2
2
3
1
1
0
2
0
1
0
1
2
0
1
1
2
1
1
2
0
0
1
1
1
1
1
1
1
0
0
0
0
1
2
0
2
0
1
1
0
0
1
0
2
0
0
0
1
3
2
1
0
0
1
3
0
0
1
0
0
1
0
3
0
1
0
0
0
0
1
1
0
0
0
2
1
1
1
1
0
3
0
0
0
0
0
1
3
1
0
0
0
1
0
0
0
1
0
0
1
0
0
0
0
1
1
0
0
0
0
0
0
0
0
0
1
5
0
0
0
0
0
0
5
0
2
0
0
0
0
1
0
0
0
0
2
1
0
2
0
0
0
0
1
0
0
0
1
0
0
0
0
1
1
1
0
0
1
1
0
3
0
1
1
0
1
1
0
0
2
2
0
0
1
1
1
0
1
1
0
0
1
1
1
2
0
1
0
0
1
0
1
0
0
1
1
0
1
1
1
0
0
0
1
1
0
1
0
2
0
0
0
0
0
0
0
0
2
2
0
0
0
1
0
0
1
0
0
0
0
0
0
0
0
0
0
0
0
0
2
0
0
0
0
1
0
1
0
0
0
0
1
0
0
0
1
1
0
0
0
2
0
1
0
0
1
1
0
0
0
0
0
0
1
1
2
0
1
0
0
1
0
0
1
0
0
1
0
0
0
1
0
0
0
0
0
0
0
0
1
0
0
0
1
0
0
0
1
0
0
1
0
0
0
0
0
0
0
0
1
0
0
2
0
0
2
0
0
1
0
0
1
0
0
0
0
0
0
0
0
0
0
1
0
0
0
0
0
0
0
0
0
0
0
0
0
0
0
0
0
0
0
1
1
0
1
0
0
1
0
0
0
0
0
1
0
0
0
0
1
1
0
0
0
0
1
1
0
0
0
1
0
0
0
0
0
1
0
0
0
1
0
0
1
0
0
2
0
0
1
1
0
0
1
0
0
0
0
0
0
1
0
1
0
1
0
0
0
1
0
0
0
