0
0
0
0
0
0
0
0
0
0
0
0
0
0
0
0
0
0
0
0
0
0
0
0
0
0
0
0
0
0
0
0
0
0
0
0
0
0
0
0
0
0
0
0
0
0
0
0
0
0
0
0
0
0
0
0
0
0
0
0
0
0
0
0
0
1
0
0
0
0
1
3
2
2
0
2
6
3
2
5
4
7
12
43
142
333
966
2260
4814
9589
16920
27408
40716
54397
66506
72723
73425
66951
54680
41179
28409
17260
9903
5013
2435
959
388
132
47
17
3
1
2
2
1
0
2
2
1
1
2
1
1
2
0
2
0
0
0
0
0
9
74
63
74
57
72
65
58
55
54
62
51
34
62
47
73
51
51
43
42
59
51
44
55
51
36
47
56
55
50
63
30
37
48
41
29
55
52
41
27
49
46
42
34
43
45
45
48
43
41
44
46
34
38
25
54
57
48
48
53
60
69
78
47
70
71
84
102
117
165
200
276
320
439
483
527
534
531
435
449
342
292
243
181
140
103
101
65
75
55
44
50
44
39
55
40
38
37
25
48
42
37
39
50
46
31
44
44
39
31
53
49
52
51
60
53
67
62
61
91
78
85
89
94
100
147
205
293
468
770
1264
2074
3119
4566
6256
7902
9850
11364
12132
12538
12662
11665
10289
8819
7174
5312
4131
3104
2112
1588
1164
785
655
504
414
392
477
594
773
1024
1471
1901
2432
2957
3370
3819
4063
3987
3827
3417
2895
2422
1899
1470
1113
844
605
471
404
348
314
257
227
195
150
154
97
66
58
48
26
23
19
15
12
14
12
7
11
4
9
13
15
8
9
10
10
10
8
15
5
14
7
16
11
13
8
9
10
6
14
8
13
14
4
16
12
11
17
23
19
21
24
24
27
32
29
19
33
28
18
22
23
25
19
19
25
28
34
26
27
36
32
26
18
23
24
17
23
23
20
19
17
21
12
13
8
13
11
11
6
10
8
8
7
8
8
7
7
12
11
7
12
11
4
11
8
6
3
7
10
7
5
12
7
4
5
10
7
7
11
6
4
5
2
7
10
8
7
6
11
14
10
11
7
8
8
10
8
13
14
7
9
4
7
7
8
12
13
6
9
18
17
14
7
8
19
11
14
13
14
13
9
9
13
10
6
7
5
12
7
4
11
8
3
10
13
3
8
9
12
4
6
11
6
12
10
7
8
7
6
10
3
4
8
8
3
14
9
10
6
5
12
7
7
12
8
5
7
5
7
5
8
8
9
6
7
6
4
8
5
11
9
9
6
5
0
7
3
8
5
9
7
11
4
7
4
6
10
10
6
10
9
8
6
5
6
4
7
8
7
4
14
8
7
10
9
11
12
5
7
4
11
10
7
7
7
9
3
15
4
10
10
9
12
8
13
7
13
10
9
14
9
14
6
10
7
13
9
11
8
9
9
14
11
10
8
13
6
8
13
2
8
7
11
7
7
9
9
11
8
5
11
12
9
7
11
7
10
10
11
15
13
16
6
17
13
12
12
16
19
11
11
18
15
18
18
18
21
19
28
16
24
22
25
27
30
30
29
16
32
21
27
35
25
37
27
37
33
38
30
23
30
34
35
32
28
40
32
29
34
38
27
19
24
26
26
32
18
21
17
23
22
25
26
20
12
17
22
18
22
13
19
24
20
16
27
22
21
23
21
29
15
24
18
22
16
24
28
18
21
21
19
27
28
29
24
26
23
19
32
22
21
33
24
30
27
28
28
24
34
26
38
25
26
36
24
23
36
26
25
39
37
20
29
33
28
29
25
28
37
37
30
33
29
29
31
34
33
42
34
43
40
48
29
37
40
44
44
39
35
37
42
49
49
47
34
30
43
48
46
37
36
49
57
38
38
50
50
46
56
51
50
41
57
48
60
58
60
51
67
56
62
56
54
54
68
74
66
73
68
61
50
86
71
96
64
69
63
74
81
75
88
83
89
92
84
84
89
113
110
118
110
100
102
112
119
108
95
73
103
84
79
87
94
85
80
86
84
73
81
86
87
81
74
77
92
70
77
87
67
72
79
89
70
71
83
70
81
72
85
94
86
69
71
87
76
56
71
70
73
92
75
84
81
69
68
75
88
78
68
89
77
76
68
67
73
86
87
59
88
80
73
64
78
70
78
75
75
71
68
77
85
70
66
76
68
75
74
89
97
86
90
75
87
58
72
80
87
72
75
80
61
73
73
80
78
78
77
97
87
81
70
85
75
86
92
81
85
78
99
85
87
82
82
93
89
94
82
91
86
77
89
87
92
99
74
86
89
98
79
111
104
88
112
105
121
103
103
106
120
104
118
133
150
164
209
223
292
354
478
584
813
974
1234
1628
2052
2559
3234
3954
4608
5442
6108
7089
7849
8515
9270
9526
9996
10128
9924
9855
9379
8845
7978
7355
6572
5732
4964
4143
3511
2754
2310
1822
1434
1136
792
628
491
375
340
251
227
170
149
137
140
112
112
113
112
106
119
118
120
77
100
110
110
110
121
118
125
106
106
86
114
123
119
120
117
126
122
120
130
131
108
102
94
118
123
104
136
127
120
140
100
130
119
139
122
136
142
162
130
140
139
140
165
152
149
189
215
234
249
306
325
372
409
490
615
656
725
847
954
1022
1153
1277
1338
1294
1414
1425
1414
1353
1309
1264
1204
1109
1021
897
773
722
610
519
475
412
329
310
273
242
212
190
180
191
165
158
166
144
146
165
152
140
160
153
150
138
136
140
137
154
141
151
164
160
183
160
154
157
151
183
189
154
168
177
161
157
180
171
181
179
177
169
168
186
174
182
202
185
181
183
196
202
216
179
193
204
197
230
227
189
219
204
220
218
226
219
232
220
213
223
204
233
270
241
236
247
251
250
260
258
235
266
243
262
244
265
271
273
276
262
229
242
278
276
258
250
255
253
285
258
243
240
280
259
258
248
211
230
252
226
240
234
237
236
264
262
244
245
209
217
233
211
210
239
187
220
229
224
212
209
202
207
217
218
198
200
208
198
178
221
183
188
188
197
172
194
203
178
203
203
196
190
195
213
180
209
203
207
210
166
195
184
212
182
201
204
212
210
192
202
192
200
193
172
212
194
196
197
203
185
215
179
201
191
182
182
196
212
204
197
194
202
183
187
194
197
180
203
199
203
183
189
198
202
206
199
187
203
218
188
192
208
191
188
213
216
221
212
219
215
186
224
197
211
182
194
209
217
180
194
187
202
229
207
205
173
223
219
229
176
216
189
211
219
244
236
243
223
234
218
229
282
220
225
226
226
225
206
234
241
197
237
242
247
238
237
239
227
224
238
240
229
233
249
226
193
240
230
239
246
228
229
227
207
217
233
218
213
251
244
249
226
248
258
231
252
250
247
254
251
252
224
240
218
261
236
230
218
252
265
259
243
244
239
236
270
248
244
232
243
222
269
234
249
279
256
248
236
283
245
261
242
267
228
260
258
271
257
272
259
256
259
248
292
269
243
246
272
279
257
297
288
281
273
285
271
274
251
272
282
263
288
253
269
285
239
278
282
304
295
297
282
289
282
302
262
284
294
297
303
311
269
289
262
272
278
275
315
276
306
311
304
291
312
289
285
301
288
318
268
331
323
289
298
299
279
270
323
313
351
300
284
305
336
302
284
315
312
308
330
324
321
298
268
303
331
310
321
320
345
301
313
307
282
321
322
315
284
326
322
324
295
330
310
299
346
315
300
344
322
300
342
276
306
302
302
332
308
314
337
354
338
336
304
300
311
314
329
309
344
358
260
308
306
324
323
303
306
261
289
306
319
306
314
295
290
281
258
316
278
262
316
259
294
280
283
326
288
283
283
305
288
294
273
293
320
300
282
284
295
298
257
294
253
302
266
319
245
266
292
300
276
255
268
286
280
274
266
263
281
284
267
253
262
279
251
247
285
277
268
277
294
278
284
268
276
264
262
254
282
275
273
281
258
270
284
281
257
274
278
288
278
262
268
281
239
285
273
247
296
272
270
251
259
250
282
264
233
272
241
266
283
265
242
273
276
259
273
270
252
289
261
263
296
260
287
300
280
282
271
291
271
262
289
262
226
271
273
282
258
247
260
258
290
276
241
253
265
257
261
268
274
260
248
262
267
252
242
239
233
267
249
239
282
243
271
281
243
257
284
265
255
282
260
277
289
255
256
268
252
248
246
260
275
269
276
302
258
262
287
255
303
254
249
269
235
268
275
268
262
259
257
252
241
252
278
265
255
289
291
264
287
261
272
297
277
251
246
280
303
261
269
262
252
270
242
291
258
279
264
271
274
295
268
272
251
279
280
274
264
265
275
274
284
301
269
311
298
281
325
275
273
295
276
278
274
261
325
281
300
282
275
314
318
295
283
308
309
310
323
298
325
354
353
331
300
331
320
341
314
331
348
339
309
302
318
319
374
330
355
358
373
331
364
378
361
349
380
400
390
402
356
371
379
405
411
337
386
422
370
405
433
436
428
434
436
472
435
429
501
447
470
474
507
523
573
547
556
573
605
601
584
614
660
668
649
698
754
712
744
822
840
833
882
921
983
978
981
903
1075
1089
1069
1084
1104
1143
1242
1172
1240
1281
1279
1350
1369
1421
1413
1441
1453
1425
1464
1485
1529
1504
1479
1584
1587
1574
1511
1522
1513
1530
1509
1459
1537
1468
1455
1485
1445
1452
1353
1333
1331
1353
1270
1303
1211
1203
1201
1163
1094
1075
1080
1002
977
940
908
848
834
788
784
760
752
705
691
666
625
609
610
576
574
564
536
495
480
497
461
460
457
427
409
425
446
414
392
363
374
366
366
332
323
352
331
357
330
302
281
274
265
326
290
325
292
294
301
282
283
257
267
241
285
238
266
257
242
271
224
236
219
233
255
245
219
230
225
245
241
232
236
272
276
287
288
301
270
292
305
284
356
332
346
348
357
375
370
413
374
392
420
413
410
421
432
488
478
459
484
449
461
441
404
453
438
407
397
387
373
293
288
291
287
286
273
256
224
196
235
199
172
176
184
184
158
169
180
175
148
147
158
184
187
165
143
172
143
162
161
174
188
167
157
172
173
186
169
190
171
178
150
176
165
183
171
169
167
197
184
193
164
201
200
214
209
214
219
227
229
237
243
251
225
226
243
247
264
268
281
266
255
292
252
263
263
269
264
280
274
266
293
259
263
240
218
252
292
250
278
231
252
247
258
251
228
254
233
226
241
237
214
220
237
249
225
218
208
192
240
193
199
214
189
192
192
186
182
165
168
161
165
154
161
143
133
151
141
149
131
124
119
132
138
136
112
127
146
118
113
126
107
105
118
102
105
119
127
128
94
89
88
95
92
98
99
84
96
89
86
74
73
80
75
83
90
107
82
83
85
81
92
64
80
85
80
75
71
90
76
70
80
75
80
59
49
57
63
62
57
55
59
59
61
80
50
61
66
60
58
70
60
64
52
52
73
41
53
56
57
49
71
72
59
47
55
55
48
59
64
58
53
66
58
47
67
46
57
69
63
79
73
72
85
69
83
83
68
80
83
74
66
87
85
86
96
77
72
84
77
71
74
71
74
74
58
62
56
49
70
40
55
45
54
36
41
49
54
43
50
36
42
43
49
49
43
45
53
36
43
62
42
45
41
45
45
38
46
43
38
44
40
55
33
39
40
35
32
35
47
36
34
37
47
31
37
41
42
33
30
40
38
47
39
30
46
41
29
33
33
33
30
25
25
45
38
44
43
33
39
32
40
37
21
33
34
37
38
42
21
41
30
39
41
38
33
27
41
33
38
27
35
49
32
26
28
39
28
30
30
34
29
26
38
26
35
24
30
40
30
24
20
21
27
29
24
25
27
33
22
29
27
25
32
31
33
28
29
29
33
28
44
30
21
20
33
28
37
25
32
26
22
25
22
20
27
22
20
22
30
27
28
32
25
28
31
25
25
43
24
29
36
28
31
31
27
14
28
32
24
30
31
35
27
31
27
24
35
30
26
31
26
25
27
25
24
25
27
30
22
30
30
24
22
22
21
29
24
22
15
23
27
31
25
25
19
18
19
15
23
32
35
32
21
22
26
24
25
28
15
25
40
16
22
20
17
23
23
20
25
19
24
18
17
15
25
25
15
18
20
25
20
26
21
20
17
19
18
20
19
18
20
21
20
25
18
16
17
26
24
26
14
29
23
22
10
18
18
14
24
13
19
15
18
18
23
22
15
31
24
17
19
21
25
22
15
21
16
17
18
20
20
22
22
13
18
17
24
21
20
17
19
14
10
15
14
15
23
26
22
19
21
16
20
10
14
19
15
20
24
16
15
14
12
19
16
13
13
20
12
17
21
17
19
15
17
22
15
11
13
22
17
20
18
16
22
13
15
12
19
19
18
13
15
15
12
18
11
24
21
22
15
12
15
10
12
17
22
16
14
12
11
12
8
20
16
17
18
14
10
10
13
11
11
16
9
15
12
14
12
19
14
13
11
16
17
15
12
14
11
15
19
17
15
12
18
14
11
18
7
18
18
14
9
20
18
15
10
18
6
12
14
15
11
18
12
11
14
14
6
15
12
7
13
6
18
8
14
14
7
7
10
15
12
15
15
7
15
9
13
8
10
16
8
16
9
11
20
21
11
11
12
13
10
15
13
11
10
9
8
10
17
11
12
8
9
11
16
10
10
11
9
15
12
6
12
11
7
13
12
11
15
11
8
8
10
11
8
9
12
17
9
10
9
11
12
7
7
11
14
9
8
6
6
10
10
7
16
6
4
8
9
10
14
10
11
7
5
14
9
13
10
12
11
7
19
8
14
8
11
8
9
10
5
9
9
5
7
9
10
10
10
10
7
9
16
7
14
6
3
6
14
7
10
9
12
12
6
11
9
13
9
5
6
8
7
7
5
5
9
8
6
5
5
12
8
7
9
4
6
6
8
8
7
4
11
5
9
11
8
7
7
9
9
4
3
9
10
5
6
10
12
8
8
2
6
6
9
3
3
3
6
4
6
6
4
4
6
6
4
5
6
7
10
3
7
6
7
12
8
3
8
6
7
6
5
5
7
7
5
2
6
7
1
8
6
8
9
5
5
4
3
4
4
5
10
7
6
3
6
8
6
9
8
4
8
5
9
5
6
6
9
8
4
4
13
7
8
6
4
6
7
8
7
2
7
2
2
11
4
7
4
5
6
4
6
9
8
5
4
9
4
9
5
8
5
6
3
2
4
11
7
4
9
3
7
3
1
5
3
5
5
9
5
5
7
11
5
3
5
3
5
4
3
7
3
5
2
7
8
3
4
3
4
7
5
3
4
6
4
2
3
3
8
2
5
11
5
5
5
5
2
5
2
5
3
4
3
5
6
6
5
3
2
2
3
3
6
6
2
5
6
6
1
3
4
6
5
8
3
4
5
4
2
4
5
5
2
5
2
6
3
1
3
1
5
3
4
6
5
2
2
1
6
11
4
4
2
4
1
2
6
6
3
4
5
5
5
7
4
2
5
1
7
5
1
4
5
1
5
2
4
3
3
6
4
6
4
3
2
4
4
5
3
1
3
1
3
1
5
2
3
3
4
6
4
2
2
4
1
3
6
1
3
1
2
6
1
2
4
4
4
1
1
5
1
2
2
5
1
8
0
2
3
4
5
2
6
0
3
2
4
3
3
1
2
1
2
1
2
3
5
2
2
2
1
6
0
2
4
4
3
5
1
1
2
3
2
1
5
2
1
5
2
3
3
1
0
3
2
3
2
5
2
0
1
1
2
2
2
2
4
2
3
4
0
1
3
1
1
0
0
2
3
1
2
4
8
5
6
2
1
1
4
1
3
2
3
2
3
3
2
2
1
2
3
3
3
1
5
1
3
2
2
2
1
4
3
3
0
2
5
0
2
2
0
2
1
2
1
2
4
5
1
2
2
0
1
1
2
2
4
6
1
1
2
3
5
2
3
2
1
2
0
1
3
2
0
2
1
2
2
2
1
1
3
2
4
1
2
3
1
2
1
4
1
0
1
2
3
2
3
0
1
0
0
3
0
1
4
2
1
1
1
1
2
1
0
2
0
1
1
1
1
2
2
2
1
1
0
4
3
1
2
0
2
3
0
0
1
1
2
0
2
4
2
4
1
1
1
1
2
2
1
1
4
1
1
2
2
0
0
1
4
0
2
1
1
2
2
1
0
0
4
5
1
0
1
2
2
0
2
6
0
2
0
0
0
2
1
1
0
1
2
2
0
0
2
0
2
3
1
1
1
0
1
0
0
1
0
1
0
0
1
5
1
0
1
1
5
1
0
0
1
2
4
0
0
0
0
1
1
0
1
2
2
0
1
1
0
2
0
0
1
1
0
2
2
1
0
2
0
3
1
0
1
1
0
0
1
2
1
2
1
1
2
1
1
0
0
1
0
1
1
2
0
0
2
1
0
1
0
2
0
1
2
0
2
0
0
1
2
2
2
2
1
2
1
1
0
1
0
4
1
2
1
1
0
2
1
2
1
2
3
1
1
0
0
0
1
1
1
0
3
1
0
1
2
2
0
0
0
0
2
1
1
1
1
0
0
2
2
1
4
0
2
1
0
0
2
2
0
0
1
0
1
0
0
1
0
1
2
0
0
1
0
0
0
0
0
0
0
0
2
1
0
1
1
2
0
0
0
2
0
1
0
0
0
1
0
0
0
1
0
1
0
1
0
0
0
2
2
0
3
1
0
0
1
2
1
2
1
0
1
0
0
0
0
0
0
1
2
0
2
0
0
0
1
0
1
0
0
0
1
1
0
0
1
0
0
0
0
1
2
1
0
2
0
0
2
0
1
2
0
0
0
1
0
0
1
1
2
0
0
0
0
1
0
0
0
0
0
0
0
0
1
0
0
1
0
0
0
1
1
1
1
0
0
1
0
0
0
0
1
1
3
2
0
1
0
0
1
1
1
2
2
0
0
2
0
2
2
1
0
0
0
0
0
1
0
0
0
0
0
0
0
1
2
0
1
0
0
0
2
0
1
0
0
2
1
2
1
0
0
0
0
1
2
1
0
1
0
0
0
0
0
1
0
0
0
0
0
1
0
0
0
1
0
0
0
1
1
1
0
0
0
0
2
0
0
0
0
0
0
0
0
0
0
1
1
0
1
0
1
1
0
0
1
0
0
0
0
1
0
0
0
0
0
1
1
0
0
0
0
2
0
0
0
0
0
0
0
0
0
0
0
0
0
0
0
0
0
0
0
0
1
0
0
1
0
0
2
0
0
0
0
0
1
0
0
1
0
0
0
0
0
0
0
0
0
0
0
0
0
0
1
0
0
0
0
1
1
0
0
1
2
0
0
0
0
0
0
0
0
0
1
0
0
0
1
0
0
0
0
0
0
0
2
0
0
0
0
0
0
0
0
1
0
1
0
0
0
2
0
0
0
0
1
0
0
1
0
0
0
0
0
1
0
0
0
0
0
0
0
0
0
0
1
0
0
0
