0
0
0
0
0
0
0
0
0
0
0
0
0
0
0
0
0
0
0
0
0
0
0
0
0
0
0
0
0
0
0
0
0
0
0
0
0
0
0
0
0
0
0
0
0
0
0
0
0
0
0
0
0
0
0
0
0
0
0
0
0
0
0
1
1
0
0
3
2
4
0
0
4
6
2
5
2
2
2
0
6
8
13
55
113
373
918
2267
4803
9526
16959
27562
40893
54480
66258
73041
73491
66359
55031
41577
28212
17276
9812
5007
2426
1033
401
132
44
20
4
6
4
5
2
2
3
1
2
4
1
5
1
1
0
1
2
0
1
0
0
5
63
85
53
60
71
71
65
57
47
59
60
66
63
58
50
55
51
56
51
49
60
67
48
63
46
51
51
44
55
48
63
48
59
58
55
49
44
45
52
45
56
46
57
36
47
53
62
61
41
40
43
49
54
61
51
52
72
51
77
54
80
58
71
69
84
104
117
153
206
238
283
365
407
541
501
557
512
461
429
328
297
239
217
156
113
104
78
66
58
60
66
53
57
42
60
30
56
38
44
44
53
49
50
41
43
62
57
42
57
67
61
68
78
64
80
63
85
86
69
91
85
93
140
133
186
241
371
571
921
1452
2206
3297
4757
6415
8103
10015
11821
12983
13466
13118
12325
10853
9355
7450
5830
4329
3156
2350
1643
1347
977
818
642
648
622
665
698
939
1212
1604
1989
2522
2900
3468
3629
3862
3938
3692
3307
2913
2387
1878
1430
1042
833
598
483
402
360
288
257
207
162
150
120
86
77
50
42
25
22
22
11
11
7
18
15
9
17
13
8
12
10
8
12
12
9
17
10
14
11
11
13
9
12
6
14
9
8
10
12
9
16
23
12
23
16
12
13
24
28
29
26
40
26
36
40
31
20
33
26
25
26
27
23
22
27
26
32
32
27
27
34
26
21
23
19
28
22
25
24
21
20
16
18
24
22
12
9
17
10
7
10
12
7
8
8
10
12
11
9
12
5
15
9
8
11
13
10
10
10
11
5
8
5
18
7
6
2
6
6
10
7
9
11
10
15
8
5
6
10
4
9
5
10
15
8
10
7
10
7
17
9
10
5
6
10
10
14
13
21
8
12
14
11
17
17
15
16
14
23
10
6
16
9
12
10
5
3
12
9
4
4
8
7
12
5
6
8
9
13
9
7
9
12
5
9
5
4
9
6
8
7
7
8
11
4
7
5
7
4
11
6
8
9
5
7
7
6
11
10
7
13
5
9
8
11
7
9
7
5
8
12
9
9
11
5
5
11
9
9
4
3
7
9
6
8
6
8
7
15
6
7
6
2
6
5
6
9
13
6
7
7
11
6
10
8
10
4
8
5
10
6
6
8
15
5
1
6
13
11
7
13
17
5
9
11
8
7
10
8
5
11
6
8
5
11
11
11
7
12
8
7
12
13
4
4
13
14
11
8
10
15
7
14
15
9
14
12
10
13
10
13
14
12
10
16
11
5
11
12
16
15
14
14
13
15
13
12
20
16
10
17
17
12
18
25
12
23
22
19
17
28
22
29
25
29
23
20
36
23
23
28
36
33
28
40
36
37
30
24
36
31
22
27
32
24
40
27
28
26
30
35
22
31
19
17
27
18
21
19
19
21
21
25
29
22
13
18
24
16
27
21
29
23
27
17
22
20
23
28
16
12
32
21
22
18
19
17
24
23
25
15
24
24
30
31
30
22
27
29
27
23
29
25
25
32
23
25
24
37
29
34
36
26
21
33
25
24
29
30
25
31
28
29
26
36
33
32
24
36
41
35
40
33
34
39
34
42
35
38
34
40
38
34
37
41
34
43
38
50
45
39
43
52
48
46
46
44
51
48
53
52
49
54
39
62
57
46
68
57
54
58
67
53
59
53
67
59
57
84
69
59
63
75
69
70
77
64
70
81
88
80
80
92
85
99
98
100
106
123
132
131
157
162
177
169
160
177
170
176
188
174
160
163
150
137
125
141
95
131
121
113
104
120
96
106
97
102
88
90
75
83
72
84
73
71
77
86
100
85
86
88
75
88
79
79
83
78
73
74
104
77
69
79
75
61
77
71
86
61
75
88
91
82
81
79
71
80
62
76
75
86
77
79
63
84
79
72
75
79
64
82
79
88
88
88
78
71
67
76
69
88
86
74
73
84
80
82
82
80
90
70
84
76
75
62
75
89
88
61
89
69
96
72
98
83
82
94
81
88
94
75
78
89
81
108
80
94
87
96
84
105
81
88
74
101
81
109
100
103
102
85
87
97
89
87
86
105
103
109
94
93
112
106
110
113
116
117
122
129
142
136
146
187
202
204
278
359
433
588
741
950
1167
1565
1943
2440
3020
3817
4478
5427
5974
6991
7871
8661
9140
9711
10268
10413
10273
10261
9770
9322
8445
7662
6965
6022
5086
4344
3669
3010
2398
1813
1440
1134
909
695
527
407
285
239
204
165
161
161
127
114
125
133
130
131
116
135
127
134
134
122
116
117
117
120
106
124
130
119
120
121
115
121
113
128
121
102
130
140
102
135
108
117
104
110
127
131
107
122
133
137
127
142
118
127
145
145
146
150
165
185
144
154
202
153
213
183
240
261
352
351
398
521
563
662
748
855
986
1079
1195
1269
1391
1427
1515
1381
1397
1504
1361
1302
1219
1155
1087
949
847
690
600
557
476
446
370
318
297
227
198
201
157
172
174
177
150
175
164
160
185
157
174
182
187
195
191
194
201
204
207
222
218
216
235
243
240
241
225
268
267
268
250
250
289
260
282
283
266
265
267
290
267
308
301
290
309
279
279
286
295
294
278
286
259
260
272
279
287
264
278
255
266
257
286
266
285
243
243
290
260
244
262
264
265
257
274
241
245
271
258
256
246
232
261
265
261
241
247
237
215
257
225
249
241
244
239
240
248
237
254
246
241
245
263
237
261
248
247
252
238
262
276
245
268
255
257
241
254
253
240
235
243
284
224
256
210
228
228
253
253
249
225
229
248
226
240
247
202
235
218
227
227
211
224
208
207
233
227
239
218
214
199
228
233
215
212
240
213
201
222
206
228
207
214
216
219
216
199
196
238
208
203
225
225
187
249
220
201
229
219
214
243
216
245
205
208
234
244
216
270
229
245
226
216
211
220
241
239
224
220
220
248
246
237
231
254
224
226
233
223
246
249
222
228
232
230
237
266
265
229
268
262
247
293
250
286
250
277
256
242
273
244
300
264
273
272
271
289
314
311
294
284
317
310
313
287
321
296
295
311
290
299
310
280
286
263
301
291
323
275
304
298
289
273
300
319
284
289
311
300
318
296
298
303
314
301
268
256
286
263
291
295
276
287
310
302
264
268
296
265
262
262
283
270
297
277
280
298
310
263
247
298
315
286
275
261
256
262
284
249
268
256
279
293
293
258
273
263
263
266
273
283
300
245
256
283
273
283
278
271
306
303
287
272
291
293
272
277
298
313
274
263
274
297
276
297
274
315
312
311
273
275
301
305
290
312
329
297
305
300
303
321
295
288
305
325
316
299
297
297
312
311
320
285
306
308
309
323
296
305
307
298
299
342
322
327
341
318
332
324
343
334
331
292
343
309
348
333
308
325
318
315
341
292
307
351
344
319
306
304
324
328
331
314
337
315
336
325
298
315
326
318
325
354
336
312
317
319
306
299
314
307
348
376
324
344
336
340
317
324
342
321
318
348
322
339
354
351
352
332
337
367
321
324
335
362
292
344
355
365
338
353
328
320
307
385
335
326
345
357
350
351
344
385
342
355
351
338
352
311
341
359
389
335
327
354
322
363
305
351
330
306
359
341
345
321
328
316
320
333
354
329
321
299
320
307
353
359
313
363
341
315
321
340
311
282
328
310
312
313
301
285
308
308
291
282
299
299
316
299
305
314
309
322
284
311
269
327
309
282
293
264
295
332
299
305
302
303
330
301
276
289
310
286
294
326
276
284
289
314
297
304
275
261
314
295
285
302
270
284
313
309
294
317
299
302
298
293
298
310
288
283
296
314
291
303
317
306
309
286
278
311
274
283
312
300
315
285
311
285
302
335
266
297
297
255
298
285
319
296
268
325
296
313
280
300
266
275
320
287
325
290
294
286
298
297
292
270
276
278
303
282
292
301
287
312
274
274
289
278
319
266
297
301
299
324
254
319
272
311
298
281
287
260
298
279
245
273
273
287
319
321
285
254
268
281
302
292
297
284
279
291
297
302
305
273
291
283
319
295
293
290
290
281
289
308
254
268
295
268
274
320
280
294
297
293
290
297
334
268
289
285
286
261
289
287
304
318
297
316
260
298
276
302
299
321
324
307
295
354
296
286
312
274
308
285
319
331
319
316
296
348
310
318
335
352
318
334
310
342
323
335
368
371
335
340
339
378
345
368
354
380
344
356
349
372
333
400
356
387
352
404
378
406
357
412
376
404
397
459
457
422
393
387
424
401
412
403
446
468
446
420
467
502
485
491
512
478
517
503
578
516
583
550
599
590
599
597
594
609
651
662
664
774
741
721
780
754
788
858
856
911
932
998
994
1032
1031
1136
1060
1142
1124
1213
1212
1259
1284
1314
1333
1374
1387
1539
1461
1423
1476
1581
1513
1535
1631
1597
1624
1666
1640
1649
1703
1729
1708
1782
1685
1620
1584
1702
1632
1574
1653
1556
1600
1496
1526
1457
1416
1338
1365
1384
1340
1343
1308
1262
1228
1126
1138
1053
1084
941
994
932
910
840
863
813
792
783
768
723
674
664
627
631
602
548
553
568
501
499
469
477
482
448
416
507
428
440
402
397
391
371
435
371
346
338
370
347
318
326
325
329
313
335
327
303
301
275
303
268
301
267
294
292
293
281
269
246
273
266
265
227
262
265
243
243
235
257
255
256
271
270
270
246
280
256
302
308
309
315
332
341
364
368
403
394
401
399
435
432
459
488
477
509
483
461
512
514
506
510
497
507
504
546
507
468
475
486
442
448
419
408
361
325
334
306
307
297
262
258
225
228
211
200
185
194
205
180
161
171
166
192
174
162
170
183
181
180
173
163
158
170
166
185
185
191
190
177
170
171
171
202
176
185
183
227
188
204
184
207
226
224
192
203
221
236
235
235
229
260
245
236
228
226
275
257
257
281
250
278
271
256
284
304
300
295
273
291
273
271
283
254
269
271
274
300
264
302
268
270
270
273
274
268
274
276
261
261
259
257
246
241
220
226
211
220
236
233
244
243
204
237
217
215
203
223
187
209
186
213
175
186
171
183
154
160
140
164
142
142
134
145
145
141
165
133
123
136
118
121
137
117
107
120
113
116
117
95
121
93
102
108
89
100
118
93
88
81
86
99
77
84
100
77
95
103
86
96
68
79
97
77
96
80
86
72
73
92
59
70
82
72
67
71
67
71
64
51
74
59
56
88
63
73
67
70
51
62
62
70
64
63
62
64
68
69
68
60
59
62
60
58
42
63
62
66
62
56
54
60
58
68
57
47
69
56
31
79
66
69
68
72
80
77
63
93
73
90
82
76
85
87
74
72
92
91
93
76
97
67
63
58
56
72
63
51
60
65
62
72
59
63
51
54
53
50
43
54
52
50
56
45
45
67
46
39
50
37
38
42
41
39
39
39
44
50
44
45
48
43
50
44
43
39
36
37
48
41
51
45
44
45
43
45
37
50
33
49
39
37
33
44
40
39
32
32
40
41
43
34
57
35
30
32
29
34
39
35
22
34
38
36
37
38
41
33
43
27
33
32
23
36
45
43
34
32
35
40
39
24
32
26
25
23
30
48
26
39
29
35
32
38
23
30
31
30
38
30
26
29
34
33
29
32
16
35
32
22
36
26
27
31
28
31
37
39
44
38
20
29
29
31
36
23
25
37
37
23
22
20
39
22
29
25
27
28
22
20
27
37
30
27
32
29
23
26
24
36
17
22
29
29
30
28
24
25
30
31
25
25
22
32
20
24
28
20
25
30
29
26
25
22
21
27
26
21
32
24
28
19
24
21
25
27
22
14
19
26
23
14
24
25
26
41
23
30
25
18
26
29
19
25
18
22
22
26
22
25
19
26
13
24
22
21
15
26
21
18
26
29
19
19
31
18
27
18
18
21
25
18
30
25
18
17
21
24
19
21
19
26
32
20
26
26
19
25
15
30
20
9
24
15
21
30
11
26
20
15
25
22
16
20
9
23
16
19
20
23
24
18
22
20
17
22
10
27
23
23
20
16
27
16
11
23
23
18
14
18
12
15
15
14
23
16
21
20
11
16
19
13
14
13
20
16
20
17
17
17
13
21
21
21
16
15
16
23
12
24
27
17
16
11
12
19
16
18
16
11
16
14
19
18
17
16
14
21
15
18
21
18
14
19
20
18
10
22
10
23
16
13
23
16
13
25
14
11
14
14
15
14
18
14
15
11
15
13
20
9
14
11
18
11
14
14
10
8
23
21
12
17
11
15
15
15
14
14
22
12
5
18
12
11
9
12
13
9
8
12
22
15
15
10
13
14
11
13
11
13
14
11
8
10
11
5
15
15
17
18
10
18
12
19
13
12
15
12
12
8
15
14
18
16
14
13
14
13
18
7
11
17
15
10
15
11
15
10
8
9
12
8
17
15
9
8
12
10
13
15
11
10
13
15
8
7
12
7
11
9
8
9
14
11
11
9
10
15
11
12
10
15
14
8
10
6
12
14
14
8
12
11
8
6
11
4
8
10
13
6
6
12
13
11
8
9
9
12
12
10
8
11
8
12
12
8
6
8
13
9
9
15
12
12
15
15
8
7
11
13
7
8
6
8
13
5
7
7
9
17
11
10
8
8
14
3
11
4
9
6
15
6
6
9
9
6
14
6
7
6
8
8
10
6
11
8
5
8
3
7
12
9
7
9
5
10
9
6
7
6
11
13
8
7
4
12
11
10
6
12
4
8
6
6
7
6
3
6
7
8
6
9
2
9
11
4
2
12
5
6
8
7
4
3
10
12
5
3
7
8
9
7
6
4
7
12
5
5
12
4
2
7
6
7
8
5
10
8
7
2
5
7
2
5
9
7
10
2
5
4
4
12
4
11
13
6
5
3
9
10
7
5
5
5
9
5
4
5
7
6
3
8
9
6
5
9
7
8
7
6
5
6
7
5
6
9
6
5
6
3
1
9
3
5
5
8
6
3
3
3
5
5
5
5
4
10
7
4
8
4
9
3
4
4
6
5
4
5
8
4
4
6
3
8
6
7
5
2
8
5
3
5
3
9
6
5
8
1
8
3
7
3
2
4
5
6
4
4
4
2
7
3
4
6
2
1
4
4
6
4
4
6
4
5
5
5
4
8
5
6
6
5
7
4
3
2
5
5
3
6
7
4
8
9
3
9
7
7
4
3
6
3
2
6
4
5
4
3
5
5
3
8
5
6
4
4
2
3
5
3
0
3
5
2
4
4
3
4
8
4
3
4
3
1
5
3
0
5
3
2
6
5
2
3
3
1
3
6
0
3
4
6
3
4
3
3
3
3
6
2
5
3
1
3
5
6
3
5
4
3
1
0
4
3
2
1
3
5
6
0
2
2
3
4
7
4
6
3
2
6
1
3
4
4
2
1
4
1
5
0
6
2
3
3
3
2
1
6
2
4
4
2
5
3
4
6
4
1
4
2
3
0
2
5
1
4
3
2
2
5
0
1
4
3
5
1
3
3
2
3
3
2
2
3
0
3
2
4
2
3
1
2
3
1
3
2
2
2
3
5
6
2
1
5
3
5
2
3
1
6
2
4
3
3
0
2
1
0
1
3
1
0
0
0
1
2
9
2
1
1
1
0
4
3
2
1
6
0
2
3
0
1
1
4
0
0
1
1
4
2
1
1
6
2
1
2
2
1
3
2
1
6
0
2
4
5
1
1
2
2
2
3
2
3
2
3
3
2
2
3
1
2
1
0
3
0
2
1
1
1
3
1
1
2
3
1
1
1
2
1
1
3
1
1
4
1
0
2
1
3
2
0
0
2
1
3
1
2
2
0
2
2
2
3
2
1
3
1
2
4
0
1
4
1
1
0
1
1
2
0
0
0
1
2
1
0
1
0
3
1
1
1
3
0
0
3
3
2
2
3
3
3
5
0
1
4
2
2
1
2
1
3
1
1
1
1
1
1
5
1
2
1
4
2
1
3
2
2
2
0
0
3
3
0
0
1
1
1
1
0
0
0
3
2
1
0
1
1
1
1
1
1
2
0
1
2
1
0
0
1
2
2
2
0
1
2
2
2
2
2
2
2
0
2
1
3
1
2
1
0
1
3
0
0
1
1
1
0
1
0
0
1
1
1
1
2
1
0
1
1
3
1
0
1
2
1
2
0
1
0
0
2
1
2
0
1
1
2
0
2
0
1
0
1
1
1
0
0
0
0
0
1
2
0
1
0
2
1
1
1
0
0
1
3
1
0
2
0
0
0
1
0
1
0
2
0
1
1
1
0
1
0
0
1
1
1
3
2
1
2
0
1
0
0
0
0
1
2
0
0
0
0
0
0
0
1
0
0
2
0
0
0
0
1
0
1
2
1
0
1
2
0
1
1
1
1
0
0
0
1
0
1
4
1
1
1
2
0
2
0
0
1
2
0
1
0
0
0
0
2
1
1
1
0
0
1
1
0
0
1
0
1
0
0
2
0
0
0
1
1
0
1
1
0
0
1
1
0
0
0
0
0
0
1
2
0
0
1
0
0
0
1
0
0
0
1
1
0
0
1
0
0
0
0
0
0
1
0
1
0
1
1
0
1
0
2
0
2
0
0
0
0
1
1
0
0
0
0
1
3
0
0
0
1
0
2
0
2
1
0
2
1
0
1
2
0
0
0
0
0
0
0
0
1
0
1
0
0
2
1
0
0
2
2
0
0
2
1
1
0
0
1
1
0
1
0
1
1
1
1
1
1
1
2
0
0
1
2
2
0
0
1
0
0
1
1
1
0
0
0
0
2
0
0
2
0
0
0
2
0
0
0
0
0
0
0
0
0
0
1
0
2
1
0
0
0
0
1
1
1
0
1
0
0
1
0
0
0
0
0
0
1
0
0
1
0
0
1
0
1
1
0
0
1
0
3
0
2
0
0
1
1
0
0
0
0
0
0
0
0
0
0
0
0
0
1
0
0
1
1
1
1
0
0
0
0
0
0
0
0
1
1
1
0
0
1
0
0
0
0
0
0
0
0
0
0
0
1
0
0
0
2
0
0
1
1
0
1
0
0
0
0
1
0
1
0
1
0
0
0
1
0
0
1
0
0
1
0
1
0
0
0
0
0
1
0
0
0
1
0
0
0
0
0
0
0
0
0
0
0
1
2
0
1
0
0
0
0
0
2
1
0
0
0
0
0
0
0
0
0
0
0
0
0
0
1
0
0
0
0
0
0
0
2
0
0
0
0
1
0
0
1
0
1
1
0
1
0
0
0
0
0
0
0
