0
0
0
0
0
0
0
0
0
0
0
0
0
0
0
0
0
0
0
0
0
0
0
0
0
0
0
0
0
0
0
0
0
0
0
0
0
0
0
0
0
0
0
0
0
0
0
0
0
0
0
0
0
0
0
0
0
0
0
0
0
0
0
1
0
1
3
0
1
1
2
4
1
2
0
4
3
2
5
3
5
3
14
35
127
345
920
2156
4759
9397
16867
27590
40494
54630
66206
73019
73359
66713
55072
41567
28206
17668
9878
4911
2410
1030
347
118
48
15
5
3
3
1
1
1
4
2
2
3
0
1
0
3
2
0
1
1
1
2
0
4
64
54
68
55
62
68
65
46
52
55
48
62
66
48
44
48
53
54
47
59
60
47
48
54
47
39
49
52
35
56
43
34
42
60
61
56
56
41
24
40
33
40
49
51
47
32
46
47
42
46
52
40
35
48
46
54
60
45
60
67
65
68
65
73
80
108
118
147
186
235
280
368
446
442
531
542
538
459
410
360
320
253
198
145
127
87
92
68
68
56
58
38
34
47
55
41
39
40
33
36
37
48
34
36
50
51
42
48
49
45
61
59
54
65
65
75
79
79
98
81
98
102
108
130
191
258
361
545
875
1392
2151
3299
4605
6429
8391
10029
11752
12878
13312
13183
12546
11012
9226
7506
5766
4347
3155
2259
1701
1237
981
794
632
585
605
603
770
988
1200
1650
1902
2479
2916
3365
3773
3872
4064
3586
3375
2968
2362
1811
1425
1125
751
603
509
418
381
326
286
219
203
143
136
83
74
64
37
32
27
14
18
7
14
11
9
12
14
11
12
12
6
9
6
10
16
17
13
17
10
6
14
12
16
16
12
11
9
8
6
11
6
15
10
11
11
22
18
20
27
35
19
24
34
25
27
25
23
24
17
21
31
24
21
20
33
21
24
21
24
29
22
20
22
24
26
24
24
30
28
16
16
26
23
18
15
10
13
6
10
10
3
1
8
5
5
9
8
6
7
14
9
8
12
11
11
7
3
7
5
6
4
4
5
3
7
11
3
11
11
6
9
6
14
8
8
8
10
14
6
11
6
13
15
13
12
10
9
11
12
7
11
11
12
10
13
16
15
6
13
6
16
15
9
13
17
13
16
17
11
17
10
20
10
6
12
10
8
4
8
7
7
9
5
10
4
13
8
16
7
5
8
10
4
10
11
12
6
12
9
7
5
11
6
12
7
7
7
7
5
9
5
8
9
5
3
9
7
7
6
5
8
1
4
5
3
9
12
16
6
10
13
8
7
5
9
6
7
6
5
10
11
9
6
8
9
13
8
8
8
5
10
11
10
6
9
6
9
10
8
13
6
3
11
12
9
11
8
12
12
7
9
11
5
4
9
8
10
11
10
8
8
9
8
12
10
9
11
6
9
7
7
11
11
7
15
13
14
9
10
16
14
8
7
10
8
10
12
11
10
12
7
15
14
8
13
13
10
9
12
14
8
15
9
16
9
10
13
12
12
19
12
12
11
18
17
17
19
14
10
12
9
15
13
19
12
18
27
12
26
19
19
25
14
22
20
20
26
20
24
25
39
25
25
23
28
15
36
31
29
32
27
30
33
35
27
28
31
34
24
18
19
24
25
20
26
39
19
22
19
28
20
21
20
17
25
14
21
14
17
16
21
18
21
22
25
16
12
23
29
23
30
31
17
22
14
27
26
28
36
19
25
37
19
29
31
36
25
32
28
28
25
21
24
25
33
19
29
25
37
16
29
34
21
34
29
35
28
34
36
34
30
39
32
40
41
42
27
24
28
25
31
32
36
43
26
52
48
34
43
37
38
48
48
41
36
42
50
38
43
42
48
32
51
50
48
41
54
50
51
52
56
57
44
49
53
57
62
37
49
56
58
46
67
76
49
65
69
58
53
62
65
68
68
65
75
57
73
74
58
91
71
80
100
96
90
95
102
108
123
115
134
142
154
164
170
181
162
210
187
191
178
158
185
168
147
157
127
125
122
112
103
115
118
96
69
83
95
89
96
75
89
93
78
75
86
87
82
88
75
78
80
88
81
79
75
82
85
85
75
74
78
92
63
61
77
84
85
72
76
92
87
86
78
68
89
79
93
65
83
82
78
73
63
81
82
73
70
82
59
70
72
67
72
74
81
84
74
69
68
82
90
83
79
98
64
64
76
88
82
68
55
84
68
81
69
76
76
87
73
89
85
96
74
83
96
90
92
72
93
99
91
101
87
74
76
91
110
96
84
73
112
104
86
90
88
99
82
93
101
87
93
90
87
103
102
92
102
97
94
111
85
103
127
102
102
124
108
90
120
137
149
165
156
213
244
279
336
416
550
693
883
1201
1503
1998
2490
3081
3732
4536
5340
6281
7100
7878
8521
9139
9720
10404
10451
10498
10143
9650
9221
8603
8007
7049
6062
5271
4423
3849
3047
2373
1912
1486
1133
848
685
456
384
285
231
189
170
153
149
134
133
136
123
124
117
125
104
118
126
116
127
126
112
123
124
106
130
129
122
102
131
123
132
128
110
113
109
109
108
136
107
115
109
126
132
111
112
136
120
116
125
127
137
141
138
141
131
137
140
162
187
131
175
153
167
197
219
262
285
307
355
426
509
599
616
753
866
951
1067
1163
1232
1337
1462
1456
1452
1503
1502
1413
1351
1245
1125
1056
975
901
757
669
583
493
422
377
377
305
242
239
202
221
162
166
175
174
149
168
149
156
153
180
170
196
185
206
188
172
213
209
209
204
223
226
223
222
258
202
254
285
236
283
269
242
255
233
288
289
241
248
270
275
304
291
266
295
290
244
257
285
281
274
270
297
270
259
231
260
246
252
235
261
300
260
278
255
271
229
256
248
254
264
249
258
236
259
245
245
239
251
209
243
227
241
240
234
203
237
245
252
227
219
216
239
211
219
237
234
245
237
226
194
224
218
221
229
229
261
227
258
236
237
243
243
224
267
200
228
224
242
220
210
190
232
217
198
217
233
221
209
208
204
223
197
202
215
184
191
216
186
203
195
211
214
199
183
190
213
212
233
184
203
183
189
183
205
176
192
210
215
176
165
204
171
194
172
188
181
202
166
183
190
182
201
189
196
188
190
192
190
196
199
200
196
190
188
173
196
178
206
199
198
195
207
197
206
202
210
218
187
197
187
214
184
217
213
193
209
196
219
214
221
217
210
223
201
212
226
216
203
205
233
253
199
247
216
219
262
221
233
231
244
258
234
243
276
235
227
235
250
236
242
232
252
261
261
249
273
288
265
255
251
278
256
248
235
278
251
252
245
281
266
269
244
255
272
248
250
265
250
254
239
252
258
272
251
274
256
265
253
225
243
252
231
260
278
268
240
213
234
257
253
222
264
248
252
249
263
225
247
237
235
241
243
244
253
245
253
218
249
215
246
214
241
240
231
220
239
240
243
231
251
249
221
253
241
242
232
234
255
241
242
252
255
248
256
257
255
244
223
253
265
227
223
240
214
247
257
242
250
230
231
249
256
233
264
242
241
276
253
267
260
253
240
259
262
228
264
275
267
254
266
286
262
247
279
258
267
264
249
264
257
273
242
263
265
258
271
265
254
267
263
270
267
298
246
267
277
293
292
245
268
285
253
275
261
302
260
278
288
291
279
278
258
278
289
295
319
267
260
268
273
279
243
280
280
271
308
293
290
295
244
282
268
281
261
282
298
311
296
272
268
298
282
292
259
290
294
286
280
267
321
256
295
271
283
271
317
300
284
296
290
287
279
307
309
310
294
315
309
309
295
283
278
316
296
309
292
286
318
301
289
310
282
277
258
261
290
290
291
264
279
277
311
277
294
250
281
247
260
264
256
272
251
300
286
299
285
278
274
288
239
251
271
240
260
272
294
277
284
237
259
259
255
259
280
275
264
274
248
247
251
250
255
261
234
229
260
247
265
240
279
248
257
283
265
257
256
255
247
258
234
232
280
255
286
245
266
254
239
253
259
250
227
277
210
278
252
265
234
278
270
264
241
268
291
239
289
241
232
258
275
253
246
248
276
250
253
252
257
251
243
229
264
277
300
264
273
222
259
273
281
242
297
267
291
248
256
258
265
281
270
271
253
235
229
241
267
243
231
257
252
226
268
245
237
273
227
213
238
261
255
237
269
264
256
244
244
234
239
225
248
232
246
241
232
246
276
216
223
237
221
236
241
267
278
258
246
239
252
236
255
245
263
234
279
237
239
222
254
247
253
229
263
234
247
247
256
251
270
266
253
232
238
276
252
237
239
256
230
237
240
277
230
257
258
226
226
253
262
233
252
245
261
254
239
258
243
262
275
276
261
250
240
236
221
286
302
265
292
272
247
240
277
263
265
268
278
274
291
295
288
292
277
286
273
279
283
305
264
292
283
308
278
313
268
297
339
300
293
299
304
307
317
315
311
338
335
357
342
353
345
351
356
335
339
344
363
357
367
352
368
330
378
371
362
377
393
380
348
391
398
433
437
375
453
434
397
444
452
482
459
472
524
545
513
528
495
540
538
512
557
574
611
595
705
692
636
683
736
766
759
781
800
867
784
907
942
959
1015
1005
1052
1032
1115
1153
1087
1214
1188
1256
1229
1281
1313
1297
1369
1322
1324
1288
1418
1444
1415
1424
1451
1442
1455
1411
1447
1455
1464
1462
1454
1432
1407
1365
1441
1345
1317
1332
1341
1279
1257
1234
1176
1157
1138
1136
1068
1034
1030
1026
928
989
898
907
860
920
795
803
722
682
684
674
616
656
582
560
523
532
482
506
475
464
487
456
466
442
438
406
430
380
388
350
363
364
337
368
369
304
315
298
334
317
293
303
306
310
300
275
275
270
246
260
241
247
247
264
223
247
261
230
218
244
223
236
200
215
234
221
208
236
204
235
218
215
229
231
237
232
260
278
229
267
290
275
287
314
337
344
350
367
389
397
380
398
408
454
465
463
461
497
479
512
491
480
498
488
457
481
447
432
444
383
399
354
349
348
306
303
307
282
245
211
216
213
174
200
193
160
166
165
168
155
147
152
171
163
151
155
145
148
184
151
139
142
159
167
153
154
150
159
171
151
184
171
158
178
208
182
173
171
193
171
171
191
168
191
188
211
217
199
216
208
205
221
221
236
207
218
231
242
261
250
223
245
219
259
252
245
208
212
232
272
286
258
265
257
260
266
294
266
268
269
258
249
251
249
241
241
259
231
221
212
226
215
245
203
263
215
210
259
204
194
200
199
184
185
182
180
175
173
171
145
185
178
171
146
173
151
144
167
132
151
135
110
119
137
117
133
117
144
109
119
112
115
115
100
117
117
116
103
101
89
108
101
89
84
79
102
104
95
80
85
84
78
102
72
83
79
75
74
72
84
74
63
64
76
69
64
64
68
69
82
62
74
69
67
67
72
55
63
64
58
58
62
68
54
63
54
66
59
51
52
57
55
62
45
63
60
63
51
51
59
52
44
51
64
53
50
67
49
46
51
60
46
66
48
49
57
62
62
60
47
63
70
60
44
73
77
69
65
89
79
77
74
84
67
77
74
80
66
75
72
93
72
53
74
72
67
54
62
51
66
54
40
52
46
68
38
48
55
42
39
29
45
45
43
38
46
39
41
35
50
41
42
46
34
47
58
32
45
41
45
39
48
48
34
47
35
48
40
44
35
36
36
44
38
36
45
29
45
47
49
51
35
39
37
35
23
34
39
46
29
28
39
40
25
31
31
34
38
25
36
36
35
27
32
27
33
33
41
27
41
31
29
31
42
41
42
31
37
25
36
29
29
33
40
41
29
34
23
29
27
25
35
38
28
32
29
30
27
28
28
39
36
31
27
30
28
27
25
37
30
39
34
41
30
23
20
32
29
27
25
26
24
25
25
29
25
32
38
23
38
30
32
27
30
16
38
28
32
30
40
25
29
27
23
23
27
19
22
31
27
31
31
28
23
28
24
20
26
21
33
25
22
25
28
23
24
31
32
21
17
22
20
28
20
25
26
32
17
24
31
34
23
31
19
27
25
19
18
23
21
30
29
15
22
23
22
26
20
11
26
21
23
19
25
21
15
23
19
20
27
21
23
28
16
21
28
19
28
22
17
22
16
20
19
22
19
16
27
19
22
16
14
15
18
16
26
20
23
16
27
29
28
20
22
18
18
24
20
14
18
26
15
25
16
19
23
32
24
14
12
16
21
12
17
13
24
19
21
17
21
12
14
20
15
19
21
19
15
21
22
20
19
22
20
15
22
18
28
15
20
18
28
14
24
21
11
16
19
11
17
20
18
9
19
15
12
15
18
21
9
14
19
16
21
28
15
13
22
12
19
12
11
16
10
19
16
14
17
16
24
17
17
13
12
19
11
19
18
14
10
12
16
17
18
15
12
13
9
13
14
16
20
12
18
10
14
20
13
18
11
12
13
14
17
13
13
19
16
9
16
19
6
17
14
11
10
6
16
14
12
18
15
13
22
17
9
12
17
15
9
7
12
17
9
14
14
18
9
14
19
12
10
14
12
13
13
11
19
9
18
9
21
18
16
16
11
10
16
14
12
17
12
14
14
17
9
15
12
10
8
12
11
14
9
10
15
8
15
7
9
11
15
12
13
13
17
7
13
12
15
18
13
9
12
12
16
16
11
11
16
9
15
13
7
17
10
7
12
10
11
9
13
9
14
6
8
10
9
6
5
11
17
10
13
11
15
5
5
10
12
13
12
8
11
12
10
9
4
10
10
7
10
12
9
13
9
15
11
9
10
14
17
13
15
18
7
4
10
6
12
7
10
15
9
8
13
7
5
6
5
9
8
9
8
10
11
8
9
13
8
6
13
13
5
10
4
9
8
8
14
8
7
6
14
12
8
5
7
10
10
7
11
12
11
10
11
12
10
2
10
13
5
4
8
4
8
8
6
7
9
6
8
7
9
7
10
11
9
6
8
5
6
7
8
10
13
4
9
6
13
5
9
10
7
11
6
9
4
9
9
10
14
6
8
8
6
7
3
4
6
5
8
7
4
5
4
6
2
11
7
7
7
4
11
5
7
10
9
8
6
10
7
5
16
2
3
8
8
8
6
6
7
6
7
5
5
6
6
7
8
7
8
5
3
10
10
4
3
9
10
5
3
2
2
3
5
3
5
5
8
9
2
4
3
5
6
4
7
5
1
4
6
8
5
6
5
7
8
7
3
2
10
4
8
6
5
5
6
7
8
8
2
2
3
2
7
4
5
4
7
8
3
7
7
0
3
5
6
5
9
9
8
6
1
1
2
3
6
3
3
3
6
1
9
5
4
4
4
11
6
6
3
6
3
5
3
5
7
2
3
3
6
7
3
4
4
1
2
1
6
6
5
3
1
1
5
6
1
6
3
6
3
7
5
5
4
4
2
3
6
1
4
1
2
4
3
4
1
5
5
3
5
6
5
8
5
5
5
4
5
7
1
2
4
3
2
2
6
3
2
2
7
3
1
4
2
2
5
5
2
3
5
5
5
3
3
4
5
5
4
4
7
1
4
4
1
4
2
2
2
2
5
1
2
2
6
2
4
5
2
4
1
4
1
3
4
3
5
3
2
2
1
4
3
2
1
3
4
1
6
4
2
2
2
3
1
4
3
1
3
2
2
4
0
2
6
6
3
5
2
1
1
4
0
2
4
2
4
2
2
5
1
0
1
3
3
3
5
0
5
5
4
4
2
2
3
2
2
6
4
1
1
1
4
1
3
0
2
2
2
5
4
2
1
3
6
5
0
5
0
1
5
4
3
0
1
1
2
2
2
3
1
4
2
4
1
0
1
3
1
2
4
2
2
4
2
0
2
3
4
2
3
2
1
2
2
3
1
1
2
2
1
5
2
4
1
3
2
1
2
0
2
0
1
3
4
3
3
1
0
1
1
0
1
0
0
2
3
1
2
0
2
0
2
1
2
0
4
2
1
1
2
0
1
2
1
1
3
5
1
2
4
2
2
2
2
1
0
1
1
1
2
2
1
3
3
3
0
0
1
2
4
1
2
4
4
2
1
1
1
0
2
2
1
3
1
3
0
1
2
5
2
0
3
2
2
0
2
0
1
3
2
2
0
0
2
2
2
1
1
2
0
2
3
1
2
2
1
0
1
3
1
0
2
2
3
0
2
3
2
1
3
2
2
1
1
1
1
2
0
1
0
1
1
0
1
3
1
2
0
0
1
0
0
0
2
3
0
1
0
2
2
2
2
1
1
1
0
1
1
1
2
1
1
0
0
2
0
2
1
1
0
0
0
3
3
1
2
0
1
0
2
1
1
3
0
0
5
1
3
0
2
4
0
1
0
0
0
2
1
0
1
3
1
1
0
0
1
1
0
0
0
0
0
0
2
1
2
2
1
0
1
0
0
3
0
1
0
1
0
2
0
0
0
0
0
0
0
0
1
1
0
1
0
0
1
1
1
0
4
1
1
2
0
0
0
0
2
1
0
2
3
0
0
1
1
0
2
0
1
2
2
0
2
0
2
3
1
1
0
0
2
1
1
1
1
1
0
0
1
0
0
0
0
0
1
0
0
0
0
2
0
1
0
0
1
2
0
1
0
1
1
1
0
1
0
2
1
0
0
2
2
0
0
0
1
1
4
0
0
0
1
0
0
0
0
0
1
0
0
0
0
1
0
0
2
0
1
1
1
0
0
2
0
1
1
3
1
1
1
0
0
1
0
1
0
2
1
2
0
1
0
0
0
1
0
2
1
2
3
1
0
0
0
1
0
0
5
0
0
0
1
0
0
2
4
1
1
0
1
0
0
1
0
0
0
0
1
1
0
1
1
0
1
1
0
0
0
0
0
0
1
0
1
1
1
0
0
1
0
0
1
0
3
0
0
1
0
0
0
1
0
1
0
0
1
0
1
0
0
0
1
0
0
0
0
0
1
0
2
1
1
1
0
0
0
0
1
0
0
1
0
1
1
0
1
0
2
0
1
1
0
0
0
1
0
1
1
0
0
0
0
1
0
0
0
0
0
1
0
0
2
0
1
1
1
1
0
1
0
0
1
1
0
2
0
0
1
0
0
1
0
0
0
0
0
0
0
2
2
1
0
0
0
0
0
0
0
0
0
2
1
0
0
0
1
0
0
0
0
1
2
0
0
0
1
0
1
1
0
0
0
0
0
0
2
0
1
1
0
0
0
1
0
0
0
0
0
1
0
0
0
0
0
0
1
0
1
0
0
0
1
0
0
0
0
1
0
1
2
0
0
0
0
0
2
0
0
0
0
0
0
0
0
0
0
0
1
0
0
0
0
0
0
0
0
1
0
0
1
0
0
0
0
0
0
1
0
0
0
0
0
2
0
0
0
0
0
0
0
0
1
0
1
0
0
0
0
0
1
0
0
0
0
0
0
0
0
0
0
0
0
0
0
0
1
0
0
0
0
0
0
0
0
1
0
0
0
0
0
0
0
0
0
0
0
0
0
0
2
0
0
0
