0
0
0
0
0
0
0
0
0
0
0
0
0
0
0
0
0
0
0
0
0
0
0
0
0
0
0
0
0
0
0
0
0
0
0
0
0
0
0
0
0
0
0
0
0
0
0
0
0
0
0
0
0
0
0
0
0
0
0
0
0
0
0
0
0
0
0
0
0
0
1
0
0
1
2
1
3
4
3
1
3
5
13
40
130
369
951
2296
4899
9518
17229
27929
40910
54107
65843
73132
72777
65894
54962
41921
27931
17842
9950
5075
2372
953
410
134
44
13
7
3
1
3
3
2
1
0
1
0
2
2
0
1
0
0
0
0
0
0
0
9
61
65
58
48
55
62
62
51
40
56
66
44
56
56
64
50
51
43
50
52
51
56
53
55
47
41
48
36
39
53
47
41
38
41
47
44
46
42
46
28
46
51
48
47
48
29
47
48
45
38
47
45
40
41
42
44
45
53
61
64
58
55
67
66
78
85
107
114
134
228
257
307
407
509
500
542
527
484
378
326
277
248
178
132
119
80
93
61
64
61
49
42
55
46
43
52
44
39
38
44
39
58
33
51
35
52
36
54
40
56
54
54
52
46
49
61
67
70
62
60
72
84
91
95
146
178
307
488
753
1300
2033
3215
4329
6319
7857
9662
11288
12430
12886
12403
11800
10409
8839
7108
5502
4077
2972
2157
1479
1101
835
672
535
416
400
411
576
696
1072
1409
1912
2519
2921
3443
3752
3959
4021
3776
3431
3098
2534
1944
1482
1160
849
600
485
394
359
301
272
226
172
161
122
92
66
53
46
37
21
22
16
9
14
12
14
13
12
6
15
10
9
12
13
18
20
5
9
9
11
5
12
8
11
8
9
10
16
10
11
14
12
10
14
15
13
19
18
24
24
26
37
31
40
24
49
38
30
21
25
15
17
22
22
19
28
34
17
17
19
25
20
24
26
25
31
21
21
24
26
16
21
22
22
13
17
19
7
11
11
12
10
8
6
6
13
3
7
13
15
8
10
6
10
10
9
14
10
10
4
7
3
4
9
5
7
11
9
4
6
9
4
7
7
9
11
5
12
9
10
12
11
9
9
6
10
13
6
7
10
9
6
4
8
9
13
8
8
14
11
19
11
8
17
16
18
21
10
9
15
12
11
9
11
11
8
7
11
3
10
7
4
5
11
5
7
13
9
5
4
13
3
9
5
14
11
10
8
9
6
5
12
5
7
10
5
6
6
6
7
10
7
2
8
4
5
10
3
7
10
6
11
7
5
5
6
4
8
13
11
3
2
8
7
11
9
6
13
6
8
6
3
8
10
6
4
6
8
4
7
12
6
5
7
7
6
12
6
11
5
5
11
5
8
5
4
12
9
9
5
6
10
12
8
12
9
8
12
7
3
14
15
10
6
13
8
7
11
8
12
8
7
11
9
14
9
8
4
10
8
11
7
9
8
7
6
5
12
10
14
7
8
10
12
16
4
10
11
10
14
11
13
6
14
9
13
11
11
9
11
12
11
10
8
12
12
19
12
10
15
15
17
16
17
16
16
21
16
17
21
21
18
26
22
28
29
31
34
34
25
28
29
42
28
44
19
37
27
26
30
23
27
31
34
29
25
30
28
32
27
23
21
24
27
20
25
25
22
27
17
21
17
15
21
20
21
17
23
13
15
13
26
22
22
16
20
12
20
20
21
17
19
20
27
19
21
11
21
19
22
23
20
23
28
14
23
30
23
26
16
23
22
27
33
24
28
29
26
22
27
27
19
29
25
35
32
35
31
31
25
42
31
27
28
36
20
27
25
38
34
26
38
35
26
32
40
38
34
41
42
44
30
50
36
36
42
38
40
43
50
42
47
34
37
32
42
39
51
52
43
45
42
50
50
43
42
43
61
54
66
49
51
52
69
51
52
58
57
62
60
64
46
56
62
62
74
73
79
76
54
76
85
69
69
71
76
84
69
82
90
69
104
84
79
106
106
102
94
110
114
106
118
104
114
112
119
91
104
109
84
99
104
81
90
101
97
70
82
51
75
72
83
85
71
81
94
94
83
91
89
83
78
81
100
77
72
65
75
61
69
68
98
74
77
73
65
80
85
77
79
94
82
80
70
78
66
75
87
83
79
63
73
79
64
78
75
63
64
68
79
74
77
74
68
81
80
76
94
66
90
95
86
79
90
83
76
70
56
98
83
80
67
83
68
82
77
80
74
74
87
64
67
74
89
75
81
90
88
75
72
87
87
82
83
68
83
97
82
88
96
96
86
88
84
94
96
88
75
93
82
85
83
78
83
85
73
97
85
93
76
101
98
115
84
106
107
101
103
115
115
126
137
149
163
184
241
276
380
483
593
781
1015
1306
1724
2079
2756
3240
3894
4624
5380
6362
6971
7772
8522
9255
9729
10073
10187
10125
9790
9386
8798
8169
7411
6586
5733
5087
4127
3593
2819
2268
1869
1397
1133
811
645
446
377
306
246
185
177
156
114
144
134
131
122
121
92
109
123
109
109
109
110
101
116
115
112
124
106
93
109
98
106
116
106
114
108
102
105
116
98
123
109
126
134
128
120
114
140
99
113
135
121
127
137
115
139
117
147
150
136
135
161
143
144
164
182
186
206
242
290
310
402
412
515
602
645
725
902
945
1049
1136
1213
1299
1340
1358
1454
1415
1345
1333
1286
1216
1124
1034
893
743
720
590
523
472
396
355
352
285
240
202
207
200
159
164
159
166
172
149
143
163
150
156
169
146
145
147
153
150
149
151
158
153
154
148
159
166
146
167
190
165
163
201
164
184
182
158
156
195
173
187
181
191
195
210
172
194
174
193
190
177
204
191
194
186
203
181
228
230
203
226
202
215
198
225
221
226
242
232
232
236
240
249
240
251
247
257
274
246
268
261
247
236
271
255
228
248
241
257
246
271
269
229
263
241
246
260
229
245
257
243
255
246
239
257
195
273
259
243
265
229
252
238
222
255
224
230
210
236
215
244
213
218
238
209
205
232
232
209
209
203
191
178
189
210
219
184
195
184
186
200
180
209
185
209
184
183
219
200
173
174
191
195
190
187
195
209
177
199
189
166
196
173
182
182
210
170
163
163
187
179
195
174
182
175
164
203
182
187
194
181
173
178
180
183
189
197
185
179
214
178
195
168
193
183
196
160
191
190
196
193
196
179
206
194
201
192
191
198
198
200
182
185
167
190
190
204
225
199
197
206
187
195
209
193
196
212
242
193
185
178
198
208
231
230
201
198
207
196
213
215
210
220
239
200
212
214
198
213
201
227
213
177
221
204
221
209
235
201
209
215
222
218
239
197
220
217
176
225
229
228
199
221
205
238
209
225
240
227
215
215
221
205
244
212
224
214
228
229
255
206
211
233
215
229
228
217
242
225
237
222
230
247
217
227
238
242
216
233
216
246
224
249
250
232
195
232
216
233
217
230
217
233
222
226
221
229
241
247
247
239
231
233
195
212
237
250
232
216
267
251
228
257
251
234
236
273
268
227
280
227
236
245
263
225
263
272
234
260
237
221
230
236
213
237
246
244
255
283
281
279
265
241
269
245
271
254
285
263
274
266
264
257
247
263
272
244
297
266
267
274
278
286
229
288
278
274
294
294
286
276
283
292
265
244
242
290
279
287
290
288
294
295
266
268
255
306
270
255
315
277
287
286
290
285
298
297
298
270
305
313
267
323
299
308
293
279
295
301
323
305
311
283
312
291
297
298
324
282
294
291
275
276
311
286
327
296
299
283
273
277
286
273
277
326
306
280
303
297
276
307
283
255
286
288
265
280
283
288
279
287
299
284
295
285
293
247
253
251
267
267
272
302
273
256
268
269
264
273
274
260
237
291
270
256
263
259
270
249
266
252
241
284
252
270
257
281
228
253
222
266
242
266
259
248
237
247
244
252
222
245
267
221
280
272
274
254
241
251
230
250
245
273
265
270
223
236
267
283
246
244
252
241
231
229
251
257
229
265
247
220
252
240
229
224
239
279
260
261
236
248
246
249
232
241
243
270
232
250
229
233
252
260
243
230
269
233
224
231
267
237
221
260
221
254
220
246
261
255
255
255
234
246
247
293
249
249
250
251
253
239
238
253
243
220
260
228
238
253
242
228
252
259
248
252
234
241
259
210
252
207
249
230
280
240
238
242
210
248
229
244
227
232
225
243
202
245
254
244
253
259
258
252
233
240
229
259
235
258
242
223
242
234
233
230
247
239
239
248
249
284
246
253
236
268
228
263
255
244
226
233
236
259
241
241
232
241
232
222
263
254
263
246
247
268
244
239
294
262
243
251
271
240
245
238
227
235
244
239
262
266
278
258
233
263
238
251
284
279
281
224
278
250
285
276
262
275
249
261
290
264
264
261
282
267
313
256
283
279
295
314
283
315
303
312
285
281
319
274
291
301
295
333
324
296
328
326
335
278
351
301
314
310
316
329
352
317
338
364
348
350
357
342
341
350
400
379
394
407
341
372
365
397
404
384
433
389
437
443
427
426
512
444
430
477
498
524
485
488
541
517
549
566
587
599
621
638
645
682
721
694
795
710
764
804
881
826
882
931
951
1025
997
1061
1017
1041
1107
1096
1174
1160
1238
1293
1210
1281
1245
1363
1306
1325
1370
1441
1423
1435
1370
1407
1423
1453
1425
1467
1399
1445
1433
1372
1447
1409
1425
1401
1394
1389
1329
1267
1220
1277
1226
1192
1093
1162
1082
1126
1043
1067
999
938
918
896
891
846
767
799
759
742
728
649
672
615
628
607
533
532
557
518
538
504
470
477
439
439
387
439
460
374
370
340
368
335
306
346
353
325
328
342
307
361
330
321
283
276
281
294
254
286
287
274
276
227
287
274
256
240
238
222
260
244
234
234
237
250
210
242
234
198
193
222
240
207
196
212
219
244
224
252
265
242
286
273
269
263
338
307
316
343
320
321
359
382
380
387
401
461
423
396
429
427
426
453
452
452
397
420
442
387
416
384
389
336
336
296
274
300
304
256
248
225
219
188
210
183
202
164
184
167
174
163
150
168
185
150
165
143
155
149
144
168
155
147
137
158
136
168
159
173
151
153
155
158
190
165
161
179
171
178
179
192
182
197
162
199
169
186
181
185
209
218
200
231
203
235
237
230
203
250
245
209
250
256
239
235
236
242
277
267
247
234
216
256
254
279
275
257
255
286
220
248
251
263
246
227
256
224
269
242
227
242
232
249
230
256
213
193
254
237
215
208
212
206
191
198
194
203
183
185
184
182
164
171
188
163
146
159
160
151
140
146
149
138
150
148
120
136
135
136
108
118
146
115
121
97
104
110
103
111
105
87
108
111
102
102
120
90
88
90
104
79
85
85
86
87
91
83
84
97
70
72
68
74
76
63
87
81
80
82
69
81
75
71
73
60
77
56
61
64
67
65
67
62
57
59
60
64
69
53
66
68
58
49
66
54
59
67
61
62
52
47
58
49
73
49
70
54
56
64
52
58
57
49
57
52
55
55
62
66
58
57
86
62
56
67
50
62
80
56
73
75
65
78
83
81
67
84
75
80
71
81
82
75
64
75
70
49
62
62
52
68
60
60
58
65
53
51
43
51
40
44
39
48
35
34
32
49
42
39
44
43
43
44
49
55
45
40
34
52
50
43
57
51
40
39
42
34
46
35
40
41
44
42
35
42
44
40
38
25
28
32
35
38
39
30
38
37
40
39
27
29
30
31
32
37
23
31
33
43
31
39
28
37
32
33
35
38
33
26
39
33
26
29
33
35
27
30
41
33
42
31
30
30
29
35
22
35
32
34
40
35
29
40
26
32
31
24
34
32
26
30
28
25
37
37
34
34
21
29
39
24
31
42
32
27
27
33
20
23
31
18
19
30
22
32
27
28
26
29
25
29
26
26
29
31
26
28
27
29
26
29
35
32
20
32
21
29
31
29
29
27
22
23
21
25
24
24
28
20
36
29
27
26
21
23
22
22
29
23
28
22
25
32
32
26
27
20
26
19
30
31
28
22
21
20
18
22
20
32
23
16
19
32
25
32
18
21
22
24
31
26
35
21
27
26
24
24
15
27
17
23
23
21
17
21
24
26
22
25
29
18
25
15
22
19
24
33
28
15
21
10
14
28
18
15
13
20
32
34
13
29
24
26
25
19
25
14
26
16
18
21
28
19
24
22
11
19
18
28
10
22
14
24
31
20
28
15
23
19
22
19
21
15
18
23
15
21
25
18
14
16
18
17
19
13
12
20
24
6
20
19
19
23
14
22
19
14
19
17
21
10
13
18
18
13
13
11
18
17
21
18
17
17
18
15
10
20
21
9
17
14
12
16
19
18
14
19
19
30
15
16
12
16
7
17
26
11
16
21
19
13
16
11
18
11
19
17
16
21
20
16
8
13
19
9
15
13
14
9
16
18
19
17
18
15
14
19
14
13
18
11
14
18
18
12
14
12
19
13
14
5
15
8
16
20
13
18
11
18
10
11
14
12
22
9
20
18
8
16
19
13
12
12
14
12
13
10
13
7
15
12
10
12
20
11
18
13
14
13
15
12
10
11
10
11
17
10
16
17
12
17
15
13
14
7
10
9
7
8
2
11
9
7
18
17
14
9
16
11
8
13
18
11
10
10
13
12
15
7
14
8
10
15
13
11
12
10
6
11
11
11
7
10
7
10
9
11
13
5
16
18
12
11
13
9
10
10
8
7
12
12
8
17
12
8
14
10
4
6
14
11
8
9
13
4
7
7
12
14
10
6
11
12
13
11
13
7
9
8
12
9
12
13
15
8
13
10
18
9
16
10
8
9
11
9
7
9
11
17
6
11
11
7
11
13
11
10
8
8
9
6
5
9
7
8
12
7
6
6
10
5
4
7
12
9
13
8
11
3
12
8
3
14
8
6
12
9
8
5
11
8
5
14
11
11
8
6
5
6
6
7
8
3
3
6
7
7
9
5
11
6
6
12
8
8
6
9
8
2
6
8
7
9
9
8
8
6
8
3
6
3
6
4
6
11
8
4
6
3
4
3
10
7
8
7
10
8
11
4
7
6
7
7
6
13
3
10
8
6
4
5
9
7
6
10
8
8
6
6
6
5
2
4
9
4
1
5
4
3
4
9
10
2
0
6
3
8
7
7
8
8
9
6
7
1
3
3
4
5
7
4
10
7
5
8
7
11
3
4
9
3
8
4
1
5
8
4
9
5
4
5
8
4
7
4
3
7
7
5
3
8
4
5
4
2
5
8
5
4
4
8
2
7
5
8
5
6
6
4
6
4
5
3
9
3
3
4
2
6
8
3
6
6
4
5
5
6
8
4
2
6
4
6
7
8
3
9
2
3
5
2
5
8
2
4
5
3
4
4
3
6
4
7
5
6
6
2
5
2
4
2
2
3
2
2
3
5
3
4
2
5
7
3
2
1
6
5
2
4
7
8
3
4
7
8
3
5
3
2
2
3
3
3
1
5
2
5
5
10
10
2
3
6
4
5
4
3
3
5
9
5
4
2
7
0
2
3
2
4
1
2
3
3
6
3
0
6
0
6
0
3
2
8
2
1
3
7
6
2
4
7
4
3
1
3
2
6
5
7
4
5
4
1
0
4
1
2
5
2
3
3
4
2
3
2
1
2
3
2
4
4
0
4
4
2
2
1
0
4
3
1
4
3
3
5
0
3
1
3
1
6
1
3
11
1
3
3
1
1
1
3
3
0
2
2
7
4
3
2
4
3
2
4
2
1
1
0
2
2
2
2
6
3
6
2
3
2
2
3
2
3
3
3
1
4
2
2
0
2
5
3
1
1
3
5
3
2
5
2
1
2
2
0
1
2
1
2
6
3
0
1
1
3
1
4
6
4
1
2
1
0
3
1
3
3
1
3
1
2
1
1
1
4
0
0
4
2
5
0
3
1
1
0
1
1
2
2
3
0
0
1
3
0
1
1
0
3
4
2
2
2
4
3
1
1
3
0
2
2
4
1
0
4
1
3
2
0
1
2
3
0
2
1
1
1
2
1
3
2
3
1
2
1
1
2
0
2
2
1
2
3
2
3
1
2
3
1
0
0
0
1
1
1
2
0
2
0
1
4
3
2
1
3
3
1
0
2
3
0
4
1
4
1
2
1
1
1
0
0
2
3
2
3
1
1
2
0
0
2
1
1
1
1
0
1
1
1
0
0
4
1
1
2
2
1
2
2
1
0
1
1
1
1
0
0
3
2
2
0
1
1
1
1
3
2
1
0
1
0
3
0
1
1
1
3
0
1
2
1
0
0
2
0
1
2
2
1
2
0
1
2
1
0
1
0
1
3
2
0
0
2
1
0
0
0
1
2
1
0
0
1
0
3
5
1
1
4
0
1
4
0
0
2
2
1
1
1
1
0
0
0
0
0
0
1
2
0
1
0
1
2
1
1
1
0
0
3
0
1
1
1
1
0
0
0
0
0
1
0
0
0
1
0
2
1
1
1
0
0
2
0
0
0
0
0
1
0
0
0
1
0
1
1
1
1
0
1
3
4
2
0
2
0
0
1
1
0
1
1
0
1
0
0
1
0
0
1
0
0
2
2
0
1
1
2
0
1
0
0
1
1
1
1
2
0
1
0
0
0
0
1
0
1
0
0
1
1
0
1
0
1
0
0
2
0
0
2
0
0
0
1
0
0
0
0
0
3
1
1
0
0
1
1
0
0
2
0
1
1
0
1
0
0
1
0
1
0
1
0
0
0
1
1
0
1
1
1
0
0
1
1
0
0
1
0
1
0
0
2
0
0
1
2
0
0
0
0
0
1
1
0
1
1
1
0
0
0
0
0
0
0
0
1
0
0
1
0
0
1
0
1
0
0
0
1
1
2
0
0
3
1
0
2
1
0
0
0
0
0
0
1
0
2
1
1
0
0
0
0
0
1
1
0
2
1
0
0
0
0
0
2
1
2
2
1
2
0
1
1
0
1
0
0
0
0
0
0
1
0
1
0
2
0
0
0
0
0
1
1
0
0
1
1
0
0
1
0
0
0
1
1
0
0
0
0
2
1
0
1
1
1
0
0
0
0
0
1
0
0
0
0
0
1
0
1
0
0
0
0
0
1
1
0
0
0
1
0
0
0
0
0
0
0
0
0
0
0
0
0
0
0
0
0
1
0
0
0
0
0
0
0
1
2
0
0
0
2
0
0
0
2
0
1
1
1
0
0
0
2
0
0
0
0
0
0
0
1
0
0
0
0
1
0
1
0
1
0
0
0
0
0
0
0
0
0
1
0
0
1
2
1
0
1
0
1
0
0
0
1
0
1
0
1
0
1
0
0
0
0
0
1
0
0
0
0
0
0
0
0
1
0
1
1
1
0
0
1
1
0
0
0
0
0
0
0
0
0
0
0
0
0
0
0
0
1
0
0
1
0
0
1
0
0
0
0
0
0
0
0
2
0
0
0
0
0
0
1
0
0
0
0
0
0
0
0
