0
0
0
0
0
0
0
0
0
0
0
0
0
0
0
0
0
0
0
0
0
0
0
0
0
0
0
0
0
0
0
0
0
0
0
0
0
0
0
0
0
0
0
0
0
0
0
0
0
0
0
0
0
0
0
0
0
0
0
0
0
0
0
0
0
0
0
1
0
1
2
6
0
2
3
3
1
4
5
4
7
4
14
41
133
360
946
2309
4912
9490
17276
28016
40351
54363
66165
73038
72333
66982
54989
41377
28115
17542
9885
5062
2349
994
355
145
39
16
7
4
0
2
5
1
4
2
2
0
1
1
0
0
0
0
0
0
0
0
0
8
92
57
52
59
60
52
60
48
62
58
54
65
41
42
52
44
45
48
47
45
56
50
42
46
30
43
42
45
50
53
43
50
38
46
43
41
47
52
37
41
36
51
44
37
50
38
39
43
51
49
46
47
36
38
60
37
55
48
52
65
52
53
51
64
66
78
97
130
142
236
267
334
400
493
523
512
533
498
419
352
280
241
186
161
110
75
71
62
55
60
47
46
41
33
39
41
39
35
31
41
48
39
45
42
40
41
50
40
58
46
52
47
50
57
74
78
49
63
64
75
79
82
101
100
129
191
275
466
827
1311
2083
3179
4525
6212
7924
9803
11194
12178
12964
12734
11963
10382
8999
7220
5598
4021
3193
2150
1600
1132
872
625
485
411
465
446
517
693
1024
1355
1829
2325
2969
3436
3731
4061
3974
3873
3479
2964
2399
2016
1446
1161
817
632
460
404
346
297
281
208
194
159
137
93
72
48
38
22
20
16
21
13
11
11
15
6
11
12
20
22
12
18
7
11
6
9
12
7
13
7
2
11
15
13
13
10
12
15
8
7
11
15
12
13
14
21
20
22
23
25
34
20
33
25
27
27
23
25
23
19
16
23
27
29
25
20
22
26
23
25
22
24
12
14
13
20
17
26
17
19
14
25
21
10
20
16
12
14
12
10
11
9
8
6
6
8
8
11
7
4
7
6
6
13
7
4
5
7
6
7
10
4
8
3
8
8
6
8
8
9
7
6
9
14
11
7
15
8
8
18
7
17
9
9
5
8
11
13
10
7
4
14
4
8
11
12
10
12
11
6
17
16
11
15
13
11
8
15
14
13
6
11
12
9
5
8
8
9
8
7
10
6
10
5
9
9
3
4
11
5
8
11
9
11
13
4
6
6
7
12
6
14
7
10
4
7
3
7
6
5
6
12
7
5
6
7
3
13
11
8
7
11
6
8
7
11
9
6
10
10
5
12
6
8
6
9
10
7
8
9
6
7
11
8
6
12
11
9
5
7
6
9
5
5
8
8
6
12
6
6
7
10
10
6
5
6
14
9
9
9
8
5
7
6
6
5
12
7
7
4
11
6
5
9
5
10
6
7
10
12
13
6
8
11
10
9
7
7
16
12
6
14
13
19
15
4
9
16
10
9
7
10
6
6
12
12
12
4
4
13
8
10
11
14
11
11
8
11
15
12
17
17
12
13
16
14
14
14
16
15
22
13
21
21
21
20
21
28
32
24
12
23
30
24
26
27
26
30
31
30
36
37
34
32
24
35
33
40
30
29
33
38
38
40
31
31
33
28
16
24
36
27
19
30
29
24
28
22
18
19
27
23
21
21
18
13
21
18
12
16
18
29
16
16
9
20
27
24
18
22
23
18
23
27
19
29
24
17
15
23
23
18
36
23
22
15
35
26
28
31
26
32
31
29
30
24
33
25
40
27
37
30
19
21
29
32
45
31
32
29
35
20
38
24
28
33
29
33
41
33
38
34
40
37
35
32
39
29
27
40
33
34
28
32
30
34
35
36
30
48
34
52
51
38
40
40
57
30
47
56
43
48
45
45
43
49
45
46
52
40
55
59
52
60
53
59
49
63
48
73
72
68
57
60
64
62
66
56
61
64
71
71
58
75
70
77
74
72
105
87
83
71
90
108
96
111
104
127
116
112
111
115
103
112
98
116
95
103
96
110
93
100
102
87
83
76
81
87
79
80
89
80
76
64
80
70
72
77
73
63
87
74
73
73
71
56
77
82
79
71
76
81
75
66
84
89
69
75
74
91
79
66
86
72
83
64
68
79
72
72
80
90
83
70
83
63
82
72
74
52
69
82
73
57
78
69
77
81
85
65
74
62
71
67
75
64
71
72
75
75
66
91
78
75
99
75
66
77
73
58
65
75
83
78
78
77
83
102
81
93
84
89
78
84
93
75
94
78
93
76
101
77
74
89
84
105
79
102
90
96
85
102
94
92
90
104
79
98
96
108
115
107
108
88
91
94
98
131
113
123
148
124
179
231
246
284
402
496
608
776
1033
1271
1691
2100
2644
3160
3868
4652
5410
6283
7234
7747
8564
8901
9586
9726
10140
10258
9826
9309
8869
8186
7465
6636
5831
4903
4143
3541
2967
2190
1767
1350
1078
823
657
512
356
281
255
192
187
131
141
110
112
124
123
102
101
134
110
121
96
91
97
105
108
115
112
110
116
137
99
115
117
112
113
124
107
108
112
109
121
103
129
125
114
120
116
129
121
97
122
126
118
133
133
119
130
147
129
150
153
168
144
163
161
196
172
185
192
247
298
334
432
403
519
588
702
776
876
918
1049
1144
1197
1331
1381
1359
1438
1404
1345
1346
1301
1193
1134
964
900
772
657
625
610
486
407
341
258
276
239
192
217
184
157
162
133
135
155
154
163
167
163
139
128
155
162
154
118
154
159
134
139
151
136
161
151
171
181
140
155
163
145
171
150
176
161
169
148
197
169
184
178
188
197
168
156
194
177
189
186
193
197
220
194
178
197
227
212
193
212
224
188
250
198
200
204
212
217
244
221
222
210
255
229
220
222
247
266
261
252
247
240
278
240
201
236
250
253
269
248
235
253
239
254
263
246
251
270
235
270
246
247
249
249
237
249
232
245
226
210
221
229
211
232
229
242
232
259
202
204
231
233
226
219
211
213
217
227
207
191
172
210
207
198
193
199
167
207
174
217
200
201
178
181
183
195
228
191
192
201
202
194
214
184
191
188
194
180
174
189
170
198
207
206
175
198
166
168
180
212
176
189
182
180
199
171
182
195
190
163
192
196
204
175
175
192
196
179
203
185
197
192
214
197
182
196
173
193
211
191
183
190
211
192
192
201
189
172
184
178
201
190
176
178
189
192
209
192
176
217
170
218
192
187
203
181
187
189
197
213
193
197
199
193
217
199
236
199
203
189
216
200
222
208
222
218
191
216
207
212
211
203
198
190
193
175
215
222
197
193
189
200
227
204
200
195
213
212
222
208
202
223
220
222
212
211
215
215
225
226
210
225
235
232
220
229
215
253
219
199
219
234
242
229
209
239
206
252
218
229
226
237
262
197
217
248
209
199
246
219
253
251
219
226
204
200
224
226
241
259
214
212
225
245
249
245
218
225
247
253
214
237
223
249
227
237
236
250
202
241
273
258
257
239
252
216
244
227
234
249
200
255
230
251
244
261
231
297
261
257
261
251
235
265
258
268
229
254
252
253
234
257
248
264
258
233
249
289
282
241
261
265
296
250
272
262
266
293
282
263
262
315
280
297
277
296
269
256
263
282
273
261
269
253
308
265
268
245
245
262
276
280
260
264
290
321
273
285
262
301
304
268
294
282
323
309
317
290
330
274
304
314
325
318
297
277
301
316
311
296
319
287
270
282
321
323
278
315
311
295
294
331
277
278
305
304
288
285
302
328
273
299
302
298
325
318
321
303
296
298
303
268
280
274
298
254
281
272
286
295
279
242
270
271
252
249
279
244
294
291
276
280
293
293
250
261
268
251
272
272
300
239
275
272
257
264
260
254
260
299
261
247
270
263
258
293
258
246
268
258
230
250
260
282
244
250
262
260
268
264
239
254
238
282
241
253
240
222
258
283
248
269
240
250
248
244
242
273
266
249
246
235
260
267
264
229
263
259
243
262
275
253
270
243
232
236
233
260
265
243
260
277
260
271
267
268
258
237
245
263
227
277
272
224
239
248
262
252
224
250
260
251
244
243
289
239
243
239
276
242
242
272
271
242
245
272
203
239
216
251
228
259
240
256
268
256
210
260
258
243
246
287
213
224
269
229
254
251
240
230
236
259
264
212
235
261
235
263
243
229
225
252
251
242
232
254
241
257
227
252
241
232
241
225
238
257
245
243
243
246
255
234
256
250
249
229
260
243
258
261
244
235
257
235
266
258
256
215
257
247
223
226
235
249
221
253
254
269
280
288
265
263
242
245
259
270
247
245
259
224
240
285
270
254
216
302
273
271
275
280
262
244
252
271
261
243
265
275
258
229
276
237
278
289
288
273
302
258
296
273
297
272
286
273
296
292
272
303
296
294
308
278
297
311
273
322
262
311
293
323
325
293
313
302
323
310
311
321
321
298
330
338
346
331
297
312
353
331
358
354
362
387
346
375
396
356
364
414
410
396
383
398
390
430
455
418
418
407
436
448
437
440
484
481
475
476
520
506
527
551
564
535
598
608
652
651
625
670
698
723
722
760
766
775
815
840
933
858
856
933
1018
998
1016
993
1094
1159
1103
1122
1195
1195
1243
1237
1283
1348
1307
1398
1398
1389
1422
1412
1470
1476
1414
1433
1432
1464
1500
1427
1524
1375
1492
1401
1393
1400
1311
1301
1295
1277
1263
1277
1300
1206
1242
1173
1160
1103
1099
1077
1058
957
979
954
871
846
861
850
811
717
730
714
670
648
630
624
600
643
533
533
486
543
455
449
459
452
439
435
389
408
382
399
388
374
354
358
341
310
328
320
342
305
298
322
280
313
292
314
313
301
284
271
254
270
218
251
269
250
285
229
218
229
236
260
237
246
244
275
201
226
215
224
216
217
228
222
232
227
245
237
266
260
293
259
283
284
308
313
293
304
313
315
361
385
376
395
388
428
446
435
402
433
440
500
422
432
421
450
432
430
413
385
406
370
340
314
338
304
257
247
255
281
226
236
218
206
184
197
191
169
164
170
147
165
164
135
160
160
160
140
152
164
151
151
140
164
135
172
142
172
151
158
162
179
162
156
189
155
185
169
189
178
181
183
203
182
214
179
182
206
192
214
213
210
206
225
197
252
222
242
240
197
213
231
222
265
240
226
253
233
217
250
260
254
268
235
257
242
255
255
246
246
263
242
249
260
231
230
274
225
233
244
242
246
249
224
213
231
216
229
203
226
204
234
188
192
207
201
191
192
181
205
181
184
161
173
173
168
134
153
148
144
127
151
146
130
130
163
109
134
141
132
143
129
106
102
118
124
121
105
110
108
118
88
98
95
96
85
86
87
105
108
90
110
90
88
78
94
72
111
82
75
86
71
85
88
87
78
57
79
72
76
69
62
88
64
63
71
77
56
63
68
70
65
48
72
63
62
58
68
68
58
64
66
63
53
59
53
52
64
66
52
53
53
59
41
66
72
52
51
37
64
61
55
62
58
45
56
67
41
63
52
58
67
56
63
51
71
73
73
72
78
82
70
62
81
74
76
84
83
71
67
72
64
74
77
62
73
45
57
57
53
36
60
65
61
46
51
60
48
44
51
37
62
29
54
41
43
37
49
46
48
42
40
62
46
39
63
41
48
39
46
50
42
43
43
35
43
40
32
43
52
36
48
35
35
44
36
33
50
36
38
33
34
32
39
37
45
35
34
29
28
35
26
28
34
25
38
36
38
24
29
22
37
32
24
26
31
29
28
44
25
39
32
26
29
30
25
32
33
31
33
26
39
30
33
39
36
29
32
39
32
28
25
37
35
28
31
34
24
28
26
23
18
36
31
32
26
27
28
39
24
35
23
35
29
25
29
41
34
31
23
31
24
18
21
27
30
36
24
31
30
17
26
32
17
27
19
32
29
20
29
17
29
30
27
33
36
23
29
27
19
24
23
23
30
28
30
26
24
30
24
24
29
17
34
23
21
31
19
21
24
20
30
22
22
29
23
20
24
26
30
30
20
22
20
19
17
16
19
27
23
33
27
21
35
32
20
30
36
21
20
20
26
25
26
28
27
19
24
19
23
27
23
18
26
27
23
19
15
16
19
20
25
32
20
20
16
15
24
24
25
29
22
34
23
21
14
15
17
23
17
22
17
14
26
25
17
15
17
20
18
18
17
15
22
10
17
20
17
16
16
22
22
20
20
18
25
19
13
17
18
17
20
17
19
15
20
25
20
21
12
18
21
13
21
29
22
22
14
16
13
14
18
18
18
11
21
13
13
22
14
25
23
20
15
17
16
19
18
14
19
9
20
14
16
27
19
19
19
17
14
15
18
22
15
22
12
17
19
16
20
17
21
8
14
21
20
29
14
15
20
20
16
25
24
11
13
12
15
21
14
8
12
22
15
16
17
18
18
19
18
18
10
14
19
11
17
21
21
11
21
11
15
18
11
12
14
7
17
16
10
14
13
19
11
16
14
11
11
12
14
18
15
8
17
8
23
17
16
14
16
12
19
17
12
14
6
8
17
15
16
14
10
15
10
12
10
9
8
13
16
6
15
14
10
17
7
11
13
10
11
17
11
12
16
15
11
12
13
9
17
12
11
18
11
3
12
11
8
8
7
15
13
15
12
7
12
13
10
12
10
12
8
12
13
10
10
7
14
16
11
14
14
16
15
15
13
14
8
6
9
4
7
8
10
6
13
13
11
15
12
9
11
7
6
13
12
12
12
6
9
10
10
10
11
11
15
12
8
7
6
15
14
11
8
8
9
13
7
8
10
7
2
9
7
9
8
10
6
11
5
6
7
8
15
7
14
12
11
11
10
14
4
8
9
10
11
9
6
12
9
9
13
8
7
5
10
13
13
5
9
13
9
5
10
9
7
3
8
2
5
12
10
9
10
9
11
3
18
8
6
7
9
3
9
8
7
6
6
6
10
5
12
9
9
8
5
11
4
8
4
6
6
4
9
5
9
7
8
7
5
7
3
6
7
8
5
4
7
11
6
7
6
7
7
5
8
7
4
13
11
7
6
6
6
6
5
6
6
5
11
9
3
10
13
5
1
8
8
10
7
6
2
7
6
4
8
5
4
7
6
9
3
4
7
5
7
10
1
4
7
5
5
6
4
4
7
6
4
5
6
5
7
11
7
10
5
7
2
8
6
6
6
5
4
5
4
3
2
7
6
1
8
5
3
4
3
6
4
3
3
5
10
5
11
9
3
5
5
4
5
9
8
4
3
5
4
5
2
4
3
5
7
3
3
4
5
5
2
8
2
3
3
7
4
4
4
4
5
7
1
3
6
7
4
2
8
9
5
8
4
2
9
5
6
5
2
7
8
4
4
8
5
1
3
6
7
4
2
2
4
6
2
1
0
5
6
7
3
3
3
6
1
3
5
1
3
5
3
2
7
7
3
6
4
4
7
1
5
1
2
7
4
4
5
5
3
2
4
1
2
3
2
3
1
2
3
2
5
5
2
4
3
1
2
2
4
6
3
5
4
4
3
1
6
2
5
2
2
6
0
2
3
1
2
7
3
4
5
3
7
0
5
2
3
5
5
4
8
5
3
5
1
3
3
6
0
3
4
4
0
2
4
1
3
0
2
3
3
3
9
1
6
3
4
4
1
7
2
6
4
4
4
3
4
3
0
2
3
2
1
3
6
2
2
0
5
2
0
3
1
4
1
1
1
0
2
4
1
2
0
2
3
0
2
2
4
4
1
2
1
3
5
0
1
2
3
4
2
1
4
3
1
2
0
1
4
2
3
2
4
3
1
4
2
4
1
3
2
2
3
1
2
3
4
0
2
3
1
4
3
2
0
1
1
4
4
4
1
0
1
1
5
3
4
7
4
6
1
0
2
0
2
1
5
2
1
1
0
0
1
0
0
1
3
1
1
3
3
1
2
4
3
3
2
3
1
5
3
3
4
0
2
1
1
0
3
2
1
0
0
1
4
0
3
4
5
1
2
1
3
1
0
2
4
1
1
2
1
2
1
1
3
1
1
2
2
0
1
1
0
0
1
4
2
3
2
2
0
2
1
0
3
1
2
1
1
1
1
1
2
1
1
2
1
0
4
5
3
0
1
3
2
1
1
3
2
4
2
1
3
2
1
4
3
2
2
2
5
2
1
0
1
2
2
1
2
0
2
1
1
2
0
2
2
1
2
0
2
1
0
2
2
0
3
2
3
0
1
0
3
3
0
1
0
2
0
1
0
1
2
2
1
1
1
3
1
1
1
1
0
0
1
1
1
2
0
3
0
2
3
2
1
1
2
1
1
1
1
2
3
0
1
1
0
2
0
0
4
1
0
1
1
3
0
1
3
3
2
1
1
1
1
0
1
1
1
2
2
1
3
1
1
0
1
2
0
1
0
1
0
3
1
0
1
1
1
0
0
1
0
1
0
1
1
0
1
1
0
0
1
0
1
1
2
0
1
1
0
3
2
0
1
1
0
0
0
0
1
1
1
2
1
0
0
0
3
1
2
3
2
1
3
0
3
0
0
2
1
1
1
0
1
0
0
2
1
0
1
3
0
2
1
1
1
0
1
0
1
0
1
1
1
1
1
0
0
1
2
0
0
0
0
0
1
0
1
2
0
0
1
0
0
1
1
1
0
2
0
0
0
1
0
1
1
0
1
0
1
0
2
0
1
0
2
0
2
1
1
0
1
0
0
2
0
1
1
3
1
1
1
0
1
1
0
0
2
1
0
0
0
1
0
0
1
2
0
1
0
2
1
0
0
0
1
1
0
1
1
0
1
0
0
0
1
1
1
1
0
0
0
0
0
0
1
2
0
1
1
0
0
0
0
3
0
0
0
0
0
1
1
0
1
1
0
4
0
0
1
0
1
0
0
1
1
1
1
0
0
0
1
0
0
1
0
0
0
0
0
1
0
0
1
0
0
0
0
1
0
0
1
1
0
0
0
1
0
0
0
0
1
0
0
0
1
0
0
0
0
1
1
0
0
1
0
1
3
0
0
0
1
0
0
0
0
1
0
0
0
1
0
1
0
0
1
0
0
1
1
0
1
0
0
0
0
1
0
1
0
1
0
0
0
0
1
1
0
0
0
1
1
0
0
0
0
0
1
0
0
0
1
0
1
0
0
0
0
0
0
1
0
0
1
1
0
0
0
0
0
0
0
0
0
1
1
1
0
0
0
0
0
0
0
1
0
2
0
0
0
0
0
0
1
0
0
0
1
0
0
1
0
1
0
0
0
1
0
0
0
1
0
0
0
0
0
0
0
0
0
0
0
0
0
0
1
0
0
0
1
0
1
2
0
0
0
0
0
0
0
1
0
1
0
0
0
0
0
0
0
0
0
0
0
1
1
0
0
0
0
0
0
0
0
1
0
0
0
0
0
0
0
1
0
0
0
0
0
0
0
0
1
0
0
0
0
0
0
1
0
0
0
0
1
0
0
0
0
0
0
0
0
0
0
0
0
0
