0
0
0
0
0
0
0
0
0
0
0
0
0
0
0
0
0
0
0
0
0
0
0
0
0
0
0
0
0
0
0
0
0
0
0
0
0
0
0
0
0
0
0
0
0
0
0
0
0
0
0
0
0
0
0
0
0
0
0
0
0
0
1
0
0
2
1
2
0
2
4
4
4
5
3
2
4
3
4
2
3
6
10
47
115
369
905
2244
4799
9486
17391
27382
40533
54446
66508
72911
73247
66511
55095
41367
28184
17655
9817
5126
2339
1018
348
131
49
9
10
1
3
2
5
1
2
2
4
1
2
1
1
2
0
0
0
1
0
1
0
7
72
61
61
64
54
53
47
54
47
64
60
48
44
59
47
53
40
46
47
39
45
52
50
53
55
62
50
58
44
43
34
56
47
44
49
41
36
50
34
43
41
49
36
35
58
51
47
44
40
48
54
45
41
44
49
52
68
59
49
64
62
62
59
69
80
92
122
141
180
251
276
342
441
508
557
505
508
494
443
368
307
235
205
114
131
89
70
61
58
74
59
57
36
36
62
47
44
39
41
35
53
47
44
43
36
40
53
41
42
50
70
59
55
62
58
69
75
64
78
73
84
109
118
130
168
242
391
563
904
1454
2153
3354
4819
6421
8234
10130
11553
12693
13252
13319
12375
10962
9386
7504
5695
4394
3195
2262
1704
1183
1041
799
698
613
638
643
794
958
1138
1554
1974
2501
2973
3318
3814
3878
3952
3817
3264
2943
2362
1913
1475
1091
847
667
474
419
323
329
246
212
191
142
108
103
76
40
31
18
20
25
12
9
14
10
9
6
9
12
10
10
6
12
10
13
10
16
8
9
14
10
8
7
11
13
10
9
9
16
12
17
8
9
17
14
26
13
23
23
22
30
31
39
34
36
29
23
18
26
25
23
21
34
15
33
20
35
31
26
26
23
33
25
24
17
24
26
18
31
17
23
19
10
15
21
21
12
12
10
16
7
12
7
9
10
14
12
6
5
9
4
10
14
8
12
8
10
9
10
9
12
12
9
3
8
10
11
7
4
9
9
7
12
6
7
12
10
22
14
15
9
10
12
6
7
10
12
10
3
10
7
10
8
9
14
18
9
14
11
15
17
14
16
17
19
10
10
16
16
13
10
11
11
13
7
18
10
11
11
10
7
8
5
7
11
7
7
11
7
5
12
11
5
11
7
12
6
11
7
9
10
10
10
8
14
9
9
5
5
9
6
9
8
7
13
5
14
10
7
8
10
8
3
7
5
9
4
12
10
9
10
10
6
7
9
2
9
8
5
6
4
7
5
7
6
14
7
12
10
15
9
13
10
6
8
10
8
11
11
6
11
12
10
11
11
9
11
8
5
14
8
14
10
6
7
5
10
14
11
7
10
8
15
9
8
15
7
12
10
2
15
10
3
8
7
9
11
10
17
9
5
6
9
9
5
9
12
14
8
12
6
13
15
13
11
14
11
12
13
9
10
12
19
19
17
12
13
13
10
14
11
14
12
13
15
14
11
15
15
12
13
14
17
16
16
19
15
18
23
22
23
14
20
21
22
22
26
16
35
32
12
23
39
31
29
42
21
31
29
32
20
22
39
30
35
27
26
20
33
25
26
31
38
21
19
21
26
28
20
24
19
22
19
19
19
18
18
28
32
20
19
20
20
21
18
19
28
18
16
19
25
28
26
25
18
22
27
27
22
23
26
23
22
19
24
32
36
22
27
31
17
26
30
27
27
35
29
22
32
24
36
35
27
32
37
31
27
38
28
28
31
33
48
31
27
26
36
40
23
45
33
32
31
40
34
33
38
46
32
38
45
44
47
45
31
42
44
44
38
34
37
42
45
45
49
45
34
43
49
49
52
44
55
49
53
54
40
58
58
54
43
68
62
59
62
56
72
58
64
81
61
66
80
68
73
66
73
76
80
70
66
76
86
84
89
96
86
92
120
111
120
139
145
127
155
164
182
184
157
190
168
193
178
178
156
177
136
121
125
136
111
112
122
75
88
90
84
90
103
72
94
98
60
92
79
82
89
71
76
77
76
78
91
80
83
77
82
69
88
92
77
72
73
85
75
79
72
80
72
61
66
91
71
86
64
72
75
76
66
59
57
68
77
60
81
82
78
71
78
83
82
64
67
83
67
72
74
89
78
77
85
76
67
86
82
70
86
72
56
81
89
81
72
86
70
82
72
70
78
82
73
75
94
83
81
76
70
88
82
84
91
88
86
92
87
80
90
89
100
90
100
97
74
101
81
97
86
102
96
84
105
102
108
109
86
93
94
95
104
99
117
119
110
116
104
93
108
121
101
125
119
138
137
170
201
232
271
355
436
542
701
909
1255
1586
2026
2580
3012
3767
4600
5413
6249
7162
8065
8819
9410
10007
10228
10346
10323
10318
9818
9324
8575
7900
6943
5990
5268
4582
3738
3013
2441
1863
1480
1135
866
679
521
384
315
249
212
167
165
135
144
126
148
157
121
134
125
110
116
116
124
104
105
105
133
114
107
113
123
125
122
123
110
116
143
121
102
122
124
126
109
102
118
123
131
114
123
128
126
119
136
122
126
116
133
122
144
148
135
145
131
151
159
197
157
193
202
217
234
313
318
393
439
482
557
680
756
826
1006
1038
1254
1245
1289
1412
1471
1439
1463
1452
1414
1357
1256
1131
1082
944
875
715
667
579
511
462
390
300
265
238
215
208
171
183
162
162
181
178
161
156
162
167
177
186
186
186
164
177
182
199
203
209
204
238
231
233
233
265
248
269
228
261
231
271
253
251
240
297
254
303
245
271
268
273
265
298
265
276
288
252
263
266
278
297
280
265
273
268
256
270
271
295
251
237
288
250
258
252
248
244
240
213
250
274
249
243
270
247
232
233
209
253
264
227
258
228
239
219
238
217
232
230
239
231
239
225
248
254
251
250
238
246
265
234
213
225
263
218
232
229
259
243
212
236
211
210
233
220
243
190
257
256
221
210
233
228
221
192
211
209
215
232
208
221
202
223
216
196
213
182
232
194
217
211
200
192
202
182
198
212
195
179
193
188
198
204
209
184
175
202
189
192
219
168
195
176
184
207
172
213
211
176
188
196
167
189
205
193
203
179
206
198
182
201
189
181
171
202
208
175
216
211
212
173
203
220
182
205
207
204
198
228
196
235
227
230
197
182
211
221
203
208
220
220
219
196
215
204
237
194
239
212
223
245
225
239
238
231
225
235
256
246
234
221
206
246
258
236
278
250
264
258
266
254
275
257
246
245
234
230
283
245
259
263
227
235
256
288
283
261
245
236
286
252
240
235
266
266
240
248
257
250
253
255
246
250
255
245
272
255
244
240
244
248
254
248
248
230
255
228
241
254
249
230
256
246
267
259
276
235
264
257
271
227
248
227
223
224
249
239
237
232
215
259
237
244
237
235
235
215
241
255
251
240
236
248
245
244
256
232
259
221
234
235
224
237
276
247
253
265
194
255
232
232
265
247
256
217
233
244
256
233
239
248
245
262
244
269
279
272
245
237
228
258
258
274
265
266
265
276
218
272
256
265
282
262
283
251
271
251
268
285
245
249
246
307
290
246
254
262
261
249
263
261
256
258
267
285
276
283
283
269
238
264
281
283
288
248
280
259
241
282
288
302
278
283
287
272
252
266
280
274
291
290
302
292
276
263
293
285
288
258
293
285
270
311
303
270
286
273
295
270
296
289
286
281
248
320
302
309
270
300
300
289
276
265
271
289
280
296
283
278
266
270
291
292
328
311
291
285
282
291
282
304
299
296
297
306
288
278
302
306
289
277
312
275
260
299
300
273
275
277
278
280
252
271
296
269
261
237
279
266
243
281
267
267
265
282
251
280
251
245
271
259
274
279
268
269
254
260
242
256
267
301
254
262
252
266
283
258
237
257
250
267
242
231
263
255
261
255
270
239
259
254
268
293
256
251
270
240
293
265
249
257
249
249
271
239
261
277
263
229
247
218
268
227
242
261
257
279
279
275
234
249
225
268
241
263
274
215
242
248
268
272
306
245
274
263
259
239
274
268
263
256
269
224
253
232
247
262
256
238
255
258
250
235
260
279
260
258
258
247
252
253
247
262
268
253
248
254
267
231
239
259
242
253
233
267
238
250
234
249
265
240
263
275
272
258
245
248
233
236
242
272
251
262
269
235
248
244
229
229
274
255
269
273
248
267
240
234
225
252
238
267
223
235
234
251
296
239
240
256
232
265
265
275
255
267
263
254
264
262
258
276
253
233
247
238
260
250
283
228
255
243
251
230
270
237
246
261
251
256
252
226
268
248
282
259
243
250
254
267
251
291
242
254
265
242
257
300
250
274
267
284
261
281
287
276
279
270
286
279
275
274
275
281
279
295
286
262
259
278
278
277
282
333
260
318
267
316
294
312
289
317
296
320
297
324
325
342
326
319
312
300
322
345
360
368
385
371
318
346
364
368
409
354
403
401
376
387
413
431
378
413
406
396
434
420
424
432
401
501
477
477
476
542
510
538
517
565
544
545
557
602
652
631
629
654
661
723
690
753
766
809
745
811
894
965
868
953
974
965
1058
1072
1126
1095
1212
1229
1163
1258
1271
1280
1280
1334
1321
1375
1477
1441
1420
1440
1423
1377
1470
1490
1466
1476
1450
1466
1410
1402
1441
1460
1370
1359
1409
1405
1334
1345
1330
1282
1294
1217
1180
1195
1132
1138
1117
1085
1010
972
938
936
896
862
837
811
807
824
693
708
709
607
611
623
547
590
578
556
518
514
499
525
442
448
403
428
406
380
433
365
359
328
371
380
374
365
349
339
343
341
310
299
315
285
292
278
304
261
287
254
276
248
253
248
219
236
280
245
238
214
259
219
216
213
214
228
231
224
221
222
235
260
208
253
230
244
255
222
248
251
265
242
270
324
286
299
362
352
360
366
393
391
408
418
431
433
476
470
476
465
506
540
447
464
478
446
447
456
421
479
390
388
410
341
343
314
339
295
275
249
267
220
220
191
220
176
181
182
154
146
172
164
158
186
181
160
151
155
152
157
142
193
155
147
153
148
179
148
153
170
178
154
146
166
164
164
169
176
168
175
196
185
157
198
196
181
208
198
222
194
218
186
231
224
237
231
226
218
216
261
227
258
241
233
234
213
255
237
270
232
240
269
247
238
248
235
237
240
266
259
270
236
253
260
234
261
217
250
260
246
214
250
235
248
228
223
233
225
224
219
212
210
206
197
191
198
179
198
178
183
204
176
196
147
162
170
169
146
154
138
140
148
117
116
134
126
112
112
127
112
124
141
98
120
123
121
100
110
104
105
105
101
106
105
93
95
96
94
79
101
81
77
67
88
73
84
91
74
78
76
76
70
78
78
67
74
74
70
73
78
56
67
81
71
64
54
77
70
64
79
65
72
61
72
61
69
51
57
62
58
62
62
65
66
63
65
63
71
47
60
57
54
63
52
69
60
56
66
58
66
66
55
56
56
58
61
62
66
55
54
46
46
64
53
66
71
71
66
74
80
71
69
70
71
95
93
71
73
91
83
73
77
62
70
59
61
60
71
59
61
62
56
49
46
62
49
48
38
46
40
37
49
41
40
49
38
53
57
45
41
43
47
45
43
40
44
32
50
45
32
38
39
46
34
41
40
47
38
43
35
33
45
46
33
32
37
44
33
32
43
42
39
56
42
36
34
39
43
34
39
30
27
37
29
32
24
40
29
31
38
30
38
33
47
18
32
24
30
27
31
38
33
21
40
38
33
36
22
34
24
30
29
25
40
28
37
29
33
33
25
34
23
34
34
22
30
31
34
25
24
41
32
28
29
28
32
36
24
28
24
22
35
32
29
19
35
30
23
36
32
23
26
30
18
39
41
35
31
26
24
37
31
25
27
23
28
15
34
47
28
27
28
25
38
27
31
24
30
20
27
27
28
26
21
23
21
30
33
26
23
32
18
25
24
20
23
18
24
25
33
23
28
16
34
16
27
19
36
29
24
27
28
26
19
24
34
23
19
29
19
15
23
27
28
20
19
31
28
29
17
28
20
26
25
28
19
32
24
17
19
26
20
24
21
28
24
28
16
18
19
24
25
26
21
22
17
19
19
22
23
18
20
15
24
34
19
18
25
28
26
17
21
18
19
24
26
23
22
13
30
16
24
15
26
22
22
25
13
14
16
22
26
19
16
19
21
16
22
25
24
22
26
17
19
18
15
15
22
19
18
18
17
19
24
14
17
19
15
14
14
14
12
22
8
21
13
14
8
22
16
12
15
11
13
16
14
14
30
20
19
20
13
21
31
14
19
13
21
11
20
12
15
17
13
13
13
16
20
18
9
20
12
20
12
14
15
11
20
17
12
18
12
11
13
17
12
15
17
18
17
14
17
20
16
19
23
13
15
14
20
10
14
15
16
18
15
13
8
15
15
5
16
21
14
14
19
19
12
10
12
16
12
18
24
17
8
15
16
14
8
14
14
19
16
12
9
8
14
5
17
17
13
12
16
12
19
14
8
16
10
13
13
10
10
13
17
12
9
7
9
12
12
19
14
13
12
14
12
7
6
19
11
13
12
13
11
9
13
17
8
11
13
10
12
9
14
15
15
13
17
11
9
15
15
13
6
6
5
14
16
16
10
10
13
12
13
9
15
14
16
14
10
12
9
8
10
10
10
1
5
10
10
12
8
14
12
10
10
13
6
13
14
17
8
11
14
11
11
7
9
9
9
9
10
6
9
9
9
14
13
10
10
13
16
8
16
8
13
9
11
13
12
13
9
11
14
10
9
11
10
6
14
4
11
16
6
8
8
8
11
7
11
8
7
8
7
7
6
4
3
9
15
11
6
5
14
9
10
8
3
11
13
8
10
11
7
6
14
11
6
2
9
5
6
3
8
12
5
12
4
4
2
4
6
5
5
5
8
10
6
7
10
5
10
11
7
6
6
10
10
8
4
9
8
5
10
6
10
6
7
1
6
5
10
5
8
10
7
6
5
7
2
6
0
7
8
7
6
9
6
7
8
5
4
8
3
6
4
9
9
4
7
3
5
11
3
13
3
9
9
2
6
7
2
4
6
11
8
4
4
4
6
9
9
1
6
3
4
6
9
6
6
6
5
4
4
6
9
4
4
6
7
4
4
6
7
4
9
7
5
3
6
6
5
7
3
5
7
7
12
7
9
2
6
3
4
10
5
5
7
7
4
4
4
8
8
4
2
3
4
2
3
8
6
6
4
3
5
6
4
6
7
3
7
7
5
5
10
3
6
5
4
4
1
8
8
4
11
4
6
3
3
2
4
6
1
2
5
4
2
5
5
2
5
6
1
5
5
9
3
6
1
4
6
3
2
4
5
5
4
2
5
3
4
5
4
5
3
5
6
4
4
4
0
6
3
3
7
4
5
4
3
6
4
4
1
5
4
3
5
11
4
3
4
5
3
5
5
5
3
3
3
1
2
7
2
2
3
3
4
5
6
3
0
2
3
4
2
2
1
4
2
3
3
5
1
2
3
1
2
4
6
8
9
2
3
5
2
2
3
1
3
4
1
7
4
4
3
4
4
2
3
4
3
3
4
2
1
3
6
3
5
2
4
1
4
4
4
2
0
4
3
3
2
3
3
3
4
4
4
3
4
2
4
0
1
2
3
3
3
3
1
3
4
2
2
3
4
3
1
2
5
1
1
2
0
7
1
3
2
4
3
5
1
5
3
4
2
4
1
3
5
3
3
5
0
3
2
7
3
0
1
1
1
1
1
1
5
3
1
5
2
4
4
1
3
2
1
2
3
5
3
3
0
4
0
0
2
2
5
2
3
3
3
1
1
6
7
1
2
1
0
5
0
1
3
1
5
4
2
0
1
1
3
1
2
2
5
2
3
0
1
2
4
1
1
3
1
1
1
2
1
6
1
2
2
2
1
3
1
4
2
3
2
5
1
3
2
1
2
2
0
0
0
5
0
2
3
0
0
2
0
4
0
0
0
2
3
3
1
2
3
1
2
1
2
0
0
2
0
3
1
3
0
5
2
2
3
3
3
0
2
1
1
1
0
3
1
0
2
2
5
2
2
1
1
2
1
0
0
0
1
0
1
1
2
1
1
0
2
2
1
3
1
1
2
2
2
1
3
2
4
0
0
1
1
1
1
3
3
2
2
2
2
3
2
1
1
0
1
4
1
0
0
2
0
2
3
1
2
1
2
0
3
3
2
0
2
0
1
2
1
1
1
2
2
0
0
1
0
2
1
0
1
1
0
2
1
2
0
0
1
1
1
0
2
3
2
2
0
2
1
1
0
2
1
0
0
1
1
1
0
2
1
1
0
1
0
4
2
1
0
2
1
0
0
0
0
1
0
0
0
1
0
1
0
2
1
0
2
1
0
0
0
1
1
1
0
2
0
0
0
0
1
1
0
0
2
2
0
2
1
0
3
0
1
2
2
1
1
2
1
0
3
0
0
0
1
1
4
1
1
0
0
0
2
2
1
0
4
0
0
2
0
1
0
0
1
1
0
0
2
0
0
1
0
2
1
3
1
1
0
1
1
0
0
0
0
0
0
2
0
1
3
1
0
0
1
0
0
1
0
0
0
0
0
0
1
1
3
1
0
0
2
1
0
0
0
1
1
0
3
0
0
1
0
2
1
1
0
0
0
0
1
0
0
1
0
0
0
0
1
0
2
3
1
0
1
1
1
0
1
0
1
1
0
1
0
1
2
0
0
0
0
3
1
0
1
1
2
0
0
2
0
0
1
0
0
1
0
1
1
1
0
0
0
0
0
0
0
0
0
2
3
0
0
1
0
4
0
0
0
0
0
0
1
0
0
1
0
2
0
0
0
0
0
0
0
1
1
0
2
1
0
0
0
1
1
1
0
0
0
0
0
0
1
0
0
1
1
0
0
0
0
0
0
0
2
0
0
0
0
1
0
2
0
1
1
1
1
0
0
1
0
0
0
0
0
0
0
0
0
0
2
0
2
0
0
2
0
0
1
0
0
0
0
1
0
0
1
0
0
0
2
1
0
0
1
1
0
0
0
0
1
0
0
0
0
0
1
0
1
0
1
0
0
0
0
1
1
1
0
0
0
0
0
0
0
1
1
1
0
0
0
0
0
2
0
0
0
0
1
1
0
2
3
1
0
0
0
1
0
0
1
1
0
0
0
0
0
0
2
2
0
0
0
1
0
0
0
0
0
0
1
0
0
0
0
0
0
1
0
0
1
0
0
0
0
0
1
0
0
0
0
0
0
0
1
0
0
0
0
0
0
0
0
0
0
0
0
1
0
0
0
0
0
1
0
0
0
0
0
0
0
0
0
0
0
0
1
0
0
0
1
1
0
0
1
1
0
1
0
0
0
0
0
1
0
0
1
0
0
0
0
0
0
3
0
0
0
0
1
0
0
0
0
0
0
0
1
1
0
0
0
0
0
0
0
1
0
0
1
0
0
0
