0
0
0
0
0
0
0
0
0
0
0
0
0
0
0
0
0
0
0
0
0
0
0
0
0
0
0
0
0
0
0
0
0
0
0
0
0
0
0
0
0
0
0
0
0
0
0
0
0
0
0
0
0
0
0
0
0
0
0
0
0
1
0
0
0
1
2
6
0
3
5
4
0
2
5
3
4
2
3
1
1
3
9
36
118
338
906
2204
4742
9377
16512
27812
40560
54696
66567
73158
73262
66624
55197
41353
28408
17482
9667
5117
2358
996
406
134
39
16
5
7
5
3
1
2
2
0
3
4
2
2
1
0
0
2
1
0
0
0
0
7
77
68
73
54
46
61
53
47
53
48
62
53
51
49
74
54
61
62
54
60
54
49
45
45
59
61
48
49
44
39
43
44
46
42
42
27
54
41
47
52
44
36
55
58
50
46
44
43
52
56
42
41
39
54
53
49
40
40
57
72
58
67
60
60
85
119
102
155
180
255
276
379
411
489
488
505
510
493
447
358
302
263
210
166
129
107
72
73
60
52
48
47
40
34
36
58
53
58
51
36
42
42
47
48
41
47
40
57
68
57
54
46
58
74
54
53
72
62
83
82
85
105
110
141
201
239
354
575
917
1422
2302
3280
4886
6426
8322
10203
11824
12812
13501
13093
12562
10947
9494
7360
5818
4395
3151
2339
1649
1255
946
791
661
617
623
627
726
949
1260
1563
2013
2474
2918
3371
3793
3819
3900
3633
3409
2907
2360
1968
1485
1101
824
608
483
389
328
272
259
237
172
163
108
83
70
54
48
21
18
20
16
18
11
16
21
13
11
12
13
11
17
12
16
14
6
12
11
15
9
5
11
9
18
9
11
6
10
15
13
14
11
12
11
16
15
16
24
26
20
24
23
34
28
35
35
34
25
24
32
26
25
18
19
24
24
24
17
28
19
22
18
23
24
22
15
28
30
21
21
15
17
19
15
16
17
9
9
8
10
11
8
13
7
11
10
14
7
7
10
13
3
10
8
6
8
7
11
9
5
5
6
7
5
9
9
6
9
7
11
11
9
3
11
10
13
9
6
9
12
5
9
4
11
8
10
7
8
7
5
18
11
9
13
9
14
10
7
13
9
14
14
17
23
10
14
17
12
7
4
17
5
5
9
9
9
11
13
7
6
9
7
7
6
9
6
5
11
8
8
11
6
8
6
10
6
12
10
10
10
5
6
10
11
8
8
5
5
2
7
12
5
12
5
6
3
5
6
14
6
7
4
13
6
6
5
6
11
8
12
6
4
6
11
7
9
12
5
15
10
11
5
10
6
10
7
6
6
12
8
8
9
8
7
10
11
4
8
14
9
10
9
10
8
6
10
15
11
8
10
10
8
9
4
14
10
10
9
6
10
12
7
11
9
7
10
9
9
5
18
8
8
10
9
6
15
13
12
16
12
16
7
8
12
10
13
10
12
13
10
13
12
19
14
5
15
11
11
13
6
19
19
15
11
7
11
11
11
10
15
15
18
12
9
12
12
16
14
10
7
13
13
12
20
14
16
22
22
21
28
13
17
26
25
21
20
23
27
30
23
26
31
29
21
28
30
23
28
31
27
39
43
33
31
27
37
39
32
30
24
27
18
24
25
25
20
14
28
22
25
27
18
28
17
15
23
23
17
24
25
16
18
26
23
23
17
18
24
22
22
32
16
28
26
18
22
17
14
17
17
21
30
18
19
29
28
26
27
36
35
25
34
35
25
36
39
32
34
21
28
29
39
27
27
32
21
40
24
34
26
34
28
31
28
30
39
37
38
41
33
22
38
32
49
28
41
36
49
33
43
30
47
38
47
36
37
37
43
42
38
42
40
26
47
43
43
58
52
42
50
48
46
60
43
53
55
70
55
56
52
63
66
62
51
63
53
78
61
56
64
59
71
59
53
85
72
82
72
73
87
69
79
95
98
86
92
104
83
106
137
143
140
150
130
157
175
176
160
167
170
181
178
168
183
152
155
159
127
150
113
110
104
105
96
105
86
92
95
73
84
83
85
75
87
95
83
74
80
96
87
84
70
84
81
83
89
84
84
73
77
85
87
61
88
84
76
71
72
70
76
75
69
84
76
82
85
65
95
82
73
77
86
76
71
66
73
83
69
68
74
70
81
63
75
54
56
63
87
86
81
85
77
78
91
76
85
73
83
72
75
77
70
59
76
79
78
71
77
81
72
80
76
95
90
86
66
73
94
88
91
75
84
67
90
88
86
82
82
94
106
82
85
104
96
76
82
86
94
106
93
104
90
109
98
89
100
116
97
108
124
102
104
111
113
116
97
104
115
116
155
130
152
148
194
185
246
246
300
446
538
744
894
1135
1513
1906
2411
3011
3847
4638
5319
6274
6953
7982
8693
9313
9634
10134
10406
10283
10239
9934
9130
8492
7729
7144
6077
5198
4345
3664
2959
2471
1978
1554
1071
873
640
529
397
325
263
215
173
148
139
133
125
126
131
127
131
120
109
140
110
122
106
118
109
130
121
125
123
120
102
115
114
115
114
126
136
114
115
102
126
131
112
118
113
133
125
131
121
157
144
139
135
153
143
127
129
154
135
143
158
137
152
171
173
182
182
203
221
227
298
316
347
422
518
530
634
664
819
1004
1099
1114
1262
1291
1428
1413
1434
1495
1482
1455
1337
1283
1173
1063
957
858
784
659
559
499
370
347
338
251
272
211
200
186
195
162
190
157
163
156
172
158
157
188
162
193
168
187
194
202
200
219
220
246
206
224
256
252
191
236
235
236
241
295
269
270
243
283
265
278
295
272
254
291
275
259
274
296
287
275
276
265
252
285
257
266
268
266
223
245
265
235
240
275
270
283
252
273
269
262
275
230
265
232
240
243
250
230
251
228
248
236
220
236
224
274
219
232
243
213
226
256
256
252
239
243
233
215
250
233
211
226
201
226
217
226
234
257
245
230
237
237
203
254
213
249
261
272
235
224
242
240
256
262
214
231
223
229
247
199
229
193
221
240
228
250
231
212
182
192
238
219
196
189
183
208
224
222
227
208
219
214
203
196
219
216
185
201
200
217
202
189
207
168
188
213
189
200
204
184
225
188
184
197
201
191
174
205
212
201
202
192
202
203
197
205
195
188
204
178
185
189
228
203
195
216
212
216
217
217
209
221
211
194
223
219
231
221
206
249
222
231
211
204
203
241
238
214
221
234
217
230
236
252
248
242
211
240
260
233
248
262
279
252
243
274
248
250
284
266
268
257
264
262
284
282
231
281
282
277
269
270
258
281
305
290
296
293
237
274
248
280
286
268
286
263
273
275
303
255
247
273
267
286
237
252
223
253
246
265
249
257
254
273
276
229
262
278
264
255
255
245
251
275
256
257
264
255
230
222
269
250
227
227
244
235
263
214
272
263
253
248
246
264
225
253
226
281
240
248
260
263
251
270
247
267
273
240
251
268
286
239
255
242
244
283
245
275
263
254
214
234
258
251
295
282
261
273
260
247
262
260
272
267
241
278
258
284
265
272
272
290
252
284
277
281
271
253
316
263
300
267
271
272
266
273
278
262
242
297
273
297
307
243
289
290
267
284
273
268
310
288
302
287
296
265
296
269
290
289
269
269
293
259
290
296
284
303
281
280
264
304
297
282
322
283
272
299
300
287
282
279
294
311
307
313
269
273
277
289
306
282
282
294
338
297
290
298
295
291
302
306
327
312
298
296
310
274
308
318
309
302
316
342
320
308
302
346
331
291
295
315
315
312
313
284
285
307
325
271
306
296
310
332
300
314
294
305
317
311
298
299
311
307
281
294
299
315
299
298
331
318
292
293
284
335
305
320
300
292
299
280
298
317
304
321
299
290
286
296
283
283
309
277
252
284
282
308
280
274
292
288
298
286
286
283
278
265
280
292
274
269
278
280
278
278
259
277
248
276
257
257
266
231
263
262
250
283
277
258
260
262
274
268
242
247
268
304
281
289
289
259
262
264
263
267
284
282
252
264
283
274
270
273
248
277
284
252
254
235
245
284
263
278
268
250
258
278
265
268
276
266
283
249
269
286
263
272
277
268
291
261
307
275
285
258
276
273
264
264
271
276
284
300
276
283
281
261
272
268
267
274
271
284
302
274
235
254
236
245
270
275
239
241
252
278
242
256
269
274
255
266
284
258
282
274
270
252
282
272
284
251
244
299
262
250
253
257
273
252
248
238
243
276
254
247
287
281
266
261
266
240
271
268
250
286
277
270
262
262
266
251
270
260
249
284
270
260
232
280
247
267
259
252
277
280
263
277
281
259
282
272
253
281
306
276
303
254
252
247
262
250
275
285
298
274
271
257
297
272
252
308
267
283
270
276
289
277
282
292
297
298
305
316
325
303
278
348
300
308
309
313
297
296
310
314
287
305
302
334
320
317
320
317
337
337
302
332
321
360
337
329
377
354
369
351
370
356
365
372
364
353
435
391
397
390
395
397
413
397
360
390
433
440
416
437
456
453
455
454
448
448
497
507
519
522
531
535
567
582
605
596
574
646
605
654
678
696
676
732
719
758
813
792
826
848
893
884
896
1028
1001
1028
1103
1025
1100
1127
1163
1146
1228
1273
1330
1318
1340
1411
1490
1377
1406
1453
1463
1463
1509
1542
1448
1590
1513
1520
1570
1610
1529
1553
1555
1507
1514
1496
1449
1446
1425
1452
1353
1405
1367
1293
1260
1261
1177
1276
1162
1146
1091
1039
1038
989
960
952
940
882
877
789
819
753
734
676
719
653
656
647
632
570
584
534
484
549
507
494
435
447
452
426
419
440
403
407
385
378
386
393
353
327
375
302
360
334
297
352
328
289
298
288
328
271
281
261
277
297
274
272
297
247
246
271
231
260
238
238
252
227
251
257
224
217
257
256
238
240
228
242
264
218
281
249
253
286
283
292
301
296
342
355
348
364
375
381
404
402
441
419
485
436
495
502
505
522
466
474
496
520
484
491
489
449
426
458
407
412
377
340
372
340
322
306
236
277
229
217
217
213
183
201
155
175
157
172
161
149
156
170
154
156
161
163
136
168
181
172
177
160
161
155
162
163
180
181
172
164
167
160
163
189
192
190
195
173
189
199
191
193
192
188
203
193
208
221
198
213
192
262
247
211
236
244
240
265
239
256
242
251
260
259
276
278
262
264
245
244
286
251
281
254
251
272
273
273
276
256
233
272
233
263
259
266
256
243
228
208
244
263
221
223
220
217
186
231
209
216
207
188
169
221
186
184
198
182
178
174
151
168
168
162
175
138
138
151
154
141
139
129
127
147
141
142
116
118
103
130
105
117
118
119
114
98
88
88
109
94
101
107
95
107
121
84
95
93
105
84
89
93
84
89
70
73
87
87
91
69
73
79
64
76
79
52
58
62
57
57
80
79
72
70
63
57
62
67
69
72
66
63
52
68
60
60
58
81
74
60
59
59
63
59
53
62
55
54
57
62
55
55
40
54
59
55
49
56
47
58
54
64
64
46
47
58
55
72
63
63
65
51
73
69
70
79
79
72
70
75
77
82
83
73
74
81
79
64
93
71
66
81
76
62
78
63
71
62
72
52
49
47
57
48
51
36
56
44
49
42
41
47
50
52
37
42
40
42
46
46
57
57
42
47
52
51
33
45
48
50
47
33
30
41
32
34
36
52
34
37
39
39
39
40
32
32
49
30
29
45
30
37
42
35
32
36
44
34
36
29
42
43
30
38
31
25
44
33
40
37
34
38
33
29
34
34
38
29
26
39
18
23
24
39
40
41
29
37
33
37
32
38
31
37
30
28
36
34
37
35
34
27
36
28
22
32
33
28
40
19
26
23
34
31
30
35
31
38
30
34
24
24
24
31
36
32
32
27
30
31
37
25
31
32
33
35
26
25
24
31
27
25
21
44
25
20
17
38
24
29
31
22
26
24
31
24
16
27
37
17
31
34
26
23
31
18
28
24
24
27
35
28
20
20
27
26
21
29
29
24
28
28
28
20
20
39
23
20
30
18
27
35
19
19
18
32
22
28
33
30
22
12
25
22
23
30
27
25
17
21
23
18
26
21
24
30
23
19
22
22
32
12
19
30
19
16
19
25
28
20
25
30
24
24
23
24
14
23
27
27
26
28
26
25
14
23
27
19
19
18
23
29
19
15
16
24
20
14
28
21
31
25
22
22
14
22
19
22
16
17
23
27
13
12
23
18
14
17
23
21
15
24
22
18
15
25
15
24
14
27
12
14
19
15
17
18
24
25
18
15
9
16
15
20
14
20
20
18
20
24
16
16
20
15
7
23
17
17
19
11
21
18
15
11
14
21
18
15
9
17
13
17
13
18
30
18
13
12
18
26
14
16
15
20
21
17
21
17
18
9
18
7
16
18
14
12
13
25
16
25
14
19
18
27
9
19
20
10
12
20
23
16
22
14
14
15
15
16
15
17
15
17
20
15
14
17
12
11
21
15
13
8
10
11
10
17
15
12
13
12
8
15
18
15
10
9
15
18
9
19
18
14
15
11
14
9
18
15
9
9
14
13
10
12
27
16
16
14
10
16
9
11
10
10
15
16
9
11
11
10
18
9
10
10
5
14
10
19
17
14
13
8
14
14
14
13
16
11
12
14
18
11
10
12
10
11
7
8
16
8
18
12
13
11
14
11
14
10
6
11
11
18
9
8
10
7
4
9
21
10
9
14
7
13
11
5
6
9
10
15
7
17
11
18
15
14
14
9
6
9
14
6
12
10
7
14
6
2
8
12
9
13
9
9
11
8
7
8
10
12
5
16
6
5
13
5
18
12
11
11
13
2
6
11
11
11
7
7
9
8
8
10
5
20
5
9
11
4
6
13
10
3
9
16
6
6
9
8
9
2
13
6
6
4
8
5
10
9
10
7
8
6
10
4
5
8
12
10
5
8
2
5
9
8
10
10
9
7
8
10
16
7
4
8
4
7
2
7
10
9
3
10
9
6
7
10
13
12
9
3
7
5
7
9
6
8
5
10
10
3
8
7
7
4
7
6
14
10
7
3
4
5
6
6
7
9
6
1
6
2
7
8
6
3
4
5
11
4
3
4
11
9
5
11
3
3
5
6
4
7
12
4
4
6
5
4
4
4
3
10
4
6
8
7
7
10
5
5
8
7
5
2
3
7
5
6
9
7
10
6
9
4
3
6
9
3
2
8
5
8
1
8
5
7
6
7
6
8
7
5
5
5
4
3
10
3
2
6
3
3
2
8
8
6
7
3
3
6
5
5
7
6
4
2
7
1
3
2
5
4
9
8
3
4
4
8
3
4
3
5
5
4
10
2
9
5
4
4
5
4
2
4
5
7
5
4
7
6
3
3
6
6
3
1
5
8
7
2
4
9
3
3
6
6
1
4
5
4
5
4
2
2
6
2
5
5
6
4
7
4
7
4
4
4
6
8
9
0
3
4
5
7
5
2
5
9
4
3
2
6
0
2
1
1
4
3
5
4
3
1
5
3
2
4
6
5
2
1
7
4
4
1
1
3
4
5
1
1
8
2
3
1
6
2
1
1
4
5
4
3
2
4
5
3
3
8
4
4
8
1
0
2
2
4
2
3
2
1
7
2
2
2
1
1
6
4
6
3
2
3
1
2
2
4
2
3
2
8
4
4
3
1
4
2
3
1
5
5
1
4
2
4
4
2
3
2
6
3
5
1
5
1
1
4
2
6
1
3
3
1
3
5
4
3
1
4
1
2
7
3
3
4
0
2
3
5
2
5
2
2
3
1
0
2
5
3
1
2
3
0
2
1
0
4
3
3
2
4
4
1
2
1
4
4
1
2
4
3
1
4
0
4
1
1
1
2
5
4
5
2
2
2
2
1
4
0
2
2
4
1
3
0
2
1
0
1
3
3
1
2
1
2
0
1
2
2
2
3
1
0
5
1
1
2
1
2
0
2
0
2
2
1
1
3
6
0
4
1
1
1
5
2
0
2
3
1
4
3
2
2
0
3
2
0
1
2
0
0
5
1
1
0
3
1
1
1
0
2
1
1
1
2
1
0
0
0
1
2
2
0
1
2
2
4
0
3
0
1
0
2
0
1
2
2
0
1
1
1
0
2
1
3
2
0
0
0
3
2
3
1
1
1
1
1
1
1
0
0
2
0
1
2
3
0
1
3
2
2
1
1
2
1
1
0
0
1
3
0
3
0
1
0
0
2
2
2
1
2
1
3
2
2
0
2
3
0
1
1
1
2
2
0
3
1
1
1
4
0
1
0
0
0
1
2
1
0
0
1
1
2
2
1
1
1
0
1
0
1
1
2
1
2
2
1
1
0
2
0
1
1
3
0
0
0
1
2
1
1
1
0
1
2
1
1
0
1
0
0
2
0
1
2
0
0
1
0
3
0
1
1
0
1
2
0
0
2
1
2
0
1
1
1
0
1
1
0
0
0
1
2
0
0
0
1
0
0
3
0
0
0
2
0
0
2
0
2
1
0
0
0
1
2
1
1
0
0
0
1
0
0
1
0
1
2
0
0
1
0
0
0
2
1
2
2
0
4
1
0
0
1
0
1
0
2
2
1
0
0
1
0
0
1
0
0
0
0
1
1
1
0
1
0
0
0
0
0
0
0
1
1
0
1
0
1
0
1
0
2
1
0
0
0
0
0
2
2
0
1
4
0
0
1
1
0
2
1
0
0
1
1
1
0
1
0
1
2
0
2
0
1
0
0
0
0
1
0
0
3
1
1
0
0
0
0
0
0
1
0
0
0
0
1
1
4
2
0
0
1
0
1
0
2
1
0
0
1
0
4
0
0
1
0
1
0
1
0
0
0
2
2
0
0
0
0
1
0
1
0
0
1
1
0
0
0
0
0
2
1
0
0
0
0
1
0
0
0
0
0
0
1
0
0
1
0
0
1
3
0
1
0
0
1
1
0
0
0
1
0
1
1
1
1
1
0
0
2
0
0
0
1
0
0
1
0
1
1
0
1
0
0
0
1
0
1
0
0
2
1
0
0
0
1
0
0
0
0
0
0
0
1
0
0
0
0
1
1
0
0
0
0
0
0
0
0
0
1
0
0
0
0
1
0
0
0
0
0
0
1
0
1
0
3
0
0
1
0
2
0
0
1
0
0
0
0
0
0
2
0
1
0
0
0
1
1
0
0
0
0
1
0
0
0
0
1
0
0
0
1
0
0
0
2
0
0
0
1
0
1
0
1
0
0
1
0
0
0
0
0
0
0
0
0
0
0
1
0
1
0
0
0
1
0
0
0
0
1
0
0
0
0
0
0
0
0
1
1
0
0
0
0
0
0
1
0
0
0
0
0
0
0
1
0
0
0
0
0
0
0
0
0
0
0
1
0
0
1
0
0
0
0
0
1
0
0
0
0
0
0
0
0
1
0
0
0
0
0
0
0
0
0
0
0
1
0
0
0
1
0
2
0
0
1
0
1
0
1
0
0
0
0
0
0
