0
0
0
0
0
0
0
0
0
0
0
0
0
0
0
0
0
0
0
0
0
0
0
0
0
0
0
0
0
0
0
0
0
0
0
0
0
0
0
0
0
0
0
0
0
0
0
0
0
0
0
0
0
0
0
0
0
0
0
0
0
0
1
2
0
2
1
0
5
5
4
6
6
5
4
4
3
0
2
2
4
4
12
49
113
332
949
2202
4881
9477
16836
27446
40552
54454
66458
73328
73130
66845
55499
41241
27934
17403
9882
5058
2300
1024
409
120
48
21
2
1
4
2
1
1
4
1
1
0
2
1
0
0
1
0
3
0
0
0
0
11
60
52
69
52
62
55
70
57
49
52
55
61
53
43
47
45
51
57
57
46
42
40
45
42
43
39
47
54
51
45
47
50
55
40
30
38
49
38
39
47
45
44
40
39
33
48
45
50
48
60
49
44
53
39
67
45
65
55
45
62
49
64
66
79
75
94
123
141
167
229
293
344
430
501
493
548
547
472
412
382
322
246
168
161
108
92
77
64
71
39
52
52
53
45
43
37
52
41
36
39
48
51
35
37
32
54
37
55
51
49
47
55
48
54
61
64
70
79
79
78
82
81
109
121
164
233
347
588
866
1431
2232
3290
4722
6413
8316
10184
11746
12740
13403
13112
12485
10889
9321
7571
5832
4314
3148
2311
1696
1194
977
790
654
629
583
623
764
932
1242
1562
1948
2539
2998
3446
3719
4016
3979
3746
3377
2826
2247
1840
1459
1109
827
650
478
388
337
268
288
214
189
170
98
85
72
60
34
31
23
19
11
14
9
8
15
15
14
12
15
13
9
17
6
6
9
8
11
6
5
9
9
9
11
10
13
12
13
13
8
16
18
9
9
14
17
19
17
23
28
19
27
36
25
24
37
31
29
23
29
23
24
18
26
19
24
29
25
27
27
27
27
27
22
25
23
16
29
23
24
17
16
24
24
16
13
12
9
8
9
12
9
7
12
10
12
8
6
11
15
8
9
13
10
6
4
5
7
10
5
9
9
10
8
10
5
9
8
6
11
5
10
9
7
3
14
7
14
13
7
9
14
10
12
8
11
11
6
11
10
9
8
11
13
13
11
6
12
17
12
15
13
17
14
14
15
18
9
12
13
13
7
6
17
12
10
10
7
7
14
6
9
6
15
10
10
7
6
5
10
14
11
8
10
6
6
6
9
11
7
4
10
5
10
4
5
8
8
5
7
5
8
7
3
3
3
6
11
6
10
6
9
9
9
10
10
5
2
11
9
10
13
3
5
9
9
5
6
4
7
9
6
6
10
12
3
8
10
8
7
6
10
7
1
8
7
13
8
9
6
7
8
15
2
9
8
6
5
6
7
15
12
6
11
11
9
14
9
11
12
6
13
6
6
12
7
5
11
6
8
12
9
11
11
12
3
11
8
13
8
19
17
8
10
10
9
8
10
8
10
11
11
17
10
6
12
8
10
20
12
7
11
6
8
11
14
9
7
7
11
11
8
8
15
16
12
11
14
9
17
14
13
15
19
18
21
20
20
17
19
28
25
20
30
20
37
29
25
29
32
18
19
38
35
36
24
27
37
37
29
26
33
30
29
38
32
29
33
43
23
15
30
29
34
24
26
27
27
22
26
23
22
18
17
23
16
15
16
16
24
17
20
21
20
21
14
19
21
21
25
22
22
23
24
19
20
20
18
24
17
27
15
30
25
33
29
23
34
23
27
26
24
34
34
26
17
34
25
28
23
28
28
25
24
25
37
28
27
30
27
32
30
28
29
27
34
30
19
27
23
44
33
40
41
43
36
32
35
40
33
36
36
58
40
44
43
43
46
42
33
36
38
33
43
51
53
53
41
55
54
48
51
45
37
47
51
55
52
54
59
57
55
62
58
51
64
71
69
63
74
65
82
59
64
75
74
83
62
56
71
80
70
81
78
96
85
81
107
91
129
139
137
121
135
143
177
147
174
183
165
201
204
158
164
174
139
141
123
119
115
101
118
107
109
93
92
118
81
84
78
78
94
77
70
84
76
65
95
82
80
83
73
93
95
82
69
82
73
72
73
70
82
82
83
66
97
83
81
72
62
70
75
60
58
78
64
79
68
60
76
71
62
71
68
87
74
56
82
62
90
63
70
74
67
52
69
84
70
80
57
72
70
79
77
78
78
76
96
82
66
70
78
75
93
88
87
71
76
77
73
86
85
90
66
85
70
88
89
91
63
108
90
80
77
100
79
99
96
85
75
100
89
81
94
91
102
97
100
103
121
81
90
104
102
109
99
90
114
104
114
99
98
121
106
124
122
119
117
116
136
120
147
159
180
192
238
261
323
457
568
695
953
1214
1553
1958
2544
3092
3789
4527
5332
6279
6924
7964
8671
9200
9812
10307
10395
10442
10197
9757
9310
8529
7864
6977
6169
5252
4480
3567
3010
2444
1985
1520
1165
853
669
491
416
326
239
217
171
179
135
122
126
112
104
121
127
132
123
120
112
122
108
122
111
118
124
113
129
109
121
106
114
114
111
127
128
146
124
121
109
131
127
123
107
120
134
123
132
130
132
150
134
131
139
127
147
133
117
140
158
174
171
162
154
165
165
198
246
256
294
309
373
423
490
552
717
783
840
924
1105
1188
1228
1322
1462
1450
1490
1480
1433
1399
1351
1209
1152
1051
934
902
716
672
567
483
433
359
298
255
239
229
207
175
164
174
171
176
167
175
163
157
172
183
166
189
185
180
181
196
184
201
228
199
223
232
222
251
247
239
281
229
251
245
261
226
280
258
278
266
249
255
284
271
250
269
269
226
248
252
283
261
267
263
299
267
284
271
245
262
246
253
267
259
239
257
247
249
266
236
234
238
249
222
238
233
208
242
263
238
232
216
237
219
239
222
251
227
227
224
211
190
239
237
225
235
217
219
258
234
235
229
222
240
260
224
262
220
229
285
212
242
206
231
247
211
230
222
228
221
201
219
224
210
215
225
219
223
194
218
206
207
228
209
222
196
233
222
213
201
217
184
193
183
199
199
204
211
191
173
190
192
194
187
192
202
187
170
183
192
194
210
183
191
190
196
160
187
178
180
188
195
185
184
215
220
178
194
192
181
201
160
187
202
191
179
175
199
201
199
198
181
171
182
243
254
216
225
202
193
216
171
239
207
187
184
186
205
213
180
212
211
211
217
210
227
204
253
233
216
225
202
217
229
206
241
260
214
255
239
223
239
253
237
292
247
246
253
239
247
248
254
281
264
251
217
276
249
273
242
273
261
276
231
282
267
260
242
249
240
251
254
269
250
250
261
232
224
281
268
266
245
247
279
246
260
210
239
238
234
249
258
254
248
248
249
224
246
244
234
253
239
249
234
234
237
246
213
250
218
224
254
251
234
263
234
220
255
271
247
253
266
228
211
265
240
239
221
230
244
211
198
240
212
243
260
255
234
233
253
250
245
247
258
215
249
258
249
236
259
276
239
261
224
245
274
255
249
227
243
241
250
256
251
274
235
243
240
246
258
250
243
228
215
254
253
247
254
262
253
230
247
229
285
266
258
250
282
261
281
254
249
248
270
263
228
311
274
274
269
233
277
234
270
266
266
253
275
286
285
268
245
266
266
282
257
265
268
252
290
252
268
283
268
295
289
277
283
275
268
273
286
286
299
251
268
270
279
286
293
273
307
324
265
264
285
262
290
264
268
264
302
294
271
317
281
281
285
328
318
291
282
300
301
293
316
281
278
299
284
283
311
288
314
291
315
300
291
260
302
278
298
264
304
290
277
282
308
272
276
285
310
304
273
293
307
278
281
269
303
263
293
275
280
267
287
264
273
259
287
281
263
256
256
240
268
276
241
276
265
251
268
279
297
273
255
244
267
278
240
273
276
249
283
227
300
239
251
283
231
266
262
258
300
233
284
277
242
272
242
244
245
248
266
289
261
280
262
239
260
297
270
242
261
238
232
232
210
253
260
254
263
253
290
237
241
262
269
272
268
257
232
269
247
249
273
253
254
268
256
262
259
267
260
271
220
253
275
260
234
270
262
278
240
275
270
265
259
273
253
248
276
289
250
280
243
231
268
284
278
250
262
268
267
272
297
241
252
222
231
239
215
252
266
267
228
238
298
249
271
244
263
261
248
267
249
255
241
247
244
244
270
230
249
225
261
237
260
222
249
238
227
246
256
233
243
246
265
239
265
260
273
243
241
244
254
227
245
261
262
243
217
298
255
250
236
206
250
224
255
228
259
213
257
267
260
264
244
246
244
254
257
268
231
264
252
252
251
261
258
266
258
227
253
253
238
272
243
235
234
266
252
277
289
284
250
277
259
263
255
271
290
296
270
244
277
281
262
253
261
243
283
267
250
267
295
267
279
275
288
312
288
293
337
296
287
271
308
319
326
304
314
316
289
311
327
335
265
324
322
308
302
297
331
291
311
311
324
336
359
354
352
356
371
379
371
381
390
390
364
357
376
374
393
433
420
374
441
480
465
454
456
398
478
467
475
489
486
503
528
541
558
581
573
595
607
601
682
673
686
675
705
769
724
777
847
897
881
888
922
923
969
1031
1001
1055
1117
1087
1118
1157
1256
1169
1232
1264
1225
1337
1280
1408
1348
1430
1428
1330
1343
1387
1468
1421
1453
1446
1477
1421
1458
1440
1460
1388
1424
1441
1412
1369
1309
1322
1273
1300
1285
1242
1207
1156
1165
1135
1105
1043
972
1005
1014
955
961
918
877
851
714
757
779
722
673
637
662
699
598
573
590
526
506
516
499
475
469
456
415
424
416
430
399
373
359
376
350
379
381
371
353
345
338
352
307
296
279
283
283
317
292
280
289
262
275
269
275
283
258
271
228
260
240
243
242
265
230
224
222
245
208
232
243
186
220
243
196
218
235
238
241
246
242
235
238
285
283
311
314
318
359
353
350
362
362
394
396
412
441
414
463
469
482
474
512
445
473
458
483
489
470
439
428
465
415
382
377
412
327
316
338
310
272
230
268
238
209
242
195
184
186
176
180
177
171
154
143
148
156
171
145
152
133
152
142
150
136
153
137
148
139
174
156
158
145
186
178
181
167
165
173
165
194
160
189
197
187
189
193
188
167
218
204
215
202
202
209
219
221
223
235
202
206
229
211
224
249
241
230
246
269
255
270
254
259
257
265
199
285
231
248
257
272
238
250
249
241
239
277
224
250
247
250
236
228
244
235
227
188
220
218
227
183
208
229
183
227
208
205
178
205
178
173
191
176
170
178
147
184
187
180
138
132
122
134
156
148
119
133
150
165
117
135
123
121
120
113
128
118
106
105
106
111
110
88
114
96
104
101
83
122
99
102
92
78
92
101
91
89
101
84
78
81
98
89
80
86
77
87
80
63
68
69
78
80
65
68
67
92
64
67
69
62
58
60
62
65
72
69
64
64
50
55
58
67
60
58
58
66
62
60
83
62
55
43
52
68
63
54
49
63
54
65
63
49
56
66
51
49
52
58
60
63
53
63
48
55
52
74
53
80
72
77
73
66
81
87
78
71
96
77
73
77
59
72
69
60
69
77
73
70
70
62
61
58
49
66
53
52
53
46
43
42
38
38
40
36
44
60
45
46
46
46
47
41
45
45
45
45
44
38
35
41
43
52
38
48
28
37
31
36
47
49
41
33
41
43
44
45
21
42
42
39
38
37
30
34
37
37
42
47
41
34
35
41
35
36
31
44
38
34
40
27
35
28
37
32
41
40
41
30
42
36
37
39
34
24
31
26
35
38
47
33
31
25
29
34
31
30
33
29
32
34
28
27
31
30
30
31
34
21
22
41
36
24
35
20
29
24
41
25
28
34
32
26
41
28
30
25
29
35
32
30
39
36
28
21
22
25
28
38
32
21
23
29
30
22
33
23
16
21
28
26
30
29
38
27
31
19
33
30
26
26
19
27
27
20
25
26
28
30
19
26
23
32
30
30
29
25
28
25
22
19
27
18
17
20
26
33
28
23
23
25
23
22
19
29
30
22
19
30
28
25
26
23
17
29
27
20
21
19
19
19
18
29
22
27
19
21
26
21
21
16
22
27
16
21
22
19
22
15
26
26
17
12
19
19
21
29
24
28
24
16
22
22
24
25
15
25
24
23
27
15
18
23
29
14
18
26
20
19
24
25
15
14
20
17
21
11
11
18
25
14
18
24
19
33
18
17
19
25
21
16
24
23
21
21
19
11
13
20
13
16
11
19
14
23
26
21
13
13
23
18
14
14
20
22
24
19
28
19
17
16
16
16
19
18
17
14
16
14
14
14
11
13
15
16
15
17
18
11
9
13
18
18
17
20
16
23
17
19
21
9
13
25
17
19
18
16
23
15
14
21
22
15
11
8
16
10
14
16
16
4
15
14
17
22
17
16
15
8
10
18
21
18
14
16
13
9
6
11
14
17
27
14
22
14
13
12
12
20
13
21
7
13
12
15
14
15
17
14
16
19
22
12
6
9
17
12
13
10
8
11
10
16
14
15
11
8
11
13
16
15
14
12
14
13
12
9
8
18
15
11
14
11
11
22
15
10
9
11
12
10
15
13
15
13
17
11
11
9
10
14
11
11
18
18
11
11
11
11
13
11
7
17
13
17
14
6
6
10
10
8
12
12
10
11
12
3
11
8
9
12
13
9
14
10
16
15
11
16
11
6
7
6
12
15
10
8
9
12
12
12
12
5
15
15
6
8
16
7
7
14
19
6
8
13
6
11
12
15
10
6
6
13
4
3
9
12
11
8
12
11
15
8
17
10
7
8
11
8
15
12
7
14
7
11
5
11
9
9
9
12
7
11
7
8
8
13
5
7
8
9
8
12
6
6
10
11
6
10
9
8
8
12
11
7
6
6
7
11
9
7
8
5
8
8
8
4
9
5
6
7
5
9
9
3
3
9
6
6
9
7
5
8
5
8
5
6
6
11
7
8
9
4
4
8
7
10
8
11
2
8
12
10
9
6
7
8
8
2
6
6
3
8
2
7
8
8
6
4
5
7
8
5
4
7
7
9
10
8
3
9
7
9
7
4
3
4
8
8
6
10
11
2
7
4
11
4
10
16
5
8
9
5
6
3
6
6
14
9
8
6
4
4
8
8
7
6
9
8
3
2
1
6
8
9
9
5
8
8
3
1
4
2
2
6
6
4
12
3
3
2
6
5
6
7
5
4
5
10
4
3
4
8
3
8
5
8
6
13
3
7
3
6
6
7
2
3
8
2
3
7
1
9
3
3
9
5
7
7
9
7
4
4
6
8
5
9
6
4
4
4
3
8
9
1
3
3
6
3
1
6
5
8
3
1
4
2
5
6
7
6
5
6
1
1
1
2
6
7
7
5
7
4
3
6
4
1
6
5
2
5
4
0
6
3
5
2
7
3
5
4
2
5
1
3
6
5
5
7
2
2
4
3
3
5
5
3
2
3
3
4
3
2
3
3
4
4
0
3
3
1
4
5
8
5
1
3
4
5
3
6
5
3
3
3
4
10
1
5
5
4
6
6
4
4
1
0
1
6
4
3
5
2
3
0
1
8
2
4
1
3
2
4
3
1
1
3
3
4
2
3
2
2
2
3
4
0
1
4
2
1
6
2
1
1
2
5
4
4
3
2
7
1
3
0
4
1
4
0
2
4
2
3
2
1
3
5
2
3
2
4
0
5
2
2
5
1
1
5
3
4
0
4
2
3
2
3
1
2
1
4
4
1
2
2
4
5
2
1
3
1
2
0
3
3
4
1
3
2
1
1
1
4
1
3
4
5
1
1
1
2
1
2
0
2
2
3
3
5
2
1
2
4
4
2
4
1
1
1
3
4
3
4
2
3
1
1
2
0
2
1
2
2
1
5
1
1
0
1
1
0
4
0
2
1
3
1
1
3
0
1
2
1
0
2
0
1
1
2
3
0
4
1
2
1
1
2
3
2
1
3
0
3
2
2
3
1
2
3
2
0
2
2
2
3
2
1
0
2
0
1
4
1
0
2
1
2
1
3
2
0
3
2
1
2
1
3
1
3
2
1
1
1
0
1
2
0
1
2
4
0
2
1
0
3
2
0
3
4
4
2
2
2
1
2
1
1
2
2
3
0
3
2
1
1
1
2
1
2
5
0
0
0
0
1
1
3
0
3
2
6
2
0
0
0
2
1
2
3
1
3
1
1
2
1
0
1
1
0
0
1
1
1
1
0
0
0
1
1
0
1
1
0
1
1
3
0
0
1
0
0
1
2
0
1
1
3
1
0
1
0
0
2
0
1
0
2
1
1
3
1
1
0
0
2
0
0
0
2
2
2
1
1
1
0
2
0
1
0
2
0
0
0
0
0
1
1
3
1
1
2
2
1
2
1
1
0
1
0
0
0
0
0
0
0
2
2
0
1
1
0
2
0
2
0
1
3
2
1
1
1
0
1
0
1
0
0
0
1
0
1
1
0
0
1
0
0
1
1
0
1
1
0
2
0
2
1
2
1
4
1
1
0
3
0
0
1
3
0
0
0
1
2
1
1
0
0
2
1
0
1
1
1
1
0
2
0
0
0
0
1
0
0
1
1
1
2
1
1
0
1
1
0
0
0
2
3
1
1
0
0
2
2
0
0
2
0
1
1
0
2
1
1
1
0
0
1
0
1
0
1
2
2
0
0
0
0
0
0
0
0
1
1
0
0
3
1
1
0
0
1
0
0
0
0
1
1
0
1
5
0
1
0
1
0
0
1
0
1
0
1
1
1
0
0
0
0
1
0
2
1
0
1
1
2
1
0
0
1
2
2
0
0
0
0
0
0
1
0
2
1
0
1
0
1
1
2
0
1
0
1
0
3
0
1
0
1
0
0
0
0
0
0
2
1
0
0
0
1
0
0
1
0
0
0
0
0
1
0
1
1
1
0
0
0
1
0
1
2
1
0
0
2
0
1
0
0
0
0
1
0
0
0
1
0
0
1
0
0
1
0
0
1
0
0
0
0
0
1
1
0
0
1
1
0
0
1
0
0
0
1
0
0
0
0
2
0
3
0
0
0
1
0
0
0
0
0
0
0
1
0
1
0
1
1
1
2
1
0
0
0
0
0
0
0
0
0
1
1
0
0
0
0
0
1
0
0
0
0
1
1
0
0
0
3
1
0
0
1
1
0
0
0
0
0
0
0
0
0
1
0
0
1
0
0
0
0
0
1
0
0
1
0
0
0
1
0
0
0
0
0
0
0
1
0
1
0
0
0
0
1
0
0
1
1
0
1
0
0
0
0
0
0
0
0
0
0
0
1
0
0
0
1
0
0
2
0
0
0
0
0
0
0
0
0
1
0
0
0
0
0
0
0
2
0
1
0
0
0
1
0
0
0
0
0
0
0
0
0
1
0
2
0
0
0
0
0
0
1
1
0
0
1
0
0
0
1
0
0
0
1
0
0
0
0
1
0
0
0
1
0
0
0
0
0
0
0
