0
0
0
0
0
0
0
0
0
0
0
0
0
0
0
0
0
0
0
0
0
0
0
0
0
0
0
0
0
0
0
0
0
0
0
0
0
0
0
0
0
0
0
0
0
0
0
0
0
0
0
0
0
0
0
0
0
0
0
0
0
0
0
0
0
0
0
0
0
2
1
1
2
1
3
3
4
1
6
5
6
12
12
30
100
354
955
2280
4943
9505
17160
27970
40678
54679
66192
72615
72874
66450
54831
41003
28118
17825
10055
4942
2341
1028
404
131
51
11
7
0
1
3
3
0
0
3
1
2
0
1
0
1
0
2
0
0
0
0
0
4
72
77
75
65
71
61
63
43
52
56
48
50
49
45
50
49
61
42
42
44
47
45
47
37
39
47
44
36
44
42
37
41
48
55
41
51
50
50
43
32
37
39
35
34
57
42
49
45
37
45
51
48
47
48
57
27
61
63
51
55
62
73
58
59
69
84
98
127
164
203
261
341
415
477
521
508
525
444
388
380
293
237
186
136
95
99
70
56
63
47
48
39
49
42
40
39
40
44
36
54
24
41
42
36
35
46
37
50
33
43
57
46
47
51
56
60
72
84
79
65
66
67
77
82
119
170
299
487
798
1291
2088
3197
4347
6103
7981
9682
11252
12349
12857
12594
11734
10573
8751
7057
5413
3993
3137
2220
1625
1131
849
642
505
426
384
414
600
755
1037
1414
1879
2430
2960
3431
3777
3966
3996
3752
3523
3026
2408
1906
1522
1107
812
641
509
415
325
337
238
212
173
165
117
98
82
59
36
22
30
13
17
14
13
15
9
6
10
8
10
10
14
15
8
14
9
12
10
13
10
7
12
11
7
12
9
7
8
6
16
9
12
14
16
16
15
25
17
26
21
25
27
24
35
22
31
19
29
22
29
14
26
22
28
26
16
20
24
19
32
22
21
21
22
20
22
19
16
19
22
23
21
13
23
15
13
10
14
18
15
16
9
15
9
4
9
10
5
3
6
9
5
8
10
10
6
10
5
5
14
6
7
9
10
9
8
7
10
16
7
6
11
9
7
8
7
12
11
10
7
15
12
8
8
15
12
7
7
14
13
10
7
14
7
6
7
15
9
14
10
18
11
7
13
25
12
14
12
11
10
10
7
14
9
5
14
9
11
10
9
4
17
12
8
8
6
7
5
9
9
6
12
9
8
5
9
9
8
13
5
9
7
9
4
5
6
5
4
7
8
4
11
10
7
5
12
9
5
8
8
16
8
3
5
8
6
16
11
7
10
6
12
12
6
10
8
8
10
6
4
7
2
4
11
5
8
3
6
4
4
4
7
8
9
8
7
9
7
4
4
6
10
7
6
9
15
3
7
4
5
8
4
3
10
6
5
6
5
9
16
10
7
2
10
11
6
5
11
8
7
7
10
8
12
7
8
9
11
9
13
9
18
7
10
8
8
8
7
11
15
7
11
10
10
10
16
11
11
4
11
12
8
8
14
14
17
14
11
11
10
10
9
16
22
17
22
10
15
11
12
19
11
18
16
20
26
16
27
23
15
27
36
20
26
28
25
19
19
29
25
32
30
39
37
27
32
39
35
33
31
29
39
25
31
24
23
27
28
21
24
22
38
32
20
20
23
27
27
15
27
22
20
31
20
16
25
23
20
13
21
14
14
18
18
20
26
17
16
19
24
16
16
19
16
18
19
25
27
24
20
25
15
20
25
23
31
21
16
23
23
27
21
30
28
24
38
29
25
31
28
26
30
27
32
29
30
29
22
31
34
26
34
29
25
34
30
31
29
39
37
32
25
36
43
27
35
27
30
53
35
37
29
44
30
54
34
36
40
43
44
40
40
42
46
40
43
50
38
47
55
44
49
36
47
49
54
58
50
42
63
50
41
54
63
58
61
51
62
50
57
50
64
67
62
63
57
72
57
80
74
79
63
76
76
72
83
76
80
88
73
78
98
97
85
96
86
109
114
106
123
106
117
112
116
108
99
99
94
92
90
103
107
71
95
72
77
80
84
85
82
77
73
88
72
64
67
79
80
79
73
82
72
77
81
70
80
69
78
104
87
87
70
64
84
76
81
74
71
74
91
74
82
80
73
77
70
56
85
77
70
82
72
73
68
77
71
69
61
90
60
84
84
83
75
75
76
76
72
70
90
72
73
95
74
70
57
75
74
64
87
74
83
80
84
79
78
68
85
83
81
72
83
79
77
80
96
84
97
82
88
86
89
79
91
86
89
83
89
93
80
98
91
93
77
78
85
97
84
83
93
93
80
79
112
95
86
90
113
111
94
96
97
87
103
102
107
96
117
106
122
119
133
148
166
191
255
310
375
450
564
796
1012
1350
1682
2127
2698
3271
3986
4607
5367
6204
7000
7787
8609
9166
9720
9982
9988
9939
9730
9414
8677
8193
7340
6574
5697
4876
4218
3443
2839
2206
1778
1383
1094
762
656
489
391
294
229
202
169
152
150
92
109
131
102
111
121
116
116
134
107
101
124
90
112
97
115
114
95
110
122
91
88
112
126
115
116
116
121
109
111
118
128
132
103
119
122
129
103
128
125
134
114
130
114
145
136
138
139
136
138
126
151
162
165
172
198
202
227
261
279
326
350
440
524
568
693
770
908
943
1027
1177
1182
1342
1401
1388
1379
1437
1384
1400
1275
1209
1097
1038
915
829
743
628
567
437
407
342
277
249
239
208
214
174
166
157
146
174
139
135
149
167
135
172
149
116
150
180
146
165
141
154
157
155
166
150
145
161
173
168
169
165
186
199
170
182
172
156
201
182
196
166
159
174
185
192
207
197
199
210
188
205
197
204
196
218
215
215
183
190
215
218
207
230
211
215
227
235
210
235
251
221
242
255
273
255
234
232
262
239
227
232
239
273
244
251
276
243
274
283
262
257
245
255
262
262
264
245
257
237
245
253
260
253
251
225
251
236
234
267
248
237
240
232
224
221
239
230
210
206
220
229
211
204
190
227
208
216
196
215
207
203
236
205
197
194
163
208
186
198
176
190
187
179
194
208
210
207
215
189
164
177
193
199
219
193
190
185
176
193
171
174
166
189
177
168
194
196
170
179
178
182
166
176
209
173
185
184
184
182
191
191
171
181
208
181
178
173
178
172
204
193
188
186
178
202
214
192
180
197
189
231
189
205
193
187
173
194
180
170
181
207
177
210
199
193
198
201
216
218
188
196
196
194
195
174
202
196
195
209
190
190
204
206
210
188
186
212
185
241
200
194
192
194
210
201
208
198
178
187
202
204
203
209
217
224
201
212
213
226
199
225
199
210
211
209
233
195
198
204
210
203
210
207
238
238
202
203
218
223
226
208
204
242
212
240
210
199
206
244
195
220
210
231
242
224
243
214
243
220
239
221
227
231
229
245
238
230
212
214
201
230
216
179
232
221
246
234
214
211
250
240
267
240
217
223
239
231
212
250
225
228
229
234
229
233
227
223
246
246
250
250
222
246
229
232
239
226
236
238
263
216
234
232
253
266
256
219
254
233
240
264
261
240
229
258
257
245
236
238
271
262
258
245
247
270
281
259
265
250
283
239
271
268
244
278
277
275
260
269
282
275
263
283
265
302
258
303
270
274
275
301
290
289
276
295
269
304
302
291
275
284
303
316
307
312
298
301
265
263
292
272
285
290
311
299
291
322
292
285
294
291
319
289
314
299
278
297
287
299
317
323
319
297
309
264
310
270
310
331
272
275
296
310
318
260
320
295
278
293
292
292
304
272
302
278
291
279
277
300
297
252
287
274
260
285
245
296
269
270
304
289
279
288
283
271
257
273
279
240
282
264
289
263
256
273
280
257
256
251
264
224
249
244
243
263
297
269
292
290
266
243
239
250
256
297
262
262
243
264
255
265
233
272
268
225
251
249
241
263
249
275
267
249
255
236
239
241
268
253
274
244
263
228
255
242
261
259
241
219
264
257
237
230
235
230
237
251
251
257
255
242
262
238
261
249
239
241
257
288
291
244
247
270
248
235
269
239
244
233
243
252
256
264
267
255
260
227
249
236
296
261
236
253
227
256
263
255
248
248
234
254
219
236
266
231
240
253
227
254
240
230
251
219
234
241
224
205
249
213
249
245
250
255
232
255
223
216
257
242
208
242
225
257
234
255
218
253
227
233
245
238
238
218
232
226
245
257
233
247
252
258
243
262
236
239
213
248
248
265
269
220
238
249
243
247
265
252
260
227
261
228
247
253
257
242
244
248
259
257
271
236
226
252
278
257
241
248
231
239
250
244
214
221
245
261
223
232
240
226
257
265
247
252
240
286
251
263
256
260
236
268
260
245
250
255
271
262
248
249
265
262
260
250
255
265
232
265
284
287
247
304
269
297
275
293
276
297
286
286
303
309
284
299
286
315
307
329
326
342
311
311
278
306
309
345
306
325
323
311
365
326
354
380
366
326
349
320
343
326
320
370
380
369
377
397
399
389
387
415
374
347
384
422
388
437
417
420
408
411
460
464
482
465
457
482
513
496
497
520
530
561
552
552
650
585
634
642
648
631
722
727
749
754
764
827
831
849
857
882
981
953
1060
1029
1071
1111
1037
1163
1168
1161
1256
1280
1261
1316
1332
1375
1318
1396
1386
1456
1409
1344
1429
1407
1421
1447
1438
1446
1506
1469
1481
1400
1374
1351
1383
1394
1293
1326
1341
1317
1271
1244
1284
1198
1107
1137
1146
1109
1083
1009
1005
916
915
910
861
830
828
790
750
751
670
662
671
596
582
591
619
529
550
491
514
482
438
456
415
428
469
396
397
369
384
360
347
356
355
312
328
273
335
301
324
338
284
356
318
309
268
303
283
234
288
274
236
238
253
255
236
255
238
240
226
233
234
228
241
208
235
232
184
232
231
213
191
245
209
217
264
230
238
258
252
241
293
295
288
309
323
322
352
313
341
332
366
381
369
432
385
406
418
462
474
407
437
437
413
455
465
378
460
383
390
403
357
375
350
321
336
315
282
262
253
212
248
231
184
199
192
167
163
185
166
147
148
159
132
166
139
138
150
167
158
152
163
187
171
150
162
157
166
160
156
157
166
142
165
154
156
172
180
173
185
190
206
186
178
199
179
194
191
206
207
209
208
203
213
230
228
219
220
216
245
246
239
228
222
234
274
262
260
222
249
254
256
241
271
247
286
221
252
250
223
256
271
247
233
275
267
265
225
234
236
229
252
228
246
233
217
206
220
184
242
208
215
220
196
207
167
181
194
180
173
162
171
181
170
165
161
168
163
142
129
155
129
116
116
127
136
125
105
129
107
102
126
106
106
113
129
96
92
107
109
113
101
110
104
108
71
80
101
103
94
79
100
71
87
85
90
93
97
65
67
72
74
71
65
78
76
81
72
71
68
66
51
65
72
65
60
71
59
77
57
53
58
63
53
61
53
72
71
50
47
67
63
69
66
61
55
59
56
51
59
62
67
59
56
43
58
51
56
56
55
58
55
67
61
65
61
47
58
60
58
60
59
60
73
63
83
57
63
60
77
63
88
70
64
80
91
81
61
66
67
81
87
71
61
63
59
70
69
70
62
69
52
35
58
59
55
52
48
52
39
55
52
41
51
52
39
40
43
44
35
45
48
42
46
44
40
46
32
43
41
48
52
38
42
33
42
36
35
47
40
39
33
38
43
42
34
33
47
34
39
27
31
30
33
44
35
42
30
37
31
33
41
33
45
40
34
28
36
34
26
48
34
41
37
31
23
35
31
45
34
41
32
28
29
32
23
34
30
19
33
32
33
35
25
31
43
35
18
32
17
28
29
30
32
31
35
29
24
26
27
29
30
32
35
24
33
30
21
29
19
38
36
33
32
31
28
28
28
24
35
32
24
20
25
27
26
34
31
38
29
22
29
33
33
30
30
33
31
22
28
33
20
35
29
15
22
24
29
19
31
24
27
31
27
28
34
23
32
33
22
32
29
23
31
25
25
30
26
21
34
18
19
25
28
40
23
23
28
20
25
22
22
28
32
26
29
21
29
29
22
26
24
25
18
21
29
18
23
23
22
25
22
25
16
28
25
28
24
17
12
23
19
19
21
28
23
31
18
22
24
17
19
20
25
25
19
17
21
18
20
13
20
23
32
23
19
20
26
16
22
17
13
11
16
24
22
19
18
21
21
18
23
20
14
24
16
17
20
23
24
18
11
21
16
22
20
27
19
17
13
16
14
20
24
25
17
28
21
21
21
17
20
17
18
16
21
14
21
18
21
21
26
21
15
25
18
15
17
21
9
14
17
10
19
14
15
10
14
18
11
20
13
18
17
21
15
17
10
12
19
22
20
19
12
18
13
12
12
17
10
8
12
23
20
24
22
21
17
12
13
11
15
11
14
17
11
18
21
24
24
15
22
12
18
16
18
13
11
15
14
18
15
13
19
17
18
19
13
9
17
16
12
22
17
23
21
8
12
17
22
21
12
10
18
15
14
15
6
18
7
19
13
8
15
20
15
19
10
23
9
5
7
13
14
11
8
14
11
10
15
11
11
12
15
8
20
14
10
18
9
16
16
13
16
14
14
10
14
12
10
12
13
11
14
12
11
14
12
13
15
13
11
13
10
17
5
10
5
11
8
16
8
16
12
16
13
10
10
11
10
11
10
10
7
9
7
11
14
12
16
11
10
6
5
5
16
12
11
9
13
17
4
6
18
14
12
16
7
14
8
7
7
17
5
11
13
14
6
13
12
9
6
14
9
3
17
6
17
12
9
8
9
17
9
7
5
12
11
15
10
16
10
12
12
11
5
10
10
3
7
7
6
12
15
14
7
10
12
11
9
12
11
6
13
12
15
12
7
4
14
7
6
12
11
11
11
13
6
3
13
8
10
11
7
8
5
6
9
8
8
4
11
11
11
4
10
8
7
7
7
10
9
12
9
6
10
9
7
7
9
12
8
11
10
4
9
8
14
7
7
8
6
6
7
5
17
11
18
5
11
5
3
9
9
8
7
11
8
10
3
8
11
5
7
7
15
5
6
9
6
4
6
7
4
7
10
4
8
9
6
10
0
4
9
8
8
7
2
5
6
8
4
7
11
5
11
6
6
4
11
4
4
4
5
10
6
6
7
1
4
7
5
5
6
6
6
8
11
9
4
2
5
6
6
7
5
6
5
9
11
8
5
6
8
5
6
7
5
5
4
6
5
4
2
7
2
4
8
9
5
5
3
9
3
4
5
11
5
5
6
5
5
4
11
0
6
7
5
5
1
1
7
6
2
4
3
9
4
2
3
7
5
3
6
4
3
1
7
2
2
7
5
5
2
0
2
7
6
2
6
5
5
5
4
5
7
9
6
1
6
8
3
2
3
1
3
2
5
3
4
3
6
1
3
0
5
2
3
4
5
1
5
3
5
4
4
6
6
3
1
1
4
3
2
4
3
3
1
7
5
3
3
1
5
5
3
1
6
1
1
2
5
0
4
1
2
5
3
3
3
3
4
3
4
3
3
6
4
5
4
2
3
5
4
2
5
3
0
2
1
7
2
3
4
5
0
6
4
4
8
2
4
3
2
3
4
0
5
4
3
1
3
1
4
1
1
1
4
4
3
2
7
1
6
4
1
3
3
1
4
5
3
2
5
4
0
3
5
2
3
2
3
2
6
0
3
3
1
3
3
1
0
3
3
0
6
3
1
5
5
3
4
0
3
3
2
2
2
1
4
1
2
5
6
0
3
2
2
2
5
2
1
1
3
3
5
2
4
2
5
2
3
1
3
2
1
2
3
2
1
1
2
2
3
4
0
3
5
3
4
4
2
3
4
2
3
0
3
5
0
1
1
4
4
5
1
3
0
3
4
5
0
1
5
0
1
4
0
2
1
3
3
0
2
3
2
0
2
3
2
1
1
2
2
4
2
2
1
2
5
3
2
3
2
2
4
2
2
1
3
0
5
3
1
1
3
0
1
3
1
2
2
2
0
1
1
2
1
1
3
4
3
2
1
1
1
1
2
1
4
2
1
1
0
4
1
1
0
0
1
2
2
1
0
0
2
4
0
0
1
1
0
2
2
1
0
2
2
1
2
1
1
0
0
2
1
0
2
0
1
1
0
0
2
1
2
2
2
2
1
1
1
1
1
1
0
4
2
0
2
2
3
2
1
2
1
4
1
1
0
0
0
2
2
1
1
1
3
3
0
0
0
1
1
2
1
2
0
0
1
1
2
0
1
2
2
2
0
0
2
0
1
1
3
2
2
0
2
0
2
1
0
2
0
2
2
1
0
1
1
1
1
1
1
0
0
0
1
1
0
1
0
3
1
3
0
0
0
1
0
2
5
0
2
0
0
0
1
2
1
1
0
1
0
1
0
1
0
1
0
0
0
1
3
1
2
0
1
0
0
0
1
0
3
0
0
1
1
2
1
1
3
0
1
4
0
1
2
0
0
0
1
1
1
1
1
1
1
0
0
1
0
0
1
2
0
1
4
2
1
0
1
2
1
1
0
3
0
1
4
0
1
1
0
0
2
1
3
0
1
2
0
0
0
1
3
0
1
1
1
0
0
1
0
0
0
0
1
3
1
0
0
3
1
2
1
1
2
0
0
1
0
0
0
0
1
2
0
0
1
0
0
0
0
2
1
0
0
1
0
1
0
0
0
0
0
2
0
0
0
0
1
0
0
1
1
1
0
0
0
0
2
1
0
1
1
2
0
0
1
1
3
0
1
2
1
0
2
1
0
0
0
2
0
0
0
0
1
0
0
0
0
0
0
0
2
2
0
0
0
0
0
1
0
0
1
0
0
0
1
1
1
3
0
0
0
2
0
1
1
0
0
0
1
0
1
0
1
0
0
0
0
2
2
1
0
2
1
2
1
1
1
0
0
1
1
0
0
0
0
1
0
1
0
1
0
1
0
1
1
0
1
0
1
0
0
1
0
1
0
0
1
1
1
0
1
1
0
0
1
0
0
0
1
1
0
0
0
0
0
0
0
1
0
2
1
0
2
0
0
0
1
3
2
1
0
0
0
1
0
1
0
0
0
0
0
0
2
1
0
1
1
0
0
0
0
0
1
0
1
0
0
1
0
0
0
0
0
0
1
0
1
0
0
0
1
0
1
1
1
1
0
1
0
0
1
1
0
0
1
1
0
0
1
0
0
2
2
0
1
0
1
0
1
0
0
0
0
0
0
0
0
0
1
0
0
0
0
0
0
0
0
1
0
0
0
0
1
0
1
0
0
0
0
0
0
1
0
0
0
0
0
0
0
0
1
0
0
1
0
0
0
1
1
0
0
0
0
0
1
0
0
1
0
1
0
0
0
0
0
0
1
0
0
0
0
0
1
0
1
0
0
0
0
0
1
0
0
0
0
0
1
0
1
0
0
1
0
1
0
0
0
1
0
0
0
0
1
0
0
0
0
0
0
0
0
0
0
0
1
1
0
1
0
0
0
0
0
1
0
0
0
0
0
1
