0
0
0
0
0
0
0
0
0
0
0
0
0
0
0
0
0
0
0
0
0
0
0
0
0
0
0
0
0
0
0
0
0
0
0
0
0
0
0
0
0
0
0
0
0
0
0
0
0
0
0
0
0
0
0
0
0
0
0
0
0
0
0
1
0
0
2
1
6
1
6
5
0
2
3
2
2
4
1
2
6
5
25
39
130
343
893
2247
4872
9322
16807
27654
40997
54744
66155
73218
73321
66589
54961
41454
28010
17440
9799
5089
2409
1032
387
133
49
15
5
0
3
1
3
3
3
1
0
2
1
0
1
3
2
1
1
0
1
0
0
4
61
71
56
63
66
68
64
46
68
62
48
60
56
46
50
47
43
60
49
55
43
51
56
44
51
60
50
60
46
39
38
43
50
44
45
44
52
56
38
54
45
42
44
44
44
48
39
49
43
46
37
45
55
41
45
46
59
48
70
63
68
68
71
78
70
88
104
135
179
247
308
344
435
527
531
519
547
496
432
341
283
261
188
166
109
112
90
63
78
59
49
41
34
36
49
40
35
37
34
40
38
47
45
45
38
36
36
36
43
60
58
52
51
60
56
61
58
81
81
79
94
113
113
150
179
251
386
554
990
1422
2188
3186
4657
6365
8323
10020
11786
12889
13346
13092
12305
11043
9185
7478
5798
4231
3095
2362
1699
1269
976
792
632
601
567
670
756
928
1177
1559
1964
2449
2967
3445
3717
3929
4008
3779
3523
2970
2370
1925
1502
1096
814
627
509
389
342
305
246
218
183
162
119
111
64
42
39
29
25
17
14
10
12
8
16
5
15
8
7
13
8
14
10
15
11
5
10
19
7
8
10
12
13
12
14
10
12
8
6
15
13
9
20
7
13
23
29
21
25
26
33
33
26
25
30
30
36
29
15
22
20
24
23
21
22
24
32
30
22
26
33
20
23
17
25
28
17
28
28
23
16
30
17
14
13
10
15
13
10
11
5
8
6
6
9
6
9
8
7
9
9
3
6
4
11
6
14
9
5
10
5
10
8
10
6
5
11
4
6
9
7
13
10
7
8
11
10
9
13
7
11
11
11
8
5
4
9
12
9
7
7
9
5
10
11
6
9
6
13
18
16
23
13
21
20
15
15
12
10
14
5
16
9
15
8
2
12
9
7
6
7
10
12
9
7
13
6
11
6
8
9
13
7
7
9
4
8
9
10
10
7
6
6
7
11
7
5
9
8
9
4
6
10
15
10
7
4
6
9
11
6
11
6
6
6
6
4
7
9
12
10
7
10
8
6
5
9
8
4
7
7
9
12
15
10
9
6
4
15
7
9
9
8
11
9
7
6
9
7
5
4
12
4
13
12
7
8
7
5
13
8
11
7
9
9
6
9
6
8
5
11
7
9
7
9
5
6
8
5
9
11
5
9
12
12
13
13
10
14
6
13
10
16
13
9
6
14
11
11
13
13
16
11
9
11
7
21
13
7
8
8
16
12
11
12
8
8
11
12
11
13
11
12
11
11
14
14
16
9
12
16
15
5
17
13
18
12
18
24
21
13
22
23
23
28
17
14
29
23
24
32
36
24
38
33
27
37
33
26
27
37
33
24
27
31
33
37
32
22
27
14
29
24
25
33
24
34
19
18
28
16
16
25
19
16
16
13
16
28
23
20
34
27
14
20
23
18
22
17
31
28
20
17
21
28
18
21
22
29
18
18
24
22
19
21
29
23
24
34
19
24
24
28
33
32
40
29
38
31
34
15
18
28
39
37
29
26
24
34
24
42
43
29
33
33
29
39
22
38
31
30
23
33
28
27
45
31
40
32
39
34
31
42
36
46
43
39
48
39
41
46
43
47
39
39
50
43
51
51
48
42
41
59
48
56
52
53
56
50
68
68
70
46
51
59
54
67
62
66
50
56
75
71
63
68
64
67
68
53
71
68
76
82
94
66
94
116
104
84
124
155
149
163
137
142
178
173
171
169
175
165
182
159
148
140
158
130
151
146
112
107
118
113
107
101
80
81
93
87
86
89
90
85
86
105
65
75
81
78
80
74
80
74
88
64
76
84
83
65
67
79
86
63
77
77
86
69
87
73
81
66
78
84
75
90
67
71
71
70
72
69
75
93
84
66
83
63
72
60
69
79
65
73
98
58
87
80
82
87
68
71
77
64
70
89
81
77
77
80
82
70
88
70
78
78
79
76
78
74
81
74
82
72
92
87
87
86
98
92
74
77
89
95
83
94
86
99
95
78
97
74
81
73
65
84
94
82
90
84
67
96
85
95
113
88
90
97
106
109
90
103
101
97
91
111
130
114
130
142
118
135
168
185
217
217
269
332
410
503
676
937
1165
1537
1942
2533
3068
3777
4459
5392
6224
7098
7890
8672
9401
10036
10197
10497
10473
10189
9764
9311
8718
7801
7129
6171
5219
4443
3708
3027
2487
2060
1485
1154
923
679
537
396
305
259
214
204
166
124
126
137
128
147
129
134
138
125
123
118
97
120
119
107
135
109
129
116
111
115
113
146
109
110
108
117
132
117
109
132
108
145
101
142
113
118
96
134
151
126
125
124
126
142
133
154
135
154
138
157
163
161
151
158
163
184
181
213
232
261
305
372
424
519
606
655
707
855
985
1016
1181
1287
1365
1411
1468
1516
1524
1419
1416
1329
1263
1181
1068
935
861
797
613
588
454
426
358
309
274
304
202
218
157
182
171
167
156
149
159
175
164
163
174
174
162
173
194
177
178
203
222
192
232
210
239
227
259
247
250
245
264
251
275
258
229
261
270
274
247
261
272
268
274
264
277
314
255
272
286
247
256
273
250
264
274
243
273
247
271
268
249
249
229
274
254
257
240
250
237
213
246
240
261
243
239
247
224
224
228
218
234
244
240
230
237
217
205
241
242
215
222
203
211
231
247
261
254
231
242
215
228
223
230
249
245
231
247
208
206
202
239
228
252
225
214
252
231
207
241
197
227
225
225
231
213
212
190
185
235
186
223
225
214
211
235
214
207
219
218
204
197
205
201
198
189
200
191
195
207
196
200
202
177
184
173
182
213
193
185
189
196
179
200
209
189
181
191
196
201
169
194
210
177
189
184
207
205
199
214
194
178
192
202
193
198
213
206
195
217
199
190
206
191
179
189
212
209
221
190
233
204
194
184
216
194
214
228
228
191
212
205
205
216
204
219
224
213
254
227
237
229
228
232
213
236
226
213
253
241
228
227
251
244
243
263
260
242
252
291
227
265
270
267
251
259
245
249
238
256
251
280
282
266
240
248
271
271
242
271
256
258
252
234
253
255
261
269
269
259
238
290
249
267
220
244
244
252
266
270
266
249
247
247
251
256
240
229
239
243
253
250
267
267
225
221
227
232
206
240
229
233
236
254
251
216
225
232
222
228
249
250
251
228
244
254
253
242
239
263
257
219
225
235
235
265
228
253
235
249
204
243
244
241
249
248
227
255
246
263
272
235
252
233
265
246
247
241
229
256
265
260
234
241
238
258
211
234
224
249
266
255
261
276
257
250
280
240
263
251
268
276
223
286
252
250
277
247
258
272
269
248
256
259
270
221
254
258
304
283
256
245
280
287
281
288
284
282
251
292
254
238
264
256
277
281
269
262
274
254
255
290
301
281
277
273
283
277
292
271
257
257
283
263
281
273
292
267
272
262
257
294
278
299
265
281
312
271
292
295
266
274
271
286
255
299
277
297
296
290
281
295
290
304
280
288
280
281
283
298
293
332
270
278
292
278
264
288
294
291
293
282
297
315
295
307
281
287
328
315
266
285
274
327
293
287
268
275
316
298
283
305
271
283
283
271
275
260
340
293
298
316
260
290
273
258
292
296
280
286
264
277
255
241
246
248
278
277
252
259
258
258
266
300
282
264
262
262
287
235
249
229
279
264
262
287
269
228
254
237
265
227
260
233
250
212
253
224
280
244
276
260
248
248
242
254
250
262
249
256
248
263
241
233
250
271
265
222
260
287
244
284
256
264
259
261
256
230
248
236
234
221
228
238
282
253
244
224
226
250
285
259
283
255
271
251
258
257
251
234
263
262
225
231
245
287
261
273
272
257
219
260
232
247
244
233
224
278
256
245
249
255
223
251
284
215
255
235
228
253
249
270
253
268
229
250
251
245
246
235
250
249
260
251
249
261
258
232
244
233
219
255
253
221
236
267
224
222
228
245
261
261
244
260
252
222
269
271
247
232
219
288
251
222
246
235
254
245
261
215
261
274
249
272
262
236
230
254
251
257
238
253
239
216
246
232
248
247
263
257
255
267
281
255
264
217
252
238
255
271
257
277
253
244
248
279
252
256
226
273
240
254
278
271
272
256
259
254
281
254
259
285
274
301
301
261
292
297
295
284
314
298
277
290
278
299
274
296
317
294
270
301
334
312
302
280
314
353
335
337
311
325
322
331
352
341
317
351
301
345
375
366
342
381
399
341
370
333
374
379
386
368
374
407
408
414
423
445
382
427
458
473
455
485
511
458
486
511
508
519
489
539
576
576
572
589
632
610
636
689
671
712
740
781
763
821
833
836
876
937
971
938
955
1049
1061
1058
1096
1134
1150
1229
1170
1248
1285
1304
1320
1386
1380
1385
1412
1389
1394
1418
1451
1409
1408
1508
1453
1437
1434
1493
1426
1425
1407
1487
1394
1407
1406
1277
1360
1325
1314
1183
1250
1234
1144
1131
1082
1104
1076
1031
950
983
910
931
845
807
801
759
807
713
745
700
660
636
575
590
597
554
558
502
519
486
470
483
443
450
413
405
387
373
372
388
408
341
362
333
316
308
332
308
324
281
327
306
282
310
275
303
276
300
272
253
279
264
265
253
237
247
250
224
255
242
227
223
239
227
246
227
229
233
205
228
229
215
214
230
240
232
253
218
219
262
275
268
256
337
336
338
379
349
354
365
440
399
420
414
455
486
412
432
453
485
482
518
508
502
480
449
430
449
437
396
402
401
398
340
291
308
300
282
278
251
226
249
208
197
185
159
186
159
159
164
151
143
141
136
146
138
160
144
133
144
145
147
144
130
170
164
147
155
182
146
182
154
124
153
139
146
178
161
185
145
171
133
157
169
172
184
187
215
188
201
200
206
202
205
200
231
203
212
237
221
215
238
267
238
219
253
234
271
272
247
252
228
245
275
270
282
261
265
239
258
231
220
255
248
240
227
243
222
240
210
295
216
226
236
237
217
211
198
221
203
196
177
189
171
194
168
177
178
153
144
151
185
159
153
152
158
156
159
131
141
131
124
141
133
153
134
137
137
142
140
116
104
114
115
124
110
101
107
116
106
93
100
94
75
95
82
96
84
91
97
79
94
84
77
83
88
76
88
71
86
67
66
85
69
65
96
74
87
62
67
79
77
63
61
68
72
55
71
64
81
71
46
69
65
61
81
56
57
67
54
49
64
60
67
54
56
51
62
54
57
56
67
49
49
48
51
39
45
64
51
54
64
64
52
60
57
66
69
73
61
68
61
51
65
63
71
61
72
85
81
77
63
70
76
95
74
73
89
74
62
84
73
67
72
74
74
58
60
58
64
59
53
52
40
50
41
60
33
35
47
35
56
42
39
40
38
45
33
49
50
50
43
52
44
50
59
51
43
40
44
30
47
56
42
41
50
38
38
36
35
41
47
45
40
34
39
37
27
26
42
36
32
29
43
40
39
27
41
31
38
35
36
36
34
33
31
27
44
38
30
48
39
40
29
37
37
35
25
38
34
25
29
39
26
33
27
40
29
25
41
27
32
31
32
43
33
31
28
30
25
28
30
29
28
28
26
28
27
30
31
40
31
24
31
27
33
34
33
35
19
36
26
27
34
24
33
23
32
36
24
23
33
31
32
26
34
29
22
25
32
24
32
21
26
30
25
27
28
28
27
31
33
21
28
19
21
21
26
30
26
18
22
26
31
32
9
26
32
22
23
21
40
20
21
22
30
17
19
26
19
23
22
21
19
29
22
33
24
28
18
26
26
29
18
22
24
13
34
30
21
25
25
14
14
16
21
31
26
22
14
29
25
25
19
18
28
20
24
19
23
19
30
19
26
24
29
24
20
27
24
20
25
21
25
17
19
21
23
28
21
20
16
22
21
12
17
19
21
22
20
15
14
25
19
14
18
20
24
20
13
19
21
20
13
16
14
25
15
15
24
19
20
19
16
18
19
21
13
19
17
20
16
23
17
17
15
14
14
14
17
11
19
14
11
15
18
25
22
16
22
13
17
23
21
19
25
19
12
17
17
9
25
21
15
14
19
11
12
18
15
21
13
11
24
19
17
18
12
24
21
11
16
13
17
18
20
13
15
15
22
19
8
13
23
16
14
16
11
13
13
12
12
13
15
12
13
16
16
16
14
15
15
17
16
7
12
14
19
14
24
13
16
20
19
19
9
16
16
12
11
16
16
15
11
9
13
16
14
19
15
20
16
19
12
14
13
14
11
10
15
19
8
10
16
10
14
13
14
7
15
13
7
12
12
16
7
9
5
9
10
11
14
18
13
18
8
8
15
18
8
15
8
8
11
12
25
11
10
13
13
13
17
11
12
10
9
15
4
10
11
11
18
14
14
10
14
12
13
17
12
13
12
13
12
14
9
11
18
4
9
7
12
10
11
17
6
15
8
9
15
11
8
11
13
7
10
11
9
16
16
6
15
6
10
6
8
10
11
9
17
7
11
10
9
7
15
6
13
11
8
8
11
11
13
7
7
7
4
5
17
7
14
12
8
9
8
11
9
7
10
11
7
6
13
8
11
5
9
10
11
10
12
11
7
13
9
4
9
10
6
9
10
5
13
16
6
8
6
13
8
14
11
5
4
12
8
9
8
5
9
9
4
12
7
6
8
9
15
3
3
4
7
8
13
6
8
5
6
10
3
7
10
7
5
5
15
8
7
8
8
4
9
10
2
9
4
10
9
6
5
6
6
13
4
8
3
8
4
6
7
6
7
11
4
5
6
11
10
10
5
7
5
5
9
8
4
9
1
2
9
4
7
4
5
10
4
10
5
6
7
2
11
8
13
3
7
6
5
6
5
7
8
6
7
2
7
9
6
8
7
3
7
7
4
5
4
10
6
10
9
4
3
10
2
5
10
8
5
8
11
4
8
2
3
4
6
5
5
15
9
5
4
7
4
6
4
7
5
6
7
3
4
4
3
3
4
8
4
5
11
9
4
5
5
7
7
5
4
7
5
6
2
1
9
4
0
5
5
3
7
4
5
4
2
6
7
3
4
3
5
4
7
2
6
3
5
3
7
2
6
7
4
4
6
5
4
6
5
7
8
4
4
7
4
4
4
1
3
4
5
2
6
4
2
2
2
4
4
4
5
9
6
3
0
0
9
4
4
2
6
4
3
5
5
3
2
3
2
2
2
4
8
2
8
5
5
9
2
5
2
3
7
3
2
2
3
4
2
5
4
4
3
7
3
5
2
3
4
2
3
6
4
7
4
5
3
4
4
6
5
6
4
3
5
1
7
4
1
3
0
1
2
4
4
3
6
1
3
4
2
4
4
0
5
4
5
2
3
3
1
4
2
0
2
4
3
5
4
0
9
4
3
2
4
3
4
4
5
0
2
3
2
3
3
2
4
8
3
2
1
0
4
3
3
1
2
3
3
1
1
6
0
3
1
4
6
2
7
2
1
7
0
4
2
2
1
7
3
3
1
3
7
1
1
2
4
4
2
1
1
3
1
2
4
1
2
5
2
2
2
1
3
2
1
2
1
5
3
1
1
0
1
4
1
2
2
1
1
0
3
3
3
2
3
2
1
4
3
2
4
2
0
3
3
2
1
3
1
2
1
0
1
2
2
2
6
2
0
3
2
1
0
2
1
2
2
2
2
0
0
0
2
2
2
0
0
1
1
2
1
4
0
1
0
0
1
1
2
7
0
1
1
0
2
2
1
3
1
3
1
2
1
2
1
3
2
1
3
3
0
4
1
0
0
1
0
2
2
0
1
1
2
2
1
1
0
0
0
2
3
2
0
3
0
0
1
1
2
2
0
2
0
0
2
4
1
2
1
1
1
0
3
1
1
1
1
0
1
0
1
2
2
3
1
1
4
2
2
0
0
3
0
2
1
2
0
1
1
0
0
1
1
1
2
0
1
0
1
0
1
0
1
2
0
1
3
0
2
1
1
1
1
1
0
0
0
0
1
0
4
2
1
4
0
1
0
0
1
0
1
3
2
2
1
2
1
2
1
2
2
2
0
2
1
0
2
3
1
3
1
1
0
2
0
3
0
1
1
3
2
1
0
0
1
2
2
2
0
0
2
1
0
0
2
2
1
1
0
1
1
0
1
2
1
1
0
1
0
0
0
2
0
1
1
1
1
0
2
1
0
3
1
0
1
0
3
0
1
4
1
0
0
1
2
1
1
0
1
0
1
0
0
1
1
1
1
3
0
0
2
1
0
0
0
3
0
0
0
0
3
1
2
0
0
1
1
1
1
0
0
0
3
0
0
0
0
2
1
1
0
1
0
1
0
0
0
1
1
1
1
0
2
2
1
0
0
0
0
1
1
2
0
1
1
1
0
0
2
0
0
1
1
0
2
1
0
0
0
0
0
1
1
2
1
0
0
0
0
0
0
0
0
1
1
0
1
0
0
1
1
0
0
0
2
0
2
0
0
0
1
0
0
1
0
0
0
0
0
1
1
1
1
1
0
2
2
1
0
0
0
0
0
2
0
0
1
0
1
2
1
0
0
0
2
2
1
1
0
1
2
1
0
0
1
1
0
1
0
0
0
0
1
0
0
0
0
2
0
0
0
0
1
3
0
0
0
1
0
1
1
1
0
1
0
0
1
0
0
0
0
1
1
1
0
1
1
0
0
1
0
1
0
1
0
1
0
1
0
0
1
1
0
1
0
0
0
0
0
0
1
1
0
0
0
1
1
0
0
0
0
1
1
0
1
0
0
0
1
2
0
1
0
0
0
1
1
2
1
0
0
0
0
2
0
1
0
0
3
0
0
1
1
0
0
0
0
0
0
1
0
0
0
0
1
0
0
3
0
0
0
0
0
1
2
0
0
0
0
1
0
1
0
1
1
1
0
1
1
0
1
0
0
0
1
0
0
0
0
1
0
0
0
0
0
0
1
0
0
0
0
0
1
0
0
0
1
1
0
1
0
1
0
0
1
0
0
0
0
0
0
0
0
2
0
0
0
0
0
0
0
0
0
0
1
1
0
1
0
0
0
0
0
0
0
0
1
0
1
0
0
0
1
0
0
0
1
0
2
0
1
0
0
1
1
1
1
0
0
0
2
0
0
0
0
0
1
0
0
0
0
0
0
0
0
0
0
0
0
0
0
0
0
0
0
0
0
0
0
0
2
0
0
0
0
0
0
0
0
0
0
0
0
0
0
0
0
0
0
0
0
0
0
0
1
1
0
0
0
0
0
0
0
0
0
