0
0
0
0
0
0
0
0
0
0
0
0
0
0
0
0
0
0
0
0
0
0
0
0
0
0
0
0
0
0
0
0
0
0
0
0
0
0
0
0
0
0
0
0
0
0
0
0
0
0
0
0
0
0
0
0
0
0
0
0
0
0
0
0
0
1
1
0
0
1
2
1
4
2
6
3
2
1
3
4
3
5
13
42
130
334
936
2206
4858
9519
16902
27663
40723
54191
66043
72943
73423
66877
54910
41609
28358
17432
9909
4962
2331
1061
409
149
47
18
7
3
0
4
5
0
3
2
1
1
2
1
0
1
0
0
1
0
0
0
0
7
76
55
70
71
69
63
69
59
49
58
64
36
52
61
53
37
53
48
49
49
49
50
59
52
50
46
45
61
46
54
32
47
42
46
56
62
50
54
41
47
52
41
41
37
32
43
55
47
59
40
61
39
48
48
38
53
50
63
68
62
60
71
80
67
82
107
117
121
173
249
296
366
408
483
518
530
535
439
464
355
313
250
194
141
130
90
80
66
43
48
49
47
35
49
37
55
51
37
51
48
41
44
41
41
56
41
50
47
50
57
62
53
67
57
52
66
70
89
72
82
81
101
100
135
158
232
371
515
817
1394
2236
3213
4794
6353
8231
10183
11791
13112
13236
13290
12321
11018
9376
7453
5680
4330
3118
2366
1741
1290
968
798
698
618
603
630
753
970
1194
1572
2122
2455
2883
3497
3680
3912
3799
3748
3371
2996
2336
1863
1472
1119
817
658
481
401
352
331
238
235
194
130
119
109
69
49
46
19
17
21
22
17
11
13
20
14
12
7
17
10
11
14
6
17
11
13
15
9
11
11
5
15
17
11
9
18
5
17
15
11
11
14
10
14
17
17
26
21
26
24
32
21
34
30
26
28
26
27
24
18
18
27
19
24
29
33
23
24
17
17
18
19
31
23
27
25
16
24
17
16
28
20
15
20
12
13
16
15
8
12
13
7
11
11
9
6
13
14
12
11
14
6
8
5
6
4
12
10
7
7
5
11
6
9
6
4
9
3
11
15
11
9
5
5
8
8
20
9
6
10
8
7
10
14
7
6
7
12
13
13
4
7
7
6
8
13
8
14
13
10
10
14
12
18
14
12
11
12
15
6
12
8
10
8
7
8
8
2
10
2
10
9
7
5
13
6
6
7
9
7
8
7
6
12
12
6
8
9
4
9
9
11
14
10
9
5
5
6
5
10
4
8
7
4
16
9
3
6
13
10
12
7
7
8
8
10
10
6
4
7
9
4
8
7
14
18
15
13
7
8
10
7
8
9
12
7
10
9
12
9
5
10
10
5
12
8
4
5
9
10
12
9
9
12
4
5
3
11
4
9
9
5
7
12
12
13
8
11
11
7
7
5
12
8
11
13
7
12
7
5
5
13
11
7
8
10
12
10
12
1
7
11
6
11
11
8
13
18
11
13
7
14
7
11
13
12
11
8
24
10
15
8
14
14
13
15
12
14
10
14
11
9
18
24
19
15
19
8
16
12
12
17
23
12
15
12
16
22
16
13
25
21
15
29
29
25
35
28
26
28
29
34
35
34
31
33
33
35
25
34
25
31
22
32
32
20
33
29
19
23
26
22
24
23
23
27
28
14
23
19
27
26
20
18
19
21
24
18
16
21
22
22
14
27
21
31
16
24
23
27
20
25
27
14
20
26
25
19
20
28
29
20
19
19
30
30
26
27
25
21
32
24
29
21
33
24
22
33
21
24
26
30
26
25
24
29
24
33
25
35
25
32
29
32
32
28
30
32
28
30
33
35
32
28
49
38
30
34
42
32
41
28
38
37
49
33
32
53
37
39
42
43
39
48
46
42
50
51
59
58
53
44
50
57
48
40
57
49
49
42
46
55
66
60
54
66
65
62
78
68
71
66
61
72
71
78
71
66
77
87
77
98
73
92
103
96
109
109
96
150
154
150
163
154
168
181
172
158
186
180
209
156
184
169
158
152
126
124
109
117
113
125
101
92
97
93
88
93
85
88
81
65
103
71
78
90
76
97
73
77
82
75
87
81
83
78
87
76
57
62
93
74
74
68
89
81
78
87
91
63
76
80
81
66
76
71
82
98
69
73
64
94
71
75
61
65
86
84
76
80
94
71
72
89
74
80
81
68
70
83
81
80
75
77
68
85
84
75
57
82
70
84
79
77
80
80
78
73
82
81
84
95
74
80
77
82
70
95
81
84
85
86
92
86
101
88
81
86
102
87
85
92
98
101
78
96
91
82
84
82
90
94
93
96
104
100
93
96
96
115
116
107
104
118
127
118
141
155
121
144
147
159
162
195
207
279
351
459
540
697
949
1208
1534
1991
2484
3056
3789
4687
5397
6175
7181
7933
8714
9399
9960
10271
10435
10614
10177
9742
9340
8579
7849
7037
6246
5330
4450
3830
3094
2425
1911
1471
1131
894
666
525
394
333
243
208
166
160
156
129
151
134
123
123
124
128
140
104
127
123
101
115
118
115
127
105
118
118
115
108
135
101
138
109
131
126
124
126
132
129
107
114
140
137
129
137
140
151
132
131
118
141
145
133
129
130
148
155
154
165
169
147
181
157
199
185
225
261
269
314
371
451
496
569
660
723
893
984
1036
1203
1255
1375
1404
1399
1510
1514
1427
1439
1312
1234
1180
1075
984
823
723
623
605
482
431
371
301
302
256
233
194
210
166
170
167
173
157
173
170
177
173
172
177
171
193
164
191
216
194
223
232
226
224
229
214
257
232
270
272
256
244
268
273
277
280
259
300
300
261
303
287
298
311
269
280
236
257
270
278
284
295
256
263
254
251
257
269
257
262
240
256
239
216
240
266
264
273
242
233
283
262
229
247
237
243
249
233
235
247
246
222
247
231
227
255
244
244
238
254
227
201
256
242
248
225
210
246
242
229
238
226
236
215
231
255
234
231
245
237
229
242
248
230
217
205
235
255
228
225
226
228
228
213
226
228
220
227
219
220
238
201
205
209
238
204
204
225
223
214
189
197
189
212
199
219
182
183
215
204
193
189
217
200
186
186
203
179
184
200
183
166
168
197
185
197
194
219
196
164
209
194
199
204
192
168
217
201
195
191
191
182
207
219
195
190
214
194
231
212
201
231
200
220
200
191
211
235
205
198
213
236
207
202
200
200
220
220
207
217
222
223
207
220
225
230
229
222
214
234
256
273
245
241
247
229
229
218
239
233
252
247
237
269
221
247
249
274
245
266
289
267
278
253
253
259
286
238
250
277
257
273
313
276
260
289
257
268
246
254
249
263
290
229
285
263
269
265
244
256
279
271
271
266
217
256
257
257
256
286
271
257
242
250
289
243
248
230
269
251
264
253
267
232
217
247
250
248
228
227
263
255
236
265
242
269
262
246
268
235
244
247
275
248
232
263
227
225
263
253
263
243
254
245
241
247
258
249
250
244
253
246
257
262
262
252
229
236
269
277
233
247
249
265
264
270
256
270
262
227
252
258
249
249
263
278
273
236
268
259
291
231
262
270
246
292
257
272
263
291
275
263
276
278
327
279
256
283
252
281
262
290
246
289
269
270
287
291
305
267
294
286
258
266
299
249
280
272
299
297
278
309
298
295
296
287
281
265
300
281
291
300
244
261
300
273
263
294
265
317
270
292
298
278
285
283
298
280
297
278
330
282
294
289
282
258
287
295
323
312
304
296
316
305
274
319
284
286
276
305
305
290
312
306
311
282
291
292
317
306
324
279
257
321
285
286
322
307
290
348
310
302
304
319
257
311
317
301
316
333
280
293
285
302
301
309
292
295
289
303
292
307
336
285
310
297
292
319
295
288
284
289
300
309
297
277
294
281
279
255
289
273
261
263
297
304
240
303
300
266
294
247
252
274
259
296
251
263
261
253
272
310
286
257
252
242
238
277
256
269
266
258
288
254
286
275
256
263
244
275
272
275
249
226
225
267
265
259
244
247
253
289
252
277
252
319
254
287
278
246
281
253
267
248
251
273
254
279
265
273
270
281
260
269
248
280
276
261
279
295
255
246
262
266
278
267
264
265
266
250
253
291
272
279
246
284
286
263
273
304
236
256
261
287
258
274
252
249
275
272
279
265
242
245
238
272
251
257
267
239
257
263
232
262
246
266
279
262
246
246
258
274
275
249
272
250
278
277
244
232
253
267
250
244
285
257
263
266
257
267
282
250
257
271
276
261
252
251
250
248
247
268
275
244
244
255
271
249
272
263
241
267
256
285
261
275
259
268
264
234
242
293
286
281
274
280
261
254
274
269
252
268
238
252
259
271
271
296
260
284
286
259
267
295
276
282
277
286
268
266
270
290
295
281
265
270
301
268
236
266
291
276
303
293
307
281
299
313
317
289
296
315
313
268
286
287
303
288
318
311
320
323
303
315
326
333
353
366
332
354
326
314
339
340
345
349
340
344
369
346
370
376
371
436
360
390
362
415
387
387
432
408
416
431
450
456
436
427
416
495
431
478
483
489
519
543
526
599
507
558
564
595
613
627
645
611
704
686
692
729
725
792
798
838
831
882
883
941
937
976
992
1047
1049
1106
1114
1157
1201
1139
1236
1277
1262
1380
1324
1311
1413
1423
1485
1424
1459
1457
1495
1543
1598
1513
1520
1497
1537
1540
1463
1405
1480
1533
1445
1393
1448
1491
1389
1388
1331
1298
1344
1241
1259
1180
1254
1117
1098
1058
1104
1065
997
929
914
883
843
824
813
780
789
717
745
650
669
600
617
620
588
578
530
531
491
463
475
447
520
493
412
439
404
383
385
419
394
381
322
365
363
322
303
356
306
311
304
311
302
276
288
291
294
276
239
285
279
252
275
257
236
251
245
258
262
225
247
231
252
241
237
229
219
241
231
193
239
261
220
239
248
237
252
239
286
276
318
292
319
335
365
364
376
387
375
394
386
426
447
467
456
497
476
481
489
480
475
512
508
498
489
470
474
424
396
397
401
376
362
336
350
297
275
289
261
248
231
202
238
200
183
157
174
193
177
174
160
167
175
168
153
142
147
157
173
146
151
148
168
166
166
158
149
166
156
171
181
149
188
185
190
179
170
152
176
197
190
200
202
220
221
195
193
227
211
216
212
205
221
224
220
209
237
269
244
269
252
274
231
222
255
233
245
257
252
240
257
266
260
263
237
277
280
265
249
281
264
259
281
262
289
231
247
234
248
221
220
230
236
210
245
229
223
213
204
212
211
204
198
183
185
209
167
217
194
178
175
149
161
159
159
155
165
151
147
152
145
129
127
136
132
152
129
124
111
134
120
118
101
118
114
107
122
106
108
103
96
103
89
93
77
84
101
104
81
80
97
95
98
84
90
76
75
104
74
70
74
87
66
89
77
82
66
66
73
81
80
79
72
78
61
53
65
55
65
48
72
66
52
59
67
49
54
63
71
61
55
57
50
54
49
53
48
50
64
61
55
71
65
49
62
53
49
54
51
43
52
64
63
70
67
58
61
54
66
65
60
62
59
54
78
66
72
86
69
70
65
68
80
87
84
58
70
84
61
74
65
66
60
66
61
71
60
60
51
56
49
50
49
56
48
55
52
45
48
39
48
35
33
49
48
51
44
38
49
36
42
33
46
44
51
53
38
29
40
45
51
39
41
31
53
48
32
41
38
24
33
36
53
31
32
35
37
25
25
38
36
31
30
43
39
45
26
23
42
38
42
23
35
32
42
35
37
32
47
28
25
25
29
30
34
25
32
33
33
27
36
30
29
25
27
40
26
31
43
29
43
32
32
35
35
22
32
33
41
34
34
31
29
34
32
27
29
25
38
43
31
29
30
30
38
27
28
32
29
31
32
33
36
27
26
28
26
32
27
30
27
39
36
32
35
23
36
29
28
29
30
29
30
24
36
35
29
34
26
30
31
19
24
19
23
26
25
29
21
22
25
30
38
16
35
31
19
27
18
27
30
24
26
22
31
25
21
34
28
20
35
30
28
26
22
26
26
28
25
10
24
24
17
27
25
30
20
25
21
23
22
29
29
26
21
18
22
22
27
31
22
27
23
15
26
21
29
18
21
34
21
12
22
21
25
22
12
21
26
25
21
16
27
23
24
19
16
21
20
25
27
15
24
20
31
23
26
21
31
14
18
20
20
25
20
17
26
16
20
18
16
26
22
16
24
22
23
24
17
20
18
19
9
20
18
12
14
16
27
17
29
16
31
10
23
13
19
17
19
20
25
26
25
19
15
16
18
12
16
21
29
18
22
17
21
11
23
18
15
16
18
26
12
18
12
14
16
18
16
14
22
11
16
21
13
15
25
12
18
11
14
15
18
23
21
18
17
24
16
22
18
19
12
14
16
15
20
12
19
9
14
14
11
23
14
13
20
16
14
13
12
11
11
16
14
7
18
8
11
13
14
10
12
11
12
22
12
11
18
17
12
12
19
12
17
12
12
9
12
17
13
18
21
12
12
16
9
10
11
22
19
18
11
19
11
9
14
19
10
15
18
12
13
12
14
8
16
12
14
12
17
12
15
13
13
11
12
12
17
10
9
19
15
14
15
8
9
10
9
7
14
10
16
6
13
12
8
7
10
3
11
17
16
10
23
14
10
13
14
17
16
7
9
19
10
5
9
13
14
8
16
10
3
16
11
7
11
13
9
16
13
13
10
10
10
20
8
13
13
9
10
18
14
5
15
7
11
10
4
7
11
13
7
7
14
5
8
8
11
14
13
11
8
13
10
11
10
15
6
16
16
13
11
9
7
4
10
9
8
15
7
8
7
11
9
6
10
5
3
13
16
6
12
11
6
8
10
10
11
11
12
9
8
6
12
6
13
8
3
6
5
6
9
8
8
7
9
12
3
5
8
9
9
5
14
12
3
10
7
8
10
5
9
9
11
6
8
4
10
8
6
7
5
9
11
3
10
7
9
4
5
6
10
4
6
0
12
5
12
8
10
6
5
7
5
8
10
6
5
9
4
6
10
7
10
8
3
5
13
8
7
10
8
5
8
5
10
7
9
6
6
7
6
13
4
11
6
4
6
4
5
4
8
5
7
3
7
9
6
3
8
5
10
5
3
12
4
6
4
3
5
8
4
7
8
2
2
3
9
7
4
5
5
3
2
3
7
4
5
7
4
5
6
2
4
6
6
7
3
8
4
6
6
11
3
2
11
5
3
4
2
4
7
8
4
5
4
5
3
4
6
4
6
5
4
1
7
2
5
2
8
7
7
3
3
3
5
10
4
3
2
5
2
6
2
6
3
6
2
2
6
6
1
3
1
6
4
2
4
5
2
6
7
4
1
3
5
4
6
3
8
5
1
4
4
6
3
8
4
6
6
2
5
4
4
2
1
5
9
7
3
2
2
3
2
10
4
7
5
2
1
8
1
8
2
5
4
2
8
4
4
3
6
6
5
9
3
2
3
3
3
2
1
6
3
3
2
3
4
4
3
3
4
3
6
4
2
3
1
4
2
6
3
3
3
2
6
4
7
4
3
2
1
1
6
2
5
7
4
3
2
5
0
5
3
4
1
4
3
0
5
2
1
2
4
5
2
6
1
3
0
2
2
5
4
5
4
3
2
2
3
4
1
4
4
0
0
0
1
3
4
3
3
2
3
3
2
2
4
1
2
3
8
2
4
1
4
5
0
3
3
2
2
3
1
2
1
3
4
0
4
5
4
1
2
3
1
3
2
3
2
3
3
5
0
5
6
3
0
3
2
3
3
0
5
1
4
0
1
3
2
0
1
4
2
3
1
4
3
1
4
0
3
7
1
1
3
4
1
2
5
2
3
1
3
3
1
1
3
1
1
0
3
1
4
3
1
3
2
4
1
2
1
2
4
3
5
4
3
0
2
2
2
0
2
0
2
3
0
5
3
1
2
3
1
2
1
2
4
1
0
0
0
1
2
3
0
3
1
1
1
4
1
0
0
0
1
0
2
1
2
0
1
1
1
2
1
1
2
2
0
1
3
3
0
4
3
3
0
3
2
5
1
1
1
2
3
2
0
2
1
2
3
1
3
3
4
1
3
1
4
2
0
1
0
1
2
0
1
2
0
2
3
0
2
2
0
1
3
1
3
4
0
1
3
1
0
2
1
2
1
0
3
2
2
0
1
4
2
4
0
0
1
4
1
2
0
1
0
0
2
2
1
1
0
3
0
3
2
3
4
2
0
2
0
0
2
2
0
1
0
2
2
0
1
0
1
1
4
1
0
3
0
2
2
1
0
2
2
1
1
0
4
1
3
0
1
0
1
2
1
3
1
1
3
2
3
0
1
1
1
0
0
0
0
2
2
2
1
0
0
0
0
1
0
0
0
0
1
1
0
1
1
1
2
1
0
0
0
0
2
0
0
1
1
0
0
1
0
2
0
1
1
0
1
0
0
1
0
0
1
1
1
0
0
1
0
0
0
0
3
2
1
2
3
0
2
1
0
2
2
0
1
1
1
2
0
1
0
1
1
0
1
1
0
2
0
0
0
2
1
0
1
0
2
3
1
1
1
2
0
2
1
1
1
2
1
1
0
1
0
1
0
0
1
1
2
1
0
0
1
1
0
0
3
0
0
0
0
0
0
0
1
0
3
0
0
0
0
2
2
0
1
0
0
2
1
1
1
0
0
2
0
0
0
0
1
0
2
1
1
1
1
0
0
0
2
0
0
0
1
1
0
0
0
1
0
0
0
0
0
1
1
3
0
0
3
0
0
0
1
2
0
1
1
1
1
0
0
0
0
2
0
0
2
0
1
1
1
0
0
0
1
1
0
1
1
0
1
1
0
0
0
0
1
0
0
1
0
0
1
1
0
1
0
0
2
0
0
0
3
0
0
1
0
1
0
1
0
1
0
0
2
0
0
1
1
0
0
2
0
1
1
2
0
0
0
1
0
1
0
0
0
1
0
0
1
0
1
1
0
0
0
0
0
0
0
0
0
1
0
0
0
0
0
0
1
0
0
1
0
0
0
0
0
1
0
0
1
1
1
1
2
0
0
0
0
0
1
1
0
0
1
1
0
0
0
0
0
1
0
0
0
0
0
0
1
0
1
1
1
0
1
1
1
0
0
0
1
2
0
1
1
0
0
0
0
0
0
0
2
1
1
1
0
1
0
0
0
0
0
0
0
0
0
1
0
0
1
2
0
0
0
0
1
0
0
0
1
0
0
0
0
0
1
0
0
0
0
0
1
0
0
0
0
0
1
0
0
3
0
0
0
1
0
0
1
1
0
0
0
0
1
0
0
0
0
0
0
0
0
1
0
0
0
0
0
2
0
0
1
0
1
0
0
0
0
0
0
0
0
0
0
0
0
0
0
0
0
0
0
0
0
0
0
0
0
0
0
0
1
0
0
0
0
0
0
1
0
0
0
0
0
0
1
0
0
0
0
0
0
0
0
0
0
0
3
0
0
0
0
0
0
0
0
0
0
0
0
0
0
0
0
