0
0
0
0
0
0
0
0
0
0
0
0
0
0
0
0
0
0
0
0
0
0
0
0
0
0
0
0
0
0
0
0
0
0
0
0
0
0
0
0
0
0
0
0
0
0
0
0
0
0
0
0
0
0
0
0
0
0
0
0
0
0
0
0
0
0
1
0
0
1
3
2
1
4
3
5
4
3
3
4
1
7
9
44
122
397
948
2255
4866
9510
17056
27681
40796
54439
65880
72905
73045
66695
54663
41233
28645
17539
9912
4997
2332
1025
409
148
47
14
5
2
0
4
0
1
3
1
1
3
2
2
1
1
1
3
0
0
0
0
0
11
71
60
78
59
55
69
60
56
70
54
54
53
57
49
62
55
63
61
68
47
35
46
40
44
38
48
48
44
50
54
45
35
50
29
51
43
47
41
46
49
63
31
44
49
34
46
44
54
36
51
52
37
30
45
48
59
63
56
58
61
83
60
56
74
89
76
85
133
161
220
249
349
409
473
519
569
504
458
413
363
293
230
205
152
106
92
101
51
50
48
33
45
54
33
35
36
44
57
41
39
28
42
40
44
42
35
36
51
44
66
42
59
58
58
68
45
48
55
66
72
75
66
94
103
122
193
294
457
779
1266
2058
3065
4562
6051
7812
9504
11194
12031
12735
12527
11811
10568
8783
7089
5503
4006
2989
2172
1626
1119
842
646
520
409
407
455
514
734
1039
1405
1806
2368
2963
3294
3825
3946
4051
3781
3427
3086
2493
1939
1519
1175
829
642
498
421
338
298
260
233
183
173
118
101
74
52
37
20
22
13
18
13
16
9
6
16
10
11
9
15
7
17
6
10
12
10
9
11
20
11
9
8
8
7
10
8
5
17
9
14
9
11
25
19
19
26
12
18
20
25
34
26
41
25
26
32
31
25
23
22
23
20
16
32
22
27
28
21
18
25
16
15
31
22
15
19
35
19
13
15
15
20
20
14
13
10
9
13
10
12
6
14
5
10
7
4
9
11
7
4
7
11
7
8
7
7
9
8
3
4
2
9
8
11
5
4
8
5
12
7
4
7
12
8
5
7
7
8
10
13
9
17
12
11
11
5
7
9
12
5
9
12
4
13
12
11
8
14
12
13
15
16
13
21
9
14
11
13
9
11
13
10
12
10
13
4
7
6
9
10
11
6
5
8
8
6
9
10
3
9
7
12
9
8
6
12
8
5
9
7
10
3
7
5
4
8
8
8
12
7
10
5
2
8
7
6
7
6
4
7
6
6
10
9
6
6
10
9
7
4
7
8
3
6
8
3
5
8
2
5
10
7
12
7
5
8
10
4
5
11
9
10
8
9
12
7
5
4
10
11
6
7
8
4
10
11
8
7
9
5
5
10
8
12
4
9
14
14
8
8
8
7
4
9
5
12
12
7
10
6
11
14
6
9
8
7
6
10
8
12
9
5
5
7
10
6
5
10
12
9
18
6
16
9
4
8
15
9
9
10
16
14
9
17
7
12
17
10
16
10
19
9
12
13
8
10
8
18
15
10
10
14
18
24
19
13
21
15
20
19
29
24
34
31
37
34
34
29
29
34
23
36
34
29
29
33
32
32
27
34
25
32
25
37
35
23
32
28
21
27
25
29
22
25
28
22
24
25
23
20
26
16
17
27
15
15
19
18
21
17
13
15
15
14
17
21
23
25
19
22
25
22
14
25
25
19
13
25
29
27
28
31
27
23
29
21
26
28
21
21
28
27
30
26
32
39
29
32
33
31
37
31
33
28
35
26
22
39
37
37
26
24
30
30
31
29
40
26
32
33
32
36
37
30
29
29
33
31
40
45
31
49
47
39
41
36
42
50
35
36
41
47
42
42
45
42
38
42
43
49
50
53
50
54
52
58
49
53
55
54
46
48
61
54
63
57
48
53
64
62
65
65
79
71
55
53
60
47
82
67
58
64
77
60
66
74
85
88
80
71
89
91
100
95
118
91
101
113
138
111
123
118
99
108
96
101
106
89
112
98
99
89
90
92
90
85
77
78
62
100
74
77
88
90
94
69
85
81
74
73
80
106
78
78
82
64
66
70
63
72
77
76
67
68
90
81
74
75
83
83
76
63
81
69
71
81
65
80
71
61
74
60
73
74
75
63
70
63
66
82
70
81
80
88
71
79
92
81
79
74
74
67
63
64
78
76
87
72
66
77
90
87
82
74
79
71
83
81
65
80
78
67
76
76
71
67
86
82
94
91
74
83
95
80
79
82
89
92
89
93
89
102
93
83
68
91
98
84
98
103
94
103
88
81
83
79
99
86
95
96
100
97
94
96
80
113
115
115
120
145
137
162
173
199
221
284
364
495
591
798
1031
1255
1732
2104
2628
3270
3886
4695
5524
6246
7054
7894
8626
9191
9614
9982
10097
10262
9872
9503
8843
8292
7586
6605
5988
5002
4297
3505
2839
2361
1730
1466
1127
849
585
482
361
302
238
190
170
146
127
129
114
110
108
113
117
104
114
94
108
101
114
109
102
107
120
109
100
105
97
114
126
124
103
119
116
108
115
103
115
105
107
122
106
127
125
117
127
126
128
128
135
119
129
139
117
147
123
131
104
150
132
147
147
192
179
227
211
225
270
305
354
457
476
581
662
767
911
1001
1056
1074
1172
1347
1463
1448
1421
1430
1357
1343
1288
1213
1106
1072
935
800
724
603
547
479
401
348
286
233
230
208
185
189
151
180
177
140
149
142
151
152
150
147
152
136
147
148
144
151
149
150
144
145
159
166
138
166
167
163
173
166
173
159
159
170
188
203
178
189
178
184
168
177
188
205
205
193
212
189
205
195
225
209
203
213
218
209
212
202
193
216
213
205
251
201
239
221
242
244
220
224
226
225
247
222
241
235
262
228
265
267
245
249
254
236
281
264
229
237
277
252
236
263
251
244
242
254
244
258
243
234
245
273
239
253
233
232
254
258
243
233
259
272
251
261
228
217
234
246
222
262
215
200
222
205
227
204
212
225
213
194
204
222
218
195
228
191
238
192
204
228
205
192
170
205
186
174
190
195
178
202
197
196
179
185
209
222
193
180
159
190
138
187
194
202
201
167
186
178
222
185
189
196
194
209
183
199
200
192
178
191
178
205
220
207
185
212
176
194
193
177
203
194
212
202
208
164
211
198
200
184
211
194
220
179
203
193
203
178
182
195
206
220
198
210
171
200
213
203
195
195
187
189
183
200
218
203
218
203
211
223
223
213
197
198
224
242
196
212
219
218
210
233
205
204
193
229
222
194
216
217
221
256
244
230
213
199
237
212
225
203
212
240
235
219
217
213
224
219
205
219
211
219
227
213
228
233
221
221
224
233
210
251
216
226
225
219
248
237
242
211
220
244
238
250
231
232
212
228
257
251
273
239
258
243
226
241
237
229
231
220
240
271
219
254
236
220
233
246
280
268
237
242
264
259
255
247
281
219
235
264
264
261
280
274
232
239
244
268
275
251
240
244
248
258
228
224
255
269
256
279
267
260
283
256
244
252
261
261
258
254
279
250
282
285
259
253
273
268
247
247
253
254
254
294
292
248
282
296
271
275
259
253
246
270
292
297
256
246
266
283
276
306
274
299
312
302
287
282
285
284
314
294
257
296
307
293
291
294
285
300
286
307
292
289
308
279
309
321
309
327
309
306
295
337
315
321
305
295
297
281
318
283
277
297
290
299
309
303
333
319
309
284
304
323
348
291
324
323
298
288
285
320
281
293
296
299
347
292
300
288
335
287
309
313
283
300
287
309
276
308
303
294
335
283
291
286
272
303
281
292
263
304
307
294
314
293
279
276
279
282
301
297
294
281
301
275
255
289
277
278
257
279
263
257
263
276
259
243
266
300
269
269
274
290
270
257
280
298
283
255
282
259
250
266
249
276
281
250
260
265
271
259
245
235
275
269
291
261
249
280
250
258
253
281
251
239
264
245
271
262
254
272
262
283
231
253
267
258
244
277
270
260
253
267
275
259
253
225
229
258
257
224
228
263
275
240
268
251
286
297
246
269
259
289
235
253
281
248
254
261
244
254
237
239
251
295
260
244
255
267
247
260
255
244
261
235
260
254
251
248
257
256
265
260
261
292
288
265
247
234
243
229
243
249
230
246
267
250
294
250
277
253
259
229
260
272
263
307
234
267
244
254
279
280
235
266
259
273
264
289
254
256
281
261
279
268
270
267
244
249
251
242
260
283
259
244
257
250
278
253
237
241
240
261
237
251
240
244
233
267
262
272
275
275
267
247
278
249
253
252
296
244
251
244
282
253
259
244
250
256
278
252
246
275
284
240
278
287
272
275
288
249
296
272
279
277
270
304
277
283
309
264
307
271
292
285
295
290
254
253
286
292
277
322
306
323
290
307
272
300
338
302
312
296
311
288
322
297
330
303
306
327
328
368
350
365
331
322
364
355
354
371
366
333
373
352
350
361
366
383
363
374
400
385
381
394
361
414
405
407
437
411
408
442
432
440
453
473
518
475
511
493
490
514
513
530
580
535
534
592
544
623
613
627
667
708
641
736
739
737
796
821
841
844
857
972
924
952
1000
993
1033
1123
1053
1154
1177
1219
1274
1192
1304
1342
1317
1373
1300
1411
1404
1408
1450
1507
1460
1434
1536
1471
1436
1558
1546
1496
1508
1452
1482
1420
1449
1554
1467
1401
1428
1408
1454
1309
1330
1289
1221
1243
1155
1151
1105
1155
1070
1021
1009
1015
979
940
908
836
925
824
784
756
711
703
649
653
605
590
607
576
542
580
511
543
509
483
457
454
467
454
412
396
415
355
356
352
371
345
337
354
320
305
371
320
280
305
325
343
252
304
304
305
267
275
251
269
278
279
251
258
244
263
252
246
258
220
241
211
233
237
239
255
226
205
248
257
223
201
235
206
255
254
283
282
261
290
309
298
298
312
345
350
340
378
340
385
439
423
394
441
426
420
425
455
431
449
435
477
414
408
429
393
394
380
379
381
364
297
344
331
289
258
235
241
258
218
195
204
211
186
209
156
166
169
156
153
161
168
155
148
155
154
148
166
154
149
190
169
155
155
158
154
163
165
183
202
161
174
179
175
187
166
182
185
183
178
191
187
200
205
235
208
197
214
212
205
213
214
228
264
235
246
218
232
227
248
230
227
257
277
261
247
277
274
267
248
274
276
276
240
250
280
282
259
254
282
275
293
270
241
242
253
239
232
229
261
230
251
217
214
225
237
222
209
191
240
212
204
201
183
181
176
177
186
174
175
186
169
158
162
150
177
158
134
156
136
144
131
138
124
118
132
138
128
109
109
121
97
116
104
123
99
108
100
91
102
82
111
101
92
90
95
103
93
104
102
101
86
95
86
81
83
94
85
81
83
71
75
63
68
79
75
74
76
58
70
82
70
65
52
67
56
65
54
76
62
71
63
57
82
67
63
63
64
73
67
61
60
57
60
59
61
59
52
51
49
61
59
55
54
53
70
59
54
51
63
50
54
52
53
68
54
68
72
62
73
64
50
56
63
66
83
61
71
81
88
85
77
84
64
75
85
94
61
68
82
73
64
62
70
62
50
38
60
61
45
42
59
54
59
42
47
40
47
47
48
38
55
42
47
52
49
50
55
48
54
53
43
39
33
41
39
41
51
47
36
33
31
41
40
42
40
36
41
31
47
40
48
46
47
34
37
41
31
29
31
33
45
32
35
23
31
33
37
38
32
38
44
28
37
32
33
40
29
34
38
26
28
31
33
40
31
40
35
48
34
38
34
42
44
27
42
26
27
26
32
26
35
34
33
26
18
36
30
37
40
37
31
30
39
29
35
27
34
41
30
30
31
36
26
27
32
44
30
26
38
32
35
23
33
25
29
33
28
27
27
28
34
28
26
31
27
34
36
32
24
28
23
33
20
22
25
37
38
28
27
30
29
24
33
35
33
22
40
39
25
37
24
28
39
33
15
24
20
28
25
27
27
31
32
25
26
21
21
26
35
25
24
24
25
26
23
29
32
29
24
22
14
17
24
27
27
13
19
36
17
22
26
27
23
29
27
16
23
24
26
25
27
16
21
21
21
35
20
14
16
18
21
23
17
23
18
25
19
24
21
28
25
25
13
26
18
16
20
23
25
26
23
24
19
24
25
29
23
22
24
25
19
27
17
15
22
15
30
13
21
22
31
15
29
19
23
14
23
21
18
20
14
23
14
18
14
20
27
17
17
22
19
20
22
14
9
26
13
17
21
14
12
23
27
20
19
17
24
24
14
16
23
10
8
22
21
22
17
14
19
15
16
22
14
11
18
16
23
13
15
18
8
21
18
19
15
27
12
17
16
10
15
17
15
19
10
27
17
15
14
13
16
11
16
18
16
20
11
13
15
13
16
20
23
19
10
11
19
19
18
12
23
21
9
14
17
18
9
20
13
13
11
10
14
13
15
13
18
14
10
17
12
8
20
10
8
11
11
14
13
14
17
13
19
8
13
14
9
11
17
8
12
13
15
14
11
16
13
15
12
20
10
7
8
7
12
12
13
11
12
13
20
12
16
15
12
14
12
11
7
19
16
9
19
11
19
10
11
16
13
10
11
16
17
8
7
15
22
13
9
11
11
10
13
16
13
11
14
16
12
12
6
14
16
10
12
10
8
11
5
20
16
13
5
10
8
8
8
17
8
12
11
12
9
8
10
14
6
17
15
10
8
12
14
10
8
8
10
10
15
17
11
13
12
13
12
13
9
9
15
9
10
17
6
11
12
17
10
12
12
8
14
10
6
13
10
10
11
6
8
12
8
15
13
10
11
11
10
10
9
15
9
5
12
9
5
7
7
9
13
12
4
10
3
7
12
16
17
8
9
6
15
7
11
7
9
11
8
6
7
6
8
10
12
6
13
9
7
11
14
4
9
5
13
9
7
8
7
7
5
4
5
6
7
8
3
12
8
4
9
8
11
6
9
4
11
6
11
9
10
8
6
7
9
10
6
6
4
11
3
7
8
6
8
9
5
7
6
7
7
5
6
8
4
6
7
7
8
8
6
4
6
4
3
8
7
10
6
6
8
6
4
11
8
4
2
8
4
9
12
7
4
9
5
10
2
3
2
7
6
6
7
6
5
13
11
7
10
6
8
4
6
5
7
7
7
5
5
8
4
5
5
5
7
4
7
5
4
5
7
7
4
9
10
5
5
6
10
7
3
6
5
5
4
4
5
3
3
5
8
1
2
8
6
6
8
3
3
2
6
4
7
6
8
5
5
1
5
5
6
4
2
5
6
7
7
5
9
3
3
6
4
3
5
6
3
12
14
5
4
9
7
9
3
0
6
4
6
4
5
4
4
7
4
5
8
2
5
4
4
6
2
10
7
5
3
4
5
6
4
3
4
4
5
1
4
3
1
5
3
4
4
6
0
4
4
8
4
6
5
3
4
2
7
6
3
6
6
1
3
6
3
3
4
2
6
7
3
3
5
2
1
6
4
6
4
6
3
7
1
4
2
4
7
3
2
2
1
0
1
4
5
4
3
4
4
2
3
1
4
5
3
4
4
6
4
2
4
2
5
5
4
2
3
8
8
3
5
3
4
5
2
6
7
4
7
3
3
4
4
5
6
1
1
3
1
2
3
3
4
5
2
4
2
1
1
6
4
3
6
0
3
4
7
5
3
2
2
1
3
4
8
1
4
3
2
1
2
1
0
4
4
3
2
5
2
2
3
0
1
4
1
5
1
3
2
4
0
4
4
0
2
3
3
2
1
3
2
1
3
1
7
2
4
3
3
2
1
2
7
3
4
5
2
3
0
1
2
3
2
3
3
4
2
0
1
1
3
3
3
2
0
3
0
3
0
2
1
2
3
2
2
2
2
4
3
4
4
0
2
0
1
4
2
4
1
4
0
4
1
3
2
2
3
1
2
3
0
0
2
1
1
2
2
2
2
2
3
2
3
1
1
5
2
0
2
1
2
5
1
1
1
1
1
0
4
2
0
2
1
2
3
3
7
2
2
3
3
1
1
4
3
5
1
2
1
2
1
1
0
1
1
1
2
0
2
2
2
3
1
1
3
1
2
1
2
1
1
2
1
2
0
3
0
1
0
1
0
3
1
2
2
2
2
0
2
2
2
1
1
2
4
3
7
0
0
1
0
2
0
0
0
2
1
0
1
1
1
1
2
0
1
1
1
1
3
1
0
2
2
3
0
0
2
1
1
4
0
1
1
0
2
0
2
2
1
0
1
0
1
2
0
0
0
1
1
0
1
0
2
0
0
1
1
0
0
0
4
0
0
4
2
2
2
1
1
1
3
1
1
2
1
1
1
2
1
0
0
0
3
0
0
2
2
0
0
0
2
0
0
1
1
0
1
0
1
1
1
0
2
1
2
0
0
1
0
1
0
1
0
1
1
0
0
1
1
0
1
3
2
0
0
2
2
0
1
0
0
2
1
1
1
0
2
0
0
2
1
0
0
1
1
0
0
2
1
0
1
0
0
0
0
0
2
1
1
0
1
1
0
0
0
3
1
1
1
2
1
1
0
0
0
0
2
0
0
2
1
1
0
0
0
0
0
2
2
1
1
0
0
0
1
2
1
4
1
1
0
1
0
1
1
0
0
1
1
0
1
1
0
1
1
1
0
0
0
0
0
1
0
2
0
0
1
1
1
1
0
1
1
0
1
0
0
0
0
0
1
0
0
1
0
0
0
1
1
0
3
0
0
2
0
0
1
1
0
1
0
1
1
0
0
1
1
0
0
1
0
0
1
0
0
1
0
1
0
0
0
0
0
0
1
3
0
0
0
2
1
0
0
1
1
0
0
0
2
0
2
0
1
0
3
1
0
1
0
1
0
1
0
0
0
0
0
1
0
0
0
1
1
0
1
0
1
0
0
0
0
1
0
0
0
0
1
0
1
0
0
0
0
0
1
0
0
0
0
1
1
1
0
0
0
1
0
0
0
1
2
1
0
0
0
1
1
0
0
0
1
0
0
2
2
0
0
0
0
0
1
0
0
1
0
1
2
1
1
1
0
0
2
0
2
1
1
1
0
0
0
0
1
0
0
0
0
0
2
0
0
0
0
0
1
1
1
0
1
1
0
0
0
1
1
0
0
0
0
1
1
0
0
1
0
0
0
1
1
0
0
0
3
0
0
0
0
0
0
0
0
0
0
0
0
1
0
0
0
0
0
0
0
0
0
0
0
0
0
1
2
0
0
0
2
1
0
0
0
0
1
0
1
0
0
0
0
1
1
0
0
0
1
0
0
0
1
0
1
0
1
1
0
0
0
0
0
0
0
0
2
0
0
0
0
1
0
0
1
0
0
0
1
0
0
0
0
1
0
0
0
1
0
2
0
0
0
0
0
1
0
0
1
0
1
0
0
1
0
0
0
0
0
0
0
0
0
0
0
0
0
0
0
0
1
0
0
0
0
0
0
0
0
0
0
0
0
1
0
0
0
0
1
0
1
