0
0
0
0
0
0
0
0
0
0
0
0
0
0
0
0
0
0
0
0
0
0
0
0
0
0
0
0
0
0
0
0
0
0
0
0
0
0
0
0
0
0
0
0
0
0
0
0
0
0
0
0
0
0
0
0
0
0
0
0
0
0
0
0
0
0
0
1
0
1
0
3
5
2
7
1
3
3
2
4
4
5
13
33
135
374
984
2176
4922
9757
17270
27575
41029
54346
66097
72720
73398
66524
54822
41202
27929
17451
9882
4993
2365
1018
376
145
49
19
13
2
2
1
0
2
5
1
2
1
0
0
3
0
1
0
0
0
1
0
0
11
82
61
54
55
59
58
60
57
46
59
34
61
35
58
44
61
52
44
57
50
50
48
41
34
42
50
47
42
54
47
42
45
45
48
30
53
46
39
34
42
42
53
46
37
37
46
50
44
34
52
44
57
42
49
59
49
61
51
58
67
50
66
53
65
65
85
110
123
154
242
264
350
427
448
508
527
518
473
385
342
304
208
206
145
132
88
75
61
53
61
58
51
59
39
38
33
49
44
44
31
32
40
41
29
40
40
51
37
52
46
49
54
69
56
57
60
51
75
74
80
79
78
61
87
133
205
279
512
820
1353
2120
3136
4450
6072
7944
9683
11206
12348
12756
12820
11610
10373
9011
7095
5514
4136
2895
2186
1425
1138
852
676
489
426
368
450
534
729
970
1485
1917
2367
2979
3402
3684
3983
3953
3757
3457
3010
2452
2012
1487
1132
793
643
467
409
332
283
281
212
178
160
125
94
71
42
40
17
32
8
12
14
15
16
18
6
10
7
10
12
15
4
15
13
11
12
14
11
9
13
12
7
13
10
15
8
7
8
9
4
11
12
16
14
18
22
12
17
26
21
23
30
22
26
29
29
27
20
19
27
20
12
10
28
26
23
24
26
22
26
25
13
23
21
21
24
25
27
18
18
15
11
15
13
10
7
13
16
14
12
4
10
13
7
7
8
4
8
10
10
9
9
10
12
6
9
8
6
10
8
11
7
4
6
5
8
9
5
10
6
9
6
7
8
11
9
9
5
11
10
9
11
15
15
12
6
19
7
8
13
11
5
17
8
8
5
10
18
15
16
10
13
18
22
10
16
15
12
13
13
17
9
10
9
8
5
7
5
10
14
7
9
9
8
11
6
7
7
9
5
9
6
5
9
7
5
7
8
6
4
3
6
4
15
9
10
3
5
7
8
7
8
8
6
6
6
11
8
6
10
6
5
10
10
13
9
3
7
7
9
7
11
5
9
6
3
8
10
7
5
7
6
5
5
15
13
10
7
6
10
4
18
9
12
8
5
12
2
8
8
5
6
2
6
10
14
12
12
9
9
9
8
7
3
10
10
6
9
14
6
7
6
10
13
7
11
10
12
12
12
14
9
9
18
16
8
11
7
10
9
11
5
10
14
10
10
10
13
7
6
15
5
17
9
10
10
13
12
12
7
12
15
16
8
7
19
6
15
13
8
14
8
9
13
16
16
16
19
17
22
9
25
14
25
14
17
20
19
25
27
27
21
24
27
22
32
30
23
28
32
29
20
38
27
27
30
41
30
31
21
32
25
26
27
9
25
21
36
23
31
32
31
25
22
25
23
25
27
25
25
27
17
19
18
18
11
17
16
20
18
12
16
29
24
27
15
26
26
21
22
22
20
26
25
29
17
19
17
30
26
27
30
26
28
19
27
23
22
23
26
36
33
23
26
25
31
27
26
23
20
28
25
25
33
29
36
31
35
35
28
26
29
32
22
33
29
25
24
24
31
40
32
32
38
40
27
40
30
40
24
34
46
42
43
31
33
31
40
36
56
42
40
44
33
42
45
50
47
46
47
45
51
38
53
48
61
56
36
47
64
51
58
56
51
65
64
49
57
55
58
60
55
65
66
67
56
60
70
64
81
72
52
57
57
59
86
73
86
72
85
72
84
79
104
101
109
110
102
116
107
128
123
100
106
96
129
102
104
101
89
97
65
86
79
76
110
78
80
77
66
95
71
70
83
80
76
73
53
80
79
67
81
93
68
73
78
83
79
79
76
90
68
79
53
60
67
64
76
77
92
64
69
70
73
72
76
57
63
65
74
76
59
78
81
92
62
65
79
82
68
76
58
84
92
71
86
70
75
73
72
74
68
75
75
62
79
69
77
67
89
83
79
83
85
66
68
85
80
61
86
76
65
78
75
64
76
83
88
88
80
71
93
79
74
69
74
86
102
76
85
101
77
86
91
76
72
90
85
92
107
84
86
87
107
94
102
93
85
99
94
96
96
117
108
96
111
120
124
137
115
137
151
170
199
229
264
374
488
589
768
987
1278
1717
2145
2598
3245
3964
4576
5385
6322
7014
7893
8605
9083
9438
10025
10052
9891
9846
9354
8891
8180
7267
6431
5693
4954
4140
3471
2911
2215
1818
1401
1066
783
643
503
365
328
219
186
145
136
135
121
116
109
101
122
94
105
126
93
114
113
102
119
126
108
106
108
130
91
93
93
111
119
101
110
129
113
110
98
121
116
119
123
104
106
126
137
113
127
127
124
135
116
130
132
136
116
128
151
139
148
153
153
157
172
159
186
219
253
286
319
384
426
483
584
695
766
870
973
1143
1149
1266
1279
1354
1311
1450
1366
1425
1383
1279
1136
1076
1028
921
828
708
608
548
468
376
341
287
264
232
208
181
190
179
146
161
149
174
150
153
138
145
171
133
132
135
146
153
137
140
149
159
150
147
157
147
129
158
155
160
149
148
168
162
170
164
167
176
176
176
196
199
193
185
187
223
179
171
190
198
174
249
178
187
203
184
204
213
187
186
202
211
230
200
200
205
220
242
222
223
248
248
245
236
223
256
219
279
262
238
245
271
256
253
241
250
248
262
242
275
246
249
270
259
257
265
244
245
278
236
229
250
227
241
231
247
250
248
241
244
222
222
251
229
219
256
244
237
233
238
204
217
220
208
199
213
212
204
194
221
234
163
218
182
185
200
201
206
201
173
195
217
200
191
180
188
156
191
203
168
186
216
200
194
204
193
199
186
184
182
173
222
181
195
172
163
208
183
168
178
195
207
209
188
224
205
168
173
194
174
185
191
179
181
188
173
159
199
168
168
164
178
186
174
185
182
197
186
202
182
213
205
185
175
179
219
205
213
206
231
186
209
183
182
186
171
171
184
177
203
188
183
211
210
192
184
188
192
188
198
212
202
190
218
187
216
189
184
239
219
222
200
189
230
222
198
224
227
202
199
192
207
201
223
202
247
208
220
221
224
190
208
226
198
221
244
213
234
230
214
206
223
229
238
218
230
197
194
185
198
192
234
213
215
227
208
231
206
228
213
224
215
229
226
217
222
236
220
222
239
245
233
232
220
217
221
220
229
263
232
228
201
208
233
222
214
255
238
224
221
223
255
223
249
230
221
218
199
244
235
243
226
221
216
226
221
248
227
219
235
253
227
211
224
238
243
246
227
270
244
262
231
244
232
234
243
254
254
241
224
221
242
247
266
217
262
240
255
279
265
258
254
246
256
258
253
266
260
262
282
254
244
249
285
262
296
230
253
264
255
274
252
270
273
302
301
283
282
266
244
274
283
257
296
294
279
259
297
295
281
304
279
329
294
289
297
257
270
278
279
283
306
306
286
293
275
288
277
294
269
270
267
299
348
319
286
276
317
252
303
308
307
277
295
287
288
283
321
292
307
272
301
285
292
313
317
291
306
273
291
279
284
286
284
313
279
279
309
275
282
287
293
291
281
281
295
303
270
250
269
287
241
255
271
248
252
269
283
275
273
238
279
277
238
264
275
245
277
289
289
271
282
285
275
267
267
275
226
245
225
276
262
243
232
258
278
247
274
247
241
255
259
256
246
258
257
222
235
254
250
225
227
244
244
239
245
240
261
271
224
234
233
233
238
234
230
213
231
246
230
236
249
244
225
238
213
246
277
278
238
226
230
234
232
277
242
248
272
255
268
250
253
251
256
278
222
268
255
289
264
285
257
287
241
238
249
257
256
275
283
243
243
248
260
245
230
216
250
224
236
257
256
259
237
262
247
257
270
225
235
253
251
226
250
239
256
224
252
256
263
248
239
248
251
257
249
252
247
251
247
221
260
241
245
234
220
191
242
237
238
254
212
235
222
244
233
264
235
257
220
213
268
237
221
240
252
229
233
265
251
248
246
260
245
251
246
218
253
243
246
224
242
279
276
230
285
224
223
253
241
268
227
257
235
256
223
240
251
246
220
256
271
256
236
285
253
266
279
222
275
245
286
224
225
261
247
257
263
260
259
252
269
261
286
252
252
279
284
269
267
253
255
269
252
245
285
276
287
272
272
262
260
303
280
274
304
292
280
296
287
268
318
285
286
308
279
291
321
307
306
338
312
311
332
353
354
333
326
323
295
331
355
331
353
340
337
352
328
354
326
365
382
381
372
416
410
368
355
378
402
374
377
429
406
394
421
429
416
425
421
456
452
478
451
449
488
497
512
509
510
574
603
574
601
583
610
658
678
687
692
694
762
745
776
808
852
857
876
894
941
950
1035
1041
1070
1103
1105
1100
1158
1173
1202
1217
1207
1288
1324
1330
1274
1346
1382
1319
1304
1418
1404
1402
1408
1398
1466
1456
1445
1416
1504
1384
1446
1409
1356
1375
1331
1320
1274
1235
1263
1253
1189
1187
1182
1148
1086
1104
964
974
965
943
918
926
893
829
812
784
778
779
716
648
659
696
631
597
606
579
538
520
485
497
450
457
463
420
426
437
415
354
386
401
378
379
336
356
325
308
346
323
346
306
290
291
308
283
269
256
231
323
254
270
254
257
261
234
220
246
217
263
231
256
221
222
252
244
209
225
222
219
227
208
232
227
215
226
228
224
237
229
240
246
265
253
262
272
301
282
295
345
322
353
371
376
375
401
448
428
448
401
388
453
462
439
445
467
413
413
399
393
422
375
366
365
312
292
323
283
263
266
210
218
212
211
221
194
169
174
179
169
138
160
137
154
165
146
157
141
144
154
144
158
148
144
172
140
159
161
173
180
173
132
170
159
185
159
191
178
156
185
185
173
192
178
181
192
211
175
199
189
193
183
221
225
216
204
210
229
238
208
243
231
242
199
226
242
255
214
247
248
236
282
274
272
254
269
268
257
246
257
265
234
241
230
264
243
232
238
239
259
232
239
224
226
229
198
205
211
225
201
206
229
192
207
183
205
171
200
172
161
175
168
162
161
162
162
160
165
166
148
158
162
145
133
119
153
122
131
135
122
125
113
107
113
116
117
112
109
114
97
108
106
104
99
98
112
87
104
80
78
87
90
91
84
82
85
78
80
79
79
84
80
84
83
76
78
75
78
77
69
75
79
46
67
61
74
67
66
74
70
52
52
87
53
55
66
70
67
65
72
63
59
56
58
58
78
64
74
48
50
52
39
59
52
64
49
43
58
64
51
51
53
63
54
54
54
52
54
71
59
56
87
59
69
79
72
69
69
75
75
92
84
75
79
87
101
80
80
89
75
71
84
77
64
66
81
67
66
65
62
43
50
60
51
54
43
60
48
47
41
42
43
46
49
44
43
46
39
35
48
26
45
49
38
41
38
47
41
48
46
52
46
48
45
35
30
49
60
43
50
47
54
44
34
34
34
41
37
37
29
39
31
39
34
34
35
23
34
36
41
28
29
36
33
27
39
33
38
31
35
38
32
32
34
30
39
36
34
33
31
26
29
29
31
31
42
29
36
38
25
34
20
34
36
34
23
32
36
31
32
35
42
32
31
24
38
31
29
27
41
33
26
31
26
22
32
26
33
38
31
23
33
39
29
33
22
22
32
19
31
16
29
28
42
30
40
24
28
41
27
20
32
29
25
32
31
17
30
26
29
30
27
32
26
24
23
34
30
22
32
32
28
27
38
20
15
27
31
27
21
25
34
28
20
28
24
29
19
20
25
17
27
14
27
21
26
29
28
19
22
29
29
35
25
24
26
29
23
29
20
22
21
17
23
16
23
20
23
19
24
26
19
21
21
19
24
29
17
16
14
22
17
20
17
20
18
21
27
23
25
13
15
22
26
17
17
14
25
23
18
21
19
27
31
30
20
25
27
19
19
14
16
18
12
10
23
12
22
23
20
20
13
17
19
20
20
19
14
16
23
18
22
18
21
22
28
17
28
24
23
13
26
28
26
23
19
19
24
20
11
10
17
18
27
17
12
20
15
12
21
23
24
13
20
19
19
15
18
25
19
15
14
16
17
26
22
20
19
15
25
17
14
14
20
17
21
19
18
17
21
16
16
12
25
19
18
20
24
11
28
14
15
14
17
16
25
16
12
11
13
25
12
15
8
13
13
16
14
14
22
16
14
25
19
19
11
15
16
11
10
17
18
15
14
14
18
12
24
13
7
24
18
16
16
16
14
9
9
11
15
16
10
20
12
17
13
20
14
9
20
17
15
11
16
9
14
14
12
15
22
14
12
8
11
12
5
15
7
13
11
10
11
8
8
22
16
17
9
11
12
19
11
25
15
14
16
21
12
13
19
9
11
16
13
8
15
12
19
9
14
9
10
10
16
18
16
10
14
6
6
12
7
5
6
11
7
13
16
12
13
16
12
15
8
9
7
12
13
10
14
13
8
8
12
8
15
10
8
11
5
12
9
8
10
13
9
20
13
7
10
9
12
11
9
16
4
15
7
18
6
9
12
9
13
8
9
5
12
6
9
10
6
13
10
7
11
14
13
7
11
11
8
8
15
15
12
11
9
2
7
10
4
10
11
6
8
7
9
10
3
6
10
10
8
14
10
7
8
14
12
8
8
12
10
9
11
7
8
5
10
6
8
11
13
6
11
7
13
12
12
9
11
8
10
12
7
11
9
14
9
4
11
11
3
7
11
9
8
8
7
7
9
7
12
9
7
10
12
8
5
6
6
7
9
8
8
10
6
10
7
12
8
7
10
4
7
12
8
6
9
11
13
8
8
8
5
8
7
6
6
7
6
5
13
7
4
6
2
9
8
5
5
11
5
8
4
6
5
7
3
3
4
4
10
7
5
3
11
6
5
10
6
4
3
3
5
12
8
6
14
10
7
3
5
2
4
3
7
7
8
5
2
5
6
8
7
6
2
8
6
1
8
6
5
9
10
7
4
6
13
4
4
4
4
3
3
6
6
4
7
8
4
6
4
2
2
12
5
2
6
6
7
6
5
5
4
6
7
7
6
3
4
8
4
5
3
6
5
5
7
5
2
4
7
0
4
5
7
1
4
6
6
3
3
7
10
4
4
5
7
7
5
3
3
3
11
7
3
5
7
6
7
4
3
7
7
4
3
6
3
4
1
4
5
2
5
2
3
4
6
5
5
1
2
3
5
3
3
8
6
1
3
3
6
4
6
5
4
4
1
8
1
2
0
3
4
0
6
4
4
2
5
3
6
2
5
5
1
5
1
4
5
2
4
2
3
2
0
2
2
7
5
4
4
7
9
2
5
2
2
0
4
3
1
6
1
1
2
3
6
3
0
5
1
4
2
1
5
2
3
1
0
3
3
4
5
2
1
1
3
2
1
5
3
5
2
4
4
2
6
3
0
5
7
1
6
3
5
2
1
3
3
2
3
5
4
1
3
1
7
1
1
0
2
0
1
1
3
1
5
3
1
2
6
2
2
4
3
8
4
3
3
3
3
2
2
4
2
2
5
7
1
3
4
2
3
4
1
2
4
1
3
4
3
3
2
6
1
6
3
7
1
1
3
1
3
4
3
6
3
3
0
4
2
5
2
3
0
4
1
3
2
5
0
1
1
1
1
3
2
3
1
2
2
5
3
3
2
3
0
0
1
1
3
1
4
1
3
1
4
2
2
4
2
5
0
3
1
2
2
1
1
0
3
2
4
3
2
4
3
1
2
4
1
0
1
3
1
0
1
1
3
1
2
2
2
0
2
0
2
0
2
2
1
1
3
0
4
1
2
0
2
1
0
2
0
2
1
3
0
2
1
2
2
2
0
0
1
4
2
1
1
5
2
1
1
2
3
3
4
1
2
6
2
0
0
1
1
1
1
0
2
0
2
0
3
0
1
1
0
3
0
2
2
3
5
0
0
4
1
0
2
3
4
0
2
0
1
1
1
2
2
0
3
3
2
3
0
0
3
0
0
0
0
3
1
1
0
2
0
0
1
2
2
1
2
1
0
1
2
1
0
1
1
0
0
2
1
0
1
1
0
1
1
3
1
2
1
0
0
3
2
1
0
3
1
2
2
1
2
0
0
3
4
0
1
0
2
0
1
0
0
0
1
1
1
0
1
0
2
1
0
0
0
0
0
1
0
1
2
2
1
2
0
0
2
0
1
0
2
1
1
3
0
4
1
0
1
1
1
1
0
1
0
2
2
0
1
0
0
0
2
1
0
0
0
5
1
0
0
3
0
2
1
1
0
1
0
2
1
0
0
0
3
1
0
0
0
2
0
0
0
1
1
0
1
0
0
0
0
0
1
1
1
2
0
0
0
0
0
0
0
0
1
0
1
0
2
0
0
2
1
2
0
1
0
1
0
0
1
1
1
0
1
0
1
0
2
0
0
1
1
1
0
1
0
2
0
1
0
0
1
1
0
1
1
1
0
0
2
0
2
2
0
2
1
0
0
2
1
1
0
0
1
0
0
2
0
1
0
0
0
0
2
0
0
0
0
1
2
1
1
2
0
2
0
1
3
2
2
0
2
1
0
1
0
0
1
0
1
0
1
0
1
1
0
1
3
0
1
0
1
0
0
0
1
0
1
0
1
1
1
0
0
0
0
0
0
1
0
0
0
1
1
0
3
2
1
0
0
0
0
0
0
0
1
1
0
0
0
2
0
0
2
0
0
0
0
0
1
1
1
2
0
1
0
2
0
1
1
0
1
0
1
0
0
1
0
1
1
2
0
0
0
0
0
1
0
0
1
2
0
2
0
2
1
0
1
0
0
0
1
0
2
0
1
0
0
0
0
0
1
1
0
1
1
1
0
0
0
0
0
0
0
0
0
1
1
0
0
0
0
0
0
0
0
0
0
0
0
0
0
0
0
1
0
0
0
0
2
0
0
0
0
0
1
0
1
0
0
1
0
1
0
0
1
0
0
0
0
0
0
0
2
1
0
0
0
0
1
0
0
1
0
0
0
0
0
0
0
1
1
0
0
0
1
0
0
2
0
0
1
0
0
0
0
0
1
0
0
0
0
0
1
2
0
1
1
0
1
0
0
2
0
1
0
0
0
0
0
0
0
0
1
0
0
1
0
0
1
0
0
1
0
0
0
0
0
1
0
0
2
0
1
0
0
0
0
0
0
0
0
0
0
1
0
0
0
0
1
0
0
0
0
0
0
0
0
0
0
0
1
0
0
0
1
1
0
1
0
0
0
1
0
0
1
0
1
0
0
0
0
0
0
0
0
