0
0
0
0
0
0
0
0
0
0
0
0
0
0
0
0
0
0
0
0
0
0
0
0
0
0
0
0
0
0
0
0
0
0
0
0
0
0
0
0
0
0
0
0
0
0
0
0
0
0
0
0
0
0
0
0
0
0
0
0
0
0
0
0
0
1
1
3
0
1
6
4
4
2
5
4
3
2
5
3
2
8
13
28
114
344
913
2210
4735
9693
16706
27716
40318
54947
66217
73135
72800
66957
55028
41498
28039
17771
9838
5273
2360
1003
387
135
44
12
3
6
4
1
0
2
3
3
1
1
1
1
1
0
1
2
0
2
0
1
0
9
69
78
71
60
63
66
66
50
50
60
57
50
50
62
64
52
47
62
49
54
62
46
49
49
69
52
49
47
54
49
72
41
42
55
47
48
55
54
55
65
49
48
53
54
51
45
58
49
42
55
52
44
60
61
63
49
67
73
67
55
61
79
83
83
95
111
98
149
172
233
310
400
472
482
478
515
497
474
412
357
311
246
216
165
113
102
73
73
63
55
37
48
41
53
46
43
49
55
40
46
45
52
40
50
46
49
48
53
50
57
62
66
63
58
66
56
79
67
89
82
81
114
104
135
164
249
383
573
856
1446
2214
3373
4717
6327
8158
10135
11685
13274
13579
13171
12433
10860
9426
7292
5707
4235
3198
2308
1701
1274
1024
800
629
621
612
604
805
952
1174
1539
1926
2522
2978
3367
3752
3829
3832
3669
3399
2860
2362
1893
1481
1117
835
645
476
424
340
304
265
247
197
173
137
83
63
51
40
27
20
14
9
15
13
17
16
16
14
22
17
15
15
15
13
6
17
6
14
10
14
17
9
15
10
9
21
11
20
13
11
15
10
17
16
17
16
20
30
22
32
42
26
29
36
25
19
24
28
24
20
30
18
21
29
21
24
20
26
30
24
29
22
20
20
28
24
19
17
17
19
20
21
21
21
17
13
10
9
12
8
15
5
10
10
8
17
8
7
10
12
8
11
12
7
4
12
8
7
8
10
10
5
7
12
11
5
6
12
5
6
6
7
4
6
10
13
10
9
6
11
3
13
12
10
10
7
7
12
8
10
13
4
10
10
8
7
13
16
14
7
16
17
13
14
17
12
21
17
14
14
10
9
8
8
9
9
7
7
14
4
7
7
10
9
8
11
5
10
10
8
9
14
15
4
2
8
9
11
9
14
7
10
9
4
10
11
7
14
9
7
6
8
3
13
3
13
12
8
2
7
11
6
9
8
10
7
11
7
10
10
6
7
6
9
8
6
11
5
12
8
8
13
10
11
6
9
7
9
12
6
9
9
5
10
8
4
5
7
6
11
6
9
5
10
5
10
11
7
8
13
10
11
6
11
10
12
10
8
9
13
12
11
12
11
9
5
11
5
11
6
18
13
14
14
8
11
8
9
7
14
9
8
13
9
8
12
3
10
10
12
19
11
5
11
14
10
12
12
8
21
11
9
15
8
8
12
16
8
10
18
12
14
14
19
17
14
22
18
24
17
20
13
12
19
16
21
24
18
13
16
20
15
22
24
25
21
23
20
32
33
30
19
33
32
21
22
29
30
30
30
24
29
26
24
37
24
30
34
37
35
27
32
31
29
30
21
16
23
22
31
23
17
16
17
25
21
24
21
18
12
21
18
21
19
20
17
27
30
26
24
31
19
35
22
23
24
14
20
25
31
19
20
22
24
13
24
29
32
30
31
26
31
31
35
33
33
35
26
21
35
30
21
32
30
38
26
31
30
34
35
31
35
29
36
38
37
29
27
40
37
36
40
33
36
41
32
33
39
35
31
33
41
37
36
36
33
29
33
35
49
42
40
42
44
47
49
50
52
46
58
36
34
69
55
48
47
52
44
48
62
56
51
61
62
51
64
53
59
72
59
72
64
64
59
67
76
80
66
85
78
75
82
89
93
98
116
101
95
120
118
111
128
138
138
127
148
172
168
187
204
156
165
178
165
158
130
159
144
125
136
119
115
77
100
104
111
95
91
87
92
90
76
80
81
70
70
58
77
81
83
83
69
83
95
95
80
74
89
93
84
62
71
90
90
72
62
81
50
87
68
68
83
75
68
75
68
70
83
68
89
73
67
89
75
74
88
77
60
65
78
89
81
75
91
87
72
76
95
85
79
64
73
68
77
68
73
68
49
71
65
73
70
70
80
70
72
96
68
76
88
80
78
73
70
86
84
98
92
87
68
100
91
87
100
80
85
97
89
86
104
93
91
99
81
100
98
74
108
82
96
97
61
104
94
88
90
100
108
92
109
106
116
113
102
100
115
111
129
131
117
120
139
174
169
198
234
273
320
405
581
695
903
1246
1561
2031
2585
3148
3743
4511
5274
6152
6997
8045
8640
9291
9785
10326
10173
10564
10180
9786
9287
8768
7956
6963
6146
5346
4402
3714
3086
2468
1938
1507
1185
877
660
535
377
325
242
190
185
172
140
149
132
115
124
136
133
117
146
124
120
119
120
113
122
128
99
111
121
147
114
108
121
114
97
132
126
123
129
136
134
131
140
125
118
118
111
111
139
126
140
148
143
162
153
143
127
146
137
158
130
171
149
182
162
181
213
231
203
236
257
333
364
443
516
620
683
779
856
983
1124
1205
1350
1412
1382
1517
1493
1489
1516
1432
1304
1278
1194
1069
974
883
752
676
537
504
427
348
333
289
250
227
227
173
184
185
166
190
194
177
172
167
171
179
186
195
216
179
215
210
226
244
194
253
214
254
224
242
269
252
252
257
273
281
297
260
269
277
299
280
264
278
292
278
295
278
296
313
298
278
303
276
278
295
278
281
288
307
270
264
284
277
289
267
288
286
246
274
266
268
280
236
265
289
301
258
274
292
246
258
252
266
249
244
259
263
240
255
264
256
250
265
240
279
286
250
250
243
243
259
278
255
268
282
257
269
274
265
238
234
251
249
268
269
265
290
249
275
244
249
234
278
247
272
254
267
260
242
218
237
270
234
266
260
267
227
249
241
249
260
243
242
240
229
236
237
237
238
223
246
249
230
239
227
256
252
231
215
229
214
239
207
230
224
246
209
245
227
245
240
220
227
249
242
233
260
245
253
248
248
232
276
246
226
227
254
235
259
239
252
251
217
227
236
232
234
241
250
244
257
237
249
231
273
254
265
261
265
227
289
266
243
267
234
239
263
267
242
271
269
260
271
263
295
269
270
263
268
290
235
305
303
319
296
289
287
272
338
296
282
306
334
308
316
315
308
300
321
299
296
320
316
291
324
331
350
339
306
316
334
308
299
319
288
302
286
292
300
332
350
321
299
329
296
288
329
305
317
316
333
288
262
320
307
293
274
362
294
308
328
326
320
301
301
288
298
293
324
314
329
330
313
315
256
313
313
300
317
322
274
343
308
297
309
291
263
306
288
306
331
287
318
310
286
296
329
283
306
306
330
336
324
299
298
334
286
286
337
332
288
339
308
352
297
303
350
306
313
358
297
310
317
341
290
333
314
332
325
323
302
335
335
320
330
308
359
341
334
330
316
317
356
302
340
329
308
342
330
355
314
365
349
355
296
326
341
342
318
337
337
352
324
360
342
353
351
355
376
367
355
375
326
330
391
363
312
342
348
333
368
335
310
333
359
329
346
339
338
355
344
355
335
353
356
335
373
334
358
378
352
360
335
347
343
349
346
365
379
334
396
368
387
355
340
349
368
357
363
366
353
386
374
377
334
382
329
384
348
339
347
347
360
370
393
349
408
398
333
369
331
347
364
361
383
364
357
380
364
360
354
391
340
352
340
358
346
361
346
355
345
382
379
359
373
351
367
356
314
335
319
377
349
343
366
361
364
373
327
346
329
327
373
317
359
336
289
274
332
321
329
352
318
299
362
304
333
326
347
306
335
332
318
333
295
323
322
317
328
284
317
327
335
335
318
306
345
300
346
321
279
299
294
327
346
313
310
322
331
322
348
319
293
301
342
327
329
345
302
318
338
303
300
303
306
286
332
298
314
328
323
310
320
299
321
310
321
327
316
331
331
312
327
310
339
331
344
320
330
322
313
316
297
330
330
297
285
313
302
291
323
306
295
299
309
284
332
325
298
315
322
315
306
303
316
303
339
273
338
315
316
297
326
282
307
322
308
304
340
336
287
320
305
310
289
281
347
308
310
275
320
273
313
274
311
304
328
314
298
322
290
337
293
307
290
309
306
284
331
309
316
289
295
289
301
330
295
293
288
317
312
323
288
298
310
322
319
308
281
337
307
295
295
297
331
285
301
315
335
279
332
279
299
319
316
308
311
297
296
330
322
323
330
325
304
317
347
320
339
334
320
339
334
321
316
348
332
331
316
323
324
327
356
331
364
322
343
358
306
330
338
332
374
356
329
364
348
357
360
378
396
352
342
387
387
376
368
379
356
380
417
401
354
414
410
422
405
415
429
443
399
411
437
418
444
393
476
444
435
473
489
450
485
498
471
508
509
494
510
530
507
517
563
538
520
540
560
595
615
578
626
701
686
699
719
722
774
814
769
819
822
825
877
920
914
920
1002
1054
1033
1046
1146
1185
1176
1293
1255
1277
1395
1341
1435
1404
1511
1541
1517
1589
1642
1566
1578
1600
1603
1735
1709
1693
1732
1713
1703
1741
1734
1760
1686
1785
1754
1772
1725
1698
1672
1700
1628
1667
1545
1608
1572
1492
1543
1419
1430
1311
1327
1329
1220
1251
1198
1161
1136
1131
1003
1010
1005
944
863
901
927
832
777
835
729
724
679
661
629
631
614
648
529
586
575
522
492
476
484
484
450
434
476
437
408
400
369
395
424
366
430
387
378
346
369
341
338
351
340
328
350
305
298
286
348
305
296
279
296
270
258
285
267
279
281
281
250
256
255
258
256
256
237
248
246
264
260
269
286
261
273
280
279
346
354
326
348
357
346
386
420
410
395
443
457
477
491
475
503
505
523
563
511
511
538
573
519
527
487
500
522
515
454
426
465
401
362
380
375
363
354
315
288
291
262
235
203
237
232
232
191
198
202
162
181
198
189
197
189
172
159
184
178
178
171
186
173
200
166
191
199
161
212
185
202
193
179
174
204
219
175
183
208
209
231
183
205
228
213
234
270
238
237
223
256
242
253
242
240
252
266
266
258
278
285
279
288
298
242
279
285
288
293
308
289
287
298
283
319
306
286
289
296
282
278
262
298
281
299
273
298
270
244
278
256
256
258
264
262
258
260
255
221
216
227
231
210
213
203
203
222
214
205
178
209
181
176
191
168
159
167
146
168
169
152
175
153
145
136
127
149
133
125
135
139
119
113
107
109
138
113
100
102
115
122
119
104
117
88
99
107
99
102
107
82
91
91
90
79
90
80
73
90
87
72
95
79
90
84
72
81
68
84
86
80
83
73
69
89
73
77
67
80
64
81
68
69
70
63
69
65
74
65
74
60
71
68
68
68
69
55
58
44
63
50
59
67
59
58
58
68
61
78
49
58
66
68
69
76
66
68
56
68
74
74
72
68
81
82
81
87
89
83
85
81
99
86
75
93
106
88
71
64
70
78
81
64
72
70
62
66
64
68
56
64
46
64
46
44
67
46
46
56
39
51
62
47
49
50
50
41
40
41
56
33
53
50
59
58
47
48
61
42
40
48
44
53
41
55
42
39
47
45
42
33
46
50
47
45
40
55
48
45
42
38
35
41
43
27
41
33
40
48
38
52
28
37
34
33
35
39
27
34
28
31
35
26
38
37
37
39
30
34
34
41
34
32
39
26
23
28
34
31
34
26
34
28
40
39
38
39
31
30
34
39
33
35
39
19
35
37
36
38
27
31
34
38
28
37
34
31
26
35
45
30
23
28
35
31
28
34
33
28
32
30
32
27
32
27
24
34
33
34
25
30
38
30
30
25
35
28
29
28
29
29
33
36
36
22
26
33
41
27
34
26
27
19
24
29
29
21
33
18
26
15
28
39
23
29
26
27
37
25
29
24
22
29
20
27
34
33
23
17
25
27
20
28
23
28
20
33
28
30
33
18
23
25
20
26
35
26
30
24
17
22
28
19
29
22
29
21
34
16
28
20
30
31
30
22
28
29
31
28
23
20
30
21
21
23
23
19
35
26
23
19
19
31
21
20
25
21
25
19
27
20
20
21
17
24
23
18
16
28
28
21
22
20
18
18
17
25
13
27
19
10
23
16
15
14
24
18
20
22
26
18
20
16
19
15
24
20
19
26
17
21
13
29
26
13
22
14
21
21
19
24
11
17
25
16
27
19
23
18
19
15
23
17
16
18
28
24
13
25
18
17
21
19
22
20
17
15
27
18
14
16
12
23
12
22
22
24
18
19
16
19
18
23
13
20
16
22
17
16
24
17
18
12
16
11
24
18
19
20
24
19
18
21
14
16
14
14
16
15
15
23
18
17
12
12
21
8
22
21
20
18
21
15
11
19
13
16
14
14
10
15
10
16
14
12
10
16
19
7
12
9
23
12
15
10
6
14
12
13
18
17
13
18
16
13
13
16
15
5
9
8
12
16
13
9
14
11
15
12
22
18
6
11
12
10
10
14
13
11
18
10
13
8
16
7
5
9
9
12
14
13
6
18
16
15
12
15
13
12
12
14
18
15
18
11
15
14
9
11
10
9
11
11
10
14
12
9
14
8
12
15
8
10
16
11
14
12
6
12
10
10
7
15
12
12
13
8
11
8
10
12
11
8
9
6
14
12
12
6
13
16
18
14
23
14
12
7
10
7
6
7
6
8
16
7
13
13
10
15
10
11
15
13
12
8
17
10
12
10
14
4
9
6
9
9
8
4
11
17
8
9
2
14
14
9
8
10
10
11
12
10
13
14
12
8
6
5
8
13
5
12
8
9
8
12
10
13
4
12
9
12
10
5
10
8
13
10
15
11
7
5
7
10
10
5
7
2
6
7
5
12
10
6
12
8
3
5
10
6
5
5
8
6
8
10
9
7
8
9
6
9
3
6
5
7
3
8
7
6
9
5
9
8
11
6
9
8
7
5
9
6
6
6
5
6
7
7
5
13
6
7
7
5
6
10
10
3
7
10
8
10
8
8
9
5
4
5
4
2
7
5
7
5
4
6
5
2
6
4
4
4
10
7
6
1
7
5
4
5
4
2
9
7
8
7
10
8
6
7
3
5
7
5
4
3
6
5
4
5
5
7
4
4
8
5
3
8
10
2
6
8
8
4
7
3
3
2
5
2
9
3
7
4
9
6
6
4
6
7
5
5
11
4
3
5
4
4
3
3
4
8
6
7
2
4
4
2
4
4
10
8
5
5
1
4
3
4
2
4
5
1
2
9
2
5
4
3
7
6
3
4
3
3
7
8
3
4
3
4
8
2
9
5
4
4
4
6
1
2
5
7
4
8
2
4
2
3
4
5
6
8
6
4
4
8
3
5
2
4
3
4
4
2
4
4
2
5
5
8
4
3
5
3
4
5
4
3
5
5
3
2
0
4
3
5
5
3
4
3
4
1
3
1
8
2
3
4
8
3
2
2
2
6
3
1
4
1
5
1
6
5
4
5
2
5
4
2
1
3
3
2
4
1
5
7
3
5
3
4
6
3
3
0
7
3
2
4
2
0
5
0
3
3
3
2
1
1
1
4
4
3
1
3
3
0
0
2
5
4
4
5
4
5
2
3
4
2
5
4
0
1
7
6
2
4
0
5
3
4
2
8
5
4
1
6
3
1
2
4
5
4
0
4
2
5
4
3
3
1
3
4
4
0
2
1
1
3
4
1
6
0
7
2
2
2
4
1
2
3
2
3
3
1
1
2
3
0
2
2
1
4
2
3
2
5
1
2
0
2
2
2
1
1
3
6
2
3
2
4
0
2
3
4
3
3
1
0
4
1
0
2
3
0
3
2
3
1
2
2
4
2
3
3
2
4
3
0
1
3
1
1
4
1
1
1
0
0
2
1
1
0
2
4
1
1
1
2
2
1
0
0
1
5
0
0
3
3
1
1
3
3
0
1
2
3
2
1
2
1
0
1
3
3
3
4
1
0
0
4
0
1
1
1
1
1
4
3
2
2
3
2
0
4
1
2
1
3
0
2
2
2
0
1
1
0
2
1
2
1
1
2
1
1
3
2
1
3
1
2
2
0
1
1
0
1
1
0
3
3
0
2
2
1
1
1
2
0
0
0
1
0
2
0
1
3
3
1
1
5
2
1
3
3
1
0
1
1
0
1
2
1
1
2
1
2
1
3
0
1
2
1
0
0
0
2
0
1
3
2
0
1
0
3
2
0
0
1
0
0
1
1
1
0
0
1
1
1
0
0
1
0
0
0
0
1
0
2
0
1
2
3
0
2
2
2
1
2
0
0
0
2
3
2
1
1
1
0
3
0
1
2
0
1
1
1
1
2
2
1
0
0
0
0
1
1
3
0
0
2
1
1
1
1
0
4
3
0
1
1
2
2
1
1
1
1
1
1
1
2
1
2
1
3
2
1
1
1
0
0
1
0
0
0
2
2
1
2
0
1
0
1
1
1
0
2
1
1
1
3
1
0
2
0
2
3
2
1
1
1
0
1
1
0
0
1
0
0
1
1
0
1
1
0
1
0
1
1
0
0
0
0
1
0
1
0
1
0
2
0
0
1
0
0
0
0
1
0
0
0
0
0
1
0
0
0
0
0
1
1
1
1
1
0
0
0
1
1
1
1
0
1
0
1
1
0
0
2
1
2
1
0
1
2
2
1
1
0
0
0
4
2
0
0
2
1
2
0
0
1
1
1
2
2
0
0
0
0
1
0
0
0
1
0
0
1
1
1
1
0
0
0
1
1
0
0
2
0
0
1
1
0
0
0
0
2
1
0
0
0
0
0
0
0
0
1
0
1
0
1
0
0
1
1
1
0
1
0
1
3
1
0
0
1
1
0
0
0
0
0
0
0
0
0
0
0
0
1
0
0
1
1
2
0
1
1
1
0
2
1
0
1
5
2
0
0
0
1
1
0
0
1
0
1
0
1
0
1
3
0
1
1
0
1
0
1
0
1
1
1
0
2
0
1
0
1
1
2
0
0
0
0
0
0
0
0
0
0
0
0
1
2
1
0
1
0
0
1
0
0
0
0
2
1
0
0
0
0
0
1
1
1
1
0
0
0
0
0
1
0
1
1
0
0
1
0
1
0
0
0
0
0
1
1
1
0
1
0
0
1
0
1
0
0
0
0
0
0
0
0
0
0
0
0
0
0
0
0
0
0
1
0
0
0
0
0
0
0
0
1
0
0
0
0
1
0
0
0
0
0
0
0
0
0
0
0
0
1
0
0
0
0
1
0
0
0
0
0
0
1
0
1
0
0
0
0
0
0
0
0
1
1
0
0
0
0
0
0
0
0
0
0
0
0
0
0
0
1
0
0
1
0
0
0
0
0
0
1
0
0
0
0
0
0
1
0
0
0
0
0
0
1
0
0
