0
0
0
0
0
0
0
0
0
0
0
0
0
0
0
0
0
0
0
0
0
0
0
0
0
0
0
0
0
0
0
0
0
0
0
0
0
0
0
0
0
0
0
0
0
0
0
0
0
0
0
0
0
0
0
0
0
0
0
0
0
0
0
0
0
1
0
0
0
0
1
1
1
2
4
4
6
2
2
5
3
9
17
40
119
369
933
2224
4785
9736
17138
27826
40828
54455
66288
72771
72936
66575
54863
41281
28145
17259
10047
5099
2430
1004
377
148
36
12
6
4
2
2
3
2
3
0
2
2
2
2
3
1
0
0
0
0
0
0
0
6
70
61
74
43
51
59
64
58
62
52
53
45
55
52
49
41
44
57
50
54
35
48
37
43
50
55
41
43
55
50
66
57
53
40
48
52
33
54
34
43
37
40
50
53
52
38
44
40
39
49
42
41
52
49
47
49
53
65
67
53
51
62
80
59
58
78
82
129
171
208
266
351
384
432
530
559
523
464
396
361
271
218
190
147
112
89
70
62
56
45
48
59
46
45
38
43
44
51
35
51
38
31
44
36
46
60
53
48
47
43
43
49
47
49
64
60
72
77
66
55
82
75
75
104
126
193
282
493
830
1338
2038
3155
4523
6141
7969
9824
11138
12422
12919
12614
11742
10523
8834
6965
5446
4124
2872
2093
1591
1162
892
631
513
409
405
468
512
729
1041
1412
1919
2407
2952
3374
3789
3850
4099
3822
3462
3073
2395
1904
1439
1143
875
605
484
375
314
322
301
215
200
156
119
89
79
54
40
19
25
24
18
9
16
10
12
12
10
18
12
9
10
13
12
15
14
12
14
12
6
10
7
12
10
6
12
10
12
14
9
14
10
13
16
6
16
17
24
23
23
27
24
23
31
31
27
13
20
16
33
23
25
26
26
18
25
20
15
27
25
27
33
17
19
19
19
19
16
18
13
23
23
14
17
10
21
10
13
19
16
7
6
10
8
5
7
6
9
7
12
10
2
5
7
2
6
7
7
10
1
6
8
9
6
8
9
3
11
12
7
7
9
7
15
10
7
15
8
8
9
6
5
9
10
4
10
9
12
9
7
4
6
7
10
6
8
6
11
9
7
11
10
20
12
14
13
16
12
13
14
7
8
7
8
11
10
4
7
7
7
14
8
7
6
4
6
7
5
10
15
3
14
6
8
7
7
6
4
5
7
9
7
6
3
6
7
6
9
7
9
10
7
11
3
8
8
5
5
9
5
6
5
5
8
9
6
11
6
11
2
9
4
6
9
10
8
8
8
11
7
6
7
8
11
11
7
9
6
5
11
4
7
12
6
5
5
7
10
7
5
11
12
3
9
7
6
6
10
7
11
13
13
10
13
6
10
7
7
8
7
9
6
5
4
11
13
8
7
7
10
5
9
14
9
12
13
13
7
16
5
7
14
3
6
7
9
8
12
10
13
9
13
10
12
9
10
11
14
10
10
9
11
4
11
8
6
7
11
12
8
12
18
10
7
13
18
13
15
13
15
17
7
16
16
15
20
21
22
21
21
13
18
35
20
22
29
22
26
25
27
31
32
28
35
33
29
23
26
31
33
45
20
29
30
29
35
29
36
23
25
25
25
25
29
13
25
12
21
26
20
28
26
30
18
28
19
12
23
18
23
16
18
12
26
17
21
22
19
17
22
14
26
24
18
33
11
25
22
21
24
23
25
23
21
24
14
26
14
26
31
22
20
27
26
26
21
29
21
26
20
16
28
29
27
27
31
25
22
30
32
26
31
23
32
29
31
30
28
29
32
50
26
23
42
39
32
50
31
42
39
38
45
36
32
45
42
56
38
36
39
45
40
41
39
47
43
43
53
43
47
56
54
51
38
38
38
47
59
58
51
38
54
50
44
48
53
71
54
52
48
59
55
63
56
56
68
51
77
65
61
64
57
76
66
62
56
61
78
94
78
95
110
85
81
103
96
97
111
113
108
121
104
103
100
96
127
108
110
100
95
103
83
84
76
101
77
76
78
74
67
74
71
76
66
76
81
80
87
72
83
85
79
67
80
80
66
72
91
86
90
74
77
70
63
69
71
76
74
85
82
80
62
71
71
88
73
74
71
73
75
71
73
69
70
68
66
77
72
93
65
60
75
77
89
67
74
82
82
77
84
83
72
65
88
74
75
67
96
77
78
84
59
64
91
64
82
81
68
76
67
72
93
72
78
77
96
87
83
67
67
94
74
76
90
93
106
76
88
92
116
93
89
110
94
78
90
85
73
99
88
98
88
84
91
75
110
91
96
85
103
104
109
105
103
116
99
106
107
105
103
136
154
149
175
192
221
280
371
441
575
837
1051
1294
1701
2110
2664
3239
3898
4755
5551
6225
7106
7883
8576
9284
9657
10104
10140
9902
9734
9428
8848
8123
7497
6759
5770
4945
4145
3484
2848
2279
1708
1420
1100
821
635
487
398
287
249
199
168
161
129
128
121
106
110
119
105
94
108
112
122
109
92
125
110
94
110
114
129
111
90
116
133
104
109
110
108
92
136
113
135
107
129
117
111
118
118
111
109
120
110
115
138
143
150
119
122
141
151
138
153
143
121
171
168
181
186
216
225
239
302
346
391
463
509
571
658
779
808
953
1058
1180
1203
1299
1385
1436
1491
1434
1388
1352
1253
1218
1133
1070
911
794
688
594
595
476
383
361
328
309
236
203
206
184
161
167
163
167
156
158
150
143
164
146
151
149
168
157
139
151
148
147
134
142
140
151
174
163
151
147
149
179
196
160
164
182
186
200
173
171
167
202
204
194
178
205
209
180
207
209
195
192
214
209
216
206
221
204
214
241
213
237
214
187
199
217
204
246
206
213
243
246
254
226
236
233
239
231
261
221
253
254
259
267
284
247
258
262
255
268
245
246
236
251
219
244
259
243
242
245
232
235
261
248
249
240
220
226
232
239
231
247
258
213
220
209
243
215
232
204
225
224
249
219
212
206
191
201
213
207
192
207
175
195
189
244
204
192
185
226
198
209
167
195
196
191
180
194
186
176
161
161
219
198
183
200
200
170
186
194
209
181
180
195
174
178
209
182
192
175
208
173
211
186
185
182
202
174
167
191
170
197
166
185
180
198
177
170
179
188
191
170
179
188
164
186
193
194
181
194
213
167
178
192
194
188
204
180
203
160
192
207
185
208
165
201
201
203
220
197
209
193
206
197
186
200
201
204
187
189
193
219
212
196
212
190
175
186
197
220
209
177
208
209
195
196
214
214
217
212
197
202
184
210
193
218
220
216
204
202
206
231
215
212
224
216
210
184
208
222
198
196
218
205
244
245
212
234
181
202
232
205
221
211
226
240
215
207
216
218
199
215
209
249
242
216
216
223
240
226
219
191
233
204
213
220
231
246
218
233
240
224
222
244
227
227
246
216
216
202
236
208
240
262
219
235
223
247
253
231
263
213
254
235
225
242
243
215
218
242
238
244
240
235
249
270
244
258
243
216
239
264
241
239
257
284
260
228
241
236
216
229
235
264
244
258
266
260
263
237
260
236
280
251
249
263
258
286
271
254
261
279
238
250
279
279
236
265
281
258
270
266
263
274
282
283
291
256
279
272
300
307
258
311
240
269
289
307
286
266
265
287
290
276
308
311
271
247
273
313
275
294
287
290
275
282
319
281
279
290
309
290
300
286
308
279
283
272
302
280
300
287
282
297
307
294
301
282
281
282
303
322
273
285
252
314
296
298
298
288
283
279
292
294
301
292
269
290
299
304
314
332
289
275
289
275
296
244
279
290
282
294
278
260
296
284
281
267
305
255
237
281
277
274
284
261
269
256
279
267
262
238
255
239
243
277
260
277
264
263
302
278
250
269
240
267
242
243
262
314
272
258
272
250
245
269
264
230
272
282
234
240
251
244
267
264
275
254
225
247
242
246
235
268
240
237
243
265
222
223
216
247
246
270
248
268
233
248
244
270
275
238
235
243
258
247
266
246
231
250
227
244
250
273
256
242
252
280
251
240
278
279
260
225
261
250
247
239
244
258
255
238
223
237
243
234
263
231
247
254
268
237
262
248
264
247
244
228
240
247
232
237
231
243
270
228
247
237
258
275
235
241
235
258
263
247
245
243
251
271
264
229
235
259
250
211
243
258
240
240
238
246
224
251
239
234
253
232
272
261
260
257
270
231
253
237
222
277
231
245
252
256
252
229
243
246
216
230
254
251
254
271
239
252
247
258
281
264
230
274
253
240
215
261
232
235
256
259
227
242
242
265
266
230
268
253
235
237
229
237
250
272
250
273
266
264
258
281
265
243
224
272
280
276
265
263
252
263
240
252
267
292
262
280
245
283
279
294
277
263
270
286
290
266
256
267
295
271
305
304
296
311
304
305
308
309
270
326
324
305
317
310
272
315
290
297
334
317
360
329
316
341
322
361
350
333
356
344
366
378
362
347
393
397
359
349
382
358
386
399
375
414
416
374
419
387
405
429
437
466
454
470
469
471
465
498
491
526
514
518
587
562
579
522
606
599
652
658
679
691
705
708
688
813
785
842
855
886
850
904
961
986
993
1032
1089
1038
1143
1110
1178
1139
1232
1286
1272
1311
1310
1273
1392
1397
1316
1412
1457
1470
1498
1425
1353
1478
1464
1445
1521
1449
1386
1461
1407
1370
1428
1329
1328
1353
1380
1323
1292
1265
1165
1179
1141
1145
1110
1084
1096
1003
1027
962
913
812
875
846
797
790
747
750
711
698
678
583
607
659
582
553
530
500
518
507
505
466
470
440
427
422
421
402
334
392
378
349
345
371
366
306
350
357
329
335
333
313
289
296
277
288
255
270
269
254
273
260
242
266
224
260
256
243
205
231
227
229
214
237
247
246
203
243
202
238
225
242
234
211
251
237
250
260
236
278
254
292
280
306
328
306
317
306
347
381
378
357
413
399
388
395
437
419
445
464
442
426
401
404
447
434
425
372
408
383
373
339
344
327
278
311
261
269
267
207
241
219
208
187
168
174
161
145
159
167
136
165
156
179
147
150
161
143
160
159
156
142
151
142
139
140
175
162
138
180
159
169
179
169
187
190
192
187
202
192
173
190
200
190
187
195
202
184
190
214
217
229
235
218
228
201
219
228
233
240
229
241
231
249
231
236
253
234
279
269
255
280
264
278
257
273
247
240
256
252
267
232
250
247
241
257
264
251
248
261
239
224
216
219
246
211
211
219
195
208
207
214
223
179
195
209
181
178
179
196
183
162
174
158
149
148
173
136
127
145
115
140
132
141
127
136
117
136
122
126
113
108
117
118
113
114
105
121
107
110
114
106
101
86
82
100
98
101
82
81
86
93
86
87
77
76
79
71
79
64
75
75
80
56
80
77
69
63
66
59
62
76
69
62
71
54
79
79
63
66
74
64
64
60
65
62
63
63
54
64
70
53
57
57
42
49
54
59
56
59
62
57
59
42
53
63
46
54
65
54
63
57
55
41
51
48
69
54
62
58
56
49
62
70
71
70
78
68
72
100
72
87
87
79
76
90
78
72
73
64
67
69
73
60
59
62
74
54
52
64
72
48
50
51
59
40
47
35
60
45
46
49
48
37
51
42
50
56
49
35
50
42
53
49
38
37
53
44
39
45
42
51
51
44
41
44
34
49
43
38
42
34
34
44
39
48
45
40
29
41
33
32
36
39
41
33
35
34
32
32
38
39
40
37
22
33
36
40
38
39
40
38
40
29
35
36
37
36
32
43
33
26
31
35
29
44
43
37
31
32
26
32
38
29
40
31
28
20
27
28
24
39
26
31
34
27
26
31
29
33
31
27
39
19
25
33
23
27
29
28
25
28
17
28
34
35
31
20
22
26
31
31
38
33
30
31
32
16
33
29
22
29
29
24
30
23
32
28
39
26
18
34
23
24
38
28
31
30
26
28
27
30
28
27
21
28
17
23
29
32
26
29
25
20
35
30
29
24
21
24
31
23
29
29
27
23
19
21
14
19
20
25
24
21
22
17
19
33
18
27
27
23
31
17
27
27
22
27
22
28
21
20
16
21
25
27
20
27
21
24
22
20
24
22
21
29
22
22
18
23
19
19
31
19
28
20
21
26
20
17
22
24
16
23
18
17
22
20
23
25
23
22
25
22
22
16
23
21
27
16
26
24
15
16
22
15
21
20
19
24
18
24
20
15
18
19
15
22
18
21
18
20
20
13
12
17
17
19
19
18
23
21
17
17
15
19
19
17
23
18
22
24
23
22
11
14
20
15
21
21
18
18
21
17
18
14
22
15
18
13
22
25
18
15
14
15
17
20
21
14
18
13
20
12
19
16
12
10
16
20
12
19
16
12
17
19
11
18
17
16
18
14
6
17
18
16
14
9
13
17
22
18
8
10
16
18
13
8
16
21
16
20
15
11
15
12
24
15
12
12
11
22
22
13
15
10
8
11
12
22
10
15
9
8
7
20
16
7
13
14
14
10
8
10
6
10
8
10
9
22
12
11
12
12
17
12
14
18
17
11
17
21
15
11
12
7
16
8
8
17
11
14
11
6
10
10
12
13
11
14
11
12
11
7
11
10
13
16
11
12
9
14
10
11
10
8
13
11
16
9
14
13
9
9
9
7
9
14
6
12
8
9
9
15
12
8
7
8
11
8
12
7
10
10
10
8
15
9
15
9
12
6
5
9
5
8
10
6
14
17
15
9
14
16
11
7
11
9
8
13
9
9
13
12
7
4
14
13
11
10
8
9
13
16
6
6
11
10
7
17
8
11
8
9
6
3
8
8
11
14
5
11
9
13
6
10
9
7
5
9
10
7
9
8
7
15
7
11
7
9
9
12
9
7
6
13
6
12
8
6
7
12
6
7
4
9
8
9
9
7
17
5
8
11
13
5
9
9
7
11
10
13
6
7
4
8
12
10
7
9
7
7
10
11
10
14
8
9
6
9
11
7
10
7
14
4
8
7
13
10
10
10
7
6
12
4
6
3
5
3
12
9
6
3
6
7
2
7
9
7
2
8
6
4
2
5
5
10
8
10
3
5
5
6
13
10
2
4
6
7
6
6
8
8
5
10
2
8
7
6
4
4
2
11
5
5
9
2
5
9
1
4
9
8
8
9
8
3
3
2
3
7
5
2
3
6
11
11
10
8
5
5
12
5
5
8
4
7
7
5
4
5
4
6
8
9
6
11
17
3
6
4
10
4
6
4
5
7
5
5
4
2
3
4
2
6
2
6
7
8
8
4
1
3
6
5
10
8
2
6
5
7
8
1
7
6
7
6
10
6
5
2
4
5
4
7
6
4
4
2
5
3
6
5
7
5
8
2
5
8
5
3
2
1
2
2
5
2
4
4
1
2
3
7
2
2
7
5
4
4
9
4
4
3
3
3
6
6
5
0
4
8
3
5
7
4
4
8
5
2
3
3
2
2
2
6
7
5
3
1
4
2
3
0
4
5
5
2
3
1
6
1
3
7
6
3
1
1
3
7
1
3
4
5
3
4
4
5
1
0
3
3
5
4
2
7
1
4
3
3
4
2
3
3
5
2
6
2
8
3
3
4
1
5
3
4
4
3
2
6
3
0
6
2
2
2
4
2
1
0
5
2
2
2
3
3
1
1
6
2
1
3
2
1
4
1
3
1
3
3
2
1
2
2
1
6
2
2
2
7
1
1
3
4
0
0
2
5
1
4
2
4
2
4
1
2
1
5
3
4
1
3
2
4
3
2
1
3
5
0
2
4
7
1
3
0
0
0
4
5
2
3
1
4
5
2
4
2
2
3
2
3
1
1
2
0
5
4
4
3
0
2
7
1
4
1
4
2
2
3
3
2
7
3
0
1
3
6
1
1
2
0
0
2
2
2
1
3
0
1
4
1
2
3
1
1
1
3
0
0
1
1
2
4
2
2
2
2
4
3
0
4
4
1
2
3
0
1
0
0
1
2
1
3
3
2
3
0
0
3
2
1
0
2
1
1
4
1
2
3
2
2
1
3
0
2
1
2
1
0
2
2
1
3
2
5
4
1
5
4
0
0
1
2
2
3
0
1
1
2
3
0
2
4
2
1
0
1
0
2
1
7
1
1
1
2
4
4
1
0
1
0
3
4
3
1
2
1
0
2
0
3
0
1
1
1
1
1
1
1
4
1
3
0
2
1
1
0
1
1
0
1
0
0
0
2
1
0
1
0
5
1
1
2
1
1
1
4
0
0
1
2
1
1
0
2
1
1
0
3
1
2
0
0
1
0
0
0
1
2
1
2
0
0
0
0
0
2
4
2
1
0
1
0
0
0
0
0
1
1
0
0
1
1
3
1
1
1
0
1
1
0
1
0
1
3
2
4
1
1
3
0
0
0
0
0
1
3
2
2
1
2
1
0
2
1
1
0
2
0
0
0
0
1
1
1
0
1
0
1
2
0
0
2
1
1
1
1
0
1
2
1
0
1
0
1
1
1
1
2
0
1
2
0
1
0
0
1
2
1
1
2
1
1
0
2
0
1
2
2
1
1
1
1
1
0
0
1
1
1
1
0
2
1
3
0
1
2
1
0
0
0
3
0
1
0
1
0
1
1
2
2
0
1
1
1
2
1
1
0
0
2
2
1
0
0
0
1
1
1
0
0
1
1
1
0
1
1
1
0
2
2
3
1
0
0
1
2
1
0
0
1
0
1
1
0
0
0
0
1
0
1
0
0
1
0
1
0
1
0
0
0
2
0
1
0
0
0
1
1
0
3
0
0
0
1
1
1
1
1
0
0
0
1
0
0
0
0
0
0
1
0
1
0
0
1
1
0
0
0
1
0
0
0
0
0
0
0
1
1
0
1
0
0
1
0
0
1
1
1
0
1
2
1
1
1
1
0
0
0
0
0
0
1
0
1
0
0
1
0
2
1
0
0
0
1
0
3
0
0
0
1
1
1
1
0
0
1
0
1
1
0
0
0
0
0
0
0
0
1
0
0
0
0
0
0
0
0
1
1
0
0
0
0
0
1
0
0
0
0
1
0
0
1
0
0
1
0
1
0
0
1
1
1
1
0
1
2
3
1
1
1
0
0
1
0
0
1
0
0
0
0
0
0
0
1
0
0
2
0
0
0
0
0
1
0
0
0
0
1
1
0
0
0
0
1
1
0
1
0
0
1
0
0
0
0
0
0
0
0
0
0
0
1
1
0
0
0
0
2
0
0
0
0
0
0
0
0
1
0
0
0
0
0
0
0
1
0
0
0
0
3
0
0
0
0
0
0
1
0
0
0
0
0
1
0
0
0
0
0
0
0
0
2
1
0
1
0
0
0
0
0
0
0
1
0
0
1
0
2
0
0
0
2
1
0
1
1
0
0
1
0
0
0
1
0
0
1
0
0
0
1
0
0
0
1
0
0
0
0
0
0
0
1
0
0
0
0
0
0
2
0
0
0
1
0
1
0
1
0
1
0
0
0
