0
0
0
0
0
0
0
0
0
0
0
0
0
0
0
0
0
0
0
0
0
0
0
0
0
0
0
0
0
0
0
0
0
0
0
0
0
0
0
0
0
0
0
0
0
0
0
0
0
0
0
0
0
0
0
0
0
0
0
0
0
0
0
1
0
0
1
1
0
1
3
5
1
6
4
2
6
2
5
2
8
6
18
53
110
363
926
2268
4729
9599
16879
27584
40412
54322
66583
73323
73042
67078
54761
41503
28249
17524
9691
5126
2357
1072
399
123
50
15
4
1
1
3
2
4
1
2
3
1
1
2
1
1
1
0
0
0
0
1
0
6
66
58
63
56
60
57
62
56
50
56
60
55
67
59
62
60
49
60
46
50
60
53
47
44
46
41
63
52
56
48
41
46
48
40
50
51
41
59
40
49
50
53
61
47
53
51
47
40
53
32
49
45
36
49
57
52
54
52
61
80
67
67
77
79
87
99
117
145
170
224
301
359
422
467
546
555
531
465
390
369
303
227
185
154
127
94
73
66
82
46
48
58
48
47
44
45
41
55
47
54
58
39
42
45
58
39
50
49
52
51
63
61
57
66
66
72
64
77
76
92
95
97
127
145
165
235
333
594
894
1427
2184
3267
4637
6556
8209
10034
11660
12839
13411
13181
12258
10954
9155
7575
5722
4359
3045
2394
1701
1259
1029
795
677
587
614
629
753
945
1246
1612
1993
2472
3067
3396
3705
3838
4013
3689
3443
2894
2479
1934
1443
1092
797
606
488
422
328
261
245
232
196
148
121
100
82
48
31
29
23
26
17
15
11
14
6
14
13
11
19
15
10
17
11
13
13
11
13
10
14
12
14
13
14
17
11
16
6
13
14
12
9
9
9
16
18
18
20
25
23
45
33
44
26
29
28
32
36
23
21
20
29
20
28
22
39
30
30
26
31
28
28
21
24
22
19
23
23
20
14
23
14
11
13
18
11
9
11
10
5
17
3
10
10
11
8
14
7
9
11
5
11
3
6
5
7
11
7
7
8
6
9
10
10
13
8
6
3
8
6
11
11
7
11
6
10
9
11
15
11
7
18
10
9
10
8
4
6
10
16
9
8
9
10
8
12
6
8
8
9
20
18
17
13
15
20
17
8
14
7
8
7
13
9
14
10
17
5
7
9
5
8
3
7
10
11
12
12
8
10
11
6
10
8
10
11
7
6
13
12
7
9
7
6
4
5
6
9
8
4
11
11
7
8
6
6
8
8
7
8
4
9
7
4
5
4
8
6
11
9
11
2
9
5
7
7
8
13
11
8
14
7
6
10
9
3
7
11
4
7
11
8
10
5
5
9
4
3
12
9
6
6
5
13
13
9
4
11
12
16
10
9
13
8
6
8
7
10
3
11
12
10
6
6
8
7
14
8
11
9
8
9
14
8
15
10
7
11
9
11
10
16
11
3
19
9
8
8
12
7
9
14
11
9
9
11
15
12
13
9
8
12
6
18
13
11
14
11
18
7
12
11
10
10
12
9
20
16
14
13
7
15
25
11
13
20
31
28
23
12
26
21
20
32
14
21
18
31
24
27
29
28
25
26
20
32
33
28
28
34
22
25
26
30
26
31
31
22
34
26
25
28
27
40
22
31
20
25
19
20
23
32
26
17
29
15
26
19
26
18
17
21
18
24
15
25
16
19
18
27
20
22
20
18
16
24
27
23
15
31
23
20
26
24
28
22
33
17
23
23
29
28
32
33
30
31
20
21
29
28
29
35
38
28
16
31
29
34
28
34
28
37
28
29
35
37
40
36
28
25
37
22
34
42
34
38
40
33
38
38
39
37
31
40
29
42
44
42
40
47
50
36
36
39
37
56
43
47
47
46
48
60
63
50
48
49
59
48
56
49
52
51
66
60
50
68
59
61
61
65
68
69
77
71
57
67
84
65
76
92
89
108
80
95
84
85
80
128
101
137
136
136
132
141
132
168
166
176
165
169
179
184
195
186
181
164
151
130
140
152
114
105
99
94
111
95
92
83
89
89
72
77
81
81
87
78
85
90
87
59
91
100
82
79
72
65
85
78
69
91
65
89
76
80
73
90
98
74
78
54
77
90
79
87
76
61
77
80
76
49
60
69
96
76
86
79
93
92
94
88
90
77
66
79
60
78
87
75
82
86
69
90
80
80
89
79
76
68
81
79
83
81
73
72
73
77
90
89
82
86
72
58
89
65
81
80
96
84
80
76
89
76
94
85
83
83
85
88
93
86
106
105
93
76
89
90
93
76
79
106
101
99
112
86
84
101
88
111
108
129
88
103
103
104
114
109
116
125
104
118
140
155
169
171
185
214
274
337
402
566
711
944
1196
1550
2025
2543
3121
3693
4612
5292
6069
7054
7812
8737
9312
9862
10450
10473
10413
10169
10232
9335
8679
7780
7031
6057
5237
4595
3666
3065
2289
1827
1542
1109
897
685
531
450
316
253
223
190
148
147
137
141
135
100
129
124
137
111
129
108
109
103
121
116
122
117
117
132
101
128
123
113
134
114
96
133
116
125
129
119
123
141
122
113
129
117
121
129
118
145
138
131
138
129
125
134
159
163
164
145
139
140
181
164
175
202
216
208
256
252
308
371
446
482
593
696
760
811
926
1053
1204
1290
1265
1382
1419
1489
1539
1437
1442
1289
1306
1208
1054
1006
833
750
697
582
518
440
366
296
288
240
233
211
186
183
174
159
185
186
157
174
164
162
168
192
167
185
172
188
173
207
204
223
222
220
211
239
231
243
269
224
265
270
250
254
264
268
289
270
268
237
287
262
287
284
290
285
277
319
264
271
314
279
292
270
286
252
276
292
236
260
257
234
240
288
266
262
258
232
228
270
233
245
272
237
238
222
219
229
273
241
233
229
257
263
223
240
229
246
252
247
249
247
208
220
241
248
215
234
226
251
244
237
238
258
227
253
252
266
268
239
241
228
266
238
257
246
251
269
225
236
250
209
225
231
253
220
243
261
206
229
218
252
226
212
213
226
217
209
207
215
217
233
228
213
221
193
218
203
208
228
190
218
202
202
235
242
197
210
208
211
236
232
175
203
210
212
180
192
209
203
197
208
209
201
189
234
218
214
216
213
229
216
209
197
212
199
216
219
204
217
222
214
224
198
205
205
208
201
242
242
209
239
226
240
221
209
249
208
203
248
232
235
254
233
226
226
219
237
247
239
254
240
261
270
254
256
262
261
287
284
261
279
263
263
288
294
262
289
286
233
286
249
274
288
279
259
261
311
242
281
296
286
290
298
294
238
274
277
288
279
289
286
285
276
273
264
301
294
257
292
253
282
270
260
278
289
250
286
281
270
246
268
260
269
263
260
273
295
267
267
258
274
261
300
294
250
306
256
290
257
293
302
245
275
267
280
300
253
263
269
248
245
279
277
260
287
266
277
285
279
278
241
261
259
262
271
278
266
273
286
280
265
265
260
275
234
296
285
264
304
273
283
279
298
306
299
259
268
287
285
296
301
276
301
305
306
306
256
314
276
297
282
278
268
277
276
302
300
316
303
280
286
332
309
321
298
315
314
317
302
311
284
296
300
258
290
288
317
291
286
290
285
289
297
297
307
305
288
339
327
291
316
302
326
307
322
289
333
307
306
326
316
320
304
315
323
312
325
303
329
327
339
329
299
334
329
349
310
301
308
320
310
317
327
337
312
297
322
343
346
295
317
332
353
307
312
318
310
315
300
291
352
361
330
296
346
307
337
339
300
345
340
350
331
295
335
333
331
358
348
319
306
348
337
353
317
333
321
343
316
311
327
326
327
285
301
316
341
323
318
349
326
332
321
338
309
333
340
330
325
302
319
298
306
305
290
286
293
304
286
306
298
301
258
318
311
300
308
296
304
315
267
317
292
317
306
301
300
289
292
306
284
282
300
293
296
299
295
298
300
287
280
295
292
315
320
295
327
299
277
314
289
282
284
294
291
292
307
281
280
273
265
326
272
296
301
293
275
269
265
321
324
290
300
305
284
295
317
306
295
297
316
299
279
292
311
286
271
312
292
295
270
295
260
281
296
287
292
321
314
301
283
254
306
305
325
279
293
279
275
312
292
258
270
305
297
285
310
268
286
266
270
300
264
275
283
286
280
235
289
305
288
256
276
280
288
272
266
298
245
312
287
309
271
276
321
291
271
293
291
280
260
260
295
290
286
285
296
263
262
267
274
261
290
287
252
290
263
312
282
287
287
318
275
264
259
279
275
274
283
333
279
270
299
283
308
278
265
288
292
256
258
264
256
288
285
268
320
301
281
312
302
302
318
298
260
281
290
289
286
303
305
307
286
276
302
279
320
257
314
294
333
287
308
325
293
300
306
308
285
304
328
317
309
354
321
316
323
320
306
316
332
314
313
345
336
337
329
321
338
369
352
352
364
374
337
361
361
373
362
394
404
395
363
367
396
390
394
373
361
366
409
413
377
406
411
436
425
403
458
440
437
451
439
470
462
503
462
485
478
502
551
485
506
520
568
573
595
576
612
624
649
668
690
707
712
784
774
701
805
806
904
888
894
962
937
1000
1021
1007
1035
1121
1100
1160
1217
1195
1249
1298
1339
1284
1396
1403
1537
1410
1557
1445
1450
1549
1552
1577
1646
1614
1689
1643
1565
1648
1604
1631
1636
1506
1609
1613
1571
1599
1477
1524
1450
1472
1497
1441
1390
1345
1370
1299
1304
1304
1262
1148
1121
1114
1062
1067
1087
969
901
936
896
894
815
761
792
670
757
719
674
639
662
607
577
584
491
581
517
503
504
463
492
414
463
426
412
422
391
382
373
371
372
396
379
370
329
360
338
344
309
312
299
333
325
318
280
275
255
303
307
299
272
254
285
281
236
248
253
267
263
263
257
252
268
222
260
247
245
242
216
262
257
239
267
272
279
263
293
296
331
339
340
383
379
415
385
405
417
420
465
494
481
476
511
529
530
455
524
532
512
518
506
496
494
425
457
455
424
430
419
371
356
321
328
302
282
253
263
206
239
193
213
198
197
162
179
188
198
180
186
185
160
171
181
195
167
173
158
157
168
162
162
185
172
184
172
175
175
169
168
188
184
184
195
191
213
207
207
186
197
209
179
218
231
218
248
211
214
229
230
238
230
252
216
247
216
262
246
273
297
254
240
255
237
290
280
267
268
270
244
278
270
290
258
280
279
269
272
283
281
286
297
264
282
246
245
290
260
250
238
254
254
257
223
236
243
236
214
196
216
212
209
210
193
204
212
212
188
160
191
168
181
159
156
163
160
179
162
121
134
152
152
123
144
146
132
128
141
116
127
132
115
124
123
111
117
92
106
101
106
109
94
86
100
79
87
95
94
106
85
86
88
90
86
93
90
93
67
60
79
94
74
82
79
61
66
65
83
65
66
97
80
76
62
80
62
65
74
68
75
70
57
78
59
67
75
72
72
60
67
56
72
67
40
58
78
61
59
49
61
72
54
54
50
55
64
46
56
63
59
61
54
68
57
48
61
55
64
51
65
70
68
95
71
80
85
84
70
87
77
86
78
75
65
82
90
80
93
72
69
76
73
57
78
76
62
66
61
65
47
62
56
38
47
41
61
46
44
60
36
44
34
45
38
50
48
47
62
41
44
45
50
36
44
50
48
47
36
36
41
44
47
38
36
42
39
39
68
34
30
31
43
59
41
46
39
32
36
43
38
42
51
47
40
45
43
46
41
40
29
36
37
35
36
41
35
31
34
26
35
34
35
29
31
34
30
37
31
48
29
36
32
32
43
27
36
37
45
33
33
34
25
30
34
23
44
37
36
35
28
23
32
41
29
27
22
32
46
28
31
40
33
30
42
35
30
33
22
24
35
26
20
27
29
44
34
40
20
28
32
35
25
34
40
32
31
29
34
28
23
28
37
26
36
34
25
29
33
34
29
27
26
24
28
23
27
39
21
39
25
26
30
14
26
35
28
34
21
33
22
32
26
32
29
20
22
25
33
31
24
20
21
24
30
25
16
29
35
32
30
23
22
11
21
24
20
28
26
21
21
16
27
21
22
14
30
22
23
17
26
18
23
29
21
19
20
25
26
22
15
23
30
26
24
30
16
23
18
18
29
20
16
22
24
23
17
24
23
24
26
26
18
26
26
22
20
26
21
23
20
28
26
17
21
21
18
28
18
23
21
19
17
21
23
21
26
22
21
18
28
28
19
26
19
22
14
22
24
21
19
21
32
10
17
14
23
11
26
19
30
17
19
15
18
16
20
19
16
17
18
22
14
16
18
19
16
17
22
23
17
16
20
20
13
15
20
16
23
21
16
14
24
16
26
18
18
14
8
15
23
18
20
23
18
17
16
12
20
15
12
7
12
16
14
15
16
13
17
22
13
18
20
15
13
12
19
15
16
18
17
18
17
14
18
18
15
18
15
14
10
9
13
13
10
16
16
16
12
16
14
9
21
18
13
17
10
16
18
14
18
16
13
15
17
9
9
14
20
11
12
13
8
10
11
23
12
18
11
14
14
9
13
17
10
13
16
17
21
14
13
10
10
18
4
9
16
12
13
10
12
10
6
14
15
8
16
12
14
11
9
7
9
10
12
12
19
15
19
10
16
10
11
9
9
15
16
22
14
15
12
12
9
9
9
9
15
10
13
14
10
9
8
13
9
13
13
11
5
10
11
10
13
11
10
15
15
6
9
11
13
13
12
16
15
13
19
13
14
9
9
13
10
5
4
16
17
6
9
7
9
10
12
8
4
13
9
7
8
15
12
15
11
14
14
10
11
10
10
7
11
6
5
11
7
12
11
11
8
8
9
7
7
13
12
13
6
9
5
9
11
10
11
9
5
11
13
14
10
6
10
3
8
9
5
10
11
5
7
7
12
8
8
10
13
7
9
13
10
11
8
9
11
3
17
10
13
6
11
10
11
7
8
5
6
5
6
9
8
14
6
7
8
12
7
12
2
6
8
8
10
7
6
6
10
7
12
4
7
5
10
7
6
13
5
6
5
8
7
2
8
8
7
4
6
4
7
9
5
3
6
7
11
11
8
9
7
11
9
2
7
10
10
5
9
7
7
6
5
9
4
6
5
7
4
6
6
7
6
7
3
9
9
3
3
3
6
4
8
6
13
2
6
12
5
5
3
4
12
5
7
4
5
3
7
6
8
3
9
8
5
6
5
4
8
4
6
5
2
6
7
8
2
1
12
7
6
1
7
7
6
2
3
7
5
3
3
3
3
3
4
3
5
2
6
4
8
3
7
7
6
6
3
6
9
6
8
8
5
4
3
8
7
11
6
5
6
4
3
9
3
1
4
5
9
4
1
5
3
2
4
4
3
5
5
3
4
9
2
6
2
3
5
3
8
1
2
4
6
2
4
4
3
5
7
2
2
3
4
4
5
7
6
2
3
6
2
4
6
5
4
2
10
2
5
2
9
3
4
8
2
3
4
4
3
8
2
4
3
2
4
2
7
3
5
6
4
10
6
3
4
4
3
5
2
4
2
5
1
5
6
3
2
2
2
7
2
2
4
3
2
3
7
4
3
2
3
3
1
5
1
1
2
3
9
2
3
3
2
2
1
2
3
5
2
0
4
4
1
3
3
5
3
2
0
4
2
4
3
5
6
4
4
4
0
2
2
3
3
3
0
4
0
0
3
3
2
3
2
4
1
4
3
3
1
4
4
1
3
2
0
4
1
2
6
4
1
1
4
1
3
2
2
6
2
3
2
7
0
1
2
3
5
1
1
3
6
1
6
4
3
3
1
5
2
0
6
2
1
2
3
3
2
1
2
1
5
2
3
2
1
5
2
3
2
0
1
0
1
2
4
2
1
1
1
3
0
1
4
2
0
3
4
1
3
2
2
2
3
4
0
0
2
4
2
4
1
2
3
2
1
3
2
2
2
1
0
2
2
0
5
2
1
3
2
3
2
2
2
1
2
0
1
3
2
1
0
4
1
2
2
2
1
4
1
1
5
1
0
2
1
1
1
2
4
1
3
1
2
2
4
2
2
1
2
0
0
4
3
3
2
3
1
0
2
7
1
2
4
3
0
4
0
2
4
1
2
0
0
0
0
0
1
2
2
0
1
1
0
1
2
1
1
0
2
0
2
2
2
2
0
2
1
2
0
2
2
0
0
1
1
3
0
0
1
1
0
1
1
0
1
0
1
0
0
0
1
5
1
2
0
5
1
0
0
1
0
1
2
2
2
1
0
0
2
3
2
0
0
2
1
2
3
1
0
1
2
3
1
1
2
0
4
2
4
1
1
0
1
2
0
3
1
2
2
5
1
1
0
3
2
2
0
1
0
0
0
0
2
0
1
1
0
0
1
3
0
2
0
1
1
0
0
1
0
3
1
1
0
0
0
1
0
1
2
2
1
2
0
1
0
1
0
0
0
0
1
1
0
1
2
0
3
1
0
2
2
0
0
2
1
0
3
1
1
0
0
1
2
2
1
3
1
0
0
2
0
1
1
0
3
1
3
3
1
1
1
0
2
1
1
0
2
1
1
2
2
1
1
2
0
0
0
0
1
1
1
0
4
0
0
0
0
0
0
0
0
1
1
0
1
1
1
0
1
3
2
2
1
0
0
2
0
0
0
0
3
1
1
0
0
1
0
1
2
2
0
0
0
0
2
1
1
0
0
0
1
1
0
0
3
0
0
1
0
0
0
1
0
0
0
0
0
0
1
2
1
1
0
1
0
0
0
0
1
1
1
0
0
1
0
2
1
1
1
0
2
1
0
1
2
1
1
0
1
0
1
0
0
1
1
1
2
1
0
0
0
0
0
1
1
0
0
0
2
1
0
2
2
1
0
0
0
0
0
0
0
0
0
1
0
0
0
0
0
0
0
0
1
0
0
0
0
1
0
0
4
0
2
1
0
0
0
0
2
0
0
0
0
0
0
1
0
2
0
1
1
0
2
1
0
1
1
1
1
0
0
1
0
2
0
2
0
0
1
0
0
0
1
0
0
0
1
0
1
1
0
0
3
0
1
1
1
0
1
2
0
0
1
0
0
1
0
0
0
0
0
0
1
0
1
1
0
0
0
0
1
0
2
1
0
1
1
0
0
0
0
1
0
0
0
0
0
0
0
1
1
0
0
0
0
0
0
1
0
0
1
0
1
1
0
0
0
1
0
0
1
0
1
2
0
1
0
0
1
0
0
0
1
0
0
0
0
0
1
0
1
0
0
0
1
0
1
0
0
0
0
0
0
0
0
0
0
2
0
0
0
1
1
1
1
0
3
0
0
0
0
0
1
0
0
0
0
2
0
0
2
0
1
0
0
0
0
1
0
0
0
0
0
1
1
0
0
0
0
0
0
0
0
0
0
1
0
0
0
0
0
0
0
0
0
0
0
0
0
0
1
0
0
0
0
0
1
0
0
0
0
0
0
0
0
0
0
0
0
1
1
0
0
0
0
0
0
1
0
0
0
0
0
0
0
0
