0
0
0
0
0
0
0
0
0
0
0
0
0
0
0
0
0
0
0
0
0
0
0
0
0
0
0
0
0
0
0
0
0
0
0
0
0
0
0
0
0
0
0
0
0
0
0
0
0
0
0
0
0
0
0
0
0
0
0
0
0
0
1
0
0
0
1
2
1
2
6
2
0
3
1
6
6
5
4
3
1
7
13
37
125
345
926
2235
4855
9465
16957
27382
40632
54530
66617
72887
73429
66496
55145
41274
28308
17519
9845
5058
2355
1004
404
142
42
23
4
3
8
1
1
2
1
0
4
2
0
1
3
1
1
1
1
1
2
1
0
9
70
84
73
70
63
60
68
64
54
65
52
66
51
43
62
66
71
66
56
50
39
49
49
53
51
51
46
49
52
53
53
49
47
37
40
46
47
51
52
44
44
47
44
38
50
44
51
46
49
46
36
44
46
51
51
55
63
51
56
58
67
64
78
65
84
75
95
153
174
256
283
378
446
521
509
512
539
519
399
337
311
222
194
158
113
90
65
55
69
60
50
37
52
60
47
52
42
39
43
43
38
53
46
53
52
46
50
53
61
51
56
55
51
63
53
62
68
69
94
83
91
107
119
152
186
235
346
570
930
1431
2241
3322
4723
6388
8093
10172
11746
13167
13289
13210
12461
11047
9289
7563
5861
4332
3143
2259
1641
1276
1020
742
650
600
576
662
771
947
1217
1500
1958
2418
3014
3369
3654
3909
3911
3748
3281
2862
2453
1977
1467
1035
782
587
503
387
314
273
261
231
178
159
117
107
64
53
33
33
20
16
17
14
20
4
11
9
12
15
12
13
11
12
10
6
8
9
10
9
10
8
11
10
16
12
10
14
12
11
12
10
9
9
16
19
19
19
17
27
26
28
37
35
30
31
30
20
32
27
23
20
23
34
21
21
24
35
26
31
30
32
20
25
34
15
24
20
22
14
26
25
21
17
17
16
10
12
11
13
13
8
15
12
8
7
13
8
5
7
7
8
11
9
8
9
13
6
9
14
5
6
11
11
8
7
7
8
7
6
5
9
11
4
4
7
8
5
14
10
14
7
4
9
17
12
10
6
12
5
6
10
7
7
17
11
5
15
17
9
18
9
11
15
17
18
14
22
11
8
9
15
15
10
12
11
3
8
5
9
8
9
6
14
11
7
4
7
8
11
9
8
8
10
8
10
11
14
10
5
7
6
8
8
4
10
6
6
3
9
5
6
5
9
7
14
8
9
5
4
10
11
4
4
6
5
4
10
7
9
6
4
6
8
8
7
10
6
4
5
9
4
3
8
11
10
6
8
6
2
10
4
12
10
8
11
8
9
11
7
5
14
9
12
3
7
5
8
6
7
10
19
7
9
8
12
11
15
13
6
6
13
7
13
4
12
6
15
8
7
6
8
13
12
12
7
8
14
11
12
10
6
9
10
11
19
4
8
7
13
9
10
11
10
13
15
15
15
8
12
8
13
9
17
9
20
6
22
17
14
17
13
8
11
14
18
9
10
20
9
14
14
19
9
19
19
16
14
14
23
21
19
29
25
26
20
27
23
29
17
25
29
22
24
35
32
29
27
33
24
26
32
26
32
27
22
24
32
33
40
31
31
29
23
28
25
26
30
29
21
20
23
23
19
16
17
20
22
24
21
27
15
17
17
27
30
20
19
20
23
13
26
22
22
30
19
30
21
24
26
31
25
21
18
34
19
19
29
25
26
24
41
25
30
27
20
27
34
31
25
22
29
28
28
19
19
27
30
29
34
38
28
22
23
36
21
36
30
30
34
38
31
44
29
31
34
36
27
42
46
27
38
44
34
25
38
30
33
37
45
43
51
46
42
43
53
36
59
49
49
59
49
46
36
42
57
60
66
64
58
48
55
61
65
61
72
43
58
65
65
60
64
73
66
59
70
71
95
76
57
80
77
81
82
98
79
92
110
96
110
118
108
146
155
118
183
152
181
180
178
195
192
177
164
168
150
139
153
120
127
128
113
103
98
93
114
104
79
98
68
90
81
78
90
92
83
72
69
97
92
81
82
70
90
85
73
70
72
74
70
80
64
76
94
77
72
76
82
69
73
90
78
69
67
83
79
75
75
73
80
81
78
68
79
71
78
79
80
70
65
69
75
63
75
84
77
79
74
61
72
90
88
74
67
80
68
86
66
67
75
93
79
62
63
84
89
80
92
74
77
79
72
63
75
87
77
85
74
74
74
93
97
100
79
70
96
76
92
70
102
81
80
95
91
104
70
91
71
89
100
93
110
99
101
87
108
84
106
109
101
87
88
114
106
120
93
132
118
129
111
154
158
143
153
179
213
222
275
310
433
550
687
932
1165
1558
1952
2503
3082
3753
4526
5424
6214
7044
7960
8631
9318
9641
9977
10395
10416
10045
9817
9100
8495
7880
6842
6047
5218
4467
3738
2981
2484
1863
1508
1162
863
664
473
407
324
257
209
173
141
158
123
137
127
107
126
122
125
115
121
116
108
106
94
114
118
120
115
115
113
103
135
134
120
128
101
115
126
139
137
125
95
118
109
119
112
115
130
108
112
118
119
140
131
128
126
135
145
145
151
132
153
125
167
186
185
195
206
240
238
295
329
373
397
471
621
653
773
871
929
1079
1257
1284
1361
1403
1484
1512
1447
1456
1430
1311
1162
1197
1037
933
838
766
658
570
481
425
367
315
288
242
230
202
214
185
179
153
149
170
163
172
184
178
185
170
186
197
201
177
208
192
213
235
205
239
243
247
256
256
253
273
251
258
246
284
249
264
269
269
268
259
239
275
287
316
273
287
293
281
290
263
277
282
281
275
270
305
298
294
299
306
256
267
282
243
266
258
274
258
253
283
277
272
265
225
261
242
231
221
258
281
267
266
268
239
248
238
242
226
240
242
262
233
270
219
229
264
262
266
254
246
265
253
283
245
246
241
252
255
232
241
242
235
269
242
281
258
236
252
251
239
241
257
254
219
241
240
253
235
237
210
240
209
226
210
228
230
243
250
200
211
211
209
241
217
196
209
188
234
181
221
224
214
209
206
220
206
188
227
212
204
237
229
222
212
202
205
190
227
197
220
210
232
209
184
223
225
224
220
229
220
211
218
241
219
239
206
210
197
226
212
189
224
248
244
228
225
220
225
207
237
256
232
238
226
246
226
227
232
253
231
230
246
270
247
231
227
241
250
244
242
291
227
265
267
245
240
246
247
263
290
266
278
279
288
288
253
253
309
317
275
303
284
295
304
321
267
289
291
293
305
300
319
278
304
284
314
291
308
293
281
285
295
338
293
300
316
285
313
316
288
303
284
296
291
311
276
283
277
284
271
282
307
331
314
294
268
284
260
269
292
296
286
254
266
278
306
281
277
281
281
305
271
274
260
267
302
271
254
283
270
295
281
280
242
271
273
281
270
276
278
276
306
269
271
288
275
285
247
276
286
270
278
281
268
319
295
262
286
300
289
295
290
297
301
298
297
289
297
283
291
303
285
281
265
284
275
308
305
312
307
304
326
318
297
306
290
311
290
310
298
330
300
302
305
312
323
295
295
306
311
325
287
303
327
310
318
331
285
297
308
287
303
289
341
305
357
348
313
336
323
293
314
307
292
306
330
318
308
334
335
311
341
314
317
327
342
339
331
318
348
311
348
325
317
299
335
305
343
335
347
332
336
328
311
290
289
311
320
343
309
324
337
325
323
322
314
354
367
330
359
352
367
350
316
311
342
350
312
352
347
362
369
333
345
317
365
320
348
335
318
357
322
359
345
305
326
334
340
314
368
327
334
339
326
313
312
334
360
342
304
329
337
318
326
340
345
328
327
306
345
318
301
342
306
326
320
327
350
316
311
322
330
314
277
303
358
308
300
293
315
282
325
340
299
327
312
284
324
292
322
278
304
324
289
276
311
297
315
324
263
310
314
284
277
315
284
301
309
307
308
271
265
304
287
297
314
309
283
287
335
297
319
303
312
319
295
297
304
284
293
299
292
271
302
327
321
285
306
296
308
290
310
314
304
301
298
299
302
313
301
303
322
293
271
271
304
307
306
321
282
298
281
282
308
291
280
286
267
333
314
287
293
274
307
310
308
292
308
290
294
271
261
304
315
284
317
276
312
284
279
307
303
319
275
292
289
313
308
331
318
275
290
299
304
303
309
289
309
286
301
299
304
322
282
282
296
259
296
288
312
288
262
245
296
284
270
293
320
306
268
291
281
294
303
275
279
260
306
262
288
297
284
303
279
290
277
300
316
290
282
258
273
316
311
300
291
284
280
297
262
271
245
277
270
259
270
296
287
299
283
291
307
324
305
333
288
283
300
310
300
266
301
278
321
335
300
281
308
295
326
318
278
298
320
340
318
309
302
330
337
368
318
315
346
315
340
374
347
356
356
348
350
338
358
365
388
379
339
392
384
354
407
387
381
390
425
390
399
424
426
422
398
369
462
418
406
450
433
416
431
476
482
443
486
488
492
438
478
482
502
516
506
548
528
534
549
568
618
663
632
619
640
653
681
693
763
741
779
803
809
830
902
872
959
950
994
1011
1056
1045
1047
1173
1126
1167
1208
1278
1334
1257
1352
1376
1440
1422
1438
1492
1508
1502
1504
1523
1570
1657
1585
1628
1598
1659
1675
1618
1665
1662
1642
1611
1611
1580
1606
1480
1508
1529
1532
1486
1590
1396
1436
1408
1314
1297
1281
1254
1263
1201
1196
1219
1047
1025
993
973
996
958
930
896
834
808
742
738
733
738
665
657
683
656
618
573
525
558
549
505
477
520
531
417
427
451
404
428
410
406
398
365
405
376
360
370
363
346
366
339
338
331
344
338
304
294
295
314
310
299
279
290
284
272
282
263
259
272
267
263
238
265
254
240
247
218
223
218
224
241
240
275
257
286
248
277
285
336
274
298
371
332
351
362
376
370
400
448
409
479
454
484
505
454
496
504
496
512
531
508
499
521
509
503
483
503
464
449
440
436
446
361
357
369
353
304
305
247
229
255
231
221
212
205
183
209
177
189
163
146
189
191
161
162
175
156
173
163
159
158
156
165
164
156
174
172
172
188
171
165
150
181
163
176
167
203
200
208
212
211
203
204
225
216
211
194
204
214
211
239
231
219
233
242
255
245
250
229
242
232
248
260
275
288
280
290
290
271
270
279
259
274
278
274
244
276
290
280
264
270
280
280
244
281
259
262
268
278
241
263
257
215
252
242
293
244
174
222
233
220
189
196
196
188
211
195
163
172
191
191
178
176
168
152
163
167
166
143
157
181
120
152
143
138
145
137
135
110
127
123
140
125
97
108
98
104
118
100
128
109
106
98
111
102
101
104
100
89
92
109
86
67
102
72
93
77
81
98
87
87
70
89
73
71
70
70
80
68
71
69
60
76
64
67
71
87
74
70
71
68
72
71
57
65
77
63
65
55
62
62
73
72
75
57
60
54
55
63
62
58
47
55
47
59
50
47
57
68
64
59
66
62
74
70
69
55
75
64
65
66
57
70
74
90
79
76
75
89
76
89
97
65
80
72
92
80
78
79
74
60
88
73
53
70
67
70
56
64
54
48
62
59
42
59
43
43
43
53
38
40
42
47
46
48
55
45
33
53
45
51
52
37
50
40
42
44
44
48
40
40
42
54
42
33
46
45
35
48
36
26
45
41
40
45
40
41
44
36
46
34
34
39
42
24
37
39
36
38
38
29
33
35
34
41
28
27
36
40
35
21
24
35
36
37
38
34
36
28
29
32
34
29
31
32
36
28
29
33
26
24
26
31
38
34
21
30
34
28
32
28
28
20
29
41
35
27
28
31
32
32
23
31
38
33
32
36
33
22
32
20
32
35
41
33
30
26
35
33
25
27
20
29
47
23
18
25
19
25
32
23
30
26
25
34
26
45
26
18
17
28
31
25
23
22
39
31
27
36
27
28
32
25
14
25
24
26
35
34
26
18
28
28
24
24
36
32
30
31
23
21
26
22
26
22
20
23
26
26
24
25
15
20
20
27
28
30
32
31
31
28
22
24
27
15
26
24
22
20
18
20
25
23
26
19
28
24
18
31
28
28
26
21
23
31
32
25
21
12
33
20
16
25
12
26
28
25
26
25
16
30
23
19
21
15
15
16
22
21
24
27
13
17
23
18
23
18
27
28
25
24
14
18
20
24
28
30
24
22
24
34
25
18
25
18
18
23
19
19
19
19
10
26
19
16
24
14
18
9
18
20
24
23
20
22
18
15
22
7
16
21
15
19
24
25
19
16
20
15
17
21
23
16
19
17
20
24
20
16
17
11
18
22
16
20
22
23
16
12
12
20
13
16
22
21
17
12
15
13
23
13
16
8
16
19
22
20
18
15
17
8
25
8
14
20
16
19
17
12
15
17
16
12
15
11
19
13
13
16
17
12
14
20
16
10
19
17
20
14
14
17
23
20
10
10
16
7
21
9
11
15
10
13
10
11
16
15
17
20
12
13
17
9
19
8
11
14
15
8
8
11
12
14
14
13
18
16
14
15
12
14
6
16
17
17
13
10
20
11
10
14
7
11
10
14
11
11
14
15
18
15
5
14
21
14
6
13
8
10
14
10
12
10
10
12
15
13
13
10
16
9
13
14
10
8
9
10
9
13
24
9
10
12
15
7
14
10
7
8
16
18
6
12
7
14
13
9
5
11
8
12
7
16
14
12
7
10
12
16
15
10
21
12
12
10
9
10
14
13
7
10
8
9
5
14
13
4
14
7
13
11
10
16
13
6
15
9
13
7
7
8
10
9
6
10
17
15
13
9
9
12
8
9
15
7
11
7
13
7
11
8
6
13
8
15
9
4
14
9
16
5
12
7
14
7
7
9
9
9
8
11
7
10
8
9
7
12
9
13
10
2
6
10
11
7
9
7
15
6
7
9
12
6
2
6
6
13
13
7
10
11
11
9
10
12
7
8
5
6
3
8
7
8
6
8
6
11
7
9
7
8
5
5
5
9
11
10
8
11
11
6
11
10
5
8
9
5
8
9
7
7
5
11
5
4
5
5
8
3
6
8
6
16
12
8
5
5
9
3
10
3
8
5
10
4
5
5
6
5
9
6
6
8
7
4
6
4
7
6
7
3
7
2
10
9
4
6
4
4
3
2
10
7
7
5
8
8
6
8
10
6
5
6
4
6
2
4
5
6
5
3
7
6
3
4
2
4
5
6
11
4
9
4
3
7
4
5
7
2
3
7
4
2
5
0
5
5
4
7
5
2
4
4
6
5
4
4
5
1
7
1
5
0
4
4
9
3
3
6
6
7
6
6
6
6
6
4
1
6
1
4
6
5
4
1
8
2
5
2
5
6
0
4
6
5
3
5
3
6
4
3
3
2
3
3
5
6
10
5
3
5
6
4
6
3
2
4
4
5
3
5
6
5
3
3
5
3
2
2
5
5
5
1
2
0
3
5
6
2
3
4
0
3
6
2
5
0
3
6
6
2
3
1
5
3
6
6
5
3
2
3
0
2
6
3
1
4
3
4
1
6
4
2
1
2
4
5
4
2
0
3
5
2
0
4
6
8
4
9
2
2
3
3
3
4
6
4
3
0
5
1
4
4
6
2
1
3
2
2
3
7
4
4
2
5
3
2
3
5
3
4
1
0
2
2
1
0
6
6
7
2
2
3
0
2
2
1
4
3
3
5
1
3
1
3
2
3
3
4
4
2
5
1
3
2
1
1
3
2
3
3
3
1
6
5
2
2
3
0
0
0
2
1
2
3
3
5
0
4
4
7
4
1
3
1
2
4
0
5
5
3
3
4
3
4
1
1
2
2
1
1
1
3
4
3
1
3
2
2
2
2
2
2
4
2
2
3
1
1
1
6
4
3
5
2
2
3
0
4
2
3
1
2
1
1
2
3
0
3
3
1
1
2
2
2
2
2
0
2
3
5
2
2
1
4
3
1
1
2
2
3
6
1
1
1
1
1
0
0
1
1
3
0
2
1
0
2
1
1
1
3
0
5
3
3
1
2
1
0
0
2
3
1
2
0
1
1
2
0
1
1
0
1
2
1
1
0
0
1
1
1
2
0
2
3
2
2
2
2
5
0
1
2
2
2
3
1
2
1
0
3
1
4
0
2
1
1
2
4
1
0
1
0
5
2
2
0
1
1
4
0
0
1
0
0
1
1
1
2
1
1
3
3
0
0
3
1
3
2
3
0
4
4
1
0
0
0
0
2
1
1
2
1
1
1
0
2
4
0
3
0
0
0
2
3
1
0
2
0
1
0
1
3
2
2
1
2
0
0
1
1
1
0
0
3
0
0
0
0
0
1
0
1
1
2
5
0
2
1
0
0
2
3
0
3
1
2
0
0
2
1
1
2
1
0
0
3
0
0
1
0
1
0
1
0
1
2
0
1
1
0
1
0
0
1
2
1
0
0
2
0
0
1
0
2
1
4
1
0
3
0
0
2
2
1
3
0
1
2
1
2
2
0
3
1
1
0
2
2
0
2
1
1
2
1
0
1
0
0
1
1
0
0
0
1
0
2
2
0
0
1
0
2
2
2
0
0
0
0
0
0
0
2
0
1
1
0
1
3
0
2
4
1
1
0
0
1
0
0
0
1
0
0
1
0
0
2
1
1
0
1
1
0
2
4
1
1
0
0
1
2
1
1
0
0
0
0
0
1
0
1
2
2
1
1
0
0
1
0
0
1
0
1
0
0
0
1
1
0
0
3
0
1
1
2
0
0
0
1
1
1
0
1
3
1
0
2
0
1
0
1
0
2
0
0
0
0
0
0
1
1
1
0
1
1
0
1
0
1
1
0
0
2
0
0
0
2
0
0
0
0
1
1
0
2
1
0
2
0
1
1
0
0
0
0
2
0
0
0
0
1
0
0
0
0
0
1
0
0
0
1
0
1
0
0
0
0
0
0
2
1
0
0
0
0
0
0
0
0
1
1
0
2
0
0
0
0
0
0
2
0
0
4
0
0
0
0
2
0
0
0
0
0
0
0
0
0
1
0
0
1
0
1
1
0
0
0
1
2
1
0
1
0
0
0
0
2
0
0
2
0
0
1
0
0
0
0
0
1
1
0
1
0
0
0
0
0
0
0
0
1
0
0
1
0
0
1
1
1
1
0
0
0
0
0
0
0
0
1
1
0
1
1
0
0
0
0
1
0
0
1
0
1
0
0
0
2
2
1
1
0
0
1
0
0
0
0
1
0
0
0
0
0
0
2
0
0
1
0
1
0
0
0
0
1
0
0
0
0
0
0
1
0
2
0
0
0
0
1
0
0
0
0
0
0
0
0
0
1
0
0
0
0
0
0
0
0
0
0
0
0
0
0
0
0
0
1
1
0
0
0
0
0
0
0
0
0
0
0
0
0
0
1
0
0
0
0
0
0
0
0
0
0
0
0
0
0
0
0
1
0
0
0
2
0
0
0
1
1
0
0
1
0
