0
0
0
0
0
0
0
0
0
0
0
0
0
0
0
0
0
0
0
0
0
0
0
0
0
0
0
0
0
0
0
0
0
0
0
0
0
0
0
0
0
0
0
0
0
0
0
0
0
0
0
0
0
0
0
0
0
0
0
0
0
0
0
0
0
0
0
0
0
0
0
3
1
2
1
3
4
2
3
5
7
2
12
43
141
348
969
2278
4830
9608
16968
27867
40916
54749
66394
73034
72777
66358
54691
41088
28248
17417
9902
5118
2308
1011
392
134
39
7
4
3
2
1
2
4
1
0
1
2
1
1
0
1
0
0
2
1
0
0
0
12
59
63
48
64
60
60
48
60
63
58
62
48
34
57
51
57
44
46
51
50
48
60
50
46
43
33
36
51
62
45
46
41
44
33
37
43
42
46
44
41
45
57
28
54
39
43
39
44
42
50
42
46
26
33
37
46
60
65
61
54
63
59
56
61
58
74
107
115
162
189
260
393
401
473
528
528
528
476
443
356
296
225
177
149
147
90
76
67
54
54
43
43
41
38
41
47
42
42
45
32
50
34
46
34
39
54
41
43
45
47
63
54
66
41
53
55
61
71
69
71
74
71
76
96
127
186
294
472
790
1334
2078
3141
4455
6114
7937
9691
11116
12478
12964
12864
11915
10487
9016
7081
5557
4101
2964
2172
1594
1104
849
593
540
444
412
461
533
754
1061
1381
1844
2450
2879
3452
3771
3892
4003
3791
3430
3048
2447
2010
1513
1118
815
640
520
390
349
290
254
227
186
158
128
95
72
54
43
19
25
24
16
12
6
10
12
14
12
11
7
12
9
11
15
11
17
6
20
10
11
17
15
9
18
6
12
6
10
9
6
9
10
9
11
22
14
27
9
23
16
22
27
35
26
33
20
24
13
25
21
20
25
22
18
24
23
15
30
32
19
22
25
29
21
21
20
26
20
13
22
17
16
24
12
13
10
15
13
11
8
11
8
7
9
10
6
5
7
13
7
7
11
9
7
13
6
9
7
3
7
6
8
5
7
5
5
5
5
9
6
11
9
8
10
3
12
10
12
11
10
16
10
9
11
7
6
9
12
12
12
13
12
4
5
5
12
11
11
11
11
11
13
17
18
12
17
13
12
14
10
13
13
9
8
3
8
6
10
6
5
3
6
17
8
4
10
8
6
11
7
5
12
6
8
9
10
9
13
6
4
14
6
8
8
3
7
7
8
2
8
6
11
7
7
6
3
5
5
6
10
12
5
9
11
8
11
6
5
11
9
8
6
6
2
9
7
8
6
10
5
7
2
12
12
7
9
4
8
3
11
8
5
5
6
9
6
9
6
9
8
8
4
6
8
8
10
9
9
9
7
6
11
7
11
7
11
7
6
6
6
10
10
12
13
7
8
7
7
9
12
11
9
9
10
11
8
7
12
13
10
14
18
3
13
10
15
12
11
5
7
8
7
8
12
12
10
8
5
11
15
11
13
10
12
5
12
8
15
17
10
17
12
10
12
12
7
13
11
21
12
17
12
21
19
16
16
20
18
21
26
26
16
18
20
21
40
32
35
23
32
18
37
27
28
26
32
37
39
44
25
30
37
31
31
34
34
23
27
32
29
28
28
25
30
24
27
27
18
27
22
15
20
21
20
17
18
16
16
18
21
26
18
20
15
13
17
27
18
27
34
19
22
31
19
24
27
31
28
22
19
31
27
17
24
19
21
23
28
17
19
23
27
27
32
30
19
34
25
24
28
27
26
36
27
32
30
23
33
25
26
36
38
29
31
33
31
35
37
40
33
27
34
29
36
36
39
36
37
31
45
36
40
29
37
48
42
49
36
39
49
48
54
34
46
48
34
35
52
40
41
47
41
42
56
51
38
50
42
55
58
62
62
53
62
44
55
64
69
67
61
68
63
74
60
58
57
69
65
65
70
50
65
71
75
74
94
83
73
74
77
92
94
92
96
105
94
109
90
131
103
99
107
118
116
110
118
92
105
101
85
77
100
101
81
81
92
87
89
94
91
66
82
92
80
77
87
73
77
84
76
71
81
81
62
71
87
82
67
79
95
78
80
76
62
82
76
70
75
73
61
75
79
73
69
83
71
75
82
77
71
81
66
59
83
73
79
76
61
64
77
80
72
70
78
68
65
64
60
77
71
67
71
81
76
71
92
71
68
61
75
78
85
69
75
82
83
73
74
88
70
66
82
85
75
73
87
90
77
97
74
83
80
82
73
85
78
79
73
94
102
92
107
103
98
79
86
84
93
76
99
74
92
96
82
89
85
99
91
88
87
112
110
90
111
126
121
106
110
123
133
136
116
168
174
196
232
300
361
457
555
734
945
1278
1614
2089
2737
3207
4014
4597
5288
6201
6980
7818
8392
9154
9758
10029
10072
10072
9909
9413
8931
8196
7368
6453
5900
4871
4248
3547
2805
2290
1817
1398
1110
833
664
498
350
277
219
208
190
151
125
128
114
104
135
100
98
120
105
121
100
121
110
117
88
111
132
104
99
95
122
113
98
115
118
109
113
107
104
110
117
119
114
110
106
119
115
138
119
125
119
112
153
112
117
111
130
141
156
138
128
126
161
138
164
187
179
236
204
265
279
333
361
406
505
567
661
786
878
947
1022
1114
1229
1353
1386
1388
1448
1419
1422
1277
1238
1162
1126
1028
919
834
727
624
536
447
417
384
321
276
249
201
193
163
178
156
156
165
146
143
150
147
132
150
178
150
150
161
160
153
146
148
145
151
140
161
163
160
146
154
183
138
163
170
160
191
163
191
178
167
194
176
158
195
185
190
176
190
189
209
199
218
180
219
211
218
201
197
236
214
203
212
211
194
210
227
207
227
234
222
224
222
213
242
247
233
249
246
239
247
253
245
227
248
277
255
303
238
278
266
238
251
250
261
235
262
212
249
274
234
236
245
228
248
242
246
240
224
229
229
214
247
213
226
244
215
251
224
237
211
231
226
218
202
197
226
190
204
216
200
203
192
204
203
209
225
187
168
217
212
189
190
191
209
179
179
190
195
166
211
199
205
198
188
181
179
205
186
165
200
176
189
179
189
168
194
191
183
169
179
187
196
190
179
184
177
177
189
216
170
207
180
206
194
189
177
203
162
199
179
193
195
187
195
202
194
196
211
175
182
204
180
173
198
187
181
216
194
193
213
191
211
196
200
189
191
166
185
181
185
191
197
201
173
189
180
205
191
206
218
193
235
203
189
189
203
194
199
201
191
210
199
212
220
205
198
230
196
214
232
226
219
225
217
226
208
222
210
211
183
202
196
209
204
227
204
204
215
222
202
233
193
210
214
208
234
236
207
215
226
241
194
227
227
206
220
240
222
235
228
217
221
229
216
220
208
213
226
208
241
268
208
239
224
206
216
229
220
243
218
197
227
231
215
216
227
230
229
215
218
228
226
248
250
242
237
217
226
240
239
218
222
232
232
239
236
223
224
239
214
278
232
252
226
242
224
243
242
226
223
281
249
222
258
284
231
264
227
250
245
254
235
216
236
247
236
269
273
258
264
257
255
239
258
279
252
237
264
241
305
258
285
271
275
254
296
291
251
264
255
265
248
279
253
268
303
270
264
293
265
249
276
301
291
261
246
288
261
281
288
283
282
287
306
269
288
285
296
305
278
272
287
302
277
304
287
279
287
296
336
311
332
255
331
273
324
289
328
299
265
303
257
341
297
326
299
319
314
292
324
306
291
302
308
262
326
326
281
311
282
286
273
286
292
294
273
274
260
289
276
285
279
256
292
295
294
285
291
272
263
305
282
292
271
264
266
256
284
293
272
253
301
266
272
257
290
231
239
275
233
264
288
322
272
266
229
254
273
246
243
275
263
258
289
257
282
246
240
260
262
237
221
228
252
240
294
225
288
253
220
241
266
286
243
240
243
262
268
233
252
220
241
257
253
236
229
252
228
261
255
246
259
237
246
224
247
215
248
243
276
256
265
247
275
270
261
221
258
227
236
232
239
244
258
262
260
258
214
280
249
262
251
271
252
265
253
236
258
256
260
235
255
221
262
258
263
238
243
230
225
206
240
247
233
237
243
232
252
234
242
264
235
246
246
250
229
237
229
237
225
241
255
228
258
234
244
232
238
265
234
224
225
248
223
232
229
283
238
239
219
253
244
237
235
256
258
253
220
224
240
250
233
265
235
259
239
212
264
221
215
232
259
256
214
245
228
272
243
239
259
241
257
250
231
249
249
244
269
257
259
249
253
254
220
243
272
250
231
225
249
256
239
239
262
233
217
235
257
262
249
260
248
288
237
257
265
261
264
260
237
264
248
225
283
243
266
243
237
275
282
261
258
257
274
277
262
270
278
266
267
224
301
258
267
304
305
294
281
256
300
285
322
284
288
310
297
296
323
287
318
295
321
308
316
322
297
311
304
350
321
340
299
339
337
345
350
357
374
356
353
361
342
364
371
378
352
342
372
387
374
378
406
370
378
376
361
394
418
447
434
446
430
454
465
481
480
505
495
541
520
541
570
516
586
566
614
608
653
663
731
690
703
712
750
832
850
850
891
873
902
951
946
1057
1013
1031
1061
1097
1141
1140
1131
1248
1243
1290
1293
1292
1329
1342
1373
1333
1415
1457
1400
1417
1403
1379
1385
1438
1344
1469
1418
1487
1447
1387
1379
1445
1413
1409
1285
1308
1305
1325
1234
1190
1225
1159
1137
1101
1045
1043
997
974
1017
982
936
894
817
853
762
814
722
757
684
670
680
568
594
572
536
520
459
504
517
479
437
445
406
417
400
414
378
391
375
359
394
361
339
313
309
310
293
315
345
316
302
298
290
282
282
280
269
297
265
267
256
245
234
254
268
211
209
221
247
225
221
224
251
212
233
246
213
218
225
210
235
239
226
228
252
234
244
258
251
252
302
280
282
325
315
310
348
361
329
400
413
379
386
425
395
393
388
434
442
431
432
429
451
409
426
427
422
426
383
362
362
367
343
309
277
276
283
268
253
230
192
228
218
210
162
174
177
142
155
158
157
139
143
146
144
143
150
145
143
161
141
155
165
149
143
157
185
179
186
177
161
188
173
163
167
171
139
178
207
168
178
162
186
212
190
189
194
187
207
196
208
205
205
160
224
229
212
214
223
241
220
233
247
257
250
260
232
245
245
234
238
253
247
263
241
234
286
258
266
255
243
279
261
251
217
244
281
248
258
238
247
244
213
221
211
238
228
198
197
189
187
200
208
204
177
177
178
207
162
184
161
157
140
165
165
177
146
150
128
135
136
139
127
136
131
130
136
111
116
141
98
118
114
118
94
99
105
107
91
112
95
85
91
107
97
91
106
100
96
80
88
94
89
77
99
84
75
90
70
64
73
72
63
90
62
75
63
64
64
71
61
73
65
70
62
62
73
80
65
61
61
74
56
58
57
57
56
66
63
68
52
72
73
43
52
59
61
56
57
60
68
53
59
59
44
45
60
57
52
67
66
40
61
57
51
62
68
61
46
81
56
55
57
79
62
79
73
85
56
69
74
95
65
79
76
59
69
80
74
72
81
71
73
71
61
65
54
61
54
57
46
54
45
42
60
50
32
61
49
31
43
42
38
37
48
34
38
41
41
39
32
41
41
53
47
36
56
34
40
47
37
31
42
43
43
39
44
28
48
42
38
43
46
32
27
40
23
35
37
42
45
35
46
37
32
45
31
42
30
33
27
28
37
37
25
39
31
38
34
33
33
29
41
37
26
40
29
40
36
38
28
23
40
35
34
31
45
27
31
28
32
35
29
32
29
38
23
29
34
41
26
28
28
28
20
26
29
29
28
23
33
31
30
25
28
27
25
38
36
34
30
22
34
40
34
30
26
28
24
27
20
42
31
25
36
25
24
33
35
30
31
35
25
33
22
31
32
31
25
24
29
24
27
36
21
20
21
25
21
26
32
30
22
29
27
24
28
13
29
26
24
24
29
18
22
30
16
29
23
23
18
28
28
26
19
28
31
23
25
30
21
26
28
22
29
24
22
22
18
21
22
26
25
22
24
31
30
19
26
19
27
29
20
23
22
21
29
31
19
26
33
15
21
23
20
19
21
32
19
15
27
22
16
25
30
21
26
21
23
14
27
20
11
21
15
21
23
24
21
15
20
14
21
18
21
23
20
13
16
17
26
27
18
17
16
18
17
14
24
22
19
15
11
24
17
15
18
22
35
22
21
22
10
20
15
14
20
14
26
16
17
16
14
25
17
15
11
19
22
19
20
14
14
18
22
12
22
16
18
21
15
19
21
24
17
19
22
23
16
13
16
17
23
19
19
17
17
18
19
17
16
11
17
22
18
22
13
18
12
19
20
17
9
20
10
18
12
16
15
19
12
17
15
13
19
20
16
13
16
10
17
8
15
10
19
14
18
16
15
17
17
13
15
12
11
19
13
12
21
13
12
9
17
10
18
11
15
17
16
9
19
15
19
19
9
13
17
19
10
18
10
16
17
9
16
21
5
10
15
12
12
11
13
17
14
11
13
15
15
11
11
13
5
17
12
10
16
13
13
11
8
13
9
13
6
15
10
12
15
14
17
9
12
11
13
11
15
13
6
17
16
11
11
9
8
13
17
10
15
15
11
6
16
8
15
10
13
21
15
10
16
15
10
10
8
15
17
11
13
13
8
8
12
7
12
14
15
14
8
8
6
5
13
9
12
8
12
14
7
11
11
13
9
7
15
12
9
12
11
16
17
11
14
15
8
12
8
11
15
10
12
8
9
11
8
10
6
12
9
11
11
15
9
6
4
9
9
10
12
7
6
12
14
9
12
9
11
11
6
11
10
4
6
9
7
10
4
17
13
8
8
13
10
12
9
11
11
7
6
10
7
7
5
11
10
11
7
10
7
13
2
12
11
9
7
6
9
7
9
4
8
8
8
7
8
11
12
6
3
7
7
10
9
5
4
7
11
4
11
6
4
6
5
7
4
6
11
6
3
6
7
6
10
6
8
7
7
4
7
4
11
5
10
7
9
3
6
7
7
3
12
5
3
9
12
8
8
8
10
3
4
7
10
6
9
5
5
10
5
6
3
9
7
4
6
5
4
2
6
7
5
5
8
1
10
4
8
7
3
1
4
7
5
12
8
6
7
10
6
3
6
5
5
3
11
7
5
5
8
3
6
8
3
7
5
8
7
3
2
6
8
5
4
4
4
3
5
8
3
5
1
8
6
2
5
4
3
6
1
4
8
5
4
8
2
5
7
4
7
4
7
8
4
7
7
4
5
4
5
5
3
7
4
6
4
4
8
7
5
5
12
8
3
6
3
7
3
7
3
9
6
6
5
4
8
6
9
4
5
3
2
0
6
3
4
5
4
2
0
2
8
2
7
3
3
3
5
7
6
3
8
6
5
4
3
6
5
1
5
1
2
6
2
3
2
2
4
4
2
2
5
2
3
5
7
2
2
4
12
3
3
8
0
3
5
6
6
3
3
9
3
2
0
1
4
2
2
7
4
2
3
3
5
6
4
4
3
2
3
4
2
2
9
5
9
2
5
1
3
4
3
4
3
3
7
4
3
3
2
3
5
3
0
6
3
0
4
1
2
2
1
2
2
2
1
4
2
8
5
2
2
4
6
2
1
4
3
0
2
6
1
1
2
4
4
2
5
3
2
2
1
6
2
2
6
0
4
3
2
3
1
3
1
3
1
2
1
3
4
3
2
2
1
4
2
3
6
5
0
1
2
3
3
6
1
0
3
1
4
3
3
0
4
3
2
1
4
2
5
3
1
5
3
5
2
1
1
1
3
3
3
3
1
1
1
4
0
0
3
1
2
1
0
2
2
3
5
3
0
3
3
0
2
1
2
1
1
1
1
2
2
2
3
1
0
2
3
6
3
1
1
3
0
2
3
2
1
5
0
0
1
1
3
4
1
3
1
2
0
0
2
4
2
1
1
6
4
3
0
4
2
2
0
3
1
1
0
1
2
2
0
1
3
2
0
4
2
3
0
1
2
2
0
1
1
1
3
2
2
2
1
1
3
0
1
2
1
1
0
0
0
1
2
0
1
2
1
1
3
2
0
1
1
2
1
1
0
2
1
5
3
3
2
1
1
2
1
1
1
3
1
0
1
0
1
1
1
1
2
0
2
1
1
1
1
3
1
2
0
0
2
0
1
1
1
0
3
2
0
0
2
3
1
1
1
1
2
1
1
2
1
1
2
2
1
0
1
1
1
0
1
1
1
0
0
1
0
0
0
2
2
0
0
3
1
1
1
1
1
1
0
0
0
2
4
1
3
2
1
0
3
0
0
0
1
2
0
1
1
0
1
1
0
0
0
2
1
2
2
0
0
0
2
0
0
0
0
1
0
1
2
2
1
2
2
0
1
2
2
0
1
0
0
4
3
0
2
0
2
0
1
2
0
2
2
0
0
0
0
0
0
1
1
1
1
1
2
1
4
1
2
2
0
0
1
1
1
0
1
1
4
0
1
0
0
1
0
0
1
1
0
2
1
2
2
1
1
0
0
2
0
0
0
0
0
0
0
3
0
1
0
0
1
1
0
2
1
2
1
0
1
1
1
0
0
0
1
0
1
0
0
0
0
1
1
1
0
2
0
1
1
0
1
0
1
1
0
2
0
0
2
2
0
1
1
1
1
1
2
0
1
2
1
1
0
1
0
1
0
0
2
0
0
1
0
0
1
0
0
2
0
0
2
0
2
1
0
0
0
0
2
0
0
0
1
1
1
0
0
1
2
0
0
0
0
0
1
1
0
0
0
1
1
1
0
1
0
0
0
2
1
0
1
1
1
0
1
2
1
0
2
0
0
0
2
0
1
1
0
1
1
1
0
2
0
0
0
1
0
0
0
0
1
0
0
0
2
0
1
0
0
1
0
1
1
0
0
0
1
0
1
0
0
1
1
0
0
0
1
0
0
1
0
0
1
0
0
0
0
0
0
1
0
0
0
1
0
1
0
0
0
0
0
0
0
1
0
1
0
1
0
0
2
2
1
0
0
2
0
0
0
0
0
0
0
2
0
0
0
0
2
0
0
0
0
0
1
1
0
0
0
1
1
0
0
1
0
0
1
1
0
0
1
0
0
0
0
0
0
0
0
0
0
0
0
0
0
1
0
1
0
0
0
0
0
1
1
0
0
1
1
1
0
0
1
0
0
0
0
1
0
0
0
0
0
1
1
1
1
0
1
0
0
0
1
0
0
0
0
0
0
0
0
0
1
0
0
0
0
0
0
0
0
0
0
0
0
0
1
0
0
0
1
0
1
1
1
0
0
0
1
0
3
0
0
0
0
0
0
0
0
0
0
1
0
1
0
0
0
1
0
0
0
0
1
0
0
0
0
1
0
0
0
0
0
0
0
0
0
0
0
0
0
0
1
0
1
1
0
0
0
0
0
0
0
0
1
0
0
1
0
0
0
0
0
0
0
0
1
0
0
0
0
