0
0
0
0
0
0
0
0
0
0
0
0
0
0
0
0
0
0
0
0
0
0
0
0
0
0
0
0
0
0
0
0
0
0
0
0
0
0
0
0
0
0
0
0
0
0
0
0
0
0
0
0
0
0
0
0
0
0
0
0
0
0
0
0
0
0
2
0
0
5
2
0
5
6
2
0
5
4
3
4
7
4
13
52
143
388
957
2217
4972
9544
17256
27674
40831
54658
66010
72673
73074
66578
54438
41593
28190
17459
9917
5103
2363
991
393
145
56
16
7
2
6
1
0
5
0
2
0
0
1
1
1
1
1
0
3
0
0
0
0
10
69
65
47
56
64
62
74
57
55
58
47
50
50
52
62
49
52
57
50
35
42
54
50
58
43
47
41
44
59
51
43
64
39
53
41
39
42
39
42
47
36
53
48
35
50
41
38
35
48
53
49
46
42
42
54
43
42
64
61
57
77
65
60
63
62
78
102
148
177
213
333
330
433
494
497
511
544
434
439
343
317
242
162
125
109
88
72
63
55
58
43
50
48
44
36
30
40
32
42
41
42
45
50
46
45
40
45
53
37
47
42
50
48
47
51
59
55
64
71
61
79
86
76
102
146
180
300
506
820
1332
2066
3104
4393
6120
7848
9675
11350
12324
13008
12580
11828
10663
8840
7000
5550
4018
2986
2141
1560
1142
855
621
524
445
420
431
589
751
1070
1368
1883
2413
2992
3440
3858
3909
3894
3824
3477
3016
2465
1986
1461
1162
864
626
475
394
335
288
294
208
181
171
137
93
81
46
25
33
22
19
14
8
15
13
11
6
12
9
9
9
12
11
9
12
7
17
7
14
7
12
9
13
9
5
16
11
9
14
9
8
11
12
10
12
16
15
25
31
30
35
35
33
35
38
36
26
22
22
21
29
27
27
28
23
22
25
24
23
26
30
24
20
18
21
22
15
23
23
22
15
21
10
12
19
23
9
15
11
7
12
9
8
8
9
4
6
12
11
10
3
9
6
9
9
5
10
4
8
7
4
5
9
8
9
9
6
7
10
6
9
7
8
8
8
10
9
9
9
10
12
15
8
3
8
11
9
12
15
12
6
5
4
13
11
4
9
11
16
13
18
17
15
9
22
12
9
12
15
12
10
6
6
8
12
13
11
9
5
8
5
9
6
8
2
6
7
10
8
6
13
5
5
10
4
5
6
4
8
5
8
9
11
9
3
6
9
8
11
8
4
14
9
4
8
12
10
10
4
5
3
3
7
4
7
8
7
10
13
7
6
7
8
4
4
9
6
7
12
10
8
6
7
8
9
9
9
11
12
8
7
9
12
8
9
8
6
9
9
7
6
12
10
12
4
4
10
15
9
10
11
12
7
7
18
6
6
8
7
9
13
4
12
14
5
9
7
11
10
10
7
6
10
10
7
4
8
12
9
11
10
12
8
8
12
10
12
15
6
10
6
5
14
6
10
10
12
12
7
14
9
12
7
12
9
11
14
8
11
14
15
17
11
12
13
12
14
7
12
6
9
10
16
23
20
17
14
16
21
22
23
20
29
28
29
21
28
26
31
25
29
34
34
29
41
28
33
23
33
31
30
30
32
40
25
29
29
29
24
37
24
30
22
26
22
21
37
17
11
27
18
22
24
16
11
18
18
25
23
21
14
19
26
17
21
17
23
17
27
29
24
20
28
21
19
14
23
17
29
26
25
24
16
25
22
21
18
27
23
25
19
25
29
39
22
30
43
29
27
31
32
33
28
24
31
28
31
29
26
36
36
26
32
31
38
43
34
38
36
23
33
25
34
43
37
42
38
33
35
23
43
45
30
39
38
48
34
40
39
57
40
56
41
44
47
42
47
49
46
51
39
64
47
42
44
60
45
53
40
57
49
49
61
62
65
46
65
62
58
62
52
67
64
55
65
67
60
56
63
72
68
71
76
76
75
78
81
79
75
77
78
90
91
82
110
103
102
101
108
89
119
103
103
126
124
114
133
115
99
89
93
91
90
91
74
85
90
47
82
89
76
94
78
80
73
91
88
76
72
74
98
80
76
70
102
78
88
74
67
71
71
61
71
64
89
78
80
71
73
70
62
71
70
70
63
65
67
65
79
86
75
71
63
64
71
90
78
75
83
67
72
61
65
88
80
61
72
79
70
78
88
78
88
78
82
91
89
91
74
72
81
83
68
84
78
85
84
68
76
80
71
69
67
76
86
73
80
76
71
93
77
82
78
82
91
90
103
96
90
80
83
83
83
92
82
74
93
72
82
89
83
83
95
99
90
98
75
95
95
88
96
118
80
94
100
119
98
119
114
123
112
113
135
156
189
263
302
343
452
598
777
970
1252
1744
2139
2605
3222
3968
4625
5425
6163
7085
7805
8669
9252
9854
9984
10060
10069
9655
9200
8870
8292
7428
6611
5821
4883
4083
3379
2870
2253
1887
1397
1124
855
643
479
367
295
248
188
146
145
122
121
128
100
97
87
122
135
106
92
115
111
134
98
125
120
100
110
120
119
107
113
115
109
116
126
119
116
107
98
116
123
118
121
124
128
124
144
112
132
120
108
133
120
122
113
134
133
124
118
123
148
148
139
134
160
212
177
211
243
252
318
386
406
503
606
724
767
869
979
1071
1135
1204
1289
1445
1404
1387
1436
1362
1308
1311
1228
1043
1018
955
804
682
612
517
469
419
351
313
268
234
216
183
191
182
160
144
131
117
141
163
168
156
167
148
143
140
143
135
167
162
164
176
142
133
163
144
138
147
142
162
160
155
180
161
175
183
192
178
181
179
183
167
186
212
168
184
202
193
198
190
195
181
187
203
193
181
226
208
206
237
208
193
206
248
217
211
233
218
237
213
255
241
242
231
223
212
230
254
245
249
264
278
275
249
231
253
265
243
253
310
252
245
218
233
272
236
260
272
266
248
254
248
252
232
251
259
220
247
238
227
236
238
227
246
237
229
243
224
225
217
201
209
210
234
230
219
212
243
217
234
216
194
199
206
202
198
202
216
206
182
214
194
183
196
232
201
178
200
196
186
171
203
193
195
196
173
199
196
172
195
192
176
190
197
188
186
204
198
178
194
192
201
183
176
202
189
175
179
173
189
176
188
185
184
180
209
178
170
187
176
178
172
203
203
194
214
209
212
188
186
198
210
180
211
199
180
204
184
163
208
204
203
204
221
191
214
188
163
202
197
174
228
209
199
194
195
179
208
212
181
217
206
218
208
202
216
219
189
210
205
212
199
198
221
229
212
185
225
225
224
211
230
207
211
218
222
199
213
206
214
222
213
234
201
217
209
214
217
219
254
217
203
216
210
224
222
221
247
221
197
255
241
217
221
204
214
227
208
256
211
226
227
228
213
230
235
246
236
221
215
210
208
250
219
233
234
204
241
220
210
233
267
209
233
234
191
224
201
209
213
241
240
236
242
232
234
191
238
246
210
213
225
252
251
237
244
263
260
236
244
236
240
258
223
257
204
232
246
252
210
223
240
253
227
236
245
255
257
274
267
300
232
248
215
264
232
257
266
242
232
269
267
227
266
259
268
246
284
246
254
243
263
238
247
243
273
268
294
281
245
264
251
257
293
284
252
292
266
254
277
269
277
291
281
278
307
283
313
298
262
293
273
290
319
256
307
307
276
304
298
302
313
277
300
277
268
291
302
279
244
304
289
326
304
298
317
286
299
310
296
326
309
301
262
317
281
298
300
294
323
290
290
325
320
309
304
307
307
297
278
316
280
297
309
262
314
291
279
261
296
267
276
293
249
297
287
298
301
274
271
269
259
296
261
285
289
289
268
225
265
256
265
277
315
285
293
284
252
246
256
279
286
275
278
276
262
269
254
289
241
269
247
271
261
264
272
273
237
276
267
229
255
241
254
252
239
251
267
242
286
263
281
261
250
222
240
254
233
235
244
264
256
241
247
242
223
259
262
252
264
294
252
258
261
238
283
262
278
239
246
242
273
259
258
243
240
267
249
287
234
253
235
240
268
245
234
242
258
266
235
249
243
278
244
248
265
226
266
250
259
273
233
209
242
250
283
272
263
234
233
239
243
242
236
215
242
262
246
232
260
227
262
223
249
195
253
227
262
246
262
240
257
227
259
261
248
251
226
240
209
207
257
225
245
265
254
244
267
245
256
229
253
239
255
280
242
226
251
226
248
262
233
262
263
269
255
246
271
235
236
257
235
260
252
235
243
269
234
226
243
252
252
244
239
236
244
265
237
267
225
245
245
280
244
259
243
242
236
234
273
241
255
248
259
257
234
241
266
252
256
288
255
265
266
256
239
243
256
273
259
233
253
255
241
275
258
266
258
272
279
279
258
280
268
260
254
297
292
260
301
249
244
283
278
282
278
298
297
271
327
266
263
336
308
302
305
310
307
275
328
313
279
296
324
337
313
312
305
343
316
322
360
338
342
328
344
359
341
359
356
394
367
358
399
381
361
382
397
387
383
373
433
421
397
405
415
418
430
441
459
413
477
431
457
499
479
553
500
538
598
592
584
601
625
647
602
635
719
752
720
704
766
785
777
851
859
882
866
879
980
982
960
1041
1035
1111
1099
1160
1111
1121
1167
1255
1281
1356
1328
1378
1408
1402
1381
1424
1397
1413
1433
1455
1429
1435
1403
1464
1474
1428
1537
1418
1532
1430
1462
1413
1408
1320
1354
1342
1315
1236
1253
1233
1151
1118
1061
1079
998
1046
987
942
918
907
847
809
792
731
785
720
695
746
690
682
576
603
580
532
544
545
481
501
507
444
480
425
433
406
409
411
360
382
387
359
336
353
329
338
326
301
347
317
298
290
292
278
275
268
252
284
300
288
245
251
249
247
247
235
287
223
245
249
256
243
218
205
221
202
222
230
197
217
227
227
230
248
212
263
251
249
243
275
309
284
284
340
308
326
333
324
356
344
375
342
392
422
433
402
448
386
445
480
456
442
422
430
434
442
452
412
437
403
352
345
322
314
288
296
285
259
262
237
216
239
215
206
187
196
185
171
142
162
159
159
168
142
153
142
157
163
150
148
132
157
167
153
178
180
171
147
156
170
150
168
186
147
155
180
154
168
188
180
176
160
199
178
199
199
194
182
200
197
192
208
199
192
227
245
199
265
222
210
241
251
217
234
273
240
229
250
259
251
236
293
226
265
266
240
222
226
258
263
248
270
248
259
230
243
238
236
253
211
250
230
246
251
249
238
226
201
226
213
204
182
194
208
167
209
183
184
179
155
172
173
151
174
169
175
149
148
178
162
141
137
125
104
128
120
141
128
120
133
111
139
104
123
97
114
106
99
109
110
111
86
87
99
125
99
79
98
92
65
96
82
90
97
79
70
79
88
92
63
64
81
85
73
75
72
70
67
60
81
71
77
71
68
48
63
69
82
78
83
57
50
50
61
51
75
70
69
67
57
55
49
64
58
68
56
59
54
68
76
62
65
54
51
53
61
48
58
50
52
49
58
65
65
52
52
48
56
47
49
68
65
68
52
66
79
78
73
67
86
92
75
90
74
69
79
83
81
58
74
73
73
67
79
63
53
67
77
62
49
54
49
54
42
51
59
47
48
51
47
55
46
49
43
54
49
43
40
36
42
54
48
40
32
36
38
58
57
42
47
41
53
46
44
47
33
45
52
46
33
34
40
35
29
32
41
38
46
29
31
31
26
37
39
26
29
33
29
32
40
32
38
32
32
28
27
31
41
22
39
32
24
29
33
29
31
33
30
27
34
28
33
36
31
33
32
39
44
21
31
26
28
28
24
34
28
35
24
27
45
34
27
32
31
30
24
33
35
28
36
28
26
31
26
26
32
34
30
30
25
29
36
35
29
36
31
23
27
30
26
24
17
23
23
31
31
30
25
28
30
17
27
31
32
24
23
31
33
31
27
29
23
37
16
26
26
20
26
24
27
24
21
26
23
28
32
29
17
14
30
28
31
26
26
27
31
28
20
27
21
29
18
30
25
35
20
37
28
24
26
23
35
22
25
30
23
27
22
31
19
26
17
28
28
24
30
20
31
14
18
21
19
28
22
23
21
18
19
23
26
27
20
23
32
20
22
27
23
28
17
25
18
21
27
28
19
34
12
18
19
17
14
28
23
23
27
21
26
29
17
25
14
26
20
37
14
19
25
15
20
24
25
21
25
21
13
21
18
18
20
21
17
19
18
18
21
21
23
31
13
23
13
21
25
18
17
20
17
19
19
13
24
17
10
19
19
33
16
24
17
12
22
13
14
24
14
21
20
22
14
11
15
23
22
15
16
14
18
20
20
9
15
23
14
24
19
22
19
20
18
15
16
18
23
13
20
20
17
15
12
16
14
14
21
13
24
19
17
19
13
20
17
19
14
20
19
19
19
14
21
14
15
17
8
12
20
12
17
15
11
17
15
19
8
17
18
15
17
16
16
16
15
8
16
10
15
13
11
11
14
18
15
11
14
14
19
11
15
12
5
15
19
11
19
12
10
11
13
12
14
11
14
11
15
17
8
15
11
7
14
10
10
10
9
7
17
11
9
9
12
15
19
11
15
8
12
12
9
10
10
15
11
15
12
11
8
10
13
17
10
14
15
14
15
9
15
12
14
10
13
5
15
17
9
12
11
8
11
5
8
17
14
7
9
8
5
5
12
17
7
14
13
12
14
16
14
9
6
12
14
10
6
18
9
9
11
11
10
16
11
13
11
18
11
11
18
11
15
13
7
9
8
12
8
14
18
10
7
10
11
10
2
13
14
15
14
7
12
8
7
8
9
13
11
5
16
9
16
13
10
14
5
10
12
5
10
11
9
6
12
16
10
9
15
8
9
11
5
7
7
4
15
9
9
6
11
8
12
4
8
10
6
8
7
5
8
4
8
4
2
5
9
9
8
5
9
10
7
13
9
9
9
7
6
7
11
8
9
11
7
7
6
11
11
6
7
8
8
9
10
11
10
10
5
12
7
5
5
6
5
5
9
4
6
11
13
8
4
14
7
9
5
11
8
8
3
8
7
6
9
6
6
7
8
9
6
6
12
6
4
8
8
4
4
6
10
14
5
9
5
4
4
3
9
6
7
9
4
6
10
8
6
8
7
7
4
5
7
5
6
4
7
9
8
11
11
7
5
8
4
6
15
6
9
3
9
6
4
7
4
5
7
4
3
3
4
5
6
4
4
4
8
7
4
9
6
9
6
5
6
3
8
3
6
6
7
6
5
5
4
6
9
4
8
4
7
5
3
5
8
11
6
7
4
3
7
2
5
2
5
7
4
3
3
5
9
2
1
2
2
3
2
3
5
4
7
10
7
5
7
3
6
8
1
5
4
2
8
6
3
2
4
2
1
1
2
1
0
2
3
6
4
2
5
9
5
8
2
6
6
6
3
3
5
6
2
2
3
9
2
2
3
3
3
6
5
6
1
1
5
3
1
3
4
4
3
3
4
4
4
3
1
1
5
7
1
3
8
5
2
4
2
4
3
2
1
3
5
2
0
2
4
6
3
1
4
1
2
8
2
3
4
2
0
4
4
5
4
2
3
5
1
2
2
4
1
4
4
5
3
4
1
11
8
5
4
3
3
3
4
5
2
3
3
2
5
3
2
0
0
2
2
3
3
5
2
7
6
4
4
1
2
6
3
4
0
3
6
4
2
1
6
3
1
3
2
2
2
3
3
5
0
1
4
2
4
4
2
5
2
2
1
3
3
4
4
5
3
5
2
4
2
3
3
2
2
1
2
3
3
2
3
3
2
3
1
1
3
3
2
4
3
4
3
3
6
2
5
2
5
5
2
3
2
3
2
1
3
2
3
2
2
2
3
6
3
1
0
2
1
1
8
1
2
3
2
3
4
3
1
1
0
0
4
1
1
3
2
3
2
1
1
4
5
3
1
2
5
5
5
2
2
5
2
3
2
3
3
1
2
2
0
1
0
2
1
0
1
1
5
1
1
2
3
1
1
1
0
3
0
4
4
2
4
1
0
2
1
0
0
0
2
4
1
3
1
0
2
0
0
0
3
1
2
3
1
1
2
1
3
1
1
1
3
2
0
0
2
0
0
3
3
3
2
3
4
4
1
1
4
0
1
0
0
2
1
2
2
1
2
3
1
3
1
0
1
2
1
5
1
3
2
1
0
0
0
1
2
2
2
2
1
1
2
1
0
3
0
3
0
1
0
1
0
2
2
3
1
1
0
1
1
2
2
1
3
1
2
2
0
1
1
2
0
0
2
1
0
0
2
2
1
0
1
4
1
1
0
0
1
1
2
1
1
2
2
0
0
0
0
2
2
0
1
0
1
1
2
3
0
0
1
2
3
1
3
1
0
0
3
0
2
2
1
1
2
1
2
0
1
1
2
1
1
0
1
0
1
2
0
0
2
1
0
0
0
2
0
0
2
3
0
2
1
1
1
0
1
0
1
0
2
1
3
1
1
0
1
0
2
1
0
1
1
0
1
2
0
0
1
0
3
1
0
0
0
2
0
1
2
0
0
1
0
0
1
1
1
3
2
0
1
0
0
1
4
2
1
1
0
0
1
1
2
1
2
0
1
1
0
1
1
0
1
1
0
0
1
2
2
1
1
0
0
2
0
1
0
1
1
0
0
1
0
0
0
0
0
1
0
0
3
1
1
2
1
1
0
1
3
0
0
0
1
1
1
0
0
2
0
2
0
1
0
2
0
0
1
1
1
0
1
0
0
0
0
0
0
0
0
0
0
1
0
0
2
1
0
0
3
0
1
0
0
0
0
0
1
0
0
2
1
0
2
0
2
1
1
0
1
2
0
0
0
1
1
0
0
0
1
0
0
0
1
1
0
2
2
0
0
2
1
0
0
0
0
0
0
1
1
1
0
0
0
1
0
0
0
1
1
0
0
0
1
1
0
0
0
0
2
0
1
0
0
0
1
0
1
1
1
1
0
0
1
0
1
1
1
0
0
0
2
1
0
0
0
1
0
0
0
0
0
1
0
0
0
2
0
0
0
1
0
0
0
0
0
0
1
0
1
1
0
0
0
1
0
2
1
2
1
0
1
0
0
0
1
0
0
2
0
1
2
1
1
0
2
1
0
0
0
0
1
0
0
0
0
2
0
0
0
0
0
0
0
1
0
0
1
1
0
0
0
0
0
0
0
0
0
0
0
0
0
1
0
0
1
0
0
0
1
1
0
0
0
0
1
0
0
0
0
0
0
1
1
1
1
0
0
2
0
1
0
1
0
1
0
0
1
0
1
1
2
0
2
0
1
0
0
0
0
0
0
0
1
0
0
0
0
0
0
0
0
0
0
0
1
0
0
0
0
0
2
0
1
0
0
0
0
0
0
1
0
0
0
0
0
0
0
0
1
0
0
1
0
1
0
1
0
0
2
0
0
0
0
0
0
0
0
0
0
0
0
0
0
1
0
0
0
0
1
0
0
1
0
0
2
0
0
0
1
0
0
0
0
