0
0
0
0
0
0
0
0
0
0
0
0
0
0
0
0
0
0
0
0
0
0
0
0
0
0
0
0
0
0
0
0
0
0
0
0
0
0
0
0
0
0
0
0
0
0
0
0
0
0
0
0
0
0
0
0
0
0
0
0
0
0
0
0
0
0
0
1
0
0
1
0
2
4
1
2
6
4
3
5
7
2
19
43
145
350
991
2245
4858
9558
17158
27805
40961
54714
66378
72366
72795
66323
54928
41407
28345
17443
9806
5036
2380
1030
366
147
50
23
9
0
5
2
2
2
1
2
1
1
0
1
0
0
0
0
1
0
0
0
0
14
68
51
62
63
61
51
55
54
68
62
52
50
50
52
45
55
51
41
39
53
41
58
51
41
52
47
45
55
34
39
48
60
44
42
55
43
45
60
48
43
38
38
50
51
34
48
33
49
36
44
40
39
42
49
54
47
51
51
63
61
58
56
62
59
76
83
108
108
189
235
278
362
404
465
517
530
514
470
443
366
286
225
198
144
106
83
84
68
81
44
50
54
38
43
33
39
40
54
40
40
45
38
32
46
41
44
62
55
44
41
49
69
69
59
69
59
75
65
58
54
84
93
90
81
115
186
270
506
802
1301
2045
3201
4328
6173
7961
9575
11082
12487
12863
12377
11689
10384
8602
7229
5482
4098
2913
2170
1527
1084
858
656
502
426
415
418
559
741
1001
1477
1862
2508
2885
3347
3803
4035
3987
3729
3479
2928
2419
2046
1515
1149
805
594
483
439
349
296
255
227
199
152
119
97
86
55
47
33
28
27
12
15
20
16
15
12
13
17
13
12
12
8
12
11
4
6
18
15
12
6
20
12
13
13
17
7
9
6
13
12
11
21
18
14
18
23
19
24
26
28
27
35
30
23
22
30
33
23
25
27
23
21
18
18
27
23
23
37
23
33
15
18
33
24
21
27
17
24
19
21
28
24
15
22
16
18
12
12
9
10
8
10
11
10
5
15
6
8
6
8
8
10
6
10
4
12
7
6
10
4
9
9
3
5
8
5
5
4
5
11
8
12
9
5
10
9
12
14
13
14
3
12
11
9
10
5
6
5
7
15
6
9
6
14
6
17
15
15
10
10
13
23
15
12
17
9
15
13
16
12
10
5
5
15
5
7
10
12
11
8
6
11
4
7
8
7
5
11
4
7
4
7
10
10
8
6
10
10
10
8
10
10
4
7
11
7
6
3
10
7
7
7
12
6
2
7
9
2
7
7
9
6
5
6
5
11
7
5
6
6
4
9
6
12
8
10
6
6
7
6
7
5
11
8
9
7
10
6
6
8
5
5
11
0
8
7
7
12
5
10
9
8
3
8
9
11
12
7
8
14
5
7
8
5
8
10
4
7
11
12
7
12
9
11
8
9
10
11
9
10
6
8
14
8
8
10
10
9
7
18
8
5
10
10
4
8
8
14
9
8
11
12
9
9
8
9
11
5
7
10
16
10
9
13
13
11
5
13
9
12
12
9
12
9
17
11
15
18
11
15
14
22
13
19
22
18
22
21
13
29
19
21
30
24
31
24
32
34
36
22
23
26
29
33
36
30
35
38
22
36
30
35
48
27
20
29
30
25
26
21
23
24
17
26
20
25
21
21
26
18
20
15
10
32
11
15
14
12
21
18
15
24
12
21
26
18
17
13
31
23
16
14
21
14
19
20
23
21
27
25
17
14
26
22
25
29
31
30
34
23
17
28
23
32
26
32
25
28
30
19
19
33
33
24
28
14
24
36
29
18
28
35
34
32
34
39
34
41
31
31
33
30
34
31
45
34
26
46
39
47
29
31
37
50
31
43
48
32
36
49
48
39
43
47
42
43
47
46
54
41
39
51
61
49
54
61
59
56
65
43
60
60
52
53
46
56
73
59
59
57
85
80
62
53
60
72
60
65
63
61
59
61
64
62
66
56
72
73
79
89
96
83
99
94
98
100
116
119
110
108
100
114
107
113
117
108
97
100
100
100
102
83
84
95
103
97
78
72
96
93
84
72
88
80
75
60
71
68
79
68
85
78
68
80
64
71
86
74
68
73
68
74
71
67
71
80
70
72
69
80
73
82
79
66
57
66
61
58
80
83
68
80
64
70
77
52
92
68
88
83
78
75
87
72
84
76
87
74
93
101
85
74
83
81
91
57
76
83
81
63
74
63
77
82
70
78
77
69
71
77
66
82
86
68
73
69
82
69
105
96
77
80
91
88
81
89
89
94
85
81
82
77
81
63
97
108
103
74
81
76
89
83
90
95
79
105
116
75
88
90
107
96
100
98
115
111
109
123
111
108
140
148
183
215
257
277
379
471
577
821
973
1342
1714
2096
2577
3354
3973
4610
5393
6395
7131
7793
8393
9266
9649
10111
10113
9979
9775
9435
8736
8189
7450
6647
5641
4954
4272
3425
2908
2320
1807
1403
1089
823
633
458
370
314
277
198
155
136
127
126
119
110
122
125
108
106
98
97
113
110
111
108
102
108
97
131
110
97
110
99
105
110
123
101
102
109
122
90
107
100
116
111
111
99
115
116
101
117
121
109
126
118
120
142
146
138
148
149
112
139
145
170
134
197
195
178
244
233
249
344
406
405
514
595
646
765
862
964
1040
1141
1302
1344
1323
1437
1435
1393
1407
1362
1322
1174
1079
1078
841
793
723
620
540
473
402
359
294
259
225
213
203
187
185
166
165
145
158
144
155
143
169
164
142
134
149
157
144
154
142
139
155
148
162
159
146
157
168
194
161
167
176
163
153
175
198
168
155
168
155
186
169
198
173
194
211
204
191
201
219
209
227
221
219
185
193
214
220
213
198
215
202
201
209
200
199
200
245
222
237
227
243
230
211
229
252
255
233
252
276
261
233
241
260
252
242
248
226
248
254
251
248
247
237
268
234
252
240
247
254
268
230
225
225
254
226
255
210
251
218
221
222
232
234
215
226
212
223
218
219
242
206
200
219
230
225
211
205
223
205
192
195
181
200
193
201
214
189
192
212
198
188
188
201
176
199
162
186
215
177
181
187
159
178
182
179
197
204
162
191
182
179
171
196
195
194
179
181
204
163
174
173
180
172
185
187
197
184
190
175
164
191
192
182
185
212
190
168
198
184
196
192
208
220
182
180
190
197
215
195
206
189
195
194
167
195
203
185
145
192
190
182
182
207
187
194
199
180
203
196
194
203
189
199
209
172
175
219
187
216
216
203
183
188
189
201
187
204
224
210
180
198
224
180
196
209
178
211
195
216
213
230
201
206
192
205
210
197
211
196
203
195
217
223
218
242
214
223
185
201
202
225
228
208
231
224
221
235
218
190
241
233
221
219
202
204
235
222
203
235
202
233
215
228
242
232
215
252
240
242
209
224
244
224
215
249
235
227
220
197
217
226
219
230
239
223
228
236
248
243
235
255
243
216
261
243
217
223
249
245
220
231
235
228
213
241
250
235
233
232
223
248
224
257
242
238
214
264
236
246
244
257
227
253
248
223
249
250
266
257
210
266
233
247
264
275
262
251
261
243
226
238
261
252
266
259
258
242
277
230
259
250
272
261
284
263
258
297
285
280
252
256
253
277
248
281
243
234
288
268
306
309
266
309
288
285
294
289
282
280
284
291
251
288
256
275
306
256
287
282
297
303
291
314
281
286
279
324
284
296
265
279
299
298
311
281
285
308
314
303
293
329
300
309
294
288
315
284
301
287
306
261
306
334
279
307
328
285
263
311
290
273
300
299
267
266
314
297
303
256
267
265
259
293
254
278
308
301
269
285
277
289
241
262
291
279
240
295
279
277
286
293
290
292
253
266
252
278
266
266
301
271
275
236
284
275
271
278
236
258
246
251
260
267
265
246
225
279
212
255
257
240
220
253
286
233
256
247
226
260
239
255
266
269
237
263
261
253
265
260
243
297
272
237
239
224
253
221
262
231
233
269
272
266
228
222
255
221
261
253
242
253
259
220
252
252
219
247
241
244
243
254
244
258
251
250
242
248
239
240
245
236
254
242
239
259
248
255
248
247
243
247
232
262
268
259
226
271
263
250
240
261
249
255
214
255
249
253
240
243
231
232
234
244
236
286
229
228
209
218
257
251
246
256
214
223
227
253
235
227
263
228
250
242
239
233
224
229
226
242
277
251
261
257
246
223
254
224
259
240
229
258
238
253
246
231
248
258
236
294
234
272
241
254
239
235
242
259
236
245
241
204
228
276
251
234
235
244
257
244
258
248
222
251
230
259
239
239
251
269
251
221
214
253
218
251
255
240
247
246
249
257
226
271
253
296
279
274
264
258
236
255
269
242
248
249
264
282
278
263
290
274
275
299
267
283
248
285
264
240
276
297
266
287
280
281
279
277
275
280
270
300
292
289
272
306
306
278
285
310
282
319
325
295
330
303
298
334
326
301
311
338
322
336
355
327
340
318
360
357
355
345
361
401
351
374
348
364
397
375
389
363
443
421
437
417
397
455
430
435
464
428
469
459
470
490
524
537
527
503
519
549
521
607
549
617
602
694
675
668
716
703
772
801
821
862
846
896
904
982
973
1057
1078
1049
1069
1089
1166
1159
1200
1193
1230
1239
1276
1311
1346
1364
1358
1406
1423
1355
1478
1388
1471
1495
1396
1430
1466
1527
1451
1460
1382
1428
1379
1391
1380
1421
1383
1323
1303
1354
1241
1131
1198
1198
1139
1183
1118
1108
958
988
951
954
871
909
784
814
771
760
742
736
720
665
658
589
580
582
603
534
547
527
487
479
485
436
430
439
410
370
364
384
347
365
384
345
359
362
347
294
322
327
289
312
319
293
321
292
280
277
247
263
254
282
262
274
258
239
246
253
244
234
254
232
203
246
186
228
194
202
219
233
214
227
250
223
238
208
218
257
228
237
268
260
261
275
299
325
309
344
306
324
376
370
369
375
415
400
438
408
433
424
442
393
462
451
431
427
396
402
396
426
340
348
357
333
314
319
306
263
284
241
254
246
223
197
193
205
186
157
167
159
170
149
158
158
171
155
147
153
161
127
146
162
185
129
156
171
140
158
170
144
164
168
169
166
154
178
157
160
166
162
160
183
184
185
183
211
203
200
203
201
221
191
204
209
193
220
247
221
240
230
215
257
232
224
227
224
235
253
247
286
259
263
262
239
274
239
263
260
268
266
274
233
250
285
235
216
240
224
242
244
229
221
220
253
224
216
227
194
238
194
204
206
182
197
207
196
178
203
169
164
183
159
201
167
181
158
162
147
142
147
167
146
156
126
144
113
126
145
139
141
123
108
117
120
93
109
103
106
103
96
114
90
100
90
86
87
90
111
91
97
98
86
90
72
94
80
87
94
79
81
75
72
78
75
87
88
66
71
70
69
59
66
76
62
73
62
94
72
67
67
74
62
54
57
79
69
68
67
55
56
56
65
56
62
56
60
63
53
73
57
56
55
52
49
62
59
63
60
65
47
64
52
47
54
61
60
66
45
62
54
64
69
51
81
70
60
56
57
62
89
89
80
80
74
77
84
63
85
71
93
72
79
70
78
79
73
62
71
64
54
60
61
52
57
66
47
50
49
52
60
44
44
35
36
48
51
48
38
46
40
41
42
42
53
45
51
31
40
43
57
52
40
47
42
33
36
40
40
34
42
42
52
39
41
33
29
43
45
43
42
48
35
39
38
38
36
44
41
30
41
45
38
30
32
20
38
43
26
34
32
38
26
40
34
40
37
30
37
29
32
21
30
42
32
36
31
32
38
35
38
22
29
35
25
30
31
30
25
28
31
37
38
44
36
27
25
35
39
36
25
32
23
26
31
27
32
24
45
26
33
37
48
37
30
28
30
36
32
23
32
32
27
25
33
35
26
26
26
23
27
29
25
24
21
32
22
22
20
30
27
19
28
30
37
27
18
33
26
26
27
23
29
29
12
36
33
23
28
24
25
28
26
33
25
28
33
19
33
30
29
23
26
19
34
19
22
21
26
20
20
26
27
20
24
28
22
24
21
23
24
18
22
25
20
14
25
31
18
22
17
21
25
19
22
26
28
21
23
19
32
20
31
24
19
21
23
26
20
27
23
23
17
21
26
27
23
24
21
20
25
28
19
15
18
8
25
14
16
23
21
19
27
28
21
21
23
17
17
23
21
18
22
17
18
27
25
22
15
15
13
23
19
12
18
12
19
24
9
20
17
23
21
23
15
20
32
24
12
19
21
10
20
15
15
17
18
19
21
11
17
20
19
17
19
19
18
10
17
18
17
13
18
16
19
16
12
18
23
26
28
15
17
8
13
17
20
25
18
20
16
15
12
17
21
21
12
18
15
16
17
10
19
9
20
18
25
14
18
20
13
18
15
13
18
17
23
15
11
16
25
14
16
10
9
15
16
16
16
13
21
15
18
13
11
16
12
14
12
20
12
18
15
14
19
10
17
11
16
15
13
15
21
12
15
13
10
15
16
16
10
12
9
18
16
19
12
17
14
17
9
11
20
16
14
13
14
19
10
11
11
11
12
12
12
8
12
13
10
15
6
17
8
17
14
10
17
17
10
19
11
8
8
15
11
11
9
5
14
13
11
7
13
9
10
10
7
5
14
12
10
10
9
11
10
6
13
17
12
9
8
12
10
13
10
11
9
11
10
10
13
11
13
8
16
13
5
9
9
12
10
7
11
11
12
10
18
15
13
8
13
12
9
11
14
6
8
13
13
12
9
24
10
12
14
7
4
9
10
7
5
6
9
9
10
15
9
9
4
11
9
13
11
8
11
10
12
17
11
5
12
9
9
5
14
10
8
6
11
12
15
6
6
9
11
9
6
3
6
15
15
6
10
7
13
12
7
9
9
7
5
7
10
9
9
13
6
10
10
11
2
8
8
9
5
9
9
6
12
7
2
8
3
11
8
2
8
7
8
7
10
7
4
10
15
7
7
11
8
11
7
11
7
5
5
8
6
7
11
6
11
7
4
4
7
6
4
12
5
5
11
8
7
8
7
8
7
4
4
2
6
12
5
6
8
7
10
9
5
7
5
12
8
10
5
7
5
4
7
6
7
8
7
8
10
8
9
5
3
7
5
5
7
2
4
4
4
3
9
6
8
5
4
6
4
8
4
3
5
6
6
9
8
4
9
6
6
4
5
6
5
8
6
5
3
9
3
10
7
1
1
3
3
5
7
10
9
6
5
4
2
12
7
7
5
1
4
10
5
7
6
8
1
8
2
5
9
3
2
3
2
5
5
1
6
5
2
2
3
4
3
5
8
4
7
7
6
8
8
2
5
4
7
4
4
5
7
4
9
5
4
6
7
4
9
3
7
5
5
3
5
5
2
7
3
9
4
7
5
5
2
5
7
2
4
5
4
5
5
4
5
4
6
3
6
3
5
6
2
7
2
5
5
2
5
3
3
4
3
4
6
5
7
2
5
5
6
7
4
4
6
2
3
3
4
5
2
4
3
5
1
2
1
3
2
0
4
4
3
4
6
4
5
2
5
5
4
5
4
2
2
3
0
4
3
5
4
3
3
2
3
2
2
3
4
2
2
8
4
3
3
7
6
5
2
8
1
1
1
3
3
1
3
3
5
5
2
1
3
4
5
1
5
8
3
3
1
3
3
3
3
5
2
5
3
3
5
3
5
3
3
0
1
4
6
1
1
4
4
3
2
5
1
2
2
5
0
5
3
1
2
4
1
2
3
1
1
5
4
1
2
1
1
2
3
5
1
1
4
5
2
1
2
2
2
3
2
2
2
1
2
3
1
4
5
3
2
5
1
3
3
2
1
4
1
1
0
3
3
1
3
3
1
5
2
2
2
0
3
4
4
6
4
2
5
1
4
4
2
3
3
2
0
3
1
4
0
3
1
1
0
0
3
2
2
3
3
3
2
2
1
2
0
1
2
3
0
3
0
1
0
1
4
2
6
1
1
2
4
2
2
2
0
2
4
1
2
3
1
1
2
1
0
3
2
1
6
1
2
3
5
4
3
0
1
2
1
1
1
3
2
1
4
1
4
2
2
2
3
1
1
2
2
0
3
1
3
0
2
2
1
1
2
1
2
0
2
2
4
2
1
1
2
0
2
2
2
2
0
0
2
1
2
1
2
1
1
0
0
0
0
2
2
1
0
0
1
2
1
2
0
1
3
1
1
2
0
2
0
3
5
0
2
0
0
2
1
2
3
2
1
2
2
1
2
2
0
1
2
1
0
0
3
0
2
4
3
2
0
0
1
1
4
2
0
0
2
2
0
1
1
3
2
2
1
3
1
2
0
2
1
1
1
0
0
0
1
0
0
1
0
1
2
2
0
1
0
0
0
1
1
3
2
2
2
0
0
1
3
0
2
1
1
2
0
1
0
0
1
2
1
1
1
0
2
1
1
1
1
0
0
5
0
1
1
0
1
1
1
2
0
0
1
0
0
0
0
2
0
1
1
0
1
1
1
1
3
0
0
0
0
2
2
0
1
1
0
0
0
2
0
2
1
1
0
0
2
0
0
2
0
0
2
2
0
0
3
0
2
0
0
0
0
0
2
0
1
1
0
1
1
0
0
1
1
0
0
1
0
0
0
2
1
0
0
0
1
1
0
1
2
2
0
1
1
2
1
2
0
0
2
0
1
0
3
2
1
0
0
0
0
0
1
0
1
1
0
1
0
0
0
0
1
0
0
0
1
1
0
0
1
1
0
0
0
0
0
1
0
0
0
0
1
4
3
0
1
0
1
1
0
0
0
0
0
1
0
1
0
0
1
0
0
0
0
1
0
1
2
0
1
0
1
2
0
2
2
1
0
0
0
0
0
1
0
1
0
0
0
1
0
0
1
0
1
1
0
0
1
1
2
2
0
1
0
0
1
1
1
0
0
1
2
2
0
2
1
0
0
2
0
0
1
0
0
1
0
1
0
0
0
1
0
0
0
0
0
1
0
0
1
0
0
1
0
1
1
0
0
1
0
0
1
1
2
1
1
0
0
2
0
0
1
1
0
1
1
1
0
0
0
1
2
1
0
1
1
0
0
1
1
1
1
0
0
0
1
0
1
0
0
0
0
0
1
0
1
1
0
0
0
1
0
0
1
1
0
0
1
1
0
1
0
0
0
0
0
0
1
0
0
1
0
0
0
1
0
0
0
0
0
0
0
0
0
0
2
0
0
0
0
0
0
1
0
0
0
0
1
0
0
1
0
1
0
0
0
0
1
0
0
0
0
1
0
0
0
0
0
0
0
0
1
0
0
0
0
0
0
2
0
0
0
0
1
0
0
0
0
0
0
0
0
0
0
0
0
0
0
1
0
0
0
0
1
0
1
0
0
0
0
0
0
1
0
0
0
0
0
0
0
0
0
0
1
0
1
0
0
0
1
0
0
0
0
0
1
1
0
1
0
0
0
0
0
0
1
0
0
0
0
0
0
0
0
1
1
0
0
0
0
0
0
0
0
0
