0
0
0
0
0
0
0
0
0
0
0
0
0
0
0
0
0
0
0
0
0
0
0
0
0
0
0
0
0
0
0
0
0
0
0
0
0
0
0
0
0
0
0
0
0
0
0
0
0
0
0
0
0
0
0
0
0
0
0
0
0
0
0
0
0
1
1
1
2
3
2
2
6
2
1
0
2
2
3
1
5
4
9
41
122
365
928
2238
4770
9437
16884
27746
41052
54323
65824
73032
73542
67062
55164
41381
27793
17534
9776
5213
2380
1014
374
155
32
8
2
2
2
0
1
3
2
2
0
1
2
0
1
0
1
0
2
1
1
0
0
6
74
63
42
60
63
54
63
43
61
57
64
69
50
47
51
55
38
55
48
51
66
49
48
56
48
43
48
43
38
48
54
35
35
41
60
50
47
42
41
42
44
45
37
51
50
49
29
46
36
57
52
55
61
60
48
67
65
63
56
60
74
59
86
80
90
106
113
160
173
251
304
346
451
491
507
538
523
488
461
350
309
228
203
150
126
80
93
72
59
42
41
45
46
55
38
45
42
44
39
42
50
41
27
41
44
37
39
40
49
42
59
68
69
66
51
58
77
67
72
95
91
90
98
136
167
264
345
594
876
1406
2266
3411
4666
6388
8117
10090
11823
12769
13348
13395
12571
10942
9361
7547
5817
4379
3285
2306
1682
1279
972
872
698
593
594
614
789
928
1268
1629
1992
2483
3017
3363
3673
3827
3983
3745
3354
2926
2426
1950
1467
1096
832
635
484
416
336
326
258
214
197
159
116
85
77
57
52
29
20
13
16
17
14
15
12
10
14
12
16
13
9
12
19
11
11
12
8
8
11
6
10
9
14
11
13
10
9
6
15
12
17
14
12
14
18
17
28
22
20
31
30
32
33
32
34
31
24
22
29
21
13
21
19
29
21
24
23
30
23
20
15
22
26
19
19
21
20
21
28
21
24
22
12
15
9
16
6
11
6
10
6
11
7
8
6
8
4
6
7
8
7
8
7
8
4
5
6
9
9
11
9
7
9
3
9
8
7
4
4
6
9
7
4
9
13
14
11
11
12
9
15
11
9
14
8
7
9
5
8
11
10
7
8
7
10
6
7
10
7
10
12
10
12
14
23
12
10
9
13
7
11
11
8
11
9
5
14
7
7
5
6
15
13
8
7
5
10
8
13
10
7
3
6
17
5
8
10
8
11
10
9
6
3
9
12
3
12
5
3
15
12
5
8
7
5
5
6
9
3
2
10
12
8
6
6
3
9
10
3
5
10
6
10
8
10
11
7
9
7
7
12
13
4
11
12
8
11
8
14
3
6
7
9
9
11
9
5
6
7
10
6
8
8
13
12
7
7
5
9
18
12
9
8
9
9
9
7
6
8
6
10
8
10
9
5
9
11
6
10
4
13
15
8
9
8
4
9
12
9
6
8
3
11
12
5
9
13
18
9
13
10
9
13
6
15
10
12
13
6
8
4
13
10
6
17
17
15
13
12
17
11
13
14
14
22
20
16
8
20
19
14
12
16
16
21
15
23
20
16
13
18
27
21
19
18
21
32
19
24
26
26
26
22
20
34
29
14
36
26
39
32
26
34
20
25
32
26
27
22
25
21
12
23
34
23
24
15
26
19
17
24
27
18
24
16
24
26
22
19
12
20
25
18
22
23
21
12
19
19
25
19
20
27
22
16
17
15
25
22
29
14
26
24
21
24
25
32
29
24
31
22
31
31
31
32
28
30
26
28
34
28
19
28
23
32
23
32
35
26
35
26
28
24
41
39
25
28
35
38
28
32
38
38
33
33
30
42
46
41
29
37
42
37
43
30
49
43
50
42
35
33
44
60
51
52
44
45
38
45
55
42
52
57
51
58
39
51
53
60
54
74
59
49
59
49
50
58
54
47
68
61
64
71
68
59
88
69
75
88
69
72
102
99
81
96
108
101
138
110
124
132
142
149
151
178
194
156
184
175
199
193
183
173
147
129
147
145
137
110
107
122
113
91
102
96
98
88
88
85
81
94
66
80
92
101
72
67
80
96
81
96
86
87
75
84
73
80
78
70
84
78
85
73
95
80
77
80
86
87
82
64
83
80
68
74
65
68
81
82
77
74
70
73
70
65
71
63
64
62
77
65
76
84
64
75
74
70
88
76
83
77
69
82
72
65
77
71
76
79
56
82
84
86
87
79
76
82
80
69
70
70
66
69
76
68
80
78
99
80
70
93
96
90
87
86
91
88
72
94
103
95
82
93
105
89
91
84
99
94
82
97
93
98
99
93
87
88
94
85
92
107
95
92
118
125
112
130
134
121
147
147
146
174
176
219
289
335
431
563
783
910
1216
1576
1958
2614
3095
3760
4532
5294
6155
6993
7926
8767
9414
9813
10253
10439
10221
10251
9901
9247
8657
7913
6962
6098
5211
4467
3697
3033
2380
1949
1423
1166
876
720
498
386
336
280
226
205
170
135
137
122
138
109
120
94
122
113
128
123
107
114
120
119
137
108
116
115
106
121
102
114
124
118
108
119
129
128
122
120
112
119
127
132
101
120
150
126
125
136
113
157
130
149
156
143
127
129
148
148
144
165
160
168
158
214
208
238
264
301
334
374
362
520
581
681
755
817
959
1050
1172
1272
1389
1409
1417
1394
1497
1474
1414
1288
1259
1142
1061
990
844
752
658
595
517
437
324
322
255
220
242
205
215
188
182
171
189
166
161
173
151
149
187
165
162
203
203
192
176
199
203
208
214
246
248
251
233
264
274
257
240
255
260
271
266
274
271
258
270
293
266
246
294
285
262
257
262
248
290
304
262
296
248
287
274
272
278
257
262
228
247
267
258
265
251
267
244
255
256
266
227
239
278
234
240
270
232
230
236
259
229
234
232
220
225
232
247
226
250
232
205
230
236
217
235
229
257
237
239
221
203
221
228
231
223
250
230
216
217
234
256
224
225
242
239
215
211
225
235
248
221
226
231
226
220
229
225
209
225
191
205
224
202
197
214
239
194
190
216
224
213
195
194
220
197
211
232
223
230
183
193
180
214
210
172
200
196
203
196
218
201
188
187
215
181
191
201
189
195
196
197
200
208
188
186
189
218
241
217
199
207
195
188
180
176
220
178
203
217
185
208
210
217
191
186
220
202
195
192
205
189
216
195
203
213
193
200
190
215
213
231
221
223
199
221
202
214
228
218
250
239
202
252
226
231
241
250
235
236
219
242
212
238
252
242
268
249
246
270
238
274
254
229
255
261
258
282
252
280
244
261
239
272
274
265
264
247
260
249
233
296
240
277
271
279
268
266
264
259
290
249
241
256
228
232
241
264
258
252
262
253
259
210
252
265
242
231
242
265
244
248
238
215
240
231
249
251
238
230
229
242
263
230
247
230
233
254
245
203
262
263
243
223
251
237
222
237
218
256
268
265
252
243
261
224
229
254
234
251
268
237
225
239
249
246
253
241
239
235
257
229
275
266
230
227
257
246
240
258
242
252
243
248
239
263
240
271
249
270
256
277
231
255
258
248
273
244
239
255
230
281
262
247
269
263
255
255
261
263
257
268
263
297
272
258
273
261
272
249
267
285
265
282
286
297
280
292
277
273
259
253
281
282
279
286
280
276
271
251
302
308
276
274
284
299
284
257
285
295
281
295
304
267
267
286
283
290
288
271
313
285
311
253
295
297
316
340
280
293
253
254
287
280
267
295
296
306
319
269
300
305
271
279
302
294
312
260
287
316
292
313
291
290
314
294
308
288
307
295
294
294
286
300
303
302
306
311
301
312
286
310
332
279
295
291
304
272
288
270
286
286
277
303
285
275
299
280
282
266
308
303
261
275
269
267
279
266
294
285
274
272
264
261
265
286
265
293
250
266
282
279
261
240
250
262
243
255
272
270
254
256
253
273
262
252
271
246
264
258
257
237
260
263
270
275
256
271
241
273
283
253
253
260
218
284
247
270
280
245
248
242
242
241
260
249
246
269
251
265
268
283
277
262
260
251
262
261
266
259
251
265
266
240
249
265
238
252
257
230
262
249
241
255
246
235
246
254
273
263
230
264
259
248
268
267
249
249
250
260
260
258
267
243
268
260
230
285
242
256
293
223
259
243
286
242
262
270
244
255
282
282
247
225
254
221
288
273
252
238
261
246
252
234
248
258
239
278
265
259
249
236
268
263
235
231
249
264
272
229
256
242
251
244
269
244
248
230
250
255
280
245
271
271
265
245
246
264
253
254
251
251
270
250
272
241
266
244
253
237
271
251
279
258
244
259
232
267
252
260
274
243
260
266
249
272
266
280
265
231
274
278
260
273
253
265
263
266
248
255
281
251
222
265
273
289
289
297
258
291
277
281
286
325
266
277
286
288
303
326
309
286
300
277
298
297
320
312
269
351
305
324
301
294
338
338
347
340
321
353
330
326
359
342
358
337
338
366
353
350
337
361
352
327
389
384
381
358
381
392
379
397
379
422
418
392
437
446
440
419
410
450
506
441
502
537
490
506
543
523
558
601
553
616
659
627
627
634
642
667
681
748
767
786
748
868
843
867
920
896
1000
990
984
1069
1003
1106
1074
1193
1183
1154
1228
1257
1279
1278
1419
1297
1389
1437
1502
1446
1466
1463
1463
1467
1434
1473
1479
1495
1544
1416
1439
1456
1352
1389
1474
1326
1417
1350
1324
1236
1246
1278
1211
1215
1201
1148
1130
1148
1087
1031
1039
1017
943
960
903
917
857
810
800
751
698
658
678
626
625
573
586
574
541
491
489
491
465
462
434
459
473
438
417
404
382
323
382
368
345
330
334
360
329
329
326
341
309
319
335
286
280
276
326
262
268
281
252
292
247
290
244
258
251
254
204
229
254
244
228
234
245
239
224
218
210
222
238
224
251
240
237
244
234
265
282
274
266
307
299
334
328
327
378
350
385
393
384
423
404
473
460
424
413
458
491
504
477
519
447
450
516
498
466
436
422
408
419
379
368
353
358
322
307
258
302
230
233
231
202
200
179
201
188
174
196
178
161
150
175
153
152
135
155
137
153
172
147
162
182
144
148
159
142
156
166
145
173
191
149
149
170
180
184
179
187
207
192
170
188
173
172
227
192
199
193
211
192
203
233
232
207
214
207
257
214
252
235
235
217
217
233
278
252
232
228
280
235
279
259
273
224
252
269
250
235
242
260
226
249
238
252
239
233
262
232
253
233
249
234
221
199
239
202
174
219
200
218
215
217
205
183
183
186
170
178
164
166
171
171
138
159
153
181
159
149
158
154
144
152
142
130
133
129
123
131
131
114
113
108
110
94
119
107
106
89
95
103
116
93
82
93
97
101
107
85
88
92
78
72
78
93
67
78
92
80
70
94
69
91
85
85
79
69
57
87
65
66
82
67
79
90
67
73
64
73
55
66
62
63
74
60
58
57
67
72
70
54
55
76
61
64
54
70
59
68
65
48
60
49
46
43
49
52
53
55
49
43
52
47
46
38
54
61
72
54
59
63
64
60
56
57
67
84
61
71
73
79
63
91
74
89
62
85
75
86
66
74
69
71
76
62
80
74
53
59
52
62
51
37
36
46
53
41
40
51
50
53
40
41
48
47
50
50
51
53
46
38
46
48
45
50
52
32
36
53
41
43
50
40
47
31
50
42
38
44
41
36
41
26
45
31
27
35
34
34
36
36
28
35
27
32
50
35
34
35
31
27
40
29
43
22
28
31
36
34
35
37
46
34
40
40
40
32
34
31
31
33
27
31
32
29
30
24
29
36
30
35
28
27
27
44
31
29
33
28
24
37
24
30
30
25
30
36
21
26
27
37
23
32
24
37
25
47
34
28
22
31
32
28
31
31
30
30
32
33
31
24
31
25
28
33
28
36
30
32
26
20
26
26
28
27
21
25
33
30
24
23
29
32
33
19
37
25
31
33
25
25
21
25
26
32
27
30
17
23
25
26
21
27
20
20
27
14
27
25
34
24
27
26
16
25
37
29
19
21
23
15
23
25
23
28
28
23
24
30
17
26
25
24
25
28
17
13
23
17
28
18
18
28
21
21
22
24
20
25
14
23
19
17
13
18
19
22
17
21
17
24
20
24
26
19
19
18
15
25
16
32
20
20
35
19
24
24
18
18
18
25
25
16
17
21
17
17
19
16
26
18
13
17
14
28
25
20
19
22
19
13
16
21
17
31
23
18
19
15
14
18
17
14
15
16
22
13
21
19
27
21
21
31
19
22
21
18
13
18
18
13
13
15
16
15
14
23
15
16
15
17
12
17
27
18
20
12
18
13
17
18
12
8
22
12
16
15
16
16
13
14
18
14
14
21
22
16
20
18
19
17
7
15
17
25
13
12
16
14
15
16
16
13
19
11
25
17
16
11
11
16
18
14
22
8
19
23
10
19
14
19
19
15
12
19
19
13
16
11
14
13
13
13
20
10
20
20
22
15
15
12
19
9
9
15
12
13
13
14
12
17
17
10
13
9
13
20
15
16
14
18
15
10
12
18
13
17
12
15
10
16
5
13
11
9
13
10
10
18
12
14
9
10
14
14
13
12
13
14
15
17
11
15
13
9
7
10
8
17
13
14
12
11
14
15
13
13
13
12
13
16
14
9
10
10
13
9
13
6
17
15
9
9
7
12
13
12
9
7
11
12
12
7
13
8
8
15
5
7
8
8
17
11
9
11
5
16
12
13
13
8
3
15
7
8
12
12
9
9
7
11
13
12
13
14
11
13
8
4
11
6
5
11
9
11
9
11
12
13
13
8
7
7
5
12
9
10
9
11
8
7
3
6
6
8
10
9
16
7
6
11
7
7
7
10
12
14
7
13
8
7
14
5
7
17
8
8
5
8
15
10
14
9
4
5
12
8
8
7
16
7
4
11
6
7
8
6
10
11
5
10
11
4
4
8
6
5
1
5
7
7
6
14
8
6
8
8
7
11
7
3
7
9
5
10
7
6
11
8
4
7
9
8
7
7
4
9
10
8
1
6
6
7
8
9
9
6
7
3
6
10
10
5
3
8
8
4
10
7
5
10
8
8
6
6
8
4
6
5
6
8
4
9
6
9
4
9
8
2
9
7
4
8
3
5
6
5
5
10
10
9
7
7
5
4
11
2
5
6
4
6
5
6
9
5
2
2
6
5
5
1
3
1
4
9
1
4
4
7
6
6
5
8
4
2
6
3
4
6
3
3
6
6
11
2
4
1
4
7
6
5
6
6
5
5
6
5
6
8
4
4
2
4
7
15
6
4
10
3
2
8
4
5
4
5
6
5
1
1
4
6
5
5
3
1
2
4
6
6
3
2
2
5
6
5
4
3
9
6
2
3
7
1
5
7
6
8
10
4
3
2
3
4
1
4
6
1
3
5
4
6
5
5
5
4
2
8
4
2
3
5
4
2
4
5
3
7
3
3
3
7
4
2
2
4
3
5
3
6
5
4
3
10
2
3
5
2
7
3
4
2
3
1
3
4
2
3
1
2
5
3
4
8
0
1
5
2
2
1
4
5
1
5
2
1
3
3
1
2
1
1
2
3
4
4
3
4
4
3
2
3
4
3
2
3
2
4
2
8
3
3
2
2
2
7
3
5
2
2
3
5
1
1
0
5
2
2
3
4
0
3
6
1
4
2
4
3
2
4
2
1
2
0
0
4
2
1
1
1
2
3
3
5
4
4
3
3
1
4
1
3
2
0
4
2
3
3
1
3
2
4
3
2
1
4
5
3
3
2
4
1
2
3
0
2
0
3
6
0
4
5
5
1
4
2
3
3
3
2
2
0
2
3
3
2
5
2
2
2
0
5
1
1
1
1
2
1
3
3
1
1
2
0
1
1
3
1
1
2
2
2
1
3
1
1
4
0
2
0
1
2
2
2
3
1
2
1
2
0
3
2
2
1
3
2
2
2
1
0
3
2
0
1
2
3
5
0
1
3
1
3
0
3
3
1
0
0
1
1
2
0
1
3
0
0
1
5
4
0
2
0
1
2
1
2
0
2
1
1
1
1
3
4
0
0
2
0
1
3
4
2
2
1
2
4
0
4
1
5
1
1
5
0
1
3
1
2
0
2
2
2
1
0
3
1
4
0
2
1
2
2
1
2
1
6
1
2
2
2
3
0
6
2
3
0
2
1
2
1
1
1
1
2
0
0
0
1
0
2
2
1
1
4
1
1
1
0
2
0
0
0
2
1
0
2
2
1
1
2
1
2
0
1
0
2
1
3
1
2
2
0
2
0
1
3
1
0
0
2
0
0
2
1
2
3
1
0
0
2
2
0
1
0
1
1
0
1
1
1
1
0
0
2
1
2
1
0
1
1
0
0
0
0
2
1
4
0
0
2
2
1
0
1
1
1
4
0
2
0
0
0
0
0
1
1
1
4
0
2
0
2
0
2
0
1
3
0
0
1
1
1
2
0
0
0
1
1
3
0
1
0
0
0
0
0
1
0
0
0
0
0
1
0
0
1
2
1
0
0
1
0
1
1
1
0
0
1
0
0
1
1
2
0
1
0
0
1
1
2
0
1
0
1
2
1
0
0
0
0
0
0
1
1
1
1
2
1
1
0
2
1
1
1
0
0
0
0
1
0
1
1
2
0
1
1
1
1
2
2
0
1
3
0
0
1
0
0
1
0
1
1
2
0
0
0
1
0
1
1
0
1
0
1
3
0
1
1
0
0
0
1
0
0
1
0
2
1
1
0
0
1
0
0
0
1
0
0
0
1
2
0
1
0
0
1
1
0
0
0
0
0
0
1
0
2
0
1
0
0
1
1
0
2
0
0
0
2
0
0
0
1
0
0
1
1
0
1
0
0
0
0
0
0
0
0
0
0
0
0
0
0
0
0
1
1
0
0
1
1
0
0
0
3
1
1
0
0
1
2
1
0
0
0
1
0
0
0
1
1
0
1
2
0
2
0
0
0
0
1
0
0
0
1
0
0
0
0
0
1
0
1
2
1
0
1
0
0
1
1
1
1
1
1
0
0
1
0
1
0
1
1
2
1
0
2
0
0
1
0
1
0
0
2
0
0
0
0
0
1
0
0
0
0
0
1
0
0
0
0
0
1
0
1
1
0
1
0
0
1
0
0
0
1
1
0
0
0
0
0
0
0
1
1
1
0
0
0
0
0
0
1
0
0
1
2
0
2
0
0
1
0
1
0
0
0
0
1
0
0
1
0
1
0
2
1
0
0
1
1
1
2
0
0
0
0
1
0
0
0
0
1
1
0
2
1
1
1
0
0
1
1
0
0
0
0
0
0
0
1
0
1
0
0
0
1
1
0
0
0
0
0
0
0
1
2
0
0
0
0
0
0
0
0
0
0
0
0
0
0
0
0
0
0
1
0
1
0
0
0
0
0
0
1
0
0
0
0
0
0
0
0
0
0
0
2
0
0
1
0
0
0
0
0
0
1
0
0
1
0
0
0
0
0
0
