0
0
0
0
0
0
0
0
0
0
0
0
0
0
0
0
0
0
0
0
0
0
0
0
0
0
0
0
0
0
0
0
0
0
0
0
0
0
0
0
0
0
0
0
0
0
0
0
0
0
0
0
0
0
0
0
0
0
0
0
0
0
0
0
0
1
0
0
0
0
2
4
3
1
4
1
6
6
3
6
4
6
18
44
132
376
975
2187
4793
9625
17223
27889
40614
54670
66819
72407
72933
66494
54779
41287
28411
17014
9946
5100
2396
999
414
138
31
21
6
4
1
2
2
1
1
4
4
4
0
0
0
0
1
0
0
0
0
0
0
11
78
64
57
64
53
55
66
61
61
48
44
58
60
50
55
40
56
45
44
40
36
47
49
35
42
44
44
40
36
49
41
39
47
35
40
41
39
30
39
45
36
36
42
50
45
33
40
31
42
47
45
52
40
49
29
62
57
69
46
55
76
57
68
75
84
88
89
122
176
192
310
371
426
474
499
518
527
497
416
334
296
232
203
148
118
93
89
62
66
52
45
41
45
44
45
31
48
47
33
37
36
42
47
47
35
40
38
44
48
51
47
51
46
69
61
45
67
67
61
72
75
76
82
87
132
203
272
493
785
1304
2053
3136
4554
6172
8104
9553
11172
12410
12854
12766
11828
10366
8895
7043
5476
4049
2923
2148
1517
1217
889
594
486
441
402
393
551
753
1036
1329
1907
2386
3004
3363
3788
3945
4059
3786
3452
2913
2346
1964
1470
1148
877
632
462
408
356
321
265
240
195
171
126
95
76
53
40
29
27
19
12
16
9
12
11
6
17
10
12
17
13
10
13
4
5
17
9
10
11
8
9
12
9
13
11
13
11
13
11
5
12
16
14
13
7
14
18
19
39
13
21
33
37
40
24
24
29
27
34
21
24
22
14
30
20
23
18
25
23
23
27
13
26
16
26
12
20
27
16
17
17
14
19
8
15
4
10
16
11
12
6
5
12
14
8
5
5
6
15
9
5
7
7
9
6
7
5
7
7
6
8
8
11
5
7
9
8
6
6
6
10
10
6
8
8
9
11
11
12
11
9
12
10
9
3
9
9
8
7
6
12
6
8
10
11
7
6
11
9
18
12
15
18
7
13
11
8
19
10
10
10
9
8
12
6
7
9
5
10
7
12
11
6
8
9
5
8
14
10
3
12
6
10
11
6
7
3
6
5
9
8
5
7
12
8
4
8
5
11
7
7
5
5
9
8
11
5
9
9
9
14
8
5
6
5
9
4
6
5
5
4
4
12
9
6
10
9
8
8
14
8
9
11
4
9
5
9
14
4
5
9
14
3
9
6
9
6
8
5
4
10
7
4
7
3
5
7
12
6
9
14
8
7
10
9
8
8
8
12
16
7
12
11
9
4
6
9
5
12
14
14
12
7
6
10
9
7
11
13
8
12
5
8
11
11
10
9
14
13
10
10
7
5
9
12
15
10
8
9
12
14
10
15
6
16
12
19
14
7
13
10
9
14
7
19
15
15
18
10
19
15
17
20
18
20
16
14
19
23
27
23
32
28
24
24
28
27
37
20
26
38
42
28
34
37
16
27
44
43
41
25
28
35
38
31
28
28
36
19
34
22
25
26
30
32
26
30
23
22
19
22
22
22
12
20
11
17
22
20
15
18
16
20
15
17
24
23
20
27
19
15
19
23
14
25
25
30
14
26
15
19
31
20
31
26
24
25
27
28
31
30
32
26
25
18
31
32
22
39
37
24
28
29
39
37
28
19
23
40
32
29
37
34
40
36
37
36
29
36
33
39
34
33
31
30
31
38
36
40
42
34
45
42
41
33
36
43
45
47
43
31
35
41
41
50
43
46
41
42
61
45
40
40
44
45
41
47
50
66
47
52
56
58
55
59
58
75
49
68
62
51
60
68
53
60
67
61
77
64
61
66
72
77
97
66
70
77
64
88
78
82
92
98
93
111
107
125
107
103
108
111
112
139
119
107
115
106
101
106
102
75
75
76
95
58
92
81
94
84
81
89
88
78
73
97
68
82
86
69
69
58
96
81
81
63
76
87
81
67
74
80
83
74
80
95
79
61
81
77
61
69
80
69
64
85
77
53
85
73
76
74
88
87
79
59
82
58
65
62
72
64
63
75
60
72
81
92
73
70
68
82
64
90
93
61
70
73
70
64
72
90
82
71
67
64
85
80
74
77
85
69
89
78
89
73
62
77
62
84
76
92
78
85
93
84
94
76
81
86
88
77
99
104
81
87
92
96
75
78
91
94
103
106
84
84
88
92
88
100
88
110
95
101
114
93
112
95
117
124
115
143
154
203
190
255
289
378
477
590
856
1000
1283
1698
2075
2639
3228
3867
4684
5429
6180
7192
7756
8583
9137
9720
9957
9994
10315
9844
9406
8985
8130
7340
6582
5673
4941
4177
3477
2856
2353
1847
1391
1069
804
665
506
360
291
218
168
163
143
131
105
109
121
118
104
119
121
102
103
98
121
113
133
102
99
117
115
118
114
112
120
88
113
102
105
127
106
123
109
111
104
111
108
126
115
127
135
125
129
125
133
124
128
123
148
144
125
129
151
149
121
165
160
166
169
197
197
214
239
260
314
356
442
551
552
649
738
871
939
1055
1128
1238
1289
1433
1380
1427
1385
1443
1375
1296
1242
1108
1009
912
776
688
649
580
479
404
315
311
270
211
208
187
167
164
161
163
144
146
136
144
152
138
141
149
155
154
153
171
126
148
150
136
149
176
167
158
164
148
157
155
159
170
197
164
163
177
166
164
171
179
193
188
196
206
191
224
186
181
197
192
199
198
217
201
212
213
213
241
200
202
199
219
222
204
235
214
227
222
247
225
217
245
266
245
238
238
255
240
233
280
237
265
277
256
251
249
253
242
257
240
248
247
287
268
260
255
259
252
258
249
242
220
235
240
235
251
235
251
237
230
243
241
248
216
233
228
225
257
228
223
207
222
227
209
224
227
238
193
198
216
207
198
219
196
220
197
187
187
177
211
233
206
190
223
173
173
207
209
200
210
213
172
197
200
183
167
194
185
204
206
202
179
182
196
169
180
170
197
181
171
165
193
184
174
193
180
195
198
157
196
162
159
180
187
147
189
190
193
182
182
185
198
184
184
188
175
189
178
194
186
184
202
192
184
203
214
202
197
165
169
229
180
195
200
192
172
198
212
196
201
203
183
196
199
180
187
185
217
186
200
181
221
209
182
197
196
199
213
201
211
189
207
227
194
195
213
199
226
222
232
207
213
193
198
206
201
244
222
201
209
194
213
189
237
204
212
228
209
230
215
242
193
221
215
216
207
200
212
237
223
213
229
174
213
214
227
227
192
220
225
215
234
233
222
214
208
230
230
247
228
207
241
231
211
228
221
229
234
198
224
201
237
193
236
207
217
238
242
237
235
227
239
225
242
223
223
237
247
221
229
237
249
250
241
226
221
250
268
228
214
263
219
229
252
223
256
253
288
230
228
234
248
238
246
251
249
236
248
257
259
261
287
262
257
284
239
283
246
242
258
273
240
257
240
247
258
286
240
305
280
227
276
277
262
272
244
272
272
254
258
261
271
287
281
295
284
284
262
258
263
292
266
258
273
276
326
267
305
279
267
311
299
255
311
282
301
282
317
287
283
294
297
306
298
281
296
296
307
303
294
299
284
300
266
284
283
303
283
304
327
314
312
300
295
288
323
304
291
293
282
305
288
283
313
290
312
290
310
321
291
303
305
302
285
308
287
337
286
256
286
270
282
278
290
292
287
279
275
295
272
289
276
273
288
292
256
252
307
269
284
261
289
299
276
259
278
281
253
266
266
236
282
301
233
254
271
242
246
244
276
265
253
265
275
257
266
237
238
243
257
247
282
243
243
294
270
257
248
225
270
247
257
253
271
252
254
257
278
254
255
272
240
271
226
249
248
238
247
240
226
217
248
250
247
266
276
264
250
232
220
250
262
246
246
244
230
244
252
266
262
243
266
236
246
247
251
242
251
227
287
264
228
242
254
257
238
266
257
248
221
247
246
199
254
252
248
228
246
245
248
239
247
215
249
252
243
240
261
253
241
268
236
264
238
260
228
230
245
240
246
230
252
250
224
246
220
233
245
235
242
248
240
248
252
229
246
215
233
241
231
244
228
216
232
243
240
249
257
243
214
242
242
239
236
265
255
240
268
241
242
242
213
250
240
230
240
214
276
251
256
226
254
233
261
230
238
262
280
238
227
230
216
231
241
232
271
221
254
258
271
267
239
243
253
259
240
223
259
229
263
271
287
257
244
241
255
234
257
274
257
259
265
260
249
252
262
256
253
253
277
278
294
278
256
283
263
266
298
233
285
274
254
288
269
289
309
270
285
306
262
293
287
291
291
271
314
286
297
323
306
275
319
342
317
317
291
284
348
345
319
331
345
331
302
328
354
358
361
380
358
338
366
377
360
367
368
346
383
389
368
402
431
428
415
394
430
424
415
422
390
499
485
462
470
478
500
530
568
524
566
580
587
564
617
610
626
623
656
660
720
707
766
757
789
817
829
863
912
878
970
979
995
990
1031
1046
1060
1149
1170
1146
1182
1298
1297
1236
1285
1312
1335
1417
1402
1383
1375
1368
1456
1429
1441
1431
1368
1465
1453
1386
1412
1424
1490
1346
1417
1404
1402
1352
1324
1287
1268
1325
1233
1151
1140
1166
1139
1101
1081
1010
959
954
928
905
834
842
776
775
770
710
691
705
677
572
595
631
557
572
535
529
502
465
458
436
441
449
430
395
399
386
365
371
373
338
357
362
305
327
332
297
310
308
320
300
286
276
312
301
257
283
293
257
250
271
265
262
277
257
225
223
249
253
224
237
223
219
216
236
242
230
210
222
203
239
219
228
228
230
227
260
254
234
265
315
310
249
295
311
333
345
360
377
410
400
362
372
423
380
393
437
415
429
453
434
430
461
435
418
414
405
381
376
343
332
347
325
321
319
262
273
249
214
239
221
202
197
159
185
189
143
160
162
169
155
163
148
161
157
166
135
147
130
156
148
155
135
150
158
163
150
164
177
179
150
172
181
153
168
174
167
153
158
190
182
179
185
203
214
204
210
211
209
201
195
190
206
218
194
214
223
200
238
264
252
257
251
255
234
228
253
252
257
234
264
261
253
235
275
237
228
263
265
268
252
241
255
246
236
254
236
231
256
263
226
224
222
235
215
234
187
198
193
202
193
213
188
176
214
168
177
165
172
185
155
142
159
173
171
144
165
162
136
142
132
120
129
132
147
145
124
133
114
136
115
124
114
117
115
110
106
104
109
96
80
104
94
89
99
91
92
86
88
90
75
89
76
70
75
79
75
81
85
64
66
78
70
61
89
82
70
74
68
63
66
59
75
81
71
60
75
69
60
73
79
76
67
65
62
63
62
57
52
65
57
65
48
58
59
48
45
52
67
54
52
55
61
49
61
49
52
57
55
58
44
64
51
45
54
66
78
56
45
57
59
68
55
62
64
72
65
76
65
69
72
72
82
68
92
85
73
78
82
71
65
63
83
60
51
65
56
42
58
54
46
51
44
57
49
59
44
52
54
42
44
43
37
51
51
43
47
54
46
40
43
45
58
39
33
48
39
39
39
48
47
32
50
50
44
48
49
40
38
44
37
48
37
49
40
37
40
30
40
42
38
38
34
38
30
39
38
41
33
31
40
26
26
31
39
24
38
40
34
39
24
29
24
27
29
33
36
28
32
37
36
36
21
30
30
24
24
25
32
30
43
33
24
34
25
29
24
37
18
34
30
29
29
32
29
30
21
34
25
27
33
36
34
30
30
35
26
31
33
32
34
26
25
35
27
28
33
29
29
26
30
22
29
28
23
24
24
26
27
25
26
30
39
27
28
24
29
25
22
34
29
24
27
31
30
31
31
32
30
29
29
21
17
21
25
35
27
24
22
25
27
24
25
28
27
22
21
24
23
28
35
27
37
31
18
21
19
18
21
27
31
20
23
24
17
27
26
29
29
17
25
28
22
25
21
21
29
18
30
24
27
24
26
29
19
30
23
12
22
21
12
30
32
26
17
28
24
22
26
18
19
16
18
18
19
20
14
13
20
16
27
20
17
16
26
25
33
12
17
20
23
19
18
15
21
24
26
24
27
25
16
20
20
15
23
19
21
21
15
16
22
19
22
21
20
30
22
23
13
14
15
18
10
19
21
18
10
16
19
27
19
18
16
12
25
18
19
21
14
14
17
13
29
18
12
18
19
8
21
14
14
20
19
26
15
18
16
25
22
21
17
20
12
16
15
11
17
22
18
18
13
16
14
22
20
21
18
12
17
14
15
18
20
9
12
23
15
5
11
16
14
18
11
12
9
19
13
10
7
13
9
19
22
13
20
12
10
12
22
14
16
18
18
15
14
15
11
9
25
20
18
11
15
20
9
17
19
16
15
10
15
8
15
14
15
8
15
12
16
11
18
10
15
16
9
9
16
8
5
16
7
17
13
12
13
12
14
7
9
11
18
9
15
12
8
10
10
17
12
8
17
12
14
11
15
12
16
10
14
10
13
6
14
16
7
7
13
13
12
10
13
12
11
11
11
9
15
14
13
9
10
8
9
9
12
10
14
12
9
8
7
8
10
11
12
14
15
11
5
13
8
16
14
14
12
15
12
13
14
16
9
8
12
11
8
10
11
14
7
18
16
14
8
9
13
10
10
7
13
9
9
12
6
12
13
7
7
10
11
15
7
14
12
13
12
6
13
14
14
10
17
15
5
8
12
13
14
9
17
9
10
9
9
11
9
7
11
5
11
9
6
8
11
9
6
8
17
7
10
14
6
10
7
10
6
8
6
12
6
11
8
4
14
6
7
9
10
4
14
10
8
9
8
14
10
6
7
11
11
7
7
9
11
10
6
5
7
8
12
4
9
7
10
8
2
4
11
9
8
6
5
9
6
11
8
7
9
3
8
9
12
5
6
5
4
5
8
11
9
10
9
8
8
8
7
10
7
7
11
8
8
10
6
4
5
9
5
4
9
2
5
8
4
8
13
11
10
6
4
4
6
5
10
7
7
4
10
4
5
3
4
2
6
5
1
9
5
5
10
5
7
4
5
3
7
3
7
6
6
6
3
4
5
7
4
4
2
4
7
6
6
7
4
7
5
6
5
10
5
7
6
10
3
8
5
7
4
5
3
3
4
3
7
3
3
8
2
4
5
5
8
3
6
5
9
5
8
5
5
4
3
5
5
3
6
0
6
3
4
7
3
0
4
5
7
5
3
4
4
6
8
5
9
10
1
6
8
5
3
4
5
5
3
0
7
7
6
5
5
2
4
7
5
4
5
3
7
9
7
3
7
3
2
3
5
6
4
4
3
1
3
2
5
1
5
6
3
1
8
5
6
2
4
8
3
2
3
3
2
4
6
5
9
2
3
4
3
5
6
3
3
3
4
2
3
4
1
6
4
7
10
3
4
3
5
3
4
4
2
4
1
3
5
1
5
4
7
4
2
1
3
4
4
4
3
2
2
1
1
4
1
5
3
1
1
7
3
1
2
3
2
1
2
4
4
1
1
2
2
2
3
4
6
2
3
6
5
4
3
1
3
3
1
1
4
1
1
2
6
3
6
4
4
4
0
1
2
1
1
2
5
5
4
0
2
3
1
3
3
1
3
2
3
3
3
2
3
5
2
2
1
1
3
5
3
1
1
5
1
4
3
5
4
1
3
3
1
4
5
3
3
1
4
4
5
2
5
0
5
3
1
1
6
2
3
2
1
4
2
0
5
2
3
4
1
1
1
2
1
3
0
5
3
1
0
3
0
2
2
3
0
2
1
2
2
3
1
2
4
2
4
1
3
1
2
2
0
2
4
3
0
5
0
3
3
2
3
3
2
1
1
2
1
1
0
0
2
1
3
1
0
1
2
1
1
4
1
2
3
3
2
3
3
3
5
0
1
0
2
3
0
5
1
1
2
0
1
1
3
1
4
3
2
1
1
3
1
3
0
0
1
1
0
0
2
0
2
0
2
1
0
4
0
1
1
1
2
3
2
4
1
0
0
1
0
1
2
2
2
3
1
2
2
0
4
0
3
1
3
2
1
2
2
3
2
0
0
4
2
1
2
5
1
0
2
0
2
2
2
3
0
2
1
0
0
0
1
0
4
0
1
1
1
1
1
0
1
1
1
1
1
0
0
4
0
0
0
0
1
0
0
1
3
1
2
2
1
0
4
1
1
1
1
0
0
2
1
0
2
2
1
0
0
3
2
0
2
2
0
0
0
2
0
1
4
1
2
2
1
1
1
0
0
0
2
0
1
1
1
1
2
2
1
3
0
1
0
3
0
1
0
0
0
0
0
0
1
2
0
0
1
2
0
0
1
0
0
0
0
1
2
1
0
0
0
1
0
1
0
0
0
0
0
2
0
1
2
1
1
2
1
2
1
3
1
1
1
0
0
0
0
1
3
1
1
1
2
1
3
2
1
0
1
1
0
0
1
1
2
0
2
0
0
1
0
0
1
2
2
1
2
3
0
2
2
1
1
1
0
1
0
1
1
1
0
2
1
0
0
0
0
1
1
0
1
2
0
0
1
0
2
1
2
1
1
1
1
0
0
1
2
0
0
1
1
0
1
0
0
1
0
0
0
0
1
0
0
0
1
1
0
0
0
2
1
2
4
0
1
3
0
1
0
0
0
0
0
1
0
1
1
0
0
0
0
0
1
1
1
0
0
0
1
1
1
2
1
0
0
1
0
2
2
0
1
0
2
0
0
1
2
2
1
0
2
0
0
2
1
0
0
0
0
0
0
0
0
0
1
0
0
0
0
2
0
1
0
0
0
1
0
0
0
1
0
1
0
0
0
0
0
0
2
2
1
0
0
1
0
0
0
1
1
0
1
3
0
0
1
2
0
0
0
0
0
1
0
1
0
0
0
0
2
0
0
1
0
0
1
0
0
1
1
4
3
0
0
1
0
1
1
0
0
2
1
0
0
0
1
0
0
0
0
1
0
2
0
0
1
1
0
0
0
0
1
0
1
0
0
0
0
1
0
0
0
3
1
1
1
0
1
0
0
0
2
0
0
0
0
0
0
2
0
2
0
0
2
0
1
0
0
0
1
2
0
1
0
0
1
1
1
0
0
0
0
0
0
0
0
1
0
0
0
1
0
1
1
0
0
0
1
0
1
0
2
0
0
0
2
0
0
0
0
0
0
0
0
2
0
0
0
0
0
0
3
0
0
0
0
0
1
0
0
0
0
1
0
0
0
0
1
3
0
0
0
0
1
1
0
0
0
0
0
0
0
0
0
0
0
0
0
1
0
0
0
0
1
0
1
1
0
0
1
0
0
0
0
1
0
0
0
0
1
0
0
0
0
0
1
0
0
0
0
0
0
0
1
0
0
1
1
0
0
0
0
0
0
0
0
0
0
1
1
