0
0
0
0
0
0
0
0
0
0
0
0
0
0
0
0
0
0
0
0
0
0
0
0
0
0
0
0
0
0
0
0
0
0
0
0
0
0
0
0
0
0
0
0
0
0
0
0
0
0
0
0
0
0
0
0
0
0
0
0
0
0
0
0
0
0
0
3
1
0
2
3
1
4
3
3
2
3
3
7
3
4
14
42
122
333
939
2262
4885
9488
17277
27558
40701
54640
66149
73099
73060
66506
55417
40833
27938
17372
10003
5027
2410
965
355
142
36
24
7
5
2
2
2
5
0
2
3
2
1
3
1
0
1
1
0
0
0
1
0
9
81
68
52
53
53
64
52
49
41
69
57
64
45
55
59
45
43
45
47
39
33
46
46
35
43
48
57
50
57
46
42
52
31
36
46
70
47
43
38
57
53
43
38
41
37
43
40
44
48
33
39
50
39
49
46
53
43
57
54
64
67
66
69
83
65
76
104
104
174
233
280
334
385
466
460
515
537
472
394
349
302
224
173
132
105
90
76
60
53
49
53
44
53
41
24
39
45
34
39
46
43
48
36
43
48
29
44
63
50
57
53
43
57
50
72
65
55
62
72
79
63
98
83
113
116
188
274
462
783
1312
2020
3099
4497
6198
7916
9644
11198
12271
12820
12763
11741
10475
8940
7257
5313
4204
2958
2194
1496
1097
816
637
541
430
417
448
527
722
1043
1417
1853
2382
2991
3443
3771
3910
3948
3726
3404
2951
2496
1907
1546
1095
797
598
489
391
351
294
269
211
214
136
115
86
70
58
36
30
21
12
14
18
13
11
14
16
15
8
7
9
9
17
7
11
11
10
11
9
13
13
13
10
10
14
12
7
11
11
12
15
13
12
8
10
18
14
22
29
34
33
23
29
28
25
19
22
29
25
19
15
26
22
26
10
28
21
22
30
22
17
26
22
24
19
20
29
24
22
18
14
23
17
16
16
21
17
14
7
7
9
5
13
6
4
10
8
6
6
2
5
4
5
8
8
14
10
7
7
7
6
4
7
4
7
8
7
7
8
8
7
10
9
14
6
4
8
12
16
7
9
5
10
11
8
9
13
11
10
8
4
9
12
10
9
7
9
10
11
14
15
12
10
14
9
13
11
12
9
17
15
8
13
11
9
12
12
7
7
5
10
8
10
14
8
5
11
11
5
7
9
8
7
3
9
7
5
9
9
10
5
6
7
7
4
6
5
7
14
6
7
6
10
8
9
7
9
11
12
6
9
6
7
6
5
4
5
6
6
10
6
8
8
6
9
6
9
13
2
4
10
14
8
6
11
10
7
12
5
10
9
5
10
10
8
7
6
13
9
11
6
8
5
9
5
7
4
10
9
7
5
12
7
12
8
10
6
7
7
7
5
8
12
10
13
15
8
11
8
6
8
11
9
15
14
10
10
12
7
7
5
10
9
6
9
14
17
9
11
5
7
11
10
6
8
13
9
7
8
12
13
10
11
13
7
9
12
8
15
5
10
14
16
8
11
12
19
11
14
19
14
9
15
14
14
22
17
20
20
17
21
29
27
31
30
33
29
22
32
32
26
25
39
19
28
21
29
37
34
26
42
32
28
34
31
24
23
26
23
31
25
34
28
18
23
31
22
21
25
20
25
17
22
32
18
26
21
21
17
24
25
18
29
24
23
24
22
17
20
27
20
23
22
23
27
21
24
15
32
21
22
20
25
32
23
26
34
27
19
20
17
18
30
26
35
30
27
20
26
27
22
19
26
27
32
25
31
34
27
26
32
25
24
23
19
21
38
32
36
32
24
27
32
28
36
29
33
40
46
37
37
39
35
31
37
42
36
44
42
47
35
34
43
38
34
47
47
41
44
39
49
48
43
56
46
60
53
53
44
48
67
52
51
63
57
52
47
58
57
59
51
58
60
67
59
38
77
59
52
59
64
62
65
55
68
74
79
79
69
84
93
97
81
87
91
102
101
109
109
135
118
118
105
98
106
108
97
97
98
81
95
95
93
88
87
81
91
82
70
82
93
77
83
69
75
64
89
82
83
69
68
70
77
82
81
73
58
70
67
75
73
71
82
81
69
78
79
59
76
76
73
78
77
70
64
73
68
59
76
81
78
72
70
57
75
66
80
76
73
73
81
72
78
75
92
80
83
80
66
85
81
87
85
70
81
67
92
85
78
62
70
82
78
85
74
87
91
75
81
74
81
71
87
80
89
68
83
88
83
91
90
86
65
85
87
90
87
75
95
71
91
97
93
96
89
68
69
77
81
71
99
86
76
103
79
95
81
88
84
112
108
101
105
102
92
106
99
113
85
128
131
129
146
172
216
245
311
368
482
561
807
1032
1314
1701
2037
2615
3204
3913
4668
5397
6178
7051
7860
8569
9048
9740
9915
10263
10021
9831
9417
8787
8129
7473
6387
5844
4811
4239
3414
2809
2326
1786
1459
1061
868
617
475
358
286
242
193
157
142
154
145
124
111
108
108
120
117
125
119
119
94
112
110
116
113
112
126
101
89
118
131
99
103
108
108
126
119
95
120
107
117
130
125
140
131
126
116
135
126
114
125
115
117
107
139
131
127
146
151
131
149
155
167
172
181
166
210
231
257
284
288
392
384
511
560
666
754
871
953
1071
1100
1263
1310
1394
1375
1427
1437
1350
1364
1259
1162
1100
962
881
759
752
621
550
477
400
362
296
284
234
210
194
196
175
149
150
133
138
148
152
143
150
144
156
143
168
144
159
152
134
155
165
177
144
154
124
160
172
187
141
164
167
174
180
176
182
154
152
193
173
176
187
188
173
181
166
188
182
217
209
205
195
219
204
215
218
214
199
190
206
221
225
196
207
211
217
199
225
227
218
234
230
234
233
244
230
229
242
239
241
267
228
264
242
240
254
240
274
282
269
236
255
282
260
263
241
227
254
275
241
247
256
225
242
263
232
234
219
218
216
249
245
225
191
237
242
239
218
220
231
198
221
210
203
228
215
200
220
212
174
192
202
195
187
207
225
200
187
181
185
189
181
196
195
198
201
209
178
192
202
197
204
176
213
173
207
180
180
196
171
190
178
159
207
216
186
176
178
176
185
166
204
196
167
166
197
198
200
158
197
194
163
181
213
181
194
170
199
188
178
194
163
194
182
180
180
170
218
179
204
212
190
178
201
189
185
203
195
212
213
184
188
202
179
169
197
182
212
212
185
184
208
183
203
193
201
206
164
199
194
182
184
213
192
214
207
185
201
222
209
201
205
209
210
191
225
203
228
199
203
182
219
227
205
205
195
200
237
209
181
193
204
196
207
219
203
228
200
242
210
208
203
239
243
217
218
209
197
212
211
217
226
218
240
212
236
201
226
216
237
246
259
231
244
236
197
219
220
200
234
239
208
213
236
207
225
240
247
239
246
214
207
207
224
258
220
234
233
222
252
243
247
220
228
253
231
205
225
239
249
217
231
216
226
255
257
232
219
218
250
260
223
242
244
251
230
246
225
258
262
244
246
263
243
243
254
238
237
275
262
260
266
256
235
271
244
243
221
260
270
240
251
248
246
245
267
272
282
283
237
257
258
242
275
238
266
275
274
275
305
287
241
308
292
279
246
275
289
252
273
266
282
304
281
303
296
247
286
279
265
269
273
283
289
282
273
313
279
280
298
308
290
278
294
272
290
306
308
302
292
298
286
302
287
303
314
301
306
313
297
305
289
333
303
276
308
288
275
314
307
286
292
310
298
272
309
314
300
362
300
326
285
297
295
257
302
328
262
302
284
302
302
285
293
285
280
292
307
294
282
281
273
287
272
302
277
274
278
278
254
250
283
258
274
294
260
280
287
279
265
275
255
279
269
222
254
269
259
258
266
227
257
313
248
264
263
260
229
244
251
290
251
253
249
279
265
274
240
246
247
264
259
259
251
263
260
226
241
277
248
258
239
221
232
245
233
251
278
231
241
222
267
227
256
247
269
261
275
255
249
261
241
265
244
247
255
272
241
241
263
225
248
248
254
242
259
237
227
250
247
259
223
256
243
256
257
245
246
252
263
236
276
278
255
264
257
250
222
258
248
234
248
231
274
259
268
253
247
242
229
248
219
279
248
241
240
236
232
259
215
219
253
237
242
234
237
255
253
211
248
246
249
263
237
259
248
231
238
235
276
235
238
262
237
235
240
240
214
257
238
253
244
260
254
256
246
223
232
229
255
210
248
246
249
253
228
219
215
235
211
259
241
270
242
259
251
273
237
224
220
247
254
239
226
256
252
252
228
274
240
233
212
250
223
241
243
228
257
241
247
247
227
262
255
249
254
250
268
252
266
252
261
285
271
263
269
258
265
279
250
267
262
241
264
282
256
263
283
299
285
256
320
281
287
292
295
269
255
277
302
287
306
265
296
299
295
291
328
306
317
292
327
322
349
290
313
301
298
310
299
349
327
322
345
372
330
327
345
336
352
380
362
383
379
367
390
372
343
408
387
376
387
395
400
432
447
417
458
459
459
436
462
470
490
496
505
566
536
536
527
531
591
600
626
683
605
655
625
678
748
761
772
741
818
786
774
855
919
880
892
1033
1031
1027
1068
1103
1096
1159
1162
1150
1284
1240
1240
1261
1359
1345
1323
1423
1376
1403
1443
1410
1404
1512
1433
1504
1443
1503
1417
1423
1417
1419
1447
1400
1382
1336
1375
1420
1334
1311
1236
1211
1259
1233
1165
1115
1098
1086
1077
1039
964
972
959
921
855
869
825
779
746
749
705
673
634
653
580
591
565
555
501
484
507
518
492
455
436
427
442
393
446
402
395
354
340
397
378
329
383
334
360
338
318
322
306
310
297
297
267
298
271
268
296
257
286
274
303
225
262
261
262
250
239
238
242
224
230
227
240
238
205
235
230
225
233
228
228
225
198
246
236
237
259
231
260
271
281
306
315
324
312
313
324
354
382
377
425
396
379
417
420
479
436
486
474
442
466
440
406
443
397
432
376
385
386
369
308
339
291
313
269
273
224
257
232
216
194
184
191
156
167
161
157
136
173
168
126
160
151
162
158
129
157
135
174
152
154
150
154
137
161
136
157
161
160
162
136
147
183
163
168
182
177
195
181
191
173
195
202
175
173
192
219
205
202
186
207
201
240
238
230
216
229
208
242
230
263
229
258
239
223
236
223
251
240
241
260
276
247
279
257
260
271
231
249
261
253
257
279
217
257
234
259
237
232
228
236
211
214
211
201
213
235
218
201
201
215
197
187
179
181
183
194
201
169
147
167
146
172
141
156
147
150
152
122
127
131
127
165
134
115
125
120
118
104
117
118
104
120
100
101
110
103
113
86
78
89
88
90
96
88
88
83
65
98
80
96
75
83
79
77
79
85
83
89
89
72
71
80
76
82
63
86
64
72
68
72
75
71
72
74
54
73
73
64
67
68
51
66
46
56
64
65
62
42
62
52
65
52
57
51
64
56
60
43
41
56
56
54
60
47
49
44
60
65
51
57
57
66
65
60
57
70
55
59
64
67
47
72
54
76
60
94
72
73
104
65
92
83
81
89
79
66
78
81
73
59
56
74
57
56
63
57
62
60
63
53
52
49
50
49
32
48
38
55
46
46
28
46
43
39
37
30
47
27
43
44
36
43
54
36
39
50
36
41
50
55
40
45
42
44
37
41
44
44
39
40
37
39
49
42
31
34
35
32
38
39
30
33
32
28
36
26
31
32
36
30
37
24
31
47
39
33
30
35
27
29
30
24
28
33
35
36
28
34
38
26
30
38
32
33
32
28
28
30
29
33
38
34
27
25
31
34
37
27
31
35
32
45
33
28
25
29
35
27
24
30
31
28
31
38
27
30
39
25
31
30
29
32
29
27
31
30
30
46
26
24
23
19
36
29
22
24
32
25
36
29
26
30
31
27
20
22
26
28
24
32
31
23
25
25
18
20
29
20
29
27
21
34
25
27
29
26
27
38
21
28
29
41
30
29
23
26
19
25
34
37
28
32
24
17
25
23
16
28
31
19
28
24
27
39
28
22
16
27
17
26
20
27
18
21
21
18
23
25
17
27
20
21
22
19
21
24
30
23
30
17
19
20
23
29
22
23
17
22
26
25
20
18
23
25
20
18
22
22
16
25
23
30
22
26
20
15
26
30
29
22
23
24
22
18
21
19
14
23
22
20
21
15
18
17
22
27
16
25
21
20
31
18
24
18
21
17
17
14
18
22
25
23
19
22
25
21
20
19
11
10
28
25
19
15
21
21
13
22
12
26
26
15
21
25
16
22
20
14
17
22
16
9
12
20
18
21
17
13
14
19
20
13
19
15
15
24
17
9
20
16
8
11
14
15
13
22
13
20
16
18
13
15
14
9
8
16
22
15
12
16
23
23
22
21
23
18
21
23
11
13
8
10
13
13
10
14
18
14
15
12
22
15
15
23
12
21
20
21
24
10
15
15
9
12
14
20
22
8
10
18
11
13
14
13
14
12
16
10
13
9
18
15
12
11
9
10
19
7
21
13
13
13
15
12
10
18
13
11
8
8
15
15
12
15
18
6
17
23
7
11
12
17
13
7
17
11
6
13
11
4
9
8
7
16
10
12
14
18
13
16
14
14
9
13
15
14
12
9
13
12
18
7
10
10
17
8
15
15
6
11
7
9
12
9
10
8
9
14
13
16
13
7
12
12
12
12
11
5
9
13
11
11
13
7
8
9
9
10
17
8
8
6
11
9
16
10
10
9
8
11
8
15
5
8
6
9
10
15
12
6
14
8
11
10
7
7
6
4
7
8
10
13
12
11
9
11
12
12
7
8
10
8
11
15
7
10
8
10
8
12
8
8
13
5
9
11
7
11
10
7
16
12
11
8
3
5
11
11
12
8
12
13
8
5
9
11
12
8
11
5
11
10
8
8
10
8
7
12
5
9
7
6
8
13
7
10
8
5
9
6
10
5
7
11
7
6
7
11
4
8
14
6
11
6
1
4
9
8
3
6
7
8
4
3
6
5
4
7
8
9
10
9
7
14
6
5
8
5
4
12
5
5
5
10
3
5
11
3
10
7
5
7
7
10
4
5
9
7
10
9
5
6
9
6
10
1
6
7
4
6
6
7
7
8
6
7
10
10
4
9
5
4
9
8
9
4
5
3
10
9
7
6
2
0
6
8
14
6
4
6
4
6
8
1
8
6
4
4
5
7
5
3
5
6
5
3
5
5
6
4
6
3
5
6
9
8
6
2
5
5
5
6
2
3
5
7
8
10
3
4
8
5
7
1
10
8
4
2
7
7
7
3
4
3
7
5
4
4
7
3
3
3
4
6
3
4
6
2
3
5
6
4
6
9
3
9
4
2
4
6
7
6
6
5
6
4
1
6
6
4
4
6
2
6
3
3
5
5
3
1
5
6
6
3
3
1
4
2
5
4
1
4
5
3
2
2
2
5
4
4
5
2
2
4
10
7
4
5
0
5
4
0
4
6
3
2
1
4
4
6
4
2
7
5
3
3
1
6
3
4
0
5
3
4
4
1
3
1
2
1
3
1
3
2
3
6
6
2
5
1
3
1
5
4
3
4
1
2
7
5
2
3
1
3
3
0
1
3
3
5
4
5
6
5
7
4
5
1
4
2
3
4
4
1
5
8
4
6
3
1
1
2
1
5
2
2
2
3
1
3
2
1
1
3
3
3
1
6
4
0
4
0
4
3
0
1
4
0
2
6
3
2
1
4
1
2
1
4
2
3
2
5
3
0
1
2
2
1
1
3
1
2
3
4
4
3
4
0
2
1
2
4
0
4
3
1
4
3
1
2
3
2
2
2
2
1
3
1
2
4
3
7
3
1
4
1
2
2
3
4
4
1
2
2
4
1
5
2
1
0
0
1
1
1
0
3
1
3
1
2
1
1
1
2
2
0
1
1
1
0
3
1
0
1
1
2
3
1
1
2
2
5
3
2
4
1
1
1
3
2
1
5
1
1
0
3
1
3
2
3
1
2
0
0
2
1
1
0
0
1
2
1
3
2
3
2
2
1
2
1
1
5
2
1
2
3
2
1
2
3
1
1
1
3
0
2
1
4
0
0
2
1
2
1
1
2
2
2
0
1
1
1
3
2
0
1
0
2
1
3
3
2
1
0
1
2
0
2
2
1
2
2
2
3
0
1
0
0
0
0
0
0
1
1
3
0
1
1
1
0
1
2
0
2
2
1
1
1
2
1
2
0
2
2
2
2
0
2
1
1
0
0
0
2
0
2
0
3
1
2
1
1
2
1
3
1
2
1
1
1
1
1
1
1
0
0
0
0
2
1
0
1
2
1
1
1
0
1
0
0
0
3
0
2
1
0
2
0
3
0
1
0
1
2
3
3
2
1
0
2
3
3
1
0
1
1
1
1
0
2
0
1
1
3
1
1
1
0
1
2
0
1
1
1
1
2
0
1
2
1
2
3
0
1
0
1
1
2
0
1
1
0
0
0
0
0
1
0
0
1
0
0
1
0
0
1
0
0
0
3
2
0
0
0
1
0
0
0
0
0
3
1
0
2
1
2
1
1
1
0
2
0
1
1
1
2
0
2
0
0
0
0
0
0
0
1
0
0
0
2
2
1
0
0
2
0
0
1
1
1
1
1
0
2
1
2
0
0
1
0
3
1
2
1
0
0
0
0
1
0
0
1
1
0
0
0
1
1
1
0
0
1
0
0
0
0
0
1
0
0
0
1
1
0
0
1
1
0
0
1
2
1
0
0
0
0
0
0
2
0
0
1
1
2
0
2
0
2
1
5
1
0
2
0
1
2
0
1
0
1
0
0
0
1
0
1
0
1
0
0
0
2
1
0
0
0
0
0
2
1
0
1
1
0
3
1
2
1
1
1
1
0
0
0
0
1
0
0
1
1
0
1
1
2
1
0
1
1
3
1
0
1
0
1
2
0
1
2
0
0
0
0
0
0
0
1
0
0
0
0
0
0
0
0
1
1
0
2
0
0
0
1
0
2
0
0
0
0
2
0
0
1
1
0
0
2
1
0
0
2
2
0
0
1
2
1
0
0
0
1
2
0
1
0
0
0
0
1
1
2
0
0
1
0
0
0
0
0
0
3
1
0
0
0
0
0
1
0
0
0
0
0
1
0
1
0
0
0
0
0
0
0
0
0
1
0
1
0
1
0
1
0
1
0
0
0
0
0
0
0
0
0
0
0
1
0
0
0
0
1
0
0
1
0
1
0
0
0
1
0
0
0
0
1
0
1
0
1
0
0
2
0
0
0
1
1
1
1
0
1
1
0
0
1
0
0
0
1
0
0
1
0
1
0
0
1
0
0
0
0
0
0
0
0
1
1
0
0
0
1
0
0
1
0
0
1
0
1
0
0
0
0
1
0
0
0
0
0
0
1
0
0
0
0
0
0
0
0
1
0
0
0
1
0
0
0
0
0
0
0
0
1
0
1
1
0
0
0
0
0
0
