0
0
0
0
0
0
0
0
0
0
0
0
0
0
0
0
0
0
0
0
0
0
0
0
0
0
0
0
0
0
0
0
0
0
0
0
0
0
0
0
0
0
0
0
0
0
0
0
0
0
0
0
0
0
0
0
0
0
0
0
0
0
0
0
0
0
2
3
3
5
3
7
2
4
3
3
3
3
6
7
1
8
17
48
135
339
941
2261
4739
9412
17002
27530
40302
54524
66129
73178
73144
66935
55040
41386
28485
17641
9829
5000
2312
1014
412
136
65
19
5
7
0
1
0
2
0
2
2
3
3
2
2
1
1
1
0
0
1
1
1
6
70
55
45
57
68
63
52
60
56
47
52
52
54
65
45
47
54
50
58
56
60
43
62
38
40
48
54
47
42
40
47
37
46
44
47
37
35
37
37
39
40
49
50
47
54
48
54
42
40
37
46
39
48
49
47
65
63
65
70
68
50
83
75
75
84
83
127
130
161
252
328
344
422
462
515
568
538
493
406
327
313
211
208
142
107
92
83
71
63
61
46
53
44
54
57
46
52
41
42
38
38
36
36
45
48
39
52
47
52
37
53
51
59
49
63
64
74
58
86
83
84
112
123
130
161
240
361
529
934
1430
2218
3184
4716
6300
8212
9957
11695
12839
13307
13259
12339
11026
9268
7478
5810
4280
3095
2448
1670
1246
999
771
656
621
594
637
743
943
1220
1608
2045
2453
2935
3428
3815
3914
3906
3731
3375
2951
2388
1933
1497
1113
851
599
477
392
357
298
255
217
201
154
131
72
75
34
35
26
22
21
9
9
11
11
8
9
10
6
12
11
15
13
13
8
11
9
10
5
13
8
14
19
8
6
8
10
14
10
14
10
14
18
25
14
21
19
19
19
24
22
39
25
33
27
27
23
27
21
25
23
17
24
18
25
20
21
20
20
27
18
23
20
24
22
17
24
23
22
22
15
20
24
14
25
18
12
16
15
6
11
9
7
14
10
12
8
10
10
5
10
6
10
10
8
4
6
11
9
4
4
9
8
10
6
10
5
10
6
5
7
5
7
2
14
9
10
13
10
10
10
10
10
11
13
14
8
8
12
8
8
7
7
7
15
6
10
9
11
10
15
12
14
14
13
16
9
12
10
11
13
10
13
7
6
6
4
12
6
4
13
8
7
6
5
5
12
7
7
6
10
8
7
13
7
4
10
9
8
11
5
6
7
4
10
9
8
10
7
8
6
10
12
9
8
6
9
10
7
6
4
10
6
4
7
12
7
7
7
12
13
6
8
5
4
6
10
6
7
9
6
8
7
8
12
12
8
5
10
6
9
8
10
10
6
7
11
9
3
14
8
11
12
4
7
6
10
11
9
8
7
7
9
7
10
6
11
9
10
10
5
12
8
19
10
3
13
6
9
9
9
7
7
11
9
8
7
6
12
7
13
12
9
8
9
12
10
12
12
14
12
7
10
17
12
20
12
11
7
10
13
11
16
12
7
14
12
21
11
5
19
16
16
16
15
11
15
13
9
12
10
17
12
20
15
12
15
12
22
19
21
23
25
15
18
24
20
21
23
25
31
32
32
33
43
31
31
26
34
34
27
31
38
20
25
36
25
33
24
24
37
27
18
34
27
26
26
22
28
20
25
19
21
14
20
20
23
8
22
24
18
23
22
26
15
15
17
31
31
22
17
19
23
13
24
23
38
18
16
20
28
25
32
26
32
16
20
30
25
23
25
35
30
20
20
31
34
26
33
31
25
27
27
25
28
23
28
37
24
29
21
20
31
38
35
26
32
32
26
31
28
37
32
29
29
36
31
36
36
33
47
42
37
37
46
36
39
34
41
46
46
39
49
46
50
55
48
48
45
44
43
48
58
43
48
37
60
47
49
70
54
58
56
56
51
58
68
67
57
56
60
61
59
68
74
59
84
70
81
75
83
80
79
87
97
106
112
122
123
131
136
133
147
162
189
158
171
174
183
148
186
190
182
169
199
139
111
146
138
99
111
120
100
95
93
78
80
96
91
81
71
73
96
79
85
96
68
60
77
89
86
79
75
82
76
94
90
90
90
87
85
78
80
82
70
88
68
78
77
80
79
81
82
94
74
88
77
64
88
77
77
77
74
83
62
71
62
62
67
71
77
68
67
80
63
86
91
83
77
55
72
77
85
82
72
71
74
97
70
82
82
87
76
68
74
69
80
60
66
75
75
71
79
79
79
81
82
67
94
85
66
87
78
77
83
94
84
92
98
90
98
83
88
92
81
104
87
108
86
87
89
84
105
79
107
110
96
117
100
104
94
101
102
115
124
103
126
130
113
131
112
134
150
177
192
230
277
368
412
572
733
935
1237
1545
1985
2451
3101
3817
4410
5389
6214
6904
7862
8730
9317
9783
10304
10621
10494
10237
9887
9388
8701
7862
6992
6132
5204
4466
3662
2994
2364
1871
1489
1177
871
679
498
388
310
276
210
159
139
138
151
125
107
132
129
115
114
115
120
122
122
117
130
126
124
116
128
129
121
132
117
127
110
114
121
119
124
123
131
113
117
128
126
125
120
124
105
131
137
116
125
151
136
145
140
131
130
157
162
151
154
147
169
175
169
214
213
237
234
266
326
377
416
478
525
661
750
889
943
1089
1151
1254
1349
1463
1502
1392
1528
1491
1364
1332
1259
1133
1122
953
811
728
655
516
519
433
362
303
271
246
214
196
167
166
189
174
175
177
157
168
186
183
190
163
168
207
197
185
218
196
214
237
244
226
219
240
228
261
264
254
253
254
250
273
272
231
274
287
291
261
329
291
255
323
285
295
311
295
295
274
267
271
253
298
281
322
259
271
267
287
274
271
263
278
258
259
235
240
262
238
240
239
249
296
242
275
254
232
231
232
248
245
261
277
233
240
228
228
247
218
219
213
244
264
253
220
241
246
238
229
214
248
244
248
210
237
244
248
236
231
242
227
252
224
247
246
212
249
218
242
231
232
247
240
227
221
219
229
248
221
220
211
247
213
218
234
198
228
222
246
186
195
200
210
203
195
209
183
195
225
204
197
193
179
172
204
188
192
201
182
197
181
210
211
185
188
224
206
196
228
186
168
197
206
209
199
183
191
211
175
193
195
201
185
213
206
209
219
204
203
208
175
214
200
186
202
210
214
213
201
195
216
197
214
195
202
184
233
219
204
192
220
229
214
202
223
232
229
219
226
230
237
242
236
226
228
247
236
198
217
268
228
228
243
259
248
251
251
267
242
258
232
268
273
294
288
273
262
263
286
255
262
278
254
245
272
251
272
319
255
275
253
292
286
283
246
264
228
259
273
241
269
232
231
246
249
237
228
226
239
230
257
236
251
282
261
248
235
239
243
261
222
249
249
235
275
231
266
261
237
279
251
234
251
240
229
253
230
243
239
244
262
222
261
235
268
274
263
253
236
248
225
230
216
237
224
271
255
247
243
241
258
269
252
240
264
254
232
254
225
238
243
295
241
250
237
232
270
224
240
271
265
269
274
248
257
239
260
262
269
260
241
251
247
256
265
265
243
261
273
277
256
273
283
244
252
250
289
280
270
285
268
262
298
299
254
287
278
235
293
277
262
272
244
252
274
267
285
313
259
253
289
290
310
253
291
262
315
280
304
285
292
288
280
312
274
254
277
287
319
283
260
297
313
285
269
258
272
288
302
306
286
291
308
280
276
302
304
292
306
315
285
302
299
284
303
295
314
282
290
291
300
297
273
323
287
273
284
329
295
289
316
282
301
306
309
278
299
279
311
312
296
291
310
303
315
303
299
325
295
311
301
306
293
254
310
297
307
282
267
282
305
303
311
280
295
274
301
297
282
301
268
304
287
295
270
293
263
292
300
272
274
274
267
274
281
268
278
274
264
279
249
254
242
272
279
286
239
272
253
260
241
260
244
274
256
257
260
289
269
288
258
258
265
252
244
244
268
246
236
234
273
255
265
219
230
275
289
243
259
252
252
233
238
249
235
274
252
269
277
269
262
267
280
289
306
241
241
265
279
248
265
246
257
256
277
245
269
252
261
261
265
272
253
273
253
275
263
263
275
255
272
256
279
277
253
259
284
270
250
276
265
232
233
242
278
274
252
266
269
284
251
257
292
233
243
273
253
236
247
258
251
273
247
240
286
256
262
255
298
245
275
245
248
250
264
244
248
259
225
271
238
234
256
258
262
253
261
214
247
242
273
235
259
256
264
246
271
263
274
254
253
261
261
269
257
251
269
249
271
242
248
239
291
275
264
261
267
265
268
247
253
255
273
276
236
243
258
252
252
238
257
277
280
247
276
267
262
248
265
250
285
252
267
268
240
266
327
277
238
229
268
253
283
270
292
256
300
308
293
252
299
296
302
263
289
292
308
287
279
303
290
313
314
307
327
298
280
307
302
312
295
326
331
335
323
319
340
296
317
328
326
351
340
333
345
352
324
355
325
401
339
360
375
386
437
367
374
418
386
406
415
400
410
456
391
438
439
419
428
480
504
458
483
510
536
527
521
540
559
555
570
565
589
629
631
671
701
657
752
742
799
781
818
843
882
907
899
978
975
989
1032
1056
1075
1055
1165
1189
1156
1193
1234
1279
1294
1356
1313
1409
1313
1374
1399
1403
1401
1507
1429
1447
1428
1462
1498
1522
1502
1409
1526
1495
1449
1394
1524
1352
1352
1352
1360
1287
1295
1296
1299
1260
1208
1198
1138
1112
1111
1066
1074
1018
997
896
823
843
845
854
729
723
753
716
721
682
593
609
606
560
548
514
530
553
476
477
488
431
441
401
416
433
434
369
367
377
348
347
386
366
303
318
322
295
320
292
312
277
317
320
281
296
298
265
288
288
252
253
249
234
236
246
259
266
213
240
225
229
220
207
236
245
258
218
201
231
205
240
214
215
231
265
231
274
312
273
307
291
307
344
353
358
368
417
396
390
446
416
445
421
475
464
487
502
501
457
472
490
494
430
441
452
441
413
414
417
389
330
339
326
291
290
278
289
241
226
226
175
191
186
169
154
191
157
178
182
179
149
156
134
164
134
140
169
156
167
177
151
135
151
166
147
144
171
179
164
178
157
174
187
176
168
172
182
190
189
191
207
213
183
211
198
177
218
251
207
242
191
210
217
215
231
228
224
218
217
242
241
242
257
228
245
270
226
280
259
246
238
260
278
219
285
287
247
277
295
231
277
245
261
271
269
235
243
244
226
251
206
250
219
255
207
186
219
204
221
206
182
182
199
191
189
163
183
156
156
175
173
189
148
152
159
156
140
162
144
146
136
131
122
132
127
115
122
141
109
103
108
121
95
108
94
119
90
110
99
108
121
105
100
84
78
85
76
86
85
85
74
73
82
81
90
70
73
92
77
78
81
82
88
74
70
57
72
60
79
82
70
59
75
68
74
78
67
64
59
67
61
82
71
63
62
68
66
73
58
48
59
55
61
60
66
61
57
60
59
57
55
47
72
50
47
59
59
46
58
49
66
51
45
62
56
56
68
59
69
51
61
56
63
71
78
72
62
78
76
71
82
83
85
73
70
68
79
90
59
66
66
64
73
63
64
60
53
67
53
48
69
46
49
40
51
51
39
48
44
32
43
49
42
38
55
34
41
47
52
52
39
48
52
42
51
45
41
49
35
39
43
49
41
40
53
45
47
45
38
49
46
29
36
41
38
25
33
30
27
33
32
28
34
27
44
37
43
38
35
25
42
33
23
40
40
26
32
42
35
28
33
36
40
41
44
29
33
40
40
33
30
36
37
45
36
39
32
28
32
27
29
33
28
34
25
25
29
29
33
35
30
35
21
36
34
25
38
35
31
26
30
36
25
19
33
27
36
33
16
39
25
25
35
24
25
37
26
23
27
22
30
42
31
23
23
24
22
23
32
27
21
19
25
30
8
28
23
22
24
28
25
29
29
29
25
28
23
24
25
26
31
19
28
15
31
26
27
26
35
26
21
17
27
20
18
33
25
22
20
33
26
25
25
28
20
19
42
22
32
24
26
23
19
30
26
28
27
15
27
16
26
28
26
22
24
26
26
25
26
28
23
19
17
28
29
30
12
30
24
23
19
21
18
27
16
26
24
17
19
23
18
33
29
22
17
16
16
14
27
36
14
24
23
20
23
14
19
24
14
23
15
13
21
22
26
15
14
17
16
22
16
18
27
17
17
30
15
20
14
21
19
20
14
24
20
12
6
21
18
24
21
20
22
13
16
12
22
17
16
21
20
23
22
18
17
18
13
17
18
14
18
21
14
23
17
15
18
17
17
17
17
22
20
13
19
16
19
17
15
20
17
16
19
18
21
8
10
16
22
24
8
22
13
21
17
14
20
9
13
19
15
18
17
17
24
14
16
14
19
15
12
22
13
19
5
22
18
21
16
17
14
17
6
14
12
21
12
17
13
12
13
15
14
25
12
15
16
14
15
23
17
22
17
12
12
16
19
13
18
11
9
6
10
12
10
10
15
14
9
10
25
19
11
13
8
13
14
11
19
15
16
10
14
12
12
13
13
8
13
13
15
14
7
14
18
9
10
11
17
13
12
14
9
10
11
8
9
13
8
15
18
10
12
22
9
14
14
11
17
7
12
16
10
6
10
7
7
15
10
16
6
11
16
16
13
16
11
9
13
17
16
9
14
17
18
12
13
9
13
11
14
8
14
12
9
10
9
9
13
6
8
7
6
6
16
8
8
5
14
13
12
10
10
15
14
8
7
11
8
12
10
12
6
6
9
12
10
13
15
8
16
9
7
7
9
9
8
9
8
7
14
10
9
14
10
5
11
11
12
5
11
12
16
12
11
9
14
8
8
12
9
6
14
5
9
8
9
7
10
7
14
8
13
6
3
5
3
7
10
5
9
14
9
8
6
3
5
6
5
8
8
8
8
9
12
8
8
6
8
6
7
10
9
5
4
8
4
5
8
5
7
12
13
10
11
5
7
7
10
8
4
8
2
4
5
3
5
5
7
8
6
8
4
10
7
4
12
7
7
7
9
11
8
7
6
5
7
3
6
9
9
7
6
8
9
3
8
8
5
3
9
12
8
7
5
3
6
6
14
8
9
2
8
5
7
8
5
7
10
4
11
9
7
7
7
11
6
5
9
5
5
5
2
7
10
3
8
5
1
8
7
7
8
7
3
4
4
8
3
6
6
7
5
5
11
5
14
2
4
6
0
8
8
5
9
3
8
6
4
4
6
4
5
8
4
7
6
2
3
2
5
4
6
6
4
3
6
9
8
8
5
3
8
3
7
5
6
4
10
4
6
3
2
2
6
3
9
4
8
3
5
7
3
3
4
5
8
5
5
2
4
3
2
5
6
2
8
10
3
12
2
4
7
2
5
3
6
4
4
7
1
7
2
1
3
2
8
5
5
3
5
4
3
4
4
3
4
5
4
6
4
6
7
1
5
8
4
1
4
3
5
4
3
12
2
2
4
4
6
7
1
2
1
2
2
1
4
3
1
2
5
2
7
4
1
8
3
4
3
5
6
2
3
1
3
3
3
3
4
0
4
3
1
4
3
4
2
2
1
1
3
4
2
3
3
0
1
0
1
1
2
2
2
2
5
2
6
5
2
5
2
6
3
4
4
6
1
5
2
4
3
2
1
4
2
0
1
2
2
2
4
1
3
2
2
1
5
4
1
5
0
2
0
2
0
1
6
3
3
3
2
1
7
1
3
2
4
5
2
4
3
2
2
5
4
2
2
2
2
1
2
3
3
2
3
1
4
2
1
5
6
2
2
3
1
3
4
2
1
4
7
1
1
2
2
1
1
3
1
1
1
3
4
3
3
5
0
0
3
1
1
2
1
1
2
3
0
3
7
1
2
2
2
1
2
3
2
0
2
2
2
0
4
3
4
3
1
3
2
1
3
3
2
0
1
0
3
3
3
1
1
0
2
2
2
1
0
2
3
1
0
0
1
0
3
2
1
5
1
1
1
4
1
2
2
1
0
2
3
2
3
4
1
1
1
0
2
2
4
5
2
1
2
1
1
2
2
2
1
1
0
1
2
1
2
2
2
2
2
4
2
1
1
2
0
3
4
3
1
1
2
2
1
1
2
4
2
2
2
2
2
1
0
2
1
1
4
2
1
2
1
1
0
1
1
2
0
1
1
1
1
2
2
1
2
5
0
2
0
0
1
0
5
2
0
2
1
0
2
2
1
0
1
2
1
0
0
0
4
0
0
0
1
1
0
2
0
1
1
2
0
0
1
0
0
0
1
1
3
2
1
2
2
2
2
1
1
2
1
1
2
0
2
1
0
1
2
1
2
1
0
1
2
1
0
1
2
1
0
0
0
2
1
1
1
2
1
0
2
1
0
1
0
0
1
2
0
2
0
1
0
0
1
2
3
0
0
0
1
0
0
0
0
2
1
3
0
2
0
3
0
1
0
3
1
0
3
1
1
1
0
0
1
0
1
0
3
1
1
0
0
1
1
0
1
0
0
1
3
1
2
1
2
0
0
0
1
0
0
0
0
2
1
0
0
0
2
0
3
0
1
0
0
0
4
0
0
0
0
1
0
0
1
3
1
0
1
1
0
1
0
1
0
0
0
0
0
0
3
0
0
0
0
0
2
0
0
0
0
0
1
0
3
0
2
1
1
1
0
1
1
0
0
1
2
1
4
1
1
1
2
0
0
0
4
0
1
3
0
0
0
0
0
1
0
2
0
2
1
0
0
2
0
4
0
0
0
1
0
0
1
0
1
0
2
1
0
1
0
0
0
1
1
0
1
2
0
0
0
0
0
0
1
0
2
0
0
1
1
1
1
0
1
1
1
2
2
1
1
0
0
0
1
0
2
0
1
1
0
0
0
0
2
1
0
0
0
2
1
1
1
0
1
0
0
1
1
0
2
0
1
0
0
0
1
1
1
0
0
0
0
0
0
2
0
1
0
0
0
0
0
1
0
1
0
0
0
0
0
1
0
0
0
0
1
1
1
0
0
0
0
1
0
1
0
1
1
0
0
0
0
1
0
0
0
0
1
0
0
0
0
0
1
0
0
0
1
1
0
0
0
0
1
0
0
0
1
0
1
0
0
1
0
0
0
0
1
0
1
1
1
1
0
0
1
1
0
0
0
0
0
0
0
1
0
1
1
0
0
1
0
0
0
1
1
0
0
0
0
0
0
0
0
1
1
0
0
0
2
0
0
0
0
0
1
0
0
0
0
0
0
1
0
1
1
1
1
0
1
0
0
0
2
1
1
0
0
0
1
0
0
0
0
0
0
1
0
2
0
0
0
1
0
0
0
1
1
0
0
0
0
0
1
0
0
0
0
0
0
0
0
0
0
0
0
0
0
1
0
1
0
0
0
0
0
0
0
0
0
0
0
2
1
0
0
1
0
0
0
0
1
1
0
0
0
0
1
0
0
0
0
0
1
0
0
0
1
0
0
0
0
0
0
0
0
0
1
0
0
0
0
