0
0
0
0
0
0
0
0
0
0
0
0
0
0
0
0
0
0
0
0
0
0
0
0
0
0
0
0
0
0
0
0
0
0
0
0
0
0
0
0
0
0
0
0
0
0
0
0
0
0
0
0
0
0
0
0
0
0
0
0
0
0
0
0
1
0
0
0
0
0
0
0
1
1
2
3
1
2
4
4
2
6
7
40
142
384
922
2236
4749
9627
17129
27761
40603
54509
66012
73425
73344
66261
54865
41342
27979
17353
9950
5106
2384
1055
409
142
40
8
6
2
5
2
4
2
3
2
3
3
0
1
1
1
0
1
0
0
0
0
0
6
67
62
57
62
61
54
58
56
55
48
49
49
50
67
45
54
51
49
46
52
65
39
54
44
48
49
43
39
53
37
36
48
62
55
38
47
36
51
45
49
32
43
49
45
40
57
38
42
35
37
42
48
44
52
49
43
47
51
54
62
64
52
68
71
69
79
99
132
165
204
279
339
420
481
538
500
553
478
443
331
284
222
173
147
121
89
85
62
47
66
36
45
47
44
52
50
37
45
35
37
31
35
30
26
55
43
51
50
55
51
57
47
52
70
65
62
55
49
71
78
49
78
98
90
133
174
274
530
790
1319
2060
3149
4489
6276
7831
9636
11245
12048
12953
12706
11932
10399
8970
7142
5577
4142
2931
2121
1611
1194
896
637
555
402
391
419
518
740
1038
1469
1953
2385
3002
3443
3750
4026
3982
3786
3519
3116
2476
1990
1525
1090
876
600
484
400
319
291
278
233
204
151
142
83
70
49
38
29
23
19
13
10
13
15
8
9
10
19
12
12
10
13
13
9
12
9
12
12
6
16
8
11
12
4
13
11
10
13
12
14
13
16
13
17
16
26
24
23
28
31
32
25
26
31
27
17
24
31
20
17
20
31
22
24
25
20
29
21
21
21
16
21
12
19
31
23
25
17
20
23
13
17
17
13
16
13
14
7
12
11
7
11
7
11
14
6
14
9
7
7
8
8
9
12
7
11
9
1
8
8
7
9
6
7
7
7
3
5
7
6
5
7
9
5
12
10
13
12
10
4
13
7
12
8
9
7
9
13
9
12
10
10
9
8
13
12
13
9
10
14
11
13
19
7
16
13
19
16
12
12
13
11
5
5
10
13
11
6
8
7
8
10
12
4
12
5
9
9
6
7
10
5
5
6
9
9
6
11
8
15
11
4
7
5
8
4
2
6
7
7
11
7
4
10
5
3
9
6
5
4
5
5
4
7
13
7
9
8
9
10
8
4
5
6
4
9
3
10
3
4
8
9
8
5
7
5
8
10
9
6
5
1
3
8
3
7
7
8
6
8
4
6
11
7
9
12
7
10
6
7
6
7
15
11
7
7
16
6
10
10
10
5
15
7
5
9
9
10
12
8
2
6
10
7
11
7
8
7
10
9
9
12
10
14
17
5
14
11
6
7
9
10
11
10
8
10
9
12
14
13
10
12
9
15
13
8
8
18
13
16
8
10
10
19
16
15
10
10
11
14
7
15
16
19
17
19
22
17
24
22
23
25
31
29
35
29
31
34
32
26
32
28
27
32
31
24
41
31
27
26
23
25
18
29
29
27
33
27
31
30
30
27
22
30
20
19
14
15
24
21
16
20
13
21
17
23
22
12
23
17
18
22
19
21
27
12
24
19
19
19
18
26
29
20
24
22
18
26
17
16
27
23
30
30
28
23
26
30
21
31
26
26
24
26
17
29
22
22
33
34
22
18
33
35
26
32
33
33
20
31
29
18
32
31
29
28
33
40
37
32
25
42
37
33
32
42
35
43
35
32
34
45
38
36
41
45
38
44
40
48
57
31
40
42
41
55
40
67
46
37
42
51
42
48
52
53
54
58
45
48
70
45
60
44
58
58
50
66
50
52
69
54
58
69
62
70
76
78
59
67
62
70
60
74
72
97
71
70
69
79
80
79
105
114
101
107
98
91
121
93
138
111
117
115
105
120
90
99
91
101
94
93
63
90
79
96
83
71
80
65
73
70
68
81
82
76
86
73
76
62
92
82
83
78
73
75
76
85
82
63
71
90
79
67
61
92
78
78
77
86
63
73
75
70
76
83
79
63
74
70
70
67
73
75
64
76
76
71
83
69
60
70
67
76
75
86
72
76
70
87
83
75
72
78
78
71
65
78
82
79
80
79
74
77
71
75
71
72
74
76
60
67
78
75
84
78
90
82
67
85
72
97
87
82
88
105
82
85
90
97
100
102
102
88
82
78
76
92
93
81
97
82
101
74
116
103
84
92
86
105
101
109
97
106
113
114
95
128
118
105
139
156
168
200
234
303
366
491
622
819
1041
1298
1648
2103
2513
3225
3947
4685
5416
6233
6940
8028
8620
9119
9710
10012
10063
9940
10077
9583
8794
8236
7416
6709
5681
4811
4224
3568
2850
2290
1820
1377
1074
815
609
558
360
298
244
185
158
143
139
137
112
126
138
117
82
85
111
88
130
121
115
107
122
92
130
123
100
114
97
126
117
104
125
120
96
125
128
112
118
109
92
109
108
137
135
113
103
126
120
120
134
130
132
116
124
121
129
145
122
160
138
135
145
182
190
207
228
247
281
326
379
444
502
579
628
784
900
978
1032
1195
1234
1327
1361
1480
1407
1360
1354
1310
1333
1160
1049
1073
917
829
689
543
547
472
365
352
305
293
218
216
201
172
151
159
178
172
143
159
158
161
151
165
150
167
162
135
157
159
156
148
136
160
155
156
171
175
172
164
176
173
148
167
167
169
198
199
167
172
183
190
183
163
183
182
211
204
172
197
192
202
181
203
229
204
215
209
209
208
209
197
210
211
207
237
228
216
254
250
212
240
220
239
241
255
248
239
223
228
255
235
238
246
281
235
253
243
240
253
257
258
262
248
250
254
273
250
264
251
255
242
239
254
241
216
247
257
222
234
232
236
210
202
229
219
243
248
216
206
238
238
220
194
223
217
208
201
204
223
206
238
209
219
204
198
210
190
205
180
211
178
195
196
185
197
193
179
198
209
189
180
183
169
182
202
210
154
199
195
201
180
197
199
207
175
190
190
229
198
198
188
194
199
184
221
208
194
195
200
194
203
171
175
178
177
187
188
189
195
183
184
195
194
188
194
170
170
141
195
191
210
183
203
162
172
182
186
189
191
197
202
207
177
203
197
203
177
196
201
179
178
191
175
196
191
205
188
197
179
189
202
200
161
182
203
213
178
205
214
192
208
188
243
216
220
218
220
195
197
202
209
220
207
243
227
181
216
226
194
228
207
205
207
215
214
223
214
215
202
191
219
197
222
212
232
212
192
240
219
202
225
210
230
216
219
233
247
201
212
190
213
256
208
252
233
196
218
212
225
235
215
221
239
210
208
241
219
229
225
243
229
258
236
244
208
235
224
224
207
255
240
225
230
242
221
224
219
242
247
252
229
235
236
252
216
227
229
229
242
223
236
245
272
239
256
235
249
255
221
245
226
259
234
230
261
253
261
255
274
263
232
195
247
234
236
234
270
259
270
236
265
219
247
251
273
228
276
253
259
248
276
259
265
258
289
255
256
270
247
255
271
284
286
269
268
303
258
256
274
237
280
265
293
278
279
318
321
297
294
283
288
324
285
275
283
264
307
256
262
266
288
282
319
315
312
291
300
310
275
313
273
317
287
298
274
304
279
323
330
302
276
306
306
290
286
294
300
284
299
322
288
276
289
297
280
293
294
287
285
271
298
307
299
285
278
304
251
291
301
269
308
261
284
286
300
285
300
268
308
259
259
272
274
296
242
261
260
254
256
258
298
244
278
254
236
234
260
270
259
275
272
297
259
296
260
262
258
255
262
261
264
246
251
253
269
247
222
269
249
240
244
277
254
240
261
244
240
258
249
254
250
240
243
285
253
257
233
249
242
242
253
253
256
233
224
272
263
224
223
228
262
252
250
243
247
257
257
248
239
247
229
260
261
243
237
272
225
267
270
280
279
226
254
260
277
229
276
281
230
243
245
246
256
260
214
243
243
228
227
257
256
256
271
235
257
255
205
258
283
265
253
250
257
227
239
264
242
245
245
241
253
239
243
257
258
218
279
269
252
258
248
229
249
235
249
266
216
244
230
265
244
231
247
205
253
267
243
239
236
258
240
251
228
243
226
228
244
261
257
278
241
216
216
271
250
238
249
246
254
243
232
248
261
251
246
249
262
230
236
245
251
244
223
256
273
272
260
243
235
227
231
263
247
250
268
265
228
260
279
248
240
261
239
274
265
239
260
250
269
212
209
261
257
249
261
259
258
264
221
239
260
269
244
265
242
233
256
277
280
247
275
249
246
274
290
271
280
282
286
259
292
258
275
305
290
303
281
296
282
252
317
304
303
320
336
309
286
299
309
289
341
302
322
327
297
327
326
300
340
330
297
298
330
335
343
336
347
348
348
372
395
372
368
340
363
365
402
386
386
372
400
408
407
408
410
385
420
382
436
423
449
487
461
450
465
461
510
530
500
529
535
626
569
556
649
636
656
654
662
694
716
706
748
769
821
881
908
934
927
987
961
990
1029
1044
1080
1085
1159
1139
1232
1192
1270
1286
1302
1313
1398
1285
1318
1440
1389
1378
1436
1472
1486
1443
1412
1439
1501
1417
1449
1436
1433
1418
1364
1447
1358
1381
1310
1236
1320
1241
1228
1254
1203
1128
1064
1169
1043
1056
967
982
936
886
902
858
888
835
727
749
718
696
670
666
623
605
608
580
582
544
537
521
500
448
455
439
442
406
392
385
402
384
402
377
367
339
347
304
353
349
302
318
319
300
311
311
284
259
272
267
284
275
276
256
272
273
232
246
235
252
244
228
242
252
250
207
205
211
212
223
216
230
238
208
224
223
224
219
238
231
246
241
254
277
301
292
315
284
335
327
327
342
357
372
390
379
400
443
397
391
420
430
446
451
472
456
459
456
429
395
403
389
386
346
344
345
332
315
305
261
254
236
206
197
234
188
205
211
162
160
176
171
152
142
156
162
166
142
159
157
140
146
146
149
144
164
146
161
163
137
147
158
177
133
178
160
172
169
156
175
178
188
166
200
184
177
223
198
209
163
187
196
188
217
178
213
241
220
230
231
248
211
222
217
256
238
238
215
252
241
234
237
241
255
245
236
282
235
287
260
274
260
247
264
236
250
241
234
252
233
249
213
256
245
224
204
230
237
213
247
212
194
213
216
229
197
176
190
196
187
181
164
170
163
163
158
159
143
140
148
156
148
152
142
140
145
139
126
131
149
145
125
109
114
117
111
108
120
106
122
81
96
112
101
94
112
87
94
95
109
96
88
98
85
78
74
82
69
72
80
81
72
78
86
59
75
92
60
66
65
71
78
76
70
57
63
62
76
70
66
70
61
66
63
56
54
73
59
62
71
64
63
61
56
61
78
54
60
46
66
69
54
52
50
52
52
64
48
42
59
72
43
40
54
52
60
54
50
64
50
63
71
67
78
47
54
72
72
76
76
77
81
55
88
93
78
69
76
73
98
67
84
79
64
53
77
70
68
75
55
61
54
59
65
58
54
46
50
50
35
45
47
33
47
32
50
57
37
42
40
35
49
46
41
37
45
41
47
45
38
39
37
38
54
44
46
40
41
50
38
42
48
39
40
49
46
37
48
40
35
38
35
45
26
37
41
34
39
32
37
30
34
26
38
35
35
34
49
28
38
38
35
36
36
31
44
26
32
41
47
24
30
23
45
43
36
30
47
32
33
40
41
26
33
39
37
33
25
25
27
31
32
27
23
34
40
29
32
42
25
31
29
22
31
36
26
37
39
20
29
32
33
39
21
19
29
37
25
30
44
24
28
31
30
32
29
29
31
27
28
29
33
27
25
19
26
26
31
27
27
33
31
22
32
22
35
35
18
25
23
24
23
25
33
25
30
23
28
33
26
26
24
28
31
22
26
24
34
19
28
28
24
30
30
19
17
30
23
27
26
17
16
26
23
18
18
36
22
24
19
32
31
32
27
29
25
23
18
27
25
8
21
29
31
22
26
18
19
31
21
24
21
27
24
25
35
30
20
32
26
24
23
27
19
18
30
20
23
15
23
20
14
21
19
29
12
24
15
17
15
19
22
23
20
26
24
24
19
21
21
22
19
22
17
21
18
21
17
14
18
20
17
24
18
19
25
23
23
26
16
17
14
25
18
18
19
15
24
17
25
17
24
17
19
19
23
19
14
20
21
17
17
12
21
14
23
14
16
22
21
19
15
15
16
12
24
19
19
18
17
20
17
17
21
25
12
15
17
14
30
9
21
14
21
16
19
20
15
22
8
16
13
17
19
14
9
21
23
13
16
16
17
19
23
24
13
14
25
13
17
20
10
15
15
9
15
15
14
19
23
15
21
19
8
12
12
16
11
18
16
10
17
12
13
16
20
17
14
9
14
11
17
16
10
12
14
14
17
16
21
13
11
13
16
13
12
12
8
14
18
17
10
12
18
15
17
18
20
12
11
16
15
12
15
16
13
8
12
11
10
10
11
14
14
12
12
7
8
12
10
9
10
17
15
9
17
12
13
16
16
11
20
11
8
13
15
18
9
12
13
19
9
11
16
16
3
15
12
5
14
13
14
11
14
11
10
10
16
13
16
15
9
11
11
10
6
7
9
8
10
10
7
9
14
8
12
13
10
15
11
14
12
9
9
4
14
6
9
7
16
18
10
11
5
19
9
10
9
9
6
13
13
11
16
6
5
14
14
9
13
10
10
11
6
10
9
12
7
8
12
12
4
8
8
13
9
9
19
16
12
10
11
8
9
7
9
5
8
13
8
8
8
2
6
7
10
4
3
5
14
9
15
8
8
9
5
7
5
7
7
8
8
10
8
6
7
12
7
6
9
8
4
6
7
8
8
7
8
3
9
12
10
12
6
4
6
14
7
7
12
9
9
9
13
7
6
6
7
6
9
6
3
10
3
12
8
6
9
6
7
14
4
12
7
12
3
9
5
4
6
6
7
8
7
5
11
5
7
7
4
7
11
5
9
5
10
7
2
5
8
7
6
8
6
4
9
4
11
5
2
8
9
9
8
11
8
8
6
10
5
3
5
6
2
7
9
9
12
8
7
5
5
4
3
4
7
7
3
3
5
2
0
4
9
9
8
5
6
8
4
1
6
3
8
7
3
11
4
5
4
3
8
7
8
4
6
4
3
9
4
7
6
2
5
3
6
4
5
5
5
4
10
3
5
3
7
4
4
5
6
8
7
5
6
6
1
7
3
3
3
7
5
2
5
0
8
4
3
3
10
8
3
3
5
1
4
2
5
8
3
4
6
4
5
2
1
1
4
8
2
4
4
1
5
8
5
4
1
3
2
5
4
4
4
3
10
3
1
3
6
9
2
5
7
2
5
7
7
4
3
3
5
4
6
3
3
4
5
7
4
5
2
1
3
4
2
5
1
3
7
4
2
5
1
6
4
5
3
5
5
4
5
2
3
6
3
8
3
3
1
3
5
3
2
8
2
3
5
4
3
7
2
7
3
1
4
1
3
6
1
1
3
5
6
5
7
1
4
2
3
4
4
2
5
4
1
3
6
1
3
4
2
4
0
2
5
5
1
4
2
3
3
2
3
4
4
3
4
3
4
3
2
2
3
7
2
5
0
3
1
5
1
1
4
3
3
2
6
7
2
2
1
0
3
1
2
4
2
3
2
1
2
3
3
3
6
5
4
1
1
2
4
3
2
1
0
2
0
2
0
1
1
4
1
1
2
3
1
2
3
2
2
2
2
4
2
3
3
1
2
3
1
2
2
1
0
2
1
2
0
6
2
1
1
3
1
3
3
1
5
2
2
5
2
4
3
2
2
1
2
1
0
1
2
0
3
0
4
0
1
1
3
6
2
2
5
2
5
2
2
1
1
2
1
0
0
2
2
4
0
1
1
1
1
1
1
1
1
0
1
2
1
2
3
1
1
0
0
3
1
2
3
1
0
2
4
1
3
1
6
1
2
0
1
1
0
1
4
1
3
2
1
2
3
3
1
1
1
3
1
1
1
0
2
0
1
2
0
2
2
1
1
2
0
0
1
1
1
2
1
2
3
1
0
3
2
1
2
1
0
5
1
2
1
1
0
2
0
5
0
0
0
1
1
2
4
0
1
3
5
0
1
1
1
2
1
1
0
3
3
1
2
3
1
0
2
1
1
0
3
5
3
1
1
1
1
2
3
5
0
1
2
2
1
1
0
1
2
1
0
0
0
0
3
1
1
2
1
0
0
0
1
0
1
0
1
2
2
0
0
1
1
4
1
0
1
1
1
2
0
0
0
1
1
1
0
2
1
0
0
1
1
1
2
1
1
3
0
0
1
3
0
0
0
1
0
0
1
0
0
2
1
1
0
0
0
0
1
1
1
1
1
0
0
2
0
3
1
1
2
0
1
0
0
0
1
1
0
1
1
0
0
1
2
1
1
0
1
1
0
1
0
0
2
1
1
2
1
1
0
0
0
3
1
2
2
0
1
1
1
0
2
0
2
1
0
2
0
0
0
0
1
0
0
1
0
1
2
0
0
1
0
0
3
1
0
0
1
1
0
1
1
0
2
2
0
1
2
0
2
1
1
0
0
1
0
2
0
1
2
0
0
2
0
3
0
0
2
1
1
2
1
1
0
0
1
1
0
0
0
1
1
1
1
0
0
1
1
1
1
1
1
0
1
1
0
0
0
0
0
0
1
1
0
1
0
0
1
0
1
0
0
0
0
0
0
0
0
2
2
2
0
2
2
1
3
0
0
1
0
1
1
2
1
0
0
1
0
0
1
0
1
0
0
1
0
2
0
2
0
0
1
2
1
1
1
0
1
0
0
0
0
0
0
0
0
1
0
0
1
2
0
1
0
3
2
0
3
0
2
0
1
0
0
1
0
1
0
1
0
0
0
0
0
0
1
0
0
0
0
0
0
0
1
0
0
1
0
0
0
1
0
0
1
0
1
0
3
0
1
1
0
1
0
0
0
0
0
1
2
0
0
0
1
0
1
1
1
0
0
0
2
1
1
0
0
0
0
0
0
1
0
1
1
0
0
0
1
0
2
0
0
0
1
0
1
1
0
1
0
1
2
0
0
0
0
0
0
0
0
0
0
1
0
1
1
0
0
1
0
0
0
0
0
0
0
0
0
1
0
0
2
1
1
0
0
0
0
0
1
0
0
0
1
1
1
1
0
0
0
0
0
0
0
0
0
0
0
1
0
1
1
1
0
0
0
0
1
0
1
0
0
1
0
0
1
1
0
0
0
0
2
0
0
0
0
0
0
0
1
0
0
0
0
1
0
2
0
0
0
0
0
0
0
0
0
0
0
0
1
1
0
0
0
0
0
0
0
0
0
0
0
0
0
0
0
0
1
0
0
0
0
0
0
1
1
0
0
0
0
0
1
1
0
0
1
0
