0
0
0
0
0
0
0
0
0
0
0
0
0
0
0
0
0
0
0
0
0
0
0
0
0
0
0
0
0
0
0
0
0
0
0
0
0
0
0
0
0
0
0
0
0
0
0
0
0
0
0
0
0
0
0
0
0
0
0
0
0
0
0
0
0
0
0
1
1
1
0
1
1
1
3
1
4
4
4
2
2
6
13
32
118
333
966
2257
4826
9725
17170
27542
41122
54710
66428
72988
72906
66195
54656
41163
28136
17362
9994
5049
2438
1043
412
147
50
13
5
5
2
4
0
0
3
4
0
1
3
0
0
1
1
1
0
0
0
0
0
10
70
60
52
60
66
69
60
52
63
55
37
41
59
38
56
54
56
60
51
51
54
49
36
51
48
40
55
51
42
46
50
50
44
46
47
54
50
40
46
42
46
35
40
46
38
49
41
41
40
42
62
46
44
38
45
39
46
78
69
62
66
52
53
68
69
76
99
110
167
239
292
337
430
444
499
537
499
508
422
345
270
227
185
139
107
82
82
63
43
50
52
35
34
43
46
41
38
54
35
24
38
43
35
43
36
45
53
45
40
50
50
53
51
47
51
72
72
59
67
77
80
82
114
110
132
180
314
485
859
1350
2053
3089
4480
6128
8087
9759
11212
12288
12734
12618
11985
10520
8817
7048
5588
3990
3018
2181
1629
1147
882
666
485
423
409
452
545
764
1082
1426
1867
2353
2971
3387
3795
3922
3978
3750
3477
2988
2511
2010
1486
1119
811
634
478
379
325
274
289
224
194
150
122
88
76
50
31
27
23
16
16
11
12
7
9
11
9
9
10
10
14
12
13
11
15
10
11
11
7
12
6
9
13
5
14
8
14
8
6
10
12
10
11
17
16
16
21
30
21
18
31
32
27
27
41
33
23
21
17
27
24
21
25
30
16
21
21
17
20
26
36
30
18
18
32
30
20
22
20
24
24
16
20
23
12
11
11
11
9
7
9
10
9
7
6
8
11
9
11
9
11
3
1
10
3
10
6
3
9
10
11
6
6
4
7
14
11
9
4
1
3
7
7
14
16
17
11
13
12
9
11
10
10
7
5
8
7
9
10
10
9
10
9
4
8
8
9
12
13
16
21
10
15
13
20
16
13
10
12
15
9
14
9
10
9
8
6
4
13
8
6
10
10
5
3
6
12
8
10
12
5
6
8
13
13
12
12
8
7
7
10
6
12
10
8
7
7
11
3
5
12
11
9
6
12
7
3
12
10
11
7
8
5
8
7
5
4
8
4
2
6
6
6
4
4
6
7
6
10
12
5
4
8
5
12
6
4
7
4
4
5
6
8
12
8
8
11
9
7
8
8
8
5
7
9
9
8
9
8
6
6
10
6
5
10
8
10
7
13
9
6
11
14
10
7
9
10
7
6
8
6
13
9
8
9
12
4
10
12
5
6
7
6
6
13
7
8
9
13
16
9
8
15
10
9
8
9
13
4
8
13
9
9
6
14
10
11
15
16
16
13
13
11
6
18
24
15
15
9
6
13
11
20
15
13
22
16
26
25
20
24
31
23
27
40
37
28
33
41
33
39
37
27
26
26
34
30
28
33
31
31
31
38
40
24
33
24
26
23
32
18
23
21
27
29
21
20
29
16
24
18
19
19
17
26
20
21
13
20
20
19
18
20
14
17
26
28
28
10
18
21
22
19
25
21
18
20
18
25
25
22
20
24
15
21
28
22
14
22
35
36
37
29
24
27
25
30
26
39
30
29
23
22
31
20
19
26
26
23
32
40
28
40
38
35
36
30
37
38
42
35
38
37
41
46
32
40
35
25
44
29
37
38
34
38
28
31
46
34
39
41
56
44
42
40
42
42
33
44
57
36
42
48
45
50
50
49
42
56
60
58
60
50
53
60
55
46
57
55
72
64
63
65
56
76
68
57
43
73
90
78
71
65
68
95
69
73
88
74
77
95
90
101
108
102
105
96
106
109
107
93
102
119
97
122
113
102
111
86
86
77
98
88
85
88
79
84
70
100
85
72
86
71
79
81
81
84
86
98
62
82
80
80
75
76
66
63
79
69
82
83
78
80
65
77
70
72
80
70
65
71
76
77
78
60
73
69
63
61
74
67
98
77
80
66
71
69
83
78
68
70
69
86
71
84
75
88
84
65
66
55
72
63
74
91
78
81
85
69
84
71
79
58
84
86
93
83
75
79
68
81
70
74
88
94
79
66
75
90
94
86
81
81
95
85
101
77
80
104
98
85
88
82
70
94
87
83
89
94
85
85
105
78
89
97
120
109
102
100
86
98
108
108
113
106
116
117
103
111
132
144
133
155
185
210
299
335
451
600
765
994
1329
1681
2127
2618
3296
3859
4596
5441
6301
7183
7826
8606
9157
9716
9859
10099
10132
9796
9445
8750
8306
7407
6481
5767
4984
4163
3582
2839
2279
1754
1365
1042
836
620
478
328
281
248
183
138
143
133
124
117
97
104
126
125
94
110
104
123
118
91
115
112
118
106
107
118
94
111
116
119
108
120
133
124
112
145
135
96
121
122
111
113
102
134
120
121
153
130
111
138
133
143
111
143
118
144
162
151
150
152
139
171
175
193
247
236
226
272
320
395
428
449
596
661
722
856
980
1073
1147
1262
1246
1360
1420
1432
1425
1381
1389
1307
1199
1141
995
881
842
711
614
499
451
416
336
297
289
246
187
173
166
167
182
164
146
138
150
125
171
143
139
155
160
161
138
144
160
166
178
170
160
157
166
132
160
148
155
160
166
174
172
188
160
182
183
181
175
179
180
168
179
182
214
203
183
204
198
216
204
212
196
216
206
211
212
189
228
200
211
201
226
185
218
237
233
215
218
226
212
232
227
243
238
249
236
241
247
252
223
242
258
252
243
221
254
263
267
257
234
223
204
270
256
268
248
256
275
219
257
269
231
231
225
246
223
233
247
226
219
241
250
218
233
224
213
233
232
205
219
255
216
192
191
220
221
211
181
214
202
192
176
219
197
205
190
196
199
190
189
190
202
202
200
175
197
200
169
189
187
210
194
169
176
193
175
193
199
200
165
205
183
178
197
175
188
203
164
203
200
178
204
184
188
178
181
186
174
173
201
176
204
164
171
210
170
161
190
193
191
197
186
178
184
211
190
197
196
169
163
188
176
164
183
201
170
212
200
210
180
182
164
212
197
180
182
226
192
200
238
186
209
196
201
212
218
196
155
203
184
188
201
208
203
214
208
203
211
186
208
188
199
214
213
180
259
188
213
217
222
214
202
202
215
224
206
218
204
182
195
192
219
219
191
234
200
208
207
198
219
189
202
225
189
186
209
227
249
228
206
228
215
209
210
221
215
212
232
193
214
255
235
238
227
202
214
212
206
195
227
212
254
250
220
211
207
232
226
229
233
221
222
231
212
260
231
207
219
225
235
274
228
224
230
237
239
211
238
222
276
234
207
240
237
232
220
223
230
229
229
247
239
242
239
246
251
255
223
265
258
254
259
262
237
255
218
257
233
267
247
255
266
253
255
258
276
251
254
262
264
272
239
247
243
248
297
264
278
222
277
259
247
268
290
255
258
280
255
253
253
303
278
266
273
295
290
275
285
270
272
279
262
276
250
275
273
268
274
263
307
301
275
270
284
305
282
299
307
304
303
273
301
273
276
298
322
314
284
297
282
291
323
257
299
289
282
287
274
324
264
304
314
284
317
290
303
264
294
308
308
296
307
316
299
307
281
288
279
257
282
325
308
245
296
294
289
295
261
327
300
280
269
284
295
298
299
296
282
270
297
268
292
288
298
292
295
266
294
276
296
294
232
228
308
275
281
255
260
274
269
282
227
257
252
278
239
283
258
250
258
261
251
256
271
244
250
254
244
233
264
253
271
270
272
232
303
250
230
252
243
232
251
250
238
258
265
253
228
281
242
255
222
262
249
237
239
284
229
248
233
236
272
284
259
266
257
223
228
251
279
233
221
261
250
252
239
265
248
262
266
235
287
233
258
292
254
269
243
213
259
247
252
282
227
265
255
260
247
237
235
263
222
244
239
234
293
237
270
239
233
236
226
232
219
224
241
248
264
239
230
229
244
223
226
249
241
250
249
272
234
253
248
219
258
221
221
265
257
236
259
252
249
266
253
232
275
237
260
263
270
237
252
264
253
239
224
248
243
251
271
243
245
226
241
251
221
263
240
223
269
222
259
237
251
234
259
200
260
282
246
247
250
239
213
245
247
230
276
222
238
273
257
268
249
256
216
227
257
283
241
272
257
231
268
247
261
278
254
255
245
251
261
247
244
274
269
246
256
264
290
244
283
256
254
269
270
246
266
279
276
276
274
270
298
265
291
262
268
291
268
282
239
281
307
272
271
291
291
267
300
314
302
315
281
293
308
302
311
308
302
331
288
313
313
323
311
338
312
335
299
331
371
339
328
357
375
359
355
384
362
345
385
366
345
356
352
379
374
377
406
392
395
404
416
464
410
451
452
445
467
461
454
491
498
510
489
479
503
537
575
523
577
559
612
644
645
642
692
711
746
749
759
789
863
844
886
858
998
970
948
992
1096
1137
1096
1124
1189
1202
1098
1181
1266
1291
1256
1322
1361
1271
1396
1406
1382
1432
1418
1406
1396
1439
1472
1359
1454
1481
1518
1437
1412
1434
1367
1392
1393
1333
1296
1388
1282
1244
1260
1256
1171
1223
1096
1111
1131
1035
983
989
965
943
922
836
872
847
796
756
781
761
722
670
638
561
607
571
569
508
501
521
483
404
431
442
419
432
394
379
381
373
378
342
386
365
367
340
318
329
333
313
283
281
302
293
279
288
276
291
268
239
276
265
282
260
243
277
242
222
229
264
257
218
199
238
238
212
218
234
224
218
216
224
237
197
252
224
215
239
251
252
284
233
287
293
311
291
285
324
364
337
371
343
374
390
401
429
423
452
396
454
443
483
434
407
394
439
410
441
403
367
390
384
341
351
321
283
300
287
264
236
221
244
208
194
187
171
186
178
161
152
150
144
158
143
152
154
136
150
150
154
155
150
179
154
166
157
166
152
158
157
151
159
161
160
186
161
168
175
163
171
200
188
173
176
195
177
202
199
170
194
209
186
230
227
222
231
215
215
234
225
237
220
218
237
251
240
238
245
233
263
263
242
244
250
239
235
288
274
275
282
246
253
221
251
243
283
264
266
241
213
254
223
234
251
226
216
223
217
254
222
201
228
216
202
181
197
202
193
180
195
192
178
166
184
147
165
158
139
143
141
154
140
144
106
144
145
145
100
150
113
91
131
111
118
111
122
110
104
100
113
102
104
93
92
109
89
84
101
103
84
78
88
77
89
72
83
98
82
92
72
72
82
89
73
64
79
67
80
78
80
87
73
67
56
66
66
57
73
84
61
65
64
69
60
77
56
62
64
62
62
55
47
58
53
54
51
53
54
49
51
51
67
69
64
50
54
53
41
60
75
56
54
66
46
48
42
60
57
57
63
64
72
49
78
64
54
84
82
60
60
94
68
82
69
73
79
84
79
73
88
64
78
78
77
70
80
60
62
57
55
55
55
63
56
53
57
56
49
49
41
44
39
39
31
46
49
44
40
44
42
54
42
41
39
35
45
45
32
37
47
33
44
48
41
54
46
36
38
42
47
32
39
38
42
35
26
38
32
43
29
36
30
36
32
40
33
33
39
24
28
32
39
26
33
35
29
24
37
28
40
23
35
31
38
33
25
31
36
37
37
30
27
26
32
36
38
26
34
38
26
30
26
36
34
24
28
25
35
31
36
41
30
22
22
28
24
18
31
31
33
26
28
30
34
33
45
33
32
33
37
33
33
36
40
28
29
28
34
23
31
32
22
28
34
31
30
27
32
27
26
32
27
32
30
33
19
29
34
23
32
25
26
25
31
27
26
30
26
18
25
37
27
24
34
25
26
22
23
22
23
23
36
28
32
34
29
28
22
34
23
21
21
29
22
29
28
37
27
21
21
28
18
22
35
21
25
19
24
31
27
19
20
23
26
26
15
27
25
26
26
24
21
28
25
29
20
25
21
31
27
16
25
21
24
25
22
20
30
23
23
17
21
25
30
23
27
30
25
26
26
32
21
27
16
17
25
17
22
17
19
20
25
22
18
28
21
27
19
15
27
19
22
18
14
23
18
14
16
11
18
21
14
16
18
20
23
23
18
16
18
25
26
12
29
19
17
14
20
23
28
21
15
16
10
16
20
14
17
8
16
6
19
16
23
14
15
15
18
29
22
11
14
14
12
19
12
10
17
15
17
24
18
11
16
15
14
15
14
20
20
20
15
17
21
14
16
30
20
14
10
23
18
17
16
13
11
14
9
23
13
7
16
13
9
20
13
18
16
16
20
17
8
10
15
14
16
16
13
16
13
11
7
19
11
15
13
19
16
17
9
12
13
21
11
15
8
22
13
17
16
16
9
16
14
14
18
17
14
11
10
12
10
16
18
15
18
8
19
22
17
8
13
19
12
17
13
10
7
15
21
14
8
11
24
10
11
15
18
11
21
12
12
13
7
9
12
9
7
18
17
9
15
11
13
15
15
15
17
12
9
8
15
9
10
14
18
9
7
13
11
14
13
16
11
13
10
15
12
12
7
10
11
12
12
10
14
10
19
12
8
7
11
14
13
12
9
8
10
9
14
11
11
12
11
11
5
14
11
17
12
11
10
12
11
12
13
17
5
17
10
8
8
9
9
11
6
11
10
14
16
6
16
11
15
7
13
6
9
9
16
6
11
7
16
4
9
16
10
6
13
9
7
8
6
13
10
8
10
6
15
10
8
13
11
10
6
2
9
9
6
12
13
13
9
11
8
10
5
4
6
10
10
10
3
9
6
7
7
9
5
11
7
11
8
7
6
15
10
13
13
8
9
6
12
6
10
6
12
7
10
12
6
10
7
11
10
10
6
2
10
5
9
5
7
5
8
10
4
10
14
7
12
8
4
4
11
9
6
5
10
6
3
6
7
7
6
3
6
11
6
6
3
2
6
9
5
6
3
6
5
8
8
9
5
5
11
12
6
10
12
6
6
4
6
11
9
8
9
4
2
8
12
8
3
16
7
7
4
4
5
9
10
6
10
13
5
2
8
1
6
2
6
7
6
8
6
6
3
6
5
9
3
7
2
8
7
1
3
5
5
5
7
3
2
5
6
4
3
5
7
4
5
5
6
5
1
8
2
9
7
7
8
3
3
6
7
8
2
2
2
5
6
6
8
4
3
6
3
3
10
2
7
3
8
6
6
5
6
3
9
4
2
4
3
8
8
4
5
6
6
4
4
4
7
5
6
4
4
4
2
3
2
6
1
9
4
4
5
7
7
0
4
3
4
5
6
9
3
1
4
5
2
3
3
3
5
1
5
7
6
4
8
4
3
3
6
3
4
6
5
4
4
1
3
3
3
3
3
3
0
2
3
3
4
5
2
4
4
4
4
5
3
4
5
2
6
5
4
5
2
4
2
7
5
0
6
2
3
5
6
2
3
6
5
5
2
2
1
5
3
6
1
3
3
4
1
6
1
2
4
1
2
3
5
4
1
4
4
2
1
4
0
3
3
5
4
6
2
3
3
2
4
4
8
2
6
5
0
3
2
3
4
3
3
1
6
2
1
1
1
2
3
3
2
1
2
5
4
2
2
2
1
1
6
3
4
4
3
1
6
4
3
1
6
2
3
4
1
2
2
1
2
4
2
5
2
1
2
3
2
5
3
2
2
4
0
0
5
1
2
4
0
1
4
2
2
5
2
4
2
1
3
2
3
1
2
2
3
2
4
2
2
1
0
1
0
0
1
1
5
0
0
2
4
1
4
0
1
3
0
1
2
2
2
2
4
2
2
3
0
0
2
3
0
1
0
3
1
3
3
1
6
0
3
2
1
1
1
2
1
1
0
3
7
2
2
1
1
1
2
1
1
1
3
2
1
2
1
3
1
1
1
3
4
4
2
1
0
3
0
2
1
1
3
1
2
1
3
1
2
1
0
2
1
0
2
3
1
0
3
3
3
1
2
5
2
1
0
3
3
1
1
0
1
0
2
0
2
1
1
4
0
3
3
1
1
0
1
1
1
4
1
1
1
2
2
1
1
1
2
1
4
0
2
1
1
0
0
0
0
1
2
1
1
0
0
1
0
0
0
0
1
1
2
2
3
1
1
3
4
0
2
1
1
1
0
1
1
0
0
0
1
2
2
2
0
0
2
2
0
2
0
0
1
1
2
0
0
0
4
2
0
1
2
1
0
0
2
5
0
2
2
0
0
0
0
4
1
0
1
1
1
2
1
2
0
0
1
1
2
1
1
1
1
2
0
1
0
2
0
0
1
3
0
2
1
0
1
3
1
1
0
1
1
0
2
0
0
0
1
1
1
0
0
1
1
2
0
0
0
1
0
1
2
1
1
1
0
0
1
0
0
2
0
2
0
0
1
1
0
1
0
1
1
0
1
1
0
1
3
1
1
2
0
1
1
1
2
1
1
0
0
1
1
0
0
0
2
0
1
4
0
0
1
1
0
0
1
0
1
1
0
1
3
2
1
0
0
0
0
0
0
1
1
0
0
0
0
0
0
1
0
0
2
2
0
1
0
2
2
1
0
0
0
0
1
1
0
1
0
1
1
1
0
0
0
1
2
0
1
1
0
0
1
3
0
0
0
1
1
1
0
1
1
2
0
2
1
1
1
0
0
0
1
0
0
0
0
0
0
0
1
0
1
0
1
1
1
1
0
0
2
0
1
1
2
1
0
0
0
1
1
0
0
1
1
1
0
2
0
0
1
0
0
1
1
1
0
1
1
1
0
0
1
2
0
0
0
0
1
0
1
0
2
1
0
1
0
0
0
0
0
0
0
1
3
1
0
0
0
0
1
1
1
0
0
2
0
1
0
0
1
0
0
1
1
1
1
1
0
2
1
0
3
0
0
0
1
0
1
2
0
0
0
1
0
1
0
0
0
0
1
0
0
0
2
1
0
1
1
1
0
0
0
0
0
0
0
0
2
0
0
0
1
1
0
0
1
4
0
1
0
1
1
3
0
2
0
1
1
2
1
1
0
0
0
0
0
1
1
1
0
1
0
0
0
0
1
1
0
0
0
0
1
0
0
0
0
0
0
0
0
0
0
0
0
0
0
0
1
0
0
1
0
0
0
0
0
0
0
1
0
0
1
0
1
1
0
3
0
0
0
0
0
0
0
1
0
0
0
0
0
1
0
0
0
1
0
0
1
0
0
0
0
0
0
1
0
1
0
0
0
0
1
0
0
0
0
0
0
1
0
0
0
0
0
0
0
0
2
0
0
0
0
0
0
0
0
0
1
0
0
0
0
0
1
0
0
0
1
0
1
0
0
1
0
0
1
0
0
0
0
0
0
0
0
0
1
0
1
0
0
0
0
0
0
1
0
1
0
0
0
0
0
0
