0
0
0
0
0
0
0
0
0
0
0
0
0
0
0
0
0
0
0
0
0
0
0
0
0
0
0
0
0
0
0
0
0
0
0
0
0
0
0
0
0
0
0
0
0
0
0
0
0
0
0
0
0
0
0
0
0
0
0
0
0
0
1
0
2
0
2
1
2
2
5
1
5
5
5
5
0
2
4
5
2
8
9
42
121
359
897
2279
4821
9506
16811
27432
40705
54665
66161
73031
73255
66442
55091
41612
28257
17663
9859
5075
2301
974
366
126
36
15
6
4
3
3
1
1
2
2
0
0
1
0
0
2
1
0
0
0
1
0
0
11
69
59
48
56
52
43
44
66
58
56
54
65
48
57
54
42
52
41
51
57
49
55
49
55
49
55
45
34
63
44
51
41
46
48
56
36
52
40
32
43
40
45
40
50
42
46
52
52
44
33
57
47
46
52
45
47
46
51
75
62
53
61
71
69
88
110
101
132
187
231
274
352
464
506
501
533
533
501
427
363
278
241
202
128
119
79
60
65
67
66
43
46
40
34
52
63
49
38
38
43
41
42
44
44
48
43
47
48
49
50
51
63
60
64
68
62
79
74
97
85
90
87
103
139
173
262
380
560
898
1454
2164
3213
4627
6243
8154
10235
11685
12809
13313
13227
12286
11008
9254
7496
5689
4316
3153
2240
1756
1269
956
786
673
646
597
615
766
914
1229
1549
2012
2489
2911
3473
3722
3946
3889
3633
3391
2870
2389
1937
1460
1096
787
659
481
404
296
299
274
246
186
180
135
96
64
52
39
34
17
9
14
16
12
11
11
20
12
13
5
12
18
12
13
7
13
10
9
16
11
7
9
8
9
7
10
10
5
14
11
11
7
9
8
16
18
21
20
25
26
35
30
27
35
31
33
26
28
30
22
22
20
24
23
30
27
29
28
19
30
21
19
16
29
32
20
16
26
22
22
16
18
22
33
12
8
8
13
8
7
9
9
12
13
6
5
8
13
8
12
8
10
9
11
9
6
11
13
6
10
7
13
8
7
7
12
8
5
6
10
6
11
5
8
5
11
12
10
6
11
9
12
14
12
8
17
9
7
10
9
4
11
10
10
11
5
7
9
15
7
18
10
17
16
18
13
6
17
13
11
15
12
9
13
9
16
11
12
6
6
4
11
10
9
12
8
10
5
10
8
4
5
8
5
18
8
11
7
3
9
6
10
8
8
14
12
10
7
6
10
5
6
6
8
5
3
14
2
7
6
7
7
10
8
6
7
9
12
9
11
14
9
8
9
10
9
12
16
9
5
10
7
8
11
8
10
8
4
12
7
10
5
4
12
5
11
11
9
11
14
9
7
6
12
7
6
7
10
10
8
17
9
9
10
9
6
9
8
8
8
9
6
13
10
6
9
16
9
13
14
11
7
9
10
14
9
7
7
9
8
12
19
15
12
9
8
6
13
11
12
10
13
8
11
11
15
10
15
15
11
7
10
18
10
18
16
15
19
15
13
23
12
11
18
11
15
21
20
14
8
12
21
15
12
17
14
17
13
19
19
18
25
20
21
25
24
29
25
23
32
30
27
21
33
31
46
30
38
27
33
33
27
25
20
40
26
39
30
32
25
35
18
25
20
20
20
18
22
23
26
18
21
23
18
23
24
19
21
22
25
23
25
25
22
17
15
21
26
29
20
27
21
22
21
22
17
21
17
22
35
27
25
22
27
31
30
25
32
33
18
29
27
19
40
36
28
29
28
24
39
33
29
30
30
26
39
47
25
36
41
33
38
31
32
37
36
26
37
31
35
29
25
39
30
35
41
36
38
33
29
32
29
36
46
36
48
35
31
43
33
35
55
44
47
46
43
40
50
46
32
50
40
55
66
61
56
63
61
65
53
67
42
56
53
70
61
58
58
88
55
59
72
69
66
77
77
76
84
67
77
77
71
84
87
90
90
111
95
107
107
158
129
158
147
153
149
158
169
178
183
159
191
168
140
172
139
130
137
122
114
113
109
93
122
104
97
85
77
84
83
79
79
74
83
73
79
69
79
90
97
78
76
83
105
89
73
105
71
89
85
86
77
73
90
75
66
77
74
81
71
76
69
77
79
73
75
76
80
77
88
65
87
82
72
73
69
83
80
76
98
71
79
81
82
93
91
84
82
73
74
79
78
88
79
81
66
79
81
71
61
75
76
85
74
70
86
94
80
82
82
87
78
69
73
65
80
73
78
89
79
83
97
82
72
93
96
82
86
92
96
85
87
108
81
94
100
107
93
83
96
91
101
98
107
91
100
99
80
96
81
108
102
115
119
119
101
112
126
118
111
140
164
145
167
196
243
262
331
432
546
732
945
1189
1545
2024
2447
3168
3854
4517
5212
6129
7012
7845
8616
9182
9819
10287
10481
10494
10009
9961
9200
8524
7801
6900
6065
5310
4347
3746
2978
2469
1905
1475
1132
860
688
540
351
329
257
245
171
136
114
142
115
138
104
130
120
110
127
120
124
107
118
147
112
104
112
114
111
127
141
131
127
123
98
96
120
116
125
120
121
123
100
138
120
129
119
140
117
144
134
139
126
126
143
140
138
115
142
178
160
147
161
155
176
177
174
212
215
244
279
297
357
397
537
548
661
746
874
1015
1052
1183
1218
1387
1391
1478
1476
1387
1477
1413
1285
1284
1182
1031
1013
897
725
628
554
475
410
375
319
292
234
218
199
195
177
166
167
175
189
130
165
162
196
173
177
175
161
194
174
170
193
218
181
229
217
213
245
248
251
272
241
275
232
235
248
251
261
277
259
276
249
283
279
273
268
263
290
285
268
272
254
288
263
280
286
260
255
289
259
246
239
214
268
261
272
256
243
258
221
257
252
231
250
260
216
247
224
228
229
217
228
241
257
250
240
233
254
263
256
222
218
247
207
229
248
251
238
228
227
217
212
216
275
223
241
251
234
224
239
244
247
236
250
239
242
243
200
222
228
224
245
226
239
217
222
209
202
234
191
230
214
230
210
206
225
227
199
198
217
203
207
211
188
212
188
173
209
178
217
204
178
212
195
192
151
204
208
193
194
202
197
204
185
189
193
185
181
184
179
186
188
195
159
184
180
214
167
174
212
195
194
174
225
178
194
211
185
193
192
187
221
197
199
204
187
191
203
192
203
181
188
176
210
187
191
207
202
187
222
234
200
227
209
218
196
211
232
218
198
170
233
195
219
224
228
221
267
238
279
250
213
254
232
279
257
260
239
236
272
221
234
243
233
247
235
248
256
258
250
256
252
276
238
271
255
260
247
246
240
239
268
265
255
248
248
270
251
223
264
226
211
222
282
249
255
258
257
261
214
231
226
243
220
246
254
244
217
231
231
255
266
246
232
241
251
233
225
238
243
228
268
234
243
249
242
245
256
234
237
239
231
230
237
213
248
222
222
236
210
262
236
247
254
245
242
246
234
260
239
209
220
224
232
241
225
214
237
216
223
201
255
233
239
286
235
241
235
249
239
244
223
218
256
254
257
256
228
224
223
272
245
216
244
269
283
256
248
233
233
238
264
247
243
249
248
256
249
291
261
260
262
254
253
291
242
262
242
234
248
254
281
246
266
255
259
283
273
282
263
285
288
277
262
293
276
278
259
301
319
245
253
299
282
275
258
280
306
300
264
268
314
260
304
268
305
302
276
272
303
287
257
282
291
278
291
282
256
287
274
287
266
302
272
304
266
252
273
284
292
282
270
271
269
323
236
263
287
268
286
291
282
248
279
283
291
286
307
276
275
282
294
287
282
295
320
297
246
281
281
309
287
302
295
300
276
254
286
280
276
289
248
287
318
269
253
285
287
285
269
290
258
270
281
265
306
263
270
279
282
250
247
270
256
275
268
272
277
276
267
234
267
261
261
299
260
238
251
260
261
288
253
266
283
262
278
232
252
229
273
255
269
235
270
263
259
236
257
264
241
274
266
288
242
248
275
238
252
266
251
259
243
231
238
241
247
256
259
253
262
248
241
246
254
261
242
236
276
265
252
256
242
285
260
240
245
261
237
280
258
278
278
235
255
261
242
254
244
247
251
260
224
235
282
253
248
243
237
249
223
242
251
275
258
265
222
257
225
244
235
278
256
269
239
237
222
241
227
236
267
262
266
260
236
209
237
254
235
251
242
254
252
212
264
236
256
260
235
229
244
238
248
235
236
281
258
243
284
242
262
249
213
252
237
245
252
267
235
239
248
251
220
263
236
258
253
244
223
249
283
240
242
237
250
261
235
218
244
252
250
227
241
267
230
239
262
228
251
256
254
251
230
261
242
247
262
264
273
241
303
231
235
251
273
237
252
261
242
278
228
264
274
275
259
246
274
254
276
276
282
276
242
250
244
255
250
267
267
281
303
275
278
288
298
275
270
315
259
287
314
327
292
306
301
315
325
330
326
296
332
306
343
310
326
360
307
348
351
345
322
338
330
360
336
350
386
373
336
406
339
398
397
393
362
374
379
413
404
413
428
444
437
440
439
442
443
484
524
498
542
508
522
552
557
552
593
590
600
677
676
661
696
741
735
783
801
803
875
830
916
935
964
969
1056
1038
1078
1078
1038
1151
1136
1201
1224
1262
1307
1314
1355
1379
1311
1339
1364
1348
1448
1388
1442
1445
1476
1406
1455
1460
1410
1447
1474
1398
1439
1448
1353
1426
1329
1338
1289
1257
1240
1191
1266
1195
1136
1134
1127
1071
1061
1047
1011
940
939
917
900
846
817
761
738
719
766
638
654
627
644
576
568
520
532
539
474
527
452
439
454
448
424
422
403
385
419
350
373
365
354
353
327
336
336
322
335
298
316
328
288
284
315
281
264
268
259
260
265
254
280
259
274
218
235
235
245
249
205
226
229
217
211
225
203
214
219
223
248
207
227
207
224
220
261
241
275
268
257
277
308
292
315
324
357
355
364
393
394
382
397
405
438
434
447
471
488
505
467
478
456
468
466
465
488
466
427
416
410
406
386
348
313
303
289
270
260
276
203
210
222
201
207
169
179
176
154
170
166
153
161
137
150
121
163
164
180
176
127
142
150
153
142
184
169
147
148
130
170
170
161
179
165
172
170
161
169
176
173
183
198
207
160
205
199
201
184
209
192
192
205
217
221
220
217
235
245
249
268
245
223
230
255
283
246
235
254
292
264
274
298
248
272
252
250
234
253
252
247
262
244
243
252
244
242
236
245
223
243
227
252
223
234
232
225
209
207
212
191
213
217
205
174
197
170
205
200
178
179
134
147
153
176
148
149
144
129
141
150
155
133
124
161
116
132
121
125
119
100
106
119
118
116
119
117
96
84
93
98
83
105
99
83
96
95
89
92
110
75
103
67
65
80
72
91
66
72
84
64
92
78
88
76
61
65
75
69
64
72
70
77
62
61
60
67
53
63
88
78
58
49
71
58
60
66
60
56
62
59
56
66
69
60
68
62
65
46
43
60
59
59
70
49
50
58
56
45
56
58
54
47
44
52
53
58
56
48
59
57
50
46
71
76
64
83
77
60
87
68
84
81
75
76
79
67
72
74
73
68
59
76
68
70
55
53
59
55
59
67
53
39
50
57
56
45
51
38
47
45
49
43
55
38
41
40
42
58
42
30
51
45
45
44
40
45
45
44
38
53
42
34
40
47
48
32
57
40
44
23
41
42
34
36
37
45
29
48
37
32
38
37
39
31
33
35
30
34
38
36
31
33
31
40
32
28
20
28
31
34
33
38
18
31
32
35
34
32
32
36
33
28
18
38
32
28
30
27
31
39
23
25
15
26
21
34
21
37
34
35
41
40
19
34
31
39
24
36
25
39
22
28
26
24
26
36
41
26
34
24
30
22
25
31
23
27
29
34
29
18
30
29
29
25
28
37
26
27
17
30
32
30
22
22
33
27
29
36
40
42
29
24
31
16
28
24
32
26
16
29
20
28
27
39
24
23
18
14
21
14
32
30
15
29
21
21
14
23
22
33
30
16
28
29
15
29
25
22
18
23
21
29
19
31
23
27
30
16
22
19
22
20
20
22
23
23
17
23
18
27
18
27
20
31
22
25
26
27
28
16
20
23
16
23
16
23
19
19
16
17
20
18
23
27
16
24
17
16
25
21
25
26
19
19
21
21
14
25
14
17
22
22
20
19
21
24
21
21
15
21
18
16
18
23
17
21
29
17
16
16
16
18
18
21
17
22
17
30
18
14
22
19
17
15
28
13
19
17
20
16
25
12
25
28
22
23
13
12
16
21
14
10
15
17
13
19
19
12
17
19
13
17
16
16
9
12
17
21
18
14
17
20
19
19
7
15
19
18
16
21
16
17
16
6
20
19
24
21
10
14
14
16
15
11
14
11
18
16
18
17
12
17
18
17
21
16
17
22
11
22
16
17
24
12
22
16
9
14
11
18
13
20
7
11
14
17
13
15
14
14
13
14
9
21
10
14
13
13
13
11
9
15
13
7
12
15
9
12
8
9
15
12
10
13
11
11
15
12
5
17
14
12
7
14
19
15
13
7
14
11
17
14
10
12
16
14
8
6
11
12
11
16
13
7
8
11
10
14
12
13
13
13
12
11
14
11
11
13
7
13
11
9
9
9
11
13
6
8
10
8
10
7
15
15
13
9
10
15
11
22
7
8
10
8
5
9
9
13
6
14
9
8
18
11
12
22
13
13
18
10
8
7
10
3
15
5
9
9
15
4
11
10
10
8
13
13
14
12
12
5
7
9
8
9
8
10
10
9
13
18
11
14
10
9
11
9
8
8
14
8
7
9
12
12
10
8
8
10
10
13
9
9
9
6
6
10
14
6
15
12
5
9
5
9
12
8
12
8
11
2
10
8
12
10
12
7
5
7
6
7
9
7
8
6
8
2
7
6
10
6
3
5
8
9
9
11
11
11
7
7
5
5
6
4
8
9
15
6
10
5
7
3
6
7
1
6
9
6
6
13
11
7
4
11
6
4
6
4
8
15
6
10
9
11
4
5
5
9
8
7
5
8
4
7
4
10
6
9
8
11
6
9
6
4
9
2
3
11
8
8
5
4
10
5
4
8
7
5
6
9
9
6
6
4
3
7
3
7
6
6
3
3
6
13
6
3
10
11
6
6
6
3
8
8
8
9
10
5
10
6
7
6
4
8
7
3
7
6
8
9
5
4
6
3
5
4
8
7
3
4
3
6
3
4
1
7
7
4
4
3
5
6
5
10
4
7
5
7
4
3
7
4
5
4
5
3
2
7
7
9
3
7
4
5
1
4
4
5
8
3
7
3
4
4
4
2
3
5
3
3
5
5
3
5
5
7
4
5
3
3
7
4
2
4
5
6
2
9
5
10
5
8
7
7
4
4
5
6
3
5
4
5
5
1
5
1
8
2
3
10
4
6
2
7
4
4
5
2
4
5
4
7
6
3
1
5
5
4
1
3
5
3
5
5
4
3
4
6
4
8
5
3
3
0
1
2
7
5
7
2
5
2
5
0
2
4
5
3
0
1
3
3
5
1
6
5
4
0
4
3
4
1
4
2
3
1
3
5
7
2
4
4
5
2
1
6
4
1
3
3
5
6
2
4
1
3
2
5
1
2
2
4
1
2
3
1
1
1
0
2
2
2
1
2
4
2
4
0
2
3
1
4
1
4
4
1
2
8
3
4
2
3
4
4
2
3
2
0
3
4
3
0
2
1
1
4
2
2
4
2
3
1
0
2
3
4
1
5
1
3
3
1
4
1
5
3
2
1
2
4
0
2
2
4
1
4
3
3
4
2
2
3
1
3
2
4
3
1
3
2
0
3
0
4
5
3
1
2
2
2
4
2
3
1
3
4
4
0
3
4
6
0
3
2
3
3
3
3
3
1
3
3
3
5
1
5
2
3
1
3
1
2
1
1
2
1
2
1
4
1
0
1
2
1
2
2
1
1
0
1
2
2
1
2
4
1
3
0
1
0
0
3
2
3
2
4
2
2
1
1
1
3
2
1
1
4
1
4
1
1
3
2
3
1
3
3
1
0
2
4
0
1
1
1
0
2
0
1
1
1
2
2
1
0
2
1
3
0
3
3
2
1
0
1
3
0
4
2
3
1
2
0
0
2
0
1
2
2
2
0
0
2
2
4
2
1
0
1
0
1
0
3
0
0
0
0
1
1
2
1
1
1
2
1
0
1
0
0
1
0
0
0
0
2
1
3
0
1
1
3
0
2
1
1
1
0
0
1
2
3
0
1
1
3
0
0
1
1
1
1
0
0
0
1
2
1
1
0
0
0
2
2
2
5
2
1
1
1
0
0
1
0
0
1
0
1
1
1
3
0
2
1
0
1
0
1
0
1
1
2
2
1
1
1
1
2
2
1
2
3
2
0
1
1
2
0
0
0
1
1
1
0
2
1
0
1
1
0
2
1
0
2
0
1
0
0
1
0
0
1
1
1
2
0
0
0
0
0
1
2
1
1
1
1
0
3
0
3
1
0
2
0
2
0
0
2
1
0
2
0
1
0
0
1
0
1
0
0
1
0
1
2
1
2
1
2
0
2
1
1
2
0
0
1
0
0
0
2
0
0
0
2
0
0
1
0
0
0
0
1
0
0
1
0
1
0
0
1
1
0
0
0
1
0
0
1
3
0
0
0
1
0
1
0
1
0
1
1
0
1
0
0
1
0
0
0
1
0
2
0
0
0
1
0
0
0
0
0
2
1
0
0
0
1
0
1
0
0
0
0
0
0
3
1
0
0
0
0
2
2
0
0
0
0
0
1
0
0
0
0
1
1
0
0
1
0
0
0
1
0
0
0
0
1
0
0
0
0
0
1
0
1
0
1
0
0
0
0
1
0
0
1
0
0
0
0
2
0
3
1
1
0
0
0
0
0
1
0
0
0
2
0
0
0
1
0
0
0
2
0
0
0
0
1
0
0
0
0
0
2
0
0
0
0
4
0
2
1
1
1
0
1
0
1
0
0
0
2
1
0
1
0
2
0
0
0
0
0
1
0
0
0
2
0
1
0
0
1
0
1
0
0
0
0
0
0
1
0
0
0
0
1
1
0
2
0
1
0
0
0
0
0
0
0
0
0
1
0
0
0
1
2
0
0
0
1
0
1
0
0
1
1
0
0
0
0
0
0
3
0
0
0
0
0
0
1
1
0
0
0
2
1
0
0
1
0
3
0
0
1
0
1
1
0
0
1
0
0
0
0
1
0
1
0
0
0
1
0
0
0
0
0
0
0
0
0
0
0
0
0
1
2
1
0
0
0
1
1
1
0
0
0
0
0
0
0
0
0
0
0
0
0
0
0
0
0
0
0
0
0
0
0
0
0
0
0
0
0
0
0
0
0
1
0
0
0
0
0
1
0
0
0
0
1
0
0
0
0
0
0
1
0
0
0
0
0
0
0
0
0
1
0
0
0
0
0
0
0
0
0
0
0
0
0
0
0
1
0
0
0
0
0
0
