0
0
0
0
0
0
0
0
0
0
0
0
0
0
0
0
0
0
0
0
0
0
0
0
0
0
0
0
0
0
0
0
0
0
0
0
0
0
0
0
0
0
0
0
0
0
0
0
0
0
0
0
0
0
0
0
0
0
0
0
0
1
0
1
0
1
1
0
4
0
4
1
1
1
4
3
2
1
0
2
1
3
11
35
117
355
951
2286
4755
9279
17004
27632
40555
54066
66412
73135
73491
66514
55474
41332
28405
17438
9780
5137
2351
1035
406
132
40
9
7
4
2
2
4
2
0
6
3
3
2
2
1
1
0
1
0
1
0
1
0
6
76
65
68
57
66
53
74
51
63
53
50
47
49
53
56
46
48
50
53
44
43
48
44
46
44
68
41
42
26
40
39
42
48
38
48
38
53
50
37
50
41
50
54
47
41
71
37
53
52
51
46
50
54
48
46
46
58
59
75
59
61
73
80
78
77
85
121
144
175
267
277
326
411
495
480
550
520
477
386
374
282
206
166
158
124
95
111
62
67
49
51
45
44
46
50
49
41
47
41
62
37
37
28
39
33
50
53
42
48
50
44
47
63
75
62
63
69
89
68
60
88
124
104
123
181
227
370
584
948
1447
2246
3286
4876
6335
7962
9953
11632
12837
13324
13248
12369
11068
9204
7408
5812
4336
3188
2301
1663
1215
965
851
701
575
588
647
683
919
1207
1499
1980
2373
2878
3325
3612
3929
3943
3722
3304
2894
2325
1811
1525
1029
790
603
468
418
300
293
261
216
195
139
143
95
66
56
35
16
19
17
14
13
12
11
10
6
12
10
11
11
7
8
7
16
13
8
8
13
11
9
5
7
5
12
12
11
10
12
13
4
6
26
12
17
15
10
29
23
25
26
25
32
35
21
33
29
31
23
21
18
15
17
21
18
17
18
29
22
27
36
27
12
20
16
22
25
22
13
17
25
21
18
14
18
11
12
10
16
11
6
11
8
7
13
12
8
5
8
8
8
10
9
6
9
9
10
4
5
7
8
7
3
3
11
6
12
6
9
9
9
6
9
6
6
9
10
15
10
12
12
5
11
6
12
10
11
5
8
8
14
10
7
12
10
5
14
4
13
11
10
11
10
17
15
16
16
9
11
11
18
7
8
13
7
6
6
12
8
7
2
14
9
10
13
7
9
4
10
6
2
8
13
12
9
9
12
12
10
8
9
6
3
4
3
8
5
7
5
10
5
11
6
7
6
15
4
9
4
10
12
6
7
11
6
11
2
11
5
11
4
4
2
7
6
5
10
7
5
5
6
8
11
10
2
6
6
8
11
12
11
8
5
13
6
5
9
6
7
9
7
5
8
8
7
11
12
10
8
11
6
12
8
11
10
12
8
8
3
9
9
3
9
6
6
7
6
12
17
9
8
6
10
12
9
12
11
13
14
7
11
16
9
17
14
11
11
13
14
6
9
9
8
14
13
13
13
4
13
12
17
14
15
12
8
12
11
16
15
10
18
9
10
12
18
12
16
12
12
10
17
11
17
16
17
17
17
20
22
23
17
20
24
20
21
19
22
23
21
23
25
37
24
28
27
29
33
26
29
35
34
32
16
33
26
25
29
38
24
35
34
26
26
32
23
24
23
22
26
28
22
16
17
22
12
13
8
19
14
15
14
14
15
15
19
25
18
29
20
16
23
26
19
18
19
22
19
23
32
22
27
28
19
29
26
29
25
29
21
28
23
29
27
23
24
28
27
27
31
38
42
36
36
35
31
32
23
47
23
32
32
20
32
30
27
37
33
37
40
36
28
36
29
34
34
37
39
33
30
43
44
35
51
37
38
46
20
46
40
30
42
33
46
54
42
42
43
47
43
47
59
61
55
41
60
72
55
64
64
51
52
57
47
52
55
54
70
63
62
52
59
58
65
64
70
77
65
72
73
72
83
76
85
77
103
81
111
115
117
110
156
135
148
140
163
199
167
177
180
169
174
161
169
177
165
148
140
134
133
127
115
128
121
123
74
98
84
88
90
84
115
76
84
88
85
105
80
95
88
78
77
95
80
87
87
88
80
87
75
77
76
66
66
68
74
62
69
69
90
79
90
72
74
79
71
87
70
77
73
85
74
65
74
68
84
73
75
61
75
79
73
84
90
89
65
69
76
80
76
79
78
79
67
85
79
67
63
78
76
74
82
77
80
72
67
78
90
87
69
70
83
63
80
92
84
75
78
84
79
63
86
79
88
89
86
95
87
83
98
93
98
102
98
96
85
111
81
89
91
83
66
85
96
93
87
89
97
92
90
97
102
95
105
118
116
99
120
118
110
125
125
145
156
177
197
228
271
358
427
568
719
925
1166
1535
2027
2553
3088
3746
4445
5378
6187
7041
7782
8668
9495
9759
10247
10651
10293
10244
9910
9266
8466
7659
6938
6035
5275
4394
3665
2977
2404
1973
1529
1187
889
698
536
421
290
241
197
179
214
142
140
136
138
108
119
98
128
114
118
126
106
136
127
125
126
117
117
131
128
127
130
123
124
123
122
123
123
114
127
116
138
121
108
114
119
149
144
126
126
130
133
145
140
128
135
140
132
164
146
143
151
144
158
178
176
183
231
200
262
287
303
387
420
465
573
672
780
868
943
1093
1240
1252
1328
1380
1448
1471
1499
1534
1418
1356
1245
1197
1060
929
830
796
640
557
499
430
342
305
276
226
232
209
199
183
188
140
182
148
154
171
193
181
167
185
152
188
172
193
185
217
199
225
218
228
218
226
232
249
249
267
249
256
259
267
256
267
302
317
279
269
287
304
279
280
318
286
278
301
274
275
264
277
279
287
279
278
280
296
264
268
270
250
270
270
223
253
249
246
254
214
258
262
231
246
237
233
227
197
247
225
269
240
258
251
211
246
232
209
252
225
245
217
213
239
221
224
226
253
214
239
219
241
247
209
236
251
219
227
240
237
241
247
240
249
250
233
251
239
223
237
209
253
209
237
220
232
242
223
206
203
211
215
184
214
213
195
224
195
233
221
179
202
177
206
209
195
203
196
198
194
214
204
231
209
155
197
197
176
184
188
188
172
209
200
186
178
208
201
177
217
219
181
173
176
205
202
170
215
205
191
176
223
185
187
176
177
178
199
177
180
186
195
194
203
176
223
211
210
182
215
219
190
194
199
214
204
210
209
225
208
218
208
216
188
219
226
210
222
249
212
214
224
220
215
210
262
224
233
242
225
209
248
239
258
247
268
220
250
227
235
252
235
270
248
248
245
258
275
268
243
276
242
256
271
276
259
234
270
273
301
267
288
262
280
256
263
272
247
257
255
242
248
252
250
230
225
242
242
246
221
252
228
236
241
221
256
252
255
231
238
237
231
248
232
241
257
244
243
232
224
229
240
234
234
233
245
224
266
230
224
274
235
235
204
257
240
229
226
220
241
227
226
217
241
222
234
214
228
259
213
243
243
232
250
244
211
238
229
240
240
209
239
237
245
269
256
244
266
264
269
261
251
228
258
237
236
233
264
248
244
259
252
262
243
248
246
244
250
240
236
242
232
279
250
266
250
267
284
273
242
269
243
239
239
279
249
240
269
253
274
279
272
231
267
251
278
305
255
253
279
265
282
251
246
256
258
273
296
268
277
252
276
276
274
239
276
303
297
264
264
286
268
280
248
265
287
281
263
284
274
285
308
288
281
255
262
274
309
286
297
268
280
286
299
279
275
291
272
261
291
261
269
316
278
275
273
292
290
274
268
270
256
308
248
300
297
263
302
328
304
286
301
312
299
292
309
301
263
289
289
292
287
266
304
279
293
309
291
280
279
272
268
278
274
264
280
295
269
283
260
288
253
261
270
270
269
268
252
270
257
269
267
253
300
256
259
246
268
244
253
261
245
261
278
253
258
270
235
268
263
282
280
216
239
235
244
252
259
239
232
247
273
246
240
229
256
234
245
218
260
261
236
250
246
275
260
247
232
241
264
244
253
271
236
256
259
269
264
249
283
270
270
256
233
241
249
243
264
244
255
248
250
253
246
260
244
267
262
240
246
243
261
272
248
261
271
253
265
250
245
272
260
249
285
235
268
265
257
256
264
266
249
220
252
238
275
251
254
263
267
253
256
244
244
252
239
230
235
239
281
258
255
213
268
256
257
237
230
259
229
227
236
255
235
228
244
230
266
245
233
251
219
252
248
271
245
239
260
248
270
254
264
236
228
274
256
262
222
240
241
234
249
237
240
229
235
268
245
255
242
229
241
256
231
245
236
231
220
229
257
282
264
249
235
284
263
296
241
239
241
246
250
239
242
234
266
253
237
250
268
265
308
257
253
273
257
245
252
267
265
270
260
265
307
258
278
274
273
280
255
291
265
259
280
267
255
272
276
291
303
298
285
303
320
278
294
297
297
281
298
318
320
306
308
318
320
308
335
343
310
316
311
361
342
341
339
334
332
324
351
373
383
348
362
379
379
339
399
375
359
386
362
389
384
397
425
431
417
419
417
468
443
463
496
464
473
466
517
525
518
571
622
571
574
616
600
635
636
675
747
734
778
733
825
851
791
902
907
908
897
929
1026
993
1051
1081
1102
1082
1181
1157
1145
1240
1168
1287
1293
1279
1284
1412
1391
1432
1463
1406
1355
1419
1457
1469
1484
1516
1475
1515
1455
1402
1382
1378
1419
1364
1319
1347
1309
1312
1221
1321
1281
1126
1182
1070
1144
1083
1074
1026
994
942
908
866
879
853
824
762
740
713
650
686
663
626
602
557
515
530
556
521
484
512
467
470
456
426
445
465
368
375
386
363
362
367
335
322
340
337
317
305
280
288
311
299
270
348
283
259
240
279
265
279
279
267
245
242
233
226
247
217
211
237
254
206
190
223
217
255
208
232
205
226
239
201
211
217
218
229
257
221
258
291
273
329
288
333
315
314
327
343
389
375
413
381
401
447
448
462
426
433
485
488
458
490
426
465
436
489
427
447
455
404
374
373
372
326
332
332
292
269
255
259
222
201
228
200
176
196
171
181
177
177
163
142
158
149
141
157
136
143
172
138
164
141
148
168
162
175
165
163
169
174
191
141
174
170
189
165
136
203
183
151
177
157
193
195
192
205
182
197
218
224
199
189
202
218
228
207
206
215
239
244
216
237
222
249
263
254
238
244
219
212
248
273
268
265
277
241
271
265
283
246
250
282
250
257
268
250
248
259
251
224
235
260
196
229
211
229
207
235
198
211
222
207
204
182
159
206
174
195
166
177
180
151
152
190
161
169
155
142
162
155
147
146
133
132
125
138
154
123
112
110
119
115
120
127
104
91
102
90
127
99
114
98
97
73
93
86
83
100
97
75
88
78
105
79
70
76
84
85
83
69
80
82
81
74
76
85
68
68
68
65
65
47
74
72
68
63
65
74
60
76
65
68
63
56
61
56
69
65
50
71
59
64
60
60
47
63
45
50
59
66
73
71
46
50
47
43
55
52
45
61
52
56
47
70
46
62
51
57
69
48
56
55
67
69
62
74
58
76
73
83
61
76
84
78
81
85
67
94
84
78
87
71
66
70
62
67
56
48
65
64
55
61
56
48
51
45
59
43
34
63
47
50
39
51
43
33
50
50
34
43
43
52
48
46
31
42
38
42
41
32
40
32
45
42
46
42
52
45
50
46
41
38
35
49
40
41
53
43
36
37
27
31
36
35
31
28
30
32
35
33
29
34
24
35
31
43
31
35
25
24
32
28
36
27
33
23
39
24
23
21
33
43
30
31
31
33
23
35
32
30
35
46
34
29
37
38
32
26
37
33
27
29
25
26
37
28
31
36
30
30
38
29
37
36
23
31
25
25
36
25
26
29
32
31
37
33
26
34
34
27
28
27
29
24
23
27
31
21
32
38
32
32
29
19
24
18
29
30
36
25
21
15
32
26
23
29
26
19
22
27
33
26
36
35
31
29
29
23
23
22
22
22
29
30
30
18
29
33
16
28
24
19
30
21
23
20
20
17
28
26
28
23
22
24
16
25
32
17
25
24
29
26
34
17
24
21
23
16
25
23
27
21
19
26
22
19
24
17
21
22
17
17
16
27
16
11
16
19
11
23
26
23
24
27
25
21
21
22
21
19
24
24
22
20
22
26
24
29
22
28
17
21
15
23
23
16
19
10
24
26
21
31
22
16
14
18
19
17
14
24
20
18
16
18
14
19
22
19
16
15
29
23
26
12
19
18
14
23
17
19
11
14
21
18
14
26
18
18
20
19
23
22
13
15
15
11
23
17
26
21
22
11
14
11
13
10
11
31
11
22
14
16
20
13
15
20
18
13
14
26
13
24
24
9
21
22
19
16
21
9
20
19
17
12
20
25
13
14
17
13
12
20
9
10
11
12
15
16
18
15
15
12
14
12
11
15
11
15
13
14
11
19
6
10
12
18
20
14
12
12
11
16
17
17
18
16
9
17
13
23
17
17
16
11
8
18
18
17
12
9
20
11
10
14
13
13
19
15
15
9
9
18
11
15
20
17
16
22
15
14
10
9
12
9
17
12
11
13
8
17
12
12
8
18
11
11
15
6
11
22
13
6
14
10
9
10
13
9
8
12
14
16
18
10
14
13
14
6
16
11
6
9
12
14
9
11
8
11
9
24
9
9
9
11
12
15
9
12
10
11
10
10
12
14
9
14
5
11
7
13
17
10
13
9
7
11
9
10
9
9
9
13
9
9
10
13
7
7
8
15
7
5
3
7
7
11
9
16
18
16
10
11
11
12
9
12
13
13
7
10
4
11
4
7
8
5
15
9
6
9
9
6
8
9
7
5
10
8
4
10
8
7
8
4
8
9
8
14
11
11
7
9
8
3
7
3
6
9
13
10
6
7
15
7
7
8
6
4
10
5
10
9
13
8
10
6
9
6
3
4
6
7
7
6
6
4
3
8
8
11
9
7
7
8
6
7
10
6
6
4
6
6
13
7
5
7
7
8
7
10
10
8
6
4
8
4
5
5
10
8
6
5
8
7
8
8
5
7
4
3
8
5
5
3
15
8
8
8
3
6
5
5
8
3
2
7
3
10
7
1
8
2
7
7
4
4
5
6
5
3
10
5
2
8
7
9
8
5
4
11
8
4
4
9
4
5
4
7
3
8
3
6
5
15
9
6
6
6
5
3
2
8
8
5
3
3
7
2
3
5
8
9
4
4
5
5
5
3
6
5
3
5
4
7
3
6
5
2
5
8
4
5
5
4
4
5
5
3
6
4
6
3
3
3
5
1
8
10
3
4
8
8
2
3
4
6
5
1
2
4
7
9
7
7
5
3
3
2
6
2
4
3
10
6
4
3
6
5
4
6
6
3
5
2
3
2
7
4
3
8
4
2
4
4
6
3
6
2
1
7
2
3
5
3
3
1
4
4
6
2
3
4
3
5
4
4
3
1
6
3
4
6
3
4
5
3
3
2
3
4
1
3
3
5
2
5
2
4
1
7
3
1
4
3
5
0
1
3
1
8
2
3
4
0
0
3
4
2
1
2
1
4
5
4
0
2
5
4
0
4
6
3
3
4
2
5
3
3
4
2
4
2
1
3
2
3
3
0
2
1
0
4
3
2
6
0
6
5
1
3
1
3
1
2
4
3
0
1
0
3
2
5
1
4
4
1
4
2
2
2
2
2
4
4
0
1
1
4
6
2
3
2
1
3
2
3
0
2
3
2
1
1
1
0
0
5
0
0
2
4
2
0
1
1
2
0
4
3
2
2
2
3
4
2
3
4
0
3
4
2
3
3
3
4
4
4
3
4
0
3
4
1
3
2
4
3
4
1
3
1
4
0
3
1
1
2
0
2
1
0
3
0
1
1
3
1
2
3
1
1
1
2
5
2
2
2
4
2
3
1
1
3
0
5
2
2
2
5
0
3
0
1
0
2
3
2
3
3
3
1
1
0
1
3
2
2
2
1
3
4
4
2
5
2
1
4
2
2
2
4
0
4
1
0
0
3
1
1
1
0
3
1
3
2
1
0
2
0
2
1
3
2
2
0
2
2
1
0
0
3
0
1
2
1
2
2
1
0
1
4
4
2
1
0
2
1
2
1
1
1
0
5
1
5
1
0
2
0
1
0
0
1
3
0
1
3
2
1
0
2
0
2
1
2
2
3
2
1
2
1
2
0
0
3
2
0
1
2
1
1
3
1
0
1
2
1
0
2
1
2
2
1
0
1
0
1
0
3
2
1
0
1
0
2
0
0
0
5
1
1
4
2
1
1
0
1
1
2
0
1
0
1
1
0
0
0
1
1
1
3
0
0
1
0
0
0
2
2
0
1
3
0
1
0
0
2
0
0
0
0
1
0
1
2
0
2
1
1
0
2
4
1
0
0
0
1
0
1
1
0
3
2
0
0
0
2
0
0
0
5
1
1
1
0
0
1
3
0
0
2
0
3
2
0
0
1
1
0
0
0
0
1
1
1
0
0
1
3
0
2
0
0
1
0
0
0
1
0
0
0
0
1
2
0
0
2
0
1
1
1
1
1
1
1
1
0
0
1
1
0
1
0
0
1
0
1
0
0
1
3
0
2
0
0
0
1
1
0
1
1
0
2
1
0
0
0
0
1
1
0
1
0
2
0
0
2
1
2
0
0
1
0
1
1
2
0
0
0
0
0
2
2
0
0
0
2
1
0
0
1
0
0
1
0
0
1
0
1
0
0
1
0
0
0
1
0
0
0
0
0
1
1
1
0
0
0
0
0
1
0
3
0
0
1
0
0
0
1
0
0
0
0
2
1
0
0
0
0
0
3
1
0
1
0
0
0
0
1
0
1
0
1
1
0
1
1
0
1
1
0
0
0
0
0
0
1
2
1
1
2
2
0
0
0
1
0
0
1
1
0
1
0
1
0
0
0
0
0
0
0
1
0
1
1
0
1
0
0
0
1
0
0
0
2
0
1
0
0
0
1
1
1
0
0
0
2
0
0
2
0
1
0
0
0
0
1
1
1
3
1
1
0
0
0
0
0
0
0
0
0
0
0
0
1
0
1
0
1
0
0
1
0
0
0
0
0
0
1
0
0
0
0
1
0
0
0
1
0
0
0
1
0
0
0
0
0
0
0
0
1
2
0
0
0
0
0
1
0
0
2
0
0
1
0
0
0
0
0
1
0
0
1
0
0
0
0
0
0
0
0
2
0
0
0
0
0
0
0
0
0
1
0
0
0
0
0
0
0
0
0
1
0
1
0
0
1
0
1
0
0
0
0
0
0
0
0
1
0
0
0
0
0
2
0
0
0
0
0
0
0
0
0
0
0
0
0
0
0
0
0
1
0
0
0
0
0
0
0
1
1
0
0
0
0
1
0
0
0
1
0
2
1
0
0
0
0
0
0
0
0
0
0
1
0
0
0
0
0
1
0
1
0
0
1
0
0
0
0
0
0
0
0
0
1
0
0
0
0
0
0
0
0
0
0
