0
0
0
0
0
0
0
0
0
0
0
0
0
0
0
0
0
0
0
0
0
0
0
0
0
0
0
0
0
0
0
0
0
0
0
0
0
0
0
0
0
0
0
0
0
0
0
0
0
0
0
0
0
0
0
0
0
0
0
0
0
0
0
1
0
0
2
0
2
3
1
1
6
2
4
2
1
1
3
3
1
8
15
36
120
325
906
2246
4771
9680
16789
27651
40753
54710
66369
73127
73409
66367
54803
41399
28196
17645
9704
4906
2311
1059
354
128
60
22
8
0
6
5
1
3
2
2
3
3
1
0
1
1
1
0
0
0
1
1
0
5
70
55
77
65
53
49
58
51
67
59
61
41
50
60
43
71
45
56
55
52
45
39
49
45
33
41
38
33
46
43
43
39
73
38
48
52
50
47
41
43
40
49
42
44
44
37
54
50
35
39
45
39
51
47
48
48
55
55
74
51
57
63
63
67
72
101
105
136
170
222
286
362
459
468
479
524
474
451
434
364
318
239
202
140
120
108
73
68
55
52
51
52
38
46
48
46
44
36
46
43
42
47
35
43
48
51
40
50
49
48
43
52
59
58
66
69
70
71
74
73
68
95
117
118
193
240
364
524
891
1412
2252
3271
4743
6257
8027
10107
11778
12952
13154
13189
12504
11181
9314
7302
5802
4228
3154
2233
1689
1242
978
811
696
607
580
623
750
951
1193
1590
1968
2576
2932
3370
3788
3828
3981
3735
3406
3031
2396
1943
1562
998
830
613
497
422
345
315
250
227
203
130
133
96
74
57
24
34
17
15
14
15
16
13
12
16
8
10
13
14
19
11
6
16
7
6
10
12
10
11
6
11
10
14
6
9
7
12
13
10
6
11
14
21
13
15
20
23
21
35
32
24
30
30
29
31
34
34
19
31
19
17
16
30
20
38
26
30
26
24
22
17
20
24
16
25
17
21
23
20
23
15
21
14
10
13
19
11
12
13
15
12
9
10
13
9
11
11
8
6
5
13
7
10
12
7
7
8
12
7
13
5
16
6
6
8
7
4
13
5
6
11
11
5
8
12
9
6
11
10
7
7
6
8
8
8
5
10
9
11
6
6
6
20
6
9
10
14
8
15
7
12
14
11
19
8
11
12
17
12
11
7
8
11
8
13
7
5
8
7
6
11
5
10
2
7
8
11
4
8
6
7
7
6
14
7
11
4
9
4
10
6
5
11
7
7
6
12
3
5
7
6
3
11
12
4
11
6
12
8
7
8
8
10
10
8
4
2
7
7
11
7
5
7
2
8
10
7
8
9
8
10
6
7
11
5
5
8
7
12
10
9
7
7
3
11
8
4
9
9
16
7
6
7
7
12
7
11
10
5
8
17
8
8
14
5
11
9
2
8
7
7
10
12
15
6
5
8
13
13
13
6
14
15
11
13
8
9
13
5
15
7
7
10
13
13
10
10
9
14
16
14
7
14
9
11
11
5
12
9
10
13
11
12
14
12
16
7
13
7
10
6
9
10
7
12
15
7
16
14
20
20
11
11
12
10
14
20
21
12
18
26
28
26
23
16
24
27
34
26
28
31
27
31
27
23
25
30
22
34
25
22
28
28
21
40
27
34
29
34
28
26
27
24
18
15
32
24
26
27
23
28
17
23
19
22
10
19
21
20
18
23
21
11
18
22
18
26
20
25
20
24
26
18
23
24
29
28
25
30
28
21
23
30
22
19
28
39
18
21
31
36
37
29
20
41
26
30
29
27
35
25
37
31
28
38
31
27
23
30
30
35
31
33
32
32
33
32
31
30
42
27
41
35
26
26
33
37
37
38
35
44
35
35
51
37
29
32
49
35
47
43
37
52
45
45
54
44
41
48
40
61
59
45
43
75
53
50
68
70
57
74
70
68
83
59
57
65
68
53
64
68
68
63
64
73
85
55
83
70
84
86
92
95
114
98
99
115
122
118
144
140
142
155
159
173
169
180
176
165
185
166
175
167
145
164
139
136
120
103
98
104
95
93
98
82
86
83
103
83
73
65
85
77
79
66
72
94
98
78
81
79
91
77
59
91
72
77
70
80
61
87
78
71
79
82
80
67
68
81
65
90
73
77
77
89
79
59
72
87
93
63
93
75
85
68
79
81
84
69
65
73
79
78
74
57
74
83
67
91
76
60
72
73
70
92
71
77
79
90
75
76
62
81
80
89
80
91
76
84
89
61
76
77
80
87
88
76
85
95
105
84
100
88
85
83
93
87
91
68
83
85
79
90
94
85
78
94
85
84
89
102
85
93
104
104
99
105
99
93
106
111
103
111
111
119
108
130
127
138
138
148
171
223
209
281
329
435
549
743
900
1203
1593
1920
2508
3141
3685
4509
5357
6220
6997
7904
8570
9211
10007
10365
10523
10561
10102
9722
9531
8687
7840
7022
6184
5276
4426
3699
2940
2508
1962
1556
1140
897
688
487
391
310
251
215
193
152
150
133
115
121
115
116
121
122
127
101
143
116
105
135
139
122
119
116
124
117
134
124
107
112
118
103
117
126
119
114
128
134
134
119
100
142
128
138
157
109
138
125
141
128
124
127
124
146
147
167
147
148
150
154
176
203
195
228
212
235
288
331
379
438
460
627
636
714
849
969
1070
1182
1241
1371
1384
1416
1419
1568
1431
1398
1433
1318
1146
1062
1005
863
788
617
553
494
476
397
325
279
252
208
196
195
184
151
171
168
159
164
154
173
141
183
173
172
203
184
200
195
221
188
217
201
201
215
235
226
238
217
282
248
232
240
261
245
256
266
256
267
286
271
244
249
255
278
269
268
265
240
287
286
295
265
276
279
258
262
242
273
265
263
219
274
263
257
247
247
243
238
255
252
257
238
223
250
206
252
228
235
247
234
249
213
228
225
233
217
216
217
213
225
212
233
218
219
260
213
231
239
237
229
255
200
216
226
267
232
233
258
234
222
269
250
219
203
225
250
202
217
228
220
228
226
194
222
235
226
197
204
228
206
227
163
214
221
196
192
209
207
186
236
191
216
188
204
197
205
197
198
187
182
191
196
177
184
197
218
200
192
178
207
176
193
174
228
188
202
197
189
187
205
218
172
208
186
176
200
172
209
189
181
203
186
197
200
161
190
171
192
208
210
193
206
211
198
217
231
198
211
220
205
216
203
199
192
220
203
203
207
214
189
222
199
211
196
192
199
230
222
214
219
237
202
230
220
252
228
233
220
241
244
220
241
253
233
231
232
244
239
239
241
245
261
269
250
274
239
256
262
270
257
251
242
237
245
230
246
213
285
283
262
234
253
264
229
265
250
232
250
266
226
252
251
255
215
241
250
227
246
236
221
228
253
252
244
251
239
249
249
234
222
226
243
254
249
229
261
239
263
252
247
250
228
226
232
228
236
222
249
227
251
235
239
234
228
239
264
237
238
255
225
260
220
234
217
227
227
254
231
231
231
240
226
237
219
251
216
245
246
259
287
220
235
245
248
265
268
259
222
256
249
262
231
207
244
267
264
251
265
239
247
248
250
247
237
244
264
255
252
250
261
272
264
238
262
248
257
231
247
267
279
279
270
242
277
267
262
280
287
265
263
287
225
273
257
250
280
280
260
270
276
265
265
248
263
264
307
292
251
266
282
247
282
271
266
235
262
285
286
254
280
271
285
285
293
301
284
293
259
296
284
252
280
276
287
278
276
287
278
283
285
295
270
298
271
270
253
303
274
309
278
290
283
251
283
276
268
271
283
302
314
296
299
262
287
284
282
288
315
293
299
306
265
281
269
286
274
311
317
277
290
258
300
300
277
313
262
298
268
252
259
272
288
275
289
287
300
276
262
273
282
285
262
292
267
296
285
280
297
254
285
286
272
260
284
280
275
266
240
282
265
286
271
250
252
243
248
234
270
259
252
234
268
267
220
234
282
273
240
240
261
285
242
232
264
304
267
262
259
243
251
230
257
223
262
243
254
268
254
282
267
242
260
242
241
239
287
242
281
275
262
243
241
265
258
246
265
240
254
232
229
251
231
267
240
242
259
233
259
267
241
263
226
267
283
241
258
253
235
254
276
272
242
268
256
221
242
231
245
243
262
259
241
255
285
256
242
257
243
203
244
260
252
228
223
252
268
248
237
237
244
237
246
243
258
227
231
228
228
244
228
241
273
265
245
247
252
270
250
246
267
217
233
244
250
242
260
236
244
270
230
249
249
261
265
263
227
267
255
231
249
231
229
231
276
259
221
238
228
266
242
219
230
237
281
270
250
241
222
246
273
245
234
255
219
256
236
238
236
238
260
228
258
247
218
272
255
254
252
263
278
269
292
258
254
263
280
258
280
298
283
261
274
242
278
249
260
256
275
300
255
293
282
273
269
259
319
331
295
279
278
258
294
291
321
280
289
310
301
287
300
310
299
315
271
332
299
312
337
311
354
283
306
330
371
317
370
330
358
351
321
322
356
411
353
374
389
364
380
365
381
395
402
432
407
417
448
431
453
429
464
468
452
501
479
493
518
544
511
490
536
573
605
573
618
596
620
645
682
744
755
719
784
848
835
815
833
901
944
932
939
1005
1043
1036
1068
1095
1085
1119
1195
1201
1241
1188
1274
1276
1314
1383
1347
1340
1376
1388
1391
1404
1483
1513
1419
1475
1462
1492
1478
1410
1430
1437
1406
1403
1372
1353
1324
1328
1299
1255
1224
1225
1179
1238
1121
1122
1109
1098
1044
1013
917
978
923
924
878
747
858
761
737
728
667
658
638
596
614
558
563
536
530
498
483
448
439
462
432
390
401
366
412
439
359
374
372
367
318
332
334
335
288
334
303
339
295
286
290
288
290
281
283
283
277
273
252
269
246
236
268
249
230
230
222
247
225
221
228
205
223
245
230
214
237
221
221
232
214
223
250
260
263
271
281
275
247
290
286
323
299
337
324
407
384
381
393
386
411
400
418
475
470
508
481
462
470
522
489
483
476
459
446
451
425
411
386
363
349
327
297
299
257
260
245
217
213
209
208
211
186
168
189
168
145
147
156
150
169
166
152
160
147
166
140
146
141
144
166
152
171
182
150
148
179
167
169
172
160
180
176
179
173
157
178
171
182
170
188
190
185
216
190
195
215
230
193
229
229
208
223
218
220
257
221
222
238
218
223
226
232
238
264
233
271
268
277
252
237
252
254
286
250
252
282
262
222
272
231
233
264
245
251
231
235
195
220
205
244
184
235
217
212
214
222
192
237
202
180
166
190
181
194
181
152
155
183
169
164
150
161
160
163
147
153
146
134
158
124
107
121
140
132
127
124
116
123
120
122
116
112
118
91
118
116
105
96
102
93
82
99
85
77
96
77
89
73
75
85
79
71
77
61
83
86
78
85
75
82
85
63
82
78
76
62
69
77
65
64
70
61
72
61
74
59
61
73
58
55
71
70
55
56
56
66
50
60
51
56
61
62
44
50
44
63
50
45
57
53
66
45
50
48
52
50
66
69
57
62
50
63
48
55
46
49
49
74
46
80
54
66
75
72
71
72
80
66
76
78
89
67
67
81
79
80
78
72
70
72
58
76
62
55
58
60
47
50
46
50
48
47
43
41
44
40
46
46
35
39
37
41
49
45
35
36
40
41
43
39
45
44
47
43
42
41
39
30
39
35
47
46
37
36
41
38
38
42
43
43
41
38
45
29
36
33
33
36
41
29
35
49
36
32
34
30
23
40
47
31
36
25
30
38
36
28
33
52
46
34
27
29
41
35
37
35
39
23
43
36
28
24
42
35
35
32
32
32
25
43
27
38
32
27
32
34
34
25
34
16
31
32
25
32
26
29
29
30
29
29
31
25
29
29
33
29
23
32
23
33
26
35
39
25
29
29
23
36
20
31
32
32
29
31
25
24
21
22
29
26
26
27
28
24
26
25
26
37
23
31
19
30
24
23
37
32
30
28
21
32
34
31
24
30
31
26
30
23
18
28
22
34
17
25
21
31
25
24
30
18
23
17
37
27
18
27
19
33
18
17
25
23
30
11
26
21
37
19
18
23
20
23
20
18
18
20
25
12
21
26
19
24
25
24
20
28
25
25
19
19
28
23
24
23
30
27
22
20
25
21
18
31
26
28
26
22
21
18
28
21
17
19
18
13
23
13
15
22
18
25
21
19
21
32
22
15
18
14
17
17
20
24
31
24
22
12
23
22
28
21
14
19
15
15
21
27
12
20
17
17
21
16
23
16
22
18
18
14
19
15
27
13
17
21
29
11
10
20
18
27
18
14
20
17
17
16
17
15
18
17
24
17
12
20
20
16
15
12
13
14
16
16
16
22
19
9
20
16
14
11
13
23
18
12
12
8
13
13
19
14
17
12
12
15
18
17
18
15
9
14
16
16
13
16
17
16
15
19
12
22
14
18
16
21
16
18
18
16
14
9
17
12
19
12
18
14
11
14
11
14
22
16
11
17
13
14
8
13
8
18
15
14
13
10
13
9
16
8
11
7
11
15
9
12
15
9
17
15
8
17
15
11
14
12
13
9
9
12
6
21
7
9
8
7
12
14
8
11
17
11
11
18
7
8
7
16
7
8
15
22
13
12
16
17
13
10
14
10
9
9
4
13
5
11
10
10
10
9
14
8
15
13
9
11
16
11
5
8
7
11
11
5
20
9
15
15
15
5
6
9
11
9
11
8
11
10
11
16
14
2
13
9
17
16
10
11
12
13
5
7
7
7
13
8
15
12
5
8
11
11
8
7
7
5
18
9
13
14
12
11
11
7
16
5
10
14
12
11
17
12
8
14
12
10
8
5
19
7
4
6
11
10
5
9
5
7
10
9
5
5
6
7
7
9
14
8
9
6
9
11
7
5
10
9
11
6
11
15
7
11
10
10
4
9
9
9
8
8
10
8
6
6
7
4
6
4
12
3
10
13
6
8
10
8
8
7
7
10
4
12
5
9
3
5
10
2
5
5
4
6
10
9
8
3
9
10
4
5
4
6
10
10
6
5
10
12
9
7
3
7
1
6
7
4
10
6
10
6
7
3
10
4
6
6
5
9
5
9
5
7
8
7
2
5
7
3
8
7
6
7
9
5
5
4
2
4
8
5
6
5
5
7
7
4
6
7
5
10
8
4
5
5
7
4
6
2
3
5
6
6
5
6
7
8
4
8
5
6
5
4
5
4
5
9
4
8
2
3
6
5
4
9
6
11
7
6
4
6
3
7
2
4
8
3
5
6
3
7
5
4
5
6
7
2
6
6
5
10
8
3
4
5
3
3
2
3
4
8
1
7
6
7
4
6
6
9
2
4
7
4
5
6
7
3
6
6
3
5
9
2
6
5
3
4
2
5
3
2
4
3
1
3
4
2
2
2
5
5
4
2
2
5
2
6
8
4
3
2
5
3
3
2
5
4
4
2
3
2
1
6
2
1
3
4
2
3
1
2
8
2
2
7
4
3
4
7
1
1
3
4
2
4
6
1
7
7
9
7
2
3
3
6
4
1
5
3
4
4
2
1
6
4
8
4
4
3
2
0
1
5
6
1
4
4
2
6
4
3
2
6
4
9
2
2
2
2
0
3
5
3
1
4
3
2
2
2
5
1
5
1
4
4
5
2
2
2
2
3
0
4
2
4
2
2
3
4
4
6
2
3
7
4
1
3
3
1
5
5
3
3
3
3
0
2
3
6
0
2
0
6
4
2
3
3
1
3
3
1
2
3
2
2
1
4
4
2
3
1
3
6
2
1
2
3
2
0
3
2
0
2
3
2
5
0
2
3
5
4
3
2
2
3
0
5
3
3
4
3
3
1
4
0
0
3
4
1
1
5
1
7
3
4
1
1
7
0
0
2
3
1
1
1
2
0
3
4
2
2
2
2
1
5
1
5
1
1
4
1
2
2
2
2
1
2
2
3
1
2
2
2
2
2
3
2
1
2
2
0
1
3
5
2
1
0
2
2
2
2
0
0
1
3
0
3
3
2
0
3
2
1
1
2
1
3
1
2
2
5
2
2
0
0
1
3
1
4
2
1
1
2
0
0
1
1
2
1
3
3
1
3
2
3
4
0
0
0
3
4
0
3
1
1
3
0
0
6
2
0
1
1
2
1
1
1
1
1
0
5
1
3
2
1
3
4
1
0
2
0
1
0
2
1
4
6
0
2
0
0
2
3
1
3
2
1
3
1
2
1
1
1
4
0
1
0
0
0
0
3
1
1
0
0
0
1
0
0
0
1
0
1
3
1
3
1
3
1
3
1
1
1
0
1
0
0
2
3
2
1
1
3
2
0
1
2
2
1
1
3
1
0
1
2
2
1
1
0
0
0
0
0
0
2
2
2
0
1
2
1
0
0
1
0
0
0
0
0
0
0
1
1
0
1
0
1
1
1
0
1
1
0
1
0
0
1
0
6
0
0
0
1
1
0
0
1
2
0
1
1
1
1
1
1
1
2
0
1
0
2
0
1
0
0
1
0
0
2
1
1
1
1
1
2
1
1
1
0
1
1
1
0
1
0
1
0
1
1
1
2
1
0
0
1
3
3
0
0
0
0
0
0
0
0
0
0
3
3
0
2
1
0
0
0
0
0
0
0
0
0
0
0
1
1
2
0
0
0
0
0
1
1
0
0
1
2
0
0
2
2
3
2
1
1
0
0
0
1
1
0
0
1
0
1
0
0
0
0
1
1
2
0
0
1
1
1
1
0
0
0
0
1
1
1
0
1
3
0
0
2
0
0
3
1
1
0
0
1
1
0
0
0
0
0
0
0
2
1
2
1
0
0
0
0
0
1
0
1
0
2
0
0
0
1
0
1
0
1
0
0
1
0
0
2
1
2
0
1
1
1
2
0
0
0
0
1
2
0
2
0
1
0
0
0
1
0
1
0
0
0
0
0
0
1
0
0
3
0
0
1
0
0
0
0
0
1
0
2
0
0
0
1
1
1
0
1
0
0
3
0
0
0
0
0
0
1
1
0
0
1
2
0
0
1
0
0
2
0
1
1
0
2
0
0
0
0
0
0
1
0
0
0
0
0
0
1
0
1
1
0
0
0
1
0
0
0
0
3
0
1
0
0
0
0
1
1
1
0
1
1
0
0
0
0
0
0
1
0
1
0
0
0
2
0
0
2
0
1
0
0
0
0
0
1
1
0
0
0
0
0
0
1
3
0
0
0
0
0
0
0
0
0
0
0
0
0
0
0
0
1
1
0
1
0
0
0
0
0
0
1
0
1
0
0
0
0
2
0
0
1
0
0
0
0
0
0
1
0
0
1
0
0
0
0
0
0
0
0
0
0
1
0
0
1
0
1
0
0
0
0
1
0
0
1
0
0
0
0
0
0
0
0
0
0
1
0
0
0
0
1
0
0
0
0
0
1
1
0
0
0
0
0
0
1
0
0
0
0
0
0
0
1
0
0
1
0
0
0
0
1
0
0
0
0
0
0
0
0
0
1
0
0
