0
0
0
0
0
0
0
0
0
0
0
0
0
0
0
0
0
0
0
0
0
0
0
0
0
0
0
0
0
0
0
0
0
0
0
0
0
0
0
0
0
0
0
0
0
0
0
0
0
0
0
0
0
0
0
0
0
0
0
0
0
0
0
0
0
1
2
1
1
1
4
3
2
4
1
2
6
2
4
4
2
9
11
46
108
400
926
2181
4856
9618
17049
27439
40742
54586
65952
73063
73347
66869
54953
41487
28222
17352
9811
5072
2413
945
402
148
35
20
4
5
1
2
3
2
0
1
1
1
1
1
4
0
1
0
0
0
0
0
0
7
68
61
73
57
45
59
59
52
64
55
53
56
51
53
51
46
49
46
53
42
50
68
54
49
52
40
48
50
31
37
39
44
46
49
41
37
40
49
44
42
38
57
41
36
39
40
46
45
39
52
55
52
52
41
53
56
53
53
65
59
59
68
77
67
67
101
92
138
165
245
296
335
437
498
556
499
520
450
447
388
285
226
182
156
115
103
79
66
64
57
45
67
43
34
42
34
42
29
47
56
39
35
42
55
48
42
53
32
46
60
61
56
59
73
67
48
73
65
75
86
100
106
125
154
174
244
357
560
859
1445
2129
3327
4677
6447
8314
10159
11995
12766
13279
13134
12457
11200
9003
7583
5869
4394
3199
2308
1640
1233
983
776
694
608
626
655
758
935
1209
1526
1988
2540
2982
3497
3811
3938
3981
3731
3433
2947
2444
1947
1473
1116
828
618
457
415
340
326
284
228
191
163
133
85
68
50
48
26
22
14
18
15
18
14
11
9
12
16
9
11
12
11
14
14
9
16
7
15
10
9
8
11
5
13
13
11
13
16
7
14
10
17
10
18
18
22
18
24
31
27
24
40
21
33
28
29
29
28
31
27
26
17
27
22
27
26
24
21
25
30
22
22
14
21
23
26
18
23
24
27
16
14
15
14
13
13
8
13
11
14
8
9
9
12
9
7
14
5
5
5
6
8
9
8
7
8
4
6
8
7
3
7
14
6
8
3
10
7
5
6
6
9
9
9
8
9
5
17
9
9
11
5
11
10
8
10
7
9
12
4
6
6
13
11
6
9
12
17
9
15
10
15
17
15
18
10
17
17
9
11
10
8
11
9
14
12
6
10
7
9
9
7
3
4
7
7
7
6
11
7
8
4
10
12
12
10
8
6
13
8
10
6
8
5
9
10
6
8
8
7
13
6
14
4
7
12
9
7
6
8
12
8
9
9
12
11
6
13
12
10
9
5
7
8
6
8
5
7
9
5
9
12
7
5
6
8
5
8
4
11
7
8
6
12
8
7
6
8
6
8
3
9
12
10
4
9
9
9
9
15
9
11
13
5
11
9
10
14
10
6
9
8
13
15
10
11
5
5
11
11
11
10
7
6
9
8
18
10
16
14
8
9
17
11
7
9
10
8
5
12
14
11
7
14
10
15
16
11
10
15
14
13
19
11
14
9
15
13
12
12
16
10
11
21
9
12
6
12
14
17
11
13
15
12
14
14
21
10
20
25
23
24
16
23
30
23
26
25
25
27
31
35
19
30
31
25
26
29
30
24
27
19
31
23
23
33
14
27
26
27
23
16
28
19
15
22
25
24
23
18
25
17
18
19
22
29
17
17
17
21
25
19
20
18
17
25
20
18
30
19
20
14
21
20
20
24
35
24
23
23
24
22
21
23
25
25
22
30
31
26
33
24
37
35
26
26
25
40
30
35
25
17
29
38
34
33
24
27
45
32
38
22
46
28
43
38
30
35
34
40
34
45
34
32
30
32
46
39
20
39
38
38
39
38
39
30
47
42
39
49
32
50
37
42
46
48
43
56
43
51
50
51
51
49
44
46
69
51
41
44
57
56
60
55
49
64
59
68
52
55
64
79
74
75
76
65
72
79
63
80
91
71
103
82
94
108
100
107
117
124
129
137
155
169
170
166
187
188
192
196
172
177
171
164
157
142
131
123
138
108
119
84
89
101
101
79
94
95
93
77
89
83
93
86
92
89
78
81
85
83
73
88
85
75
76
88
87
87
79
82
82
74
78
70
84
73
76
82
71
79
77
79
83
67
60
76
72
77
76
72
67
71
76
78
61
65
79
70
76
77
80
70
70
60
62
78
73
84
96
77
67
80
85
87
59
79
101
74
70
83
73
66
76
90
84
74
89
73
67
79
71
90
84
93
82
84
79
84
81
84
79
78
99
86
86
101
73
93
83
80
99
80
86
93
77
91
87
77
82
102
81
87
81
103
106
98
95
121
98
114
100
97
104
113
118
122
120
147
133
138
132
148
183
196
225
291
331
411
521
755
994
1209
1585
1962
2379
3083
3711
4531
5365
6107
7108
7864
8647
9309
9893
10117
10375
10522
10102
9843
9160
8648
7896
6917
6123
5249
4365
3674
3086
2386
1973
1451
1120
903
642
507
405
325
258
198
158
177
137
119
146
131
132
110
116
114
108
112
138
114
95
127
123
108
127
126
127
126
114
107
91
137
114
115
107
131
112
125
128
122
116
123
126
118
110
132
116
115
142
122
135
123
119
123
135
130
141
158
140
144
153
166
159
149
185
188
222
226
299
296
387
446
470
559
636
791
868
956
1056
1183
1248
1377
1434
1388
1461
1502
1454
1377
1356
1223
1206
1042
978
895
754
655
579
526
428
363
349
290
260
225
205
184
207
192
168
160
161
169
172
156
183
161
166
162
192
185
191
220
198
227
219
235
232
225
238
264
242
284
240
226
280
272
279
269
284
282
307
279
266
312
286
285
307
294
290
309
266
252
258
280
239
266
310
259
243
268
257
240
265
237
282
267
257
247
282
240
267
288
274
274
267
243
258
277
249
249
241
234
215
227
226
273
231
226
254
238
243
241
238
236
230
215
233
228
210
226
238
256
243
203
225
221
260
200
241
211
239
220
210
243
247
206
221
245
280
223
258
204
239
218
227
220
222
207
220
230
207
218
236
229
202
228
224
200
202
221
207
212
199
196
186
199
180
193
201
219
189
186
204
218
170
184
179
179
202
210
192
202
214
199
192
203
174
209
165
190
192
200
189
208
206
219
202
186
193
180
196
187
202
202
193
206
206
195
175
185
217
211
192
203
197
190
188
196
171
181
217
203
242
202
216
200
204
192
245
201
192
182
211
217
207
216
204
202
222
229
203
217
220
229
198
230
219
251
229
233
210
224
276
223
226
259
230
235
216
230
256
255
275
248
237
243
239
279
248
267
265
281
282
278
284
258
226
232
284
222
244
250
258
276
269
263
237
258
270
219
261
242
266
270
230
246
230
245
226
239
242
216
264
260
210
249
250
264
237
236
230
239
227
230
262
259
216
243
257
215
220
238
231
264
252
247
257
266
255
235
227
236
242
241
238
259
251
253
252
274
219
226
208
242
225
227
255
240
274
257
228
245
233
218
257
258
221
259
250
249
246
251
259
224
266
242
246
272
256
268
240
257
226
236
237
261
257
210
248
252
242
248
257
231
235
245
270
236
257
252
296
260
260
251
244
243
248
289
287
256
270
288
279
249
285
248
270
290
288
254
290
263
286
260
231
273
267
260
259
289
261
267
281
300
288
240
265
282
298
250
274
279
277
299
278
287
249
275
283
264
294
285
272
252
276
280
273
271
255
285
276
280
280
271
256
284
298
280
283
285
293
282
280
304
310
310
293
289
270
281
290
275
282
291
307
266
299
277
290
273
361
298
259
283
288
288
294
281
280
288
276
279
277
319
327
288
270
289
275
294
274
303
294
273
263
287
266
263
276
282
281
270
272
263
278
300
308
273
283
298
271
269
284
268
279
269
274
269
263
255
303
273
256
287
311
271
275
257
258
254
260
258
259
234
246
250
254
255
271
254
246
248
254
261
265
250
244
300
233
259
257
231
260
244
284
264
252
272
261
282
263
269
289
247
287
229
238
260
247
270
253
236
253
252
249
252
285
250
255
257
253
250
257
260
257
269
260
247
258
248
268
275
252
270
241
281
261
265
264
253
259
254
256
248
255
267
240
268
263
262
255
277
271
236
256
247
250
255
230
223
254
262
250
244
257
264
264
226
238
240
259
263
233
247
257
248
247
225
231
260
218
243
256
241
227
262
229
237
230
251
245
252
268
246
270
268
239
222
230
281
244
245
257
276
252
220
245
244
264
276
258
235
208
269
235
261
264
242
230
246
255
230
262
206
237
237
234
241
226
228
259
227
252
263
262
253
247
265
267
243
271
276
277
241
246
242
248
267
279
243
240
262
225
250
245
266
267
267
249
229
261
253
248
287
265
249
273
271
286
245
271
260
274
260
263
270
295
265
268
295
271
277
276
268
278
266
302
276
282
313
274
263
283
273
323
296
292
293
299
279
289
311
298
310
305
313
302
311
345
339
386
337
336
345
328
357
370
345
354
320
311
377
358
392
362
382
366
357
391
387
380
405
398
381
393
407
411
377
412
435
414
457
462
474
461
481
472
480
477
509
551
532
505
516
586
548
556
607
644
647
693
615
695
731
728
725
841
809
849
865
912
896
984
983
1038
994
1053
1076
1147
1118
1176
1212
1192
1237
1311
1313
1335
1282
1342
1384
1346
1491
1467
1409
1452
1440
1412
1474
1481
1397
1462
1452
1456
1472
1444
1416
1347
1410
1332
1358
1333
1294
1258
1281
1204
1172
1145
1141
1154
1099
1014
1044
950
975
921
884
849
824
778
795
769
719
674
728
650
649
583
594
529
605
565
505
553
477
513
461
463
431
446
439
420
398
410
359
323
355
340
321
323
339
325
310
322
284
303
302
288
308
277
299
263
262
281
284
263
260
264
232
250
240
228
241
230
241
226
211
219
236
227
203
235
188
217
224
231
229
232
231
262
232
257
248
263
262
305
231
273
282
348
323
315
343
339
391
401
379
432
431
419
443
478
446
456
494
484
476
477
469
475
461
418
464
408
407
404
394
368
340
321
340
285
280
292
245
251
226
191
220
181
201
203
175
168
175
170
143
148
152
177
155
131
164
145
126
141
169
167
151
135
153
169
171
154
142
145
151
152
165
152
158
175
179
152
160
179
165
168
191
199
176
183
205
207
200
202
201
220
209
220
220
212
232
240
225
239
222
237
228
217
241
231
242
276
258
258
247
250
262
284
270
226
255
254
229
273
283
258
224
251
248
271
218
239
226
239
222
243
220
229
210
184
214
207
205
186
223
180
181
202
185
168
189
171
178
152
175
146
175
170
160
163
139
129
140
159
133
131
121
141
136
118
138
148
120
122
117
109
104
116
105
120
104
88
103
87
73
97
104
96
104
103
80
85
81
86
81
78
62
77
90
66
91
67
77
84
70
65
100
83
75
70
73
74
65
80
72
65
61
68
65
68
51
72
52
51
72
57
59
69
47
55
57
69
58
63
61
50
67
51
51
65
40
47
64
47
54
65
60
61
56
53
52
44
52
57
44
67
45
73
56
57
57
45
70
62
74
57
69
63
66
66
76
75
66
72
73
74
95
64
92
55
86
83
52
75
65
64
68
67
70
69
56
63
40
60
59
51
38
44
53
60
42
48
48
45
56
44
47
37
38
46
39
49
48
49
42
37
50
38
30
51
39
37
37
30
42
41
59
55
44
39
27
43
42
40
29
35
18
31
31
49
19
34
31
33
37
46
43
39
34
31
32
32
33
23
33
32
36
37
34
28
33
32
33
27
37
24
36
27
23
35
22
35
26
32
31
29
32
34
24
30
28
21
36
27
28
30
29
35
30
31
34
39
30
42
32
34
47
28
22
29
32
25
26
28
36
31
29
23
33
20
39
36
28
32
30
28
33
17
25
25
28
26
26
26
24
34
31
25
40
31
18
28
33
37
21
22
22
28
32
26
26
28
23
26
25
35
31
28
25
24
20
29
27
37
21
28
36
30
30
27
29
27
32
12
32
28
23
18
29
24
24
21
20
20
19
27
30
18
30
23
24
33
17
23
13
17
28
28
28
20
21
29
20
29
27
21
20
22
32
27
27
36
26
28
18
27
22
19
22
15
23
23
21
23
29
19
16
30
21
15
30
25
31
24
23
15
23
15
13
33
23
26
20
21
20
22
15
15
21
20
19
25
27
29
20
17
30
26
21
15
10
18
23
13
16
19
22
20
24
24
16
23
15
17
27
21
20
19
24
19
17
16
21
15
12
21
24
23
18
20
16
12
21
22
18
12
17
18
18
18
28
22
21
11
12
15
20
7
16
16
19
19
29
26
20
18
19
21
19
10
16
17
15
19
13
23
20
14
18
11
13
16
24
16
27
16
21
9
17
17
16
13
12
20
13
13
13
22
14
15
14
12
16
16
14
13
7
21
12
22
20
11
15
14
17
15
19
14
6
16
17
13
10
13
10
9
15
14
5
10
16
14
10
16
16
13
19
18
13
15
9
15
6
11
15
12
12
13
8
12
23
11
14
7
18
13
17
13
12
17
11
16
11
16
12
14
12
14
12
18
6
7
15
14
14
16
11
17
10
16
9
9
12
16
13
8
17
14
10
10
13
10
14
8
12
21
14
6
11
11
15
12
24
8
13
9
13
11
11
11
7
13
14
10
7
14
12
11
16
9
10
13
9
11
13
5
12
18
17
11
10
7
12
13
6
9
12
11
12
11
5
10
15
11
7
6
11
9
8
11
11
12
17
13
11
7
12
5
9
14
10
11
11
18
9
3
13
8
9
12
10
11
11
10
16
10
12
10
10
9
11
10
8
9
10
9
10
14
12
9
8
11
12
11
10
9
10
11
10
5
12
10
8
13
11
11
6
15
6
6
12
8
6
3
7
8
5
9
9
8
6
7
3
8
2
8
4
10
10
11
9
11
8
4
11
3
11
9
7
6
8
9
6
6
11
8
7
5
12
9
7
6
10
12
9
7
10
10
13
7
9
5
6
4
4
5
11
4
6
6
11
9
2
5
6
12
5
3
8
7
5
3
10
1
7
9
7
12
8
5
8
5
4
4
8
8
8
8
6
9
6
6
3
6
1
8
10
6
9
7
8
4
5
5
5
10
4
3
3
10
7
4
5
9
9
6
6
7
9
5
8
4
5
5
5
5
5
6
2
9
2
6
5
4
4
5
8
4
8
6
4
3
7
4
6
6
7
6
4
4
8
6
4
5
3
5
6
4
4
4
6
8
5
6
4
9
3
9
5
1
8
8
2
4
9
10
7
4
5
8
5
5
3
5
13
6
4
8
4
7
4
3
6
6
8
5
3
2
2
4
4
7
4
5
4
2
5
10
5
2
8
1
3
3
3
5
6
5
6
4
5
6
2
5
4
4
5
2
3
4
6
6
6
4
3
2
5
7
5
3
9
3
2
2
7
6
6
2
3
2
2
3
4
1
5
2
0
5
1
6
4
3
1
3
3
2
2
5
2
5
2
5
4
5
2
4
4
6
0
3
7
6
4
2
5
5
2
4
1
2
5
1
2
3
4
2
1
6
3
1
0
2
1
1
3
4
1
3
5
5
1
3
4
4
5
1
1
3
2
2
2
3
0
4
1
1
2
5
2
3
1
1
3
5
4
2
1
3
0
2
3
0
4
5
3
0
4
4
4
1
2
4
5
1
3
5
6
4
2
2
5
3
2
3
3
4
4
1
2
4
3
2
5
3
4
2
3
2
1
3
1
2
5
2
2
2
2
1
3
2
2
3
1
3
2
4
0
2
1
1
2
1
2
2
7
0
1
1
5
3
0
2
0
4
1
3
2
2
4
3
2
4
4
0
1
2
5
0
4
0
2
0
2
5
3
0
1
1
2
1
7
2
5
2
4
1
2
4
4
5
0
1
3
3
6
3
4
3
2
2
2
2
0
1
2
2
1
1
0
2
1
2
1
3
3
1
2
1
2
2
2
2
0
2
2
1
0
1
3
0
2
1
2
1
2
0
3
3
1
2
2
2
1
4
0
1
0
2
2
1
0
0
2
3
2
3
2
2
3
3
1
4
2
0
3
1
1
2
1
2
2
3
2
0
1
2
5
1
1
3
4
3
2
3
1
1
1
1
1
1
2
2
0
0
6
0
1
0
2
0
3
1
0
3
0
2
1
1
1
0
1
2
2
2
1
0
2
1
4
2
3
0
0
0
3
0
1
1
1
0
1
1
0
2
2
0
1
1
1
0
2
1
2
2
1
2
0
1
0
2
2
0
2
2
3
2
1
0
3
2
0
0
1
0
1
0
0
0
2
0
1
2
0
2
0
3
1
0
1
3
0
0
3
0
0
1
3
1
0
2
2
1
0
0
0
1
2
0
3
0
1
2
1
0
1
2
0
2
0
2
0
0
0
0
1
2
0
2
0
2
1
1
0
0
0
2
2
0
1
2
0
0
0
1
1
0
0
1
0
0
3
2
0
1
1
0
0
0
0
1
1
0
1
1
2
2
0
0
1
2
2
0
0
1
1
1
0
0
0
0
2
0
0
2
1
2
1
2
0
0
0
1
0
1
1
2
0
1
0
0
2
0
0
0
2
0
2
0
1
1
2
1
2
1
0
0
0
0
0
0
0
2
3
0
0
0
0
0
1
1
0
1
0
0
0
0
0
1
0
0
1
1
1
0
0
0
1
0
3
1
1
0
0
0
0
1
0
1
0
0
2
2
0
0
0
0
2
0
2
0
0
1
1
1
1
0
0
0
0
1
0
0
0
0
1
1
1
0
0
0
0
0
0
0
0
0
1
0
0
0
1
0
0
1
0
1
0
0
0
0
0
0
0
1
0
0
0
0
0
0
0
2
0
1
0
0
1
1
3
0
1
0
0
1
0
0
0
1
0
0
0
2
0
1
0
2
0
0
0
2
0
0
0
0
1
0
0
0
1
0
0
0
1
0
0
0
0
0
0
1
1
0
0
1
0
0
0
0
0
1
1
0
1
1
0
0
1
0
0
1
1
1
0
0
0
0
1
0
0
0
0
1
0
1
0
0
1
0
0
0
0
0
0
0
0
0
0
0
0
0
0
0
0
0
1
0
1
0
1
1
0
0
0
1
0
1
1
1
0
0
0
1
0
0
1
0
1
1
0
1
0
0
2
0
0
0
0
0
1
1
1
1
0
1
1
0
1
0
0
1
0
0
0
2
0
0
0
0
0
0
0
1
0
0
0
0
1
1
0
0
0
0
0
1
0
0
0
0
0
1
1
1
0
0
0
1
0
1
0
1
0
0
0
0
0
0
0
0
0
0
1
0
0
0
0
1
0
0
1
0
1
0
0
0
0
0
1
0
0
0
0
0
1
0
0
0
0
1
0
0
0
0
0
0
1
1
1
0
0
0
1
0
0
0
0
0
1
0
0
0
0
0
0
0
0
0
0
0
0
0
0
0
0
0
0
0
0
0
0
0
1
0
0
0
0
0
0
0
1
1
0
0
0
0
0
0
0
