0
0
0
0
0
0
0
0
0
0
0
0
0
0
0
0
0
0
0
0
0
0
0
0
0
0
0
0
0
0
0
0
0
0
0
0
0
0
0
0
0
0
0
0
0
0
0
0
0
0
0
0
0
0
0
0
0
0
0
0
0
0
0
0
0
0
1
0
1
0
0
0
0
3
1
3
4
4
3
2
4
3
10
46
138
367
911
2199
4884
9633
17071
27989
40765
54448
65884
73068
73004
66349
55122
41143
28097
17553
9962
5014
2359
976
407
144
38
8
8
1
2
1
1
0
3
3
1
2
2
1
3
0
0
0
0
0
0
0
0
11
66
52
67
50
64
64
48
54
53
52
61
55
50
48
50
48
53
53
46
55
38
40
54
36
37
50
39
43
38
37
33
48
42
49
42
48
40
53
41
30
41
50
45
32
48
35
40
37
49
43
49
54
49
47
52
55
50
68
41
51
53
58
69
60
87
77
96
118
166
223
265
332
422
500
507
489
522
487
427
369
324
240
194
151
109
103
79
56
57
50
49
49
49
32
51
50
42
45
35
31
33
26
35
35
32
27
35
50
46
50
46
42
52
54
64
63
60
65
66
72
63
81
84
95
121
197
305
498
825
1328
2060
3079
4519
6076
8036
9911
11233
12254
12721
12561
11911
10355
8671
7016
5425
4103
2893
2159
1560
1164
852
647
534
466
371
416
541
766
1032
1407
1851
2370
2911
3371
3714
3951
4058
3761
3449
3046
2498
2016
1469
1148
840
649
483
376
332
289
286
220
198
162
120
86
77
52
38
31
33
13
5
15
10
9
14
5
9
9
14
8
17
16
12
6
12
7
14
8
8
7
8
8
13
11
12
12
8
10
10
11
8
13
11
12
15
20
23
13
25
21
19
21
31
27
32
33
20
24
19
15
18
23
21
22
22
31
31
16
21
19
22
25
22
15
17
21
17
24
13
21
17
22
13
18
14
8
12
13
14
6
12
5
3
10
5
9
6
8
10
8
11
7
8
6
9
12
10
7
9
6
8
2
5
5
11
6
1
8
12
8
6
4
4
7
15
9
8
9
9
7
7
10
15
5
8
5
7
9
7
12
9
8
7
12
7
9
10
12
18
14
17
15
15
13
11
14
16
10
10
11
5
9
10
14
7
6
10
10
8
9
12
10
7
6
2
11
9
7
10
10
6
8
8
4
6
9
9
10
7
7
8
5
4
10
8
6
7
3
3
8
6
7
9
4
5
7
7
8
3
8
9
9
13
10
5
7
8
6
5
3
10
7
17
5
6
7
8
6
6
6
9
7
12
5
2
4
3
5
5
5
1
12
11
8
8
12
7
10
3
8
8
3
8
12
5
6
5
16
9
10
9
14
7
3
12
11
16
10
15
11
14
8
4
13
9
9
8
8
11
10
5
6
10
5
8
6
12
10
13
4
11
5
5
12
9
4
13
13
17
5
9
8
12
6
14
12
9
16
8
10
9
9
7
9
11
10
15
13
17
15
8
14
10
11
12
16
21
10
19
9
12
13
19
19
21
18
18
24
31
23
25
24
30
36
28
25
38
35
24
31
34
38
29
34
39
45
35
36
40
35
33
34
39
28
29
22
27
32
28
28
22
19
20
24
29
25
24
30
19
25
28
19
27
19
20
16
26
10
19
21
17
18
21
24
22
25
19
16
19
24
18
24
23
22
21
13
28
10
24
35
22
13
14
27
28
24
21
29
22
34
19
15
15
35
23
25
30
23
34
32
30
23
33
22
26
39
33
25
28
35
36
34
36
34
28
36
36
24
38
39
34
24
35
40
29
32
45
32
39
36
35
41
39
42
39
41
42
35
37
32
48
40
38
46
32
51
55
49
57
48
47
42
51
64
52
60
57
43
50
43
67
62
50
59
56
56
51
56
61
52
44
48
73
54
74
51
47
68
67
69
85
92
71
64
59
74
83
93
93
87
94
83
91
87
99
86
87
110
104
134
92
126
116
107
119
125
113
107
98
81
68
125
80
88
107
87
90
83
57
72
70
92
85
87
85
74
90
79
83
64
83
78
95
101
70
81
78
78
86
65
64
68
64
87
78
71
77
68
78
71
75
78
67
69
66
65
77
78
69
70
72
83
71
79
83
64
64
67
66
68
74
74
77
80
77
88
68
87
63
67
67
70
69
80
76
71
86
64
92
72
65
73
61
77
84
71
88
73
74
77
79
63
79
84
90
85
100
82
74
81
63
95
82
78
102
88
103
95
76
93
97
91
96
79
95
69
82
94
86
92
104
89
80
96
79
86
101
93
86
99
107
119
119
103
92
106
113
110
108
151
138
156
160
207
215
289
343
449
622
820
968
1364
1614
2140
2485
3192
3835
4605
5423
6416
7097
7839
8565
9086
9748
9903
10222
10084
9689
9301
8766
8080
7477
6583
5747
4994
4240
3485
2782
2368
1800
1376
1081
812
616
435
400
296
234
206
193
119
125
118
119
118
133
113
107
105
121
116
112
105
90
95
107
93
126
117
106
102
105
122
110
101
93
132
117
104
108
122
101
102
102
106
109
116
118
122
124
123
112
133
128
120
130
126
123
148
141
120
137
146
147
173
168
180
196
212
225
251
281
322
388
442
477
565
638
721
762
946
1071
1134
1195
1278
1351
1400
1410
1359
1373
1332
1237
1238
1122
1012
919
805
752
624
532
453
386
364
266
263
248
184
203
197
170
153
179
170
154
153
139
134
150
148
141
141
148
169
142
158
145
149
153
155
143
148
149
154
167
148
152
170
151
169
173
165
170
165
125
185
169
175
174
176
185
198
179
193
206
211
184
194
195
193
232
200
193
224
229
177
192
227
192
214
200
196
202
234
226
215
254
247
236
218
239
237
227
269
222
272
270
262
231
279
256
230
255
253
273
243
283
250
250
259
252
254
250
267
279
245
248
239
262
247
254
251
229
259
265
245
224
225
235
207
249
223
226
255
241
237
234
217
209
201
211
214
196
219
223
212
220
198
208
184
203
188
219
190
211
208
208
204
200
177
170
189
186
178
199
188
189
210
174
186
175
210
197
189
199
197
205
158
168
177
175
171
183
197
191
187
190
188
178
173
162
178
182
193
162
197
188
173
193
185
193
179
184
202
192
192
208
186
189
188
185
207
208
213
186
192
202
191
180
185
195
192
198
176
181
173
205
158
168
189
177
193
210
196
181
215
186
175
195
185
172
178
170
207
212
227
181
212
189
168
180
195
183
191
189
220
203
206
194
224
202
234
214
194
227
207
203
199
235
194
229
209
175
194
201
205
223
204
211
229
218
228
210
197
209
216
233
221
222
225
205
216
198
199
215
203
204
209
205
192
215
223
244
220
231
223
216
205
225
225
239
205
235
221
208
214
247
260
228
238
209
213
220
257
236
226
227
231
246
249
241
251
246
227
222
240
241
234
243
226
223
263
227
226
223
220
239
259
213
252
243
239
227
261
257
235
228
184
243
246
234
246
231
225
227
247
248
207
238
211
235
257
260
253
273
228
249
203
224
238
233
237
271
264
226
264
224
254
253
248
252
261
278
240
270
273
240
285
253
297
290
263
300
247
268
254
292
253
275
308
287
250
278
278
259
269
277
252
301
292
266
276
270
310
257
301
313
311
294
300
274
273
282
271
267
317
306
319
281
299
283
269
270
280
293
314
343
302
310
304
299
288
283
326
284
303
284
297
287
290
293
306
287
333
298
299
283
276
280
301
307
293
313
302
283
294
312
285
291
311
318
294
297
311
312
299
299
304
280
294
263
275
297
272
301
259
309
282
291
242
285
285
276
279
276
270
252
319
284
252
255
268
280
282
255
278
264
252
272
254
267
270
254
248
267
276
261
260
236
252
242
253
263
233
257
217
258
242
265
270
249
249
259
264
242
276
264
251
269
251
257
227
270
263
251
248
262
249
227
254
272
251
278
252
219
253
231
242
263
251
236
268
253
267
245
252
237
257
266
234
261
256
206
254
250
241
259
239
243
242
263
259
228
257
275
232
254
260
243
272
253
228
251
246
239
227
255
256
246
243
245
257
235
221
236
240
225
267
263
271
236
243
263
246
266
245
246
268
250
235
245
265
242
228
248
234
259
223
247
229
236
245
238
233
247
264
205
248
239
241
250
228
226
228
247
227
237
214
236
247
266
228
261
238
243
240
242
249
276
240
254
226
240
241
229
239
220
249
250
253
217
238
241
222
230
250
248
203
225
234
241
226
224
263
273
235
256
254
227
245
269
252
238
259
226
251
213
252
239
253
256
261
233
203
233
258
261
287
241
257
246
237
259
270
220
233
274
243
237
273
270
277
250
266
257
236
256
274
272
271
270
266
259
256
252
267
253
290
273
300
278
269
282
300
274
304
281
291
303
260
304
307
303
296
309
315
306
297
319
307
320
322
316
312
309
311
333
313
306
279
351
303
337
392
350
357
339
331
360
375
342
382
342
332
345
370
382
388
394
396
400
363
448
381
366
456
454
492
457
495
455
474
480
524
543
542
495
536
549
588
604
634
599
649
634
682
698
752
731
734
795
847
847
878
860
894
932
960
994
1106
1087
1080
1099
1098
1085
1202
1273
1246
1244
1256
1365
1352
1340
1354
1313
1447
1383
1389
1409
1455
1452
1471
1504
1476
1503
1475
1424
1438
1435
1362
1373
1367
1325
1402
1321
1330
1303
1262
1228
1161
1138
1122
1125
1087
1021
1061
977
938
975
931
876
895
843
791
735
718
662
659
636
659
616
598
617
535
521
505
521
504
450
467
438
414
416
457
394
396
383
399
369
404
338
332
355
310
323
318
335
304
297
312
318
272
289
297
294
282
278
223
281
258
260
244
276
257
224
221
248
253
217
259
237
231
232
241
233
234
213
189
220
205
207
230
238
237
250
234
264
261
252
291
273
313
327
297
299
342
346
351
363
385
373
389
391
407
400
419
438
387
432
419
450
411
434
427
403
432
409
362
383
367
319
336
297
301
268
291
271
226
232
204
179
197
190
163
176
177
158
152
161
144
143
152
140
139
171
146
144
142
156
158
143
140
166
180
153
178
155
139
177
158
171
141
153
173
188
164
186
182
188
204
171
179
192
185
201
205
188
206
209
227
218
209
234
199
246
264
242
216
247
234
226
208
233
236
242
250
216
242
239
238
239
252
242
285
246
283
292
256
259
249
257
235
251
235
232
235
252
216
214
241
238
232
213
235
226
212
221
208
213
197
228
186
184
203
177
187
180
168
173
157
154
193
169
141
145
157
162
159
146
147
147
146
137
118
133
126
106
119
122
126
125
110
110
107
120
96
100
95
104
88
96
95
109
93
80
89
96
89
99
109
83
99
81
95
83
63
79
75
76
74
85
71
61
64
92
64
67
73
89
65
64
75
74
60
56
66
70
61
54
72
51
79
54
70
59
61
71
48
61
67
52
54
68
55
53
70
60
51
52
48
48
42
40
60
50
55
51
44
49
57
58
60
48
50
48
48
65
65
57
58
64
56
73
74
65
63
86
69
76
77
63
85
67
72
78
67
79
85
71
68
58
66
69
66
64
54
58
57
45
56
56
44
55
47
47
44
37
50
38
55
45
39
48
48
44
39
37
41
32
42
54
51
52
41
29
38
37
48
46
47
42
42
48
37
34
45
37
30
45
44
33
45
34
48
37
36
48
42
34
30
34
26
25
39
29
43
40
41
33
31
30
33
40
29
37
30
39
33
36
21
24
42
31
32
32
28
36
38
35
30
32
33
37
38
28
31
28
27
34
42
22
28
30
25
33
28
30
26
34
31
30
38
31
34
34
22
19
35
31
35
32
24
35
28
36
23
25
31
21
24
31
33
27
32
26
21
28
22
27
28
26
29
22
22
26
31
30
30
24
29
26
29
27
25
32
19
27
37
30
29
20
33
23
34
25
33
19
20
34
25
23
23
18
22
24
27
23
22
33
24
26
24
28
24
17
19
34
23
27
32
24
19
18
27
22
24
32
25
27
30
25
14
21
26
29
18
23
23
14
24
18
18
33
26
21
18
16
23
21
33
29
19
23
20
23
25
24
30
20
16
18
27
23
24
18
26
20
20
23
20
30
27
15
16
29
10
23
18
26
19
22
14
20
15
25
17
20
19
32
18
20
11
22
27
29
20
25
21
24
28
24
15
18
22
19
26
19
24
8
21
17
10
30
23
18
13
21
20
21
17
28
16
16
17
22
24
21
19
21
21
27
21
16
14
19
11
27
13
20
18
12
21
27
19
17
20
20
18
20
14
19
12
15
15
18
17
14
16
14
17
19
15
19
19
13
13
15
11
18
16
20
21
15
20
15
15
12
15
14
18
14
22
14
19
16
11
11
16
17
16
21
13
18
24
9
9
7
15
10
14
12
13
12
8
15
20
15
17
16
22
11
12
22
23
17
15
12
19
11
15
16
13
8
13
18
22
16
12
16
11
15
19
12
13
16
13
14
15
17
13
18
10
10
13
21
22
12
10
8
16
8
13
15
15
9
15
14
15
14
15
11
9
10
13
14
20
13
17
16
11
12
11
16
10
10
6
13
14
14
16
11
17
13
11
12
16
7
9
15
9
12
10
11
13
15
12
8
15
16
9
12
16
15
11
7
8
9
10
8
11
10
7
12
8
6
12
17
8
8
15
12
12
7
8
12
8
17
8
9
8
7
12
9
16
15
10
5
6
10
6
15
14
12
7
12
8
12
12
3
13
14
7
7
6
15
6
10
11
7
19
5
10
10
7
15
5
11
11
12
9
11
10
4
13
9
6
13
14
4
6
10
13
5
5
12
15
7
9
6
14
12
13
9
9
6
14
8
9
12
8
13
10
11
10
13
12
5
9
10
6
8
11
6
9
8
15
14
7
6
5
9
6
4
6
7
4
9
8
7
13
5
7
8
7
8
10
9
6
7
6
10
7
6
4
8
13
8
11
9
5
13
3
5
12
5
5
10
12
13
12
3
6
8
14
6
6
8
7
6
5
10
10
3
7
4
1
5
4
9
7
2
6
9
6
5
7
5
12
4
4
8
5
4
7
5
9
8
9
4
9
10
6
6
4
5
8
10
4
4
12
10
4
3
4
8
8
9
5
4
6
9
7
2
8
3
4
7
6
6
11
7
11
4
8
7
9
3
8
7
2
9
6
8
5
2
3
12
6
9
5
5
3
4
3
6
6
8
4
8
8
8
6
5
5
3
3
6
5
3
4
3
6
2
7
5
8
5
3
2
2
4
8
6
5
2
6
6
6
7
3
3
9
7
9
4
2
5
4
4
4
3
5
9
5
5
4
10
5
5
6
3
5
8
2
3
4
2
5
7
0
5
3
2
3
9
7
3
2
4
7
2
6
2
5
5
3
6
5
4
6
2
3
4
1
4
3
4
4
5
0
6
1
2
5
0
5
5
5
5
5
6
1
3
7
2
5
6
4
3
4
3
4
1
1
3
1
5
2
0
3
5
4
4
2
4
3
1
1
2
7
5
6
4
3
2
4
4
1
6
4
5
1
1
4
1
2
3
2
1
2
7
2
4
1
5
2
2
3
3
6
3
2
1
2
3
3
5
3
2
4
2
4
11
8
3
1
6
6
4
1
4
3
3
1
2
3
4
4
4
2
3
2
1
2
2
2
0
7
1
4
0
2
0
3
4
3
1
0
1
3
2
3
3
6
5
5
2
5
0
5
0
1
3
5
3
1
4
4
3
2
3
4
1
1
2
0
2
3
4
6
2
0
0
4
2
3
2
2
3
1
3
3
1
1
0
1
3
1
5
2
2
4
4
1
3
2
1
2
1
4
4
5
4
1
2
3
2
3
5
5
1
4
1
1
2
1
0
2
5
4
1
4
2
3
3
3
7
1
4
3
1
2
3
1
2
2
2
1
1
1
0
2
1
3
1
1
2
2
3
2
0
1
0
0
1
0
1
3
3
2
4
2
1
3
1
3
3
2
3
4
1
3
1
2
0
1
1
2
1
1
2
1
1
3
2
1
0
2
2
1
4
1
0
0
4
0
2
3
1
2
1
0
4
2
0
4
2
1
0
0
2
2
2
3
2
0
0
3
2
2
0
1
1
4
0
5
1
2
0
1
1
5
0
1
1
1
1
3
2
3
1
2
0
0
1
1
4
1
2
0
1
1
4
1
2
0
1
0
1
0
0
1
1
0
6
0
2
1
4
0
1
0
0
1
1
0
0
0
1
5
2
1
1
0
1
1
1
0
0
2
0
0
2
0
0
2
1
0
0
1
1
2
2
2
1
2
1
2
3
0
1
1
0
1
1
0
0
2
3
0
1
2
1
1
2
1
1
0
3
0
1
0
0
0
2
2
0
1
1
1
1
1
0
1
1
2
3
2
0
0
0
0
1
0
0
1
0
1
1
1
1
0
0
0
3
1
0
1
1
0
1
1
1
2
1
2
1
1
0
1
0
0
0
0
1
1
1
2
1
1
0
1
0
0
0
1
1
0
0
1
1
0
2
2
0
2
1
0
0
3
1
0
3
1
3
2
2
0
1
1
0
0
1
0
0
1
0
1
1
0
4
0
0
2
1
1
1
1
0
1
3
2
0
0
1
2
2
1
1
0
0
2
3
0
0
2
0
0
1
0
1
2
0
1
0
1
1
0
0
2
0
1
0
1
1
0
0
1
0
0
1
0
1
1
0
1
1
1
0
1
1
0
0
0
1
0
0
2
1
0
2
2
0
2
0
1
2
0
1
2
0
0
2
1
1
0
0
1
1
1
1
0
0
1
0
0
0
0
0
1
2
1
0
0
0
0
1
2
0
1
0
0
0
2
0
0
1
0
0
1
0
0
0
1
0
2
0
0
0
0
1
2
1
0
0
0
1
0
0
0
0
1
0
1
0
0
2
0
1
0
0
2
1
0
0
1
1
1
0
0
0
0
0
2
1
0
2
0
1
0
0
0
0
1
0
2
0
0
0
1
0
0
0
1
0
0
2
0
1
0
0
2
1
0
1
1
0
0
0
0
1
0
0
0
1
1
1
1
0
1
0
0
0
1
0
0
0
0
0
0
0
1
0
1
1
1
0
0
0
0
1
0
0
0
2
0
1
0
1
0
0
0
1
1
0
0
0
0
0
2
0
0
1
0
1
0
0
0
1
0
0
0
1
0
0
0
1
1
0
0
0
1
0
0
0
0
0
0
2
1
0
1
0
0
0
1
0
1
1
0
0
0
1
0
0
1
0
0
0
0
1
0
0
0
0
0
0
1
0
0
0
1
0
0
0
0
0
1
0
0
0
0
1
0
0
0
2
0
0
0
0
0
0
0
1
1
0
0
0
0
0
0
0
1
1
0
0
0
1
1
1
1
0
0
0
0
0
0
0
0
0
0
0
0
0
0
1
0
0
0
0
0
0
0
0
0
0
1
0
0
0
0
0
0
0
0
1
1
0
0
1
0
