0
0
0
0
0
0
0
0
0
0
0
0
0
0
0
0
0
0
0
0
0
0
0
0
0
0
0
0
0
0
0
0
0
0
0
0
0
0
0
0
0
0
0
0
0
0
0
0
0
0
0
0
0
0
0
0
0
0
0
0
0
0
0
0
0
0
0
0
1
0
0
1
3
1
3
2
6
3
2
5
3
7
16
30
111
379
1005
2300
5069
9624
17179
27847
40629
54445
66043
72985
73085
66789
54564
41166
28012
17585
9774
5088
2349
1038
409
146
34
16
4
1
2
5
1
2
3
2
1
4
2
0
2
0
0
1
0
0
0
0
1
12
67
62
63
52
50
41
56
52
63
52
63
43
50
41
62
52
42
54
49
49
55
53
51
47
44
39
38
42
41
53
46
46
46
39
44
34
51
47
48
50
47
43
31
38
30
36
44
46
42
47
48
34
36
44
46
39
38
56
54
47
62
58
65
63
76
94
93
131
158
206
269
344
409
474
474
527
487
454
433
360
278
257
176
167
98
88
76
62
63
67
50
40
31
36
46
36
37
44
40
33
37
44
46
43
52
45
47
60
48
51
47
53
60
50
52
52
46
61
87
73
54
95
79
118
133
170
272
485
861
1265
2046
3182
4515
6207
7796
9738
11353
12281
12856
12680
11767
10570
8933
7088
5610
4004
2987
2072
1624
1087
877
643
482
437
381
448
562
754
1010
1392
1967
2292
2843
3403
3736
3938
3943
3823
3424
2980
2484
1937
1473
1082
820
627
496
381
372
322
281
215
180
144
117
107
75
45
33
23
23
12
20
12
10
16
13
13
15
8
10
17
16
11
14
13
11
7
12
6
11
12
13
16
13
12
8
8
16
17
8
8
11
12
17
15
12
22
21
17
24
33
29
29
30
35
25
24
26
30
21
32
24
26
23
21
23
20
27
25
25
23
24
23
19
15
19
29
25
15
17
22
9
17
18
15
13
16
13
16
13
11
6
12
1
9
17
6
8
5
6
6
8
5
7
7
11
6
10
10
7
12
9
9
6
5
9
6
7
4
9
9
5
8
8
8
7
9
11
10
8
14
8
13
14
11
5
13
5
8
9
10
9
9
6
11
14
9
8
11
12
24
19
11
12
13
14
13
8
16
22
14
9
6
15
11
7
10
8
11
9
10
4
13
8
5
8
7
10
9
9
9
13
5
8
8
10
9
5
12
12
9
8
6
6
3
10
6
8
8
8
3
2
9
11
7
4
13
6
8
8
8
2
11
11
6
2
9
9
10
2
6
6
6
6
5
11
4
7
8
6
9
6
6
7
3
3
10
7
11
4
9
12
6
4
6
8
10
5
4
8
2
11
10
10
7
11
8
7
7
11
8
13
9
7
10
5
11
4
5
5
11
14
12
7
9
5
9
8
8
8
9
8
10
12
11
3
11
5
11
9
9
12
16
12
19
6
15
3
14
13
5
11
16
9
14
9
8
8
7
21
11
12
7
8
11
18
15
12
10
15
11
15
7
23
11
21
19
14
9
14
15
16
19
18
21
20
28
27
20
25
25
22
20
26
19
33
30
32
25
34
30
18
36
47
35
32
30
37
33
34
28
27
30
23
33
36
33
30
26
28
22
26
16
23
27
30
18
17
30
19
28
27
20
24
17
27
19
17
12
22
28
19
18
17
16
16
26
21
13
24
19
19
21
14
18
24
21
22
29
23
21
24
27
10
36
27
28
38
30
30
27
26
29
38
26
33
27
19
27
29
22
31
26
29
23
25
30
37
23
30
33
33
34
29
36
28
29
24
28
24
29
31
31
45
28
37
39
36
38
38
24
41
46
39
43
45
42
51
40
42
33
45
39
50
44
44
29
38
51
54
51
47
50
62
48
44
45
49
52
68
46
61
51
51
52
69
62
72
53
50
46
53
63
81
70
69
91
51
77
77
69
67
75
66
57
67
70
83
59
85
81
106
97
90
98
100
109
101
99
99
121
111
111
107
139
89
101
92
101
94
78
92
101
90
80
80
90
96
71
74
97
85
94
83
68
74
81
80
75
82
85
74
99
73
59
73
77
89
72
77
81
76
85
85
80
77
84
68
68
70
75
91
56
78
72
78
76
68
67
65
73
74
73
85
72
73
74
73
69
79
65
85
68
75
77
80
91
89
82
77
85
67
66
83
81
58
73
80
78
68
81
78
69
63
77
75
88
82
67
71
68
77
84
80
95
74
70
93
79
79
77
94
92
88
98
83
90
70
76
85
86
77
77
76
90
84
83
87
80
98
86
80
96
98
103
99
112
89
98
87
93
113
107
112
87
102
105
125
139
126
137
131
133
164
163
231
267
348
481
625
752
1028
1338
1651
2122
2661
3162
3865
4740
5489
6130
7041
7672
8474
9306
9507
9877
10078
9918
9612
9492
8735
8177
7251
6647
5807
4988
4227
3478
2820
2239
1756
1434
1011
829
627
510
372
289
240
181
183
160
123
118
152
129
104
112
107
94
103
106
86
100
89
104
109
105
111
100
109
92
107
117
121
112
112
123
132
85
96
102
111
125
124
125
101
115
128
114
115
122
114
136
134
144
123
124
126
143
131
153
137
118
144
151
179
179
192
196
215
247
237
325
362
402
502
535
651
788
826
948
1021
1215
1238
1237
1357
1439
1438
1430
1372
1340
1259
1153
1113
1038
942
784
723
635
557
480
381
308
286
281
220
203
216
183
172
159
168
166
130
169
142
137
158
164
156
156
133
149
148
152
151
165
158
158
165
138
139
177
184
147
163
145
165
162
174
190
177
183
198
158
171
192
187
183
198
171
184
201
185
191
201
203
175
196
200
195
187
223
218
199
208
204
207
210
223
250
245
233
235
234
198
231
226
240
254
229
239
238
247
234
220
258
247
246
256
239
280
252
252
297
247
249
257
239
238
268
257
249
279
261
238
249
231
231
228
213
243
228
264
236
246
241
210
248
243
193
249
242
224
236
205
248
200
208
192
203
203
214
214
261
213
199
190
194
212
226
216
209
188
215
198
208
212
178
198
205
194
186
203
208
168
212
165
190
193
174
219
195
206
201
211
173
170
188
204
187
161
196
186
182
199
169
199
197
177
160
174
197
185
171
203
184
193
192
197
184
170
165
165
174
187
193
228
189
171
181
194
165
198
181
193
197
179
178
176
198
186
198
215
196
213
207
184
194
183
181
197
199
191
185
206
204
191
188
190
184
178
189
196
192
200
196
186
200
210
194
206
192
178
229
204
199
251
216
218
187
218
209
201
210
203
203
189
228
192
213
215
230
210
225
204
221
214
224
233
197
205
234
219
225
218
218
211
193
204
235
210
205
227
235
191
218
213
221
211
257
218
223
253
219
203
216
223
231
225
221
212
233
245
181
202
207
201
235
218
216
248
247
236
227
215
217
212
246
243
236
236
225
204
218
210
215
240
227
218
241
246
258
235
194
243
222
226
243
253
245
234
227
211
254
257
233
246
270
242
237
266
232
251
267
228
255
259
246
247
236
239
255
259
242
274
248
262
254
262
250
264
221
234
258
220
215
277
244
283
263
227
252
237
262
269
270
266
289
281
267
246
288
242
282
283
279
293
268
296
266
256
263
283
254
308
301
269
257
277
294
290
264
277
304
309
275
276
291
306
304
275
287
296
282
269
308
291
267
324
281
294
271
303
294
299
298
287
275
311
265
271
298
286
267
298
281
290
286
297
318
295
298
317
305
296
329
304
308
309
291
322
298
310
290
310
275
310
272
286
295
298
276
266
297
307
302
287
309
283
283
292
295
260
272
284
275
282
276
296
264
252
286
302
284
250
287
245
273
302
275
271
280
264
251
263
266
272
263
263
286
261
255
273
277
270
272
257
264
266
260
273
231
244
294
303
257
273
258
225
253
265
237
253
250
301
248
257
267
255
244
240
228
236
230
242
282
258
256
275
241
260
270
252
250
253
293
237
262
210
261
263
276
253
255
226
247
235
241
190
246
246
218
228
277
254
251
275
232
247
265
240
258
280
280
256
242
242
258
238
233
252
274
236
226
248
256
244
224
233
243
243
258
247
257
264
235
224
235
254
273
264
259
265
242
249
248
262
248
259
224
294
258
254
256
222
253
276
248
243
236
258
199
246
235
222
247
247
234
252
238
242
242
268
247
232
218
243
252
225
250
242
264
264
235
253
248
250
268
274
229
244
247
254
238
249
253
251
255
222
256
229
237
255
239
265
248
240
269
239
262
263
259
246
250
266
253
251
275
258
222
268
232
239
280
241
247
262
234
236
232
234
261
272
233
236
240
258
237
254
281
267
279
279
232
274
288
242
270
266
267
242
249
281
266
266
272
275
296
255
274
259
290
282
279
278
253
285
288
265
292
309
306
280
305
291
300
296
277
317
295
296
295
313
320
294
319
317
312
298
302
310
322
346
343
319
347
324
340
321
324
355
329
338
376
339
381
363
365
345
383
329
404
425
352
356
400
358
395
412
392
457
435
427
438
451
468
469
503
482
515
544
482
511
544
540
534
519
554
576
613
647
654
669
725
727
679
722
791
772
826
835
841
901
914
937
929
1013
955
999
1081
1147
1132
1102
1205
1228
1276
1288
1263
1272
1293
1341
1356
1349
1497
1384
1400
1456
1481
1425
1375
1461
1367
1462
1467
1448
1435
1503
1396
1385
1356
1358
1332
1310
1341
1265
1216
1217
1230
1122
1148
1133
1030
1070
1074
945
999
924
966
864
844
869
772
765
724
634
686
653
695
654
574
581
588
543
538
544
494
496
456
399
435
444
455
409
417
423
410
390
358
363
335
330
320
370
314
295
324
344
311
287
273
306
300
323
290
273
291
286
223
242
258
262
234
239
215
234
250
230
222
235
239
239
254
239
223
223
221
220
217
227
232
236
237
224
237
252
294
249
259
276
300
292
299
311
340
324
354
401
400
423
423
386
441
442
418
426
473
452
453
457
382
449
439
386
380
414
407
364
327
354
273
282
299
290
251
241
253
220
177
198
185
185
172
170
192
153
153
154
158
140
150
134
166
150
150
129
171
155
151
167
160
146
165
150
159
136
159
139
167
174
154
180
163
139
172
164
174
209
198
183
169
181
193
178
204
196
215
233
191
247
245
222
216
233
223
194
234
224
226
222
247
255
238
250
267
244
246
247
236
277
208
238
244
245
247
273
282
280
251
257
262
244
243
235
235
238
240
219
213
244
226
221
217
217
200
160
220
188
197
204
210
207
186
183
176
166
182
166
150
152
161
144
171
140
142
145
148
127
130
139
142
142
140
124
127
128
111
122
117
117
124
120
128
110
110
104
107
104
115
79
97
95
96
90
80
88
88
83
67
65
71
72
92
89
72
80
70
81
81
77
81
73
84
83
60
70
65
57
77
72
75
75
74
69
84
75
64
57
69
70
61
57
65
65
62
75
62
60
48
57
70
56
67
59
56
63
62
59
42
51
56
56
60
38
53
40
51
50
47
73
54
58
76
59
61
56
77
72
60
58
56
62
58
85
59
73
91
84
70
78
75
65
62
66
93
69
72
77
70
77
69
63
62
62
54
63
64
60
52
42
58
43
48
54
42
57
43
47
42
52
29
48
38
47
46
53
40
48
56
43
30
54
42
39
37
37
38
52
48
40
42
40
56
34
41
40
44
39
45
34
45
42
28
27
39
40
41
40
35
43
30
34
36
33
30
30
35
39
40
27
40
30
41
24
30
33
32
38
28
23
40
26
30
32
26
32
35
33
36
30
35
43
27
37
31
37
34
36
32
30
34
30
37
28
32
33
34
32
35
33
32
35
29
40
34
30
30
38
23
30
27
29
30
25
30
38
22
34
19
31
35
25
33
31
32
28
29
26
28
23
26
28
31
34
24
25
28
35
28
20
25
33
34
30
26
30
25
37
28
29
30
29
21
26
25
24
23
17
29
27
15
20
21
24
31
30
29
31
26
31
22
26
35
34
29
23
33
28
22
29
24
24
19
22
20
19
27
23
36
31
17
41
23
25
27
28
22
25
26
26
24
18
37
22
22
18
26
34
24
25
20
19
24
27
18
22
24
30
13
26
19
17
16
16
21
22
36
25
24
16
28
25
18
27
27
24
20
29
13
11
25
23
24
23
29
26
25
23
18
18
19
17
29
19
25
19
15
23
28
17
25
19
22
13
15
18
23
17
19
23
19
16
26
16
16
22
20
20
16
20
20
12
19
17
20
11
17
20
27
23
25
23
12
13
16
17
20
18
18
30
16
23
20
19
25
15
21
12
23
19
22
16
22
23
10
18
19
13
24
18
8
17
19
9
20
14
11
14
15
19
18
17
18
16
14
8
12
14
23
15
8
21
13
10
15
25
24
16
16
16
23
15
10
17
14
17
17
16
21
11
14
13
20
21
28
8
21
16
10
14
11
12
12
15
16
17
19
9
13
13
21
9
11
20
9
14
11
18
15
14
9
18
15
9
11
14
24
18
19
14
15
20
13
11
15
12
8
21
8
10
11
14
9
9
10
11
11
6
5
11
11
12
19
10
17
11
10
20
13
10
17
13
17
14
11
10
17
14
8
12
10
14
9
7
11
8
11
12
12
10
16
13
9
14
7
16
17
8
15
12
15
13
17
10
15
12
14
12
15
7
11
17
12
11
12
8
10
17
17
13
15
14
11
12
12
15
9
12
9
8
10
14
12
15
9
5
10
15
6
8
10
12
10
8
10
13
6
8
9
11
11
7
13
14
3
11
5
10
10
12
11
14
8
10
11
14
7
6
7
9
7
6
7
9
11
11
11
10
5
14
14
12
8
10
11
14
9
9
8
11
11
6
5
10
6
12
6
9
8
9
9
7
9
7
12
11
12
9
5
13
7
12
13
9
7
6
11
6
10
2
9
5
11
8
7
5
11
2
5
14
4
8
8
8
9
8
14
12
6
7
9
5
4
5
9
8
7
7
9
11
7
6
9
7
13
5
7
4
5
6
5
6
4
4
7
6
1
11
7
9
9
7
10
5
6
6
10
9
8
8
7
6
5
9
8
8
9
6
9
4
5
11
2
3
8
9
9
11
3
10
7
6
4
6
4
11
3
1
7
8
10
6
7
9
7
5
2
5
5
4
2
6
4
4
6
6
2
6
4
3
5
3
4
4
7
4
5
14
4
2
10
4
3
7
7
6
6
7
2
7
6
11
4
2
7
4
9
4
7
8
6
4
7
8
2
4
5
6
5
3
5
2
5
4
7
3
2
3
10
6
3
6
5
5
3
5
6
3
4
8
4
6
7
6
8
4
7
5
8
10
4
3
4
7
1
2
1
4
4
4
3
5
4
3
1
5
5
3
7
2
8
4
4
7
6
5
4
3
2
2
7
5
7
4
4
2
4
3
4
7
3
5
3
1
2
4
6
8
4
5
4
2
5
3
3
6
4
1
0
4
4
7
5
5
6
6
2
4
4
4
3
2
4
5
4
2
4
1
2
3
3
8
4
3
1
4
7
4
4
4
5
6
3
3
2
2
0
3
2
7
8
0
4
4
4
1
4
3
2
3
4
2
3
3
2
2
5
2
1
5
1
1
1
2
5
5
1
4
2
4
1
3
1
3
1
8
1
1
2
1
2
3
5
4
4
6
5
1
2
3
2
4
4
6
4
2
2
2
1
5
4
4
3
2
3
3
0
2
1
3
3
3
5
7
1
0
3
0
3
1
3
3
3
2
3
4
2
3
1
3
2
3
2
5
1
3
5
4
3
2
1
3
5
5
3
3
2
4
5
2
2
1
2
3
2
6
3
0
2
4
2
2
3
0
0
5
3
1
3
2
0
4
2
2
2
1
4
4
3
0
5
1
0
4
5
1
3
2
1
4
2
2
1
2
3
2
5
0
0
0
2
1
2
3
1
5
0
3
1
4
0
3
2
4
1
1
2
3
6
1
1
0
1
2
3
0
1
1
2
4
2
3
1
1
1
1
3
2
1
0
2
4
5
2
1
2
1
0
3
2
2
2
2
0
3
3
3
3
5
0
0
1
1
1
1
1
1
2
1
4
0
5
1
1
0
1
2
1
1
3
1
2
0
0
1
0
2
5
3
1
0
1
2
1
3
1
2
1
1
2
2
0
1
3
1
0
1
3
0
4
0
1
0
0
2
0
3
2
1
1
3
3
1
1
2
2
1
1
0
3
1
1
2
0
0
1
1
3
1
2
2
3
0
1
2
2
1
1
1
0
0
1
0
2
2
0
0
1
3
1
1
1
3
1
3
0
0
2
0
2
0
0
1
0
0
3
1
2
0
3
2
0
0
0
3
1
0
2
0
0
0
1
0
0
1
3
2
0
0
0
0
2
1
0
3
1
2
2
0
2
2
3
1
1
2
1
0
3
0
0
1
0
1
1
0
0
1
0
1
1
1
1
0
1
2
1
1
1
0
0
0
1
2
1
1
1
1
0
1
0
2
0
1
1
0
1
0
0
0
0
1
0
0
0
0
0
1
1
3
0
0
1
0
1
2
0
1
0
2
0
0
0
1
1
0
1
1
0
0
1
0
1
2
1
2
1
0
1
2
0
1
0
1
0
0
0
0
1
2
0
1
0
0
0
0
2
1
1
0
0
1
0
0
0
1
0
1
2
0
1
1
3
0
2
0
0
0
0
0
1
0
1
0
2
0
0
1
1
0
1
1
0
0
1
2
2
0
1
2
0
0
0
0
0
0
1
1
0
0
1
0
0
0
2
1
0
2
1
1
0
1
0
0
1
0
0
0
2
0
0
1
0
1
0
1
0
1
0
0
0
1
0
0
2
0
0
1
0
1
0
0
0
1
0
0
0
0
0
1
1
1
1
0
1
0
1
0
0
0
0
0
1
0
0
1
1
0
0
3
0
1
1
1
0
2
0
1
0
1
0
1
0
1
1
0
0
2
1
0
0
0
1
1
1
0
1
1
0
1
1
0
2
2
1
2
0
1
0
1
0
0
0
0
1
2
0
1
0
1
1
0
0
0
0
0
0
0
1
1
0
1
2
1
1
0
2
0
0
1
0
0
1
0
0
0
1
1
1
2
0
0
1
1
0
0
1
0
0
1
1
0
0
1
2
0
0
0
0
0
0
0
1
0
0
0
0
0
0
1
0
0
1
0
1
0
0
0
1
0
0
0
1
0
0
0
1
0
0
0
0
1
0
2
0
1
0
1
0
0
0
0
0
0
0
0
0
0
0
0
1
0
0
0
0
0
0
0
1
0
0
0
0
0
0
1
1
0
1
0
0
1
0
1
0
0
0
0
0
0
1
0
0
0
0
0
1
0
0
0
0
0
0
0
0
0
0
0
0
0
0
0
0
0
0
1
2
0
0
0
2
0
0
0
0
0
0
0
0
0
0
2
0
0
0
0
0
1
0
0
0
0
0
1
1
0
0
0
0
0
0
0
0
0
0
0
0
0
0
0
2
0
