0
0
0
0
0
0
0
0
0
0
0
0
0
0
0
0
0
0
0
0
0
0
0
0
0
0
0
0
0
0
0
0
0
0
0
0
0
0
0
0
0
0
0
0
0
0
0
0
0
0
0
0
0
0
0
0
0
0
0
0
0
0
0
0
0
0
1
2
3
2
3
0
1
4
1
1
3
2
5
2
5
0
14
44
121
317
951
2230
4932
9457
16965
27445
40371
54582
66159
73065
73476
66819
54809
41576
28249
17500
9944
5052
2399
1023
408
131
44
18
3
3
3
3
0
2
0
1
2
2
2
2
1
2
2
0
1
0
1
1
0
9
56
76
58
51
45
50
64
47
64
48
58
55
50
43
59
59
51
60
50
56
39
43
45
52
59
49
49
48
35
39
50
44
53
49
45
42
48
53
35
47
43
42
41
51
46
49
44
42
52
57
42
57
51
42
46
41
61
67
60
63
66
58
71
63
97
97
110
145
192
223
297
394
425
484
483
528
544
443
465
365
284
217
199
145
116
101
75
71
83
47
47
40
43
33
32
37
37
39
45
41
52
54
49
41
50
34
48
45
42
47
54
57
72
64
54
62
72
79
78
79
84
109
117
119
157
253
379
577
904
1363
2220
3255
4654
6460
8116
10032
11746
12790
13400
13499
12297
11119
9272
7451
5966
4401
3161
2325
1714
1261
1026
798
702
646
570
654
743
883
1236
1625
2037
2531
2934
3429
3663
3914
3980
3753
3413
2951
2354
1917
1493
1090
873
638
504
377
343
287
251
240
187
153
140
88
71
48
42
23
20
18
20
13
18
8
12
13
15
14
18
15
14
13
14
8
13
5
14
9
10
15
11
15
10
9
6
17
6
16
7
22
8
12
16
19
14
19
34
29
32
35
30
33
25
31
35
22
29
16
29
22
32
21
21
29
25
27
21
26
28
23
15
20
23
18
18
18
28
22
26
22
20
25
17
16
14
17
12
10
14
9
13
9
8
9
9
6
4
5
4
11
6
3
9
7
8
12
7
4
4
5
6
6
7
5
6
7
10
2
11
5
10
7
14
10
10
9
12
12
16
12
6
10
7
12
6
9
10
3
10
11
7
7
10
6
7
15
8
12
7
18
10
10
17
15
18
15
6
15
14
4
12
4
8
8
13
6
7
8
7
6
9
11
14
9
8
7
14
6
5
10
5
16
5
14
13
5
8
9
10
16
7
5
6
8
7
8
1
12
10
8
10
5
12
7
10
5
8
7
9
9
10
9
7
12
12
9
6
5
7
7
13
6
6
9
7
11
14
5
8
4
7
5
5
8
9
9
13
12
8
11
6
10
6
6
9
5
3
10
7
17
3
5
10
13
4
4
7
5
7
10
8
10
10
7
10
12
11
7
9
4
11
12
5
10
8
12
13
7
5
12
8
8
9
8
19
7
11
18
10
10
8
9
8
14
8
12
8
14
11
12
8
12
4
8
10
15
9
10
10
9
12
16
17
10
10
9
10
13
14
16
15
13
13
13
16
9
18
10
19
21
11
13
15
22
15
15
19
17
26
20
21
21
19
31
20
27
27
27
24
24
29
42
19
21
24
34
23
32
20
29
23
25
32
34
29
29
28
38
28
24
27
30
25
27
19
25
21
28
20
23
23
21
17
21
21
23
13
25
29
23
18
30
28
14
15
13
15
22
27
27
18
18
22
29
24
20
22
26
26
17
19
27
20
15
19
40
24
35
19
30
31
27
33
26
26
41
47
27
22
39
26
23
26
24
25
26
31
24
18
25
28
31
32
30
21
36
31
45
27
40
37
37
45
29
42
48
31
45
29
30
43
33
50
37
38
40
35
47
45
39
49
47
44
42
49
45
37
45
42
55
45
43
51
57
57
45
59
58
44
46
58
48
64
80
57
59
71
65
61
70
56
57
76
85
58
72
83
76
83
73
64
76
100
85
99
98
102
93
107
94
137
129
153
161
170
174
178
196
169
169
187
163
153
171
141
129
128
134
114
89
97
96
105
111
96
82
95
104
84
85
62
84
76
64
80
76
78
99
88
70
80
61
79
65
74
88
68
83
62
82
100
68
79
91
68
90
77
83
88
80
77
81
65
63
92
76
72
80
77
63
78
68
57
78
85
65
98
73
76
78
78
77
86
72
78
59
71
85
78
81
71
85
70
78
72
84
75
82
79
74
93
74
88
84
94
92
75
77
92
73
82
80
82
64
83
102
71
105
89
71
82
76
105
91
88
88
74
101
98
89
93
94
104
83
90
89
99
103
85
100
87
83
86
107
108
101
114
109
117
116
96
111
121
132
120
105
143
110
126
123
152
140
181
185
232
247
360
403
573
704
929
1218
1569
1881
2530
3078
3728
4513
5260
6201
7030
7849
8514
9471
9927
10132
10548
10280
10156
9872
9232
8539
7833
7065
6115
5300
4403
3659
3020
2451
1848
1427
1110
812
681
539
359
312
241
193
170
140
161
139
123
118
116
110
130
123
105
122
134
108
110
126
119
116
95
113
102
130
132
126
113
122
113
120
121
112
114
110
101
131
135
129
130
127
137
115
123
121
129
134
133
137
132
144
141
142
148
135
142
150
150
164
169
166
193
205
204
242
303
332
346
425
535
562
657
757
864
1005
1108
1132
1309
1305
1320
1495
1519
1473
1405
1321
1291
1251
1156
1059
903
873
755
635
598
494
445
390
312
276
229
206
194
185
203
180
163
169
150
157
164
177
157
167
167
194
195
187
198
188
201
206
230
209
252
228
223
244
227
269
245
274
253
269
296
273
296
257
290
259
247
265
304
299
268
303
302
303
284
283
300
293
258
283
298
283
280
246
282
250
262
233
298
244
271
252
256
258
275
242
257
238
261
231
246
238
257
269
225
232
252
223
246
256
245
211
243
208
263
231
223
220
237
220
265
227
213
233
227
220
208
230
228
235
232
242
264
224
257
249
238
278
241
230
212
227
256
234
245
245
219
241
227
225
230
222
239
247
223
206
229
222
228
191
223
203
215
217
214
206
225
206
214
196
208
212
217
204
200
173
207
193
219
204
197
178
172
195
188
201
193
177
199
189
194
192
197
173
194
200
179
175
189
189
191
194
215
198
190
182
192
240
196
202
206
205
190
212
208
212
183
216
201
210
186
175
209
207
213
220
197
203
209
202
200
221
187
221
203
196
199
193
214
206
195
217
205
195
212
197
231
214
232
202
227
235
226
250
254
226
239
250
252
230
230
229
264
267
219
252
270
216
260
256
283
258
255
249
256
282
252
274
288
231
306
276
262
272
280
258
262
249
263
303
259
261
271
239
253
250
242
236
262
277
254
245
243
237
262
237
221
237
247
237
262
219
245
242
268
228
293
255
255
253
232
280
237
238
259
239
287
276
237
238
275
234
246
234
248
237
224
218
247
235
214
254
243
229
231
232
261
240
207
196
234
246
257
238
228
242
264
249
252
244
249
224
250
239
241
221
223
240
252
246
238
241
265
251
255
254
230
221
248
233
259
253
243
247
263
262
256
203
258
305
255
251
276
245
278
245
266
255
302
276
252
262
256
273
247
247
253
265
275
277
231
254
240
255
268
268
290
255
269
246
286
273
252
302
273
243
282
264
274
287
291
304
281
277
268
266
283
277
288
265
282
293
249
292
297
275
277
283
280
291
297
236
281
264
302
282
266
262
261
276
322
277
266
292
261
255
261
290
268
263
281
302
276
270
271
275
303
270
289
270
303
310
246
315
285
303
271
292
317
312
286
323
318
288
291
298
274
302
275
287
286
294
279
283
304
322
284
281
278
281
262
286
273
309
304
306
296
305
267
252
271
296
283
296
285
291
277
285
294
290
259
273
298
277
267
266
259
245
240
288
280
265
253
257
266
259
241
245
245
236
274
254
277
245
238
248
259
250
254
293
264
265
240
233
257
224
274
250
252
262
273
278
269
256
259
256
270
250
234
229
229
281
256
261
269
238
263
250
262
282
265
294
278
261
294
253
277
246
270
260
255
270
262
242
254
265
242
243
235
254
254
245
281
248
219
255
215
248
261
257
258
247
258
246
236
260
273
270
249
223
248
248
246
256
260
236
234
261
226
243
256
249
246
276
261
248
254
250
258
248
249
241
240
268
225
262
266
240
211
275
270
257
222
278
255
241
259
230
247
238
247
236
226
248
242
226
248
268
245
245
245
236
255
240
224
253
233
247
241
227
213
265
245
239
243
243
216
217
236
251
279
237
216
263
264
249
254
257
250
216
259
223
278
270
223
260
250
240
255
257
244
267
247
277
259
237
247
261
277
247
270
288
244
284
248
244
285
255
252
238
244
221
281
276
280
257
259
277
267
253
279
258
283
268
297
267
274
282
279
301
314
244
292
288
299
263
283
279
320
331
297
302
301
315
300
300
335
319
304
276
302
340
301
313
337
346
340
304
311
329
286
313
368
313
356
369
342
378
380
358
354
350
372
378
385
375
381
410
401
388
376
401
410
400
417
441
455
447
473
453
481
526
503
526
525
534
570
576
593
587
587
593
590
633
663
701
676
704
743
738
811
809
817
877
905
888
951
971
993
979
1062
1087
1093
1176
1198
1250
1191
1183
1257
1297
1323
1331
1399
1407
1354
1391
1470
1418
1392
1369
1464
1435
1397
1437
1518
1446
1428
1411
1465
1452
1406
1428
1325
1349
1366
1360
1319
1255
1197
1226
1202
1139
1134
1080
1072
1053
952
971
934
891
893
830
823
776
706
760
704
678
665
651
604
632
587
578
566
536
491
458
494
436
434
430
440
429
420
422
380
371
361
344
312
344
332
324
330
335
347
340
274
310
306
262
286
253
268
289
253
253
246
252
280
265
226
247
245
245
211
259
263
238
240
211
222
205
237
226
231
218
229
237
230
205
234
262
256
241
259
286
269
277
286
329
347
339
326
353
374
379
413
409
413
391
456
435
462
470
452
475
471
511
492
467
465
497
451
430
411
433
399
405
388
372
317
335
298
255
239
254
265
213
201
190
186
181
168
148
136
168
172
149
148
156
171
148
159
142
154
155
157
148
179
144
166
168
168
148
155
155
161
136
181
171
145
176
177
159
196
189
174
183
180
173
189
203
182
200
208
206
209
205
199
166
207
238
215
223
238
260
221
202
243
248
259
230
238
242
269
231
256
249
245
244
259
249
252
242
233
256
266
237
274
266
253
247
243
246
235
211
237
209
247
236
254
236
223
214
206
216
195
203
205
204
187
186
195
173
173
163
172
184
187
181
175
148
156
165
134
134
140
141
143
102
130
112
135
132
141
121
110
112
103
119
84
119
107
108
98
127
88
84
93
86
84
100
100
88
78
102
92
82
87
77
87
91
86
78
75
77
83
62
70
70
57
57
74
80
64
74
67
59
64
65
68
67
61
58
59
62
68
64
77
51
70
54
60
70
52
65
65
48
55
68
56
70
56
70
67
46
48
55
57
56
64
58
60
54
56
46
46
47
50
48
51
50
53
71
68
47
68
56
57
70
66
63
62
72
84
85
83
82
68
77
79
72
71
66
73
70
65
66
70
60
65
64
75
53
53
67
54
59
59
55
53
62
54
41
42
39
44
52
46
41
43
53
32
36
41
45
38
39
35
35
54
47
39
43
46
35
42
41
28
36
40
35
51
41
39
41
42
40
36
48
30
42
38
39
27
25
32
27
35
45
35
22
26
37
31
45
33
27
38
28
42
33
40
45
22
32
37
32
38
28
34
30
24
41
37
27
30
23
26
23
27
37
34
32
24
39
34
35
18
36
28
34
30
38
32
37
40
25
27
27
26
29
36
36
27
28
23
28
28
31
28
26
34
24
33
28
30
40
19
27
31
30
33
18
30
26
25
31
25
30
27
36
29
24
25
25
29
20
27
29
28
29
43
26
30
18
24
23
31
37
30
29
25
23
23
28
22
27
26
20
22
25
22
18
35
29
23
23
26
48
29
21
20
21
26
20
25
22
26
30
27
22
27
18
22
24
22
26
25
29
29
26
40
17
30
25
22
21
28
22
24
21
25
18
23
25
30
19
27
15
23
14
19
16
35
16
24
22
22
16
30
26
17
16
20
24
22
30
18
33
13
24
24
23
19
26
17
29
17
29
25
29
15
16
21
22
22
15
27
19
11
16
21
23
21
16
21
26
14
29
12
28
28
18
23
16
17
23
18
19
15
27
21
23
27
9
25
13
16
21
19
21
22
13
16
19
20
16
20
17
13
17
16
21
22
21
22
15
11
14
18
23
17
9
18
13
13
11
17
19
17
16
21
22
20
18
19
25
12
12
25
17
18
20
17
21
17
10
24
20
12
16
21
12
20
17
20
18
10
16
17
9
8
16
9
12
16
13
20
11
18
13
9
18
16
21
13
18
10
14
14
7
11
16
17
17
12
11
14
19
15
10
7
18
11
21
13
16
12
21
17
14
14
12
14
9
16
13
22
12
5
16
17
13
9
15
13
11
8
15
13
10
13
16
13
12
12
14
9
15
8
11
22
14
7
5
10
16
7
16
14
10
13
14
6
16
10
11
9
16
11
12
12
15
15
11
13
13
9
12
4
11
15
12
12
17
15
15
13
18
15
13
9
14
9
12
11
8
10
10
17
10
17
11
11
7
8
12
13
9
14
11
10
12
7
9
15
9
3
7
13
17
10
12
10
20
11
12
10
10
3
10
10
7
11
12
10
17
9
10
9
9
15
15
11
8
6
8
11
13
10
8
15
5
16
10
6
11
11
10
8
8
16
3
8
12
13
4
13
7
17
13
9
11
9
14
9
8
12
5
5
8
6
5
8
12
10
14
9
12
5
9
7
8
8
7
10
13
10
8
6
6
11
6
9
3
3
4
6
6
6
5
6
7
11
5
12
8
12
10
7
3
7
11
3
7
3
7
7
8
11
4
3
6
7
14
7
12
7
9
8
6
8
12
5
6
10
8
7
6
5
16
11
8
7
11
8
10
4
9
7
12
8
6
5
6
7
4
10
8
9
10
6
6
5
3
7
8
6
10
1
7
4
6
9
5
8
7
3
7
8
8
8
11
5
7
9
6
3
7
3
4
4
12
16
9
3
8
6
6
4
6
6
7
3
3
6
3
5
5
6
6
10
6
3
0
6
9
8
8
6
5
5
4
5
2
6
7
6
5
6
6
4
6
8
3
5
5
4
7
6
6
6
3
6
5
7
8
3
11
3
3
6
7
3
2
6
2
3
9
6
3
8
2
8
1
9
8
6
1
4
3
7
4
3
4
6
4
3
7
11
6
4
3
3
3
4
2
2
6
3
2
4
5
6
3
6
4
3
5
4
5
3
3
5
10
6
7
4
1
5
4
2
0
3
4
2
4
2
5
4
6
3
5
5
7
3
1
6
4
3
3
3
2
4
4
5
6
4
2
1
3
4
7
4
2
8
3
3
2
3
4
4
4
1
1
9
2
2
2
5
6
5
4
0
2
1
1
2
2
6
4
2
3
1
5
1
4
2
2
3
3
2
2
2
6
2
2
3
0
4
2
1
4
1
1
0
3
2
2
4
5
4
0
4
3
4
2
2
1
0
0
6
1
1
3
10
4
3
3
4
1
5
3
5
4
0
3
3
2
4
3
3
7
1
3
3
6
4
1
1
1
4
2
2
1
3
5
1
4
5
1
3
4
2
3
4
2
4
1
2
5
2
3
4
4
1
1
2
5
4
2
3
1
3
0
2
2
5
1
3
3
4
3
0
1
0
2
3
2
1
2
1
3
4
4
2
2
3
1
1
0
2
1
2
2
2
3
0
1
3
1
4
0
0
1
2
2
1
5
1
2
0
2
1
0
3
1
4
1
1
0
2
0
1
5
2
3
1
1
3
0
2
4
1
0
2
3
2
1
2
2
0
1
2
1
4
1
0
3
4
1
2
2
3
2
3
2
3
2
3
1
0
2
1
1
2
0
3
1
3
1
1
3
0
0
1
0
0
1
1
0
2
1
1
3
1
2
3
2
2
1
4
0
5
1
1
3
2
0
2
3
0
1
1
0
3
4
3
3
0
2
2
2
0
1
1
2
0
2
1
2
2
0
2
1
3
1
3
2
4
1
1
1
1
0
1
0
1
1
4
0
1
2
0
1
2
5
2
2
0
2
2
1
1
4
1
0
2
3
0
0
0
1
1
1
2
1
1
1
1
1
1
3
3
0
0
1
0
2
1
0
2
2
1
1
0
1
1
2
2
2
0
1
2
3
2
2
0
0
2
2
2
0
1
3
2
1
0
1
2
1
2
1
2
2
0
2
2
0
0
2
0
3
1
1
0
3
1
0
0
1
1
0
0
0
2
4
0
1
0
1
1
0
1
1
0
3
3
0
0
1
1
1
1
2
2
2
0
1
1
2
1
0
1
2
1
0
1
1
1
0
1
0
0
1
1
1
0
0
0
1
0
0
3
1
1
0
0
0
0
0
0
0
0
1
0
2
2
0
0
3
1
0
0
1
1
0
0
2
1
2
0
0
0
0
0
0
1
2
1
1
1
1
0
0
1
0
1
0
1
0
0
0
0
0
0
2
0
0
0
1
1
0
2
0
2
0
0
0
2
0
1
1
2
1
1
1
0
0
1
1
1
1
1
0
0
2
1
0
1
1
0
2
2
2
1
0
0
1
0
0
0
0
1
0
0
1
0
0
0
2
1
0
0
1
0
0
1
1
0
0
0
1
0
1
1
0
1
1
0
0
0
1
1
2
0
0
0
0
1
1
0
0
0
0
0
1
0
0
0
0
2
0
1
1
1
0
0
0
1
1
0
0
0
0
0
1
1
1
1
0
1
1
0
0
1
0
0
0
1
1
0
0
0
1
0
0
0
0
0
2
0
0
0
0
0
2
1
1
1
1
0
1
0
1
3
2
0
0
0
0
0
1
2
0
1
1
0
0
0
1
0
1
0
0
0
0
1
0
0
0
1
0
0
2
0
1
0
1
2
0
0
0
0
2
0
0
0
0
0
2
0
0
0
0
0
0
1
0
0
1
0
1
1
2
0
0
0
0
0
0
1
0
0
0
0
0
0
0
0
0
0
2
1
1
0
0
0
1
0
0
0
0
0
1
2
0
1
0
1
0
0
0
1
2
1
0
0
0
0
0
0
2
0
1
0
1
0
0
0
0
0
1
0
0
0
0
0
0
0
0
0
0
1
2
1
0
0
0
0
0
0
1
0
0
1
0
0
0
0
0
0
0
1
0
0
0
0
0
0
1
1
1
0
0
0
0
0
0
1
0
0
1
0
0
0
0
0
0
0
0
1
0
0
0
0
0
0
0
0
0
0
1
0
1
1
0
0
0
0
0
1
1
0
0
0
0
0
0
0
0
0
0
0
0
0
0
0
0
0
0
0
0
1
0
0
0
0
0
0
0
0
1
0
0
0
1
1
0
0
0
0
0
0
0
0
1
1
0
