0
0
0
0
0
0
0
0
0
0
0
0
0
0
0
0
0
0
0
0
0
0
0
0
0
0
0
0
0
0
0
0
0
0
0
0
0
0
0
0
0
0
0
0
0
0
0
0
0
0
0
0
0
0
0
0
0
0
0
0
0
0
0
0
0
0
0
0
2
1
1
2
2
2
2
4
1
3
5
7
6
4
11
44
144
389
949
2167
4843
9429
17339
27567
40637
54393
65710
73450
73009
66784
54941
41405
28127
17490
9807
5140
2371
1011
403
147
47
23
7
3
3
2
2
2
0
1
3
1
2
0
1
0
0
0
1
0
0
0
0
8
73
60
54
60
51
74
55
62
54
51
50
47
56
52
56
51
50
46
58
38
37
51
41
55
52
47
53
47
47
44
44
39
40
44
46
39
43
53
35
34
31
55
39
33
39
45
46
43
41
48
46
45
35
41
43
51
49
66
62
49
61
54
70
60
70
89
109
146
162
214
289
374
389
426
508
491
506
507
395
373
287
253
181
154
120
105
72
63
54
42
48
39
48
46
30
43
47
43
34
50
45
45
48
39
35
37
33
40
58
38
51
52
53
67
50
60
66
62
70
90
85
76
77
93
131
176
283
478
817
1318
2035
3105
4469
6255
8018
9730
11114
12261
12999
12556
11894
10362
8939
6987
5493
4158
2985
2135
1478
1145
844
580
501
406
430
413
525
719
1010
1372
1835
2313
2979
3487
3704
3974
3976
3677
3434
2873
2521
1988
1448
1136
865
647
500
430
368
343
267
250
195
162
112
88
69
44
45
22
23
16
16
4
13
8
11
9
11
7
19
13
7
13
8
7
12
7
9
7
10
5
8
10
15
7
7
13
7
7
13
15
11
15
16
10
10
18
18
25
16
31
32
27
18
36
28
19
33
20
19
25
22
16
21
24
25
24
18
28
23
23
21
23
16
29
26
23
27
21
19
27
17
18
20
16
14
10
10
8
8
8
11
7
8
8
8
7
6
7
8
11
9
5
7
8
7
10
10
7
8
6
8
7
5
3
9
9
7
11
4
5
8
12
10
9
9
7
14
12
11
7
17
11
14
5
4
5
7
5
11
10
7
7
6
7
6
8
12
9
15
10
14
16
13
13
21
16
12
11
12
8
7
8
11
9
11
9
10
10
8
6
6
8
12
3
7
6
5
6
7
9
11
11
9
10
10
12
9
4
10
11
8
7
10
6
4
3
8
8
8
6
4
4
5
5
9
12
5
8
5
12
9
11
6
2
5
7
14
5
5
4
7
9
8
14
5
13
3
5
6
9
8
15
7
12
4
6
7
8
8
7
6
10
5
3
10
5
5
5
9
6
8
7
8
9
7
7
10
7
15
9
9
12
6
5
7
11
4
11
10
6
13
14
9
10
6
8
7
10
9
4
6
8
11
12
10
9
8
11
6
6
9
9
12
5
13
12
7
9
11
10
9
10
9
11
14
8
13
10
11
9
4
14
9
7
9
8
7
16
12
17
10
12
6
14
12
14
18
13
8
22
14
20
24
21
22
17
15
24
28
26
26
26
36
29
14
25
47
24
27
35
30
30
34
33
29
29
32
34
42
33
23
29
39
32
28
36
33
27
27
23
22
31
23
29
34
28
23
24
20
22
20
16
16
12
14
24
19
13
20
22
16
20
23
17
15
18
19
14
23
23
19
25
29
25
22
33
20
16
28
24
38
27
22
20
19
34
25
27
25
24
26
32
21
29
25
27
21
34
26
17
35
27
33
29
25
28
29
28
27
35
47
27
30
19
36
31
28
37
39
29
33
31
47
39
34
36
25
38
41
42
54
37
52
27
43
37
51
35
47
51
44
35
39
32
41
34
40
36
55
38
43
47
46
44
47
50
50
40
61
49
50
49
37
50
46
46
55
69
53
62
52
57
51
69
69
53
70
74
70
74
59
93
71
75
68
81
93
60
98
82
87
97
89
91
114
98
136
102
128
122
132
120
101
104
113
115
114
85
112
96
98
88
83
75
72
66
83
74
83
78
94
77
81
81
88
77
86
71
64
88
70
70
80
83
67
62
78
68
93
85
74
68
60
73
73
78
75
77
84
72
66
70
75
76
76
83
76
69
65
78
93
65
77
68
83
62
66
82
66
72
86
75
77
83
77
78
74
61
73
86
79
68
78
75
70
73
80
82
63
59
81
65
79
94
76
80
63
71
72
72
69
83
58
90
88
81
89
92
98
63
67
81
76
75
86
95
104
79
86
87
77
78
79
92
81
89
90
91
98
83
85
94
100
98
86
97
97
88
103
99
104
101
115
103
107
96
102
117
133
116
142
151
173
224
222
310
347
445
594
813
999
1324
1668
2161
2671
3175
3795
4645
5520
6283
7016
7800
8477
9058
9620
10017
10144
9973
9696
9512
8873
8114
7351
6674
5669
4796
4134
3403
2830
2229
1767
1395
1080
862
652
433
397
292
242
168
150
148
154
116
107
112
106
102
128
109
121
130
111
117
114
104
117
102
111
107
113
119
123
113
102
119
115
96
105
107
120
108
133
120
130
120
117
123
120
105
135
112
116
122
132
129
114
116
141
115
128
150
121
157
157
159
169
153
189
200
238
273
291
340
396
424
509
573
686
752
842
929
1031
1192
1168
1266
1300
1452
1409
1385
1340
1328
1266
1162
1152
952
914
831
732
656
533
470
373
345
320
254
218
223
191
186
160
181
154
151
132
134
154
157
165
150
146
149
148
144
146
155
155
148
171
167
145
157
165
160
150
177
171
155
174
158
171
164
174
172
179
159
167
199
159
174
195
197
177
182
201
216
196
200
193
195
227
205
212
192
205
236
189
178
220
192
230
227
221
230
228
237
236
231
222
254
238
217
245
214
248
237
266
238
243
254
258
247
230
258
222
229
263
263
232
247
225
273
224
245
251
280
239
255
244
259
237
235
226
237
250
248
208
254
231
230
201
232
242
223
230
225
198
211
199
209
221
210
213
225
221
212
219
208
203
195
199
188
184
207
219
192
171
196
198
190
206
182
169
205
172
203
182
211
195
184
189
186
188
179
205
170
203
190
158
184
182
166
183
172
177
191
189
197
172
210
180
170
193
220
180
173
207
191
179
159
200
201
202
189
161
218
175
195
181
191
207
169
189
219
193
158
200
190
178
200
169
193
193
191
170
184
205
209
190
193
187
181
199
197
202
192
209
185
213
180
218
202
201
186
215
197
195
203
173
195
199
190
199
185
214
212
199
214
212
210
236
205
182
215
209
198
221
229
219
221
224
235
230
231
190
201
200
202
205
206
201
211
206
215
212
221
192
206
243
207
217
196
208
229
199
221
242
199
226
236
221
223
222
203
239
218
185
212
214
216
219
216
247
214
216
223
254
193
200
231
212
208
211
219
263
197
222
236
201
239
227
244
252
215
221
264
233
253
209
222
229
238
227
245
216
229
221
236
220
249
244
226
228
221
233
247
224
237
255
249
238
244
247
276
211
276
243
278
259
222
252
277
253
280
243
253
251
265
251
240
236
252
271
250
240
250
258
267
217
269
249
277
264
222
275
257
279
241
267
238
255
257
250
263
243
282
293
250
265
293
253
262
262
293
293
271
254
273
249
236
283
276
266
292
290
269
290
278
304
268
277
269
278
267
269
285
289
287
298
288
279
285
283
296
303
271
280
278
292
281
285
300
297
290
302
311
269
314
303
274
284
286
287
269
285
269
286
266
301
290
310
298
301
310
290
298
293
267
302
280
295
321
286
292
301
286
333
285
281
294
283
305
283
301
284
269
301
262
314
275
254
273
268
271
271
277
286
259
271
286
275
241
277
266
245
250
288
245
280
295
268
266
308
234
264
286
289
259
277
272
254
259
256
240
249
286
258
229
250
258
265
229
275
276
277
232
236
223
242
249
247
256
245
254
218
237
237
219
243
229
228
255
231
236
260
257
236
219
245
233
223
260
252
231
245
233
228
260
253
236
227
255
254
258
231
272
265
234
242
248
268
247
253
246
237
264
239
244
243
269
235
239
244
225
246
219
219
255
254
255
259
245
270
251
246
256
261
234
241
255
240
265
268
263
268
211
238
243
228
286
262
246
221
270
238
256
238
237
237
256
226
241
263
250
230
246
270
219
246
262
224
246
245
242
237
215
230
250
241
249
226
257
224
242
234
238
243
246
254
253
228
253
236
218
260
228
248
218
251
225
218
253
243
253
274
259
228
264
244
238
253
251
245
243
255
244
251
226
250
268
259
238
234
258
243
257
261
247
257
267
231
245
252
261
253
267
272
260
241
231
237
274
241
273
236
249
252
238
244
240
250
224
270
266
272
245
263
263
261
297
261
276
284
266
290
294
279
275
261
282
284
282
288
281
313
286
303
314
286
261
328
324
296
303
295
306
322
321
302
311
285
304
314
327
354
335
316
356
329
321
364
329
318
347
368
365
367
377
382
350
346
403
357
394
377
388
387
398
419
385
392
413
409
418
407
447
423
441
451
459
461
481
475
526
540
549
537
550
547
544
634
606
637
669
667
699
653
723
781
748
799
844
839
891
902
891
963
940
1028
1028
1029
1086
1109
1100
1184
1236
1204
1255
1295
1330
1237
1284
1327
1411
1358
1407
1345
1519
1440
1488
1464
1394
1434
1425
1454
1394
1436
1503
1335
1468
1434
1337
1368
1366
1340
1279
1206
1259
1212
1240
1128
1104
1095
1063
1023
990
966
935
900
910
880
867
845
785
702
714
694
692
659
663
605
596
602
546
540
516
487
511
473
453
420
443
398
386
411
377
362
361
399
325
360
381
334
353
303
328
327
303
307
322
298
300
274
287
285
281
267
265
262
250
263
263
264
276
242
238
208
223
238
201
209
220
243
225
217
208
212
219
222
198
251
221
229
239
267
248
243
249
275
279
293
326
311
290
362
347
351
352
372
365
374
442
395
363
382
402
457
434
449
410
441
419
449
419
389
428
399
379
401
337
339
327
287
310
269
230
259
249
220
215
164
188
175
170
186
139
163
150
160
158
154
148
158
143
151
151
142
147
167
161
147
152
171
139
139
178
176
169
159
157
167
173
174
151
172
175
197
182
201
199
157
187
186
188
180
213
214
216
186
218
204
217
217
221
221
212
248
227
216
206
238
238
241
258
236
256
247
250
251
231
259
242
243
252
263
231
243
245
237
253
282
258
266
246
237
234
279
244
253
234
213
217
223
227
237
230
234
201
168
189
176
192
212
216
192
190
179
158
169
159
150
177
136
138
159
150
152
136
138
141
135
127
141
106
125
134
104
113
131
123
116
103
125
111
132
98
114
110
83
115
90
92
89
102
93
76
98
88
87
91
70
83
92
73
71
87
66
89
73
96
65
86
81
77
75
84
67
60
77
87
55
60
66
72
63
58
68
69
72
79
78
56
56
66
55
68
56
64
65
56
61
79
48
63
45
71
69
65
68
49
59
57
55
62
51
63
44
58
49
57
43
55
60
52
71
63
55
57
60
60
61
72
63
60
56
96
60
68
86
88
58
96
65
69
76
83
68
74
69
69
56
71
56
68
52
60
58
62
52
63
52
37
45
53
41
37
50
50
40
38
49
46
49
32
42
39
39
38
35
36
46
46
41
41
33
52
45
47
32
55
37
38
51
47
49
52
50
41
40
50
44
40
31
31
42
45
37
30
27
37
31
40
36
39
32
30
36
28
43
32
28
32
33
40
33
22
33
31
32
34
37
29
33
27
36
46
31
36
22
26
42
34
27
35
27
25
33
39
30
34
37
32
34
29
28
37
35
25
28
21
28
33
22
32
37
21
39
25
30
34
28
38
30
29
30
23
21
32
31
25
35
32
27
21
29
33
34
34
35
21
37
27
37
28
25
30
28
24
22
18
25
29
22
31
26
21
20
22
27
41
27
31
30
33
27
27
26
31
31
29
38
31
29
20
25
24
25
22
21
28
19
26
22
30
24
25
23
34
36
21
17
20
35
20
27
21
20
22
24
25
23
21
26
16
22
35
20
25
34
26
19
21
20
34
22
35
23
25
20
25
22
35
26
23
22
23
19
24
31
23
22
25
27
19
18
27
15
26
15
17
15
23
29
26
19
24
26
19
23
13
23
20
20
21
27
22
24
16
22
16
21
23
20
25
14
17
22
20
20
19
34
28
20
13
17
27
18
25
16
24
17
23
17
23
26
8
22
22
25
21
26
23
17
21
22
14
13
20
19
22
14
20
19
16
22
19
25
22
19
10
16
20
13
12
22
17
17
23
18
26
12
20
20
13
28
15
9
13
14
12
11
22
19
12
20
24
22
23
15
29
11
19
22
15
20
10
16
5
14
18
18
16
12
21
15
16
19
20
14
17
17
21
17
12
18
14
11
12
12
12
13
17
20
16
16
10
15
14
14
16
17
12
18
17
8
14
16
23
13
17
10
15
14
18
17
13
9
16
13
19
6
21
12
14
21
9
14
13
9
16
17
12
20
11
18
18
16
11
14
15
9
10
13
9
12
23
12
13
17
12
7
12
12
7
13
11
16
18
12
11
12
10
14
18
16
9
13
16
12
14
8
10
12
15
9
11
11
15
10
10
15
13
6
13
11
4
12
16
19
13
5
7
17
6
19
11
10
7
10
3
10
12
7
14
9
9
10
11
13
12
11
12
8
7
8
10
4
9
10
13
13
12
8
10
9
11
10
11
10
8
12
3
10
5
11
8
6
12
13
11
11
13
10
11
8
9
8
12
13
12
12
11
16
11
14
5
9
16
6
14
7
11
11
6
9
13
12
9
11
9
17
9
12
5
5
16
7
10
11
9
8
9
6
11
8
11
7
10
4
12
7
7
10
8
8
2
8
9
8
12
8
10
10
10
8
8
5
7
12
9
6
6
9
14
3
6
12
9
2
6
8
14
11
5
8
5
8
9
5
6
11
9
7
5
5
7
7
9
13
11
6
7
10
8
6
5
5
11
4
8
5
7
6
6
8
8
7
6
7
10
5
6
9
9
5
6
6
9
6
4
8
6
5
4
5
8
11
13
6
5
9
6
6
4
5
9
4
5
5
4
7
8
6
9
5
6
5
3
4
6
7
7
5
8
4
4
11
8
6
7
4
5
5
5
5
5
9
7
8
8
5
2
7
8
5
3
6
5
5
5
9
5
5
3
11
6
8
3
9
7
6
4
8
5
4
6
7
3
3
7
5
11
10
6
8
5
11
8
10
7
5
7
8
6
3
4
6
5
10
10
3
2
2
6
8
4
1
5
5
5
6
2
5
7
5
5
9
4
5
2
2
7
4
3
5
7
5
6
4
10
7
1
6
4
2
9
5
5
4
5
7
3
7
7
7
3
6
2
5
6
4
2
7
0
1
5
7
6
0
4
8
2
5
5
5
3
8
2
3
5
5
5
3
6
4
2
2
4
3
5
4
3
3
4
4
6
4
3
6
1
6
4
2
1
2
2
3
2
6
6
1
3
1
2
5
4
1
4
1
6
4
6
3
3
1
3
3
4
8
2
4
5
3
4
3
5
4
5
3
2
5
4
2
2
1
2
5
2
6
3
3
2
4
4
4
7
4
2
3
0
1
4
2
4
4
0
5
4
3
2
2
3
3
2
3
2
6
1
2
4
1
4
5
2
6
4
3
3
3
5
1
1
1
4
4
7
0
3
2
2
1
4
5
2
5
2
2
1
2
0
1
0
1
2
3
4
2
1
1
4
3
4
5
1
4
1
3
4
2
2
3
0
2
5
3
1
5
0
3
2
4
2
4
1
2
4
2
4
2
3
2
3
6
8
2
3
0
2
0
0
1
2
2
2
1
0
1
2
1
1
4
3
3
2
4
2
1
1
4
4
5
2
4
1
1
1
3
0
3
0
3
3
2
3
1
2
2
2
2
3
3
0
1
5
3
1
3
6
0
0
0
2
2
1
2
2
2
1
4
1
3
4
0
3
1
0
1
2
1
2
1
3
2
1
1
0
1
1
2
1
3
1
0
2
1
4
1
0
2
0
0
3
0
1
4
1
1
2
2
0
2
1
0
2
0
4
0
1
3
1
1
3
1
1
2
1
4
2
0
0
1
0
2
0
2
1
1
1
0
0
0
0
1
2
1
0
0
3
1
1
0
0
2
2
0
4
1
2
1
2
3
2
1
1
0
2
1
1
0
1
0
4
0
0
0
1
3
4
2
2
3
3
5
2
3
0
0
4
1
0
2
2
4
1
0
1
1
1
0
1
0
0
1
3
0
2
0
1
1
0
0
2
1
1
2
3
1
2
1
1
1
0
1
1
2
0
3
3
0
0
1
1
1
1
1
1
1
0
1
2
0
2
0
0
0
1
0
1
0
2
2
1
0
0
0
1
0
0
2
1
1
0
0
1
0
1
0
1
0
1
0
2
0
3
1
1
2
0
0
1
2
1
1
0
0
2
1
0
1
2
0
2
1
0
0
0
0
1
0
0
0
2
2
0
0
0
1
1
2
0
1
1
0
1
0
0
1
0
0
3
1
3
1
0
1
2
3
0
0
0
1
0
1
0
1
0
1
0
1
1
1
2
1
0
0
2
1
1
1
0
0
1
3
1
1
1
0
1
1
2
1
0
2
0
2
0
0
1
1
0
0
2
0
2
0
0
2
0
0
1
1
0
2
2
0
0
1
1
0
1
0
0
0
0
0
0
1
1
0
0
1
0
0
0
1
2
0
0
3
0
1
1
2
2
0
0
0
2
1
1
0
2
2
1
1
1
0
1
0
0
1
0
2
1
0
0
1
0
1
1
0
1
1
1
0
0
0
0
0
2
1
0
1
0
0
0
1
1
1
0
0
0
0
0
1
0
0
0
0
1
1
0
0
0
0
1
0
0
0
0
0
0
1
0
0
1
0
1
0
0
0
1
0
0
0
0
0
0
0
2
2
0
0
0
1
1
1
0
0
0
0
0
1
2
0
0
1
0
0
1
0
0
0
0
2
1
0
0
0
1
0
0
1
1
0
1
0
0
2
1
0
1
0
0
0
1
1
1
0
0
0
0
0
0
0
0
1
0
1
0
0
0
0
0
0
0
0
1
0
1
1
0
0
0
0
0
1
0
0
0
0
1
0
0
0
1
0
1
1
0
0
1
1
1
3
1
0
0
0
0
0
1
0
1
0
0
0
0
0
1
1
1
0
0
0
1
0
1
0
0
1
0
0
0
0
0
0
0
0
0
0
0
0
0
1
0
0
0
0
1
0
0
0
1
0
1
0
1
0
1
0
0
0
0
0
0
0
1
1
1
1
0
1
0
0
0
0
0
0
0
0
1
0
0
0
0
0
0
0
0
0
0
0
0
0
0
0
1
0
2
0
0
0
0
0
0
0
0
0
0
0
1
0
0
0
0
0
0
0
1
0
0
0
0
0
0
0
0
0
1
0
0
0
0
0
0
0
0
0
0
0
0
