0
0
0
0
0
0
0
0
0
0
0
0
0
0
0
0
0
0
0
0
0
0
0
0
0
0
0
0
0
0
0
0
0
0
0
0
0
0
0
0
0
0
0
0
0
0
0
0
0
0
0
0
0
0
0
0
0
0
0
0
0
0
0
0
2
2
1
2
2
4
3
6
5
1
2
2
6
2
4
0
3
6
14
48
142
350
925
2150
4805
9515
16940
27405
40630
54401
66236
73587
73065
67008
54806
41230
28170
17611
9986
5013
2371
993
378
129
59
13
8
1
5
2
0
2
0
2
0
1
1
0
1
1
0
0
0
0
0
0
1
12
71
53
70
62
63
69
46
59
58
49
51
56
52
65
40
68
42
54
49
42
57
52
50
33
44
47
50
49
45
39
42
43
38
43
52
45
45
38
44
51
46
45
45
41
43
45
39
56
37
48
55
44
50
41
49
54
48
39
51
66
62
72
82
67
80
90
126
136
187
229
292
327
392
457
486
529
513
489
418
373
307
214
197
122
103
92
98
75
55
46
43
40
45
49
43
38
32
37
34
43
39
42
40
52
46
46
45
47
43
68
43
52
58
66
53
61
79
68
63
74
69
111
113
126
167
276
390
601
874
1427
2172
3290
4786
6350
8076
10035
11631
12699
13675
13044
12243
10982
9181
7566
5747
4432
3178
2336
1636
1294
947
731
653
634
581
631
767
974
1232
1585
1985
2437
2926
3393
3780
3889
3798
3804
3479
2931
2479
1946
1523
1142
848
627
513
413
322
317
262
243
177
164
124
79
59
74
24
30
21
18
13
12
12
14
13
10
14
12
12
12
12
10
8
6
15
13
16
5
8
7
11
11
7
11
15
12
15
11
13
12
12
7
11
21
16
19
29
17
34
36
31
29
27
26
40
22
20
20
28
26
33
28
28
21
28
31
25
25
28
22
20
17
21
25
21
22
21
22
18
20
27
19
25
14
9
15
11
14
11
11
10
11
14
8
4
10
10
5
5
7
5
11
10
6
6
5
5
7
17
14
6
7
5
4
7
10
10
7
11
12
3
9
4
7
9
14
10
14
9
9
12
10
8
7
14
6
6
5
6
5
7
9
12
6
10
17
11
14
9
12
12
19
10
17
14
15
19
13
14
14
10
8
11
7
4
9
15
7
8
8
11
14
9
3
18
6
4
10
8
12
5
12
7
8
10
6
6
11
3
5
8
12
6
8
11
8
10
6
8
6
17
7
9
11
9
7
3
3
8
10
7
9
9
7
5
10
8
6
10
8
6
6
8
6
6
4
5
12
7
6
4
10
6
12
6
13
8
10
5
8
5
7
8
12
4
7
13
8
10
8
7
8
9
8
10
3
6
8
14
10
6
4
8
4
9
6
5
10
6
9
11
13
6
15
12
10
7
13
11
11
8
17
14
10
7
11
11
9
8
10
12
8
10
13
7
11
10
20
18
9
11
11
12
10
11
11
10
11
16
13
9
9
17
9
11
11
7
16
17
9
8
12
16
13
18
17
16
16
19
11
20
14
11
20
15
16
14
20
14
27
22
25
19
30
20
31
29
25
31
24
19
24
20
39
32
20
33
24
36
35
17
24
18
22
27
17
41
31
28
26
28
27
16
22
26
25
19
24
25
28
25
25
19
24
16
23
22
23
20
24
18
16
29
18
24
30
18
18
24
16
17
14
26
18
25
26
27
25
32
26
22
21
27
24
33
23
22
26
23
32
23
23
28
21
35
40
38
31
29
33
31
25
32
28
16
24
35
21
38
35
19
26
24
23
22
32
39
25
36
23
37
36
38
31
38
42
44
27
30
24
33
33
39
41
42
43
50
45
34
43
50
47
54
41
50
42
48
33
47
46
40
60
40
59
47
53
47
57
63
68
51
61
62
56
64
67
68
58
65
57
71
72
68
91
64
53
63
59
86
88
86
80
70
87
98
118
107
124
101
142
130
128
151
164
195
154
189
160
208
167
161
196
156
168
143
156
120
111
106
108
115
106
92
86
90
113
79
86
93
94
82
83
73
76
82
73
96
94
71
87
80
73
68
78
95
73
85
82
85
68
78
96
66
88
79
84
71
80
78
88
84
84
60
93
75
81
101
82
82
63
71
75
79
71
73
78
76
75
71
69
71
88
78
86
82
77
83
80
68
92
67
74
74
68
56
71
105
81
76
75
82
70
66
74
64
82
81
83
64
79
71
52
73
79
69
80
87
89
77
77
77
102
96
94
108
100
95
93
91
83
102
84
93
83
88
81
93
108
82
104
94
88
76
83
93
101
106
115
97
115
87
109
126
122
116
122
123
124
128
137
138
166
146
188
232
302
301
450
583
737
960
1184
1466
2055
2568
3072
3819
4383
5411
6164
7217
7741
8843
9332
9844
10241
10471
10522
10274
9928
9336
8657
7907
6948
6041
5338
4506
3727
2929
2378
1870
1484
1136
891
681
516
396
297
251
219
186
172
141
140
124
111
105
128
120
109
99
132
141
125
112
117
130
115
125
109
120
116
126
114
115
115
116
147
110
131
113
108
123
118
116
139
130
126
133
119
132
153
126
120
137
127
129
121
127
136
133
129
153
157
134
156
162
168
215
197
204
245
282
315
336
421
523
571
679
715
862
957
1059
1146
1285
1340
1439
1466
1451
1474
1555
1360
1342
1281
1163
1061
932
894
739
652
541
466
408
368
277
295
277
223
220
193
190
169
193
148
164
189
168
183
192
143
163
180
170
207
176
199
175
185
213
237
202
237
231
245
234
241
264
226
243
263
249
256
284
289
270
271
275
249
271
288
256
283
271
264
253
264
274
276
287
306
266
262
273
235
248
284
262
270
260
245
269
247
248
258
250
271
252
251
269
267
270
238
237
239
246
240
237
224
212
215
244
223
246
233
222
239
224
255
231
255
220
279
224
238
240
194
235
227
231
236
227
230
278
250
264
239
251
227
248
236
241
226
226
235
216
221
243
233
212
240
229
233
199
223
212
224
203
218
208
236
220
210
215
209
177
200
219
195
223
214
177
177
217
204
206
199
195
198
220
207
167
193
195
195
190
200
176
214
190
208
201
159
187
194
191
172
174
165
186
167
202
196
210
212
184
193
167
207
207
209
191
202
184
194
198
195
218
202
180
203
189
198
193
224
215
183
206
197
219
203
222
190
189
201
213
207
187
207
197
204
213
207
234
222
254
196
233
236
218
226
229
207
233
263
222
208
231
216
256
253
260
265
248
269
261
244
245
269
237
240
251
248
257
243
265
268
262
257
291
252
276
272
245
242
251
254
262
283
238
274
266
262
239
286
266
215
220
246
229
256
249
280
266
263
230
247
256
270
236
244
247
216
249
238
240
232
228
242
234
221
272
225
234
261
229
221
226
230
237
288
211
252
219
240
224
217
230
244
255
235
253
250
226
233
223
232
249
249
223
236
220
253
245
241
232
280
232
218
236
238
234
219
221
254
231
237
231
259
276
250
276
224
248
224
228
241
238
237
255
239
229
301
243
256
302
246
239
237
252
267
243
245
233
241
283
245
266
256
238
256
303
246
246
260
248
260
269
258
262
287
263
276
231
269
254
268
245
259
272
250
253
268
265
267
285
260
250
257
298
243
303
260
278
278
261
298
273
260
261
264
279
280
286
273
298
304
287
282
248
279
282
279
266
290
275
273
259
295
284
280
280
309
294
291
288
282
260
269
323
292
283
306
274
291
296
269
256
290
314
282
263
276
277
301
283
293
264
287
311
301
287
332
302
298
291
282
299
271
299
314
299
275
282
290
263
299
266
292
280
260
305
309
291
316
273
280
263
299
309
305
299
248
250
272
288
297
287
290
265
271
278
279
287
290
246
251
297
276
242
246
245
276
257
256
265
283
248
298
260
257
261
278
264
262
244
241
247
267
262
256
238
252
256
241
264
268
279
240
254
258
253
258
267
285
252
243
248
269
258
252
239
255
248
253
251
265
271
242
255
243
240
239
258
239
250
245
215
247
261
233
239
290
273
298
250
255
292
266
243
250
256
256
268
239
244
265
253
267
245
277
255
261
251
268
242
242
254
272
251
260
272
272
249
252
264
241
268
266
216
260
257
269
255
270
255
226
227
233
267
238
258
243
235
265
231
242
254
276
254
246
257
241
260
255
257
252
258
258
249
239
258
224
218
268
263
258
268
223
243
260
241
235
250
222
235
265
244
249
241
244
235
231
240
213
245
232
218
257
246
240
240
233
247
249
241
257
264
243
269
234
250
247
263
257
261
270
258
272
249
245
247
237
293
262
265
260
263
244
238
235
259
262
260
275
242
247
236
272
248
273
286
274
260
264
268
248
253
237
270
259
291
291
270
280
255
298
291
305
265
260
303
309
298
281
285
258
268
304
308
298
301
282
309
305
347
284
321
295
316
316
295
299
308
306
317
323
307
316
355
350
319
325
322
346
330
378
354
343
373
326
366
387
360
351
362
386
372
391
405
462
385
429
396
397
417
428
419
433
481
469
480
451
500
486
501
545
551
520
536
594
582
659
643
631
648
718
667
734
773
797
779
853
833
867
895
897
927
1021
966
1033
1090
1113
1036
1160
1162
1182
1188
1295
1318
1331
1392
1347
1354
1359
1447
1420
1428
1435
1408
1413
1465
1595
1495
1437
1478
1477
1434
1451
1401
1433
1419
1417
1336
1388
1257
1256
1249
1235
1257
1223
1106
1087
1111
1039
1067
953
932
972
938
891
860
899
832
800
751
680
744
705
644
655
648
538
560
572
569
534
469
527
489
462
459
450
441
418
368
356
414
382
348
370
343
354
319
377
355
350
326
293
297
313
281
299
289
263
258
267
289
282
269
258
239
263
270
264
241
221
236
242
222
215
235
231
238
233
217
241
226
209
214
206
251
250
230
223
229
235
247
265
286
293
272
288
308
334
359
363
367
382
372
384
388
449
461
453
475
429
427
459
481
488
527
474
469
487
434
462
415
467
378
388
387
352
335
347
325
275
273
271
217
217
227
177
169
186
197
167
161
148
169
165
171
160
153
158
151
146
148
139
147
163
152
154
153
151
168
159
170
171
149
196
155
161
163
174
165
174
168
175
184
192
186
208
198
213
191
196
197
199
184
194
214
207
222
206
207
182
226
242
260
256
247
221
262
246
234
249
243
245
252
249
263
256
266
254
258
261
241
243
228
251
230
243
218
253
269
246
239
204
226
251
233
244
204
231
217
207
207
236
190
186
222
191
174
201
174
173
196
175
189
170
170
177
169
161
162
128
137
139
139
145
153
152
137
133
126
101
114
120
124
109
131
118
118
110
108
98
96
90
106
104
89
98
110
94
86
82
96
86
85
70
85
68
84
93
83
65
82
65
78
76
79
80
60
79
61
94
63
75
81
68
64
68
73
64
69
77
61
60
60
66
57
60
69
74
62
70
49
61
68
53
63
57
63
64
50
46
53
60
57
54
45
41
54
53
49
64
53
37
54
46
61
60
57
57
56
52
49
55
59
66
66
59
73
79
70
62
77
73
79
62
83
79
83
67
74
76
62
64
83
63
58
63
61
58
48
62
53
52
56
58
43
49
32
62
39
60
34
48
39
44
33
44
45
55
50
48
38
45
38
39
35
39
45
39
50
40
35
46
45
46
46
58
52
43
51
47
38
34
49
32
37
41
42
32
39
48
32
48
48
30
40
34
29
28
36
49
26
34
34
35
31
36
37
37
33
32
28
32
45
42
33
18
27
28
36
28
29
23
32
31
33
31
29
36
30
36
28
32
32
30
37
27
33
32
28
30
27
31
27
27
31
22
33
32
35
31
34
27
38
18
15
31
25
34
25
32
27
28
29
33
28
28
32
22
31
28
26
33
28
34
30
36
33
24
29
28
33
21
32
23
35
21
29
30
18
25
29
36
32
37
21
24
21
30
21
25
22
25
18
19
36
23
27
38
24
19
23
21
24
48
25
29
22
36
25
26
25
26
31
19
33
27
14
16
22
29
26
35
23
28
16
23
19
28
25
25
33
21
25
19
18
25
20
26
21
34
14
20
21
17
16
25
22
21
22
23
16
19
25
21
24
22
22
21
18
25
24
25
25
23
16
17
23
17
23
17
23
26
23
15
21
21
22
19
19
13
22
20
17
23
18
29
16
21
22
27
15
13
23
21
17
24
22
19
21
12
16
17
29
19
18
20
21
15
17
13
15
20
16
13
24
22
20
10
18
15
17
16
17
19
15
22
15
25
25
18
18
20
18
17
20
16
20
17
19
21
17
17
15
13
12
16
20
14
14
16
15
19
15
16
11
10
18
18
21
12
18
21
8
19
25
17
14
20
18
10
16
15
16
16
13
23
15
18
17
11
19
14
18
11
9
12
12
12
12
15
18
9
16
14
14
16
19
16
22
14
14
17
9
16
21
19
20
14
12
18
17
13
13
11
14
21
14
9
16
11
13
16
11
12
14
12
18
18
11
14
14
19
11
14
12
14
19
14
10
18
13
17
15
11
13
7
10
15
14
14
17
10
14
11
17
9
9
17
17
9
14
17
9
12
14
10
7
7
16
10
11
13
18
15
11
15
12
9
19
11
13
13
8
12
9
10
15
11
11
12
15
8
12
15
6
9
24
8
11
8
8
7
9
10
8
12
10
10
8
14
7
13
14
11
10
12
9
12
12
8
5
16
18
17
10
9
11
8
13
11
10
8
11
8
7
14
8
14
10
15
13
6
13
3
13
13
10
4
12
9
5
10
11
10
13
13
10
11
5
15
11
9
8
10
8
20
10
11
13
11
10
6
7
6
8
12
8
6
7
9
8
4
14
9
11
7
9
9
13
10
6
7
10
6
5
7
10
9
7
6
5
8
10
13
7
6
6
9
8
10
9
10
8
9
3
1
8
11
10
7
5
6
4
4
7
7
13
12
12
6
9
5
7
3
6
10
3
6
10
3
12
11
9
7
6
7
15
4
11
7
10
7
11
8
4
8
8
3
8
8
10
7
10
5
8
8
6
8
5
6
5
9
7
8
4
3
6
9
5
5
9
7
6
5
8
6
10
8
4
5
5
2
9
10
4
4
8
6
10
7
6
8
6
7
1
7
3
2
7
7
5
4
9
9
2
6
5
7
9
5
4
4
6
3
4
6
5
1
4
5
6
9
10
3
8
5
4
2
4
8
2
3
2
7
2
8
7
7
2
4
3
5
7
8
7
8
4
4
9
4
5
4
1
4
4
4
2
6
3
2
5
2
4
4
3
5
6
4
5
6
5
5
5
4
6
3
8
3
5
5
3
6
9
6
2
4
2
7
4
1
4
5
8
6
2
6
2
1
4
6
2
5
7
4
4
6
5
6
2
7
5
5
4
6
4
5
5
2
8
10
7
0
2
4
2
5
3
2
5
4
3
4
7
3
3
0
2
4
3
5
5
3
2
4
6
1
7
1
3
5
3
4
5
7
3
4
3
4
2
0
4
4
13
3
4
5
2
2
4
4
1
3
3
3
0
0
3
4
2
4
4
4
4
4
2
0
3
2
3
3
2
5
4
6
0
1
0
3
3
1
0
4
5
3
1
0
3
5
5
3
3
1
1
3
3
4
3
3
2
4
3
5
3
3
2
2
2
3
1
4
5
3
4
3
0
4
1
2
1
2
3
7
6
1
0
4
7
2
5
3
3
2
6
5
3
2
4
0
6
0
2
3
0
3
3
1
1
1
1
1
2
2
0
4
1
5
1
4
5
1
1
1
3
2
4
3
2
0
4
4
3
2
3
4
1
3
1
2
1
4
2
2
3
2
1
3
2
1
2
3
2
3
2
4
2
3
2
2
0
2
2
1
2
3
3
5
2
0
2
2
2
0
2
4
0
3
2
1
3
5
1
3
0
1
3
2
1
1
5
3
1
2
2
2
0
1
5
2
5
4
3
1
0
3
0
1
2
0
3
2
2
1
2
2
2
2
0
3
2
1
2
3
1
1
1
3
3
2
5
3
1
1
0
2
3
3
1
2
3
2
2
3
1
0
0
4
2
0
1
3
1
1
1
1
0
1
0
1
3
0
1
3
1
0
4
2
5
2
2
0
2
4
2
0
0
2
1
3
0
2
4
1
1
0
1
0
2
2
0
1
1
1
1
0
3
1
3
2
1
1
0
2
1
1
0
2
0
2
0
2
0
2
0
2
2
2
1
1
2
0
0
0
2
1
0
0
0
2
1
0
1
0
1
1
1
1
1
3
0
0
1
1
2
2
0
3
2
3
1
0
1
1
0
1
1
0
0
0
1
1
1
0
1
1
2
0
1
0
1
0
0
1
0
0
1
0
2
1
1
1
0
3
0
0
6
2
0
0
1
2
0
2
1
0
2
0
0
1
0
1
1
0
1
2
1
1
1
0
2
0
3
2
1
0
0
0
0
0
0
0
1
1
1
0
1
0
4
1
3
1
0
1
1
1
0
0
0
1
0
1
0
1
1
0
2
1
1
1
2
0
0
0
0
2
0
0
0
1
0
0
1
0
0
0
0
1
1
0
0
0
1
1
1
0
0
0
0
2
0
1
1
1
0
1
0
0
0
0
0
0
1
1
0
2
1
0
0
0
1
1
1
0
3
1
0
0
1
3
0
1
0
0
2
0
0
1
1
0
0
0
1
0
1
1
1
2
1
0
1
0
0
1
1
0
0
0
3
0
0
1
1
1
0
0
0
1
0
0
0
0
0
1
1
1
2
1
0
1
0
1
1
2
0
0
0
0
2
1
1
2
1
0
1
0
1
0
2
0
1
0
0
1
0
0
1
0
0
1
0
0
0
0
0
1
0
1
0
0
1
0
2
1
1
0
1
1
0
0
0
0
0
0
0
1
1
0
1
0
1
0
1
0
0
1
0
0
0
0
0
0
1
1
0
1
1
0
0
0
1
1
1
0
0
1
1
1
0
0
3
1
0
1
0
1
1
0
0
0
0
0
0
0
0
1
0
0
0
0
0
1
0
1
1
2
0
0
2
0
0
0
0
0
0
1
2
0
1
0
0
2
0
1
0
0
0
0
0
0
2
1
0
0
1
0
0
0
0
0
0
0
1
1
0
0
1
0
1
1
1
2
0
0
0
0
0
0
0
0
0
0
0
0
0
0
0
0
1
1
1
1
0
2
2
0
0
0
0
1
0
1
0
0
1
0
0
0
0
0
0
0
0
0
1
0
0
0
0
0
2
0
0
0
0
0
0
1
0
0
0
1
1
0
2
0
0
0
1
2
0
0
0
0
0
0
0
0
0
1
0
0
0
0
0
1
0
0
0
1
1
0
0
0
0
1
0
0
0
0
0
0
1
0
0
0
2
0
0
0
1
0
0
0
0
1
0
0
1
0
0
0
0
0
0
0
0
1
0
1
0
0
0
0
0
0
0
0
0
0
1
0
0
0
0
0
0
0
0
0
0
0
0
0
0
0
0
0
