0
0
0
0
0
0
0
0
0
0
0
0
0
0
0
0
0
0
0
0
0
0
0
0
0
0
0
0
0
0
0
0
0
0
0
0
0
0
0
0
0
0
0
0
0
0
0
0
0
0
0
0
0
0
0
0
0
0
0
0
0
0
0
0
0
0
0
0
0
2
3
2
1
3
2
1
3
2
2
3
7
1
17
30
122
318
870
2169
4805
9574
17181
27870
40895
54602
65941
72373
73177
66485
54854
41241
28408
17559
10150
5161
2385
960
412
143
40
21
3
6
2
0
1
1
0
1
3
1
0
2
0
0
0
0
0
1
1
0
0
5
81
50
64
47
65
68
59
67
67
59
51
56
52
55
52
43
53
50
53
51
43
42
40
52
44
47
36
40
50
48
47
31
50
35
36
58
40
41
28
47
54
50
42
40
44
44
44
45
45
42
40
47
42
37
40
45
62
56
63
53
55
57
67
65
55
88
98
134
164
240
263
342
415
486
523
505
546
509
389
344
255
238
187
150
119
90
86
60
81
71
39
37
37
51
45
30
41
37
42
43
49
45
33
39
37
44
42
55
42
45
48
53
60
64
69
64
70
54
60
69
68
82
81
110
126
193
309
480
793
1351
2068
3082
4380
6115
8087
9672
11218
12642
12934
12538
11759
10386
8759
7075
5483
4201
2923
2185
1621
1183
854
601
497
448
433
443
554
683
1005
1426
1858
2456
2822
3425
3833
3954
3877
3807
3447
3002
2470
1884
1573
1088
804
613
490
400
354
291
267
234
193
170
123
96
87
68
38
34
16
14
12
13
15
19
12
14
10
13
12
6
10
13
13
10
10
10
12
10
11
17
12
9
12
17
5
13
10
7
9
11
14
13
9
20
22
19
24
27
29
23
25
28
33
26
31
29
28
28
24
14
26
14
30
28
24
36
25
21
18
26
24
22
12
27
8
16
24
25
18
20
23
16
19
13
13
12
10
13
9
8
6
4
6
10
10
10
8
9
7
7
11
9
10
8
8
6
9
13
4
6
8
6
5
9
7
5
7
12
14
9
7
5
7
11
14
13
12
7
12
7
12
7
4
10
7
9
6
8
14
6
11
7
6
6
11
6
14
16
14
19
15
10
17
16
18
11
10
15
8
14
11
9
11
8
9
6
9
7
3
12
6
5
9
7
6
10
8
8
7
13
10
9
8
9
8
8
9
12
6
9
7
10
9
7
8
7
4
4
7
4
7
3
7
11
11
9
8
11
8
5
4
10
4
5
8
7
3
9
5
12
5
8
6
12
2
6
6
5
7
13
7
15
7
4
9
6
9
6
14
6
5
8
7
9
7
11
13
9
8
12
8
9
5
10
7
7
6
10
9
6
17
13
8
9
8
6
7
11
10
5
7
10
9
5
6
10
5
4
14
7
6
13
13
7
7
9
13
6
10
12
7
14
7
10
7
9
15
4
11
14
8
14
8
14
7
16
5
6
7
9
16
15
9
15
8
14
9
7
9
13
14
18
4
8
11
10
10
13
17
12
21
10
21
12
13
27
16
25
18
26
20
21
22
22
27
29
19
29
35
34
27
41
38
30
20
36
22
32
23
36
24
30
24
35
33
20
30
26
32
31
30
31
21
14
23
18
25
27
19
15
22
23
16
30
27
23
18
20
21
22
10
16
21
21
20
22
24
23
22
18
27
17
22
23
20
24
20
12
24
24
29
24
17
18
26
29
25
23
23
24
19
20
35
17
25
25
30
21
27
32
25
30
24
37
35
27
42
25
33
34
32
33
23
33
30
32
35
29
36
37
28
41
29
29
26
32
36
38
36
46
45
30
32
29
47
39
36
36
48
35
43
40
41
40
40
40
44
47
43
41
48
52
41
52
45
42
49
66
60
57
61
61
54
46
72
58
60
49
55
57
51
60
71
60
71
80
71
52
66
60
74
80
76
69
70
65
74
61
97
76
81
84
104
106
111
97
105
127
98
126
117
114
112
96
107
128
107
111
105
101
94
94
89
84
80
72
101
73
86
71
81
76
83
82
75
74
82
88
82
68
68
74
71
85
68
81
68
74
66
72
77
70
69
87
76
75
68
64
89
79
66
73
67
73
71
66
59
75
88
64
70
75
91
83
72
67
75
78
76
65
79
83
80
75
78
65
78
70
67
87
62
82
84
71
70
77
83
82
83
80
88
64
72
65
85
64
83
77
79
95
83
91
95
75
76
70
72
69
79
83
82
82
68
82
83
81
92
83
83
84
90
81
104
96
81
89
94
90
90
103
89
93
102
97
88
104
88
98
91
119
91
104
92
106
122
88
114
108
127
136
135
155
176
187
238
270
370
456
623
780
1013
1278
1675
2105
2603
3258
3861
4734
5487
6282
6958
7892
8419
9067
9593
9768
10083
9965
9770
9254
8888
8088
7263
6469
5709
5068
4287
3537
2840
2289
1691
1372
1039
790
652
485
404
258
221
196
152
152
166
113
109
123
105
115
101
120
122
112
125
112
109
128
124
106
88
112
96
97
124
112
105
122
123
99
95
124
117
108
129
111
110
114
134
110
135
117
132
117
122
129
145
126
137
121
140
138
119
150
138
126
162
150
141
141
173
201
222
245
288
326
399
413
539
615
692
741
813
966
1130
1138
1229
1320
1385
1453
1518
1486
1398
1368
1235
1144
1105
973
914
781
718
628
513
466
373
349
306
268
245
234
209
171
154
165
168
147
152
154
147
168
165
153
166
141
157
160
155
161
142
151
172
177
151
132
162
172
169
171
146
152
157
187
179
165
157
173
184
180
139
174
174
165
185
181
168
191
210
205
197
212
219
193
204
212
206
166
214
235
210
202
211
213
196
187
199
205
213
210
245
235
219
233
244
217
260
232
258
233
265
261
254
243
268
249
270
259
253
249
229
249
250
249
246
262
251
208
245
235
270
253
232
256
228
212
259
205
233
217
272
251
240
236
222
220
226
219
226
215
232
239
229
222
224
212
205
208
191
202
200
217
199
170
208
184
215
232
205
178
205
203
225
179
207
215
201
191
182
181
188
217
205
214
191
198
175
214
212
191
143
184
181
168
178
183
184
178
197
214
202
180
174
188
175
183
188
191
213
201
166
176
192
214
194
183
186
188
180
208
163
175
178
168
183
196
176
193
161
170
178
146
189
187
197
178
186
189
179
178
189
192
189
185
204
188
199
197
213
202
212
200
186
203
160
196
215
187
167
190
206
201
195
184
197
203
188
187
210
205
210
196
207
199
207
196
223
208
197
200
193
201
230
221
207
202
222
197
223
230
198
205
205
236
201
199
225
215
210
226
214
195
211
225
221
229
216
197
199
239
237
211
216
225
213
212
219
225
224
220
227
218
245
184
231
226
241
230
239
244
212
226
228
228
228
257
198
209
240
224
233
198
184
213
246
199
231
225
210
241
225
240
230
235
251
227
228
190
218
245
226
213
221
215
232
221
235
254
226
233
223
230
233
248
256
236
257
262
269
290
268
239
246
284
251
260
263
261
246
239
253
249
302
268
245
240
230
223
244
270
250
245
273
266
250
258
244
259
273
263
252
256
265
261
220
271
245
281
257
251
299
258
244
269
253
257
261
276
258
283
280
293
273
284
266
261
284
263
267
299
290
293
292
297
291
292
300
300
291
276
282
308
291
300
300
297
327
301
254
277
293
316
310
343
286
285
274
296
292
285
289
302
289
267
302
310
321
311
308
296
271
308
287
306
313
317
311
250
308
278
317
282
304
300
313
272
255
299
281
342
306
250
270
275
265
281
280
280
264
318
266
279
284
261
286
261
274
280
267
261
270
285
283
277
254
274
267
265
234
277
262
293
284
277
281
274
265
265
271
259
241
235
272
279
246
231
254
259
262
256
257
256
251
266
283
239
233
242
255
207
261
250
213
218
283
253
205
272
247
248
253
245
233
262
251
237
239
244
250
257
242
262
223
262
273
249
218
251
256
233
236
222
208
224
252
247
248
235
249
262
275
263
244
253
276
221
238
244
244
236
245
251
253
251
231
243
253
260
261
244
260
266
247
259
241
245
244
251
248
259
270
262
248
287
239
222
216
260
224
230
240
236
243
267
272
241
236
221
235
257
239
235
245
238
236
234
230
220
236
233
240
257
231
252
240
214
276
249
229
236
227
259
236
229
253
237
232
202
267
257
235
248
244
256
235
256
239
260
254
245
234
252
247
238
253
249
247
242
258
229
240
258
244
259
238
269
209
231
256
252
244
239
234
253
240
248
287
258
221
276
268
235
238
294
240
265
273
279
260
253
289
262
255
273
250
260
221
253
288
260
272
257
244
287
250
261
258
266
309
259
263
267
270
277
269
285
277
284
262
266
273
262
271
291
277
289
280
290
291
269
286
277
283
291
291
295
290
313
297
304
331
303
308
323
317
304
328
261
320
333
317
356
328
334
332
353
336
324
362
328
334
353
355
369
364
367
370
353
369
387
393
384
422
370
386
399
392
450
444
462
436
427
428
465
518
482
505
456
516
521
543
557
544
600
595
637
610
622
682
672
735
714
693
753
804
856
832
830
928
878
994
960
1020
979
1060
1082
1058
1153
1132
1195
1219
1280
1296
1312
1354
1356
1298
1406
1352
1403
1388
1464
1481
1427
1491
1447
1478
1470
1441
1440
1393
1471
1407
1377
1393
1346
1326
1354
1300
1324
1197
1222
1264
1170
1149
1140
1054
1066
1032
957
946
996
943
929
859
804
820
757
842
733
709
625
637
620
647
590
601
586
540
532
512
496
505
473
487
416
419
408
396
399
400
403
398
398
332
378
338
352
314
324
312
319
307
266
305
308
315
284
298
282
264
299
266
260
241
253
241
258
244
259
233
219
243
225
223
248
221
226
223
214
214
215
215
225
205
215
220
243
241
251
252
241
267
307
307
313
286
323
339
317
345
362
388
364
376
383
432
379
437
418
412
449
472
418
512
449
430
433
406
401
369
367
359
346
338
310
262
285
249
263
264
220
212
211
176
182
181
183
168
157
170
157
167
182
158
167
164
145
141
170
180
156
155
138
167
161
166
152
166
152
158
155
159
170
169
181
188
146
175
190
178
179
157
181
204
194
170
201
182
197
212
187
201
200
197
227
215
195
213
240
228
221
228
224
243
259
258
248
254
250
247
264
279
254
259
267
248
242
255
253
234
239
259
219
251
244
281
239
235
266
229
218
263
223
220
232
228
233
206
226
232
211
200
204
225
197
207
171
172
180
173
182
190
158
173
189
159
141
143
186
143
164
129
134
126
122
120
143
120
111
127
138
110
121
116
116
100
102
94
102
111
94
112
93
100
96
93
90
95
88
89
105
102
86
85
89
88
80
78
77
83
69
58
78
97
82
87
78
85
48
63
65
79
78
84
57
75
54
55
62
64
51
66
58
60
61
67
70
61
51
57
67
52
60
52
60
62
35
63
69
48
59
59
50
62
60
56
55
56
55
65
55
57
54
49
59
59
44
62
46
50
52
68
63
66
59
68
70
66
76
76
65
77
99
73
59
84
84
68
81
72
86
78
79
72
79
52
67
71
61
64
48
48
52
64
47
37
53
50
56
50
47
39
37
41
54
50
40
38
37
37
34
42
37
41
46
42
45
51
39
47
40
42
41
50
44
42
40
32
50
36
49
38
41
36
38
31
45
39
28
36
39
45
38
39
30
29
32
30
43
29
38
32
32
30
34
21
32
38
28
34
35
35
29
30
36
31
36
40
29
39
33
38
41
38
32
22
28
47
31
28
30
28
21
30
29
36
37
38
22
26
30
37
30
31
33
35
38
39
27
20
18
32
32
26
28
45
27
18
32
28
30
28
29
24
36
36
24
31
28
35
34
23
41
29
21
23
30
32
26
27
35
32
23
26
22
23
32
23
27
29
25
20
26
18
30
26
34
19
23
30
33
24
41
36
23
21
24
31
29
27
27
24
27
27
31
27
29
21
28
18
26
20
24
24
24
27
20
20
22
22
17
31
25
17
18
19
23
19
32
22
27
27
27
24
20
21
23
26
23
11
17
17
28
18
19
25
26
23
14
14
18
25
29
22
17
33
20
21
13
20
30
11
25
30
20
26
21
30
20
20
22
23
18
22
23
23
25
22
25
17
19
25
24
15
24
18
24
22
14
21
21
23
22
14
13
17
15
17
14
28
15
21
16
20
25
16
24
26
26
18
22
15
12
15
18
25
20
17
25
14
17
19
19
19
22
19
17
24
24
13
21
19
15
15
17
19
17
22
15
12
24
23
21
17
13
18
9
18
25
12
16
16
12
15
12
15
22
16
15
25
21
19
17
14
8
21
13
17
14
20
19
16
14
14
20
19
17
16
17
11
16
14
19
13
7
16
14
7
15
8
17
10
14
13
9
18
16
16
13
19
14
13
14
16
14
15
13
15
12
16
12
22
15
17
14
11
17
16
13
18
17
12
8
14
16
16
11
18
21
21
12
13
14
15
17
9
14
14
23
20
11
8
13
11
13
20
12
11
14
11
12
18
12
11
11
16
9
18
11
12
10
5
19
6
11
12
14
12
13
12
8
12
13
11
12
9
14
9
4
17
8
16
12
18
12
9
12
10
15
10
10
9
15
7
10
12
14
13
15
16
11
12
13
7
13
10
15
10
6
14
10
11
16
9
17
11
13
8
9
15
14
8
9
7
9
7
12
13
10
12
4
10
11
12
5
9
13
10
15
10
11
13
9
15
11
11
11
5
5
12
10
8
7
14
14
6
7
6
6
14
19
8
10
9
9
7
7
14
15
11
7
9
11
3
12
7
11
7
10
5
9
7
8
11
6
11
11
5
12
7
9
8
13
8
13
3
8
10
7
8
10
10
6
10
9
3
6
8
5
10
6
10
9
5
11
5
13
5
3
6
7
5
7
9
9
7
12
6
5
5
8
2
15
8
3
3
7
9
4
5
11
7
7
5
12
11
6
7
6
7
11
7
7
6
8
6
5
3
4
9
5
8
6
11
5
8
6
7
3
5
6
7
8
9
6
6
2
5
3
11
9
13
8
5
11
10
4
9
4
3
4
6
7
5
9
9
5
7
5
10
8
6
2
8
4
2
3
6
4
1
4
3
4
3
9
6
3
9
7
7
4
2
9
5
5
7
2
7
5
7
5
5
7
6
7
8
4
4
7
4
2
2
7
6
6
9
12
5
4
10
4
8
5
10
9
5
6
6
4
7
14
9
4
3
6
2
5
2
7
3
3
10
4
4
6
4
8
3
3
4
0
4
5
4
2
6
5
5
6
5
1
7
5
7
4
5
9
5
3
2
4
3
4
5
4
3
4
4
2
6
3
5
4
5
7
5
2
7
8
4
5
3
5
6
6
6
6
6
4
5
8
6
2
0
5
3
3
8
4
5
3
3
10
2
1
3
2
5
5
1
2
3
10
7
4
4
2
2
3
1
4
8
1
7
7
3
4
6
9
8
9
6
6
2
4
5
3
5
3
5
7
7
5
3
4
4
4
2
2
3
3
4
3
3
8
4
2
2
5
4
0
1
3
1
2
2
8
2
3
3
2
4
3
5
1
3
8
1
7
0
3
3
5
2
2
3
4
0
2
5
2
0
4
2
4
2
2
4
2
1
8
2
3
5
5
5
6
3
1
3
4
4
3
0
5
0
2
1
2
1
3
4
3
6
1
3
5
3
1
1
0
2
2
2
0
0
3
4
4
0
2
1
2
2
2
3
5
2
4
6
1
7
1
1
2
0
2
2
2
2
3
2
4
3
0
1
0
2
1
3
2
3
1
4
5
0
3
1
4
2
1
2
0
2
5
4
5
4
2
3
3
1
0
1
1
2
2
4
3
3
1
1
2
3
1
2
2
2
2
4
1
2
1
3
4
1
2
1
5
1
0
1
1
1
3
3
1
4
3
2
2
2
4
4
3
3
1
2
1
3
1
1
2
5
2
2
3
2
2
0
2
1
0
2
1
1
0
1
2
0
2
1
0
1
2
2
0
0
2
1
4
0
1
2
4
0
0
1
1
2
2
2
3
1
2
0
4
3
3
1
0
1
2
2
1
1
0
6
4
1
0
5
1
1
2
0
2
1
1
0
0
2
1
1
0
2
0
1
1
2
1
1
2
0
1
2
3
1
2
1
3
0
0
0
0
1
0
0
2
2
1
0
2
1
0
2
1
0
3
0
1
2
2
0
1
3
2
2
0
2
3
3
1
1
0
0
2
1
0
0
1
1
0
1
2
2
2
1
0
0
1
0
3
2
1
1
1
1
2
0
0
0
1
1
2
0
0
2
1
0
0
1
0
0
1
0
4
1
0
1
2
0
2
1
1
1
2
2
2
0
2
0
1
0
0
1
0
1
2
0
2
2
0
0
1
0
0
0
1
2
1
0
1
2
0
1
0
1
0
4
0
0
0
0
0
0
0
1
0
0
2
0
0
2
0
0
2
1
1
1
2
0
0
3
2
0
2
2
0
0
1
1
0
0
0
2
1
2
0
1
1
1
0
1
2
1
0
0
1
0
1
1
1
0
1
1
0
1
1
0
0
2
1
1
0
2
0
0
2
0
2
0
0
0
0
1
0
1
0
0
0
0
0
2
0
0
1
0
0
1
1
0
0
1
2
0
1
2
0
2
1
2
0
0
0
0
0
2
2
3
1
0
0
0
1
1
1
0
3
0
0
2
0
1
1
3
0
0
0
0
2
2
0
0
0
0
0
0
0
0
0
0
1
1
1
0
0
0
0
0
0
0
0
0
1
1
0
0
1
0
0
0
1
1
2
0
0
1
0
0
0
0
1
0
1
0
0
0
0
1
2
1
0
1
0
1
0
1
1
0
1
1
2
0
0
1
0
1
1
0
2
0
0
1
1
0
0
0
0
0
0
1
1
0
1
0
0
0
1
0
0
1
0
0
0
0
1
0
1
0
0
0
1
0
1
1
1
1
1
1
1
0
0
1
0
1
0
1
0
1
0
0
0
1
0
0
1
2
0
1
0
0
0
1
0
0
0
0
1
0
0
0
1
0
1
0
0
0
0
0
0
0
0
0
0
0
0
0
0
0
0
0
0
0
1
0
0
0
0
0
0
0
0
0
0
0
0
0
1
0
0
2
0
0
1
1
2
1
0
0
0
0
0
0
0
0
1
0
0
0
0
1
2
0
0
1
0
0
0
0
0
1
0
0
0
0
0
0
0
0
0
0
0
1
0
1
0
0
0
1
0
0
0
1
0
0
0
0
0
0
0
0
1
0
0
0
0
0
0
1
0
0
0
0
0
2
1
0
0
0
0
1
1
0
0
0
0
0
1
0
1
0
0
0
1
0
0
0
0
0
0
1
0
0
0
0
0
0
0
0
0
0
0
0
0
0
0
0
0
0
1
0
0
0
0
0
0
0
0
0
0
1
1
0
1
1
1
0
0
0
0
1
0
0
0
