0
0
0
0
0
0
0
0
0
0
0
0
0
0
0
0
0
0
0
0
0
0
0
0
0
0
0
0
0
0
0
0
0
0
0
0
0
0
0
0
0
0
0
0
0
0
0
0
0
0
0
0
0
0
0
0
0
0
0
0
0
0
0
0
0
0
0
0
0
0
0
2
2
4
4
3
5
6
4
6
3
4
19
51
134
359
973
2240
4839
9688
17067
27719
40771
54379
66295
72745
73064
66459
55290
41107
28277
17378
9785
5090
2280
1047
391
160
38
14
6
6
1
1
2
0
1
1
0
3
1
1
1
0
0
0
2
0
0
0
0
7
72
66
56
78
50
62
56
55
53
59
67
54
42
39
50
46
56
54
49
46
46
47
41
55
70
45
37
37
51
49
42
36
44
57
47
41
38
43
32
45
30
53
39
44
33
39
47
45
46
43
40
39
44
42
61
52
48
67
57
62
65
56
68
75
63
86
99
108
163
209
283
351
419
445
518
499
544
456
395
346
304
219
184
145
116
82
81
52
58
48
49
42
47
42
47
29
29
34
38
38
38
34
34
50
44
40
51
41
52
43
37
59
72
50
67
73
60
65
78
76
77
61
100
79
121
202
276
484
835
1286
2116
3094
4515
6100
7936
9742
11194
12093
12680
12707
11894
10449
8922
7149
5480
4081
3054
2133
1553
1159
841
626
497
438
438
462
562
798
1050
1426
1914
2438
2904
3368
3794
3963
3890
3874
3559
3057
2536
2010
1503
1126
841
628
497
403
347
316
255
221
200
183
132
91
83
50
45
20
20
23
10
15
15
11
8
7
10
9
14
7
10
8
6
12
11
10
15
9
9
10
8
8
9
7
10
9
15
13
13
16
14
8
13
13
15
17
18
23
33
24
28
21
24
42
27
27
30
22
24
26
16
21
23
17
19
16
24
20
16
20
25
21
23
19
21
20
22
16
25
29
19
14
25
19
14
14
15
14
5
10
6
11
8
5
9
7
5
3
8
9
7
10
12
11
2
5
8
4
10
12
4
8
12
8
6
8
3
7
6
8
9
8
10
6
7
16
10
6
10
14
14
10
9
6
11
10
8
11
8
5
10
11
6
9
11
12
8
6
10
8
13
12
10
17
13
17
22
10
12
14
7
7
10
13
9
12
7
9
8
7
10
8
7
5
13
9
8
7
6
9
8
11
9
8
4
6
8
9
7
6
10
7
9
8
13
6
7
8
5
8
10
3
8
5
9
10
9
7
5
3
7
7
6
4
7
4
11
6
4
4
7
9
9
3
9
9
5
9
8
8
8
11
7
6
9
9
10
7
8
11
9
10
5
6
3
11
6
10
7
7
5
3
5
9
8
8
5
9
8
10
11
8
5
8
8
11
9
12
7
8
10
14
13
9
7
11
11
8
6
10
12
6
10
11
16
9
19
7
9
5
8
13
7
8
11
12
11
14
11
7
9
8
5
7
8
10
9
15
4
11
13
9
16
13
12
15
9
12
12
13
14
6
11
17
10
11
14
12
8
11
19
23
13
21
16
20
26
27
20
21
23
27
29
22
24
26
32
27
17
26
26
31
25
38
35
34
46
29
25
28
26
28
34
31
32
36
31
34
28
30
17
23
29
30
25
32
17
26
12
19
22
17
19
18
23
22
13
22
16
21
27
14
20
16
23
17
8
15
20
19
21
18
20
21
26
23
22
22
19
19
22
23
20
19
22
27
12
25
29
23
25
20
12
30
23
27
30
29
33
23
38
35
39
30
23
32
22
27
34
29
31
37
28
34
23
27
30
26
23
32
32
30
44
25
36
33
31
36
26
51
34
30
33
35
43
38
38
38
48
56
37
53
42
58
47
31
43
32
48
50
52
51
46
53
46
36
57
51
58
53
60
59
55
48
45
64
64
56
64
60
65
57
55
60
59
64
61
73
63
56
68
84
68
63
64
66
84
68
86
76
78
116
101
104
99
96
131
103
114
105
113
112
108
110
110
118
98
108
109
90
97
101
85
76
81
80
78
87
93
63
88
86
89
68
77
73
73
73
69
86
76
72
66
66
73
86
66
81
71
78
74
73
76
69
51
76
69
91
64
82
79
76
78
80
74
80
76
66
67
81
86
85
62
50
75
71
68
66
74
79
77
85
69
67
74
58
82
71
69
68
82
70
82
66
82
70
86
80
77
83
68
64
83
81
78
71
70
74
74
68
51
70
78
76
82
93
76
71
74
81
83
74
72
74
85
100
85
94
82
81
83
87
84
86
98
90
83
93
90
97
79
83
69
96
103
101
88
91
96
90
117
118
113
94
112
89
96
112
106
126
129
162
191
184
244
296
381
435
543
768
958
1308
1738
2108
2710
3306
3896
4730
5384
6274
6964
7997
8656
9158
9417
10002
10076
10069
9831
9485
8967
7981
7507
6529
5744
4978
4197
3451
2810
2238
1840
1384
1062
842
640
453
380
280
248
210
157
156
138
114
145
104
113
95
109
107
103
117
122
114
116
137
97
114
97
111
120
112
100
125
102
118
112
105
105
105
120
114
116
120
91
123
137
105
117
126
137
106
127
143
137
117
132
130
139
141
127
156
128
129
144
169
173
195
183
214
211
259
279
310
395
457
493
622
628
734
845
882
1030
1148
1244
1303
1344
1406
1438
1490
1370
1373
1289
1201
1063
987
913
819
715
653
538
460
414
334
289
293
221
211
200
173
178
144
145
150
145
137
135
147
141
132
166
136
159
158
140
170
151
157
159
158
131
158
160
164
171
164
151
174
165
170
172
172
165
192
213
173
198
171
167
187
207
183
214
190
197
204
173
199
197
188
186
218
196
212
236
202
222
214
210
230
232
223
180
195
218
254
228
205
221
227
245
231
215
247
232
226
266
249
226
268
225
230
260
241
294
247
253
254
250
237
274
226
239
259
287
250
232
250
252
225
277
214
235
218
247
250
219
218
250
215
229
247
241
206
223
235
225
196
214
221
217
213
223
227
215
219
199
208
190
198
211
195
213
204
196
202
189
180
183
179
197
186
172
187
188
203
183
228
205
183
199
177
213
176
194
212
172
195
171
185
187
176
197
178
171
180
171
180
200
184
202
177
207
180
198
195
190
205
208
194
204
164
186
206
167
197
183
182
173
183
208
199
172
189
211
173
207
190
205
199
176
193
195
216
185
200
198
198
177
211
207
190
217
195
197
195
191
190
185
188
178
200
210
174
217
198
183
175
193
210
187
211
182
218
230
195
223
199
209
216
184
224
203
198
214
225
212
222
215
207
215
245
186
210
200
243
211
218
231
221
195
202
236
211
212
199
214
210
230
210
182
200
228
216
234
206
215
193
198
230
209
222
204
210
223
221
224
240
216
236
233
242
212
247
228
206
258
229
230
234
244
202
250
210
240
246
218
238
202
213
238
228
223
245
212
243
231
256
234
216
219
216
252
222
253
232
231
226
233
222
226
227
224
215
246
243
220
234
242
255
250
246
220
257
215
248
233
227
269
225
246
250
253
268
214
243
246
248
258
242
287
266
251
239
242
247
276
251
283
255
246
266
268
264
247
274
255
284
284
274
245
269
233
267
304
235
273
284
303
250
294
236
305
273
291
261
263
277
266
294
269
305
285
264
253
295
278
291
286
274
294
283
335
308
302
299
296
292
296
304
277
296
294
291
296
280
275
305
255
299
307
293
272
319
305
270
277
272
325
295
281
275
299
313
317
294
308
307
288
290
303
288
286
300
290
281
275
290
292
291
288
303
307
319
288
286
277
321
305
274
288
323
295
251
283
282
278
301
294
283
264
293
273
268
290
285
277
284
252
274
268
310
270
268
263
281
283
302
260
259
309
265
236
286
268
258
263
279
255
260
230
282
247
264
273
259
260
256
226
268
254
250
288
271
249
221
265
265
237
233
247
234
245
234
251
226
249
244
263
229
240
225
266
217
246
236
237
250
238
221
259
268
217
265
251
238
255
225
251
235
275
244
261
277
273
273
221
233
258
252
242
256
219
261
252
226
242
262
249
229
243
230
249
251
264
259
268
255
213
242
227
243
249
252
239
243
257
242
248
257
232
239
271
271
232
224
262
265
243
268
225
251
213
241
239
238
264
236
239
246
243
261
231
251
230
230
263
244
256
245
252
259
235
221
218
235
232
258
227
246
239
247
244
240
234
270
226
261
237
234
281
261
277
237
264
281
220
253
242
233
238
243
220
230
255
218
241
212
242
262
257
247
253
243
267
262
224
253
259
251
250
252
251
251
246
252
256
284
273
238
245
251
254
253
255
237
239
290
240
295
246
239
253
286
230
255
267
252
252
235
232
252
245
247
300
253
237
246
279
279
287
249
257
273
265
280
263
253
291
264
263
294
278
300
299
292
309
271
288
323
290
309
344
304
277
311
299
325
293
306
292
298
281
305
296
335
324
329
333
356
318
347
328
358
340
356
341
339
367
362
372
360
377
369
389
410
412
394
414
371
411
393
415
413
451
461
463
459
456
478
526
491
532
510
502
555
566
552
551
588
608
601
649
620
710
679
692
752
753
777
813
817
844
883
904
928
1005
956
947
1033
1024
1070
1169
1128
1120
1106
1251
1152
1256
1322
1256
1343
1321
1412
1413
1359
1395
1415
1440
1396
1398
1442
1413
1447
1461
1475
1492
1449
1429
1389
1378
1381
1318
1354
1339
1359
1332
1231
1254
1195
1178
1112
1129
1100
1056
1058
1017
936
933
868
889
832
826
790
719
704
731
659
702
653
634
604
570
592
544
504
472
491
493
447
451
465
401
367
396
402
359
350
404
377
379
372
366
345
306
295
330
286
321
283
304
295
288
303
301
270
275
264
275
237
257
231
264
251
286
226
249
240
233
225
220
241
227
232
208
220
234
231
220
234
217
209
237
240
263
232
228
251
286
254
301
320
308
311
338
336
343
362
371
374
387
420
410
379
416
413
399
448
461
444
388
477
434
403
419
422
350
438
388
341
338
340
306
293
267
236
252
223
240
187
173
189
176
188
176
187
169
155
154
164
172
187
139
137
174
154
155
144
138
158
164
178
165
147
152
169
138
179
149
170
175
152
177
152
175
179
176
154
179
177
195
192
215
185
212
173
182
215
211
203
219
218
216
223
249
233
216
241
217
230
240
249
247
229
228
254
262
231
254
260
217
274
243
246
265
256
245
240
241
267
264
232
275
222
240
233
232
254
248
228
239
228
211
193
222
213
215
200
191
221
210
203
190
183
172
186
183
183
178
158
144
177
162
141
170
155
138
128
169
136
140
130
141
113
133
132
119
122
133
124
117
112
108
105
118
91
118
111
98
96
102
95
89
114
106
100
82
82
74
71
87
81
87
85
75
74
80
76
85
80
88
77
71
65
82
69
75
80
68
62
71
70
70
61
61
69
75
63
69
69
73
58
60
59
79
66
56
60
66
59
55
57
52
63
64
66
58
47
55
54
48
46
56
64
58
47
46
53
54
62
61
49
61
66
55
69
53
57
69
52
69
57
74
73
60
78
87
70
56
73
72
94
84
83
80
65
71
70
69
76
89
68
68
65
73
60
68
52
48
44
60
56
43
43
47
48
53
38
43
40
40
42
51
44
44
42
44
31
43
46
45
50
53
41
41
43
46
34
52
57
37
37
27
45
42
35
38
48
42
39
33
48
40
44
56
32
35
39
31
38
38
48
33
34
30
46
38
39
38
25
36
40
42
24
42
31
44
34
29
28
23
44
27
28
31
33
39
28
28
26
27
39
29
32
28
34
34
32
24
39
30
35
26
34
32
31
45
36
24
24
33
33
32
34
28
31
38
32
31
26
39
30
21
25
21
27
32
27
20
31
29
33
29
28
25
33
33
27
27
31
33
30
20
32
38
26
41
33
26
27
31
32
32
12
32
30
29
30
25
24
31
22
29
39
26
43
28
30
23
27
24
22
26
29
30
15
26
34
28
30
25
26
29
32
19
33
24
23
25
26
29
26
21
24
20
31
26
31
27
29
23
27
25
26
19
24
17
28
26
25
33
24
20
25
28
22
39
30
18
23
25
23
20
19
21
18
17
19
19
19
20
17
18
22
23
19
26
20
32
26
38
38
24
14
25
16
24
25
34
27
23
20
24
22
27
21
21
19
9
15
21
16
21
16
23
21
22
15
22
28
19
17
26
11
15
19
18
26
22
14
18
22
27
18
20
20
22
29
19
29
14
26
14
21
17
16
14
25
14
17
17
14
25
15
18
25
18
24
15
13
22
23
16
10
12
17
18
16
14
19
17
16
24
16
17
16
10
13
10
18
15
19
18
22
12
17
18
11
13
19
16
18
20
17
21
8
23
14
25
7
18
20
10
13
9
21
12
15
17
14
14
17
17
15
17
15
14
13
17
14
15
11
19
15
10
18
21
13
17
13
26
18
8
10
15
16
27
11
14
12
16
16
16
12
8
13
16
8
12
12
18
16
12
11
9
16
14
16
13
13
17
13
16
15
15
5
9
15
16
11
12
8
17
18
16
8
6
17
8
18
16
10
10
10
9
5
9
16
8
16
13
7
10
12
13
13
14
11
16
11
12
12
11
6
9
22
8
16
15
12
8
16
14
12
11
15
10
8
18
9
10
17
16
20
10
18
13
12
7
5
12
15
13
9
9
10
9
9
8
15
15
9
13
13
7
7
7
7
5
9
15
17
7
8
14
14
10
6
17
16
3
9
8
11
8
14
6
9
9
16
10
18
8
9
10
5
15
11
13
8
12
12
6
11
10
13
15
14
5
7
6
8
11
8
12
13
6
9
9
18
12
7
12
7
7
9
5
10
6
12
6
11
5
6
6
3
4
9
8
9
12
12
8
7
5
9
9
7
11
11
9
11
7
8
8
4
8
7
2
11
11
14
6
9
6
5
8
7
7
10
11
5
10
9
4
11
9
7
5
7
5
14
5
6
6
11
5
10
5
6
4
8
4
13
9
7
9
6
8
6
5
6
8
7
5
7
3
8
10
12
10
5
5
4
6
9
7
2
7
4
3
12
10
6
10
3
5
8
7
15
7
12
8
4
2
6
6
7
6
9
4
9
2
1
11
5
5
9
8
8
8
5
5
4
5
6
5
3
3
9
5
3
7
10
5
4
10
3
5
10
5
6
7
4
5
7
6
6
9
9
8
4
8
4
5
3
8
8
4
5
5
7
5
6
10
2
6
5
10
2
2
4
11
10
2
7
7
6
6
10
5
3
5
4
7
3
3
6
4
5
6
2
1
7
11
2
2
6
3
8
2
5
7
8
5
5
3
2
5
4
3
9
6
4
4
6
4
1
7
4
4
5
8
5
5
5
2
4
0
5
4
7
4
3
8
3
5
5
2
3
3
3
3
6
1
7
1
4
2
2
5
5
3
3
1
6
1
1
4
7
1
5
9
5
2
4
5
5
4
4
2
6
4
3
4
1
3
6
1
3
4
5
6
3
5
1
2
7
3
1
5
4
4
3
1
5
2
4
4
2
5
3
6
5
6
2
2
2
1
2
4
7
5
1
3
1
2
2
5
3
1
4
5
4
1
3
5
4
1
2
4
0
2
3
4
2
1
2
4
4
2
2
4
5
2
2
2
6
4
4
2
1
1
4
3
2
4
6
6
2
2
7
3
3
3
4
4
4
2
3
5
0
3
3
2
2
2
2
6
4
6
3
1
3
1
1
1
2
3
1
2
3
3
3
5
3
5
4
2
1
0
4
3
3
4
4
2
4
4
0
3
3
0
0
1
1
3
1
1
1
6
2
1
2
2
2
2
3
2
3
4
5
5
1
0
2
3
3
3
2
2
1
1
1
2
7
2
1
1
1
1
1
4
3
1
4
4
2
4
2
2
1
3
5
1
2
3
3
1
0
2
1
2
1
4
2
1
2
4
4
3
1
1
2
3
5
0
1
1
2
3
2
0
4
1
1
1
0
1
5
1
1
0
0
0
0
0
3
2
3
5
4
5
2
2
1
5
3
1
2
0
1
1
0
0
0
2
1
0
1
0
1
0
2
1
0
1
0
3
1
4
2
4
1
1
2
1
2
0
0
2
0
3
0
0
2
1
2
1
0
1
0
0
1
0
2
0
2
1
3
2
2
2
0
0
1
2
2
1
1
0
1
0
0
3
5
2
2
1
1
1
0
0
2
0
2
3
0
0
0
0
2
2
0
0
1
1
1
0
6
1
0
2
3
1
1
1
1
1
1
1
1
2
1
0
1
3
1
0
0
0
4
0
2
3
0
1
0
0
0
0
1
0
1
2
1
1
2
0
0
0
4
1
0
0
2
1
2
0
2
3
3
1
2
0
2
1
0
0
1
0
0
1
1
0
2
1
1
1
1
0
2
1
1
0
1
0
1
0
1
1
0
0
0
3
1
2
0
1
0
1
1
2
1
0
1
1
0
0
2
0
1
0
2
0
1
0
2
0
2
1
0
1
1
1
0
2
0
0
2
0
1
1
1
1
0
2
0
1
1
0
1
2
0
1
0
2
1
1
1
2
0
0
1
1
1
1
0
0
1
3
2
2
0
0
0
0
0
3
1
0
1
1
1
0
3
0
0
0
2
0
1
0
0
0
0
0
1
0
0
2
0
2
0
0
0
0
0
2
1
0
1
0
2
2
1
2
0
0
2
2
3
1
0
2
1
0
0
0
0
1
1
2
1
0
0
1
0
0
0
1
1
0
0
2
0
2
0
2
1
1
0
1
0
1
0
0
1
0
1
1
1
0
0
0
0
0
1
0
0
2
0
1
1
0
1
1
1
0
2
0
1
0
2
0
1
1
0
0
1
0
2
0
0
1
0
1
1
1
1
0
1
0
1
0
1
1
0
0
0
2
0
0
1
0
0
1
0
1
0
1
1
1
2
1
0
1
1
1
1
1
0
0
0
0
0
1
0
0
0
0
0
0
0
0
1
0
1
1
1
1
1
1
0
0
1
1
1
1
0
1
2
2
0
0
1
1
1
0
0
1
0
1
0
0
0
1
0
0
0
0
0
0
0
0
0
1
1
0
0
2
0
1
1
0
0
0
1
0
1
1
0
0
2
1
0
0
1
0
1
0
1
0
0
0
2
1
1
0
1
1
0
0
0
0
0
0
0
0
1
0
0
3
0
0
1
1
0
0
0
0
1
1
0
0
2
0
0
0
0
0
2
0
0
0
0
0
0
0
0
0
1
0
1
0
2
0
0
0
0
0
0
1
0
0
0
0
0
0
0
0
1
0
0
0
0
1
0
0
0
0
0
0
1
1
2
0
0
0
0
0
0
0
0
0
2
0
2
0
0
0
1
0
1
0
1
0
0
0
0
1
0
0
0
1
0
0
1
0
0
0
0
0
0
0
0
1
0
0
0
0
0
0
0
0
0
1
0
0
2
2
0
0
0
0
0
0
0
0
0
0
0
0
2
0
2
0
0
0
0
0
0
