0
0
0
0
0
0
0
0
0
0
0
0
0
0
0
0
0
0
0
0
0
0
0
0
0
0
0
0
0
0
0
0
0
0
0
0
0
0
0
0
0
0
0
0
0
0
0
0
0
0
0
0
0
0
0
0
0
0
0
0
0
1
0
1
0
1
1
1
3
1
1
4
5
2
2
2
3
4
2
2
6
6
13
49
116
371
925
2174
4777
9522
17135
27538
40530
54379
66257
73052
73192
66808
54870
41717
28282
17447
9865
5046
2439
951
373
126
41
13
9
0
3
5
3
3
1
4
0
0
1
0
0
0
1
0
0
1
0
0
0
7
60
73
55
64
41
60
53
67
54
49
69
61
43
53
56
31
50
51
36
55
55
49
45
44
46
47
44
44
50
30
41
43
48
46
52
42
36
38
40
45
47
44
40
40
42
41
42
42
43
42
43
56
50
55
56
53
60
54
65
70
71
73
78
67
84
95
103
137
184
207
270
356
463
471
519
501
514
517
412
377
308
248
176
149
123
86
89
58
53
45
48
50
57
42
49
44
34
50
43
41
34
40
44
37
36
53
42
50
49
49
61
63
54
63
71
59
69
65
60
80
87
79
118
125
155
239
368
569
907
1390
2275
3329
4778
6407
8068
10102
11607
12961
13458
13207
12303
11062
9308
7506
5782
4289
3179
2185
1811
1326
995
805
713
617
626
631
757
975
1201
1553
1975
2431
3053
3460
3715
3897
3976
3753
3436
2855
2370
1921
1474
1112
809
604
464
404
348
317
241
207
192
152
128
90
70
71
40
24
24
18
21
12
18
12
13
10
11
8
13
12
7
8
6
10
6
13
12
10
12
10
9
10
10
9
3
10
10
11
13
12
12
9
16
17
15
20
19
29
23
31
32
29
36
28
37
29
33
24
18
16
21
20
20
26
21
19
25
31
23
18
24
26
26
29
27
19
15
23
31
24
19
25
23
17
10
14
13
9
10
7
15
11
5
9
11
9
11
7
13
6
7
8
13
8
8
4
7
7
6
2
6
5
9
11
8
7
8
12
10
10
8
7
9
11
11
13
10
9
12
4
19
10
11
11
6
4
3
11
11
13
10
4
5
6
6
6
11
16
11
14
16
16
16
16
14
16
11
15
15
10
8
7
11
10
8
6
7
8
12
7
5
8
13
2
8
4
5
5
4
4
10
12
9
10
13
7
5
5
4
8
6
11
7
9
7
10
6
5
9
8
10
7
7
10
8
5
9
5
7
9
4
8
9
9
7
6
6
11
9
4
11
7
7
7
7
12
7
7
9
6
6
10
10
5
8
9
6
10
6
3
9
9
6
9
10
7
10
6
7
10
5
13
9
7
8
2
8
12
7
7
8
9
6
15
6
10
11
11
7
7
12
14
8
8
12
11
8
17
8
12
10
3
4
9
13
7
11
13
11
15
13
10
7
10
7
20
6
5
6
10
13
11
13
11
3
16
7
4
7
10
12
14
16
12
9
14
8
8
17
17
10
10
14
18
16
12
14
12
15
9
19
10
15
17
25
16
17
15
26
16
23
22
22
22
20
19
26
27
29
34
26
27
32
31
24
37
22
32
25
23
27
35
29
22
25
30
22
29
26
29
28
20
25
21
33
24
25
27
28
22
25
20
14
20
26
19
22
20
12
23
28
24
16
20
13
25
20
22
18
26
20
14
17
25
21
17
26
24
12
21
21
34
16
19
30
24
34
28
23
28
26
23
34
20
27
24
29
35
30
27
36
36
31
20
33
26
30
34
31
37
22
27
15
27
44
24
35
35
41
46
23
33
30
35
35
39
35
38
34
42
39
44
36
46
49
41
40
46
36
32
57
54
48
43
46
53
47
43
56
61
53
46
54
48
59
48
50
48
66
52
56
51
57
49
45
66
74
52
54
63
64
54
55
70
63
58
79
77
74
90
83
76
81
102
74
92
104
123
118
120
135
161
145
148
156
174
171
185
153
170
186
168
163
157
148
140
149
118
128
116
106
95
104
105
97
93
83
89
85
75
77
65
85
107
87
87
81
73
82
88
61
63
77
76
72
91
75
73
95
84
88
90
93
69
77
92
63
67
86
76
75
84
85
56
74
90
85
85
60
86
94
90
84
85
83
70
66
71
80
71
81
70
76
74
75
73
83
67
72
70
75
81
67
89
95
75
74
54
76
81
90
75
90
76
77
83
80
86
77
79
70
88
75
72
60
82
82
93
75
82
79
72
99
93
89
78
82
94
101
84
82
96
110
74
93
78
85
96
119
90
94
113
107
93
78
85
97
100
100
87
110
106
110
115
112
114
113
134
134
127
160
146
185
174
214
288
299
447
572
712
916
1177
1527
1943
2435
3124
3835
4531
5316
6216
6958
7948
8610
9197
9983
10375
10283
10393
10189
9673
9358
8629
7788
7098
6144
5269
4480
3617
3018
2438
1933
1383
1118
867
680
500
407
295
258
211
172
153
128
146
127
131
129
132
134
116
132
129
109
124
109
116
142
117
127
129
130
117
117
112
116
125
113
115
105
125
107
136
102
123
119
130
143
99
101
106
127
110
140
116
136
117
139
145
140
147
132
152
142
156
139
153
170
164
169
214
234
237
255
333
352
400
494
598
594
822
928
933
1026
1199
1197
1369
1419
1477
1510
1456
1387
1412
1339
1189
1154
1038
950
886
764
668
592
476
417
361
304
253
224
232
204
172
175
175
176
160
178
162
178
151
177
191
181
165
135
163
183
176
190
187
203
215
209
241
224
238
231
223
232
236
265
222
270
260
285
286
281
287
259
282
294
254
286
276
266
293
266
260
252
260
244
253
248
276
238
245
269
262
233
259
264
278
242
252
244
261
259
246
276
246
214
257
241
254
247
233
239
255
237
249
227
219
240
249
213
259
245
228
213
261
231
249
244
236
238
250
265
212
252
240
231
233
246
236
218
236
247
245
244
234
216
262
252
212
242
231
243
247
230
214
221
240
240
220
240
208
245
205
243
200
220
227
195
197
233
208
217
200
210
198
192
187
204
213
221
198
205
158
196
188
179
182
190
196
206
194
217
195
190
182
202
192
203
201
179
210
192
191
188
179
165
173
190
177
180
187
200
204
185
204
201
199
196
191
217
191
191
197
199
192
170
188
184
213
201
177
208
204
196
185
210
190
222
207
219
201
207
214
206
197
204
209
207
213
227
218
211
205
233
226
233
212
262
226
257
245
240
213
256
238
245
232
225
209
230
258
260
257
250
271
257
250
281
273
249
288
235
272
269
273
262
255
254
260
270
246
264
264
277
228
257
254
225
272
251
257
242
247
224
252
251
247
244
218
213
248
245
237
223
232
225
256
259
252
235
242
223
231
229
240
241
225
246
218
261
227
238
248
217
208
249
217
229
250
268
238
224
231
248
243
232
209
251
232
224
231
226
251
215
234
244
210
233
207
215
246
225
257
232
219
216
249
235
273
255
228
230
251
252
232
245
227
225
258
242
274
248
231
245
231
270
263
264
253
247
232
251
253
286
263
260
260
242
253
254
235
249
254
240
278
250
249
263
254
256
252
275
250
283
254
277
256
266
260
268
287
273
277
267
248
265
226
287
254
272
261
287
267
296
290
256
285
278
268
280
272
283
259
267
272
290
287
301
278
299
262
330
301
284
296
264
282
272
295
278
264
282
290
270
287
277
281
291
289
307
269
279
293
286
288
263
287
276
278
297
258
256
281
285
279
255
282
268
290
291
318
277
297
277
310
295
312
289
277
320
277
269
264
269
279
298
263
286
300
305
304
274
272
258
247
254
278
275
305
316
315
292
282
252
298
312
315
278
285
248
285
302
275
286
268
255
277
263
283
310
277
289
256
248
278
280
280
263
262
254
263
274
269
268
277
270
253
260
255
249
250
260
236
283
248
253
270
229
280
246
230
234
254
247
258
274
232
238
232
242
267
214
240
250
258
267
244
269
238
250
259
243
243
238
243
224
259
250
241
243
234
236
251
277
240
242
254
274
260
234
240
271
242
249
227
258
240
252
257
255
241
246
264
265
234
262
243
271
268
246
239
249
228
257
252
270
272
235
238
237
236
235
263
251
264
261
253
238
253
232
267
268
256
262
216
243
248
257
235
226
251
222
251
261
245
223
273
233
240
264
211
262
243
230
261
249
258
263
237
257
241
227
232
272
259
238
244
252
255
269
229
235
246
259
267
229
259
243
239
260
245
232
279
246
251
234
240
254
230
249
238
254
243
273
240
251
256
243
268
247
237
250
264
249
261
208
247
268
241
244
255
264
257
252
242
263
253
243
224
268
254
239
229
240
259
240
242
285
257
261
247
243
240
257
266
227
250
270
244
296
282
267
275
302
267
280
277
259
293
285
270
269
300
294
282
280
312
284
325
307
287
334
305
298
303
301
307
314
316
283
296
344
304
361
329
313
313
329
368
390
314
331
340
343
327
364
410
341
372
388
397
388
375
366
396
425
387
421
428
389
417
426
457
445
424
429
440
477
466
467
497
511
491
541
546
566
596
606
592
625
655
668
652
660
773
691
721
814
820
879
873
875
912
939
933
975
1053
1080
1109
1098
1171
1170
1221
1223
1205
1263
1302
1328
1370
1371
1319
1482
1362
1472
1451
1439
1432
1498
1442
1459
1420
1479
1448
1419
1462
1420
1423
1398
1370
1360
1305
1298
1309
1227
1207
1168
1195
1170
1202
1116
1155
1047
1065
988
892
882
905
829
898
830
804
716
758
717
691
700
650
647
586
564
566
545
531
501
502
495
450
442
450
420
410
392
406
368
378
361
341
372
331
353
364
342
345
317
308
302
277
308
287
311
291
280
269
270
303
263
249
223
223
251
257
250
239
238
224
273
212
238
224
209
232
222
222
241
196
238
231
208
214
219
235
242
252
265
254
276
273
281
328
359
327
335
324
374
366
408
432
416
413
389
471
457
465
475
495
474
451
484
449
470
474
457
423
435
412
382
409
381
351
319
320
280
300
273
244
239
189
192
189
163
199
170
159
170
150
151
166
155
133
170
148
149
137
160
159
138
169
152
155
158
149
164
154
175
164
156
138
179
175
181
156
179
172
172
158
190
183
178
186
202
186
196
195
202
188
204
214
212
217
220
197
206
246
239
238
224
231
224
251
239
259
206
232
269
255
258
247
269
290
269
251
240
261
265
214
246
237
237
259
244
227
233
226
236
240
191
231
222
212
216
221
233
194
230
202
186
197
233
185
187
213
168
167
170
183
143
197
139
177
148
154
157
126
147
134
117
133
124
152
120
119
119
128
130
98
135
97
119
130
109
109
94
93
104
86
108
99
85
92
85
81
94
90
102
85
100
79
76
87
95
76
77
88
68
65
97
80
84
75
84
68
66
73
86
78
67
62
59
69
67
68
62
87
59
62
44
65
65
75
60
69
56
54
58
67
65
55
43
61
58
56
59
62
61
70
62
48
67
63
59
46
57
50
50
57
49
43
67
73
50
55
63
55
61
71
64
64
63
59
62
62
68
75
54
78
71
58
67
83
71
103
79
87
71
75
84
71
79
59
62
74
49
58
56
52
50
60
56
47
55
47
40
45
48
55
32
48
44
37
38
43
51
53
52
52
35
38
34
49
48
45
46
37
38
46
44
42
44
47
39
50
36
37
22
35
33
43
39
41
32
36
26
29
35
33
46
26
37
31
28
34
34
19
29
38
41
41
28
32
39
33
32
33
29
38
38
33
29
27
41
22
38
32
30
40
28
33
39
31
34
31
31
33
32
29
25
23
34
28
21
38
30
32
33
23
39
27
26
30
26
29
28
22
19
27
20
31
25
30
28
30
36
20
19
41
28
24
33
29
32
28
22
32
24
31
23
25
22
30
35
31
27
30
31
37
28
32
28
22
23
23
25
19
25
28
34
23
28
30
19
30
18
24
23
31
24
20
22
20
26
22
23
29
20
24
17
25
29
22
25
18
26
29
37
29
25
23
19
21
20
17
21
27
26
24
23
19
21
22
17
26
23
30
28
20
27
30
19
19
20
18
28
24
26
23
24
17
27
21
20
23
22
16
17
27
24
21
15
21
25
21
24
20
18
16
12
13
13
15
11
19
26
28
21
11
19
21
26
27
16
28
21
16
19
25
30
21
14
23
21
17
17
18
15
23
19
24
15
13
18
19
24
20
20
17
20
17
16
15
17
11
15
12
25
20
26
20
27
19
20
24
14
17
16
27
15
23
16
13
14
16
16
20
17
17
19
22
13
21
18
20
11
14
13
22
13
18
18
21
6
14
12
20
16
16
17
18
10
17
16
23
16
12
12
16
21
17
24
24
15
12
7
8
20
14
6
16
8
8
23
25
17
17
17
10
20
11
14
12
13
10
17
17
12
12
25
17
15
28
21
14
17
13
11
17
13
9
11
8
11
14
16
21
14
17
9
15
16
7
12
12
16
19
13
8
16
9
13
15
12
19
14
16
11
18
14
14
7
10
14
13
10
19
17
10
17
18
16
11
15
7
11
11
12
21
11
10
15
16
15
16
14
10
16
7
10
10
13
11
14
11
12
10
16
13
9
10
15
20
13
9
10
13
6
13
11
10
7
8
13
19
10
14
15
14
9
10
12
13
11
5
10
11
14
6
10
13
19
11
12
4
10
11
6
14
5
16
6
21
10
15
6
11
9
7
10
14
16
8
8
5
6
11
7
12
11
10
12
14
7
15
9
10
10
13
6
7
9
8
6
8
6
9
8
16
18
9
5
13
9
6
7
6
13
11
7
12
7
13
9
13
4
10
11
12
11
16
10
14
7
13
6
7
8
7
9
12
5
10
11
5
13
10
6
9
8
5
23
17
10
4
3
12
11
11
7
8
10
4
9
7
10
8
10
10
3
9
11
9
4
17
9
14
8
12
15
5
9
10
5
12
8
9
5
8
3
7
7
5
3
8
9
6
5
7
3
9
4
3
6
4
5
5
4
8
7
5
5
6
9
7
7
8
4
9
12
12
11
11
8
11
5
6
7
7
10
7
7
8
8
10
5
9
4
6
5
10
6
8
6
8
9
9
3
6
4
7
5
9
9
7
3
8
8
6
12
2
6
7
7
5
6
4
1
7
4
8
6
2
2
6
4
6
6
2
5
4
5
6
8
5
8
3
7
7
4
5
3
7
7
6
3
3
6
6
8
3
2
5
4
6
10
7
4
4
5
3
6
4
5
4
8
3
4
4
6
3
6
4
5
7
5
2
6
8
7
4
2
3
8
2
3
6
3
5
6
0
5
3
2
5
4
10
9
6
5
2
4
7
6
2
4
3
10
3
7
10
9
4
2
4
5
1
8
5
3
1
5
4
3
3
7
6
6
5
5
7
3
2
5
5
4
6
2
4
6
6
9
5
4
5
3
8
3
2
6
2
3
3
2
3
3
5
4
1
4
3
4
5
5
3
0
7
3
4
2
4
1
6
3
4
2
2
2
4
4
1
5
1
1
2
4
4
2
4
4
4
3
3
6
2
2
0
1
9
5
2
6
1
1
3
4
3
6
3
5
4
2
5
5
1
2
1
2
1
2
4
4
2
4
3
2
5
3
3
3
4
1
2
6
8
0
3
3
3
7
4
3
2
5
1
3
7
1
3
5
3
5
1
6
1
4
2
3
3
2
2
3
2
1
3
2
3
6
4
1
2
4
2
4
1
0
1
2
0
2
6
1
3
3
0
1
0
3
3
2
1
2
2
6
1
1
0
1
0
4
0
1
2
3
1
1
3
1
0
2
2
0
2
3
1
2
2
3
4
2
3
4
1
1
3
3
2
1
2
4
0
3
5
2
1
3
3
3
1
4
1
2
2
2
3
2
3
0
3
2
2
0
2
1
1
3
3
1
4
2
2
1
2
4
0
3
2
0
2
4
2
1
2
1
3
3
3
1
4
2
3
3
3
1
0
2
3
4
1
0
0
0
2
1
1
2
3
0
1
1
2
0
2
2
2
1
2
2
1
1
1
0
2
3
2
1
2
1
1
2
1
2
0
1
4
0
1
1
0
1
1
1
3
0
1
0
2
5
4
2
0
2
2
2
2
2
1
3
1
2
0
2
1
1
0
0
1
2
0
1
0
1
3
1
0
1
3
1
2
1
3
0
2
1
1
1
3
4
3
0
2
2
2
1
2
1
1
0
1
2
0
1
1
1
2
2
3
0
1
0
1
2
2
0
0
2
1
0
1
0
0
1
2
1
0
2
2
0
3
1
1
2
1
1
0
2
1
0
1
1
0
0
0
1
1
0
1
2
0
3
1
2
2
1
1
0
0
1
0
1
0
0
1
1
1
1
3
1
1
0
2
0
2
0
0
3
0
1
1
0
0
0
2
0
3
3
0
0
1
2
1
0
1
1
1
1
3
0
2
1
0
1
1
0
2
1
2
0
1
2
0
0
1
1
2
0
0
2
0
2
1
3
0
1
0
1
2
0
2
2
1
1
0
0
0
2
0
2
1
1
1
0
2
1
1
0
0
1
0
1
3
0
3
0
0
1
0
1
0
0
0
2
0
1
0
2
0
1
0
1
0
0
0
2
0
0
0
0
0
2
0
1
0
2
1
2
1
0
1
0
1
0
0
1
0
1
0
1
0
1
0
1
0
0
1
1
1
1
1
0
0
0
1
0
1
0
0
1
1
0
1
0
0
2
0
0
0
0
0
0
1
0
1
0
2
0
0
0
1
1
1
0
1
0
0
0
0
1
1
0
1
0
0
1
0
0
1
0
1
0
0
0
1
0
1
0
1
0
1
0
0
1
0
0
0
3
2
0
0
0
1
1
0
1
0
0
0
4
0
0
0
1
2
0
0
2
1
0
1
0
1
0
0
1
0
1
0
0
0
1
0
1
1
1
2
1
0
0
2
0
1
0
0
2
1
0
1
0
0
2
0
0
0
0
0
1
0
0
0
0
1
0
2
0
1
0
0
2
0
2
1
0
0
0
2
1
0
0
1
1
0
0
0
0
1
0
0
0
0
0
1
1
1
0
0
0
0
1
1
0
1
0
0
0
0
0
2
0
0
0
0
0
0
0
0
0
0
0
0
0
0
1
1
0
0
0
0
0
0
0
0
0
1
1
0
0
0
0
0
0
1
0
0
0
0
1
0
0
0
0
1
0
0
1
0
0
1
1
0
1
1
0
1
0
0
0
0
0
0
0
0
0
0
0
0
0
0
0
0
1
0
0
0
0
1
0
1
0
1
0
1
0
0
1
0
0
0
0
0
0
0
0
1
0
0
0
0
1
0
0
0
0
0
0
0
0
0
0
0
0
2
0
0
0
1
0
0
0
0
0
0
0
0
0
1
0
0
0
1
0
0
0
0
0
0
0
0
0
0
1
0
0
0
0
0
0
0
0
0
0
0
0
1
0
0
2
0
0
0
0
0
0
0
0
0
0
0
0
0
0
0
0
0
