0
0
0
0
0
0
0
0
0
0
0
0
0
0
0
0
0
0
0
0
0
0
0
0
0
0
0
0
0
0
0
0
0
0
0
0
0
0
0
0
0
0
0
0
0
0
0
0
0
0
0
0
0
0
0
0
0
0
0
0
0
0
0
0
0
0
0
0
0
2
0
3
2
4
1
6
2
2
2
3
4
5
26
41
117
344
921
2233
4934
9586
17100
27768
40783
54428
66331
72835
72826
66486
54939
41041
28193
17761
9947
5055
2273
1006
416
148
48
16
5
1
2
1
1
1
0
2
1
1
1
1
0
0
1
0
1
0
0
0
0
7
74
55
59
63
57
61
69
52
48
48
53
39
46
62
56
43
50
58
45
52
52
53
46
57
39
42
46
44
51
39
52
45
40
34
50
48
62
34
50
41
49
39
41
49
35
48
39
48
39
36
43
41
32
36
38
51
47
53
56
46
66
58
59
56
78
87
107
135
158
197
271
362
437
504
520
508
470
468
469
355
296
218
164
140
120
90
76
59
55
48
40
46
48
36
37
32
38
47
42
37
30
44
38
36
42
41
49
47
42
47
46
48
55
55
55
60
65
65
70
68
72
83
93
86
123
178
300
469
786
1356
2116
3133
4491
6171
7940
9698
11162
12281
12848
12570
11718
10340
8875
7130
5576
4181
2931
2174
1628
1030
829
632
525
420
402
438
562
721
1020
1422
1885
2319
2967
3324
3725
3983
4088
3829
3504
2980
2528
1867
1581
1134
829
624
467
413
338
297
246
226
163
140
121
111
62
47
41
26
24
16
9
15
12
12
12
11
7
11
10
11
4
15
10
15
10
12
7
10
5
10
9
9
6
17
13
10
10
12
16
13
9
22
13
15
19
20
23
20
26
33
32
28
34
29
24
33
30
33
30
21
23
23
26
13
23
15
23
20
22
14
27
19
17
14
25
18
13
19
19
18
20
24
14
23
13
12
10
12
15
8
5
8
8
9
6
8
15
3
5
6
9
9
7
4
10
5
12
5
5
8
8
9
11
11
6
10
10
9
8
8
6
10
12
7
11
14
13
11
11
11
11
12
8
8
13
10
7
15
17
8
3
7
11
13
11
11
12
6
12
8
10
14
6
16
14
18
11
7
9
10
10
10
9
5
8
6
7
8
10
6
9
7
8
12
1
9
6
9
15
6
7
7
12
4
5
9
5
3
8
4
7
10
5
12
7
6
8
10
11
9
1
5
8
5
8
7
5
6
13
7
4
5
7
5
4
5
12
6
5
11
10
4
8
13
4
6
11
9
9
9
7
9
6
6
8
12
7
7
6
8
5
3
7
5
6
4
3
3
4
8
2
6
8
9
13
9
8
9
4
8
6
4
6
5
7
7
8
9
10
6
6
11
7
13
14
12
6
6
13
10
12
7
4
7
17
9
8
4
7
10
15
10
8
9
8
11
17
8
3
18
8
14
13
6
10
14
13
9
13
12
9
10
6
12
14
11
12
16
12
17
12
6
10
13
14
12
13
14
14
11
11
20
12
28
16
24
22
21
18
33
22
25
36
26
42
21
46
28
34
42
36
40
31
30
42
30
24
30
29
38
19
28
36
30
26
25
35
28
36
27
29
19
13
28
24
17
25
26
20
24
17
28
31
9
24
29
17
12
22
22
15
16
19
17
22
25
20
19
20
15
19
23
26
14
25
18
17
21
25
20
30
25
26
16
24
20
29
35
34
22
32
26
28
33
19
24
26
34
29
20
19
35
32
37
32
35
36
35
32
30
33
27
38
29
25
33
33
37
30
33
38
33
37
36
36
31
27
38
35
41
43
38
38
40
36
46
36
31
41
36
41
46
41
37
47
44
46
47
48
48
62
53
53
39
44
43
35
56
49
53
53
69
66
56
59
77
56
67
53
51
64
69
63
64
63
60
60
62
64
62
63
85
91
80
72
79
70
61
76
77
96
78
79
91
95
88
104
114
123
112
127
106
129
95
91
98
98
105
99
96
75
79
93
94
95
85
86
71
91
87
90
85
76
79
77
71
80
82
73
82
86
85
71
77
74
81
76
82
81
64
71
83
92
76
94
72
73
85
78
71
56
78
82
86
95
92
78
76
85
83
64
84
75
75
69
63
74
64
80
81
80
56
72
62
87
91
73
68
77
74
84
62
90
63
60
69
66
74
71
87
76
71
65
77
81
67
84
68
76
73
73
80
87
68
97
95
72
64
89
93
85
76
69
87
87
86
97
90
93
97
79
90
89
91
88
85
83
75
96
98
91
82
87
93
95
96
101
74
97
110
117
101
93
97
105
107
117
140
131
138
134
147
188
194
237
304
382
431
605
799
1065
1264
1699
2021
2574
3199
3839
4681
5488
6290
7115
7903
8551
9134
9712
10064
10011
10103
9673
9266
8788
8319
7383
6609
5809
5024
4195
3521
2769
2302
1715
1380
1062
843
670
426
377
288
239
192
179
157
132
127
121
109
121
118
104
127
80
119
111
107
83
119
124
103
110
123
95
132
127
112
94
105
92
110
106
117
124
112
129
106
130
109
113
108
124
109
112
105
128
150
115
126
126
128
135
147
165
142
129
156
145
180
170
204
182
206
229
238
278
327
382
461
540
548
638
734
898
968
1049
1100
1240
1353
1392
1345
1453
1448
1387
1262
1293
1208
1165
1021
865
790
724
651
499
484
417
358
337
264
252
198
206
175
172
162
152
168
135
133
139
140
149
153
142
147
150
150
155
156
149
151
165
156
168
132
146
154
172
148
141
157
144
159
184
170
173
170
158
179
190
176
180
201
201
171
190
235
171
184
227
191
193
222
216
202
228
222
219
203
208
173
208
205
219
228
204
201
204
214
217
247
198
213
254
234
237
236
238
260
254
256
248
286
254
236
263
247
238
266
219
256
241
224
259
264
270
254
242
241
244
268
222
227
248
243
258
210
225
269
209
229
238
226
236
239
234
246
208
231
214
234
223
221
223
223
196
195
223
213
213
188
211
192
173
171
199
184
215
198
169
202
194
194
209
189
187
198
198
181
165
208
213
160
185
201
205
190
205
181
169
167
186
198
182
178
170
174
191
196
165
182
179
195
196
214
206
192
186
176
183
204
180
169
178
204
183
170
160
178
182
182
163
176
206
198
193
166
183
178
165
166
199
182
182
204
197
200
179
190
172
183
172
207
213
179
201
207
194
178
209
219
190
202
194
205
196
202
204
190
205
172
212
175
206
184
196
183
189
192
203
213
199
196
195
198
203
223
202
211
204
197
193
226
204
204
201
204
196
227
189
222
241
226
197
226
191
233
221
231
201
216
228
207
206
220
211
228
203
199
214
222
198
227
226
236
203
209
231
189
198
216
206
223
184
216
246
199
242
223
222
223
229
226
226
215
242
217
229
230
203
230
226
239
224
279
239
228
226
227
227
219
221
233
241
254
219
241
252
228
237
247
226
212
212
241
254
265
250
248
236
220
248
215
244
257
222
228
233
248
248
249
224
222
238
238
261
233
233
262
241
245
278
246
243
240
271
208
243
279
245
259
255
265
277
265
253
278
274
232
254
239
230
259
247
274
257
226
265
237
270
304
249
280
273
267
277
307
268
236
252
272
294
282
294
247
268
276
271
305
268
283
313
312
282
282
276
299
275
290
300
267
270
298
279
286
249
268
283
269
276
317
310
289
291
279
272
354
329
279
283
269
280
310
285
299
306
334
317
248
304
317
292
302
371
293
294
294
258
322
304
294
314
289
319
300
285
298
267
277
291
287
307
280
277
272
242
280
273
279
312
291
285
304
287
268
262
277
269
295
252
269
295
256
291
255
286
304
246
236
258
251
270
228
267
289
254
278
290
276
245
226
275
251
245
257
263
238
262
275
261
226
241
243
249
257
256
247
255
260
246
268
285
235
263
261
220
247
240
274
239
236
262
267
235
247
232
274
265
255
233
232
242
240
236
262
227
254
248
256
243
247
260
235
264
213
266
253
266
257
251
240
255
243
253
250
259
243
262
239
251
247
265
241
236
257
251
229
263
263
257
245
273
262
245
247
254
250
265
237
245
256
235
251
252
247
213
263
258
241
233
220
245
234
230
244
235
236
223
239
277
253
254
237
248
232
235
243
243
247
265
251
235
238
246
262
256
240
234
235
230
255
247
215
239
259
247
251
238
224
247
221
241
228
274
234
267
263
219
263
267
234
251
232
235
238
236
259
234
240
250
216
231
246
224
228
244
231
245
253
240
252
253
251
251
251
246
233
217
221
246
256
234
260
229
249
254
232
232
254
251
279
261
270
264
257
265
279
245
240
247
271
249
278
278
254
233
262
283
251
285
251
286
279
286
271
284
258
252
279
291
279
293
253
295
300
254
294
295
290
302
283
307
296
305
242
290
261
285
317
302
305
327
314
299
308
352
337
335
299
304
347
327
369
325
338
325
322
370
380
348
345
393
372
360
385
384
385
359
384
387
397
390
385
397
384
434
387
432
406
467
433
448
477
459
484
449
526
541
568
538
533
545
604
558
567
611
670
643
715
735
700
805
747
788
809
864
888
867
932
943
972
1010
1025
1042
1109
1084
1136
1187
1194
1190
1258
1179
1335
1317
1280
1338
1351
1322
1410
1425
1357
1434
1446
1508
1486
1528
1461
1417
1472
1505
1405
1373
1404
1368
1341
1394
1366
1303
1272
1268
1213
1221
1169
1197
1185
1120
1089
1052
1030
980
951
938
868
831
853
826
795
755
725
694
683
671
683
661
586
593
557
555
495
496
461
502
480
470
433
437
426
408
391
367
376
370
357
385
377
377
313
340
302
338
330
320
300
303
274
286
280
261
268
278
266
264
231
234
247
245
259
254
259
237
246
231
231
210
236
230
224
232
218
215
232
255
220
225
190
252
214
242
257
272
265
293
317
303
311
307
313
340
356
311
384
354
392
361
430
408
368
386
436
447
410
416
440
422
432
405
432
428
410
406
346
395
349
362
298
308
265
283
304
264
239
242
221
193
190
193
166
161
168
176
153
147
167
164
156
162
163
136
160
162
146
139
153
170
134
195
176
143
159
175
163
177
152
164
168
182
187
167
193
186
168
189
180
194
192
193
196
181
213
229
203
200
202
203
211
265
200
262
248
243
232
232
247
249
223
225
242
227
227
264
260
212
272
263
258
270
258
264
245
236
249
255
238
234
268
246
249
244
235
260
242
236
249
194
214
228
212
238
206
237
221
188
203
204
205
202
207
179
166
182
167
182
177
162
154
163
163
134
161
153
137
130
127
129
120
131
110
108
130
123
111
117
117
117
121
118
109
108
123
108
115
102
100
89
95
98
107
88
85
87
102
88
71
68
95
83
96
73
91
72
63
77
79
69
79
66
78
87
83
85
64
67
74
77
71
66
70
74
62
68
65
61
61
75
73
51
67
39
44
53
72
73
54
55
52
48
63
58
57
77
69
57
54
59
57
71
50
55
58
44
61
52
49
48
63
60
56
49
76
63
63
47
59
67
76
80
77
77
77
87
76
70
92
68
70
82
82
93
74
83
74
64
79
77
66
66
64
62
63
51
49
58
62
44
56
42
49
46
51
42
39
35
52
44
48
48
46
42
48
46
37
51
47
42
41
46
37
46
47
48
52
39
53
45
33
44
39
42
40
35
36
36
39
47
38
37
32
40
38
31
33
41
31
31
24
33
31
47
37
33
39
53
30
34
34
42
30
32
29
26
32
30
32
32
33
43
31
32
37
38
25
26
42
32
32
25
21
30
37
36
36
35
23
32
38
41
28
16
33
27
35
31
28
40
28
41
34
34
38
29
32
23
37
29
32
31
28
35
26
30
31
28
31
30
27
29
24
39
34
26
17
25
34
29
30
29
26
28
26
37
25
29
37
33
22
31
34
29
26
25
30
34
24
31
28
23
23
30
23
32
26
34
32
25
18
29
21
23
24
32
20
27
22
34
29
17
13
35
17
27
22
29
22
31
27
23
24
22
31
24
27
18
22
31
26
17
23
24
26
23
24
29
28
23
26
21
19
20
24
14
25
29
30
21
25
23
18
23
17
24
28
13
23
29
16
18
24
30
21
27
23
20
17
27
23
26
29
20
20
15
23
25
27
23
23
21
23
23
20
20
25
28
13
16
24
27
22
19
24
22
18
37
28
16
20
22
17
18
32
23
20
19
25
22
19
17
20
19
12
24
16
15
16
19
13
19
17
20
14
21
23
21
18
15
13
17
20
16
14
29
20
16
24
14
20
20
14
17
13
20
19
21
19
10
20
20
16
18
12
16
10
21
11
12
17
16
17
17
12
12
17
29
15
16
11
20
19
26
23
11
18
18
16
8
23
15
24
10
13
17
15
14
12
16
13
7
12
15
12
13
25
16
20
11
16
14
13
24
8
24
16
8
17
19
11
21
13
11
10
15
13
12
14
10
12
11
10
15
13
7
19
11
13
18
12
10
12
11
12
13
14
13
16
14
13
9
14
15
14
12
18
16
15
12
18
12
13
20
16
17
13
9
12
16
12
12
17
10
9
14
12
9
8
9
10
8
9
10
12
10
9
11
21
13
14
16
10
11
15
12
9
12
12
11
9
13
11
13
12
20
5
11
15
14
12
10
8
12
5
11
8
14
17
14
11
8
15
8
14
14
6
13
10
5
17
13
8
9
7
11
8
14
9
13
11
12
12
13
14
7
10
10
14
16
5
14
12
8
12
9
9
9
5
11
7
6
9
10
15
7
9
6
11
7
9
13
11
14
8
12
13
14
8
9
11
12
11
9
5
10
6
11
7
10
11
9
7
7
8
8
7
4
7
11
8
9
9
8
13
7
12
10
3
7
11
9
11
10
15
10
9
9
8
10
3
8
14
11
6
5
11
10
9
5
6
10
7
7
10
6
11
6
5
9
9
8
1
7
7
6
5
8
12
8
7
2
11
5
5
8
6
14
10
8
3
7
9
11
7
10
1
3
10
5
6
4
8
5
14
8
9
4
6
5
9
4
12
3
10
8
3
3
5
9
4
4
6
3
9
11
8
6
6
5
7
8
4
3
7
9
7
5
6
13
7
12
8
10
5
6
6
9
8
6
5
9
4
6
7
7
8
4
8
7
4
4
9
6
8
5
1
5
8
7
7
6
4
5
6
7
5
8
5
5
6
7
10
4
6
9
7
4
4
7
5
7
5
2
7
6
7
4
4
6
5
9
4
5
4
10
4
10
6
1
6
2
6
9
6
2
5
6
5
6
9
0
4
6
6
4
4
9
3
6
5
6
5
6
10
5
5
2
6
4
4
5
1
7
3
5
4
8
8
0
5
8
4
4
3
2
7
3
5
2
3
5
4
2
4
5
5
3
1
6
6
3
1
5
3
3
6
7
5
5
1
2
3
3
4
4
4
0
5
10
5
4
5
7
3
7
4
5
1
4
5
3
4
5
6
2
6
5
4
1
1
4
1
2
3
6
2
4
4
6
3
2
4
8
4
8
3
7
4
4
5
5
6
3
7
2
5
5
3
2
6
5
2
3
5
4
4
0
3
5
4
1
3
4
4
3
4
3
7
2
5
2
3
0
4
3
3
3
3
3
4
6
2
8
5
5
3
2
5
2
5
3
7
2
3
2
4
5
1
1
0
4
1
3
4
1
4
4
1
3
5
1
1
4
3
2
3
5
2
2
4
2
2
3
2
1
2
4
1
1
5
5
2
2
2
4
3
1
4
1
2
6
3
1
0
2
5
1
2
1
3
1
0
4
1
3
2
2
3
3
2
0
2
4
2
4
1
1
3
0
2
2
2
3
1
4
1
1
2
2
1
2
1
1
4
2
2
1
1
1
5
0
2
1
5
3
1
2
1
2
1
1
1
2
2
1
1
4
1
2
2
2
5
2
2
1
1
4
1
3
3
2
1
4
0
1
0
3
0
2
1
1
1
1
0
0
3
3
0
2
4
8
2
2
1
1
1
1
0
1
0
3
3
3
1
1
2
5
1
1
1
1
1
1
1
0
0
2
4
2
1
1
0
1
2
3
2
2
2
2
0
2
1
1
3
1
2
1
2
3
1
0
2
1
5
0
3
2
2
3
1
0
1
2
0
1
3
2
4
0
1
4
3
4
1
1
2
1
4
3
2
4
2
0
1
1
1
0
2
0
1
1
2
1
5
2
1
1
1
0
3
2
0
4
3
1
0
0
1
1
1
1
0
1
0
1
0
1
0
1
1
1
0
0
2
2
0
2
0
0
0
1
3
0
0
1
0
1
1
3
0
2
1
0
0
2
1
2
1
0
0
1
2
4
0
1
0
2
0
0
0
2
0
2
0
0
2
1
1
0
4
2
3
3
3
0
0
2
2
2
0
4
0
2
2
0
0
0
0
0
2
2
2
1
0
2
1
0
0
1
1
1
2
0
1
0
1
1
0
1
1
1
2
2
0
1
1
0
0
2
1
3
1
0
0
0
2
3
1
2
0
1
1
0
3
1
0
0
4
0
2
0
0
0
0
0
0
1
0
0
2
1
1
0
0
1
1
0
1
2
1
0
1
0
2
2
1
0
1
2
2
0
1
0
2
1
0
2
1
0
1
0
1
0
1
2
1
0
1
0
2
1
1
0
0
2
3
1
1
0
1
0
0
0
1
0
2
0
0
2
2
1
0
2
1
1
1
0
0
0
0
0
2
0
0
1
0
0
1
1
0
2
0
0
2
0
0
0
0
0
1
0
0
0
0
1
0
0
0
2
1
0
1
0
0
0
1
0
1
1
0
0
1
3
1
1
1
1
0
1
0
0
0
1
0
0
0
0
0
1
1
0
2
2
0
1
0
0
1
0
1
1
0
0
3
1
1
0
1
0
0
0
2
0
1
2
1
0
1
3
1
0
0
0
0
0
0
1
0
0
0
0
1
1
2
1
1
0
0
1
0
2
0
1
1
0
0
0
0
0
0
0
0
0
1
2
0
0
0
0
1
2
0
0
0
0
1
1
0
1
1
1
0
0
0
0
0
0
0
1
0
1
0
1
2
1
0
0
1
1
0
2
2
0
0
0
1
0
1
0
0
0
1
0
0
0
0
0
0
2
1
1
0
0
0
0
0
0
0
0
1
0
0
1
1
0
0
1
1
0
0
0
0
0
0
0
1
1
0
0
0
0
0
0
0
0
0
2
1
1
0
1
0
0
0
0
0
3
3
0
0
0
0
0
0
1
0
1
0
0
0
0
0
0
0
0
0
0
0
0
1
0
0
0
0
1
0
0
0
0
0
0
0
0
0
0
0
0
1
1
0
0
1
0
0
0
0
0
0
0
0
0
0
0
0
0
2
0
0
0
0
0
0
0
0
0
0
0
0
1
0
0
0
0
0
0
0
0
1
0
0
1
0
0
0
0
0
0
0
0
0
0
0
0
0
1
0
0
0
0
0
0
0
0
0
0
0
0
0
1
0
