0
0
0
0
0
0
0
0
0
0
0
0
0
0
0
0
0
0
0
0
0
0
0
0
0
0
0
0
0
0
0
0
0
0
0
0
0
0
0
0
0
0
0
0
0
0
0
0
0
0
0
0
0
0
0
0
0
0
0
0
0
0
0
0
0
0
0
0
0
1
1
2
1
2
3
4
0
2
5
4
6
7
17
41
129
368
905
2143
4955
9675
17120
27709
40668
54336
66087
72809
73095
66465
54956
41387
28330
17359
10081
5103
2333
1032
398
138
40
23
5
3
2
4
3
1
2
1
2
3
1
1
0
0
0
0
0
1
0
0
0
9
70
60
42
51
63
64
52
48
55
43
56
59
46
48
45
44
48
58
44
41
52
49
53
47
42
48
44
40
46
40
35
29
44
47
41
49
43
34
36
40
46
34
47
32
40
47
31
42
38
28
47
40
35
44
49
46
57
57
58
48
66
64
76
69
65
86
94
137
160
209
298
351
395
478
510
564
522
494
434
350
271
248
160
136
99
92
80
74
59
72
48
42
47
38
44
39
39
31
46
40
40
43
40
42
42
41
46
36
46
41
41
65
42
51
68
67
55
59
58
78
78
93
90
98
136
163
271
470
792
1282
2032
3191
4542
5959
8025
9673
11302
12152
12577
12586
11694
10506
8878
7191
5529
4194
2990
2144
1607
1199
796
622
512
423
388
461
553
740
1024
1481
1807
2373
2928
3296
3805
3923
4097
3925
3524
2998
2513
1950
1517
1094
807
623
511
411
343
279
290
230
213
138
102
82
64
53
42
25
24
15
11
16
8
9
16
11
12
11
12
17
8
10
10
10
15
9
6
8
10
9
11
6
9
9
5
11
10
12
12
12
7
7
12
11
17
17
26
18
25
26
20
38
30
26
26
24
29
23
28
21
27
19
23
35
28
24
24
27
29
31
22
19
14
25
19
25
22
24
21
14
17
13
13
9
14
12
19
12
11
8
7
8
7
9
4
8
9
12
6
7
10
6
10
8
8
6
6
4
8
6
10
9
10
12
6
6
12
5
6
3
11
6
8
7
7
9
6
11
9
4
15
9
8
3
14
7
6
8
9
13
12
14
8
12
9
10
1
14
8
14
13
12
18
12
12
9
12
18
15
9
16
9
8
11
11
8
8
8
7
10
8
10
6
8
4
14
5
6
9
8
7
9
6
5
10
6
2
8
7
7
7
8
12
11
8
8
6
9
4
7
7
9
9
3
12
0
8
7
8
5
3
2
9
4
6
6
6
8
3
10
5
7
6
5
5
6
9
3
21
5
7
10
3
6
6
2
8
13
5
3
7
4
13
8
6
13
7
5
7
7
7
11
10
8
6
7
10
6
6
9
12
4
7
9
7
8
10
13
11
10
9
12
10
10
5
11
4
11
11
4
11
10
12
12
7
10
5
4
13
10
8
14
11
5
9
11
10
9
6
10
5
7
10
13
14
16
15
13
8
14
10
10
14
12
11
8
14
12
15
19
11
18
8
11
16
11
15
13
12
20
17
9
13
15
20
17
22
13
22
28
27
22
17
26
29
41
29
32
36
28
29
33
36
26
40
17
37
35
44
29
28
25
33
34
25
25
24
28
25
26
29
23
24
16
27
33
21
22
23
26
22
35
20
17
15
24
16
19
13
18
21
25
21
10
20
21
28
19
20
23
13
24
27
30
22
23
9
20
26
19
27
27
28
28
28
26
22
25
28
29
32
17
28
33
25
29
33
37
31
28
30
21
27
24
26
29
33
33
21
31
30
30
26
32
32
31
31
33
23
33
46
36
36
44
29
35
37
33
34
35
37
38
34
35
34
42
41
40
39
32
39
49
35
41
50
43
43
49
49
56
37
63
60
45
56
49
46
38
73
77
40
46
55
53
38
58
71
63
75
65
57
64
56
59
59
61
63
65
82
54
73
46
71
75
76
78
73
66
86
94
103
84
90
102
108
108
95
104
97
115
117
106
104
115
112
101
97
93
91
104
76
96
93
90
93
78
80
70
85
77
68
80
73
82
86
83
84
68
71
57
86
70
77
78
75
83
74
79
60
82
82
78
91
85
70
70
73
63
76
72
76
82
76
85
60
62
62
71
85
80
72
85
69
77
75
69
73
82
70
73
72
89
84
74
76
66
60
76
88
70
102
76
79
76
69
73
88
70
83
85
97
70
72
76
65
80
80
71
86
83
86
78
84
73
83
75
78
76
102
89
74
74
79
82
98
81
74
84
82
77
97
94
87
90
107
93
79
93
84
95
100
76
80
107
109
88
80
105
109
90
108
105
96
107
98
117
114
105
123
125
135
142
172
212
246
252
363
466
600
778
974
1346
1697
2088
2692
3362
3982
4634
5506
6267
7023
7740
8577
9062
9790
10089
10244
10078
9693
9416
8971
8080
7478
6757
5842
5017
4180
3501
2803
2332
1794
1444
1081
842
644
479
341
288
238
194
158
156
122
127
120
122
105
109
120
109
125
108
112
111
113
108
112
118
118
97
89
129
102
112
105
109
115
109
114
98
102
115
117
107
129
119
104
123
95
116
139
129
114
135
138
114
127
136
131
143
144
138
145
148
144
149
172
190
205
218
220
245
311
358
358
461
487
585
700
816
869
1001
1008
1155
1220
1374
1336
1407
1445
1458
1381
1320
1264
1209
1176
1028
920
795
734
598
512
499
384
356
335
250
236
215
187
187
146
152
157
180
168
172
135
141
140
159
129
141
158
140
157
128
162
133
134
142
160
164
181
153
160
163
162
155
167
176
181
190
175
166
180
188
181
189
176
175
170
205
179
225
196
207
203
193
186
210
204
185
216
210
205
197
184
208
213
213
248
227
206
208
249
243
246
254
257
234
238
240
276
228
251
237
280
237
276
255
245
244
249
236
247
247
278
275
255
252
245
280
275
244
244
279
276
269
244
259
251
262
260
243
231
292
229
243
256
225
216
209
260
234
220
227
218
229
201
225
200
241
241
202
212
205
208
202
202
211
184
208
222
201
191
194
213
230
216
213
158
194
180
171
194
201
206
181
192
197
187
193
190
175
176
182
187
214
183
177
208
168
182
154
206
217
187
193
188
179
185
171
181
176
175
203
191
159
199
198
185
196
189
166
178
184
197
188
165
190
161
206
219
181
180
177
206
209
183
194
195
196
192
183
186
182
191
188
220
198
207
192
207
200
177
196
203
204
177
211
188
198
222
186
190
221
195
190
180
214
231
210
188
218
197
223
206
183
215
233
225
221
211
201
207
209
216
204
201
207
211
216
212
207
195
230
217
196
230
206
214
197
218
195
211
232
225
214
203
234
189
221
208
206
212
194
239
226
215
212
219
214
199
219
229
211
216
244
222
194
241
225
206
224
251
235
233
248
236
233
211
223
234
219
249
220
205
217
197
229
224
210
225
246
221
215
235
230
229
215
234
225
253
234
243
227
223
247
247
222
257
252
268
221
256
228
237
268
241
228
254
264
232
245
247
267
255
269
247
218
251
251
237
252
238
264
229
252
242
249
247
262
267
295
272
285
277
251
260
262
269
261
249
261
253
255
241
250
276
295
263
263
275
277
287
265
279
272
277
276
260
279
276
279
283
295
278
288
255
266
298
275
276
280
285
295
271
290
303
248
280
280
277
322
272
282
319
274
283
264
287
295
316
288
302
302
311
314
296
289
323
270
330
308
311
291
293
331
274
318
257
325
282
295
311
310
299
284
279
313
314
296
315
289
331
325
343
282
282
295
274
295
280
280
334
288
299
303
332
252
313
288
292
279
256
269
274
290
262
286
281
298
248
311
276
284
308
309
289
250
266
259
270
247
272
277
272
281
233
267
294
267
284
268
264
262
265
249
269
275
245
295
266
293
279
242
244
271
251
240
274
239
239
253
272
238
266
254
280
235
275
252
255
236
268
236
260
258
262
251
255
225
253
284
241
258
248
240
213
237
257
246
262
243
252
255
258
238
227
263
257
290
242
271
261
258
271
274
273
260
239
266
272
255
260
247
250
264
254
255
243
258
276
273
246
255
268
230
243
243
243
237
239
272
251
272
248
213
235
234
272
254
220
245
258
270
265
274
271
244
242
263
257
264
241
228
240
259
245
252
247
254
257
240
249
235
239
248
268
226
253
242
259
239
251
255
251
259
257
255
238
259
229
255
213
234
241
256
256
252
255
257
252
226
249
251
240
250
237
245
238
263
271
242
249
228
263
249
260
246
256
239
259
259
266
245
234
249
244
264
252
279
245
238
268
240
287
274
265
252
259
264
239
254
257
289
250
229
262
281
231
268
275
279
273
266
260
241
282
256
248
272
265
257
238
300
276
270
266
294
269
275
292
285
291
286
267
293
260
266
243
269
296
310
281
288
324
294
272
294
300
279
293
294
328
337
303
319
291
327
339
335
337
336
319
329
359
365
310
372
361
325
348
336
358
346
329
368
338
301
358
396
376
379
385
385
365
384
390
398
374
429
413
437
455
447
415
463
439
471
496
520
532
510
487
528
518
555
589
589
640
620
645
659
638
635
723
733
825
779
844
844
830
915
907
930
919
971
1004
996
1089
1061
1106
1114
1174
1145
1229
1242
1258
1318
1307
1398
1369
1339
1509
1412
1438
1385
1485
1417
1437
1487
1494
1464
1481
1436
1398
1505
1406
1450
1414
1443
1347
1296
1316
1300
1245
1328
1182
1216
1175
1223
1168
1140
1074
1038
1026
980
864
893
864
835
792
773
828
797
695
690
685
661
631
601
541
576
537
534
496
480
485
480
446
431
440
414
371
411
347
372
392
388
355
367
335
348
358
345
360
298
304
313
312
294
249
289
281
254
263
261
288
255
266
263
237
232
256
250
255
240
246
235
247
227
225
250
215
196
229
201
189
234
214
205
229
254
259
269
277
235
265
257
304
316
283
331
325
347
379
345
375
399
370
385
425
445
406
413
482
439
440
425
467
484
457
460
431
388
398
376
367
326
345
338
309
290
283
262
246
211
225
223
204
195
193
184
168
193
156
163
168
158
155
140
162
154
176
148
151
155
177
142
123
138
147
169
159
169
164
169
153
172
192
166
198
166
171
165
186
180
157
194
186
168
205
190
196
208
182
223
196
232
198
215
243
220
230
206
211
238
247
223
248
245
229
243
254
243
243
247
259
251
245
279
255
260
272
252
249
251
204
235
267
242
250
228
220
234
275
265
259
231
204
222
214
232
229
223
205
224
214
208
190
185
174
193
197
186
182
165
182
202
151
155
166
171
151
135
156
133
131
153
139
162
152
133
117
117
129
128
111
102
112
113
137
106
107
102
105
101
111
91
117
108
103
95
90
94
76
98
70
100
94
82
80
85
83
75
71
72
83
84
74
67
80
76
81
62
59
79
54
75
57
63
77
88
64
69
59
66
72
63
64
68
51
64
71
62
58
60
64
65
49
53
62
63
52
63
55
62
52
64
46
47
55
66
58
51
55
57
58
52
52
60
68
70
60
56
57
50
76
72
74
63
58
76
57
85
86
85
78
77
78
78
96
88
62
80
75
62
71
82
66
77
56
56
72
59
52
52
62
51
47
47
62
54
47
42
51
52
56
41
48
43
42
37
50
33
54
51
39
48
34
50
50
42
48
56
54
36
39
40
53
41
42
35
49
40
61
35
37
49
52
36
35
34
31
29
46
34
37
31
38
44
26
42
31
34
31
29
34
37
33
34
38
39
31
32
41
22
32
44
35
26
29
43
31
47
28
37
39
26
37
35
33
35
26
32
31
38
30
39
33
28
27
26
26
21
35
25
30
35
21
41
27
38
28
28
31
26
30
30
35
39
22
29
31
32
38
29
29
36
22
40
28
32
19
38
38
22
23
22
25
20
19
36
27
33
24
36
21
28
24
27
30
29
26
23
29
22
26
37
31
28
34
31
27
27
21
41
22
32
22
32
20
33
12
25
33
35
20
25
28
21
27
25
25
20
25
23
25
25
27
24
37
27
16
23
24
18
19
26
35
19
25
27
20
25
23
26
29
27
22
20
22
26
24
23
21
32
31
29
16
23
20
19
21
23
21
32
21
27
24
18
22
21
22
22
21
21
25
24
17
20
26
17
24
28
32
23
25
22
18
24
20
15
24
19
25
22
25
31
18
22
20
25
27
20
26
18
23
17
14
18
25
16
27
20
21
18
22
24
29
18
27
17
27
20
17
31
13
26
12
21
18
19
18
19
21
12
31
15
18
22
24
23
22
16
21
21
28
21
17
22
27
16
13
18
17
14
14
23
20
20
15
13
15
16
11
31
19
20
20
21
20
12
18
18
24
13
18
14
14
22
15
13
11
22
15
20
17
20
15
11
19
18
18
16
11
19
12
21
13
17
9
21
5
11
18
14
17
14
19
13
8
11
16
15
14
10
22
13
11
22
15
16
14
15
8
17
10
18
12
11
15
13
16
8
17
10
11
20
17
18
17
15
11
8
13
11
7
16
11
21
9
17
15
14
13
9
13
16
11
13
10
13
16
17
11
17
10
29
20
16
10
11
5
12
9
13
12
11
12
14
8
9
13
15
11
16
17
7
15
13
9
12
11
15
13
13
9
9
14
17
7
8
11
9
15
18
16
17
15
12
13
9
7
19
15
7
10
7
13
11
9
7
12
15
10
18
16
8
9
15
13
10
3
12
6
12
7
16
14
11
12
12
13
10
8
12
12
16
8
6
19
11
12
14
7
5
14
11
14
13
10
12
10
7
10
8
15
13
10
8
10
9
9
14
6
9
8
17
10
11
12
11
11
12
11
10
11
11
8
8
10
10
6
5
9
9
9
9
9
14
8
12
8
11
5
4
12
12
13
7
8
11
5
11
6
6
7
10
6
12
8
10
9
6
7
2
5
5
12
3
8
3
8
17
5
11
6
5
3
8
7
7
7
6
7
5
12
8
4
14
5
5
14
8
9
12
9
11
11
5
5
5
8
10
9
3
9
12
7
9
4
11
5
8
5
14
5
11
9
8
8
8
9
8
4
11
13
5
12
9
2
6
6
12
7
11
4
10
10
5
6
10
5
6
10
13
4
4
6
12
5
6
4
8
8
7
5
5
8
6
7
5
7
6
5
4
8
9
9
6
8
7
3
6
6
5
5
10
2
4
5
8
5
5
7
2
4
12
5
8
8
5
3
7
2
6
4
6
9
4
6
4
8
5
8
3
6
7
10
5
3
1
6
6
5
3
7
6
6
6
6
6
7
3
3
3
6
4
6
6
6
1
5
9
0
8
6
5
5
4
4
3
5
4
7
6
3
6
3
3
6
6
6
5
3
5
0
5
2
5
5
6
3
6
2
2
10
3
4
6
9
3
3
4
5
2
1
4
8
2
1
2
7
2
3
6
4
7
5
6
4
1
4
4
10
6
1
4
7
4
2
5
3
5
4
2
7
2
5
5
4
2
1
2
3
4
3
5
4
0
5
6
4
2
1
1
5
1
5
2
3
2
6
4
3
3
2
5
2
3
3
1
7
0
5
3
0
3
4
2
4
4
2
1
3
1
3
2
2
6
0
2
6
6
4
5
0
3
4
3
3
6
6
4
2
2
3
2
5
3
2
3
1
3
1
8
5
4
3
4
5
2
2
4
2
2
5
2
5
3
1
2
4
3
1
4
0
3
1
2
4
1
0
4
6
3
4
4
2
1
0
2
4
2
3
3
5
3
4
1
1
4
2
8
4
3
3
4
2
2
1
2
2
0
3
1
3
3
4
5
1
2
3
2
5
4
3
0
2
6
2
1
2
3
1
3
2
4
1
2
1
4
2
1
3
3
3
4
1
2
2
1
3
1
2
4
3
1
1
1
0
3
1
3
2
1
0
1
3
2
3
1
3
2
3
1
1
3
4
3
1
1
1
1
1
4
1
3
0
4
2
5
4
1
1
1
1
3
2
3
2
2
3
2
1
2
2
3
1
2
1
1
4
2
2
1
3
2
0
2
2
1
0
1
2
3
1
1
2
2
0
3
1
4
2
3
3
2
2
4
4
0
1
2
3
1
2
0
2
0
1
1
1
2
1
2
1
1
2
1
0
0
2
2
1
0
2
2
3
3
0
3
3
3
1
0
2
0
1
2
0
2
2
1
3
3
0
2
0
2
3
0
1
4
1
1
0
0
3
2
2
0
0
4
0
2
2
1
1
0
1
2
1
1
0
7
4
1
0
3
0
2
1
0
1
2
2
5
0
1
0
1
0
0
0
3
1
1
1
0
1
2
3
2
1
0
0
0
0
2
0
1
1
0
1
0
2
2
0
0
0
0
0
1
2
1
1
0
1
0
1
1
1
1
1
1
2
1
1
2
1
1
1
1
1
2
0
3
2
1
1
0
0
0
0
1
1
4
2
1
2
1
1
0
1
1
0
1
0
1
1
0
0
0
2
0
2
2
1
1
1
1
2
0
2
0
2
0
1
0
1
0
0
0
3
0
2
0
0
0
3
1
1
4
1
1
1
0
0
1
2
1
0
1
2
2
0
0
0
0
0
0
0
0
1
2
1
0
1
1
1
1
1
0
1
1
1
1
0
1
0
1
0
0
3
0
1
1
1
0
3
0
1
1
0
0
1
0
0
0
0
0
0
2
0
0
1
1
0
0
1
2
0
0
0
1
0
1
1
1
1
0
1
0
1
0
1
0
0
1
0
0
0
0
2
0
0
0
2
2
2
0
0
0
2
0
0
1
0
0
2
0
1
2
0
0
0
1
0
0
0
1
1
0
0
0
0
0
0
0
1
1
1
1
1
1
3
2
1
1
0
3
0
0
0
1
1
1
0
0
0
1
1
1
0
0
0
0
0
0
0
0
0
0
0
0
1
0
0
0
0
1
0
2
0
1
0
1
1
0
1
0
2
0
1
0
0
0
1
0
0
0
0
0
1
0
1
0
0
2
0
1
1
0
1
3
0
1
0
1
0
1
1
0
0
0
1
1
0
2
0
0
0
2
0
1
0
0
1
1
1
0
0
0
1
1
1
0
0
1
0
1
0
0
0
0
0
0
0
1
1
2
0
0
2
1
0
1
0
0
0
1
0
0
0
0
1
1
0
1
0
1
0
1
0
3
0
1
0
0
0
1
0
1
0
0
0
2
0
0
0
0
2
1
1
0
0
0
1
0
0
1
0
1
0
0
0
1
0
0
2
1
1
0
0
0
0
1
0
1
0
0
1
0
0
0
0
0
0
1
1
0
1
0
0
2
0
0
0
1
0
0
1
1
0
0
0
0
0
0
0
0
0
0
1
1
0
0
0
0
1
0
0
1
1
1
0
0
1
0
0
1
0
0
0
0
0
0
0
0
1
0
0
0
0
1
0
0
1
0
0
1
1
0
0
0
0
0
0
0
0
0
0
0
0
0
0
0
0
0
1
0
0
0
1
0
0
0
1
1
0
1
1
0
0
0
2
0
0
0
