0
0
0
0
0
0
0
0
0
0
0
0
0
0
0
0
0
0
0
0
0
0
0
0
0
0
0
0
0
0
0
0
0
0
0
0
0
0
0
0
0
0
0
0
0
0
0
0
0
0
0
0
0
0
0
0
0
0
0
0
0
0
0
0
0
0
0
0
0
0
1
0
1
2
2
0
2
4
6
7
2
9
13
49
134
352
927
2275
4823
9913
17223
27613
40534
54731
65954
72909
73010
66866
54912
40953
28028
17614
9801
5007
2406
956
367
142
48
10
9
3
1
1
2
4
3
2
2
2
1
0
0
0
0
0
0
0
0
0
0
10
80
70
50
71
55
61
67
56
56
46
42
59
44
47
54
54
52
46
45
53
49
49
41
47
43
40
47
34
53
34
50
41
56
39
41
39
41
46
45
49
51
52
41
50
39
53
49
37
46
49
45
49
50
44
43
42
56
63
54
53
64
66
72
76
84
82
114
119
158
208
290
340
465
465
536
556
463
522
415
370
335
243
177
139
105
94
73
58
66
54
46
45
50
33
36
35
46
37
38
39
36
35
38
36
38
45
40
46
34
46
51
53
37
55
70
58
69
74
78
69
92
70
86
91
123
186
290
481
820
1318
1987
3063
4307
6273
7811
9561
11242
12386
12741
12720
11724
10356
8717
7095
5406
4117
2965
2206
1615
1127
791
667
537
433
398
451
528
724
1077
1427
1910
2316
2904
3420
3849
3887
4014
3845
3474
2937
2508
1939
1527
1108
799
605
461
384
346
305
266
233
181
166
130
84
66
57
32
23
16
19
13
14
14
17
10
10
10
19
9
11
4
9
6
15
6
17
9
9
7
11
11
9
6
8
11
10
10
3
12
11
8
11
13
19
18
13
15
25
25
28
30
31
30
26
25
27
27
25
23
27
20
22
22
20
18
29
27
27
21
25
22
30
12
23
20
31
16
30
18
22
20
15
15
13
15
15
7
7
12
7
9
7
7
10
6
8
2
5
5
12
9
7
12
8
7
12
5
6
7
5
6
1
3
8
7
2
6
8
4
8
6
6
11
12
5
8
14
11
14
8
9
8
4
12
11
10
10
9
3
6
8
9
10
10
9
12
11
10
12
16
14
17
16
11
19
13
15
13
13
8
10
9
6
6
4
9
8
8
7
8
6
10
5
11
6
5
12
9
5
5
7
5
12
6
4
11
10
10
5
8
6
5
11
10
7
10
10
8
6
7
5
4
10
12
9
4
7
10
5
7
10
10
5
8
3
3
8
8
9
7
10
5
11
11
7
3
4
9
9
7
3
9
9
3
6
7
9
9
13
7
10
6
13
8
5
3
11
12
5
10
8
8
7
14
10
8
13
6
5
5
13
10
10
6
16
10
7
10
7
8
9
11
6
10
9
12
8
10
7
11
7
8
14
7
8
11
7
14
9
11
10
11
9
10
9
14
16
11
15
8
7
11
12
10
12
15
8
13
7
10
12
4
17
8
10
8
9
16
17
13
9
11
11
10
9
15
14
15
16
16
20
21
15
18
16
27
17
26
21
15
25
23
34
21
32
32
43
23
37
22
31
27
28
36
26
29
28
30
36
29
30
31
25
22
29
25
28
23
34
30
31
25
21
29
25
26
18
18
23
28
20
24
23
17
20
20
15
13
26
29
20
20
15
18
18
18
17
16
18
19
21
17
18
24
21
22
20
18
25
20
30
23
23
26
26
38
26
30
24
24
33
29
23
22
28
26
27
17
31
27
25
34
29
32
37
27
42
29
29
24
31
32
32
33
28
36
40
23
32
41
32
30
33
33
30
40
21
33
37
40
36
35
45
42
48
39
39
32
39
43
45
39
29
48
40
51
50
47
40
41
47
45
51
54
54
44
43
46
53
43
68
46
53
57
54
50
72
56
51
61
62
57
66
55
58
66
64
65
69
50
54
63
78
75
74
91
66
84
79
98
87
80
91
111
98
107
112
120
114
108
130
125
105
87
105
117
98
101
98
113
100
72
104
95
73
77
76
75
82
88
66
87
76
73
94
70
77
81
77
89
72
90
79
85
71
81
64
63
87
90
75
64
89
71
60
78
78
69
67
66
70
69
74
77
84
79
74
63
69
76
63
84
65
78
80
62
73
63
76
76
64
73
73
75
71
74
54
75
78
84
62
79
72
70
75
69
69
75
69
77
75
76
58
89
81
64
71
83
70
88
84
91
85
71
87
76
80
75
78
87
79
82
81
85
97
96
90
97
86
95
77
106
98
77
88
68
101
87
101
113
87
95
109
99
74
86
98
95
108
110
97
92
105
101
118
107
119
121
131
107
154
156
186
200
216
277
388
461
621
773
1008
1311
1703
2134
2590
3190
4015
4749
5491
6270
7083
7766
8662
9196
9625
10027
10141
10053
9766
9261
8897
8112
7387
6576
5860
4911
4073
3467
2855
2329
1830
1381
1035
782
613
436
364
288
234
199
173
155
141
133
126
109
104
108
117
127
103
98
107
121
108
102
100
104
122
114
114
107
115
102
118
135
130
122
124
114
120
111
115
106
134
94
104
102
133
108
93
103
144
109
136
108
118
129
115
144
138
138
137
149
153
171
176
163
186
194
204
242
277
278
383
451
514
580
618
710
858
962
1093
1127
1222
1345
1284
1370
1416
1378
1443
1302
1268
1197
1127
1028
892
806
690
639
506
468
404
353
293
252
233
216
183
160
178
154
171
144
137
157
150
156
131
135
156
153
157
160
138
137
164
151
149
167
156
164
162
167
158
163
162
150
154
173
175
162
176
162
189
183
165
196
186
181
196
154
183
196
219
195
197
215
225
215
171
209
197
224
202
224
222
211
229
221
241
220
222
216
234
238
239
236
195
246
215
246
255
244
218
256
255
235
274
251
236
240
251
278
254
262
236
242
291
244
275
236
232
245
241
232
239
238
237
242
236
252
247
228
227
240
224
218
245
289
257
229
260
217
222
207
222
195
205
221
218
196
211
195
231
218
208
194
223
207
216
182
186
184
194
194
202
215
154
198
210
191
192
206
203
176
157
205
188
180
195
184
180
182
176
155
207
178
187
178
190
157
177
162
190
186
198
194
170
172
205
183
193
154
176
204
215
193
190
187
193
191
177
212
204
173
163
184
200
184
162
182
209
185
180
192
212
198
184
200
204
192
201
176
209
152
187
197
180
175
183
203
202
184
180
193
187
177
181
202
205
206
202
210
210
221
204
195
183
205
194
210
201
208
187
197
194
185
228
205
216
197
216
194
212
178
204
215
206
225
219
211
201
204
212
199
222
232
209
208
196
233
240
225
197
225
222
211
202
207
202
212
208
214
218
231
219
247
230
197
225
250
208
220
207
229
212
218
212
208
237
219
198
218
222
190
252
238
185
217
227
234
180
216
243
203
234
212
240
251
231
224
203
237
232
234
227
227
240
195
224
231
233
232
234
229
218
218
225
251
270
242
238
254
224
222
214
250
252
248
228
239
227
241
232
268
215
270
241
245
263
238
216
274
263
245
258
236
262
231
234
268
279
231
268
263
262
253
231
271
241
281
249
244
243
248
257
280
288
252
275
262
255
284
279
273
281
273
259
257
275
283
268
287
315
264
267
265
305
261
270
311
290
302
270
241
274
272
336
301
259
273
274
279
279
286
270
305
297
285
280
294
322
295
324
300
263
293
270
289
290
273
290
300
299
273
287
308
284
330
318
334
305
270
311
287
305
295
284
288
309
277
313
295
268
284
309
300
292
288
282
315
304
261
257
293
304
322
279
260
280
292
289
300
294
301
277
263
293
267
270
269
248
309
277
260
285
259
252
271
226
285
252
279
256
274
247
274
243
292
257
247
261
252
247
237
241
259
246
230
271
264
273
238
252
250
264
262
267
245
240
226
263
243
248
255
255
246
264
254
244
239
257
244
251
270
250
222
231
261
238
267
269
237
249
285
239
230
256
255
249
252
262
259
260
232
247
215
224
242
238
237
253
235
258
259
246
231
259
254
237
247
233
243
256
274
241
252
225
251
255
249
311
225
247
267
288
245
241
234
247
256
261
254
236
225
251
274
257
245
266
263
253
242
259
259
258
262
248
231
243
236
230
255
246
234
251
222
242
268
234
215
224
252
236
240
266
235
229
248
238
257
252
253
249
243
274
247
245
241
250
257
225
255
237
256
243
218
218
223
244
264
236
238
246
227
217
258
261
239
262
221
254
226
243
228
278
248
245
273
267
225
253
242
235
218
240
237
242
272
262
262
263
244
273
232
260
241
239
269
265
247
262
278
261
247
237
245
234
245
267
242
265
252
267
280
251
242
265
257
250
244
266
288
249
240
247
265
275
292
263
277
284
293
274
276
266
284
301
278
304
325
301
282
283
288
298
285
294
239
321
315
265
333
268
300
314
295
284
312
318
313
304
344
322
297
297
358
319
319
318
328
365
355
321
341
384
381
387
346
346
356
388
388
392
389
387
410
408
389
387
400
472
472
452
459
437
454
458
471
445
477
507
515
508
531
571
563
559
606
605
565
638
655
644
684
732
696
748
776
807
785
820
876
799
876
948
958
981
992
1053
1114
1142
1139
1162
1161
1240
1230
1227
1277
1273
1306
1348
1363
1371
1392
1369
1472
1440
1399
1460
1441
1446
1434
1531
1503
1498
1438
1374
1443
1392
1370
1393
1297
1351
1353
1308
1276
1149
1171
1180
1103
1067
1095
1041
1037
1042
920
953
937
870
844
845
728
745
754
688
668
675
646
606
608
534
557
529
534
499
479
503
447
447
467
409
387
391
419
390
392
406
356
407
335
353
347
310
306
302
296
316
292
293
298
282
308
286
276
255
270
269
248
245
248
251
231
240
247
266
227
232
233
189
232
234
228
207
235
214
237
227
210
235
231
222
219
245
238
231
240
261
245
281
279
308
319
289
317
327
325
338
352
389
379
420
411
405
396
414
395
464
430
425
471
405
415
447
394
427
350
397
360
347
327
309
290
295
274
255
226
245
179
208
177
225
176
172
165
166
174
165
163
157
158
150
163
139
154
147
147
160
156
148
163
142
169
171
156
171
176
154
162
152
169
170
177
171
201
179
176
182
186
187
200
173
186
211
229
177
201
221
213
199
223
194
267
215
198
258
230
246
241
231
234
242
236
231
240
230
278
248
246
262
264
252
245
271
246
226
266
253
235
273
241
264
228
224
220
251
241
225
216
235
243
217
200
238
214
253
203
221
203
197
208
177
214
193
190
197
176
163
161
160
149
166
153
162
174
159
167
126
143
138
166
130
134
138
141
144
137
120
114
99
102
112
114
109
113
105
104
102
97
88
98
86
84
100
87
94
85
84
76
97
95
92
81
95
80
83
68
63
67
73
71
89
91
71
81
75
76
66
57
65
75
72
66
63
68
51
44
62
58
66
57
61
66
66
55
62
66
59
47
66
63
57
54
60
68
53
72
58
66
72
47
52
49
48
55
49
54
59
56
44
53
66
65
70
59
68
65
67
67
62
78
61
67
73
53
61
74
77
75
72
85
74
72
83
78
76
78
58
70
70
84
85
50
81
41
52
57
53
43
44
57
63
35
43
50
33
42
43
39
42
39
50
39
46
40
54
43
38
42
44
50
40
48
52
44
48
46
45
42
46
57
26
52
49
32
51
46
44
38
40
42
46
31
22
30
33
45
39
33
29
34
39
27
23
38
32
36
27
32
26
40
26
34
29
39
42
27
30
30
31
23
37
30
38
36
39
39
29
31
38
39
33
31
25
25
31
24
22
36
37
30
28
35
37
28
30
27
35
42
35
41
28
34
38
27
33
37
25
32
24
27
22
26
23
36
30
21
33
33
29
42
24
29
24
35
18
29
24
31
25
29
20
26
32
37
21
22
25
24
25
28
23
39
25
29
27
32
17
22
26
34
23
32
20
26
29
23
34
19
27
35
27
27
27
29
30
29
20
25
31
21
22
20
29
23
19
23
25
26
24
30
27
30
23
35
30
31
24
16
26
29
22
21
30
26
24
21
23
27
21
31
29
16
21
23
19
29
20
27
31
25
19
19
17
20
22
20
26
20
18
26
26
30
24
15
16
34
21
13
16
20
23
15
26
28
21
25
18
23
17
16
20
11
18
19
26
33
25
14
25
23
21
20
21
16
18
20
15
23
16
33
14
27
16
13
22
18
17
12
21
14
19
20
21
19
15
19
25
19
17
19
14
16
16
18
23
21
19
16
22
21
25
30
16
9
16
16
23
10
9
21
22
16
17
18
17
17
15
21
18
12
15
13
19
15
20
15
17
24
13
12
17
16
10
12
10
25
11
19
16
24
18
17
15
16
18
12
21
15
11
17
14
15
17
17
20
11
15
14
18
19
17
17
13
14
11
15
20
16
10
14
13
11
15
15
12
16
16
25
17
9
21
13
9
13
16
14
21
19
9
18
16
14
17
13
16
11
12
8
15
13
17
11
15
18
21
17
9
12
18
15
12
11
12
17
13
6
16
8
12
17
10
20
16
9
16
8
10
9
10
16
17
13
11
8
15
17
13
14
10
17
16
10
6
14
8
15
7
11
16
11
11
16
19
13
14
12
15
20
15
7
13
7
11
11
15
10
9
8
10
9
12
16
12
13
19
9
10
9
12
10
10
7
11
11
5
15
9
13
12
11
13
12
10
17
10
8
14
9
12
12
13
13
12
11
12
16
13
7
10
6
11
11
10
15
17
5
12
14
9
15
14
8
7
12
8
13
5
8
9
10
11
12
19
7
12
14
10
8
10
13
11
17
8
6
6
7
11
12
8
10
9
9
8
11
9
10
13
6
15
6
6
2
12
5
10
14
8
9
6
7
6
11
8
7
9
4
6
5
9
9
7
10
9
5
4
8
8
12
7
5
5
3
8
7
8
6
13
6
4
6
11
5
4
8
3
7
7
11
12
10
5
2
8
14
4
5
4
8
7
7
10
6
4
7
4
6
11
10
8
8
7
12
9
8
6
6
12
9
6
5
5
5
3
7
9
11
10
5
10
9
2
9
5
9
3
11
9
7
9
4
6
2
12
8
4
9
8
4
6
5
9
6
4
6
8
4
7
12
5
8
7
4
8
2
4
8
9
4
7
5
9
10
4
6
7
6
12
4
9
4
3
6
3
5
6
9
10
5
6
5
6
3
5
4
3
3
4
6
4
5
4
4
6
7
7
5
7
3
5
4
5
4
6
5
7
7
9
4
4
6
6
3
1
4
6
6
6
7
4
4
2
9
6
5
5
4
3
4
9
5
4
1
7
7
4
7
7
4
3
5
3
5
5
5
6
9
0
4
4
11
5
9
3
1
6
6
3
2
4
4
3
2
6
4
5
2
6
4
4
4
1
1
4
6
4
6
5
3
6
4
7
3
3
5
4
4
5
3
3
9
7
3
10
3
3
5
3
4
4
7
6
4
2
5
7
3
2
5
4
5
4
5
5
5
1
3
4
0
2
6
2
1
6
2
5
4
4
3
5
6
4
3
2
2
1
5
7
0
3
7
3
2
3
5
1
5
1
1
3
3
3
3
2
3
3
2
2
3
5
6
2
3
2
2
3
8
1
5
1
3
3
4
4
6
3
3
2
2
3
3
2
1
4
3
2
1
2
1
8
5
3
1
3
5
3
0
3
1
4
1
3
3
2
5
4
3
6
3
3
3
3
1
3
1
2
6
2
0
1
2
2
2
2
2
1
3
1
5
4
1
2
2
3
2
1
3
3
4
2
1
3
1
2
1
2
3
1
2
3
2
2
3
3
4
8
1
2
1
2
1
2
2
0
0
1
2
2
2
3
2
2
4
0
4
1
1
3
3
2
2
1
3
2
2
2
1
2
1
2
2
2
0
1
3
6
4
0
3
3
1
5
1
2
1
1
1
1
1
1
0
3
1
1
2
2
2
1
1
3
2
1
4
5
2
2
1
0
0
2
0
3
1
4
1
0
0
1
2
5
1
2
1
0
1
3
3
2
1
1
1
1
3
1
2
0
2
0
2
0
1
0
0
3
0
2
1
3
1
4
2
1
1
4
4
1
1
1
0
1
1
2
0
2
3
1
1
1
1
0
2
0
2
1
1
2
1
2
2
1
1
0
2
1
1
0
2
8
3
1
0
1
2
3
1
2
0
3
0
0
1
0
2
1
1
1
1
0
1
1
1
3
2
2
2
2
3
1
1
0
4
5
2
1
1
0
2
2
1
3
3
0
1
2
2
1
2
1
0
0
1
1
0
1
0
2
2
2
1
1
1
1
1
1
2
2
1
3
0
0
2
4
2
1
3
0
0
1
1
0
0
1
0
1
2
0
2
1
0
0
0
2
2
0
1
2
1
0
1
4
0
1
2
3
0
0
0
4
1
1
0
1
1
2
1
1
0
2
2
1
1
0
0
0
1
1
1
0
1
0
2
1
1
1
1
0
0
2
2
1
2
0
2
1
2
1
0
0
1
2
0
2
1
0
1
1
0
1
3
1
0
1
1
0
2
2
0
0
0
1
0
3
1
2
0
0
0
0
1
1
3
1
0
0
0
0
1
0
0
1
0
1
1
0
0
4
1
0
1
0
0
0
1
0
1
1
0
2
3
1
0
0
0
1
2
0
0
1
0
1
3
0
0
0
0
0
2
1
1
2
0
0
1
0
0
0
0
2
2
2
0
1
0
1
0
0
0
0
1
0
0
0
1
0
0
0
1
1
0
0
0
2
3
1
2
0
0
1
0
0
0
0
1
1
0
3
1
0
0
1
0
0
2
0
0
0
0
0
0
1
0
1
1
0
0
0
0
0
0
0
1
1
1
1
0
1
0
0
1
1
0
1
0
1
0
4
1
1
0
1
0
0
1
0
0
1
0
1
2
0
1
0
0
1
0
0
0
0
1
2
0
0
1
0
1
0
0
1
1
3
1
0
1
0
1
0
0
1
0
2
0
0
1
0
0
0
1
0
0
1
2
1
0
0
0
0
0
1
0
1
0
0
0
0
0
1
1
1
1
0
1
1
0
0
0
0
0
0
0
1
0
0
1
0
2
0
0
0
0
0
1
0
0
0
0
0
2
0
0
0
0
0
0
1
0
0
1
0
0
0
0
0
0
0
1
0
0
0
0
0
0
0
0
0
0
1
0
0
0
2
0
0
1
0
0
0
0
0
0
0
0
0
2
1
1
0
1
0
2
0
0
0
0
0
0
3
0
1
1
0
0
0
0
0
0
0
1
0
1
0
1
0
0
0
0
0
0
0
0
0
0
0
0
0
0
1
0
1
0
0
0
0
0
2
1
0
0
0
0
0
0
1
0
0
0
1
0
0
0
0
0
0
0
0
1
0
1
1
0
0
1
0
0
0
0
0
1
0
0
0
0
0
0
0
0
1
0
0
0
0
0
0
0
1
1
0
0
0
0
1
0
1
0
0
1
1
0
1
0
0
0
