0
0
0
0
0
0
0
0
0
0
0
0
0
0
0
0
0
0
0
0
0
0
0
0
0
0
0
0
0
0
0
0
0
0
0
0
0
0
0
0
0
0
0
0
0
0
0
0
0
0
0
0
0
0
0
0
0
0
0
0
0
0
0
0
0
0
0
4
0
1
2
2
1
3
3
4
1
5
3
2
2
5
16
40
102
359
945
2333
4829
9593
17250
27860
41034
54778
66318
72849
72930
66376
54561
40878
28230
17491
9871
5056
2396
997
386
138
50
26
5
5
4
2
3
2
2
3
1
0
1
0
2
3
0
0
0
0
0
0
0
14
78
73
57
60
65
69
68
55
50
56
43
56
33
58
56
58
60
39
52
53
57
51
68
52
48
44
60
47
36
49
58
57
48
46
53
37
47
45
52
44
39
48
44
54
46
44
47
47
40
43
46
52
42
44
60
63
56
56
52
60
51
62
55
62
79
72
84
125
180
227
260
367
433
461
524
538
498
486
382
371
297
230
179
147
106
101
85
63
47
52
49
48
37
52
42
49
32
30
39
41
53
44
39
38
42
35
35
52
40
49
44
65
48
58
49
53
71
53
64
82
70
89
89
80
126
197
331
499
797
1329
2084
3039
4507
6077
8027
9712
10988
12375
12726
12546
11876
10430
8865
7105
5504
4116
2932
2176
1544
1144
847
621
559
434
412
411
563
753
1053
1402
1809
2446
3014
3319
3829
3978
3948
3757
3379
3042
2473
1957
1528
1161
860
604
466
416
329
313
258
206
215
140
116
90
79
43
42
26
24
11
18
12
11
12
7
13
13
12
12
11
13
7
7
15
14
13
9
10
12
12
12
9
13
17
11
8
5
13
8
10
12
11
17
16
18
20
13
29
32
27
24
25
28
33
30
35
22
23
18
23
32
17
23
18
16
24
22
14
28
21
21
25
25
13
15
24
20
24
13
20
15
18
20
10
12
9
11
7
3
13
4
16
11
4
12
6
11
7
9
9
8
7
11
10
6
5
8
3
8
9
8
7
8
12
5
7
6
9
11
5
4
4
9
8
8
9
12
9
7
9
12
13
9
9
16
10
4
11
5
6
9
8
7
9
7
12
9
10
16
12
15
12
16
11
12
11
17
10
15
14
15
14
6
8
17
1
7
5
7
5
6
9
6
7
9
6
6
8
7
10
6
11
12
6
8
6
9
12
13
10
8
9
8
4
7
9
7
7
8
4
9
8
4
5
10
5
9
4
4
6
10
10
5
10
10
6
7
4
9
6
10
6
8
10
4
7
7
8
5
8
7
7
11
6
7
4
6
6
9
9
5
10
9
12
9
12
14
11
13
9
7
7
11
5
11
7
6
5
8
7
6
9
7
11
6
11
11
9
9
8
13
5
6
13
7
10
9
8
8
13
4
8
16
9
9
3
8
9
6
8
6
7
10
7
12
9
10
13
6
5
10
16
8
16
9
7
11
14
10
10
14
3
12
17
14
11
10
14
7
15
17
15
15
11
8
18
13
12
10
19
19
15
18
19
20
20
20
23
24
12
20
23
44
25
27
27
26
37
23
33
28
26
24
32
32
29
26
32
37
25
37
34
36
25
34
33
29
35
22
27
29
28
39
21
24
21
24
11
20
18
20
15
24
22
20
24
18
20
18
23
29
19
18
21
19
20
23
20
11
17
18
15
16
16
19
27
24
18
21
15
26
23
21
20
22
31
23
33
31
18
27
36
27
30
19
30
30
32
33
34
31
35
28
21
27
19
23
18
28
42
29
42
29
23
29
38
31
24
26
38
34
32
36
31
40
43
28
42
22
31
42
28
43
42
37
46
44
31
37
39
57
44
48
51
42
48
35
46
46
57
43
45
54
49
62
45
48
31
54
58
46
61
45
54
52
55
56
59
72
57
62
58
64
53
61
73
61
71
60
65
86
70
87
71
65
67
85
71
88
75
85
94
83
108
101
114
90
111
111
124
97
136
121
117
99
114
92
92
104
91
96
95
69
100
86
73
80
72
90
91
70
76
94
73
79
79
83
92
92
82
81
83
91
63
73
93
73
73
79
78
82
82
75
77
64
75
86
79
78
90
74
86
72
73
85
78
80
76
84
78
69
74
67
76
69
71
69
84
70
84
72
69
64
87
65
77
85
74
75
85
88
76
62
52
74
78
70
62
85
89
79
77
75
78
82
73
82
69
64
73
72
90
81
81
80
79
95
79
81
91
93
85
82
85
87
107
73
81
68
94
85
93
72
73
100
91
78
79
89
92
90
82
91
94
92
100
89
94
99
94
114
106
92
116
115
118
115
116
141
123
162
150
169
176
238
291
361
428
576
827
1048
1293
1616
2122
2647
3274
3922
4564
5427
6374
6905
7950
8464
9142
9616
9889
10044
9844
9749
9503
8773
8061
7523
6546
5739
5063
4155
3374
2782
2320
1787
1436
1072
833
642
488
341
277
240
184
163
153
138
129
114
122
113
116
110
108
128
111
100
101
100
117
120
111
114
91
129
126
101
137
107
108
108
108
125
130
111
122
121
117
115
109
120
119
116
130
114
135
116
140
117
133
136
130
129
128
160
132
150
146
163
171
157
180
172
210
200
245
311
335
378
407
505
543
657
780
902
976
1062
1118
1298
1322
1438
1474
1405
1394
1418
1255
1244
1169
1108
984
926
807
734
607
592
489
399
322
308
289
241
221
184
175
184
157
138
168
152
164
125
129
158
150
159
150
152
163
155
157
149
153
161
163
156
178
156
166
171
157
153
189
159
196
152
190
171
166
197
164
172
191
189
173
203
182
202
210
191
205
207
245
203
197
199
216
214
184
236
211
227
186
254
217
220
233
234
223
230
228
226
253
225
268
239
246
275
241
232
269
248
255
244
246
244
267
280
248
284
262
247
256
262
292
230
277
222
268
284
255
236
252
251
253
269
256
231
275
250
237
237
251
243
203
254
276
263
220
246
220
224
270
232
233
239
231
226
206
220
241
225
207
222
244
224
220
199
221
218
216
213
210
189
230
235
214
197
234
218
250
207
179
209
196
258
205
227
239
219
212
209
205
203
186
220
208
197
178
197
201
216
193
211
229
221
201
206
190
246
218
193
175
197
212
212
212
216
216
226
212
204
182
229
233
249
208
214
223
238
200
227
219
221
208
231
226
231
220
198
222
260
226
216
229
217
220
223
227
220
250
231
205
229
242
244
209
225
229
228
218
232
225
228
260
220
226
229
205
240
225
231
227
222
234
254
232
236
230
263
270
260
260
223
227
245
238
241
261
226
245
271
222
251
250
253
244
283
267
245
264
277
241
282
270
236
270
241
265
262
230
239
223
248
276
258
266
281
283
239
244
267
261
248
288
269
267
277
272
244
257
297
274
264
283
288
237
255
279
253
265
286
252
260
253
244
267
235
276
256
280
283
274
258
262
291
267
271
265
282
261
277
254
298
262
289
311
260
287
280
264
234
266
279
275
261
289
286
290
306
294
298
302
282
310
289
270
294
306
312
272
291
284
338
291
307
309
305
308
281
287
280
268
264
287
288
309
293
299
282
298
304
285
298
338
329
315
320
274
293
312
295
339
279
332
297
338
322
302
307
346
341
296
312
328
325
313
306
327
336
325
360
323
330
343
320
330
341
311
319
333
342
314
334
313
329
343
327
334
314
347
362
341
329
320
333
306
353
327
323
348
337
348
363
346
386
328
346
360
328
325
346
354
333
365
330
311
305
345
368
357
322
355
312
341
319
345
328
333
336
311
357
361
308
353
344
336
325
320
285
355
345
323
338
299
326
342
316
313
308
318
311
333
337
330
294
329
292
328
290
334
292
329
306
324
278
311
332
305
309
316
296
309
311
302
306
290
298
275
320
299
307
319
312
308
291
292
305
296
300
295
316
284
277
284
309
283
274
304
292
265
278
321
296
292
287
244
296
272
269
255
311
293
300
305
300
286
283
298
312
333
268
321
288
262
302
284
283
283
287
293
284
321
314
317
291
285
316
302
291
284
304
278
325
284
298
294
273
278
285
302
287
295
317
279
304
335
285
283
297
287
286
304
282
306
284
256
273
273
310
307
283
332
296
263
261
304
291
315
289
306
299
295
288
286
268
302
241
299
276
264
280
280
303
272
283
261
237
289
276
275
269
273
285
280
293
278
279
299
298
302
267
263
287
277
284
264
258
263
266
274
302
247
268
245
294
295
299
271
289
280
268
315
284
290
261
272
277
303
299
279
279
289
277
282
268
293
296
273
270
301
265
319
280
279
279
288
288
276
286
341
266
284
287
292
324
302
268
253
308
301
307
310
305
278
297
272
274
288
305
294
276
331
287
297
325
298
321
321
327
311
297
290
312
300
325
282
274
316
308
326
323
353
363
330
337
333
315
358
357
333
326
373
348
374
380
364
368
381
357
369
392
385
403
371
353
368
384
412
380
372
415
412
404
441
435
413
386
442
414
436
438
474
452
491
467
487
488
501
469
524
467
503
484
510
547
558
554
589
619
566
610
650
611
701
704
694
749
735
744
820
772
795
854
892
931
1002
933
981
1126
1100
1130
1118
1154
1177
1190
1271
1315
1267
1319
1406
1407
1484
1432
1565
1504
1540
1527
1562
1533
1631
1586
1622
1609
1643
1668
1722
1669
1680
1538
1585
1618
1566
1588
1699
1541
1516
1491
1602
1417
1461
1457
1422
1371
1333
1327
1292
1225
1176
1231
1196
1074
1030
1094
987
954
907
891
887
801
854
784
752
736
667
678
664
631
598
612
606
527
583
526
466
536
453
463
469
454
432
414
406
404
395
398
384
352
358
336
316
373
331
350
378
327
308
315
298
282
289
305
330
285
288
249
261
262
288
280
285
270
246
274
272
243
255
275
258
275
239
229
232
258
266
263
241
266
286
257
266
287
296
301
294
299
330
333
339
371
366
366
380
413
435
408
473
439
447
453
479
486
484
478
487
467
529
450
497
432
443
429
411
451
405
364
340
311
326
286
277
258
280
242
235
245
219
224
198
191
191
160
166
179
184
164
157
155
171
171
170
165
180
186
148
160
157
176
172
191
186
201
174
196
192
164
180
192
158
168
213
209
212
183
232
202
208
222
208
205
232
230
236
209
226
215
199
228
258
252
229
250
261
238
268
257
234
282
275
272
268
274
297
295
282
275
298
263
277
272
273
276
290
271
286
257
295
273
277
255
283
249
307
246
242
278
259
266
233
249
286
228
193
229
248
226
204
220
223
213
191
190
182
172
192
202
183
179
163
172
158
144
146
160
140
153
156
154
134
138
162
142
137
124
119
112
120
126
118
113
127
105
115
105
99
127
89
111
110
110
95
88
99
101
95
85
89
85
100
90
80
84
79
70
80
74
87
90
82
87
70
90
64
82
86
74
79
83
76
86
78
82
72
75
82
57
59
69
54
58
65
70
62
63
86
71
48
70
61
51
73
59
59
64
54
59
54
67
46
55
59
55
69
45
62
54
53
69
50
78
67
69
81
66
67
56
55
75
72
76
67
73
76
85
91
100
88
73
79
80
89
81
90
69
90
70
77
65
63
71
65
60
69
57
57
57
45
45
53
45
50
43
59
38
41
34
43
34
56
41
42
48
49
44
49
42
49
52
41
41
37
48
45
57
48
68
59
41
47
43
49
46
34
48
40
33
45
43
36
41
22
32
26
38
53
39
36
30
35
40
44
40
47
32
39
40
43
32
46
40
26
46
31
38
34
32
28
39
45
29
35
27
30
35
38
28
35
48
32
30
36
38
37
29
32
37
30
36
31
41
34
28
26
31
40
34
27
35
32
42
33
31
22
32
29
35
35
32
29
29
34
26
39
34
51
34
29
21
24
29
43
36
25
30
31
28
23
20
25
26
28
25
41
28
31
31
27
36
26
29
26
28
36
21
30
15
22
33
30
29
31
28
18
30
20
27
24
31
19
23
35
35
35
25
25
31
29
27
18
30
38
32
28
26
29
20
25
22
21
23
23
29
33
26
23
24
35
26
30
14
27
23
24
20
23
25
32
16
28
31
34
18
27
25
26
25
30
25
27
17
32
22
32
19
23
25
18
22
15
20
28
19
19
13
27
21
26
20
24
28
19
18
27
15
23
16
19
28
25
18
26
21
27
27
27
20
20
15
13
17
19
22
20
20
20
14
19
17
24
24
30
13
20
21
33
30
26
21
21
27
25
16
25
12
13
20
17
29
13
23
17
16
21
15
13
16
18
18
24
15
15
16
23
13
16
17
10
21
18
13
13
11
18
20
17
24
18
16
24
22
14
25
30
25
18
19
19
17
24
9
16
13
12
18
19
18
15
25
12
15
32
15
21
12
24
17
11
16
15
13
9
16
13
19
15
15
10
16
13
16
14
15
14
12
21
18
21
11
14
16
11
17
20
17
17
17
15
15
13
15
11
12
18
20
12
11
7
18
14
23
16
19
21
9
17
12
23
16
13
18
9
16
11
16
10
11
16
13
9
16
15
15
15
18
14
7
13
14
11
15
11
17
13
14
17
8
12
11
9
16
22
14
11
15
11
15
11
19
15
14
13
9
13
13
13
15
18
17
9
5
10
10
19
7
14
14
10
11
9
15
14
7
7
9
6
13
8
9
14
5
19
12
10
8
16
17
17
8
14
7
10
7
13
14
11
11
12
10
8
4
13
11
3
10
10
9
6
12
8
17
13
9
23
7
14
6
13
14
17
11
11
13
9
8
14
11
10
19
14
9
9
11
9
11
7
7
11
13
15
4
14
8
4
12
12
11
12
12
18
6
14
15
23
8
10
13
7
10
9
11
10
14
10
7
8
8
18
7
12
7
4
12
8
8
16
8
6
13
7
11
11
3
11
8
8
6
6
10
6
12
8
15
14
10
9
7
9
3
7
9
4
11
8
7
14
6
4
10
9
10
7
10
8
5
9
8
11
15
4
6
7
10
8
14
8
10
10
17
15
11
5
9
6
12
10
5
9
8
7
5
2
7
8
6
9
11
6
4
10
11
8
11
8
6
9
13
10
6
6
5
7
6
8
5
9
8
6
8
9
4
6
15
9
7
3
6
9
10
9
8
6
4
5
4
4
3
7
10
8
7
1
4
13
3
5
9
6
4
8
4
8
5
9
7
2
6
5
6
5
6
8
6
6
6
7
7
7
5
6
9
5
6
4
7
4
7
5
3
5
6
5
5
6
8
3
5
4
7
8
6
4
8
9
5
5
2
7
5
5
3
5
4
7
0
9
3
3
3
9
9
4
4
9
13
4
12
10
5
9
0
5
5
6
3
9
6
7
5
8
6
4
2
3
9
5
3
3
5
1
5
7
4
3
1
2
3
2
4
6
7
4
3
7
3
4
9
8
5
7
4
7
8
3
7
3
5
5
4
3
4
4
2
4
3
4
2
4
3
7
3
0
3
4
1
5
3
6
7
2
6
3
1
5
5
6
2
4
4
4
4
1
5
4
1
4
4
2
3
7
8
3
3
1
6
3
6
3
3
5
0
8
6
4
5
0
6
5
5
3
3
7
2
2
5
2
3
1
1
4
3
3
2
6
3
3
6
5
2
3
1
1
2
5
2
4
3
2
3
5
4
4
1
2
3
2
1
3
4
7
5
2
5
1
3
6
4
7
5
1
3
4
0
4
2
3
3
3
4
3
2
1
4
3
4
3
3
3
4
1
1
4
1
5
0
1
2
1
5
1
4
4
1
1
3
3
3
2
2
5
3
3
1
1
3
3
3
4
0
4
0
5
2
0
5
3
4
2
2
4
1
3
4
3
4
6
5
2
1
3
2
1
6
0
2
3
5
2
3
3
4
0
6
4
3
2
3
1
2
1
4
1
3
1
1
5
3
1
2
1
0
3
2
2
2
4
3
2
1
4
4
0
0
4
3
3
3
2
0
2
5
1
1
4
2
0
4
4
3
3
3
1
4
0
1
1
0
2
2
2
2
2
3
2
0
2
2
2
3
2
1
3
2
3
1
4
2
4
2
3
0
3
3
3
1
1
3
2
1
1
1
1
4
0
1
2
1
4
1
2
1
2
1
1
1
0
0
0
0
3
4
2
1
1
0
1
0
3
2
0
1
1
5
1
2
2
3
1
2
0
0
1
0
3
1
1
1
2
2
1
1
0
1
1
3
4
2
3
2
5
1
2
1
1
3
0
1
4
1
2
3
2
1
1
1
0
5
2
0
0
3
2
1
1
3
0
0
4
0
2
1
1
1
0
2
2
1
4
0
0
0
1
0
0
0
3
2
0
2
1
3
1
3
1
0
2
0
0
0
1
3
0
2
1
1
0
1
1
2
2
2
1
1
2
2
1
1
0
1
0
0
2
2
2
0
0
0
0
0
0
0
0
0
0
2
0
0
0
1
2
2
0
0
0
1
0
1
1
0
0
4
0
1
2
1
1
2
2
2
2
0
1
0
1
1
0
1
0
1
0
0
0
0
1
0
2
5
0
1
2
3
2
0
1
1
0
0
1
0
0
0
2
3
1
2
0
0
0
0
1
1
0
1
1
0
0
0
1
0
0
1
0
2
1
0
1
0
1
0
1
1
0
1
0
2
0
2
1
1
0
2
0
0
1
0
0
1
0
1
0
0
2
1
3
1
0
0
0
1
0
2
2
2
0
2
0
1
2
0
0
1
0
0
0
0
0
0
1
2
5
0
1
0
0
1
1
1
1
0
0
0
0
0
0
2
1
0
1
1
2
1
1
0
1
0
2
1
2
2
1
2
0
2
1
0
1
0
0
0
0
0
1
0
1
0
0
1
2
1
0
1
0
0
3
1
0
0
0
1
1
1
0
1
1
0
1
0
0
0
1
0
0
0
0
0
0
3
1
0
1
1
0
0
2
1
0
0
1
1
0
2
0
0
0
1
0
0
0
0
0
0
0
0
0
1
2
0
1
0
0
0
1
1
1
2
0
2
1
1
1
1
2
0
0
0
3
0
0
3
3
2
0
0
1
1
1
0
1
1
1
0
1
0
0
0
1
2
0
1
0
0
0
0
0
0
1
0
1
1
0
1
0
0
0
2
0
1
0
0
0
1
0
1
1
1
0
0
0
1
1
0
0
0
0
0
1
1
0
0
0
0
0
0
2
1
0
0
0
0
0
0
0
0
0
0
1
0
0
0
0
1
0
0
0
0
0
0
0
0
0
1
1
0
0
0
0
1
0
1
1
0
0
0
0
0
0
0
1
0
1
0
0
0
0
0
0
0
0
0
1
0
0
0
0
1
1
1
0
0
1
0
1
0
0
0
0
0
0
0
0
0
0
0
1
0
0
0
0
0
1
1
0
0
0
0
0
0
0
0
1
0
1
0
2
1
0
0
0
0
0
0
0
0
0
0
1
2
0
2
0
0
0
1
0
1
0
0
1
0
0
0
1
0
0
0
0
0
0
1
0
0
0
0
1
0
0
1
0
