0
0
0
0
0
0
0
0
0
0
0
0
0
0
0
0
0
0
0
0
0
0
0
0
0
0
0
0
0
0
0
0
0
0
0
0
0
0
0
0
0
0
0
0
0
0
0
0
0
0
0
0
0
0
0
0
0
0
0
0
0
0
0
0
0
0
0
0
0
1
2
0
2
1
1
2
5
2
3
3
3
10
15
39
134
384
1029
2249
4904
9554
16982
27811
41249
54448
65721
72658
72801
66569
55101
41295
28297
17433
9963
4981
2319
1038
375
135
50
24
8
2
2
2
0
4
2
3
1
1
0
2
1
0
0
0
0
0
0
0
0
10
80
56
54
74
56
55
49
58
54
52
64
49
60
34
49
36
40
59
46
41
46
46
49
60
58
41
47
56
43
38
28
40
41
36
33
40
59
41
46
52
52
50
42
40
47
32
47
42
44
37
53
43
37
38
51
50
73
39
62
69
64
52
58
77
66
96
93
121
189
205
282
380
420
482
515
548
534
475
409
339
295
249
185
139
118
87
86
66
83
56
43
41
41
50
43
41
43
34
37
32
36
34
40
46
44
46
34
35
45
48
48
46
56
56
55
69
55
61
72
70
81
76
94
93
147
181
302
485
762
1324
2067
3117
4448
6105
7784
9811
11061
12297
13207
12656
12105
10488
9014
7258
5559
4175
2897
2261
1570
1154
749
625
471
445
386
425
537
757
1007
1390
1896
2408
3025
3435
3803
3882
4085
3822
3482
2882
2494
1985
1483
1140
853
658
487
391
327
306
269
211
179
141
130
95
81
71
41
27
21
25
16
12
13
9
9
7
8
14
14
8
9
14
7
8
8
10
11
17
5
14
6
12
12
10
12
10
14
12
12
18
10
12
17
13
15
14
26
24
28
32
31
28
34
23
29
37
29
30
22
30
25
16
17
20
24
24
19
19
20
21
24
30
21
23
32
20
27
20
28
23
21
11
19
14
12
14
10
9
9
12
3
9
14
4
9
10
9
11
8
5
9
13
4
4
7
10
6
11
2
6
7
9
9
8
16
9
8
8
13
6
9
9
7
14
9
10
5
10
9
15
13
11
11
11
10
5
9
8
6
12
9
6
10
8
7
10
15
14
15
14
18
13
9
17
13
16
21
15
13
10
17
13
13
9
11
8
6
6
6
13
6
6
7
4
9
11
5
11
9
8
12
14
13
4
8
2
5
6
10
6
7
15
9
7
9
10
7
7
4
8
6
5
5
10
7
7
4
11
7
4
9
9
7
7
7
6
6
8
6
13
12
8
5
4
14
12
6
10
5
10
9
9
9
9
8
6
3
9
8
10
9
10
9
13
5
6
8
12
11
8
16
4
6
12
4
6
7
4
14
8
7
14
11
8
7
5
7
12
5
3
7
9
8
9
7
11
7
17
10
9
6
12
4
14
9
4
9
11
13
14
13
4
12
9
10
12
8
10
9
7
9
8
13
10
8
13
9
19
7
14
7
3
14
11
8
12
15
6
15
13
9
16
8
11
17
16
13
15
15
18
12
8
19
17
12
15
25
35
28
22
26
33
29
19
34
29
28
30
34
26
33
26
25
39
29
31
27
31
29
34
26
27
21
37
23
32
25
26
23
26
31
30
22
24
29
21
20
28
26
28
21
24
22
19
19
24
22
19
27
18
24
25
13
15
22
12
20
20
23
12
15
23
19
24
22
20
28
18
26
24
21
24
19
23
24
26
22
21
29
28
18
20
34
21
35
25
28
21
26
32
20
25
20
36
26
21
25
43
33
27
23
29
34
34
25
33
28
30
22
29
33
30
40
41
35
28
36
32
22
35
36
40
26
43
52
40
42
42
33
35
37
37
51
50
48
33
38
42
43
54
48
47
37
52
44
34
57
57
63
75
50
51
55
55
63
70
58
71
45
57
61
75
47
55
73
60
67
63
64
72
60
66
69
78
56
72
78
80
91
85
63
106
93
94
90
106
104
133
121
107
120
143
98
84
100
107
93
106
88
105
81
96
76
88
85
87
91
70
77
80
102
75
86
78
78
90
77
81
66
81
78
71
84
73
64
75
88
73
75
78
80
77
85
82
61
87
80
72
79
68
73
78
56
69
77
75
78
68
71
58
63
81
73
66
74
84
81
70
81
70
67
69
82
71
66
81
68
74
68
90
73
60
84
72
63
65
77
64
72
76
74
86
73
51
87
84
66
69
82
82
77
71
68
88
87
79
63
81
87
84
79
86
92
91
86
74
87
83
98
89
87
88
86
86
78
77
76
95
85
91
87
97
69
78
93
83
108
83
108
104
85
98
101
116
99
123
111
117
147
133
153
134
173
219
207
282
348
469
601
829
1029
1254
1724
2165
2629
3278
3857
4754
5445
6307
7048
7914
8649
9257
9676
9897
9930
10129
9751
9318
8882
8241
7481
6860
5729
4880
4355
3448
2920
2293
1775
1424
1108
800
603
494
381
276
244
187
172
156
129
138
116
124
101
103
130
118
105
105
120
104
125
102
105
99
115
95
112
114
95
115
98
125
125
121
131
117
119
124
119
118
120
120
128
109
130
120
116
127
118
117
125
123
141
116
135
132
149
142
161
152
145
142
150
169
194
205
213
252
291
317
402
423
489
547
649
751
898
951
1062
1197
1249
1245
1348
1395
1449
1462
1368
1298
1318
1191
1108
1003
954
820
716
615
515
495
430
360
272
252
229
206
189
137
182
161
135
150
151
151
138
135
168
155
134
131
163
127
125
138
142
135
131
160
169
150
134
170
199
160
157
172
176
168
147
162
184
170
175
176
179
187
204
204
207
194
191
194
191
215
197
199
206
197
204
224
235
206
221
219
217
206
203
221
225
231
221
207
250
209
242
215
247
238
241
250
236
232
247
213
239
242
252
258
260
258
236
251
224
238
260
264
261
246
269
237
255
228
262
264
262
239
235
239
270
254
237
212
232
222
247
256
258
229
223
221
231
231
228
184
239
215
222
226
224
194
209
205
201
206
183
207
190
223
216
213
193
184
202
203
196
179
184
194
193
201
205
188
184
188
206
207
207
201
184
160
202
187
167
202
149
189
194
188
199
188
194
175
190
209
188
188
164
175
197
161
169
182
190
216
200
184
168
162
180
180
172
188
191
190
185
183
196
191
172
188
191
190
181
177
209
193
181
221
174
205
187
190
187
200
195
205
179
180
205
190
193
205
216
216
182
184
196
219
175
198
177
209
209
203
209
210
187
209
216
222
197
192
204
169
212
209
227
212
219
202
204
197
211
198
188
235
208
215
200
215
217
206
218
205
216
194
190
218
223
220
224
226
208
225
212
250
209
216
242
208
248
179
192
234
219
216
208
211
212
224
201
218
231
193
234
217
243
215
236
233
206
245
201
232
225
247
224
200
214
225
207
241
238
213
204
253
251
202
217
220
244
262
222
227
234
210
242
211
226
220
218
235
220
224
227
244
230
226
243
217
227
256
243
227
240
255
237
222
223
255
209
259
226
216
245
239
222
239
238
232
245
246
223
232
253
265
253
225
283
268
263
263
226
270
266
284
254
241
250
284
280
239
271
249
253
256
275
284
270
255
298
270
252
292
242
281
263
284
273
244
274
279
260
292
285
275
287
290
265
309
300
281
259
284
290
274
273
279
286
301
291
303
283
261
263
279
295
294
313
297
299
276
298
290
284
265
268
312
274
299
287
311
301
281
285
296
280
294
297
321
305
300
269
296
313
299
309
303
273
322
307
307
305
300
313
292
299
296
290
283
301
294
278
278
294
286
253
281
273
300
280
288
299
293
274
257
279
277
288
297
302
297
256
277
265
253
265
275
245
292
309
274
276
280
266
262
237
251
239
272
243
258
265
301
261
251
268
274
265
263
266
250
242
277
254
236
228
258
237
250
263
240
267
262
276
261
266
225
276
281
239
256
252
256
266
235
274
268
270
248
251
257
261
239
244
240
234
243
262
260
235
251
249
246
219
239
271
265
253
230
237
251
252
254
225
273
236
258
237
268
250
280
256
209
242
283
248
240
257
251
218
264
250
235
247
240
271
222
246
252
212
242
238
268
266
245
250
279
242
226
236
251
226
227
288
250
252
266
263
284
243
227
239
240
249
264
255
244
239
236
239
227
235
229
229
204
238
226
257
230
242
242
251
222
221
229
224
246
222
244
228
250
245
234
251
255
238
250
245
253
229
242
253
233
260
244
243
264
232
281
270
228
246
251
220
262
215
243
252
263
222
240
249
258
270
224
238
248
249
259
258
275
256
245
247
235
247
251
251
255
239
251
256
260
262
246
258
246
243
237
274
257
246
253
289
272
253
267
249
260
255
258
265
276
244
267
251
331
258
242
274
270
263
270
297
301
262
272
290
284
276
295
286
302
277
299
311
287
289
302
277
328
314
284
298
296
291
291
347
309
336
319
317
327
305
300
336
346
348
387
321
336
336
347
354
377
334
365
394
404
395
383
389
407
370
438
437
375
391
382
390
411
450
440
421
439
450
463
500
467
530
511
518
494
505
564
584
583
618
612
650
657
669
667
672
755
760
772
800
751
829
840
890
915
977
943
968
1018
1038
1138
1127
1177
1124
1178
1212
1279
1236
1278
1366
1364
1388
1375
1340
1487
1457
1442
1390
1516
1457
1417
1489
1444
1493
1457
1427
1512
1435
1408
1312
1368
1374
1368
1236
1312
1292
1312
1178
1220
1169
1169
1080
1081
1020
1000
942
961
967
887
892
876
852
795
807
715
714
710
682
625
632
617
560
561
564
507
497
491
463
481
439
449
450
411
389
406
382
387
387
375
392
336
342
350
298
322
310
337
322
337
296
273
281
284
278
272
291
255
269
263
257
246
243
254
267
232
263
237
238
244
233
238
188
209
209
221
204
212
223
219
208
243
259
223
241
253
252
263
256
266
309
314
293
314
331
359
367
330
359
411
401
407
428
420
419
432
461
411
421
407
418
440
405
438
444
430
391
352
377
300
335
349
325
292
279
273
257
208
237
212
210
190
179
167
170
162
168
179
169
153
181
147
147
145
138
134
158
173
146
158
158
161
148
141
151
167
179
161
167
176
167
184
144
163
148
198
181
190
186
178
181
167
190
184
202
199
240
201
215
209
218
217
199
213
256
200
249
235
244
236
258
261
215
280
234
256
264
242
254
256
259
265
241
256
235
285
273
251
256
223
250
265
259
263
254
264
229
224
227
233
239
204
226
174
198
221
212
181
213
215
193
193
183
211
202
206
164
164
164
161
192
167
142
127
151
140
143
136
151
156
134
136
144
114
113
138
118
116
129
116
110
118
112
120
100
93
103
125
105
89
81
107
80
101
106
80
101
92
99
84
81
77
84
72
82
82
73
89
88
87
70
83
88
71
68
67
70
70
68
81
77
72
82
59
76
70
66
68
64
63
54
67
54
63
71
47
79
53
59
62
55
60
59
66
59
57
56
56
56
56
48
49
59
56
57
59
73
54
57
67
49
58
70
51
72
50
62
58
60
63
72
47
66
63
75
75
85
66
85
73
79
71
84
81
76
54
69
67
59
65
63
68
59
74
61
74
52
54
56
58
63
44
55
38
50
36
48
61
45
56
54
36
48
45
44
38
39
51
43
40
61
46
48
46
51
43
51
50
31
50
53
36
41
53
34
37
33
35
35
48
32
31
33
40
40
30
32
37
42
35
29
33
37
25
29
37
42
26
26
33
40
30
23
22
32
33
33
30
35
40
33
31
39
30
32
38
27
29
37
31
43
31
48
31
29
31
25
35
29
25
27
40
25
27
29
29
35
31
35
34
29
27
28
35
34
27
37
35
29
43
34
33
37
21
35
45
27
24
26
25
43
29
41
23
25
19
27
35
27
34
39
30
31
28
19
34
30
23
30
27
29
29
29
27
42
25
26
25
38
37
31
26
31
25
23
23
25
18
40
34
24
19
26
27
24
31
20
21
25
19
26
26
25
20
31
25
36
20
33
28
27
29
30
33
22
21
16
25
26
27
33
22
22
27
24
27
17
28
25
27
23
25
15
22
23
24
24
24
22
24
34
22
19
17
23
16
18
26
24
24
25
22
24
30
19
18
10
17
25
25
23
27
26
20
14
16
23
33
21
17
27
28
18
24
27
31
17
21
20
19
21
16
19
19
20
22
16
16
20
24
19
21
19
21
26
26
21
19
26
20
21
25
25
23
21
13
20
15
21
27
15
17
15
25
30
16
11
19
16
23
20
16
13
16
15
19
21
20
20
24
24
12
21
18
16
14
17
25
19
18
17
14
8
20
19
14
22
18
17
14
16
14
16
20
21
17
15
20
14
18
14
18
24
22
15
8
12
17
23
16
18
16
14
22
22
13
14
20
17
17
16
15
7
20
15
13
16
8
8
22
9
20
20
16
11
12
15
13
16
14
21
14
13
11
13
8
11
25
10
13
16
7
15
20
11
14
18
16
12
20
12
13
10
18
13
13
18
8
12
14
12
14
25
17
14
14
10
12
15
11
10
18
13
15
19
14
18
13
12
16
11
10
14
6
16
12
6
12
15
5
10
10
18
11
10
8
13
10
8
15
12
16
9
12
11
5
11
24
10
14
4
13
10
8
13
16
20
16
8
13
9
14
16
14
13
16
6
15
4
7
11
9
12
9
14
8
13
10
13
18
8
19
14
13
8
12
11
8
9
13
15
12
10
10
10
12
10
6
12
10
13
7
9
13
10
14
12
12
12
17
3
16
15
11
4
10
11
11
11
11
10
12
8
12
15
10
13
9
12
11
12
15
14
12
6
5
9
12
7
12
8
9
13
17
11
10
12
10
11
5
7
11
5
7
5
9
8
14
4
10
13
8
10
6
8
7
14
11
9
15
9
11
5
7
11
9
9
10
8
6
5
12
10
9
8
7
7
7
2
9
6
9
7
6
9
9
12
3
3
10
4
9
6
14
9
14
5
9
5
6
7
8
4
10
9
6
9
3
2
8
7
7
6
4
5
6
7
5
5
6
9
7
7
4
5
8
4
8
6
6
7
7
4
2
8
9
15
7
6
3
11
9
5
5
11
8
6
3
7
6
2
7
4
3
3
7
7
1
5
7
2
8
7
10
8
5
5
12
10
6
7
6
7
4
1
6
8
4
9
4
9
7
7
5
2
6
4
6
4
3
3
4
4
9
7
7
9
3
4
7
11
4
6
5
5
6
3
8
3
5
6
5
3
7
1
5
6
3
9
11
3
3
7
4
1
3
3
6
4
1
4
2
5
4
4
5
6
6
4
5
5
6
4
4
6
3
6
8
4
2
4
6
3
4
5
7
3
2
7
5
5
1
5
7
5
4
3
1
1
4
4
5
4
5
4
6
4
4
2
5
5
2
3
3
1
3
4
4
3
0
6
5
7
6
4
4
7
4
2
7
2
2
5
7
4
5
3
4
5
5
4
2
3
7
6
6
3
4
3
2
1
3
3
1
7
6
1
8
4
1
1
2
1
3
8
2
1
3
7
3
7
2
3
4
1
4
5
1
1
4
4
5
5
1
2
2
3
4
1
1
3
2
3
4
3
5
4
1
7
1
3
4
0
4
1
2
4
6
5
4
2
3
5
1
3
1
3
0
0
1
5
2
5
2
5
4
3
3
2
6
7
4
4
3
4
1
3
4
0
0
6
1
2
2
2
4
4
2
4
4
1
2
1
4
4
2
6
2
3
6
0
3
3
1
3
1
2
2
4
3
1
0
3
2
2
3
4
1
4
2
3
1
1
1
2
3
3
3
2
0
3
1
3
1
2
3
1
2
2
2
3
3
5
4
2
1
0
0
6
1
0
2
2
2
3
3
2
2
1
2
2
1
2
1
1
6
2
5
2
2
4
3
3
1
6
1
1
3
3
1
3
2
1
0
0
7
4
1
1
4
3
2
1
3
4
4
4
1
2
2
4
1
1
3
2
3
3
3
1
1
2
3
2
2
1
0
2
3
0
0
4
2
3
1
2
2
1
1
1
0
0
0
1
1
1
1
4
4
2
1
0
1
1
1
3
0
0
1
0
3
2
2
1
1
3
3
4
5
0
3
1
1
2
2
0
2
1
4
1
2
1
1
3
0
1
1
2
2
1
1
2
3
0
0
2
1
1
2
4
3
0
1
2
1
0
0
0
1
0
0
1
0
1
3
0
1
2
2
1
1
2
1
0
3
2
1
1
1
1
2
1
1
2
3
4
4
0
0
2
0
1
2
1
0
2
2
0
0
0
2
0
0
0
2
0
3
0
1
2
1
3
1
1
0
1
2
0
1
0
0
1
3
0
1
2
1
1
0
1
1
0
2
1
0
0
2
1
1
0
0
3
0
0
0
0
1
0
1
2
0
0
0
0
0
2
2
0
3
3
3
1
0
1
2
1
0
2
1
4
1
1
0
2
1
0
0
2
1
0
0
0
1
3
0
2
2
0
0
2
1
0
0
0
1
1
0
0
1
0
2
0
2
2
1
0
0
1
1
1
1
0
0
0
2
1
2
0
1
0
1
2
0
0
1
3
0
1
2
1
0
0
0
1
0
0
1
1
0
1
1
0
0
1
2
0
0
0
1
1
1
1
0
0
0
0
1
1
3
1
0
0
3
4
0
1
2
1
1
1
2
0
1
1
0
0
1
0
1
1
1
1
0
0
0
0
2
3
0
0
0
0
2
1
1
0
2
2
0
0
2
0
0
1
1
1
0
2
3
0
0
1
0
0
1
1
0
1
1
0
0
0
0
1
0
0
1
0
1
1
1
1
0
0
1
1
0
0
0
0
1
2
0
0
2
2
0
1
1
0
2
0
1
0
0
0
0
0
1
1
1
0
1
1
0
0
1
0
0
1
1
0
0
0
1
1
0
2
0
2
1
0
0
1
0
2
0
0
0
0
0
0
0
2
2
0
0
1
2
2
1
1
0
0
2
1
0
2
0
2
0
0
1
1
1
2
0
1
0
1
1
1
0
1
0
0
0
0
2
3
0
0
4
0
0
0
0
2
2
0
1
0
1
1
0
1
0
0
0
0
0
2
0
1
1
0
2
1
1
0
0
0
0
0
0
1
0
1
0
0
0
1
1
1
1
0
1
0
0
0
0
1
0
0
0
0
0
1
0
0
0
1
0
0
0
0
0
0
0
1
0
0
0
0
0
1
0
0
0
0
0
0
0
0
0
0
0
0
0
0
2
0
1
0
1
0
0
0
1
1
0
0
0
0
1
1
1
0
0
0
1
0
0
0
0
0
1
1
0
1
0
0
0
0
0
0
0
0
0
0
0
0
1
0
1
1
0
0
0
0
0
0
0
0
0
0
0
0
0
0
0
1
0
0
0
1
0
2
0
0
0
0
0
0
0
0
0
0
1
0
0
0
0
0
0
0
1
0
0
0
0
0
0
0
0
0
0
0
0
0
1
0
0
1
0
0
1
0
0
1
0
0
1
