0
0
0
0
0
0
0
0
0
0
0
0
0
0
0
0
0
0
0
0
0
0
0
0
0
0
0
0
0
0
0
0
0
0
0
0
0
0
0
0
0
0
0
0
0
0
0
0
0
0
0
0
0
0
0
0
0
0
0
0
0
0
0
0
0
0
0
0
0
1
1
4
3
4
3
1
6
4
5
5
0
10
12
47
100
384
980
2181
4890
9750
17283
27785
41177
54616
66066
73105
72855
66184
54954
40953
28072
17393
9850
5027
2276
1013
415
119
62
21
4
3
2
0
2
3
2
0
1
2
2
0
1
1
0
0
0
1
0
0
0
8
78
58
60
57
64
59
58
57
56
61
55
57
60
65
49
39
38
43
33
52
50
53
36
42
35
45
44
32
49
37
34
43
42
41
38
41
54
32
38
39
32
45
36
37
42
39
37
46
40
39
52
57
46
46
41
49
53
47
70
54
53
65
64
70
66
88
87
115
176
194
288
358
435
495
478
485
491
457
392
343
298
242
171
159
106
93
78
54
65
42
51
47
51
37
40
38
43
47
48
39
41
25
44
53
38
35
49
57
37
52
51
56
58
63
56
63
65
66
69
57
76
79
78
94
135
177
257
504
811
1336
2146
3135
4559
6071
7981
9568
11263
12345
12849
12527
11764
10486
8733
7146
5574
4078
2900
2125
1575
1178
835
634
515
430
394
458
559
733
1034
1385
1882
2426
2878
3377
3875
3982
4061
3860
3438
2954
2473
1980
1515
1052
809
663
486
396
350
298
243
228
184
166
112
110
70
61
42
20
19
12
18
18
16
5
11
13
10
9
11
9
9
13
11
13
8
6
12
6
11
8
9
17
6
9
4
17
7
14
10
7
12
11
13
10
15
17
19
23
17
18
35
34
27
29
25
30
31
27
28
22
19
23
22
21
16
16
28
23
26
28
20
25
20
19
22
14
18
23
18
14
17
13
20
13
17
12
10
19
10
13
7
11
10
10
7
4
10
5
8
11
6
8
9
9
10
2
11
8
3
10
6
8
5
5
4
4
5
6
5
5
10
8
9
7
11
12
8
8
14
9
11
14
14
10
16
2
7
10
9
6
11
3
4
3
13
8
7
15
12
15
16
16
14
14
14
10
9
21
13
10
11
9
12
12
7
9
8
7
5
8
11
5
7
9
7
5
9
2
11
6
10
7
6
7
10
6
8
5
9
9
5
7
6
11
12
10
6
10
6
11
6
3
5
8
9
9
1
8
5
5
9
9
12
6
6
8
9
8
6
4
10
12
6
13
3
3
14
13
12
3
12
6
8
8
2
3
10
8
10
6
8
8
4
5
5
9
6
9
8
6
7
8
6
11
7
8
12
6
12
12
6
10
12
13
9
11
8
4
17
10
8
7
7
12
9
9
7
11
7
8
4
16
12
8
16
15
11
9
19
13
15
6
7
8
9
11
7
7
6
14
9
9
7
9
13
8
12
12
7
6
8
16
6
12
9
12
11
9
16
12
9
15
16
8
11
10
12
13
11
12
11
15
26
19
26
23
25
23
20
28
23
22
34
33
30
29
32
27
24
24
26
29
34
25
34
32
20
37
30
23
26
23
32
28
27
23
34
28
33
31
26
17
19
25
28
25
24
20
24
20
19
18
22
23
17
22
20
21
19
25
13
17
18
18
16
26
16
18
28
18
18
27
29
14
25
17
22
20
21
25
22
24
25
21
24
30
22
22
28
32
27
35
27
30
34
30
30
16
31
27
21
30
35
29
39
34
26
31
32
32
35
33
30
33
29
32
40
25
28
30
26
34
33
39
30
30
25
41
45
50
46
33
31
46
24
40
42
37
42
41
44
31
47
49
41
52
35
45
46
42
54
44
39
38
40
50
54
51
52
60
56
56
53
61
50
54
55
46
55
54
59
58
66
59
63
72
85
66
64
52
78
79
69
77
58
84
70
73
81
69
98
92
107
89
88
105
103
108
133
105
103
101
108
114
110
119
114
89
100
104
91
99
84
92
91
84
76
81
80
76
68
78
76
70
75
72
69
88
107
72
55
78
81
73
74
77
70
75
66
65
83
89
74
67
64
66
71
83
73
87
71
81
76
91
69
68
84
73
79
61
72
72
68
73
85
60
64
71
76
79
71
84
71
77
74
63
72
90
67
65
83
88
67
87
66
64
83
77
64
62
64
82
92
75
79
80
78
60
89
69
75
71
75
84
85
84
69
89
78
84
91
82
86
93
89
77
91
83
75
98
71
82
83
93
97
98
89
95
85
96
102
84
94
85
90
105
77
84
81
85
80
91
117
98
127
119
111
129
110
129
141
165
160
193
222
270
379
468
594
770
967
1242
1628
2095
2513
3214
3941
4657
5487
6354
7039
7859
8584
9190
9755
10055
10225
9954
9792
9464
8922
8152
7520
6399
5750
5026
4198
3474
2799
2297
1831
1397
1090
781
619
457
362
292
217
200
172
156
121
123
112
116
122
132
101
103
99
102
113
96
105
103
112
83
109
107
104
100
118
122
119
117
104
93
115
100
129
113
120
101
119
107
109
125
126
121
114
109
140
121
132
123
139
122
129
147
137
131
145
140
179
166
164
167
179
210
228
260
264
324
339
428
499
607
637
759
864
979
1064
1148
1178
1317
1353
1421
1392
1420
1430
1308
1298
1147
1094
1012
864
777
708
576
517
451
372
343
308
275
242
213
210
182
173
172
159
145
152
150
143
137
152
163
165
135
152
148
148
135
143
153
158
140
141
166
153
151
154
142
155
183
157
160
167
164
179
165
176
213
160
177
185
174
218
196
204
171
190
209
193
196
188
189
188
197
216
183
208
199
192
193
230
248
224
201
198
191
224
231
217
239
223
241
248
240
234
284
240
249
256
250
270
255
250
255
255
267
237
243
241
242
276
268
254
248
268
251
237
266
238
243
236
250
253
239
258
247
244
220
248
224
213
233
230
236
227
204
251
223
234
198
223
210
222
207
217
196
224
205
192
195
205
170
205
222
192
208
191
185
225
193
188
198
220
186
205
188
180
189
198
177
200
176
184
193
188
179
184
170
188
199
171
154
170
199
163
183
187
173
197
194
206
190
200
173
187
192
189
178
188
189
174
172
189
188
193
182
196
236
192
200
179
183
197
193
183
172
198
193
187
191
216
182
159
204
192
212
200
201
193
174
190
199
191
210
179
168
220
177
188
190
191
202
187
181
189
202
203
202
200
200
208
208
198
218
212
201
195
216
186
210
230
216
198
216
204
189
188
244
196
204
209
197
227
253
188
213
220
211
189
218
217
210
220
206
194
228
226
207
223
206
241
202
223
230
217
228
190
201
207
211
206
209
222
182
217
230
219
216
223
238
211
220
243
195
220
212
233
213
215
227
225
191
205
225
230
216
232
234
210
241
253
220
246
254
225
224
261
215
202
234
233
214
232
237
255
215
234
227
258
252
236
229
250
244
218
232
218
267
239
236
248
228
241
237
251
212
244
234
274
241
216
218
223
222
219
256
244
259
256
261
248
258
246
267
245
269
255
253
235
254
238
258
257
249
249
265
244
260
256
274
245
281
266
231
257
249
274
267
249
248
236
268
252
268
265
276
260
290
287
243
243
260
285
282
290
292
282
291
280
260
277
289
299
305
288
300
294
274
290
308
297
285
288
302
307
312
292
271
275
299
301
288
283
276
292
323
313
298
305
337
263
268
282
281
299
323
298
277
310
302
294
270
311
285
295
285
313
308
293
286
291
295
283
299
297
307
279
293
282
267
280
274
279
289
299
265
262
276
277
249
275
284
299
247
247
265
243
258
279
280
260
291
279
288
245
288
271
254
252
282
234
272
250
241
285
250
242
257
243
260
272
259
292
253
232
254
268
281
279
249
271
254
246
245
265
252
242
252
227
224
257
238
266
264
246
256
259
276
236
244
238
235
259
264
247
273
258
249
223
248
236
242
245
244
242
238
235
230
240
257
241
264
242
245
244
249
245
276
232
243
231
236
248
248
230
264
255
241
241
235
263
249
229
251
243
220
241
264
258
256
266
218
244
227
262
255
266
248
252
236
254
260
239
243
248
231
231
236
273
250
247
232
235
228
243
249
266
253
233
243
240
265
228
240
207
248
253
220
257
243
242
235
243
219
251
220
260
250
244
216
247
238
236
250
280
250
247
243
226
252
257
265
230
250
255
241
247
227
236
254
238
290
247
229
221
249
278
244
259
232
264
232
241
272
251
215
226
249
231
244
242
261
232
241
267
254
252
239
250
263
260
243
255
247
251
251
260
258
275
218
254
238
260
275
290
258
266
252
230
227
288
254
273
279
282
239
227
261
259
245
267
270
250
236
282
273
276
291
311
244
323
259
304
283
296
304
290
303
274
268
299
294
278
283
325
276
324
281
321
257
306
289
300
329
298
335
339
335
318
329
344
356
371
361
368
367
365
365
375
381
381
364
377
377
339
426
404
371
376
425
429
429
411
413
410
418
435
421
455
456
488
434
465
495
516
549
507
546
547
504
535
626
591
609
640
627
653
651
662
717
744
716
778
841
821
874
905
944
942
991
982
1103
1116
1057
1095
1139
1141
1187
1179
1271
1261
1276
1312
1339
1315
1346
1354
1396
1471
1355
1408
1479
1454
1485
1473
1475
1435
1440
1407
1414
1460
1361
1348
1357
1357
1311
1264
1318
1209
1289
1200
1223
1186
1139
1114
1114
1055
984
985
1002
911
919
878
796
838
789
751
708
678
717
656
612
612
589
565
536
540
526
511
505
476
449
470
452
444
435
429
415
407
373
395
344
340
346
355
332
293
335
293
306
309
305
282
283
288
271
291
270
288
257
271
269
251
240
249
224
240
224
244
246
224
211
232
235
236
220
232
215
212
220
245
210
226
239
219
220
207
240
266
276
251
252
280
295
311
293
330
325
363
373
405
384
402
382
437
413
383
423
475
445
458
449
412
387
462
465
435
391
372
391
348
337
353
318
308
263
267
253
240
244
222
208
225
214
184
175
158
166
162
170
169
161
147
162
165
149
164
153
134
164
134
157
164
159
153
155
153
177
151
166
177
141
172
155
172
183
177
165
183
203
183
194
199
213
196
179
194
190
220
209
171
225
209
190
194
193
213
217
241
230
229
233
236
248
226
234
230
252
242
251
245
269
208
253
257
267
277
273
258
251
274
255
256
260
271
237
244
242
227
239
225
260
219
248
229
222
217
217
189
218
199
188
179
189
195
167
213
205
161
165
171
158
152
164
161
172
149
124
169
160
119
138
116
126
109
142
136
123
114
127
119
128
125
132
120
94
108
93
104
107
110
84
76
108
74
98
102
103
95
92
96
74
86
95
71
79
89
86
83
98
61
95
65
99
60
83
77
68
65
69
74
85
61
57
60
85
62
58
65
63
68
66
56
58
76
53
61
53
61
50
67
62
65
62
71
59
66
52
49
52
67
55
52
55
53
53
51
49
62
55
52
68
49
52
55
59
53
70
48
49
61
60
63
72
75
61
86
93
81
78
78
81
82
74
60
99
82
74
74
63
80
77
84
80
80
56
62
55
49
50
46
65
42
56
42
51
47
42
44
38
42
36
57
43
45
34
46
44
57
48
32
40
47
59
36
32
48
40
35
42
42
53
44
51
44
35
38
47
34
39
33
39
33
23
35
34
34
36
36
23
29
41
39
37
34
39
35
39
33
34
35
39
36
29
34
25
35
35
31
39
24
23
28
35
27
29
31
42
25
30
36
23
36
28
35
48
27
36
28
36
29
30
32
31
30
27
31
29
32
28
36
39
37
24
24
33
29
36
41
34
32
41
24
21
43
35
32
28
31
30
20
28
39
26
26
26
30
31
26
32
24
28
28
25
39
26
37
41
24
37
23
20
33
19
38
31
34
34
23
28
15
37
18
29
24
23
27
24
26
40
35
21
23
19
23
20
43
19
39
34
34
21
30
25
27
18
21
21
23
26
35
32
34
23
33
26
29
31
25
25
24
25
23
18
24
23
23
24
28
23
27
29
19
26
23
27
22
24
27
32
15
20
10
23
20
18
28
26
24
23
18
16
28
23
20
28
26
24
18
18
19
14
16
24
24
25
23
20
28
23
19
20
24
17
33
18
18
20
18
17
31
21
22
18
20
15
20
24
33
20
18
15
19
23
24
26
22
27
19
25
10
21
11
12
22
18
18
13
14
16
27
24
21
19
19
17
15
21
16
18
23
19
23
17
17
9
15
25
16
18
18
17
20
19
20
16
12
27
21
20
14
19
19
19
22
18
15
21
14
20
27
16
16
13
19
23
12
12
20
13
21
27
15
12
15
15
22
18
17
15
14
14
21
15
13
19
15
16
13
20
18
17
15
11
18
14
18
13
10
14
18
9
21
17
16
14
11
8
16
14
9
23
10
22
13
14
14
14
11
7
18
15
18
12
15
13
12
6
10
19
19
8
9
9
11
14
17
7
18
10
16
12
16
15
9
10
17
12
7
17
11
18
18
11
8
10
11
8
6
10
16
21
13
16
15
8
13
14
15
13
11
11
11
19
12
14
12
8
13
7
6
13
12
9
7
5
11
12
9
9
8
12
11
11
13
9
15
13
10
10
14
13
13
6
14
14
18
10
7
13
17
20
9
13
7
11
12
17
6
7
15
4
13
11
12
10
13
9
6
13
16
13
9
14
11
9
9
10
15
8
14
6
13
10
12
13
9
10
9
13
7
7
13
6
13
9
11
12
13
12
6
7
8
7
7
5
10
6
10
6
8
10
13
8
13
12
10
4
11
19
12
14
12
10
9
11
2
7
10
20
7
8
10
8
10
12
7
12
3
7
7
10
4
11
9
3
6
8
11
7
11
7
9
10
8
7
8
6
8
10
11
7
13
6
12
7
8
10
9
6
9
6
6
14
7
11
13
9
6
8
6
13
9
9
6
8
11
6
11
6
9
7
5
4
9
7
3
6
9
3
11
5
6
7
11
10
3
3
4
7
8
12
8
4
12
4
7
11
8
5
10
6
11
6
9
6
5
4
8
10
4
5
6
10
3
9
4
8
4
6
8
5
9
7
10
9
3
8
6
10
6
8
2
8
5
10
8
5
5
3
4
5
5
7
7
8
9
10
6
6
5
6
6
3
6
5
4
5
6
7
5
10
7
6
5
6
7
5
7
5
1
8
7
3
2
5
4
4
6
1
4
7
6
4
3
4
5
7
11
7
6
4
6
6
1
4
5
2
10
5
7
8
7
7
7
5
4
6
6
5
5
2
8
6
1
3
3
4
3
5
6
4
5
2
4
7
7
3
8
5
11
7
2
8
3
1
2
7
1
2
7
2
3
4
4
7
3
8
6
2
7
5
5
7
3
2
2
4
8
0
10
5
1
3
2
5
6
3
4
4
5
2
3
1
3
5
3
1
3
3
6
2
6
0
2
3
3
4
3
6
4
4
2
3
7
3
6
7
1
3
5
2
5
2
3
3
4
2
6
3
4
3
6
6
4
2
7
4
2
4
8
1
2
3
4
3
2
2
2
3
2
4
2
4
3
4
5
7
3
2
3
3
1
2
2
2
0
6
1
3
3
3
3
3
3
3
3
1
0
1
2
1
2
4
4
4
4
4
3
4
3
0
0
2
9
4
3
1
1
3
1
1
3
5
9
3
2
3
5
1
0
2
5
2
2
1
1
4
2
4
2
0
4
3
2
0
1
4
1
2
2
4
4
5
2
4
2
3
4
4
2
1
3
4
0
0
1
3
2
4
1
6
5
3
4
5
5
2
0
2
2
3
1
6
4
3
3
3
2
3
2
2
2
3
3
1
2
4
4
4
5
1
4
2
1
1
2
1
0
3
0
3
1
1
4
1
4
0
1
2
0
1
1
2
4
2
3
3
0
2
1
2
3
2
3
2
0
3
5
0
4
0
2
5
3
1
1
1
1
3
2
1
1
1
2
0
0
0
0
1
0
1
0
2
2
1
2
2
2
1
1
0
0
2
1
1
2
0
2
2
2
1
0
1
2
2
1
2
2
1
4
0
6
1
0
0
3
5
2
2
1
1
0
1
4
3
0
0
2
1
2
0
1
3
1
1
2
1
1
1
0
3
2
3
1
0
1
2
1
0
2
0
2
1
3
2
1
4
1
2
1
3
2
1
0
1
3
3
2
0
0
0
1
1
3
1
3
1
1
2
1
4
1
0
3
3
0
3
1
0
2
3
1
0
3
2
0
1
0
2
0
1
1
1
3
2
1
0
1
1
2
0
2
0
1
1
1
2
1
0
2
0
3
2
0
1
2
3
2
0
0
1
0
1
4
1
0
0
0
2
1
2
2
1
2
1
0
1
1
1
0
1
1
1
0
0
0
0
1
1
0
3
1
1
1
1
1
0
0
1
0
1
0
1
1
0
1
0
1
4
0
2
2
1
1
0
1
0
0
0
1
1
1
2
0
1
1
0
1
0
1
0
1
0
6
1
1
0
0
1
2
0
0
2
0
1
0
0
0
1
2
1
1
1
0
2
1
1
2
0
2
1
1
0
2
0
1
1
0
0
0
0
0
1
4
0
0
2
2
1
2
0
0
0
0
2
0
2
1
2
2
2
2
0
0
1
2
0
0
0
0
3
1
1
0
3
0
0
1
0
1
1
0
0
1
1
1
1
3
0
0
0
0
1
0
0
0
0
1
1
0
0
1
0
0
0
0
0
0
0
0
0
1
0
0
4
0
0
0
0
2
0
0
1
0
1
0
0
0
1
0
0
1
0
3
0
0
1
0
1
1
0
0
2
0
2
1
1
0
1
0
0
0
0
0
2
0
1
2
0
0
0
2
0
1
0
0
0
1
0
2
0
0
0
0
0
0
3
1
1
0
1
0
0
0
0
0
2
0
0
0
0
0
0
0
0
0
1
0
1
0
1
2
2
0
1
0
1
0
1
0
1
0
0
0
0
1
0
1
0
0
2
0
1
0
0
0
0
1
1
0
0
1
0
1
0
1
0
1
1
0
0
0
1
1
1
0
1
1
0
0
0
0
0
1
2
0
1
0
0
0
0
0
0
1
0
0
0
0
1
0
0
0
2
0
1
0
1
0
1
0
0
0
0
1
1
0
0
0
0
0
1
0
1
0
1
0
1
0
0
0
1
1
0
2
0
1
0
1
0
0
1
0
0
0
0
0
0
1
1
0
0
0
1
0
0
0
0
0
0
1
0
0
1
0
0
0
2
0
0
0
1
0
0
1
0
0
1
0
0
0
0
0
0
1
1
0
0
0
0
0
0
1
0
0
0
0
1
0
0
0
1
0
0
0
0
0
1
0
0
0
1
0
0
1
0
0
0
0
0
0
0
0
0
0
0
0
0
0
0
0
0
1
0
0
0
0
0
0
0
0
0
0
0
0
0
0
0
0
0
0
0
0
0
2
0
1
0
0
0
0
1
0
0
