0
0
0
0
0
0
0
0
0
0
0
0
0
0
0
0
0
0
0
0
0
0
0
0
0
0
0
0
0
0
0
0
0
0
0
0
0
0
0
0
0
0
0
0
0
0
0
0
0
0
0
0
0
0
0
0
0
0
0
0
0
0
0
1
1
2
0
0
1
6
3
2
2
5
1
1
2
7
2
1
2
3
10
35
114
346
974
2193
4833
9381
17036
27658
40911
54297
66556
72604
73587
66977
54345
41416
28359
17576
9819
4943
2356
1000
398
136
42
12
11
4
4
1
1
2
2
1
4
1
0
1
4
2
1
1
1
0
0
1
0
6
63
63
77
63
55
45
61
62
61
51
47
65
40
57
47
45
41
63
53
55
54
51
38
47
52
44
44
45
49
55
46
52
39
53
39
46
46
59
43
42
47
40
56
52
47
45
38
46
47
45
37
35
41
49
64
51
50
60
53
60
63
61
60
73
89
82
115
132
166
239
304
330
431
495
528
527
512
525
420
358
289
224
206
155
114
96
70
62
45
59
54
45
51
55
40
40
43
55
47
42
53
34
46
42
54
50
40
46
45
51
46
56
55
54
70
78
57
73
72
98
78
122
100
140
195
253
382
557
890
1443
2244
3216
4659
6355
8191
10043
11831
12907
13388
13405
12466
11069
9365
7468
5881
4480
3145
2315
1689
1296
971
820
673
608
531
680
775
994
1231
1646
1978
2487
3012
3396
3754
3943
3895
3741
3438
2942
2350
1952
1488
1106
783
647
494
382
333
308
224
223
223
159
146
105
78
50
45
29
24
13
20
11
8
12
9
10
18
9
7
11
11
8
8
13
17
11
10
6
15
6
13
15
4
12
12
5
11
12
10
16
14
20
17
20
16
18
16
26
32
27
27
26
27
28
23
24
23
24
23
21
21
32
26
18
21
21
22
20
22
22
20
31
16
18
32
23
23
22
20
28
26
12
23
13
11
10
9
9
9
14
10
5
10
11
8
13
5
6
7
6
7
8
8
8
4
11
7
11
9
9
5
5
8
7
11
8
10
7
2
9
12
16
10
6
9
9
5
18
11
12
10
16
6
9
13
14
6
3
9
11
7
7
9
12
11
8
9
13
15
14
16
16
9
19
21
15
16
17
9
8
6
7
6
9
7
9
5
13
7
6
14
5
9
4
6
4
6
3
8
10
5
12
9
8
9
10
8
8
9
14
10
3
8
7
6
5
5
7
8
8
2
10
9
11
18
10
6
5
3
8
7
4
9
5
8
5
10
8
6
6
10
8
8
12
11
5
3
8
5
4
9
10
3
4
11
12
8
1
13
7
9
9
13
6
13
5
4
8
9
9
12
12
6
9
10
6
8
9
4
6
3
8
9
10
8
7
10
7
6
4
8
4
5
6
11
5
10
13
10
14
13
9
8
8
8
9
10
10
6
5
15
9
14
14
12
5
12
15
9
10
13
8
15
12
11
6
12
14
13
8
15
12
6
13
10
17
10
9
17
15
12
10
13
8
11
16
18
23
19
11
17
10
17
19
18
18
16
12
20
24
19
15
34
19
23
14
22
30
24
30
28
32
26
26
26
13
24
23
26
33
28
39
33
29
27
35
31
36
27
28
24
20
22
16
12
25
24
27
25
17
22
16
22
20
24
22
21
23
21
20
24
27
17
22
23
17
18
27
17
21
22
23
19
25
22
26
25
19
23
22
22
18
22
34
24
15
19
23
26
29
33
25
33
30
28
26
37
27
40
24
23
21
32
24
30
34
24
34
24
36
31
27
33
29
25
39
42
26
38
46
32
33
27
34
34
32
42
35
42
43
50
45
33
40
50
42
49
47
41
36
44
46
47
47
42
42
47
50
47
65
45
52
64
48
52
51
49
53
50
45
61
64
52
66
43
71
62
63
56
52
62
67
67
53
73
66
81
75
66
78
85
73
86
101
97
87
117
116
92
118
159
148
149
168
161
175
171
168
171
188
174
178
155
167
178
154
130
133
118
116
96
90
115
91
100
86
100
95
79
86
96
88
91
75
80
78
94
87
95
67
86
83
69
65
81
88
67
63
72
62
76
79
66
92
72
65
78
81
83
76
88
86
83
74
80
75
100
84
87
70
76
86
65
79
69
72
75
64
71
57
57
80
61
71
84
88
79
81
96
82
68
88
69
76
69
67
93
81
67
75
69
74
70
56
63
70
74
81
81
87
85
68
77
66
75
72
87
85
88
97
83
82
84
97
91
77
97
104
95
84
90
107
105
79
88
83
107
92
93
93
95
88
89
113
98
70
102
108
97
108
115
106
95
119
125
121
122
132
134
129
136
175
161
207
211
244
375
421
551
733
957
1245
1572
1989
2545
3037
3888
4545
5371
6186
7011
7876
8698
9308
9880
10067
10443
10540
10450
9869
9325
8694
7827
7092
6165
5122
4470
3652
3018
2356
1823
1414
1181
923
657
528
416
302
244
219
171
165
149
140
135
115
120
127
126
111
129
136
122
108
122
117
107
123
110
126
113
129
127
142
136
118
121
123
117
150
123
120
109
120
117
119
140
121
118
106
134
143
145
158
129
125
143
138
157
153
130
153
140
169
148
149
171
165
181
203
243
246
256
283
386
409
541
564
654
747
844
1000
1129
1180
1297
1329
1406
1404
1416
1473
1444
1370
1275
1261
1118
1066
938
877
728
610
550
510
441
369
320
291
239
208
196
197
188
194
164
152
163
152
158
161
195
146
180
196
181
165
190
191
202
195
229
198
262
249
172
251
265
269
255
261
293
258
235
250
266
270
254
258
279
285
303
260
286
259
255
274
248
256
282
257
286
259
249
283
266
303
260
255
261
266
260
247
229
253
235
280
227
273
256
247
236
241
267
236
242
246
252
263
254
244
249
202
246
235
195
226
221
245
248
229
226
245
247
216
239
236
238
225
236
240
215
238
239
257
232
243
225
230
216
210
245
234
232
246
216
229
246
226
229
248
230
197
229
237
211
205
245
178
198
233
208
206
207
197
214
188
202
224
182
208
204
210
216
194
187
195
175
182
188
204
202
188
196
185
189
198
187
187
178
189
203
175
228
202
192
206
200
199
199
205
185
207
198
187
174
198
188
187
204
163
185
187
219
180
205
169
197
198
198
208
199
184
205
168
211
207
216
163
201
217
198
198
226
194
210
202
176
209
188
191
191
195
210
202
236
210
210
215
246
237
216
226
219
218
237
208
245
226
218
230
248
217
240
216
258
258
261
247
252
234
253
246
277
280
267
247
219
266
239
269
254
273
267
254
248
236
257
262
253
268
255
279
255
232
253
228
253
249
225
249
246
228
266
249
260
231
201
210
241
256
216
238
256
246
230
267
242
228
257
233
219
220
230
227
255
249
225
248
234
217
257
239
246
231
243
252
244
220
223
243
247
203
248
241
240
247
219
229
222
222
271
239
249
242
238
256
243
232
226
238
264
252
237
230
256
254
229
263
229
237
226
211
271
242
276
226
244
253
258
234
257
252
263
263
246
274
263
254
244
247
234
256
249
252
277
233
253
280
260
259
228
252
242
244
238
256
239
258
264
276
257
271
248
265
295
254
294
266
264
288
271
239
246
265
292
231
270
272
261
275
254
278
276
258
239
279
252
286
289
296
286
268
249
270
274
273
277
274
275
286
289
278
268
320
298
290
255
273
234
287
269
268
281
268
312
294
276
295
253
299
285
291
291
295
293
270
298
301
275
259
321
298
299
303
307
313
260
300
293
330
285
298
321
280
281
312
291
302
317
303
284
297
303
299
307
274
309
300
283
282
301
286
289
274
302
270
284
279
295
256
292
311
313
262
287
288
282
297
264
310
311
259
279
277
248
269
310
267
275
273
250
268
256
271
276
275
265
275
286
277
254
288
270
299
273
253
284
265
250
263
250
248
252
245
248
250
279
256
266
230
265
276
279
282
240
249
246
262
237
208
237
215
264
260
254
256
268
274
250
276
259
243
284
268
263
256
259
259
262
229
240
247
273
263
278
262
246
260
282
255
248
258
254
245
270
211
261
235
264
268
254
245
281
258
263
271
239
258
249
231
271
251
265
264
255
237
242
223
235
232
279
286
266
242
258
231
248
233
273
253
270
274
234
233
243
227
264
265
224
244
239
279
249
243
267
271
243
275
239
234
255
264
234
249
274
248
212
234
274
235
255
236
223
232
241
238
261
246
253
232
276
260
241
255
229
238
236
241
251
237
254
240
265
257
233
208
244
240
259
244
223
225
247
225
250
248
258
242
253
233
271
238
249
233
260
219
275
255
249
246
253
276
232
271
260
237
273
260
220
291
269
240
288
237
278
297
233
277
279
268
292
249
235
256
274
295
276
288
291
269
265
274
281
275
230
305
296
273
266
270
315
281
311
301
325
322
310
342
326
326
314
281
307
322
314
305
327
307
337
336
300
343
317
356
347
303
372
343
343
321
348
385
362
360
328
407
389
358
361
364
419
420
427
394
433
422
416
421
421
449
480
492
458
491
506
485
484
520
509
602
552
602
617
590
589
618
669
672
713
735
752
816
797
778
862
870
899
903
934
1012
970
1026
1073
1096
1069
1107
1116
1156
1233
1279
1327
1297
1311
1319
1375
1432
1388
1493
1456
1445
1492
1484
1439
1445
1460
1412
1464
1515
1402
1394
1462
1339
1421
1461
1446
1338
1351
1333
1357
1276
1233
1233
1156
1134
1162
1131
1096
954
1036
944
941
957
886
885
838
776
814
693
718
658
645
570
631
656
567
581
559
529
508
490
436
449
462
447
399
416
400
366
398
406
376
333
371
375
363
339
344
319
341
321
308
313
306
277
289
308
299
279
255
255
227
278
266
234
251
264
255
267
243
255
226
217
236
238
212
245
241
240
221
235
231
236
225
214
235
234
237
258
263
278
254
259
337
296
345
339
342
350
364
368
352
443
448
426
423
445
444
497
454
498
511
461
476
459
436
493
441
497
404
429
410
397
377
351
327
314
289
292
263
273
222
193
207
200
166
167
161
204
178
160
146
153
172
146
151
142
151
160
130
137
157
148
151
161
149
163
152
182
158
161
151
157
162
153
157
151
169
177
180
192
190
180
184
204
209
177
205
193
219
206
197
205
221
230
230
229
182
231
222
222
237
246
243
242
268
243
216
237
249
236
262
262
265
240
271
244
250
249
255
258
277
238
236
253
262
258
236
213
239
216
226
236
226
210
208
222
218
227
216
179
201
188
189
203
184
192
184
191
175
159
186
166
165
155
164
160
149
167
134
137
119
135
134
111
139
143
135
116
128
126
128
117
94
102
105
121
121
113
96
90
88
88
106
110
95
97
100
94
84
100
92
86
79
74
92
71
81
68
97
84
72
77
67
70
71
70
67
68
85
54
88
62
86
70
61
50
67
73
64
57
48
61
70
67
53
66
51
66
54
59
52
60
58
62
45
67
44
59
66
66
58
65
56
66
60
45
58
47
53
54
48
54
63
45
45
46
69
58
64
64
77
69
71
62
56
80
66
71
88
81
71
82
83
69
62
75
78
79
92
80
81
68
72
56
61
88
78
59
73
44
61
52
45
46
35
47
47
44
42
48
39
33
52
49
29
39
40
48
44
43
46
59
55
37
39
38
40
45
43
28
46
39
58
33
42
42
48
52
42
41
28
41
35
43
39
37
46
34
45
43
34
45
42
40
48
47
37
33
35
34
35
37
22
31
37
40
30
37
36
36
31
42
26
39
50
28
24
23
32
32
25
25
28
35
20
32
41
41
30
24
37
28
24
25
36
20
32
33
30
27
24
28
34
29
29
20
27
39
27
27
34
27
21
32
37
22
30
36
28
41
34
24
33
28
34
25
37
35
33
24
36
32
32
31
23
32
14
24
29
38
23
34
28
35
26
32
25
25
29
25
26
24
31
20
28
27
26
25
22
20
25
30
31
26
20
32
31
33
29
31
21
29
33
41
29
29
26
20
32
21
23
30
20
23
19
29
31
23
27
26
26
23
30
23
26
27
22
32
24
25
24
18
27
28
23
23
23
27
37
26
28
29
16
21
24
28
29
19
17
15
20
27
23
15
25
22
25
22
29
14
24
16
15
29
23
21
15
32
18
27
20
23
26
23
18
31
21
20
23
15
12
21
12
26
17
19
17
28
18
17
24
17
17
14
20
22
20
28
10
16
16
21
19
16
26
13
10
14
18
15
14
17
28
12
16
28
21
17
21
29
14
25
19
16
22
23
19
10
22
14
17
21
24
16
30
25
14
16
16
13
16
31
16
18
14
17
20
16
22
27
18
22
17
19
16
16
19
15
15
21
15
25
14
21
19
13
21
18
14
22
19
11
15
17
13
19
13
14
13
14
11
21
21
15
11
11
16
8
11
15
17
12
14
20
15
20
14
19
17
19
9
17
17
13
15
18
17
14
13
17
18
9
17
8
16
19
10
10
8
15
12
10
15
12
7
14
16
12
11
12
12
8
17
12
11
16
15
15
15
9
14
18
13
19
9
15
8
9
16
11
15
13
12
9
19
11
14
13
10
19
13
13
14
7
9
14
19
7
9
8
17
10
11
11
12
15
6
3
11
13
14
13
12
9
10
9
12
5
13
11
7
15
7
11
12
13
11
8
11
13
9
9
15
8
19
13
6
12
17
11
19
9
10
12
6
10
5
13
8
5
11
10
4
11
7
11
11
10
11
12
15
14
11
7
5
15
6
17
10
10
9
15
8
8
13
6
11
9
10
12
9
10
8
6
12
14
8
11
7
13
10
19
14
7
13
11
18
8
12
13
11
7
8
10
9
14
7
10
7
7
10
14
5
9
5
6
11
9
11
9
13
10
9
11
9
3
5
6
6
9
9
5
11
14
5
8
8
16
18
10
7
8
11
6
7
6
3
8
5
5
9
4
5
7
5
4
6
6
4
4
7
8
7
6
7
9
3
6
6
5
9
7
11
9
5
8
7
6
9
7
5
11
11
4
5
12
3
7
12
1
9
6
6
7
12
8
11
8
8
2
9
8
7
3
12
8
4
6
5
7
8
12
6
3
6
4
5
8
6
3
8
3
4
7
8
7
3
4
2
1
7
5
7
3
5
7
12
7
6
8
6
7
6
9
7
6
2
6
1
8
7
2
9
5
6
6
5
10
8
6
9
8
1
4
6
6
7
6
4
8
5
7
9
6
7
3
4
7
10
5
7
5
7
7
6
4
4
2
4
4
2
3
3
3
4
7
6
5
10
5
3
4
5
7
6
2
6
5
3
4
7
7
4
5
6
0
2
3
3
4
6
3
5
5
9
6
10
2
6
3
7
2
5
9
4
6
2
3
5
3
5
5
2
1
5
1
6
7
5
5
4
4
4
3
2
0
3
2
5
5
2
3
5
1
4
3
1
1
5
2
4
5
6
1
1
5
3
7
4
2
2
4
3
1
3
2
2
5
4
8
4
2
6
0
2
4
1
3
2
1
1
5
2
2
5
1
2
7
2
6
2
1
4
2
1
5
4
4
2
2
4
0
2
2
2
2
1
2
3
0
0
1
4
4
3
1
5
4
6
2
2
4
3
4
2
0
2
3
2
1
4
2
3
4
0
5
3
3
4
3
0
2
2
4
2
2
3
5
0
1
1
3
3
2
6
3
3
1
4
4
2
5
4
0
4
0
1
4
2
2
2
2
1
2
3
0
3
1
2
4
3
2
1
4
1
4
3
3
1
4
2
1
1
2
3
1
3
5
2
4
1
0
2
1
4
2
1
1
2
1
3
3
3
1
1
5
2
2
3
0
3
4
1
1
2
2
1
3
2
0
5
2
2
3
3
3
3
2
4
2
2
0
3
3
1
3
2
3
5
5
4
2
1
3
2
1
3
2
2
2
3
0
0
6
2
3
2
3
2
2
1
1
2
3
1
2
1
1
1
0
0
3
2
2
3
1
1
2
4
2
0
1
1
1
3
2
0
0
0
0
2
5
1
2
1
1
2
3
4
1
2
1
2
1
3
2
3
3
3
2
4
0
1
2
3
2
2
4
1
1
0
3
2
1
1
1
0
3
2
1
4
3
5
1
0
1
1
3
4
3
0
1
1
1
3
2
3
1
1
0
3
3
0
4
1
1
2
4
1
0
4
1
3
2
0
1
1
0
1
0
3
1
5
3
1
0
0
0
1
1
1
2
4
1
2
0
0
0
0
0
3
3
1
0
1
0
0
1
2
3
1
0
0
0
4
1
2
2
0
3
0
1
1
4
1
1
3
1
0
0
0
0
1
1
3
0
3
0
3
1
1
0
1
3
2
2
0
3
2
1
3
4
1
0
1
0
1
0
2
1
0
0
0
0
2
0
0
2
1
0
0
0
2
0
0
1
1
0
1
1
0
0
1
3
1
1
1
1
0
1
1
0
0
0
1
0
0
0
0
2
1
2
1
0
0
1
0
0
0
2
0
0
1
3
0
1
0
1
0
0
0
2
1
2
0
1
2
1
0
2
1
1
1
5
0
0
0
0
2
1
1
1
1
0
0
0
2
2
0
0
1
1
0
0
2
2
1
1
2
1
0
2
1
0
0
1
0
0
1
0
0
0
0
0
0
0
0
0
1
1
2
1
0
0
0
1
1
0
0
0
0
1
1
1
0
0
2
1
0
0
0
2
0
3
0
0
0
1
0
2
1
0
2
1
1
1
0
0
0
1
0
1
0
0
1
0
0
1
1
0
3
2
0
0
1
0
1
0
0
1
0
0
0
0
0
0
0
0
0
2
1
1
0
0
0
1
0
0
1
0
0
0
0
0
0
0
0
1
1
1
0
1
0
0
0
1
0
0
0
0
0
1
0
1
0
0
0
0
0
0
0
0
1
1
0
1
2
0
0
0
0
0
0
3
0
0
0
0
0
0
2
0
1
0
2
1
0
1
0
2
0
1
0
0
0
0
0
0
0
0
0
0
1
0
0
0
0
0
2
0
1
1
0
0
0
0
0
0
1
1
0
0
0
1
0
0
0
0
0
2
0
0
1
0
1
0
0
1
0
0
0
1
0
0
0
1
1
0
0
0
0
0
0
0
0
0
1
0
0
0
0
0
1
1
0
0
0
0
1
0
1
0
2
0
1
0
0
0
0
0
0
0
2
1
0
0
0
0
0
1
1
0
2
0
0
0
0
0
0
0
2
0
1
0
1
1
0
0
1
0
0
0
0
2
0
0
0
1
0
0
0
0
0
0
0
0
0
1
0
0
0
0
0
1
0
0
0
0
1
0
0
0
0
0
0
0
0
0
0
0
0
0
0
0
1
0
0
1
0
1
0
0
0
0
1
1
0
3
0
0
1
0
1
0
0
0
1
1
0
0
0
0
0
1
1
0
0
0
1
0
0
0
0
0
0
0
0
0
0
1
0
0
0
0
0
0
0
0
0
1
0
0
0
0
0
0
0
1
0
0
0
0
0
0
