0
0
0
0
0
0
0
0
0
0
0
0
0
0
0
0
0
0
0
0
0
0
0
0
0
0
0
0
0
0
0
0
0
0
0
0
0
0
0
0
0
0
0
0
0
0
0
0
0
0
0
0
0
0
0
0
0
0
0
0
0
0
2
0
0
0
1
2
2
2
3
2
2
3
2
3
2
3
3
1
4
6
9
37
128
344
915
2160
4863
9305
17100
27711
40446
54729
66074
73526
73577
66129
55250
41465
28020
17291
9943
5018
2309
997
413
122
38
22
7
5
4
3
2
5
0
2
2
1
1
0
0
1
1
0
0
1
0
1
0
8
54
58
72
55
50
54
59
54
69
59
61
52
55
54
47
57
58
53
58
45
59
43
44
60
46
60
43
59
58
50
48
41
43
46
44
53
38
46
45
38
36
38
43
52
52
41
36
51
51
49
29
53
38
49
54
58
48
57
58
59
65
52
70
78
77
93
111
141
199
226
284
352
412
482
535
540
525
473
409
376
276
252
176
154
126
99
82
59
52
66
47
34
46
40
41
38
38
41
50
41
40
43
45
38
45
43
46
59
50
49
45
44
58
68
68
59
69
92
91
80
101
103
128
137
173
220
353
543
875
1406
2269
3246
4669
6442
8299
10068
11701
12942
13404
13233
12311
11037
9633
7606
5989
4304
3175
2341
1710
1210
975
787
689
622
620
632
818
942
1234
1564
1994
2522
2893
3458
3772
3885
3954
3760
3363
2939
2353
1919
1497
1091
845
601
499
388
379
303
261
220
198
168
137
103
67
53
35
26
26
18
22
13
14
15
14
15
19
9
13
8
7
8
12
11
13
8
7
12
8
10
9
10
12
14
9
11
10
10
11
13
16
6
18
19
22
18
26
22
28
30
30
22
26
26
31
23
23
26
22
26
39
24
28
30
23
28
19
24
29
24
22
30
30
20
18
26
26
15
23
20
25
21
16
17
14
17
14
10
17
9
9
6
9
6
5
11
2
7
6
11
7
13
8
12
4
10
9
9
7
8
7
12
7
9
6
4
9
9
6
6
14
8
13
5
3
9
5
11
9
13
15
13
6
8
9
8
18
11
9
10
6
11
11
9
8
15
15
9
11
16
15
11
21
11
12
15
12
18
10
13
14
8
8
9
6
3
6
7
6
6
9
7
12
14
11
8
7
6
9
11
12
9
7
7
6
10
6
9
15
4
12
7
6
11
3
7
6
19
6
14
9
10
2
10
11
9
9
7
4
8
13
5
3
8
14
11
8
5
9
7
9
6
7
5
13
5
6
5
6
7
7
6
7
10
5
8
11
5
8
8
13
11
8
5
8
3
12
5
7
9
5
11
6
8
12
8
4
8
12
6
7
4
5
12
7
7
11
10
11
7
14
11
15
6
7
11
10
5
6
9
10
11
6
11
7
10
14
6
9
7
11
9
14
14
16
7
10
11
18
12
8
16
14
14
18
9
16
11
5
12
13
13
12
9
19
12
6
11
12
12
18
12
19
12
12
6
12
16
9
18
16
11
13
15
19
13
24
9
25
24
30
14
22
30
22
15
31
22
21
28
26
26
31
29
36
16
30
32
37
35
17
17
29
26
24
40
31
27
26
25
25
21
29
26
22
24
21
15
23
21
20
27
22
24
18
16
12
16
22
24
19
20
22
19
17
16
33
21
17
22
21
15
16
19
21
24
29
23
23
23
30
30
18
26
32
24
22
27
23
28
32
25
34
37
34
29
21
33
26
33
29
34
27
25
25
36
32
26
28
29
33
42
27
36
36
30
30
31
38
39
37
32
30
38
45
33
43
30
34
44
34
43
40
48
34
39
40
46
43
45
48
49
35
47
43
41
60
44
38
49
51
57
48
39
47
44
61
58
53
62
78
58
49
62
64
84
51
81
54
62
68
57
64
70
76
63
70
84
72
74
69
76
86
83
91
112
106
130
112
136
115
167
165
148
181
167
179
175
179
157
146
155
184
168
139
125
132
133
110
115
100
69
102
83
98
83
85
93
70
82
79
90
77
87
83
73
91
86
75
81
83
77
75
87
93
95
75
85
71
60
72
87
94
56
69
74
74
64
89
64
71
63
71
74
74
78
66
77
80
79
66
73
58
87
74
67
74
61
78
85
85
84
80
78
81
81
73
73
72
76
81
83
74
69
69
87
84
86
87
85
77
86
76
73
66
86
71
73
62
94
94
91
75
77
86
71
101
73
66
70
81
75
87
90
81
90
105
91
86
102
90
76
84
90
92
96
111
85
85
102
84
99
99
110
72
103
89
97
95
101
94
102
115
92
99
126
124
128
109
132
144
152
170
202
221
265
370
398
557
684
950
1213
1567
1983
2508
3025
3822
4494
5367
6244
6962
7810
8668
9372
10057
10383
10465
10419
10078
9895
9338
8650
7886
7005
6091
5282
4352
3534
2974
2379
1934
1411
1153
872
675
474
372
327
240
228
174
157
151
133
143
122
116
105
108
119
119
124
100
118
114
123
135
126
109
120
127
91
105
119
108
107
114
109
129
136
111
93
135
121
126
123
141
116
123
123
103
123
124
143
115
145
144
142
129
139
168
130
149
189
185
154
176
165
198
211
218
272
284
330
361
426
466
560
624
740
844
982
1028
1184
1283
1316
1445
1457
1490
1511
1457
1493
1310
1242
1198
1088
938
821
773
669
586
476
442
379
312
276
247
233
210
185
175
158
157
183
162
141
141
166
148
163
179
177
188
183
184
213
207
183
196
194
234
256
220
281
234
249
248
245
256
269
263
280
273
278
249
255
265
251
276
286
282
270
273
280
299
284
281
275
282
273
285
268
285
276
267
231
279
242
250
266
238
254
235
252
223
263
244
262
255
243
273
253
271
232
252
254
266
245
262
239
226
234
242
234
216
237
223
211
247
219
223
229
223
252
230
221
239
219
216
265
251
238
232
203
221
241
253
218
238
219
234
254
216
266
265
238
216
230
231
189
260
210
253
200
236
196
193
210
210
216
182
242
225
203
205
217
205
213
182
203
212
206
209
201
197
195
185
190
205
195
178
213
213
175
204
195
172
199
163
191
183
198
197
177
209
178
161
206
162
211
205
198
197
194
214
194
183
226
204
191
184
203
195
204
186
179
207
202
214
187
202
193
200
182
194
201
202
202
202
212
191
201
190
203
201
178
216
211
235
190
220
214
206
229
201
204
242
246
242
224
241
226
233
226
239
256
237
242
236
234
241
223
254
273
264
229
268
233
271
242
244
250
263
239
301
264
259
265
279
248
268
255
256
248
230
247
251
275
275
225
235
237
254
233
226
255
282
238
256
251
268
252
212
226
255
234
244
230
242
254
244
227
226
259
259
263
198
245
261
228
239
235
263
266
231
259
258
257
255
242
223
238
236
242
221
251
229
239
238
245
231
228
253
226
217
217
262
263
244
223
242
226
226
255
220
245
248
245
265
263
234
247
270
259
224
244
254
238
257
224
240
283
236
257
234
230
218
267
262
237
225
242
244
259
265
253
236
243
237
274
245
291
232
251
277
269
281
220
251
262
268
267
239
256
256
262
241
282
268
243
277
255
266
273
250
265
239
301
246
275
254
271
268
259
273
262
288
300
260
261
281
256
249
250
279
248
288
253
254
265
282
298
292
288
267
232
272
259
304
270
245
252
266
276
260
306
292
274
260
273
273
258
252
284
287
282
306
270
286
308
278
264
287
284
252
299
310
297
288
277
269
289
303
316
272
272
283
282
307
294
281
286
271
292
282
275
280
276
298
246
302
289
313
282
264
296
278
318
288
288
313
296
314
265
259
310
287
298
293
301
303
252
269
273
264
276
291
302
280
267
323
283
264
277
268
261
295
281
274
262
260
283
241
287
292
254
255
263
257
258
304
236
244
246
234
238
267
276
272
260
273
253
287
261
236
267
272
243
264
220
255
262
270
271
277
242
266
281
242
250
250
247
252
240
258
272
266
263
272
267
259
246
271
249
249
248
258
219
266
275
256
265
232
272
255
248
236
274
274
277
242
274
259
276
253
268
268
274
263
255
276
250
264
249
251
239
271
288
246
262
239
282
262
271
279
250
235
246
260
245
258
288
247
231
244
268
280
281
232
244
258
263
249
233
247
266
234
224
245
261
265
247
251
229
261
244
242
235
266
239
237
230
236
261
236
244
243
273
230
256
245
210
230
230
264
265
255
251
258
231
229
246
244
254
259
281
251
265
227
252
253
261
256
205
234
247
228
242
218
232
228
246
271
260
252
249
223
261
278
229
257
223
257
234
258
224
261
245
251
253
218
279
217
244
273
253
244
252
256
266
262
259
270
265
265
260
249
296
281
282
286
257
234
280
295
263
287
282
286
270
273
281
271
283
308
293
273
282
287
269
271
279
278
297
323
334
327
305
272
310
308
279
335
310
316
314
327
342
333
350
352
344
352
348
360
359
347
362
363
329
347
368
383
335
396
408
373
375
428
388
387
383
423
400
424
412
443
455
439
448
478
501
483
531
538
502
522
549
568
621
602
615
656
608
686
687
704
772
752
699
776
881
838
887
929
923
964
983
1032
1053
1048
1085
1159
1136
1185
1157
1210
1208
1242
1303
1276
1364
1299
1370
1355
1428
1421
1393
1459
1539
1412
1475
1450
1535
1591
1446
1435
1465
1430
1400
1462
1369
1399
1365
1344
1330
1228
1211
1217
1124
1153
1151
1063
1089
997
1003
956
972
1005
907
923
870
844
765
791
776
714
694
658
622
670
593
587
565
534
516
487
498
487
449
467
423
439
417
406
418
373
413
340
378
342
351
331
305
345
329
305
306
290
313
267
265
286
297
305
299
293
274
241
240
245
215
273
233
272
255
253
236
240
228
243
215
204
222
238
231
200
232
214
207
236
243
228
245
220
232
276
269
282
310
314
311
301
342
347
366
389
408
363
392
420
448
473
502
443
484
453
490
506
475
478
488
504
486
441
411
454
455
421
397
370
340
326
318
310
262
275
221
211
204
221
182
181
179
155
184
167
184
154
145
146
163
176
147
136
149
166
152
147
147
153
178
162
172
145
151
175
147
154
161
178
173
162
157
189
164
183
187
170
175
174
168
190
186
214
191
217
202
205
197
213
229
205
232
248
235
214
265
225
202
218
250
249
256
247
223
238
245
255
252
226
230
272
254
271
235
242
283
252
242
258
210
238
255
266
244
249
211
241
208
219
212
233
217
208
227
205
188
182
210
193
194
206
212
196
185
172
189
173
172
161
157
138
153
154
128
132
139
140
151
159
122
112
130
126
116
115
126
114
116
105
110
88
105
112
100
132
99
102
118
100
113
86
96
86
89
95
90
101
105
95
87
86
74
74
74
98
85
72
78
73
92
80
71
60
69
69
78
63
58
65
70
58
70
62
71
69
51
66
81
67
65
57
61
68
65
52
61
62
61
65
54
52
48
64
58
58
64
42
50
50
51
54
37
52
53
50
63
41
48
50
51
58
60
58
63
59
65
60
58
76
62
68
72
69
75
74
72
78
81
85
84
78
80
76
84
87
66
66
61
78
61
67
69
62
80
60
57
63
56
52
62
36
39
42
52
43
40
47
27
40
52
34
35
42
41
41
41
40
40
38
46
33
48
42
35
40
37
49
44
51
40
40
50
36
37
39
37
34
37
41
44
37
38
33
30
34
36
36
27
33
36
30
34
37
35
30
37
26
36
27
30
37
38
35
34
44
37
26
31
26
34
23
22
30
23
39
18
31
31
29
37
39
39
34
36
26
31
26
29
44
32
30
35
27
30
34
30
41
25
37
27
32
23
25
28
31
34
29
24
33
24
27
41
30
27
33
37
24
30
36
24
21
23
32
26
23
33
24
19
40
22
29
27
22
35
18
26
26
30
31
26
22
22
37
25
33
42
21
30
23
26
30
32
18
23
31
30
30
20
14
22
21
27
23
25
21
29
25
24
22
25
22
18
18
29
22
29
31
30
21
29
26
17
26
32
21
19
24
28
25
27
31
27
20
29
30
18
25
23
28
20
26
38
24
28
28
26
20
17
23
25
24
22
28
22
21
21
20
19
18
20
22
30
17
28
26
17
19
27
26
32
23
22
24
18
20
19
23
23
21
24
13
16
28
18
22
31
16
17
20
16
26
18
18
12
19
24
21
18
17
23
15
23
20
19
24
23
12
16
15
12
24
21
27
16
23
24
21
17
23
17
19
13
13
21
16
16
24
23
18
16
15
21
9
21
22
19
16
19
18
17
18
13
16
11
13
23
16
12
18
14
10
18
23
19
22
19
11
23
19
17
17
21
22
16
15
13
15
14
20
13
18
20
11
14
15
14
13
20
18
20
15
9
16
21
16
13
12
22
8
8
12
22
14
12
16
14
8
9
11
22
17
13
8
26
17
17
23
9
12
13
17
9
11
8
15
8
16
10
13
16
16
18
9
14
16
8
10
12
17
8
20
17
15
16
16
9
11
22
15
9
20
21
6
11
10
14
16
12
8
16
18
9
16
11
13
13
16
13
14
15
11
13
10
12
13
14
16
13
14
15
15
19
8
6
13
17
10
9
10
10
15
18
10
10
7
6
12
11
13
11
15
7
12
14
12
14
2
13
6
14
11
6
10
16
11
12
20
7
5
11
17
6
7
12
5
11
11
7
8
13
9
9
10
7
10
9
13
8
9
7
8
8
10
9
12
7
6
10
13
9
12
15
6
19
16
9
8
8
10
12
14
7
10
14
13
15
9
8
10
7
7
8
9
7
6
8
9
4
15
11
9
6
12
13
12
5
10
7
6
11
4
9
8
8
13
8
10
9
8
8
5
15
8
2
7
4
10
9
9
15
12
12
7
8
6
2
10
6
13
7
11
7
10
10
7
9
8
5
9
7
6
8
7
10
7
7
8
8
4
6
13
13
5
4
4
7
5
7
5
8
4
10
5
5
4
7
6
3
7
8
9
10
8
7
9
8
7
9
5
5
4
10
8
7
4
7
5
3
7
7
5
5
8
6
6
8
8
3
5
9
4
2
3
5
3
4
7
6
5
7
6
7
5
6
8
10
5
9
3
5
12
7
7
6
4
4
7
8
5
3
5
6
14
4
7
3
10
7
3
6
3
4
8
3
3
5
6
8
6
5
7
4
2
6
9
5
6
1
4
4
7
7
2
5
10
11
8
9
3
6
10
5
3
4
6
3
6
5
4
2
4
8
3
13
6
6
2
2
3
3
0
7
2
5
4
7
4
8
5
6
5
5
4
0
3
6
5
4
7
3
5
5
2
4
7
9
2
5
3
2
1
2
7
6
5
4
6
1
2
5
3
8
12
6
2
1
5
2
2
7
5
1
6
4
3
5
3
3
3
5
5
4
4
1
6
6
2
6
1
4
3
2
3
4
4
5
2
8
7
6
3
6
4
4
4
5
6
4
3
3
3
5
3
3
1
1
6
6
5
7
7
6
5
2
1
4
3
7
3
3
3
5
6
2
5
3
1
1
3
5
6
7
4
2
5
1
1
4
2
5
2
2
1
1
4
1
4
4
2
2
7
4
1
1
4
2
2
1
5
4
2
5
4
0
4
6
2
3
2
0
3
3
5
3
3
4
1
1
5
1
2
6
3
3
4
2
4
5
3
1
4
2
2
3
3
3
4
1
1
4
1
2
3
4
5
5
1
5
2
2
2
3
4
0
2
5
0
1
3
2
0
3
2
1
1
0
3
3
3
3
2
2
3
1
3
5
2
1
2
3
5
3
2
1
3
2
2
3
1
2
1
2
3
1
3
3
4
0
5
0
0
2
4
2
6
0
3
1
0
3
3
2
2
0
2
3
0
6
4
1
2
1
1
1
1
1
0
1
4
2
2
0
0
4
1
2
1
2
2
0
2
1
1
0
2
1
0
0
3
1
0
1
2
0
4
3
3
1
1
2
5
1
4
0
1
1
4
1
0
3
0
2
1
3
4
1
3
2
1
0
0
4
2
2
2
2
1
1
0
0
1
0
1
2
2
3
1
1
1
2
4
7
0
0
1
5
1
0
2
0
0
2
0
3
0
0
1
0
2
3
0
0
4
1
2
2
0
1
2
1
1
2
1
1
3
1
0
0
1
0
0
1
4
0
0
3
1
0
0
1
3
1
0
1
2
2
0
1
0
1
1
1
1
1
0
0
0
2
1
1
2
2
1
1
1
0
1
0
0
0
4
4
1
0
1
1
1
1
4
0
0
2
0
2
0
2
0
0
0
2
0
2
3
0
2
1
0
1
0
0
1
0
2
1
2
2
1
1
0
3
0
0
0
0
1
0
2
1
1
1
0
3
0
3
3
1
1
1
1
0
1
1
0
0
1
0
4
1
0
1
1
0
3
1
0
1
2
0
0
2
1
0
0
0
0
3
2
0
0
0
0
1
1
1
1
1
3
0
1
0
4
2
0
2
0
2
0
1
0
1
1
1
1
0
0
1
1
0
2
3
2
1
0
0
0
2
0
0
2
2
0
0
0
1
0
2
0
0
0
1
1
1
1
1
0
2
0
3
1
1
0
1
3
0
1
0
0
0
0
0
1
0
1
0
1
0
1
1
0
1
0
1
0
1
0
1
1
1
0
0
0
0
0
0
0
3
1
1
0
0
1
3
0
1
0
1
0
0
0
0
0
1
1
1
1
2
0
2
1
0
0
1
1
0
1
1
0
0
0
0
1
0
2
0
1
2
1
0
1
0
1
1
1
0
0
0
0
0
0
0
1
1
0
0
2
0
0
1
1
1
0
0
0
0
1
1
1
0
0
0
0
0
0
0
0
0
1
0
2
0
0
1
0
1
0
1
0
0
1
0
0
0
0
0
1
0
1
0
1
0
1
1
3
0
0
0
1
1
1
0
1
1
2
0
1
0
2
2
2
0
0
1
0
0
0
2
0
0
0
0
0
0
1
0
0
0
0
0
0
2
0
0
0
1
0
0
0
1
0
1
1
1
2
1
0
2
2
0
1
0
2
1
2
0
0
1
1
1
0
0
0
0
0
0
0
2
0
1
0
0
0
0
1
1
1
1
1
0
0
0
1
0
1
0
1
0
0
0
1
0
0
0
0
2
1
0
0
0
0
1
0
0
0
0
0
0
1
0
0
0
1
1
0
0
1
0
0
0
1
0
0
1
0
0
0
0
0
0
0
1
0
0
0
0
1
0
0
0
0
0
0
0
0
0
1
0
0
1
1
0
1
0
0
0
1
0
0
0
0
0
0
0
0
0
2
0
0
2
1
1
0
2
0
0
0
0
0
0
1
0
1
0
0
0
0
0
0
0
0
0
0
1
0
0
0
0
0
0
0
0
1
0
0
0
0
0
0
0
0
0
0
0
1
1
0
0
1
0
0
0
0
0
0
1
0
0
0
0
0
0
1
0
1
0
0
1
0
0
1
0
0
0
0
1
0
0
0
0
0
0
