0
0
0
0
0
0
0
0
0
0
0
0
0
0
0
0
0
0
0
0
0
0
0
0
0
0
0
0
0
0
0
0
0
0
0
0
0
0
0
0
0
0
0
0
0
0
0
0
0
0
0
0
0
0
0
0
0
0
0
0
0
0
0
0
0
0
0
1
1
1
1
1
1
5
1
7
3
2
4
3
1
8
17
51
120
357
952
2321
4850
9546
17472
27572
40836
54274
66206
73133
72896
66195
54576
41437
28181
17739
9909
5138
2297
989
403
132
55
13
9
7
4
3
0
1
2
3
2
5
1
0
0
0
1
0
0
0
0
0
0
5
89
58
72
68
65
56
61
51
60
50
58
44
51
46
53
48
43
44
42
56
40
55
39
45
46
44
49
41
41
41
27
31
35
39
50
39
39
41
36
46
49
49
40
45
42
32
45
38
35
41
32
48
41
57
40
47
49
63
52
53
63
54
60
54
71
78
100
113
158
215
293
351
369
447
498
502
509
431
364
376
279
256
175
160
120
81
61
69
50
53
48
59
44
40
36
45
45
43
38
61
43
49
37
39
40
41
47
44
48
43
54
64
44
62
73
58
65
52
74
66
75
94
93
86
149
174
298
498
804
1300
2072
3166
4568
6093
7921
9681
11328
12209
12642
12592
11811
10448
8909
7006
5278
4012
3107
2149
1520
1151
869
664
506
422
432
423
563
716
1053
1373
1887
2366
2942
3555
3768
3960
3907
3926
3481
2931
2516
1956
1473
1152
835
620
489
394
349
300
270
220
183
154
98
86
68
57
41
23
18
14
17
15
18
12
14
8
10
9
13
7
10
4
7
16
12
14
11
11
13
10
20
6
13
14
3
4
9
13
5
5
13
4
10
10
6
23
22
24
21
26
18
38
27
29
34
28
22
34
19
24
24
18
20
40
18
28
26
29
16
26
32
13
17
23
23
21
17
22
21
20
25
20
15
19
16
10
8
11
11
8
8
8
7
11
14
3
9
7
10
7
6
11
6
9
5
10
8
5
9
12
6
6
5
9
6
5
9
11
13
5
14
11
6
6
6
6
10
14
7
10
13
9
13
9
6
8
6
5
10
6
12
8
5
3
16
12
14
8
11
15
12
15
20
20
20
13
17
9
3
13
13
8
7
9
4
7
9
6
6
3
1
10
11
5
7
6
7
6
12
7
8
6
7
4
8
7
10
11
13
10
6
12
6
10
16
10
7
9
7
4
9
2
5
7
7
5
12
8
8
5
2
11
5
8
8
10
11
9
11
5
9
6
6
9
5
5
4
4
5
5
10
5
1
11
7
9
12
5
6
7
8
10
10
8
6
6
2
7
12
8
11
6
7
4
8
12
7
8
7
6
9
9
7
4
6
12
11
9
6
7
10
8
8
8
5
9
9
8
12
9
8
12
3
13
12
10
10
10
7
11
7
10
12
6
12
6
4
14
9
6
1
11
12
9
12
8
10
8
12
8
8
7
11
16
16
15
8
17
13
12
8
6
12
7
13
19
14
7
14
9
11
14
22
22
20
17
14
25
19
25
30
32
24
21
25
24
32
35
25
22
26
22
38
39
33
26
22
31
29
34
27
32
20
23
31
38
30
33
29
24
35
28
25
21
21
29
26
16
19
19
19
23
29
23
21
12
13
21
16
25
24
24
16
16
14
20
20
15
22
18
20
20
17
18
19
21
22
24
19
21
22
28
19
29
24
23
29
27
32
28
27
33
31
32
32
24
31
28
31
27
20
24
21
36
36
32
25
32
24
46
42
18
27
26
38
36
29
29
32
43
30
32
36
36
40
45
38
48
35
28
27
36
46
32
24
32
48
29
46
42
37
45
49
43
36
45
67
39
60
42
50
55
70
59
43
39
52
48
50
55
53
53
50
52
61
55
51
62
67
62
69
59
60
62
66
66
61
65
64
69
53
46
70
60
82
92
78
82
71
92
96
96
111
108
119
76
119
113
126
100
103
128
103
129
113
105
101
96
87
91
95
97
84
76
78
94
92
80
73
69
81
78
80
91
68
72
80
79
85
72
73
76
83
88
73
88
73
69
72
72
85
67
77
82
82
85
67
81
80
66
66
96
83
73
78
57
66
82
75
77
65
72
78
75
76
63
75
78
77
85
71
79
85
92
70
75
67
98
71
67
73
85
81
72
82
74
82
70
77
54
81
67
77
66
71
88
67
77
71
76
74
82
78
68
75
81
73
66
67
96
88
78
68
79
79
97
83
85
85
86
96
67
70
71
94
83
90
71
81
102
98
79
76
93
85
106
99
88
93
87
104
99
116
109
109
118
115
145
137
147
115
143
136
238
256
300
405
478
573
794
991
1377
1736
2068
2640
3173
3975
4715
5452
6309
7071
7647
8712
9138
9656
9865
10029
10005
9881
9357
8790
8159
7420
6460
5720
4971
4207
3450
2812
2182
1815
1381
1141
860
627
487
367
285
242
204
161
164
131
129
114
119
99
97
111
117
112
124
131
98
106
107
119
106
98
106
111
113
122
100
108
109
119
109
105
124
101
115
102
100
110
109
116
96
109
121
102
105
108
122
128
121
145
120
120
133
116
133
139
152
152
151
175
176
193
193
207
269
290
317
397
457
486
600
710
822
861
910
1013
1163
1240
1347
1321
1397
1426
1360
1461
1244
1216
1160
1100
978
941
801
709
629
542
473
421
347
300
280
221
202
167
176
179
164
158
158
166
168
149
156
166
166
147
144
149
149
136
152
152
167
151
133
156
144
147
156
151
146
175
171
144
160
188
176
190
185
141
168
193
168
186
200
189
192
176
199
184
196
176
202
199
195
190
215
210
198
204
217
245
211
237
205
228
204
207
220
193
228
247
232
217
225
247
268
255
255
245
271
232
258
271
252
232
268
239
242
258
234
263
279
252
257
280
236
248
267
259
244
239
235
234
249
249
204
226
225
257
257
267
244
220
237
221
254
222
213
236
220
213
232
244
230
229
198
240
216
201
208
202
191
207
226
232
213
200
211
221
195
232
196
199
175
193
186
181
193
192
201
187
204
175
193
183
202
197
202
187
168
190
173
185
180
175
195
197
169
166
184
191
188
191
181
209
199
201
201
168
200
184
192
186
187
178
186
183
196
186
188
199
168
185
173
167
195
219
189
178
205
192
187
197
211
213
187
197
179
206
163
205
196
204
210
172
203
218
193
189
200
194
196
175
210
194
221
194
192
171
205
209
217
207
192
194
189
195
199
198
198
204
216
177
192
217
194
199
181
213
206
219
202
209
204
206
207
199
200
213
204
198
204
194
193
227
220
177
175
233
236
190
206
210
212
212
212
232
225
208
206
236
209
223
224
216
208
237
228
214
207
231
237
220
257
212
219
211
227
193
215
227
221
218
224
238
260
245
221
245
230
206
230
235
220
222
221
206
246
226
226
215
247
233
244
231
225
242
227
245
231
241
212
226
220
216
207
217
222
244
227
237
225
253
233
247
240
240
252
233
234
228
237
249
261
256
225
249
240
259
263
265
247
219
262
244
280
223
235
229
282
214
246
257
262
263
265
268
258
260
272
255
278
237
250
271
248
243
261
243
275
267
274
254
266
264
303
282
279
282
276
265
272
300
294
264
286
257
291
304
275
305
310
292
283
271
267
300
266
276
328
329
307
291
299
297
318
326
300
267
270
280
314
283
300
280
323
304
298
296
309
281
297
293
295
253
307
276
292
315
294
312
305
311
287
310
290
308
303
265
284
308
295
290
312
315
272
288
266
264
297
293
267
286
307
270
285
270
272
259
269
279
268
262
260
284
282
313
278
284
250
290
265
267
262
258
267
258
276
269
276
293
276
271
244
270
268
254
247
251
249
248
272
261
287
261
255
243
237
270
246
262
242
253
280
231
267
255
266
289
258
252
266
228
214
236
229
247
241
258
287
234
229
255
283
265
257
257
263
260
259
233
266
248
258
256
242
222
252
231
257
256
249
268
247
260
235
269
278
212
231
230
226
289
243
279
231
244
280
275
261
222
265
251
256
228
243
240
245
254
241
253
242
247
269
226
260
280
244
249
272
229
254
252
242
235
239
231
223
267
251
247
241
251
240
260
246
223
250
218
223
250
231
227
238
235
223
276
237
219
258
261
214
233
243
244
257
255
241
228
252
214
232
231
247
230
239
226
253
257
230
229
250
226
230
244
263
242
221
238
240
245
249
247
249
277
240
238
249
229
240
213
278
237
254
250
232
232
237
241
238
248
251
234
243
249
249
272
247
240
242
248
255
248
231
258
225
250
233
256
253
257
264
277
247
270
220
227
275
251
239
232
248
267
268
295
276
248
292
263
222
283
255
235
283
281
245
255
282
277
250
272
266
265
266
281
314
276
291
269
332
283
282
281
289
264
245
306
295
284
281
293
296
276
343
328
310
342
279
317
302
321
343
340
329
345
344
338
399
342
352
372
326
352
358
375
367
369
407
425
414
365
385
409
417
390
390
395
382
386
434
436
441
485
470
486
498
499
492
517
533
544
514
573
551
594
615
639
623
626
678
672
711
728
766
798
848
849
778
880
945
978
971
1018
1024
1028
1132
1085
1074
1200
1214
1245
1211
1226
1300
1292
1360
1384
1397
1426
1420
1431
1499
1422
1386
1472
1354
1394
1417
1446
1409
1406
1516
1487
1448
1447
1323
1386
1346
1256
1341
1300
1180
1193
1190
1171
1111
1151
1051
1012
968
963
925
940
943
886
852
789
733
771
760
708
673
659
601
568
626
550
593
517
517
531
511
496
444
469
424
428
438
400
390
379
398
352
387
336
356
315
309
289
331
311
324
286
284
305
277
281
257
302
265
268
274
270
243
233
259
235
230
252
242
224
235
251
235
211
216
231
209
236
220
223
205
237
227
227
238
241
211
224
259
242
267
277
285
285
279
331
319
330
383
316
372
397
370
369
414
385
422
432
427
418
455
427
425
466
428
444
406
394
386
408
340
355
375
350
317
309
302
266
257
235
224
212
219
168
181
169
191
132
180
173
171
163
155
167
144
132
170
148
151
139
146
150
149
166
146
168
150
149
154
165
177
172
156
187
160
171
157
173
167
158
172
176
199
189
177
206
199
187
171
204
211
216
202
172
220
223
225
209
209
204
214
239
242
226
243
254
226
239
252
243
264
247
259
262
247
237
272
237
247
221
230
240
261
232
271
252
248
253
245
219
254
258
232
241
222
228
201
213
239
227
206
224
203
182
196
180
202
180
176
196
157
137
186
182
169
155
174
160
138
145
153
137
122
154
138
118
158
125
130
112
129
124
133
125
113
89
95
104
92
98
93
88
106
99
110
87
87
86
82
89
75
73
72
86
70
92
66
70
67
66
81
83
62
76
83
76
77
78
68
73
91
68
75
61
78
73
67
84
67
68
58
76
54
67
62
78
80
75
59
48
49
70
68
62
57
56
56
47
67
67
63
44
54
57
57
46
59
61
53
64
49
60
63
70
58
49
63
60
48
60
57
48
71
59
76
73
70
81
77
69
75
63
79
74
71
72
72
77
72
65
67
83
85
67
69
69
66
58
70
52
59
44
52
57
50
45
27
55
58
45
62
41
48
57
39
48
46
39
47
38
44
38
43
49
44
38
46
41
43
44
46
50
37
35
56
41
27
46
44
30
49
45
41
31
43
35
37
46
41
34
42
39
36
29
42
38
37
34
37
43
40
33
20
37
37
30
30
24
30
38
29
33
33
39
25
38
35
32
33
27
28
29
32
36
35
36
37
36
28
27
30
39
40
30
35
33
26
41
37
39
35
31
33
34
26
23
36
36
39
43
40
33
34
34
25
41
37
22
38
23
35
36
35
23
24
37
35
20
28
28
22
36
34
32
37
27
25
27
31
29
29
30
23
21
31
34
25
27
37
23
34
32
29
18
21
28
26
24
25
22
21
32
28
31
28
20
19
26
26
23
26
22
18
29
19
38
20
23
23
18
18
22
21
27
26
18
24
21
27
27
20
21
16
24
35
15
32
35
28
29
28
24
23
16
19
26
26
28
16
21
29
21
32
37
22
28
20
24
17
29
18
26
22
22
16
21
19
21
31
23
31
29
22
16
29
26
21
17
16
20
33
15
20
18
19
22
19
30
15
24
20
24
14
22
18
22
25
19
20
18
22
24
17
25
14
20
25
19
16
18
23
11
25
22
17
20
17
21
23
21
23
16
26
23
19
16
15
23
15
15
12
24
16
17
15
18
19
19
17
18
21
12
22
19
18
18
15
11
21
20
24
19
13
11
23
12
26
19
10
14
24
11
15
17
12
14
16
12
20
19
21
16
14
22
17
10
19
15
14
14
20
14
13
14
11
20
17
12
16
17
12
18
10
17
15
17
21
15
15
14
23
13
17
15
10
14
15
14
9
15
11
12
17
13
6
19
11
15
11
19
23
9
12
14
9
11
15
16
16
11
17
8
26
16
13
20
16
9
8
12
20
19
19
15
14
18
6
9
13
13
15
17
15
11
10
8
20
16
5
10
10
9
16
11
13
21
10
16
8
17
15
10
13
19
16
14
9
12
9
9
16
16
11
11
10
10
13
8
9
16
5
12
14
8
13
15
14
20
13
9
17
15
16
11
13
12
10
16
5
12
14
10
12
18
7
12
6
10
6
17
8
4
12
9
8
12
9
17
8
5
10
6
7
18
13
3
8
8
5
6
10
13
17
14
6
8
6
14
13
9
12
10
12
11
7
7
11
15
8
18
13
8
7
12
12
13
12
11
8
7
19
8
10
17
7
9
10
8
12
14
9
8
16
9
12
10
10
8
9
12
13
7
14
8
6
9
10
5
5
8
10
8
10
9
7
12
9
6
8
12
7
2
5
7
10
10
11
5
10
13
7
8
11
10
9
8
12
7
15
5
9
12
5
3
4
5
10
7
7
5
8
10
7
5
5
5
5
7
5
3
7
4
4
10
7
7
9
9
6
7
11
4
11
6
7
12
6
7
6
5
4
10
4
8
9
5
8
4
1
9
5
6
5
10
5
4
9
9
8
15
7
4
5
5
7
5
3
5
9
5
5
6
6
7
6
9
5
5
8
4
3
6
12
8
7
3
2
6
10
4
2
3
5
5
5
6
6
7
8
3
3
5
4
5
6
6
3
4
5
7
6
4
3
5
10
6
9
3
7
10
3
5
3
6
2
3
3
7
4
5
6
5
3
5
5
5
4
4
10
5
4
6
7
4
6
4
2
7
9
8
5
5
5
5
4
1
8
9
8
10
8
4
3
4
1
3
6
2
3
4
2
2
1
5
4
5
3
5
8
3
7
5
5
8
2
4
6
3
5
5
4
5
3
6
5
5
7
2
4
3
1
4
3
4
1
2
4
8
5
7
8
4
5
5
5
3
5
4
4
8
2
4
3
1
3
6
2
3
6
1
5
3
4
1
7
7
4
3
3
1
3
1
3
3
2
2
2
1
1
3
3
4
0
2
4
7
5
5
3
4
6
4
5
3
2
4
4
4
3
4
6
3
3
5
3
6
1
4
5
0
4
3
4
2
3
2
9
3
4
3
2
1
4
1
3
3
2
5
2
2
2
0
3
4
6
4
6
3
1
4
6
4
4
2
6
5
3
2
1
3
4
2
2
5
2
5
1
3
5
3
4
3
4
1
2
0
5
3
4
1
4
5
3
2
2
0
5
4
6
2
3
2
1
5
1
5
4
3
2
1
2
2
2
2
2
2
0
1
2
1
4
2
5
1
1
1
5
0
3
2
2
1
2
1
2
2
3
3
1
1
1
0
3
5
2
6
4
0
1
2
4
3
3
5
0
1
4
0
1
2
3
2
1
2
0
3
1
1
1
1
1
3
3
1
1
2
1
2
1
2
1
1
1
1
3
1
1
2
3
1
5
3
1
4
2
2
2
1
2
3
1
4
3
3
3
2
0
3
0
2
2
2
1
2
2
5
2
1
2
1
2
1
3
1
2
7
2
1
3
1
3
1
2
2
1
2
1
0
3
1
0
0
1
1
0
0
1
1
5
0
0
1
1
0
1
4
1
1
1
1
1
2
0
2
2
2
1
2
2
1
0
1
3
1
1
0
0
0
1
2
1
1
0
4
0
1
1
2
2
1
1
0
3
2
0
0
0
1
1
0
0
0
0
1
1
0
0
0
1
1
0
0
1
1
1
6
1
2
1
0
0
0
0
0
1
3
1
0
1
0
0
3
1
0
1
1
0
1
2
0
1
0
0
1
0
1
1
1
0
1
0
1
3
0
0
1
2
1
0
0
2
2
1
0
0
0
1
3
3
1
1
0
1
0
0
0
1
0
1
3
0
1
3
3
1
0
0
2
2
1
2
0
1
2
2
1
0
0
0
1
0
0
1
1
0
0
2
0
1
2
1
0
1
0
0
0
1
1
3
0
0
1
2
0
1
1
0
0
1
0
1
3
0
0
1
1
0
3
1
1
1
0
0
0
2
0
0
1
0
0
1
0
1
0
1
1
1
1
1
3
1
0
0
0
0
0
0
0
0
0
0
0
0
1
1
3
0
1
1
0
3
0
1
0
2
0
0
1
0
1
0
2
1
0
0
1
0
2
0
1
0
3
0
0
2
0
1
1
1
1
1
1
0
0
1
0
0
0
0
1
0
0
0
2
0
0
0
0
1
1
0
0
1
1
1
1
4
3
0
1
2
0
1
0
0
0
0
0
0
0
2
0
0
0
1
1
2
1
0
0
0
1
1
1
1
0
0
0
0
0
1
1
0
0
2
0
0
0
0
1
1
1
0
0
0
0
0
0
0
0
1
0
1
1
2
0
0
0
0
0
0
1
0
1
1
0
0
0
0
0
0
1
0
0
1
0
1
1
0
1
1
0
1
0
1
0
0
1
0
0
1
0
1
1
1
0
1
1
0
1
1
0
1
1
0
0
1
0
2
2
0
1
0
0
1
0
2
0
1
1
0
0
1
0
1
0
1
0
0
0
0
0
0
0
0
0
1
1
0
1
0
0
2
0
0
0
0
0
0
0
1
0
2
0
1
1
0
1
0
1
1
0
0
1
0
0
0
0
0
1
1
0
1
0
0
0
0
0
0
0
0
1
0
1
1
1
1
0
0
1
0
0
0
0
0
1
0
0
0
0
0
0
0
0
0
1
0
0
0
1
0
2
0
1
0
0
0
0
0
1
0
1
0
0
0
0
0
0
0
0
0
0
1
0
0
0
0
0
0
1
0
0
0
1
0
0
1
0
0
0
0
0
0
0
0
0
0
0
1
0
1
0
0
1
0
0
0
0
0
0
0
1
0
0
0
0
0
0
1
0
1
1
1
0
0
1
0
0
1
0
0
0
0
0
1
1
0
0
0
0
0
0
0
1
0
0
1
1
0
0
0
2
0
0
0
0
1
0
0
0
0
0
0
0
0
1
0
0
0
0
0
0
0
0
0
