0
0
0
0
0
0
0
0
0
0
0
0
0
0
0
0
0
0
0
0
0
0
0
0
0
0
0
0
0
0
0
0
0
0
0
0
0
0
0
0
0
0
0
0
0
0
0
0
0
0
0
0
0
0
0
0
0
0
0
0
0
0
0
0
0
0
0
0
0
0
0
0
4
1
3
5
2
2
1
1
4
8
15
46
105
389
954
2263
4965
9551
17327
28007
40544
54919
66081
72726
72637
66375
54784
41367
28174
17365
10045
5192
2401
981
401
135
46
21
5
2
4
6
3
1
2
3
1
1
1
0
2
0
0
3
0
0
0
0
0
10
82
56
60
57
61
54
64
48
55
62
48
61
52
52
51
50
55
37
44
47
48
51
43
37
45
43
53
40
46
41
40
43
30
40
38
31
49
37
48
46
41
48
43
38
39
63
47
35
53
39
30
41
50
52
39
51
51
50
44
58
56
41
72
68
63
87
120
107
150
226
253
329
430
478
503
518
491
489
436
360
300
242
177
118
109
85
87
56
54
65
53
40
36
32
27
26
35
39
34
44
46
44
49
47
40
49
36
39
38
25
50
52
55
45
65
65
72
63
62
93
64
77
110
106
133
174
280
482
816
1298
1987
3085
4535
6152
7954
9671
11391
12388
12992
12944
11932
10296
8813
6969
5489
4065
2942
2106
1561
1117
846
662
511
491
403
433
576
707
1040
1439
1934
2394
2882
3510
3784
3953
3916
3709
3544
3038
2580
1923
1484
1158
824
613
477
396
329
287
248
263
211
161
135
85
66
58
35
29
19
17
12
14
8
17
13
11
11
11
11
8
10
7
8
7
18
15
6
7
7
7
9
9
5
4
4
14
10
9
8
8
14
12
19
11
10
15
25
18
28
27
31
31
31
27
20
24
35
15
29
21
20
24
19
14
16
24
21
16
18
31
27
28
15
16
20
18
15
22
19
20
20
19
12
11
14
13
14
17
9
9
11
6
7
5
10
9
1
6
12
8
6
10
11
7
4
10
6
6
11
5
8
8
4
5
10
6
5
7
8
8
10
10
14
7
13
5
12
8
4
7
11
6
8
10
16
8
12
7
7
12
11
12
13
10
16
7
7
7
8
13
15
9
6
13
10
16
23
4
8
8
9
12
11
11
6
9
7
7
6
8
6
8
7
6
4
6
9
7
9
9
6
6
8
12
11
10
8
5
7
8
7
10
9
3
7
5
7
8
5
6
8
6
3
14
9
3
15
9
11
9
5
7
8
5
6
10
6
6
7
7
9
8
6
6
8
11
8
4
7
10
6
6
7
6
7
7
8
6
8
3
11
11
7
10
4
3
7
9
10
6
9
11
9
10
5
8
10
5
9
6
10
5
7
5
7
5
4
6
15
11
9
11
9
7
5
6
6
7
7
10
10
6
6
13
9
8
9
4
6
2
14
13
17
14
13
10
11
13
6
9
9
10
14
15
11
8
14
9
7
7
9
9
13
11
12
12
14
12
5
10
8
8
14
18
11
12
14
19
10
11
11
19
16
14
16
24
17
28
31
25
23
21
25
32
31
30
32
29
27
25
22
34
32
29
33
29
35
31
29
30
27
26
25
30
23
31
31
35
26
28
26
20
15
19
21
24
21
20
18
16
24
21
19
24
19
23
16
23
17
19
28
23
31
22
19
19
28
20
22
13
14
21
30
23
15
18
20
20
22
24
24
23
27
22
24
21
19
27
22
20
37
28
26
28
21
30
27
31
28
27
24
27
29
24
32
26
42
18
32
25
30
26
38
31
37
36
22
30
39
30
36
27
36
35
37
44
30
42
25
35
33
22
26
42
49
42
42
30
48
43
38
39
42
41
45
47
38
55
45
54
52
35
45
60
48
62
51
39
51
69
55
46
51
54
62
61
60
63
62
55
47
59
63
60
72
70
76
66
58
60
79
77
69
63
70
76
70
83
95
83
80
75
99
109
92
105
123
123
112
102
112
117
110
114
109
108
114
95
85
92
112
90
70
75
88
91
85
70
75
82
87
79
77
80
69
69
73
73
76
81
79
80
61
89
71
58
69
69
61
81
69
78
70
73
70
75
70
69
81
64
72
70
91
63
71
73
79
66
64
83
80
78
72
73
78
74
76
84
80
52
80
69
69
70
62
86
70
74
75
78
79
78
67
71
83
71
70
78
70
90
71
85
71
72
63
70
87
66
66
84
83
68
98
80
74
73
83
74
85
76
68
78
74
63
74
83
77
90
74
94
91
93
90
80
75
82
85
83
88
84
113
92
83
67
106
102
105
90
97
93
95
88
95
97
110
100
113
110
117
120
154
153
175
198
213
278
370
455
635
818
955
1354
1620
2134
2677
3247
3948
4514
5362
6260
7064
7788
8520
9173
9560
9805
10013
10036
9816
9376
8983
8342
7433
6681
5780
4941
4299
3438
2856
2321
1818
1389
1128
844
659
487
338
284
247
181
175
142
144
103
101
119
110
111
104
111
110
110
111
116
118
98
115
115
118
113
121
116
107
96
108
108
104
112
117
115
128
110
108
125
127
129
133
129
120
96
113
113
118
118
117
121
134
131
143
135
133
131
122
146
153
168
158
177
183
214
227
252
305
328
391
431
517
575
609
753
842
978
1024
1113
1258
1290
1403
1402
1376
1463
1382
1403
1213
1130
1139
963
941
815
686
614
540
429
405
308
325
261
241
211
193
178
145
166
150
155
170
131
153
158
154
135
145
146
132
163
151
129
144
154
136
153
159
151
144
167
156
153
143
172
160
169
194
173
201
165
191
183
202
167
195
180
178
185
207
187
184
203
208
187
199
198
216
196
184
199
240
203
193
208
228
233
221
220
206
220
218
205
217
228
266
243
227
243
223
268
258
250
256
250
247
261
250
256
251
254
252
269
254
257
238
258
252
253
238
252
272
241
231
248
234
225
212
217
253
242
233
218
218
235
223
244
250
238
236
216
228
237
201
204
226
227
222
188
211
214
211
198
231
188
228
226
230
196
192
213
196
216
190
206
224
176
219
206
211
201
203
197
164
185
204
181
163
185
190
205
209
185
173
188
208
208
170
195
174
177
177
176
200
207
166
185
203
221
201
203
183
196
192
171
170
205
195
180
191
195
195
218
177
171
184
204
189
187
186
204
181
188
203
166
222
174
198
203
185
199
183
190
182
172
205
208
188
179
186
183
204
221
232
194
187
210
200
208
191
200
213
200
198
196
202
187
190
202
211
210
185
214
194
188
202
228
213
196
184
205
204
205
219
232
211
231
214
194
203
207
217
245
238
220
199
216
235
197
222
200
207
233
220
230
206
240
224
215
189
181
233
222
226
220
255
206
215
220
229
230
224
221
216
207
230
240
224
224
240
220
240
212
223
206
235
220
225
216
206
219
248
198
217
211
238
209
233
234
235
225
231
219
267
241
244
235
220
237
254
216
240
219
220
228
240
246
215
216
215
237
229
227
270
237
235
249
223
244
229
259
242
221
218
260
227
255
247
243
247
295
248
252
237
253
258
252
282
269
240
249
241
263
260
228
288
275
256
230
233
260
297
271
243
249
273
241
275
282
263
259
273
262
269
301
277
256
281
274
290
301
312
265
254
281
296
280
271
259
285
304
269
265
293
293
303
280
263
297
265
271
325
291
285
310
314
279
285
285
314
287
298
287
290
293
300
291
312
304
288
295
311
298
273
290
279
335
293
279
305
300
316
311
311
298
292
301
287
287
274
294
284
284
315
297
271
292
287
298
300
279
287
292
264
292
285
291
285
255
271
266
290
260
265
280
278
256
287
250
274
264
300
283
279
286
264
284
245
264
271
281
247
243
258
285
265
258
235
237
293
272
253
264
264
256
270
263
241
258
253
253
249
255
296
227
279
262
260
240
249
229
238
240
272
273
275
233
283
277
257
262
245
263
258
246
270
241
255
257
254
241
254
233
227
249
266
223
227
218
283
245
272
227
246
249
266
273
240
249
230
221
258
248
262
264
250
256
251
276
247
259
236
246
248
255
255
229
237
270
265
240
246
250
265
260
254
234
256
233
239
238
265
243
258
251
255
237
246
242
246
248
247
252
248
244
256
246
219
269
258
230
227
266
234
246
262
255
226
214
218
222
251
251
250
235
256
226
237
232
252
251
248
230
249
261
239
255
253
227
232
243
268
239
260
226
240
239
242
237
267
233
242
263
241
230
260
232
256
248
250
234
231
238
241
242
246
274
238
266
222
267
269
251
241
243
233
228
249
276
239
258
232
231
252
273
229
239
234
242
266
262
212
260
217
277
237
256
255
261
226
248
280
252
268
254
282
251
252
227
267
239
279
250
271
277
280
273
269
253
266
268
255
277
266
286
276
279
269
288
269
292
266
294
298
285
314
323
305
305
329
285
309
311
292
336
293
301
290
283
319
333
302
317
317
325
351
331
327
358
343
328
375
345
334
346
360
345
330
405
403
405
351
346
421
408
369
386
374
421
439
384
435
434
452
468
449
450
463
500
504
528
530
584
569
582
549
619
637
641
616
633
648
684
738
711
735
789
770
823
844
894
883
948
967
961
986
976
1091
1097
1088
1097
1169
1215
1175
1166
1233
1337
1365
1326
1326
1430
1352
1415
1426
1440
1468
1448
1361
1452
1431
1474
1474
1453
1431
1393
1393
1408
1332
1356
1328
1369
1299
1305
1211
1243
1195
1187
1252
1164
1090
1108
1083
1040
998
979
961
895
897
878
780
793
756
732
676
689
648
654
618
591
623
582
569
521
502
488
486
459
487
458
472
401
376
378
405
381
403
364
364
330
388
357
340
302
328
334
303
318
259
282
297
267
291
278
282
300
243
296
273
243
227
261
251
250
251
225
213
232
221
255
224
212
226
219
212
226
221
227
227
242
233
243
230
253
251
254
288
297
290
287
330
328
367
338
365
361
381
371
376
394
421
370
456
422
470
452
466
457
461
416
417
426
406
430
374
407
382
356
323
307
309
297
261
231
249
227
245
217
189
184
201
174
184
183
162
137
162
143
149
160
167
149
167
158
150
149
138
143
155
157
163
173
157
147
169
169
174
158
157
171
164
177
171
139
179
160
177
187
171
197
189
192
182
214
200
213
204
211
188
214
220
236
236
235
244
247
244
231
228
226
247
239
254
277
227
259
248
285
247
276
246
244
241
233
276
274
263
241
235
235
241
221
208
262
263
246
238
245
217
202
203
219
221
214
215
210
196
201
196
177
175
184
186
171
165
165
180
165
177
154
161
130
130
137
144
146
140
144
154
142
143
132
129
124
120
105
136
106
104
112
109
119
114
93
102
104
106
88
103
80
81
111
69
92
88
112
94
85
79
83
89
90
81
87
87
59
83
94
95
66
81
73
89
86
89
64
57
79
74
70
67
66
69
62
54
60
68
62
64
74
59
48
71
63
55
75
54
58
68
64
60
54
57
66
56
63
64
59
61
46
58
50
53
78
50
54
52
61
59
66
57
65
65
54
62
48
60
55
61
85
77
72
66
79
69
70
69
81
80
89
74
89
77
72
78
69
69
101
55
78
67
79
55
59
53
46
78
56
46
50
54
58
53
47
43
40
40
54
41
41
34
44
51
46
27
32
38
46
40
46
49
41
42
40
45
29
38
45
33
45
37
39
42
38
39
39
34
35
34
33
50
41
31
33
35
36
49
42
30
30
35
43
28
25
46
41
34
23
21
32
27
28
25
38
27
33
29
33
36
36
37
39
36
39
29
48
31
35
32
28
27
29
25
24
39
32
18
37
26
36
29
33
34
25
31
27
23
25
31
22
37
30
24
34
44
39
27
30
25
30
26
29
25
37
29
39
34
25
31
18
26
39
26
24
23
31
21
28
29
36
26
21
30
33
27
21
36
24
27
32
28
35
16
31
40
31
22
29
29
33
33
27
34
24
15
24
30
27
28
25
28
20
27
21
19
34
13
30
21
35
23
26
23
23
27
20
26
19
33
30
28
18
13
24
15
21
17
27
17
16
21
18
23
26
27
20
22
32
24
25
22
17
26
16
23
17
26
19
19
22
20
19
24
25
25
18
32
25
22
14
22
17
28
29
23
21
19
21
28
29
25
25
29
24
25
22
24
24
17
22
18
21
24
17
27
23
34
23
18
23
20
33
20
24
31
17
16
25
17
14
17
20
22
15
23
24
21
16
13
27
16
20
22
28
19
25
30
24
19
25
19
20
14
16
19
21
18
18
19
20
13
16
21
20
21
20
18
14
10
16
18
11
21
17
21
19
15
16
21
20
15
24
25
13
13
17
14
16
14
14
12
23
10
20
19
18
21
22
18
25
13
18
13
15
17
12
12
20
25
12
13
25
10
19
21
15
7
15
11
11
14
15
14
21
18
9
18
17
20
15
11
15
16
14
8
15
15
15
21
12
9
23
8
16
12
12
21
11
9
10
9
10
17
16
17
10
11
16
11
17
12
13
20
11
15
9
12
15
12
10
11
13
9
11
10
17
9
11
16
17
20
13
16
14
11
8
16
11
17
16
13
17
5
8
9
12
9
9
15
16
8
4
12
6
9
12
12
14
19
12
14
10
13
14
10
20
18
10
16
6
14
6
13
10
10
15
8
13
13
9
12
6
9
7
6
10
12
8
10
9
11
15
13
11
14
15
4
7
14
13
10
12
12
13
10
9
11
12
7
7
16
10
9
10
10
6
4
10
11
18
10
15
9
20
13
9
10
8
13
9
8
8
15
16
11
15
10
11
6
7
9
12
13
12
9
13
9
13
16
12
10
13
17
11
9
12
6
7
7
12
5
9
11
7
10
12
9
8
16
11
12
6
12
7
6
12
12
9
7
10
8
8
10
6
13
7
8
8
8
14
2
7
4
8
11
10
5
11
12
13
7
3
10
10
9
4
6
8
5
9
10
8
11
5
7
8
8
14
6
10
9
9
8
9
5
6
10
5
8
5
9
7
9
7
7
8
9
7
4
11
10
5
6
11
6
7
5
7
3
2
9
9
3
4
6
8
8
14
4
5
6
5
8
12
2
8
5
3
9
6
9
11
8
5
8
7
7
5
5
7
7
7
4
5
5
10
6
9
5
7
5
12
7
4
7
8
4
3
6
8
6
8
9
7
7
2
10
4
6
6
2
6
7
5
6
6
4
2
7
11
6
2
6
5
5
4
5
5
9
1
7
5
6
2
5
3
7
7
5
3
8
7
5
7
3
6
3
6
9
4
8
5
5
4
6
2
3
9
2
5
10
5
3
3
2
5
5
2
5
7
4
5
6
3
4
3
1
4
7
2
5
5
4
4
4
8
4
4
6
3
7
2
2
4
5
3
2
2
6
4
4
4
10
5
4
4
7
11
3
4
2
3
5
3
2
0
3
6
1
3
5
3
1
1
2
8
4
5
5
5
7
1
7
5
6
4
4
4
7
1
2
2
4
2
6
3
5
4
4
5
7
2
4
6
3
5
5
2
4
1
3
3
2
3
6
5
2
3
4
4
4
4
3
5
1
3
2
6
2
5
3
3
5
4
3
3
3
2
4
0
4
3
4
4
7
3
5
3
2
4
4
3
2
5
2
0
1
3
0
4
2
3
0
5
6
4
1
4
4
2
3
2
5
2
3
2
1
4
0
3
1
2
4
0
2
2
4
2
3
2
1
4
0
3
3
2
2
4
5
2
1
3
6
4
1
1
3
3
1
3
7
5
0
2
1
4
4
6
2
3
4
2
4
0
4
4
4
1
1
2
2
4
4
3
2
5
1
1
2
2
2
1
4
0
3
0
3
0
3
4
2
3
4
3
2
3
5
3
3
6
2
0
4
0
0
1
3
1
1
1
2
3
2
1
1
2
4
4
1
1
6
4
2
2
1
5
2
6
1
2
3
3
4
2
3
1
2
0
2
0
3
1
1
5
1
3
2
1
3
1
2
1
4
0
1
1
1
0
3
2
2
2
0
3
5
1
2
1
1
1
2
1
0
2
4
2
1
1
2
1
1
1
2
2
1
2
1
0
4
3
2
1
1
0
2
1
3
1
4
1
2
1
0
2
1
0
1
2
2
4
2
1
4
1
2
0
2
5
2
3
1
0
0
4
1
2
0
2
1
2
3
2
1
2
1
3
1
1
2
3
0
0
0
0
0
0
2
0
2
1
2
1
0
1
2
2
2
1
0
1
1
2
0
2
0
2
1
1
4
1
2
1
2
1
0
1
2
2
0
1
0
1
0
2
0
0
0
0
3
1
0
1
1
1
0
4
0
1
1
1
0
2
1
0
0
2
1
0
0
3
0
2
1
0
2
1
1
2
0
2
2
0
0
0
1
1
1
0
1
2
0
1
0
1
0
1
2
1
2
0
0
1
3
1
0
0
0
0
1
0
1
0
0
3
0
1
2
1
2
1
0
1
1
2
0
0
2
2
2
0
0
0
0
0
0
2
1
0
2
0
2
0
0
0
1
0
1
1
0
0
0
0
0
0
1
0
1
2
1
0
0
3
0
1
1
1
1
1
2
1
1
1
0
0
0
0
0
1
0
0
1
0
1
0
0
0
0
0
1
0
0
0
1
1
1
0
1
1
0
0
2
0
1
1
1
1
0
2
1
0
0
1
0
1
0
0
0
0
1
0
0
0
0
0
0
0
1
0
1
0
1
0
0
0
0
0
0
0
0
2
0
0
0
2
1
1
0
0
0
0
0
1
1
0
0
0
1
0
1
0
0
0
0
2
0
0
0
0
1
0
0
2
0
0
1
0
0
1
0
0
1
0
0
1
0
0
0
2
0
1
0
0
0
1
0
0
1
0
0
0
2
0
1
0
0
1
1
1
0
0
1
4
0
0
0
3
0
0
1
1
0
2
0
0
0
1
0
0
0
0
0
1
1
3
1
2
0
0
0
0
0
0
0
1
0
1
0
1
0
0
0
0
1
1
0
0
1
1
0
0
1
0
0
1
1
0
0
1
0
0
0
0
0
1
0
0
1
0
0
0
1
0
0
1
0
0
0
1
2
1
1
0
0
0
0
1
0
0
0
0
1
1
0
1
0
0
0
0
0
1
0
1
0
0
0
0
2
1
0
2
0
0
1
0
3
0
0
0
2
0
0
0
1
1
0
0
0
0
0
1
1
1
0
0
0
0
1
1
1
0
1
1
1
0
0
0
0
0
0
0
2
0
0
0
0
0
0
0
1
1
0
0
3
1
1
0
0
0
1
0
0
0
1
0
0
0
0
1
1
1
0
0
0
0
2
0
0
0
0
0
0
0
0
1
0
2
1
1
0
0
0
0
0
0
1
2
1
0
0
0
0
0
1
0
0
0
0
0
0
2
0
0
0
0
1
0
1
0
0
0
0
0
0
0
0
0
1
0
0
0
0
0
0
0
1
0
0
0
0
0
0
0
0
1
0
0
0
0
0
0
0
0
0
0
0
0
0
0
0
0
