0
0
0
0
0
0
0
0
0
0
0
0
0
0
0
0
0
0
0
0
0
0
0
0
0
0
0
0
0
0
0
0
0
0
0
0
0
0
0
0
0
0
0
0
0
0
0
0
0
0
0
0
0
0
0
0
0
0
0
0
0
0
0
0
0
0
0
0
1
2
1
4
1
2
6
2
2
1
5
2
2
6
17
47
134
326
951
2220
4894
9669
16916
27902
41147
54603
66080
72858
73216
66231
55121
41119
27993
17551
9647
5116
2259
1027
411
118
33
18
6
3
2
2
1
1
0
3
0
0
0
2
2
0
2
0
1
0
0
0
0
10
74
63
54
75
52
65
72
64
53
62
65
52
57
44
47
48
59
41
46
52
42
49
46
48
40
51
49
45
44
41
39
50
35
44
46
43
49
52
45
55
40
45
40
45
43
35
45
46
36
44
45
38
39
48
42
48
54
44
46
44
61
64
61
53
66
76
98
133
182
233
295
329
424
459
523
527
482
466
408
342
300
236
180
149
114
94
83
70
58
50
47
48
50
37
43
40
34
34
36
39
50
39
33
41
49
47
49
53
43
59
35
67
56
43
62
58
58
61
77
75
64
84
97
101
125
183
257
497
807
1284
2111
3109
4439
6075
7862
9724
11129
12209
12710
12664
11595
10333
8627
7099
5318
4065
2924
2138
1497
1165
833
597
513
434
394
396
534
695
1039
1409
1897
2373
2985
3507
3785
4040
3929
3800
3481
2983
2458
1921
1513
1137
845
605
463
395
348
307
257
213
197
157
109
83
76
54
37
33
23
14
17
15
13
12
11
7
14
16
10
16
9
10
18
10
6
20
24
7
8
8
8
10
8
9
15
21
3
17
14
17
10
20
11
10
16
18
15
25
24
16
33
27
34
30
27
19
16
25
15
29
21
27
16
33
25
16
25
24
21
21
28
24
17
25
23
21
20
16
12
17
22
18
18
17
12
9
18
7
4
10
11
9
6
8
7
4
10
8
4
11
5
6
12
7
5
7
2
5
6
5
5
6
8
4
8
4
7
9
11
11
10
7
11
4
11
5
4
7
10
11
12
10
17
9
12
9
7
12
4
11
7
8
13
9
11
11
7
6
14
9
8
12
17
13
17
13
16
10
7
11
7
8
10
7
10
10
9
7
8
5
10
6
9
6
13
12
8
9
7
5
17
3
10
6
7
7
12
7
5
9
14
6
2
8
4
6
4
6
4
3
5
9
7
5
7
11
4
8
11
10
9
8
5
6
10
9
6
14
2
10
4
9
8
3
11
8
5
6
15
7
9
6
10
6
7
8
7
3
9
5
9
7
4
8
10
6
8
5
8
8
11
4
12
5
3
10
12
13
9
8
8
14
11
4
8
6
14
5
4
7
8
9
9
3
12
7
13
11
8
10
10
8
10
10
10
11
11
11
8
13
12
8
8
7
5
8
17
11
13
9
12
15
10
17
3
16
14
12
11
12
5
11
7
9
8
9
11
12
19
18
19
14
13
15
13
10
14
14
16
10
16
14
21
27
19
16
19
25
24
18
14
24
28
33
25
28
24
43
41
25
42
27
25
23
22
36
21
23
30
36
31
38
28
40
32
30
21
30
38
28
28
17
24
16
35
22
12
18
26
20
28
21
18
16
23
23
20
23
17
13
33
14
21
18
16
30
17
19
22
17
24
20
20
19
14
17
20
23
26
21
27
28
28
32
23
31
25
28
18
20
24
24
31
24
26
25
32
29
26
32
19
31
31
30
27
28
29
41
25
33
39
26
30
25
22
28
45
45
29
30
28
32
43
40
37
28
33
39
35
42
36
39
32
34
44
44
37
36
49
40
37
38
42
36
47
52
47
54
34
44
53
45
49
44
49
44
61
50
49
61
65
70
54
51
55
61
45
64
56
64
65
55
57
73
71
58
57
68
59
60
76
76
83
65
73
66
80
82
88
74
84
91
99
91
97
106
96
113
114
96
102
112
104
132
112
119
109
95
120
83
98
86
91
94
78
82
88
71
81
82
73
66
75
74
85
63
75
70
79
74
67
84
93
72
81
66
85
63
61
74
80
60
60
86
86
68
81
74
64
70
67
77
77
92
86
70
71
68
57
75
60
74
55
70
68
75
81
77
81
73
77
76
66
67
58
85
70
73
99
80
83
67
73
69
79
68
88
62
84
59
78
78
86
92
69
64
71
85
70
76
76
74
82
62
79
89
77
88
83
76
86
97
88
85
85
91
91
81
89
93
82
90
76
81
87
76
89
96
100
84
80
92
81
86
82
85
86
73
110
106
96
80
100
111
100
100
110
90
128
131
135
135
163
190
214
298
377
484
616
763
1026
1304
1689
2060
2626
3261
3837
4649
5449
6203
7157
7785
8586
9107
9470
9762
10085
9911
9686
9438
8868
8129
7300
6580
5790
4854
4261
3550
2848
2320
1834
1390
1098
826
606
463
367
304
218
181
163
160
129
116
109
111
102
110
129
118
121
87
116
125
102
109
115
137
103
94
113
110
119
116
131
107
116
124
111
104
112
111
107
125
118
104
126
125
112
138
115
112
127
145
124
134
119
125
136
137
132
132
130
158
137
153
154
158
184
189
247
245
247
306
360
402
497
579
666
814
899
951
1099
1217
1215
1321
1369
1382
1314
1452
1318
1348
1224
1191
1108
969
925
784
712
572
520
440
435
332
347
279
248
188
201
178
162
152
128
168
134
160
163
138
163
129
139
148
133
142
134
154
156
173
174
146
119
154
163
141
160
189
154
160
171
173
179
167
180
150
199
156
175
186
182
188
177
199
178
191
202
211
216
220
196
174
177
226
195
189
196
231
217
215
230
207
204
220
223
241
218
210
229
243
222
238
215
227
250
220
224
235
256
230
220
260
233
223
243
247
267
249
253
272
259
233
236
248
264
267
246
240
233
242
276
268
221
259
225
245
230
230
240
217
226
219
247
245
231
203
224
220
214
217
185
214
194
234
218
214
207
228
192
205
205
208
196
220
208
189
209
221
183
208
192
180
186
188
162
168
190
178
182
210
183
173
203
211
198
201
193
192
178
165
192
174
181
183
183
186
180
195
177
199
192
189
178
176
202
195
195
168
210
200
192
170
198
197
174
186
208
170
175
192
185
184
184
153
191
206
223
191
171
205
168
212
202
200
168
185
177
188
182
174
182
192
175
195
189
180
188
205
206
193
200
177
200
203
170
208
183
187
200
195
196
198
213
237
231
212
192
192
201
183
202
235
204
209
209
221
189
196
190
225
213
226
211
235
197
224
208
230
215
226
203
200
209
196
207
217
193
226
236
211
195
208
236
223
210
218
190
232
198
238
198
237
230
219
241
227
241
214
217
208
191
222
230
220
231
221
207
201
232
212
224
232
205
212
233
213
216
227
213
235
263
214
224
229
229
235
261
254
228
239
220
241
220
219
200
225
245
247
239
232
249
253
232
234
253
249
232
224
232
228
243
240
246
226
256
256
229
239
231
234
248
261
259
254
260
230
244
257
259
264
243
261
246
258
253
258
245
255
248
231
234
238
257
270
282
263
259
257
273
259
249
241
249
246
260
275
274
272
257
270
276
275
275
262
255
274
277
290
295
272
272
276
281
273
285
283
317
309
275
280
265
290
267
277
305
308
298
270
304
282
293
274
299
304
293
294
287
301
320
282
315
316
298
298
329
300
314
279
346
303
307
328
309
313
294
282
335
296
317
291
267
281
293
285
265
331
274
293
312
253
310
300
300
321
285
325
273
268
320
287
293
271
296
283
287
304
296
288
311
252
289
270
300
261
278
305
316
265
263
279
238
250
269
251
260
281
261
274
271
261
255
272
259
275
261
269
280
281
258
254
268
265
253
262
271
266
263
257
257
251
217
240
241
267
245
280
267
265
261
255
263
249
249
271
240
241
244
235
217
238
249
221
223
295
241
253
266
253
234
269
267
246
244
250
266
238
210
251
236
235
257
254
232
277
258
234
262
254
282
242
259
235
243
251
245
281
253
234
270
242
228
242
268
246
239
277
215
253
250
245
233
290
251
231
223
245
238
247
254
263
243
243
237
237
239
235
242
271
265
262
245
241
243
250
278
258
245
248
227
256
279
228
228
254
260
244
262
237
235
247
226
243
228
261
236
246
244
239
247
247
234
267
256
246
253
257
270
229
240
249
269
244
267
211
247
249
272
234
232
289
277
264
242
245
259
242
242
251
238
255
245
251
273
240
239
289
255
243
267
262
241
251
255
253
241
256
226
263
223
255
239
229
253
215
246
231
214
244
258
242
259
262
263
219
256
258
257
246
249
254
280
271
293
278
272
246
276
296
257
263
243
266
281
275
279
247
250
264
277
253
330
262
256
286
295
294
301
289
290
288
274
302
311
290
311
278
292
323
313
300
299
293
315
321
333
348
316
337
345
331
343
360
339
383
336
361
332
372
354
333
309
376
397
376
368
383
402
376
415
446
399
404
426
405
407
406
418
458
477
499
481
476
503
494
496
499
551
522
569
539
528
617
620
614
628
594
699
689
692
708
778
794
807
811
820
864
862
949
941
1010
1013
1066
1124
1104
1138
1127
1146
1091
1275
1299
1316
1315
1321
1359
1394
1373
1400
1427
1448
1421
1446
1502
1376
1395
1513
1526
1479
1418
1394
1413
1463
1460
1428
1401
1432
1424
1260
1379
1279
1232
1258
1184
1219
1152
1138
1066
1114
992
1048
939
919
908
887
850
876
772
783
746
709
693
639
609
549
627
582
561
528
517
493
469
486
450
433
419
381
391
394
402
375
376
345
370
404
365
349
361
341
318
300
312
339
266
296
291
255
287
255
299
273
246
248
272
265
271
249
242
223
261
251
229
244
243
222
235
217
222
224
226
235
243
242
210
240
205
234
226
196
244
236
271
264
291
282
272
316
352
342
312
344
348
373
384
362
404
372
431
432
427
437
442
462
437
401
456
400
432
441
407
362
401
335
338
337
345
298
301
275
297
279
225
230
200
195
181
201
183
165
145
173
152
155
148
160
172
156
149
151
153
165
162
147
153
157
153
156
151
168
198
165
129
141
174
163
156
168
142
170
188
170
168
178
180
180
194
172
204
199
212
229
214
209
220
210
211
219
231
240
222
257
229
228
228
261
218
244
241
231
263
266
257
250
258
240
252
238
279
266
267
248
224
249
252
245
243
235
275
236
234
247
245
254
241
244
220
199
242
221
215
211
193
190
180
196
203
208
166
186
173
221
144
171
173
176
167
182
147
162
141
154
151
158
140
147
157
138
116
137
119
120
129
123
100
109
114
111
110
111
112
119
114
104
93
115
84
97
87
86
89
83
86
93
74
91
62
82
85
81
69
68
83
79
83
66
80
80
86
69
79
63
81
76
69
75
77
79
75
67
83
67
72
54
59
65
63
53
61
58
62
54
53
57
66
67
38
65
64
64
45
47
51
55
61
49
49
44
53
57
56
49
65
53
50
61
71
50
62
47
71
52
74
77
63
76
64
57
53
76
75
87
78
77
87
69
81
71
92
72
81
94
76
82
66
62
61
70
58
66
62
59
63
62
55
48
43
62
44
46
52
40
31
40
50
43
41
49
43
36
39
37
32
50
35
59
40
36
47
45
47
46
44
46
52
50
58
42
44
45
34
48
39
38
31
32
26
35
33
34
35
26
39
31
38
33
40
22
44
28
33
40
34
37
36
43
30
36
31
42
41
39
39
37
37
33
31
35
29
46
29
25
27
18
34
37
36
34
30
35
34
29
35
36
27
41
22
18
29
24
37
34
31
29
33
22
27
28
36
34
26
20
30
25
28
34
22
22
21
24
31
31
31
48
35
24
33
35
30
40
33
29
27
23
27
29
32
37
26
18
32
29
31
43
30
31
32
29
21
32
27
36
27
13
22
24
25
18
27
26
28
20
35
18
27
23
25
25
17
35
38
15
22
27
44
29
27
30
39
21
26
30
25
23
23
26
31
31
25
26
23
27
15
22
31
29
20
28
25
27
19
25
20
23
26
26
26
27
27
19
18
21
24
19
24
31
36
18
14
14
27
23
24
17
28
22
26
26
23
33
21
17
21
33
24
29
20
17
13
11
25
23
25
21
21
17
15
18
17
22
26
17
14
22
12
28
14
25
22
21
26
13
21
24
29
27
26
22
16
22
24
21
11
16
31
14
12
21
13
29
25
16
16
20
24
16
21
14
14
17
25
27
18
15
20
19
24
22
21
13
14
21
16
18
13
29
11
23
23
18
25
20
18
12
14
14
14
11
20
14
17
13
16
21
15
17
20
21
13
24
15
21
16
15
10
21
9
12
14
11
19
10
7
19
15
10
15
15
17
16
15
20
22
15
18
19
15
15
12
17
14
18
13
15
20
20
11
16
15
17
13
17
21
12
15
17
18
8
12
19
22
21
15
18
8
12
14
26
18
13
16
15
10
23
23
14
8
13
10
10
11
16
16
10
10
9
17
9
14
14
17
12
16
9
20
9
9
12
15
12
11
10
18
14
16
17
14
11
6
13
5
12
11
12
11
10
9
10
13
18
15
9
8
9
11
11
13
8
14
10
14
11
18
11
12
7
12
7
12
16
14
17
9
8
17
13
14
11
7
10
10
13
12
12
10
7
13
11
7
9
8
12
10
12
10
12
13
11
5
14
8
14
12
9
12
10
12
15
10
13
7
9
11
17
15
9
10
6
8
5
9
14
6
15
15
10
7
9
13
9
11
14
12
9
10
9
12
7
16
14
7
14
11
13
9
10
7
4
14
11
9
6
11
8
7
8
16
12
11
6
8
11
6
7
10
10
10
8
10
5
9
10
11
19
14
5
10
13
7
4
9
7
9
5
7
7
5
11
11
15
13
8
7
5
5
15
8
11
13
10
5
14
6
7
11
8
4
5
8
7
14
7
5
3
4
9
8
6
13
10
7
9
4
12
4
7
5
14
10
8
8
5
4
5
7
1
7
10
9
4
6
5
7
10
5
3
7
1
9
9
6
7
4
8
5
4
4
8
5
4
5
7
7
9
7
8
4
9
6
7
5
6
9
1
9
9
11
5
10
12
6
7
6
2
8
6
11
4
7
6
2
11
5
3
7
10
7
11
4
6
9
6
8
4
8
7
5
6
8
3
6
2
7
6
7
3
6
4
4
4
8
5
9
6
6
8
4
2
4
11
6
2
3
1
3
5
7
4
6
7
4
5
6
9
5
4
5
5
6
3
6
6
6
2
2
6
5
3
1
2
3
5
5
7
6
5
6
4
4
7
6
6
5
5
2
8
7
2
6
4
5
6
3
7
7
4
8
7
6
7
4
5
6
5
6
3
7
6
4
2
6
2
2
4
4
9
0
7
6
2
5
3
3
4
3
4
5
2
6
2
2
4
6
2
5
4
2
5
5
3
1
2
5
6
4
2
6
6
4
3
3
5
9
4
2
2
2
7
5
6
2
6
4
7
4
4
1
2
7
4
5
3
5
3
6
5
1
0
2
2
6
3
4
4
3
3
3
1
2
4
2
10
2
2
3
7
6
3
5
1
3
4
2
2
4
5
1
5
3
5
2
1
1
5
2
2
2
1
1
3
1
1
3
1
3
4
1
8
2
2
0
4
1
1
7
3
3
1
2
1
4
4
1
2
5
5
3
2
1
1
0
4
3
2
2
3
1
3
2
2
2
3
3
4
2
3
3
4
3
2
7
2
3
2
5
2
2
6
2
0
3
8
2
3
2
1
6
3
4
2
2
2
5
4
1
3
3
4
5
4
2
2
4
1
2
1
1
2
2
1
0
1
1
1
1
3
1
0
2
1
6
1
3
1
1
3
1
1
3
2
2
1
6
2
1
2
1
1
3
1
0
2
3
2
2
2
3
2
1
3
3
1
2
0
1
3
2
2
3
1
1
1
0
3
2
0
0
3
4
4
3
2
1
2
0
4
0
2
2
2
3
0
7
3
1
5
2
1
0
1
1
1
0
2
1
3
3
2
4
1
0
3
0
0
1
2
1
3
5
1
1
1
4
0
2
2
3
0
0
1
2
1
1
6
2
2
2
1
1
0
2
4
3
0
1
1
5
2
4
0
1
1
0
0
5
2
0
3
0
1
2
3
3
1
1
0
2
1
0
2
3
1
1
4
2
0
0
1
3
1
0
1
0
2
0
2
0
1
0
1
1
1
2
0
0
0
1
4
0
1
1
1
2
1
0
2
0
1
0
1
3
1
0
0
0
0
2
2
1
2
1
1
0
0
4
1
0
3
1
0
0
4
2
0
3
1
1
1
2
1
1
1
2
1
3
2
2
0
2
1
3
1
0
3
1
4
1
0
1
1
0
1
2
2
2
3
2
4
2
1
0
0
0
0
2
1
1
1
0
1
2
1
0
2
0
1
1
3
2
3
0
1
1
1
3
0
1
0
0
0
1
0
1
0
0
1
2
1
1
1
1
0
1
0
1
1
0
0
2
0
1
0
1
1
3
0
0
0
2
1
0
0
0
0
1
1
1
1
1
0
2
0
1
0
1
1
0
2
0
2
0
1
0
0
3
0
1
0
2
0
1
0
0
1
0
0
0
1
2
1
0
0
1
0
0
0
1
2
1
0
1
2
2
1
0
0
1
0
0
0
2
0
0
1
1
0
0
0
2
1
1
1
1
0
0
0
0
1
0
1
0
0
0
1
1
0
0
1
0
1
1
1
0
1
0
0
1
2
0
0
0
0
1
0
1
0
0
0
1
1
1
2
2
0
0
1
0
2
0
1
1
0
1
2
3
2
1
0
0
1
0
0
1
0
0
2
1
2
1
3
0
0
0
1
0
0
0
1
0
2
0
1
0
0
1
0
2
0
1
1
0
0
0
0
0
0
0
2
1
0
0
0
2
0
0
0
0
1
0
1
0
0
0
0
0
4
0
1
1
0
0
1
0
0
1
0
0
0
0
1
1
0
0
0
1
1
0
2
1
2
1
1
0
0
0
0
1
2
1
0
0
0
0
1
0
0
0
0
0
2
0
0
1
1
0
1
0
1
0
1
0
2
0
0
0
0
0
0
1
0
0
0
0
0
1
0
0
0
1
0
0
1
0
0
0
2
0
0
0
1
0
0
0
0
1
0
0
2
0
0
0
2
0
0
0
0
0
0
0
1
0
0
0
0
1
0
0
0
0
0
1
0
0
1
2
0
0
0
0
0
1
0
1
0
0
2
0
0
0
0
0
0
0
1
0
0
0
0
0
0
0
0
0
0
0
0
0
1
0
0
1
1
0
0
0
1
0
0
2
1
0
0
0
0
0
0
1
0
0
0
0
0
1
0
0
0
0
0
0
0
0
0
0
1
0
0
0
2
0
1
0
0
0
0
1
1
0
0
0
0
0
0
0
1
0
0
1
1
0
0
1
0
0
0
0
0
0
0
0
0
0
0
0
0
1
0
0
