0
0
0
0
0
0
0
0
0
0
0
0
0
0
0
0
0
0
0
0
0
0
0
0
0
0
0
0
0
0
0
0
0
0
0
0
0
0
0
0
0
0
0
0
0
0
0
0
0
0
0
0
0
0
0
0
0
0
0
0
0
0
0
0
0
0
3
2
5
2
3
4
6
1
0
4
1
5
1
2
2
3
11
36
115
358
903
2230
4828
9471
17142
27632
40341
54059
66549
73490
73415
66614
54613
41631
28240
17659
9689
5063
2459
953
407
145
60
16
6
3
4
6
6
2
1
0
2
1
2
1
2
1
1
1
0
2
1
0
2
8
80
52
61
60
56
50
58
68
41
32
53
50
72
45
64
38
43
41
48
60
51
53
45
43
43
54
54
55
43
46
44
50
46
46
51
39
44
49
44
41
45
47
59
40
34
46
39
46
40
45
54
37
50
33
36
52
53
54
51
65
62
62
81
69
73
86
120
126
149
227
310
344
452
491
504
534
512
422
412
365
278
207
169
155
139
82
99
60
57
57
50
50
36
46
45
45
42
51
28
36
49
26
38
48
49
43
41
51
46
43
68
67
60
75
73
55
75
84
73
87
100
107
110
147
179
216
309
594
967
1365
2194
3377
4770
6388
8214
9994
11521
13036
13424
13289
12263
11204
9305
7620
5853
4294
3067
2305
1737
1297
940
796
700
590
631
650
760
959
1236
1513
2008
2588
2938
3417
3716
3986
3979
3702
3380
2894
2498
1943
1422
1070
812
601
452
396
320
304
261
218
179
168
119
106
70
55
39
32
20
17
12
9
14
12
10
14
11
9
12
12
6
11
14
9
10
11
9
9
11
12
14
9
8
10
10
13
10
9
7
15
9
13
10
12
23
24
17
24
25
28
30
28
31
26
25
23
27
28
26
18
19
23
24
25
31
31
20
23
25
19
20
25
28
30
15
19
18
31
30
24
26
18
14
14
14
12
10
16
6
5
4
8
6
10
10
3
13
9
8
7
8
9
5
6
4
3
9
10
10
8
6
3
3
8
4
3
11
7
6
14
6
9
8
7
8
10
14
16
17
17
14
16
6
14
8
9
6
8
12
6
11
10
13
12
1
7
12
11
11
10
9
6
15
19
12
16
15
16
12
9
9
13
10
9
12
8
5
6
5
6
5
8
4
10
9
5
7
10
9
4
9
10
11
14
10
7
12
10
8
11
8
6
5
6
6
9
11
3
7
10
6
11
4
5
5
5
10
4
8
6
4
5
15
6
5
7
5
15
5
8
6
7
10
7
9
6
10
4
8
15
5
9
6
10
9
8
9
12
10
8
10
4
7
9
7
10
5
10
12
12
4
6
7
2
2
9
12
11
8
9
11
5
7
16
12
9
7
9
4
8
9
8
11
5
6
9
9
6
9
14
8
8
9
11
7
13
14
9
12
10
11
18
13
12
11
14
13
10
7
16
10
10
16
7
10
10
6
11
9
15
10
9
17
10
8
13
14
5
8
11
14
10
19
19
11
14
10
21
15
10
15
14
17
14
30
13
14
15
15
23
19
24
26
32
19
32
25
27
24
31
16
22
31
25
28
26
23
21
27
33
43
34
27
30
34
31
23
34
22
21
21
27
27
29
27
28
18
28
31
19
20
14
25
18
16
19
22
22
27
20
21
17
25
18
16
17
21
20
31
18
13
19
21
21
25
24
25
29
28
22
19
19
23
34
33
33
32
27
25
27
28
27
21
19
28
31
28
18
21
23
25
30
33
32
28
31
29
36
27
33
35
25
33
38
29
33
41
35
41
37
35
35
39
38
33
35
47
41
35
41
35
36
42
38
39
41
36
43
60
43
40
40
40
42
37
50
48
40
40
55
43
60
51
57
43
39
38
60
57
63
56
66
41
47
70
52
76
56
61
69
64
73
59
71
71
62
66
81
89
83
82
81
67
96
80
99
107
111
134
130
134
158
127
180
142
167
157
187
166
197
169
181
179
175
150
150
119
132
113
107
98
102
90
79
90
79
100
101
102
78
73
91
78
90
88
71
73
78
77
92
78
68
76
94
76
88
81
87
81
95
84
81
84
71
56
74
85
79
67
77
79
83
78
92
70
74
71
76
79
73
71
56
89
66
80
71
58
71
66
66
83
57
79
73
73
67
69
85
83
72
64
66
66
76
75
82
82
62
95
66
78
74
80
84
85
74
74
76
84
78
70
74
86
72
75
89
66
83
84
91
101
69
95
94
73
100
85
86
89
93
98
98
92
86
86
109
90
87
99
88
82
76
108
103
90
89
95
91
110
116
102
130
105
117
138
113
131
113
154
138
148
154
175
178
222
244
371
440
574
725
957
1252
1603
1963
2488
3042
3901
4495
5296
6301
7069
7953
8723
9374
9953
10141
10611
10369
10246
9772
9163
8643
7906
6871
5926
5167
4551
3798
3040
2369
1800
1494
1114
912
663
537
392
316
252
176
185
149
139
127
108
119
119
111
99
129
104
139
118
116
115
123
120
99
119
115
124
140
126
123
107
112
123
138
141
127
116
112
128
115
151
140
152
127
116
117
131
140
131
131
130
124
112
132
141
161
150
149
144
163
158
160
171
179
201
216
222
246
295
343
380
445
481
525
614
779
846
1001
1064
1129
1283
1408
1415
1522
1507
1472
1432
1378
1317
1234
1149
1012
949
870
743
698
564
476
401
359
308
263
232
225
187
180
180
193
159
162
159
159
164
161
150
159
173
187
177
207
201
208
205
218
238
227
179
229
222
237
246
265
266
249
266
260
266
246
253
253
285
252
283
265
291
294
304
283
289
260
284
268
290
275
241
272
279
294
278
281
258
255
262
260
284
257
257
240
283
243
248
237
255
262
261
250
223
237
276
224
253
255
223
202
230
229
230
209
234
247
238
241
230
232
236
211
230
234
245
220
246
238
235
243
252
227
237
236
250
241
249
209
221
248
240
240
187
231
222
225
229
231
224
222
222
222
220
228
189
244
231
248
222
205
197
223
203
195
206
205
214
214
188
212
213
200
185
203
220
214
230
172
194
203
215
205
205
189
188
178
195
198
192
191
206
174
214
143
198
197
171
192
186
167
214
202
202
185
199
175
205
181
168
195
176
182
180
207
200
205
188
209
214
181
193
198
194
195
180
206
192
192
204
192
179
222
200
183
176
175
196
217
224
211
185
214
216
217
222
216
226
206
217
210
223
229
225
228
235
240
258
249
242
242
228
251
236
233
264
238
261
259
218
263
232
236
256
265
255
281
279
251
267
245
268
277
248
302
254
205
277
247
245
250
234
238
295
234
241
260
249
271
247
268
266
233
252
217
265
227
235
246
224
254
243
240
230
240
253
262
240
212
237
211
231
228
226
225
232
234
258
277
204
219
244
255
216
251
228
258
251
221
224
220
222
241
250
243
235
240
250
218
274
230
222
226
226
245
226
242
245
230
263
261
252
245
261
225
243
249
231
231
262
239
228
230
244
261
232
233
236
241
259
271
254
242
220
234
240
255
243
288
258
249
248
260
239
266
257
220
258
241
236
261
259
249
221
298
235
254
271
265
241
238
274
277
240
274
244
252
259
257
257
269
241
255
286
261
281
269
257
251
271
258
288
284
240
283
251
262
283
265
272
255
268
241
266
247
277
289
271
263
318
260
288
261
294
242
280
269
286
278
262
259
285
277
276
271
278
307
312
274
298
286
269
246
289
279
236
271
291
294
302
266
293
282
282
282
272
297
301
284
254
284
272
293
302
268
280
295
305
275
292
311
294
295
272
285
274
295
304
301
295
280
267
276
267
287
310
294
261
268
241
265
259
269
260
281
278
272
288
291
292
262
266
290
253
266
298
269
277
260
269
236
282
270
286
278
252
277
258
260
258
214
274
232
273
248
272
241
234
258
270
238
243
246
225
263
240
253
244
219
231
247
260
239
248
298
261
255
238
242
229
243
224
254
244
247
282
247
248
259
243
248
244
231
246
251
239
232
230
252
263
247
244
233
236
233
258
251
267
259
271
268
264
251
222
250
248
253
233
259
280
256
260
282
266
252
255
256
232
277
266
240
248
289
269
252
276
253
289
257
235
264
269
276
247
280
267
269
246
245
246
259
251
259
248
247
220
246
253
248
253
231
237
247
267
241
246
231
247
223
274
230
245
259
255
212
251
219
265
257
234
225
258
246
296
240
253
242
246
241
235
252
280
248
252
300
247
245
248
238
246
247
282
259
252
246
229
227
263
265
255
282
223
233
267
265
224
262
260
251
304
248
268
252
297
250
269
258
247
213
253
257
280
254
248
254
253
262
260
258
238
270
255
264
263
229
280
257
285
261
270
296
286
284
257
288
276
295
284
286
255
265
294
286
262
304
282
288
270
245
292
270
290
302
294
292
308
315
295
312
296
321
329
338
326
306
336
303
298
358
328
300
371
342
330
347
336
316
347
368
343
366
359
354
392
390
361
371
399
372
356
383
391
410
432
393
424
430
432
430
482
461
454
460
449
493
490
491
530
498
535
587
566
563
608
623
640
624
682
661
700
745
762
817
719
837
841
867
846
886
969
973
995
1087
998
1026
1112
1142
1195
1185
1254
1266
1275
1331
1296
1357
1353
1364
1381
1354
1424
1413
1420
1493
1511
1409
1412
1441
1527
1497
1400
1431
1357
1411
1396
1353
1356
1325
1299
1321
1226
1191
1228
1150
1120
1129
1133
1053
1007
1072
969
983
951
876
932
825
829
817
728
744
739
637
679
645
640
583
573
512
513
530
528
539
466
466
456
449
414
427
419
417
392
397
370
417
380
372
341
328
353
314
323
298
285
317
298
296
286
297
272
297
287
274
266
267
223
258
210
258
268
227
246
240
240
224
225
212
222
254
242
224
251
212
247
229
195
229
239
206
236
244
276
278
277
288
310
283
314
329
354
345
372
366
420
427
429
432
450
425
437
520
446
460
454
492
491
486
431
438
400
425
420
393
370
408
370
334
334
309
307
285
249
259
243
211
225
218
181
200
175
177
168
159
165
156
127
176
159
150
146
177
163
153
143
155
165
137
150
160
186
145
162
149
172
146
171
144
173
178
165
179
190
183
172
194
192
203
183
183
182
204
191
200
202
221
221
227
221
205
216
209
241
220
229
236
269
236
231
264
269
255
271
244
262
240
220
262
234
258
231
260
261
226
225
243
239
255
240
250
240
249
230
214
212
237
209
238
216
234
218
187
225
203
194
182
193
207
202
194
174
172
194
181
188
163
158
197
174
156
170
159
140
129
154
148
148
123
130
130
126
105
137
117
118
127
108
119
113
101
107
109
111
103
104
119
88
76
93
121
73
89
76
98
100
78
81
74
76
67
87
93
80
78
90
63
71
71
85
67
72
75
58
71
78
67
56
71
52
59
57
53
60
66
67
63
61
73
63
86
62
55
71
53
69
65
67
57
71
53
54
63
54
59
52
60
51
54
62
66
57
63
53
54
60
66
49
64
63
57
65
58
62
55
48
65
67
63
74
66
73
63
75
65
65
64
79
84
56
74
78
75
70
83
64
73
67
55
64
79
68
66
55
48
46
51
35
56
39
51
50
39
42
62
42
46
49
49
53
38
48
37
39
36
45
38
40
55
47
45
42
56
43
29
45
63
33
38
39
50
42
43
31
43
34
32
32
29
37
45
35
47
43
43
23
31
29
31
33
27
36
37
32
29
24
24
40
32
36
31
32
25
35
36
40
32
28
32
26
29
44
29
41
29
39
28
40
30
37
31
42
32
32
31
45
36
25
40
26
26
29
24
28
37
24
31
24
23
32
30
41
34
36
24
18
25
26
35
27
29
26
31
31
29
31
23
23
25
32
24
34
31
16
25
36
31
22
34
26
34
29
31
30
32
28
34
21
24
25
23
38
26
27
30
32
30
23
22
18
27
30
24
23
14
27
23
25
22
22
35
31
24
28
23
36
36
17
27
20
31
34
20
23
27
19
24
27
26
20
31
29
28
15
18
24
18
27
23
25
26
20
28
28
24
26
24
19
25
17
30
26
24
26
31
18
20
21
23
19
25
20
23
23
23
14
11
19
26
15
23
20
16
26
25
19
24
17
19
17
26
31
30
18
13
24
25
26
15
21
24
18
14
21
17
15
13
29
27
14
16
25
31
23
20
22
25
24
13
20
20
19
21
23
20
16
21
22
22
19
21
20
26
20
21
16
12
18
17
12
30
24
20
17
16
15
17
22
13
20
23
18
15
19
20
21
16
14
21
11
17
19
17
12
19
18
20
15
11
24
17
16
17
15
17
24
19
22
12
20
23
18
18
13
15
15
12
11
14
28
15
19
9
15
17
17
14
15
19
11
22
5
19
8
16
11
12
15
21
15
19
15
16
13
21
13
19
18
14
18
19
20
12
14
17
17
14
10
18
13
21
10
13
9
14
16
14
9
13
15
8
15
10
11
15
13
14
10
12
17
9
14
12
11
10
14
13
11
9
9
9
10
15
14
10
11
8
13
10
13
17
8
13
16
8
15
10
14
12
8
12
16
14
8
15
15
7
12
6
14
14
12
9
14
10
9
15
11
14
6
16
9
10
6
11
10
10
11
12
12
18
11
13
20
16
11
9
10
8
15
11
9
13
8
13
12
16
17
11
9
12
13
13
6
11
15
9
11
13
14
11
4
14
9
15
13
8
14
7
10
13
16
5
9
10
8
6
14
9
12
8
15
10
11
8
11
14
11
6
8
5
7
6
9
4
5
8
8
11
11
10
6
9
7
17
10
15
10
11
7
14
10
13
3
5
10
9
11
8
15
6
8
9
12
8
14
6
10
9
9
11
8
4
5
11
11
10
7
6
8
12
7
5
13
7
6
6
8
9
8
8
9
15
12
8
8
3
3
17
7
6
6
9
4
8
3
6
12
5
8
6
10
9
8
9
6
5
4
7
7
11
9
9
5
8
6
9
10
10
8
7
5
7
6
4
4
8
7
11
7
3
4
4
7
5
1
5
3
4
8
7
12
6
5
7
4
6
7
5
2
7
11
5
6
5
7
5
5
3
5
3
5
10
5
9
3
9
2
10
11
7
6
7
8
8
10
11
8
7
9
9
9
7
6
1
6
7
6
3
6
6
4
4
7
4
7
4
6
5
12
6
6
4
5
3
3
4
7
5
8
8
1
3
3
5
4
8
5
5
2
5
3
2
4
7
4
5
2
5
3
8
3
6
8
3
5
9
8
6
2
4
7
5
4
6
1
4
4
5
7
6
3
9
5
5
6
9
3
4
5
4
2
3
7
4
7
9
1
2
5
4
1
4
4
7
4
3
6
5
6
4
2
3
4
4
5
6
7
4
4
3
3
4
4
1
2
5
3
0
2
1
9
6
5
4
1
5
8
6
5
5
1
2
1
3
2
5
4
5
4
4
3
1
3
4
5
4
1
0
8
0
3
5
6
3
2
3
4
4
3
1
2
2
1
5
6
0
3
5
7
0
2
3
3
5
1
4
6
3
5
7
3
1
3
2
3
5
3
3
2
3
3
2
2
5
1
0
8
3
3
4
3
2
4
4
1
3
4
3
3
5
3
5
2
1
4
2
3
0
7
3
6
3
3
4
2
2
6
5
2
2
2
3
6
5
5
2
1
2
4
1
4
3
4
2
2
3
4
4
2
0
2
2
6
4
1
3
4
2
5
1
2
0
3
3
0
1
1
3
1
2
2
0
3
1
1
4
2
2
2
2
0
1
1
4
2
2
2
2
1
5
4
2
4
3
3
3
2
2
1
4
3
2
3
1
2
1
0
2
0
1
2
3
5
2
2
4
4
3
4
3
5
2
2
1
4
3
2
2
1
1
2
1
2
3
4
3
1
2
4
3
1
1
0
4
2
3
1
1
3
2
0
1
1
1
2
1
2
2
0
1
1
5
1
1
0
3
1
0
2
0
0
1
3
2
2
1
0
1
4
2
3
3
1
1
1
1
6
3
0
3
1
3
2
0
0
1
2
0
3
2
0
1
0
1
1
1
2
0
0
1
0
0
1
1
3
1
1
0
3
2
0
0
2
1
0
2
2
0
2
1
0
1
1
1
2
1
3
1
0
1
2
2
1
0
0
2
1
5
1
0
0
2
0
2
2
0
0
2
1
0
1
2
2
3
0
0
0
0
2
0
1
0
2
2
1
2
1
3
5
1
1
0
3
0
0
0
0
2
0
3
1
2
0
0
1
0
3
0
0
2
0
0
1
1
0
3
1
2
3
0
2
1
0
0
0
4
1
1
2
1
0
0
2
0
1
0
2
3
0
0
1
2
1
1
1
0
1
1
2
1
0
0
2
2
2
1
1
0
0
2
1
2
2
1
1
3
2
1
1
0
1
0
1
1
2
2
0
1
0
0
1
1
0
1
0
0
0
2
1
1
0
0
0
0
0
0
0
0
0
0
1
0
0
1
0
1
0
1
2
2
1
3
1
0
0
0
1
2
0
0
1
0
0
2
0
2
0
0
0
0
1
1
0
3
0
0
0
0
0
1
1
0
0
0
0
1
0
0
0
1
1
0
0
2
1
0
2
1
1
1
1
0
0
0
2
1
2
2
0
1
0
4
0
0
0
1
1
1
0
2
1
1
0
1
1
0
0
0
0
1
1
2
1
2
1
0
0
0
0
1
0
0
0
0
0
0
1
0
0
0
0
0
0
0
0
0
1
2
1
1
0
0
1
2
1
3
1
0
0
0
0
0
2
1
1
0
0
0
0
0
0
1
0
0
0
2
0
3
1
0
1
1
0
2
0
1
0
1
0
0
0
1
1
3
0
2
1
0
0
1
0
0
1
0
1
0
0
0
1
0
1
0
0
0
0
0
0
0
2
1
0
0
1
1
0
0
1
2
1
0
0
0
0
1
0
0
1
0
0
0
0
1
0
0
1
2
0
2
0
0
1
1
1
0
0
2
0
1
0
1
1
1
1
1
0
0
0
0
0
1
0
0
0
0
1
0
0
0
1
0
1
0
0
0
1
1
0
0
1
1
0
1
0
0
0
0
0
0
0
0
0
0
1
1
0
0
1
0
0
0
1
0
0
0
1
0
0
0
0
0
0
1
0
3
0
0
0
0
0
0
2
0
0
0
0
0
0
1
0
0
1
0
1
0
0
0
1
0
0
0
0
0
1
0
2
0
1
0
0
0
0
0
0
1
2
0
0
0
0
0
0
1
0
0
0
1
0
0
1
0
0
1
0
3
0
1
1
0
0
0
0
0
0
0
0
0
0
0
1
0
0
1
2
1
0
0
0
0
0
0
0
0
0
0
0
1
0
0
0
1
0
0
0
0
0
0
0
1
2
0
0
0
1
0
0
0
0
0
0
0
0
1
0
0
0
0
0
0
0
0
0
0
0
0
0
0
0
0
0
0
0
0
1
0
0
0
0
0
1
0
0
0
0
0
0
0
0
0
