0
0
0
0
0
0
0
0
0
0
0
0
0
0
0
0
0
0
0
0
0
0
0
0
0
0
0
0
0
0
0
0
0
0
0
0
0
0
0
0
0
0
0
0
0
0
0
0
0
0
0
0
0
0
0
0
0
0
0
0
0
0
0
0
0
1
0
1
1
4
3
4
1
1
3
7
3
2
4
7
3
1
14
45
129
331
934
2222
4787
9368
17256
27599
40482
54479
66458
73536
73256
66231
55356
41268
28010
17437
9824
4928
2365
1035
392
121
44
12
6
1
3
2
3
2
1
1
3
1
3
1
0
2
2
0
1
0
0
0
0
6
65
65
64
55
65
52
60
56
59
46
45
62
58
58
51
61
62
51
47
47
53
56
57
54
53
43
53
53
51
53
49
50
47
56
42
36
53
39
31
51
51
38
56
53
38
37
50
54
40
55
46
45
51
49
33
49
55
57
47
72
70
60
71
74
84
81
140
138
194
231
284
308
414
555
517
497
556
472
417
338
318
229
182
149
113
90
63
63
49
53
53
50
49
45
42
45
36
46
37
41
37
36
45
53
23
47
43
50
46
44
43
56
64
60
75
71
68
86
72
95
103
103
96
131
179
252
350
561
940
1463
2243
3285
4771
6425
8351
10142
11556
12924
13442
13281
12234
11023
9328
7648
5792
4290
3085
2318
1593
1285
1012
816
695
595
605
635
760
942
1216
1577
2070
2488
2974
3401
3751
3911
3961
3645
3404
2865
2415
1894
1492
1078
804
638
458
380
352
309
255
214
183
150
133
91
76
56
39
35
26
13
18
15
13
8
10
11
11
6
12
4
7
15
11
9
10
12
10
11
8
9
11
13
15
15
11
9
11
12
10
9
9
14
17
19
18
21
25
22
23
27
37
26
42
28
25
37
29
32
23
18
24
25
26
25
22
35
32
28
31
30
26
23
28
19
21
21
26
20
19
26
17
21
10
14
14
8
11
8
16
8
13
9
8
7
8
4
8
9
7
12
9
10
6
3
5
6
11
2
8
8
9
8
11
9
6
7
5
9
4
10
6
6
5
7
9
5
9
8
13
8
15
15
10
11
11
10
10
8
11
9
7
7
5
6
5
15
11
13
15
10
13
19
7
8
13
13
14
16
12
10
7
12
10
13
11
9
6
8
9
9
11
8
7
6
4
10
7
9
10
8
10
7
12
8
7
9
9
8
7
10
11
7
9
8
5
5
12
7
7
6
12
11
4
5
8
7
6
5
8
7
7
5
9
9
9
2
10
8
14
9
12
7
5
6
3
5
3
8
7
10
9
5
5
6
7
12
9
9
4
11
9
3
13
6
5
6
2
7
6
12
7
10
4
10
15
3
6
11
9
9
11
6
8
6
14
10
7
5
14
8
8
4
10
8
10
13
10
13
12
7
6
13
12
9
7
11
9
17
16
9
7
10
11
11
12
5
10
10
10
14
8
8
10
9
12
15
4
9
12
13
15
14
14
15
13
9
5
8
11
13
18
15
20
12
7
19
12
14
13
18
17
17
16
13
18
16
17
13
15
20
28
20
25
24
25
20
30
37
25
32
31
29
23
26
29
25
37
41
34
41
21
28
28
35
19
28
27
21
27
31
23
25
25
21
27
29
24
25
28
18
17
28
18
25
15
22
19
21
22
28
9
23
24
15
18
20
15
27
26
34
24
14
23
16
25
16
20
25
16
20
28
27
20
27
19
25
21
37
28
35
22
33
29
30
30
20
19
24
40
28
25
37
29
37
28
26
28
36
30
28
34
36
34
32
42
33
36
49
38
39
22
46
40
29
41
27
36
47
42
32
34
41
44
37
43
35
56
37
48
36
40
42
40
49
44
54
41
55
52
42
41
51
51
50
52
64
49
65
51
59
59
58
53
50
44
63
65
65
69
60
58
70
66
57
69
63
75
85
75
66
78
76
83
85
101
107
93
95
122
134
132
121
162
133
161
176
154
180
165
171
187
170
168
150
144
154
163
137
109
135
125
110
97
99
76
92
91
91
84
79
101
93
93
84
80
83
90
100
82
88
77
96
91
92
68
92
76
83
77
87
75
82
71
81
81
80
80
81
84
76
95
80
60
69
64
79
74
76
70
69
65
65
64
56
70
69
65
72
82
77
76
73
85
89
83
72
65
83
65
69
74
87
78
77
77
88
86
72
75
89
63
72
88
71
86
70
92
75
85
84
60
90
79
69
69
91
85
63
70
76
95
78
81
83
82
97
91
91
77
114
87
93
98
94
82
109
78
108
98
95
86
88
92
108
106
97
82
119
114
102
103
121
112
104
114
117
95
118
152
156
160
168
179
192
227
284
322
478
517
716
964
1226
1594
1995
2533
3077
3911
4465
5404
6205
7160
8002
8786
9256
9873
10204
10306
10480
10127
9725
9223
8396
7859
6966
6152
5304
4559
3524
2980
2381
1926
1434
1058
796
718
511
409
314
245
226
175
150
130
106
113
134
116
112
114
100
108
127
128
119
101
105
129
123
108
120
130
122
102
136
118
115
115
128
130
113
111
111
95
126
109
112
125
113
133
120
147
138
103
131
138
138
115
133
138
127
132
145
149
155
164
169
159
164
197
209
223
274
265
298
362
411
496
596
678
734
864
942
1076
1207
1265
1351
1410
1403
1494
1440
1395
1375
1333
1299
1170
1072
997
866
711
636
557
496
415
376
302
278
237
229
197
183
162
180
162
161
162
147
154
165
164
161
172
184
179
200
178
188
202
220
203
209
206
211
254
260
229
254
262
258
245
268
272
260
270
311
263
265
280
262
309
279
268
290
256
283
285
298
283
259
290
283
279
249
261
248
267
250
254
241
257
246
269
252
237
267
236
250
248
262
264
230
251
244
233
252
220
216
245
273
210
215
222
249
242
252
232
256
255
236
246
223
244
236
214
230
225
234
232
239
207
242
244
233
231
242
249
219
217
210
242
227
218
248
228
234
220
235
248
230
235
213
208
228
235
198
210
209
230
226
182
208
208
200
222
231
186
206
203
225
174
208
196
226
187
211
199
194
203
204
172
198
200
185
213
171
194
204
187
189
207
173
212
193
181
206
214
180
214
197
193
173
198
163
197
201
177
206
210
203
209
203
203
220
184
198
197
192
180
180
195
199
184
198
170
173
195
201
202
193
194
233
195
202
226
179
209
229
208
251
234
210
218
209
225
217
216
213
233
253
251
208
212
233
248
224
211
235
234
233
253
217
241
214
250
255
255
253
262
265
265
251
277
262
235
253
274
244
243
269
248
244
259
261
253
245
250
266
296
240
282
270
259
218
270
273
256
236
262
238
236
267
260
252
209
249
267
232
201
249
264
245
234
231
221
268
225
224
243
242
231
218
235
236
226
266
236
253
248
231
213
234
248
223
229
251
240
246
207
232
237
250
250
211
254
222
226
234
231
254
238
216
257
253
231
246
231
248
259
239
232
262
230
226
233
230
255
242
230
250
240
256
232
248
221
241
237
253
235
267
236
244
284
235
239
275
245
250
237
288
298
256
279
277
259
252
261
268
264
256
270
254
259
241
244
264
249
245
267
232
274
265
235
278
246
264
251
263
265
251
303
264
218
279
272
291
268
253
270
298
258
267
269
243
259
292
279
256
265
257
270
288
262
276
299
282
310
266
270
259
292
265
294
295
271
273
292
274
260
279
269
259
279
277
267
288
264
289
266
303
302
267
290
317
284
296
301
317
286
273
267
301
281
270
274
296
272
291
274
275
270
275
258
271
284
320
283
289
270
304
299
306
298
309
289
322
276
255
298
285
262
272
300
261
286
276
283
266
296
268
261
301
280
295
267
280
273
291
307
305
273
303
276
308
243
275
260
266
291
273
287
280
283
275
262
268
249
256
278
245
255
305
256
225
267
263
277
259
278
231
258
260
249
265
270
274
246
258
255
248
237
244
250
251
257
280
251
227
270
231
266
267
274
242
253
240
269
239
258
258
259
214
257
261
291
268
252
237
248
257
273
261
270
249
291
254
263
268
231
258
270
237
239
263
286
223
253
256
261
239
239
262
291
273
280
237
240
256
253
254
232
271
225
239
250
265
250
259
260
229
259
252
275
277
277
233
209
230
270
256
231
244
234
232
245
268
274
245
248
237
233
205
250
255
257
278
256
228
255
245
235
263
263
239
248
259
245
258
247
239
233
253
264
228
240
228
244
228
276
251
231
278
250
238
261
226
257
257
250
252
251
214
249
237
230
233
237
249
236
260
239
240
226
239
261
214
228
236
249
245
264
257
255
232
246
245
245
275
258
239
259
267
239
256
238
253
269
245
272
250
277
256
223
278
303
262
296
255
251
272
270
254
265
289
282
274
256
295
274
275
284
288
266
289
275
258
263
281
262
285
293
291
286
288
306
276
293
317
315
303
295
306
295
312
319
329
298
301
328
311
345
329
330
339
365
345
338
366
305
333
342
390
363
360
372
365
396
354
391
394
379
400
401
428
425
404
437
444
440
424
435
456
454
463
468
502
501
534
525
520
552
578
574
572
622
613
672
659
721
738
771
744
736
774
879
861
826
902
897
951
1024
1027
1084
1073
1061
1112
1150
1177
1206
1215
1283
1291
1280
1324
1362
1390
1363
1371
1373
1440
1444
1457
1501
1465
1535
1526
1420
1385
1415
1406
1408
1431
1478
1403
1370
1310
1280
1281
1294
1232
1235
1209
1177
1115
1133
1061
1049
1018
986
982
972
851
895
817
791
799
739
699
740
763
655
668
607
563
568
569
564
537
530
512
463
466
458
429
443
415
358
434
388
369
386
341
335
379
348
342
359
328
291
302
314
311
312
265
290
263
291
274
304
252
242
244
297
253
244
254
224
264
220
223
234
244
199
237
236
204
217
246
210
206
227
219
223
213
235
254
267
265
285
248
279
279
316
306
323
304
368
340
340
386
421
408
432
392
449
433
454
485
449
488
459
529
458
440
464
460
441
445
411
388
398
363
355
350
334
288
313
256
279
248
219
239
205
187
200
168
193
176
191
166
170
141
156
143
118
173
173
165
162
169
139
145
156
155
156
151
169
167
163
151
148
173
145
155
204
167
174
161
169
181
194
198
191
207
201
185
204
213
201
197
214
197
208
207
209
217
228
228
211
235
234
240
251
256
239
251
259
258
232
241
260
244
267
288
279
222
258
244
237
243
238
268
263
276
227
242
251
250
238
242
252
217
232
224
238
213
250
213
216
208
212
194
195
193
199
182
169
167
172
166
183
181
160
162
143
142
153
132
140
132
151
124
129
137
135
117
126
145
116
122
119
125
135
115
106
104
109
107
98
114
97
93
99
76
86
91
110
74
77
65
85
89
79
90
85
83
77
71
82
81
76
86
79
69
74
53
67
67
82
72
63
65
61
64
65
67
74
76
60
71
72
61
55
62
67
55
61
60
68
52
51
55
57
52
51
55
61
64
56
50
59
45
59
50
46
53
53
43
61
59
56
49
48
56
64
51
68
57
65
61
65
84
80
63
73
76
62
72
72
74
81
79
64
81
83
66
79
76
75
74
88
97
70
64
73
73
60
68
57
56
60
56
43
59
46
53
37
53
48
57
45
47
46
56
45
46
40
53
45
39
55
37
40
40
38
54
38
44
46
41
43
36
43
46
29
38
40
52
38
30
38
45
37
43
46
30
40
37
35
30
29
40
32
39
34
27
31
40
40
33
42
41
32
41
31
49
30
42
38
36
34
34
30
43
29
26
40
34
24
35
37
23
39
32
36
31
33
33
38
29
28
30
34
19
40
24
28
44
26
26
29
31
27
28
35
32
33
35
31
37
29
30
25
37
25
27
29
29
26
31
28
21
36
30
32
27
30
38
22
30
29
31
36
33
30
28
30
29
26
25
29
22
15
24
32
34
20
28
25
22
29
19
25
23
30
23
32
28
23
41
19
20
25
34
24
26
21
24
21
27
26
28
27
28
17
32
27
17
23
25
25
23
29
28
24
25
25
18
24
22
29
31
31
16
18
26
27
32
33
27
23
26
26
25
18
23
25
29
23
22
26
34
26
20
17
23
22
25
33
20
22
21
25
16
18
25
23
20
14
24
19
22
26
19
21
19
27
20
20
18
19
20
25
19
27
29
21
13
18
21
18
16
17
20
26
23
14
21
14
17
24
19
23
15
19
17
17
18
22
14
16
18
17
14
25
20
28
12
19
16
13
20
24
20
23
17
17
22
17
18
17
18
13
23
21
14
8
19
15
9
17
22
24
24
17
17
21
13
17
10
12
18
19
16
21
17
17
17
22
21
17
19
16
15
9
19
15
16
23
17
11
15
14
21
22
17
12
14
17
16
16
14
13
21
15
15
15
18
12
18
7
15
15
11
20
12
6
11
16
18
14
15
16
11
18
18
22
10
12
12
11
15
16
12
10
13
10
20
14
13
18
12
15
13
19
12
7
17
7
14
8
10
15
19
20
11
12
12
14
11
17
12
13
14
18
13
9
10
13
10
19
11
13
12
10
16
7
9
14
21
9
14
19
9
10
9
8
8
13
10
10
15
13
10
8
16
17
14
6
13
6
8
10
13
12
9
12
11
14
13
9
4
12
9
19
10
8
16
16
11
14
15
11
8
18
6
13
10
11
13
10
10
7
9
10
11
11
10
7
8
6
16
9
8
7
12
11
13
12
16
9
12
9
9
5
5
17
10
10
10
10
7
12
13
10
10
16
9
13
15
14
15
7
4
6
11
8
11
9
8
16
8
7
8
6
9
9
6
11
13
12
6
9
11
4
10
15
13
8
8
6
9
7
16
7
10
9
5
11
9
9
12
15
11
13
12
12
5
10
9
7
6
10
9
6
7
9
10
9
7
7
9
13
6
8
6
8
8
12
6
7
7
12
7
4
12
7
9
5
3
3
9
6
11
9
14
4
9
11
7
10
4
10
4
8
6
4
4
11
6
11
6
6
8
9
4
12
4
10
7
9
6
10
5
11
7
8
8
9
6
6
3
5
4
10
6
3
7
7
5
12
8
7
4
4
4
4
5
9
7
4
8
7
5
11
4
8
11
12
2
5
12
5
11
6
9
7
7
7
2
5
3
8
5
7
4
5
7
5
4
6
6
12
2
7
6
4
3
8
5
7
4
6
5
7
4
8
3
4
3
5
6
1
3
4
6
6
4
4
6
4
5
3
5
4
5
2
6
2
8
4
6
4
5
5
5
4
5
3
7
3
8
5
1
3
4
8
11
4
4
6
4
2
4
5
3
8
8
6
6
2
1
4
9
5
4
3
4
2
3
2
5
4
7
4
1
2
2
4
7
5
6
3
5
7
1
8
6
3
4
4
6
6
1
4
3
5
8
3
1
3
2
3
1
2
8
4
2
9
8
3
6
5
3
0
5
1
7
4
1
6
1
3
2
1
1
4
4
5
4
5
2
4
3
4
3
4
2
4
4
4
3
1
3
4
2
3
2
1
2
0
1
3
5
5
3
4
1
4
2
3
4
7
2
6
7
1
1
1
5
0
1
1
1
4
6
4
5
4
2
2
6
2
2
4
3
5
0
4
3
2
3
3
2
3
2
4
4
1
4
6
5
7
5
3
2
2
1
3
1
1
4
2
3
2
4
0
5
3
2
6
4
2
5
2
2
5
1
2
3
3
2
2
3
4
6
5
1
3
2
3
5
3
2
2
1
4
0
2
5
1
2
2
3
1
5
4
0
2
3
5
1
3
4
4
3
4
6
3
2
2
3
0
3
2
3
1
3
1
3
4
0
0
0
1
4
2
2
5
0
2
3
4
1
4
3
1
0
3
1
2
1
4
1
4
1
1
0
2
3
2
3
5
1
2
1
2
3
2
2
2
3
2
1
2
2
2
3
3
3
0
3
1
1
1
3
0
2
0
1
0
4
3
0
4
1
1
2
0
1
2
0
2
2
2
4
3
0
2
1
1
5
4
2
3
1
1
2
0
1
2
3
0
3
2
7
2
1
2
1
1
1
2
2
1
1
2
3
2
1
2
0
2
4
3
1
1
4
1
2
1
0
0
2
1
4
1
0
2
1
1
1
1
1
1
3
1
0
0
2
0
2
1
1
2
0
1
1
0
1
1
1
0
2
1
0
0
3
0
0
1
3
0
0
0
2
1
2
1
0
1
1
1
3
0
0
2
1
0
2
3
0
1
0
1
1
1
2
1
1
0
1
1
3
0
0
1
2
1
1
2
3
1
1
0
1
1
2
2
0
2
0
0
0
3
0
1
0
2
0
2
1
0
0
0
1
1
3
0
2
1
0
1
2
3
0
1
1
2
1
1
2
0
3
0
1
1
2
1
0
1
0
0
0
0
0
1
1
0
1
1
2
1
0
2
1
2
2
1
1
0
0
1
1
1
1
0
1
1
1
1
0
0
2
1
0
0
0
1
1
1
1
1
0
0
1
2
1
1
0
2
1
2
0
0
1
0
1
0
0
1
2
0
0
1
0
1
2
0
2
0
2
2
2
1
1
0
0
1
1
1
0
0
2
3
1
0
0
1
1
1
0
0
2
0
0
0
0
1
1
1
1
0
0
0
2
1
2
0
1
0
2
0
0
1
1
0
0
0
0
1
0
2
0
0
0
1
0
0
0
1
1
0
1
0
0
0
0
0
0
0
1
1
0
0
2
1
3
0
1
0
0
0
0
1
0
1
0
0
1
0
3
0
1
1
0
1
0
0
1
0
0
0
0
0
1
0
1
1
0
1
0
0
2
0
1
0
2
0
1
0
2
1
1
0
0
0
2
1
0
2
0
0
1
0
1
0
0
0
1
0
1
1
0
0
0
1
0
0
1
1
0
1
0
0
0
0
1
0
1
2
0
0
1
0
0
3
0
0
0
0
1
1
0
0
0
0
0
1
0
0
2
0
1
0
0
0
0
0
1
1
0
1
0
1
0
1
0
0
1
2
0
0
0
0
0
1
1
0
0
1
0
1
0
1
2
1
0
0
1
0
1
0
1
0
0
0
0
0
0
2
0
0
1
0
0
0
2
0
0
0
1
0
0
1
0
0
0
0
1
1
0
0
0
0
2
0
1
0
0
0
0
0
0
1
1
0
0
0
0
0
1
0
0
0
0
1
0
1
0
1
0
0
0
0
0
0
1
0
1
0
1
0
1
1
0
0
0
0
0
1
1
0
0
0
0
1
0
0
0
0
0
1
0
0
0
0
0
0
0
0
0
1
1
0
0
0
0
1
0
0
1
0
0
1
1
0
0
0
0
1
0
1
0
0
0
0
0
0
0
0
0
0
2
1
0
0
1
0
0
0
0
0
0
0
0
0
1
0
1
0
0
1
0
0
0
0
0
1
0
0
0
0
0
0
0
1
0
0
1
1
0
0
1
1
0
1
0
1
0
0
0
1
0
0
0
0
0
0
0
0
0
0
0
0
0
0
1
0
0
1
2
0
0
