0
0
0
0
0
0
0
0
0
0
0
0
0
0
0
0
0
0
0
0
0
0
0
0
0
0
0
0
0
0
0
0
0
0
0
0
0
0
0
0
0
0
0
0
0
0
0
0
0
0
0
0
0
0
0
0
0
0
0
0
0
0
0
0
0
0
0
1
1
0
1
1
2
0
3
0
3
3
1
4
4
10
12
49
106
386
944
2265
4864
9543
17202
27562
40245
54480
66345
73023
72909
66796
54844
41570
28190
17452
9847
4997
2343
989
384
134
41
14
7
2
3
2
4
1
1
3
3
1
2
0
0
0
0
0
0
0
0
0
0
5
56
62
59
64
55
54
67
45
51
44
57
37
60
56
29
53
57
63
58
47
34
42
30
53
45
49
52
47
45
37
45
32
35
47
47
32
47
53
47
48
40
34
37
41
38
40
37
50
43
53
31
41
47
44
50
44
51
48
45
59
68
65
62
64
75
96
107
119
154
184
290
327
422
455
511
534
533
471
405
337
305
242
198
162
113
93
69
77
50
59
43
48
33
31
43
37
39
38
47
30
50
52
44
45
44
47
48
41
41
41
56
51
54
40
55
42
65
65
71
66
80
67
84
106
132
186
291
433
850
1311
2042
3119
4600
6106
7762
9645
11027
12258
12776
12367
11769
10395
8931
7139
5446
4178
2907
2120
1535
1067
850
660
494
413
402
417
514
777
1006
1425
1904
2366
2857
3304
3739
4018
3920
3865
3356
2993
2462
1962
1479
1162
840
599
527
415
352
297
269
210
191
173
115
107
67
61
39
36
24
22
15
17
21
20
8
12
12
14
18
9
13
8
10
6
9
13
12
12
12
10
9
11
10
13
10
12
9
13
9
14
9
13
12
13
15
16
15
17
37
18
42
36
31
29
27
26
29
26
23
13
26
17
20
20
29
21
22
27
19
28
18
16
27
26
22
25
27
28
20
28
17
17
14
15
10
16
11
11
5
10
14
6
6
5
9
5
9
8
6
13
7
8
6
5
4
8
9
2
6
5
4
5
5
5
7
12
5
9
5
11
7
9
11
13
14
11
9
13
12
10
9
7
8
7
8
9
3
8
8
6
10
3
9
6
10
9
11
14
14
12
15
15
18
7
17
17
10
12
11
16
10
8
8
7
12
8
9
8
11
8
8
6
7
5
5
7
6
11
5
8
8
9
5
5
8
7
9
11
8
4
10
6
6
12
8
7
8
14
11
8
14
8
14
1
8
4
8
3
4
2
6
9
5
7
6
8
6
7
8
6
7
13
8
6
8
6
8
7
10
0
13
5
6
5
5
7
5
9
10
5
8
4
4
12
9
6
8
6
4
3
4
9
12
6
9
11
8
8
7
14
7
13
14
3
11
8
8
8
8
6
10
13
7
5
11
14
6
11
12
5
6
11
8
12
7
6
8
8
9
8
12
13
5
8
10
9
5
10
10
9
15
5
11
9
8
16
6
15
14
11
14
12
13
7
8
15
12
8
13
12
15
10
10
9
12
14
18
16
16
14
14
17
21
13
24
20
23
22
24
25
22
23
24
27
35
23
35
34
35
35
24
36
26
34
40
34
22
32
34
33
33
33
29
24
27
26
34
21
27
34
34
23
25
29
24
26
21
27
20
25
22
18
15
17
21
18
15
19
22
23
16
18
17
18
17
20
16
26
23
12
19
21
20
25
19
23
22
18
24
14
24
14
23
20
20
26
19
28
20
29
18
20
33
26
33
24
23
31
29
19
21
27
32
27
29
32
16
34
40
38
31
28
25
36
30
34
29
30
20
43
29
29
30
32
29
27
27
47
25
45
46
34
30
32
44
46
39
36
49
40
34
49
54
42
43
41
43
40
45
43
44
33
43
50
38
49
48
52
53
55
70
49
62
56
43
47
67
59
55
84
61
64
58
65
59
72
63
58
67
59
70
64
51
73
58
60
76
79
57
84
82
85
84
95
95
88
122
118
125
111
109
125
98
104
107
106
98
113
85
107
81
95
110
77
80
80
81
84
98
73
83
69
64
97
82
84
90
84
63
93
83
74
82
87
68
73
65
83
82
70
72
73
72
71
75
64
80
88
70
79
67
78
78
77
60
78
74
84
72
64
78
80
66
81
74
69
70
63
70
70
83
70
79
74
64
91
69
61
76
71
79
71
77
73
65
85
76
71
66
61
76
61
86
67
63
59
75
87
81
62
65
74
84
78
66
87
83
72
88
68
81
74
81
86
91
92
93
96
106
101
81
89
87
80
90
100
76
86
95
79
80
86
106
87
89
104
96
108
111
84
111
95
111
108
96
109
115
116
116
119
138
117
157
209
222
287
370
473
595
765
933
1264
1690
2095
2581
3222
3902
4620
5449
6253
6934
7833
8405
9206
9634
9850
10068
10101
9846
9580
8981
8222
7457
6647
5843
4899
4156
3520
2853
2248
1835
1380
1073
858
638
438
349
292
222
198
161
140
131
117
119
124
94
114
116
127
111
121
123
86
95
119
95
102
119
124
122
113
110
95
111
105
126
118
102
116
109
108
132
93
132
121
122
121
126
142
116
114
127
121
132
136
112
153
134
134
162
127
152
131
147
144
149
171
163
214
213
275
302
313
379
459
509
592
702
797
847
935
1013
1131
1308
1328
1405
1430
1399
1358
1347
1307
1240
1137
1118
907
965
781
730
660
509
449
398
305
334
270
223
184
185
177
159
155
148
165
152
142
145
135
146
130
164
138
168
142
184
153
136
165
155
166
168
156
171
147
155
175
169
161
167
179
211
179
163
153
162
173
179
172
178
196
170
193
208
167
212
202
188
175
194
191
226
210
224
183
204
227
225
206
221
227
228
202
205
227
232
200
227
238
243
223
237
240
238
243
235
251
261
255
255
264
246
271
235
252
256
247
241
260
235
223
223
247
260
220
240
211
239
237
254
246
263
235
215
221
225
205
240
223
238
214
243
264
244
248
223
221
238
204
198
227
234
208
220
202
210
207
215
178
205
212
211
191
199
195
217
218
187
221
180
193
220
175
204
181
199
197
187
184
175
190
204
186
197
163
172
182
164
205
178
173
176
178
195
183
183
180
188
187
193
170
173
181
180
197
215
176
190
172
186
199
185
180
179
218
206
189
199
180
202
214
195
198
187
198
189
202
189
205
206
192
177
201
212
183
188
177
192
187
203
217
190
204
193
189
175
191
189
185
178
209
181
178
203
181
198
185
202
175
198
192
175
193
214
164
200
188
209
217
193
214
188
200
203
211
192
228
183
218
173
184
245
209
202
179
232
200
182
209
197
191
202
188
208
203
237
233
207
214
200
204
194
227
207
207
216
199
199
227
198
215
223
213
230
223
235
215
234
233
221
212
201
187
215
204
209
208
238
226
228
188
219
209
220
241
225
191
238
236
208
251
217
234
208
235
266
230
227
239
209
215
208
229
221
213
224
222
228
244
239
234
251
236
227
243
221
238
229
236
224
251
247
239
256
240
231
228
258
231
243
260
266
235
272
238
242
250
241
260
245
273
238
227
244
271
256
237
243
243
262
226
281
259
290
221
268
248
241
257
280
298
262
258
280
254
244
266
260
281
294
257
257
274
240
276
273
271
277
262
267
317
293
251
307
286
265
321
283
278
256
274
297
282
306
286
306
290
304
255
273
287
269
282
262
275
298
279
301
292
277
271
301
260
268
307
296
285
320
294
298
294
299
300
261
281
274
282
304
295
281
292
285
289
308
279
291
311
279
289
288
283
295
303
272
278
291
273
277
278
306
304
288
279
282
297
259
280
272
260
267
296
288
276
283
290
278
288
282
270
286
301
265
261
264
258
266
271
243
268
241
236
270
244
227
283
254
279
242
211
271
220
250
262
241
260
215
259
260
259
261
252
272
251
240
281
267
241
235
235
248
246
229
252
222
252
235
226
265
271
261
246
235
238
214
257
244
255
266
234
218
260
263
253
224
261
238
229
241
268
247
260
268
235
260
232
271
256
243
243
243
242
250
264
236
256
220
245
262
239
268
227
217
231
239
228
256
217
245
234
267
255
264
241
248
222
237
223
223
246
232
230
227
222
252
249
238
263
229
295
258
228
224
209
244
240
272
294
250
231
254
256
241
251
242
238
236
225
239
264
229
268
250
236
241
261
246
237
242
255
218
255
255
268
232
266
259
251
258
255
242
219
222
243
254
250
230
254
236
257
256
264
238
236
217
270
225
254
255
225
233
225
219
207
221
263
253
212
209
231
233
229
258
247
251
254
234
243
235
250
253
228
240
235
236
254
246
261
244
246
223
261
262
255
246
251
279
267
283
243
264
271
290
258
280
272
224
265
259
278
264
270
257
266
240
283
243
257
303
297
275
276
272
262
269
283
288
285
326
302
266
309
289
289
282
294
296
301
316
323
326
332
317
283
317
290
314
305
321
310
311
304
344
349
345
315
360
353
359
381
353
357
378
378
364
375
343
394
382
395
398
398
413
429
402
411
426
450
408
402
468
467
436
480
456
494
508
509
535
514
556
558
604
614
619
627
651
664
643
734
716
776
748
820
793
861
925
901
886
968
994
1059
1017
1061
1050
1152
1196
1128
1256
1218
1245
1272
1274
1336
1382
1295
1356
1412
1430
1437
1458
1423
1456
1397
1450
1506
1459
1463
1475
1426
1395
1372
1381
1332
1351
1289
1347
1234
1227
1297
1232
1205
1112
1183
1142
1058
1053
1011
974
973
925
956
833
798
812
707
748
719
688
631
657
661
649
625
561
609
574
502
501
483
509
458
490
426
437
403
399
373
413
364
364
367
351
366
337
347
289
312
316
297
293
294
311
321
288
289
269
278
276
262
262
262
288
252
253
235
224
253
220
205
221
259
212
272
214
232
238
199
214
237
201
226
227
234
220
250
232
232
258
247
267
296
271
294
305
275
369
341
353
360
367
392
370
367
393
406
413
435
438
412
445
403
417
443
403
393
391
352
410
358
384
337
360
366
276
294
247
243
244
229
213
198
215
188
182
166
179
165
168
145
157
155
141
154
136
142
144
170
127
167
163
162
159
146
144
170
165
189
160
179
152
142
155
156
178
204
178
171
182
183
173
183
177
194
213
182
212
195
200
233
211
190
239
271
201
213
210
239
253
234
262
222
237
257
242
261
233
241
278
266
279
251
245
279
265
237
268
272
215
257
257
240
261
264
241
260
231
258
244
238
229
220
238
229
229
209
236
196
214
226
208
190
197
185
192
169
181
170
178
147
170
149
163
198
171
133
161
148
129
137
130
162
153
135
133
154
141
118
113
117
94
109
99
115
114
112
103
116
108
97
112
90
92
98
109
90
101
77
98
83
82
86
71
71
86
91
87
73
75
69
71
89
84
85
74
56
86
69
82
43
63
64
62
76
74
66
63
71
61
68
62
51
59
63
61
48
65
58
64
67
63
43
59
59
47
59
48
65
57
64
61
55
53
53
62
53
50
48
53
47
58
51
49
51
62
50
55
55
50
59
51
62
66
54
52
79
75
54
74
81
61
94
64
78
79
88
86
79
82
76
72
68
67
68
66
76
73
68
57
67
53
61
64
38
55
41
39
49
35
53
37
59
36
54
44
39
43
41
41
54
47
44
45
40
57
49
50
39
40
37
41
34
33
40
35
40
48
38
39
45
28
52
39
40
43
58
41
26
41
38
44
28
42
37
34
44
36
36
33
45
27
30
25
38
26
32
32
29
28
34
38
28
31
38
30
35
31
31
36
27
37
42
47
36
28
37
41
32
37
28
24
32
31
29
34
43
35
25
37
37
28
28
32
25
39
42
29
38
37
26
31
29
35
28
29
25
28
33
27
37
34
39
34
27
38
25
27
41
36
34
28
21
30
30
21
27
29
25
28
28
22
27
21
27
28
24
29
23
35
18
23
36
32
29
24
27
31
32
35
29
19
35
22
27
24
26
19
32
21
26
44
27
19
22
36
26
23
21
36
27
25
23
21
21
23
32
22
25
31
17
24
22
36
24
32
22
24
25
22
29
18
31
26
25
29
21
20
25
23
25
32
19
25
14
25
23
28
21
18
15
24
32
32
28
22
28
19
16
21
29
23
21
13
16
25
23
19
19
27
19
24
20
25
13
25
15
21
15
18
22
19
22
19
24
20
21
22
19
25
17
21
20
8
25
22
17
15
10
18
25
16
22
15
17
21
17
18
21
19
16
13
19
21
21
21
16
16
22
15
28
22
21
25
31
25
17
6
22
18
13
17
12
11
20
19
22
17
17
24
20
19
18
14
16
20
18
17
10
18
17
16
18
15
13
21
14
17
19
21
18
23
14
13
15
19
24
12
17
9
19
18
19
14
11
13
15
8
11
24
23
13
22
17
12
22
24
20
10
18
16
20
10
12
26
12
15
17
20
14
14
16
19
13
21
13
14
17
23
22
12
14
18
26
16
11
12
17
13
12
14
19
15
12
16
18
17
14
13
18
12
20
21
23
12
9
10
18
12
7
13
19
16
18
12
11
8
18
5
12
11
17
13
8
10
16
12
20
11
17
7
18
14
12
15
17
7
10
13
9
8
8
18
14
4
17
14
20
12
9
14
15
12
11
12
14
4
15
14
11
8
14
12
15
11
16
12
18
10
13
13
16
9
9
7
10
8
8
8
10
9
7
8
13
10
16
7
8
9
5
7
14
7
9
12
10
14
15
16
14
7
8
10
14
12
8
11
11
12
6
9
13
10
11
8
7
5
17
10
7
7
7
10
11
8
6
6
10
12
15
8
18
8
9
14
5
9
10
14
9
11
9
12
8
12
10
9
7
11
11
6
10
5
10
11
6
7
5
13
13
7
9
12
6
4
4
9
4
14
15
4
10
5
7
8
11
9
6
7
9
7
7
7
8
11
5
5
9
9
9
7
12
1
10
8
7
7
9
9
5
5
7
9
16
4
5
6
11
13
11
8
6
7
7
7
7
7
6
5
6
10
11
9
9
10
7
6
10
6
6
6
8
5
8
10
8
6
3
11
5
7
6
7
5
5
9
7
5
6
9
6
8
8
12
7
8
6
9
7
2
9
8
8
2
7
5
7
5
3
2
3
6
4
9
0
6
3
9
8
7
10
3
12
6
7
1
6
7
5
11
10
4
3
4
8
6
6
2
10
6
11
5
7
1
3
7
4
3
6
7
6
4
2
9
7
8
7
8
5
3
7
1
8
4
7
5
3
2
5
1
7
10
4
8
4
4
8
4
7
5
6
2
8
3
7
7
3
6
3
4
8
4
7
5
0
1
5
2
9
8
5
2
8
3
5
3
6
6
3
4
3
3
3
1
4
3
2
3
2
6
4
5
4
8
4
4
10
3
5
4
4
6
2
4
3
3
3
7
5
2
5
3
5
3
7
4
8
4
3
6
3
4
5
3
5
3
2
7
3
1
4
3
7
5
2
2
2
8
3
4
3
8
4
5
3
3
1
1
2
1
2
3
6
1
5
5
3
4
5
4
4
3
6
4
5
3
4
3
3
3
3
3
2
2
2
1
4
3
1
5
4
1
3
1
4
5
0
3
1
2
6
4
1
1
3
3
3
6
4
1
2
5
2
5
6
0
1
5
2
3
4
2
3
1
3
3
3
3
6
4
5
4
1
1
4
4
5
2
1
2
4
1
2
2
1
3
3
2
1
8
2
0
2
3
3
3
1
4
2
4
3
3
1
2
5
2
2
3
2
1
3
1
2
4
2
1
3
1
1
4
1
1
4
1
1
1
2
3
3
3
1
5
2
1
2
4
2
2
5
3
2
2
3
2
4
4
2
0
3
1
2
4
0
1
4
1
3
4
3
0
1
4
1
1
2
3
2
3
0
3
3
1
4
4
1
4
2
3
1
1
1
2
1
1
2
2
1
3
4
1
1
1
1
2
5
0
4
0
3
1
4
2
1
2
0
3
1
1
2
1
1
1
2
2
2
3
0
3
1
1
2
1
3
2
1
1
0
3
1
2
0
1
2
2
1
2
1
4
1
0
2
1
0
1
0
2
1
1
1
4
1
2
2
2
1
3
1
4
1
3
4
1
0
1
0
1
3
1
0
4
0
0
1
2
1
2
1
0
0
1
0
1
1
2
3
1
4
0
3
0
0
0
1
0
2
0
0
4
0
1
0
1
3
2
0
3
2
1
1
4
0
4
2
2
3
0
3
0
1
3
1
1
3
0
0
1
0
1
2
1
0
2
0
1
1
1
1
0
1
0
1
2
1
0
0
0
2
1
0
2
1
1
3
2
0
1
0
0
1
0
0
0
0
1
4
2
1
0
2
2
0
0
2
0
1
1
0
2
3
1
0
1
2
1
0
1
0
1
2
1
1
0
1
2
3
2
2
0
2
0
2
1
2
1
1
1
1
1
0
0
0
0
0
2
0
0
1
0
4
0
3
0
2
0
3
0
1
2
0
1
1
2
1
0
0
0
0
0
4
1
1
0
1
0
2
2
1
1
1
0
2
1
2
0
0
1
0
1
0
0
0
3
0
2
0
0
0
2
2
0
2
3
0
1
1
1
0
0
0
2
0
0
2
0
0
0
0
1
2
2
1
0
1
1
0
1
0
1
0
1
2
0
0
1
0
0
0
0
0
1
0
0
1
0
1
0
0
1
0
1
1
0
1
1
0
0
0
0
0
0
1
0
0
0
0
0
3
1
1
0
1
2
0
0
1
0
0
1
1
0
2
0
0
1
0
2
1
1
0
1
0
0
1
1
0
1
0
0
1
0
1
0
1
1
0
2
0
1
1
0
0
0
0
0
0
0
0
1
1
0
0
0
1
1
0
0
0
0
0
0
0
1
1
0
1
1
0
1
1
0
0
1
1
0
0
0
0
0
0
1
0
0
0
0
2
0
1
2
1
0
0
0
0
1
2
0
1
1
0
1
1
0
1
1
0
0
0
0
1
0
0
1
1
0
1
0
3
0
1
1
1
1
0
0
0
0
0
0
1
1
2
0
0
1
2
1
1
0
0
1
0
0
0
0
0
0
0
0
0
1
2
1
0
0
1
1
0
1
0
1
0
2
0
0
0
1
0
0
0
0
1
0
1
1
0
0
1
0
0
1
0
0
0
0
0
0
0
0
1
0
0
0
0
1
0
2
0
1
0
0
0
0
0
1
0
0
0
0
0
3
1
1
0
0
0
0
0
0
0
0
1
0
1
2
1
0
0
0
0
0
0
1
0
1
0
1
0
1
0
0
0
0
1
0
0
2
0
0
0
0
0
0
0
2
0
1
0
0
0
0
0
1
0
0
0
0
0
0
0
0
0
0
0
0
0
0
0
0
0
2
0
0
0
0
1
0
0
0
0
0
0
0
0
0
0
1
0
0
0
0
0
0
1
0
0
0
0
0
0
0
0
0
0
0
0
0
0
0
1
0
0
0
0
0
0
0
0
0
0
0
0
1
0
1
0
