0
0
0
0
0
0
0
0
0
0
0
0
0
0
0
0
0
0
0
0
0
0
0
0
0
0
0
0
0
0
0
0
0
0
0
0
0
0
0
0
0
0
0
0
0
0
0
0
0
0
0
0
0
0
0
0
0
0
0
0
0
0
0
0
0
0
0
0
0
0
1
2
5
1
5
4
4
3
6
4
6
6
16
55
141
375
944
2313
4745
9514
17241
28019
40795
54535
65908
72755
72738
66674
54923
41112
28333
17539
9961
5162
2406
1070
388
130
42
19
4
5
4
3
0
2
0
3
1
1
1
0
0
1
0
0
0
1
0
0
0
14
90
70
60
72
72
56
63
67
72
74
59
54
65
56
48
58
58
45
64
53
52
52
44
57
50
52
35
56
61
44
40
39
56
44
60
51
59
50
48
49
29
52
48
50
54
45
45
52
42
47
56
39
45
53
54
43
51
70
70
67
75
66
73
78
65
84
107
121
178
229
264
330
395
496
473
519
511
506
411
368
288
248
206
169
120
91
66
70
55
49
53
51
43
47
38
39
30
41
55
42
44
50
40
45
64
43
56
49
36
47
49
61
59
65
48
68
70
68
72
68
77
82
87
112
139
203
300
518
761
1307
2056
3114
4422
6135
7793
9636
11127
12222
12686
12632
11712
10373
8742
7261
5582
4066
2933
2124
1518
1111
860
649
492
451
393
430
541
718
1017
1400
1872
2468
2862
3373
3824
3892
3930
3885
3412
2968
2496
1996
1501
1099
860
661
528
382
351
315
273
288
197
160
125
98
73
62
45
40
13
22
12
10
21
11
14
15
13
20
8
8
12
11
10
8
11
11
8
13
15
15
14
7
7
15
9
9
14
16
9
11
12
9
15
17
20
12
15
10
27
31
26
39
23
33
17
38
34
22
17
22
20
22
22
21
33
17
27
32
29
17
29
19
23
26
16
26
31
27
26
20
20
13
19
18
14
11
5
12
9
13
7
8
9
8
9
8
3
8
9
9
7
5
11
11
8
9
9
10
8
7
9
6
7
6
5
8
12
9
6
6
6
7
9
10
7
10
14
7
11
14
9
11
11
10
10
8
10
14
8
11
9
10
5
11
12
8
19
17
16
11
15
9
16
17
18
21
15
14
14
14
6
13
6
12
6
9
11
7
7
6
9
12
6
13
8
7
11
8
9
10
11
8
9
3
8
3
6
12
8
4
10
5
5
7
6
6
6
8
8
5
5
10
8
8
8
6
4
9
9
8
11
7
7
10
6
8
10
6
7
6
5
9
8
7
11
14
8
4
13
10
8
8
7
8
4
11
7
5
10
7
6
4
8
8
10
9
8
8
10
8
5
5
3
5
8
6
6
7
10
7
10
5
6
5
10
12
14
12
11
8
7
10
9
10
10
5
7
6
2
8
8
9
6
9
5
10
8
10
13
6
9
18
7
9
15
13
5
7
12
16
7
10
7
18
13
16
14
10
12
12
10
16
8
13
7
17
13
10
12
7
9
13
18
13
13
22
16
12
16
22
9
16
20
20
25
18
20
18
23
20
21
30
29
32
24
30
32
31
33
38
31
29
37
33
42
39
36
33
31
34
27
29
38
22
29
34
30
32
25
37
29
26
28
40
26
22
20
26
18
30
22
21
15
18
16
15
14
18
9
18
18
12
19
18
21
18
14
25
15
22
22
21
22
24
26
21
26
28
27
29
20
23
16
18
24
23
20
19
23
23
33
26
30
23
28
33
36
32
33
25
34
23
31
24
34
29
29
34
29
30
29
26
20
40
26
30
34
38
33
29
39
37
20
32
29
38
42
40
30
33
40
35
46
37
40
40
35
27
43
48
38
36
41
41
34
37
46
41
58
45
44
52
37
54
54
43
61
48
53
56
55
46
54
48
48
53
48
51
67
73
63
55
47
55
56
77
76
76
60
76
71
64
79
81
78
66
67
78
85
75
74
92
81
84
108
116
134
101
119
122
115
130
135
112
108
98
100
103
107
77
92
96
83
80
82
82
80
87
86
72
70
88
76
79
89
75
88
70
87
91
97
79
86
81
83
60
80
66
47
76
72
80
69
78
79
80
79
66
50
68
64
81
90
74
61
75
72
82
64
78
75
72
68
74
69
70
68
77
68
71
66
70
71
83
72
82
75
91
66
63
66
73
73
80
71
63
68
81
79
89
71
69
70
76
77
72
86
69
81
73
65
67
87
83
80
72
84
92
63
85
66
85
84
105
109
89
77
79
82
92
79
79
81
73
79
93
88
77
84
105
91
94
90
83
108
83
97
115
84
102
92
101
105
118
96
121
111
101
119
128
130
132
162
191
247
290
390
468
619
825
993
1281
1652
2129
2579
3269
3941
4636
5416
6188
7019
7623
8574
9113
9670
9913
10085
9929
9680
9657
9032
8164
7484
6740
5869
4881
4161
3446
2837
2240
1856
1381
1085
825
607
459
384
298
225
220
182
155
126
122
119
109
130
119
118
111
115
107
138
110
106
123
102
119
119
102
103
114
106
122
106
106
117
120
120
94
130
147
127
118
107
124
126
116
110
99
122
120
117
149
146
137
120
123
122
132
121
153
123
152
148
191
164
205
179
209
202
282
285
337
354
408
505
624
678
783
834
1011
1049
1195
1204
1310
1390
1390
1486
1424
1426
1359
1285
1118
1153
1045
831
815
705
664
483
480
402
314
326
261
243
211
202
177
194
197
184
132
148
160
155
158
174
158
155
163
176
156
169
163
144
166
177
151
147
162
154
175
175
185
180
169
166
192
168
190
194
187
179
184
215
194
206
194
207
202
225
184
212
222
229
217
213
226
231
194
252
211
245
200
237
227
224
203
255
236
194
259
217
243
212
242
260
209
269
278
255
258
245
289
261
281
257
274
291
265
276
292
286
277
258
278
258
257
307
269
301
263
282
267
267
254
232
280
265
281
256
245
279
272
267
255
258
257
276
260
245
249
266
253
233
241
208
240
221
230
232
247
242
246
254
253
267
252
211
231
229
247
232
252
201
232
248
225
233
222
220
241
234
205
232
202
232
231
218
229
206
231
214
221
237
214
221
208
261
232
240
207
243
195
206
226
233
205
186
209
255
255
231
220
221
248
213
215
251
210
229
224
226
232
231
231
237
244
211
238
222
206
267
240
239
261
241
200
223
228
229
247
236
244
260
233
228
230
242
222
256
245
254
251
261
238
221
231
257
228
235
269
243
272
260
236
249
249
245
235
234
273
255
231
267
287
242
261
272
258
232
259
249
245
267
298
240
258
273
280
254
267
276
259
288
254
255
284
260
270
266
268
276
266
258
259
267
288
243
278
254
286
262
277
260
269
312
260
274
292
259
272
278
267
275
279
287
262
275
297
302
260
275
283
280
258
307
288
307
284
299
302
298
265
264
307
272
289
315
321
331
295
307
253
279
267
272
326
307
301
330
307
283
302
300
306
326
324
301
278
314
318
319
315
289
300
311
331
298
310
327
283
280
280
249
289
299
316
297
307
294
326
292
297
365
305
304
309
337
311
340
304
310
334
329
334
317
311
314
322
347
338
336
350
332
328
333
335
325
334
309
333
335
352
337
319
312
336
380
378
372
402
339
357
380
353
357
350
337
340
327
344
342
336
349
355
345
370
349
348
388
384
351
301
344
368
380
322
371
361
374
343
375
367
329
379
324
340
360
339
373
360
353
365
361
406
351
363
349
355
379
373
343
411
378
358
370
371
361
377
373
362
401
359
351
349
348
334
387
346
377
384
365
361
338
385
361
328
354
337
328
326
347
341
321
374
370
340
346
344
350
345
332
346
345
354
334
369
317
333
321
339
339
310
322
336
338
300
329
357
299
331
332
331
274
306
340
350
325
322
326
354
335
310
286
333
313
316
353
299
361
325
305
341
304
297
289
315
300
336
298
313
323
319
302
320
328
320
275
300
319
342
311
295
316
323
313
310
319
312
344
280
295
277
333
318
289
303
313
297
291
321
312
298
308
326
304
315
315
313
314
289
288
299
285
315
317
299
350
281
296
297
316
298
319
292
298
335
302
316
318
331
321
307
306
278
313
288
319
277
310
337
287
312
317
304
310
325
282
280
279
285
291
296
271
315
300
291
318
296
273
270
270
296
298
297
309
268
284
293
279
287
305
277
281
314
278
313
297
315
306
307
289
287
305
276
283
304
284
317
295
303
271
283
325
298
291
312
288
295
318
283
279
295
311
280
316
339
304
303
295
322
311
327
298
300
306
319
290
283
312
317
331
310
300
298
299
302
285
261
288
320
302
281
321
317
293
330
314
300
293
304
324
272
286
263
305
304
328
311
310
316
287
305
313
303
340
330
333
331
299
327
337
356
313
342
317
319
347
337
323
360
353
330
349
338
386
359
337
363
349
367
375
328
396
368
342
355
397
361
379
407
376
393
402
387
384
391
404
405
380
423
437
413
406
379
424
414
399
411
424
457
491
457
477
490
492
489
527
518
507
481
514
506
536
501
575
584
574
603
591
650
598
622
673
665
651
702
686
735
791
760
829
859
844
884
923
910
973
969
1000
1043
1071
1132
1183
1202
1266
1272
1259
1299
1307
1385
1413
1334
1445
1468
1483
1529
1532
1588
1546
1593
1668
1630
1753
1691
1737
1748
1719
1649
1732
1720
1722
1621
1751
1689
1608
1613
1610
1606
1603
1504
1428
1498
1578
1484
1413
1437
1322
1371
1328
1251
1216
1176
1144
1110
1059
1044
1001
987
875
911
885
796
852
848
767
752
667
653
635
611
608
632
598
565
534
554
525
469
495
459
470
464
431
407
379
402
420
412
388
369
387
363
384
331
363
346
304
348
349
358
332
289
284
292
300
291
311
292
285
285
287
290
252
286
260
253
272
256
228
236
268
249
241
270
233
249
292
254
264
282
259
258
292
300
301
327
326
363
339
358
373
384
393
384
391
433
469
448
464
460
449
496
496
487
452
485
480
506
491
480
487
447
453
444
424
382
368
393
359
343
314
271
262
269
253
234
222
210
195
227
183
192
215
191
194
188
177
163
173
171
174
158
184
172
189
160
188
178
171
178
176
185
191
182
176
199
183
203
168
210
203
171
195
217
202
193
233
210
195
233
206
224
239
217
247
257
250
238
239
248
244
254
273
271
280
253
256
272
276
275
273
297
290
298
318
273
272
296
301
290
285
283
302
304
267
284
261
260
283
295
310
272
262
269
256
286
267
270
249
231
249
219
236
251
211
234
249
208
247
201
196
203
210
199
188
210
204
169
172
167
156
198
156
179
149
162
162
150
152
133
132
168
137
145
136
127
140
116
151
122
119
129
118
94
116
110
115
103
96
113
87
87
94
98
95
87
95
105
111
69
86
88
107
91
96
90
91
64
78
77
54
89
81
84
82
88
73
76
69
70
84
80
83
52
63
62
59
67
59
69
65
55
74
69
58
68
56
62
63
71
66
63
62
58
69
53
62
58
44
49
56
64
72
71
58
65
65
61
74
58
55
64
60
76
68
77
63
65
68
73
76
62
82
79
105
82
94
92
79
88
86
71
85
72
84
75
69
78
66
66
63
63
70
47
79
68
69
42
49
50
57
61
48
60
58
48
40
48
55
53
42
53
47
55
52
53
45
51
51
58
50
40
54
54
53
34
57
50
46
46
47
34
47
37
48
51
67
58
41
51
42
34
46
43
37
37
37
30
42
35
38
50
42
35
38
43
43
43
34
33
44
37
46
47
32
39
48
28
30
29
27
40
34
39
29
31
38
33
35
30
31
32
40
28
35
43
31
28
32
35
42
26
32
29
38
26
36
34
30
33
38
46
24
34
27
36
29
31
33
32
35
35
41
36
34
33
28
30
28
41
46
31
39
25
32
27
32
28
31
35
22
30
29
22
32
35
26
29
26
29
21
28
29
15
37
20
30
32
31
24
24
27
29
32
28
20
24
30
31
36
23
25
33
22
32
26
31
27
27
26
21
32
21
31
31
27
29
25
32
29
34
31
23
26
18
29
19
31
14
33
29
31
22
25
32
29
25
24
25
25
20
26
24
18
16
22
20
22
27
26
17
28
30
27
21
26
22
25
25
25
16
12
29
33
30
24
30
18
25
26
24
19
24
21
15
22
23
22
29
22
27
25
28
26
21
28
18
15
28
25
19
22
19
14
25
29
19
24
19
20
25
20
25
16
15
23
16
17
28
18
9
24
20
18
18
18
27
20
20
27
19
16
21
16
23
23
26
21
19
20
22
21
14
25
23
21
24
13
17
37
19
27
16
19
24
20
22
16
18
15
21
24
14
24
20
23
16
21
21
13
20
18
21
13
28
16
12
24
18
11
25
17
20
13
17
15
13
16
9
21
8
19
16
26
13
13
12
20
11
19
17
10
19
12
21
21
15
17
26
24
12
18
15
17
26
10
14
9
14
20
17
15
18
8
18
19
16
15
11
14
17
13
12
16
19
13
15
19
15
12
9
22
15
15
19
15
8
10
16
11
15
20
10
16
15
13
16
25
15
13
13
8
13
18
13
16
17
17
15
8
10
12
13
15
7
18
16
8
11
12
14
8
18
10
9
7
8
14
15
18
12
9
15
14
13
15
19
15
16
9
15
6
15
11
19
8
13
13
14
21
10
15
14
5
14
16
11
14
12
9
13
17
12
8
10
13
14
12
14
7
10
13
7
18
16
14
16
12
19
11
17
9
8
7
13
13
12
17
12
11
14
8
12
12
12
6
8
11
8
7
7
16
11
13
7
10
10
4
9
14
11
11
7
13
10
15
15
14
10
7
11
11
6
14
11
8
10
8
12
5
10
14
9
10
15
6
9
11
13
14
13
5
11
18
12
8
9
6
9
12
9
8
14
8
4
13
9
9
9
8
7
9
9
13
7
5
8
8
9
8
11
14
5
9
4
3
6
5
7
10
7
8
10
13
7
4
6
9
10
8
9
9
10
3
4
10
5
10
5
9
7
9
6
6
10
15
5
4
4
6
10
6
6
5
7
4
7
10
8
6
6
7
5
12
9
5
8
3
3
8
10
3
7
8
5
6
9
8
4
5
6
7
10
6
8
8
4
3
7
7
8
7
3
8
7
5
6
11
4
7
3
6
4
10
4
9
5
7
3
7
5
0
8
5
5
8
3
9
2
7
12
5
8
6
11
4
9
2
6
6
7
6
8
6
7
3
4
10
5
4
8
3
3
3
9
4
7
4
5
11
5
7
8
6
1
6
3
5
4
5
7
8
3
7
5
7
4
3
5
7
6
4
7
2
6
7
3
6
2
10
7
6
6
4
4
10
5
6
2
8
9
6
2
2
6
6
6
3
3
3
7
6
9
3
5
5
5
5
11
5
5
7
4
9
4
1
5
5
9
3
6
5
1
1
4
4
1
2
3
6
5
3
7
5
4
2
3
8
5
3
1
6
7
4
8
4
2
3
5
4
4
7
7
4
5
4
3
6
3
5
4
2
4
3
1
5
4
3
1
2
3
5
5
2
8
6
7
4
5
4
1
6
3
2
6
3
2
1
2
3
1
2
4
2
1
3
3
2
2
5
2
5
3
1
5
5
3
4
2
4
7
3
1
1
3
4
6
5
3
1
2
3
3
2
6
3
4
3
2
6
1
2
6
3
3
3
5
4
1
4
4
4
3
2
3
3
3
2
2
1
2
3
2
2
2
4
5
2
1
4
3
4
3
1
0
2
1
2
1
5
1
3
3
2
1
1
1
3
3
1
2
1
1
2
2
7
8
9
4
1
4
3
4
0
1
1
3
4
1
2
2
0
3
2
0
2
1
4
1
0
2
2
4
2
3
4
4
1
2
4
4
1
1
2
3
0
2
4
2
3
4
4
4
1
1
2
2
0
2
3
2
1
2
2
0
3
4
2
4
4
0
1
2
4
1
2
0
3
5
2
3
2
2
2
1
4
2
1
2
1
4
1
2
2
2
3
3
2
2
1
3
0
4
1
1
1
1
4
2
0
2
1
4
0
2
2
0
2
2
0
2
1
3
1
3
1
1
1
5
4
0
2
1
2
2
2
3
0
0
3
1
0
1
0
1
3
4
3
1
1
1
0
1
0
0
2
0
0
1
1
2
2
2
2
0
4
1
2
0
0
3
3
1
1
1
3
0
2
1
0
1
2
0
1
0
1
1
1
0
0
1
2
1
3
2
0
0
1
2
1
0
0
1
1
2
1
0
2
1
2
2
0
1
2
4
0
1
0
4
1
1
3
3
0
2
1
0
4
1
2
2
0
0
1
1
3
1
3
0
0
4
1
1
0
0
0
0
0
1
1
1
0
1
1
4
1
2
0
1
0
4
1
0
1
1
3
1
2
0
0
1
0
1
0
0
0
2
1
0
0
2
0
0
0
3
0
1
0
1
1
0
1
2
0
0
0
2
2
1
0
0
0
1
1
0
2
0
2
3
0
1
1
0
1
0
2
2
2
0
2
0
1
0
0
0
2
0
0
1
0
0
1
0
2
2
2
1
0
1
0
1
0
0
0
1
1
1
1
4
0
3
0
1
1
2
1
1
0
0
1
2
1
2
3
0
2
0
1
1
4
0
0
3
2
0
2
0
1
1
2
0
2
0
0
1
1
0
0
0
1
0
2
4
0
0
1
0
1
1
1
0
0
0
0
0
0
1
0
0
1
0
0
0
0
1
1
0
3
0
0
2
0
0
0
0
0
2
2
2
1
0
0
0
0
1
1
0
0
1
0
0
0
0
1
0
1
1
1
2
1
1
0
2
2
1
2
1
0
0
0
2
0
1
0
1
1
2
0
0
0
0
1
4
0
1
2
1
0
0
0
1
0
2
0
1
2
0
1
1
0
1
0
0
2
0
0
1
1
0
0
1
0
0
0
1
1
0
1
1
1
2
0
1
1
2
0
0
0
0
1
1
0
0
0
0
2
0
0
0
0
0
2
0
1
0
0
2
1
1
1
0
1
0
0
0
0
0
0
4
1
1
0
1
0
0
0
1
0
1
1
2
2
3
0
0
0
2
0
1
0
1
0
0
0
0
0
0
1
2
0
0
0
1
2
0
1
0
0
0
1
0
0
0
0
1
0
0
0
0
2
0
1
0
0
0
2
1
1
1
0
1
0
1
0
0
0
0
0
0
0
1
0
0
0
0
1
0
0
1
0
0
1
0
1
1
0
0
0
0
0
1
1
1
0
1
0
0
1
0
1
0
0
0
0
0
0
1
0
0
1
0
1
0
1
0
0
0
0
1
0
1
0
0
0
1
0
0
0
0
0
0
0
0
1
0
0
0
1
0
0
0
0
0
0
0
0
0
0
0
0
1
0
0
0
0
0
0
1
0
0
0
0
0
0
1
0
0
0
0
0
0
1
0
1
0
0
0
0
1
0
1
1
0
0
0
0
0
0
0
0
0
0
0
0
0
0
0
0
1
0
0
0
0
1
0
0
0
0
