0
0
0
0
0
0
0
0
0
0
0
0
0
0
0
0
0
0
0
0
0
0
0
0
0
0
0
0
0
0
0
0
0
0
0
0
0
0
0
0
0
0
0
0
0
0
0
0
0
0
0
0
0
0
0
0
0
0
0
0
0
0
0
0
0
0
0
2
2
2
5
6
2
1
1
1
2
1
1
6
7
8
7
47
127
345
962
2185
4867
9531
17173
27571
40487
54067
66620
73029
73345
66974
54810
41127
28166
17636
9936
5077
2267
1030
377
134
52
13
8
3
3
3
2
2
1
2
1
2
3
0
0
1
1
0
1
1
0
1
0
4
76
65
59
53
66
63
53
73
62
61
42
70
41
50
58
47
45
58
44
52
44
49
44
41
46
52
47
38
51
40
54
38
50
56
47
40
43
43
42
48
43
46
53
52
38
43
42
31
37
38
64
49
48
51
40
50
52
57
67
63
56
53
64
67
94
99
107
125
168
236
304
394
407
544
557
530
512
502
428
357
305
266
181
155
103
88
91
70
63
47
53
52
40
46
39
42
41
41
35
31
34
41
44
36
35
40
44
50
59
56
62
51
67
71
65
62
71
63
67
72
97
94
114
129
151
243
353
565
862
1398
2129
3287
4679
6226
8240
10137
11801
13000
13516
13298
12456
10852
9432
7603
5926
4373
3172
2355
1671
1253
977
763
651
616
636
655
760
963
1225
1524
1947
2443
2998
3434
3666
3927
3886
3775
3262
2859
2381
1937
1458
1072
812
588
462
380
354
322
288
226
170
139
126
117
75
45
47
30
21
13
13
14
16
12
8
16
9
12
7
11
4
8
12
18
15
6
14
7
13
16
6
8
5
10
7
7
9
9
13
10
13
15
12
20
12
20
22
15
26
16
40
33
40
29
41
36
28
20
22
21
24
26
27
24
28
26
29
23
22
27
15
22
26
24
29
18
20
28
22
26
26
22
16
17
15
11
12
9
8
7
9
4
9
7
10
7
9
4
9
8
7
8
10
7
7
4
11
5
3
3
7
3
6
4
8
5
8
14
13
9
8
4
13
8
12
8
17
11
9
11
11
16
12
5
15
5
5
6
10
8
13
10
9
11
11
8
18
16
14
13
16
19
15
24
12
16
16
13
16
12
11
13
9
12
9
5
8
8
4
5
10
10
6
3
9
7
7
10
13
7
7
13
11
7
8
8
3
10
11
6
10
4
9
12
4
3
8
5
9
7
8
5
8
4
8
6
5
8
4
10
9
6
6
3
11
8
6
7
3
9
9
10
4
5
4
6
2
5
8
7
7
9
8
7
9
7
12
10
7
10
6
15
10
6
14
12
7
5
14
7
7
9
7
10
9
7
9
10
10
5
9
6
5
14
7
9
13
10
8
9
10
6
6
14
7
8
9
7
9
12
10
9
9
12
8
13
10
10
7
12
17
5
10
10
11
18
10
7
14
15
3
11
15
4
13
18
13
13
8
10
15
13
11
14
11
10
17
12
10
9
16
7
16
18
10
16
12
14
9
9
16
19
16
12
18
19
17
19
20
22
18
38
26
28
35
28
24
24
28
28
26
27
33
38
36
30
31
35
35
33
17
33
37
24
15
24
20
32
37
23
31
28
18
23
27
24
32
19
16
25
15
16
20
16
14
14
12
13
24
23
20
22
18
17
20
18
14
25
23
21
20
25
19
17
24
18
32
27
22
23
12
12
32
23
20
22
28
30
27
32
25
36
23
25
26
34
26
26
30
35
34
32
28
35
34
38
33
29
47
33
41
38
25
37
18
41
30
31
34
40
30
38
39
49
32
36
38
32
51
31
29
43
40
36
44
48
38
52
38
41
36
45
34
45
35
49
56
57
53
49
59
45
48
50
58
62
54
50
51
48
68
65
56
61
49
84
46
72
63
68
68
72
51
68
72
88
82
68
95
71
88
91
84
103
91
84
88
132
98
131
124
138
122
142
146
164
170
169
174
180
178
174
155
153
158
158
146
117
125
104
98
101
95
90
83
76
94
71
89
87
82
69
81
85
71
85
88
69
72
87
85
70
76
86
72
79
70
80
69
81
79
74
71
85
73
97
86
82
75
76
77
76
70
74
80
91
84
65
59
81
65
71
76
71
66
73
85
75
65
72
67
65
76
71
68
74
68
73
82
93
74
69
73
76
70
78
81
80
64
68
59
67
86
80
70
90
69
69
75
74
98
83
104
73
87
73
91
76
71
80
84
62
92
89
86
77
86
90
82
88
93
87
75
101
86
91
88
74
83
95
101
101
89
98
103
87
91
109
90
119
116
98
109
98
104
100
132
98
118
130
160
125
189
190
222
285
325
398
544
689
968
1182
1572
1940
2469
3094
3848
4503
5270
6297
6928
7790
8693
9204
9693
10003
10370
10256
9983
9788
9157
8591
7905
6978
5975
5323
4312
3636
2935
2249
1865
1541
1156
842
618
518
334
317
239
170
179
167
152
119
111
115
119
133
120
130
127
112
119
116
127
118
118
116
107
125
115
119
117
149
130
115
148
117
136
111
134
146
118
112
132
123
117
136
119
128
126
130
128
132
146
136
144
130
153
129
164
134
144
145
152
146
164
149
190
197
214
217
284
319
393
445
466
596
671
776
868
966
1069
1135
1264
1299
1392
1429
1420
1467
1398
1426
1303
1248
1129
1019
986
828
752
679
579
464
431
325
314
279
251
246
212
186
164
176
152
172
181
180
158
184
151
180
180
170
210
177
182
191
221
228
225
227
231
223
223
249
233
249
240
251
267
255
250
230
291
276
298
273
295
297
258
271
277
291
296
269
274
283
282
259
260
282
300
242
253
250
254
247
265
239
283
261
256
242
236
257
284
257
234
228
224
247
264
235
241
243
239
189
215
247
248
212
240
256
226
225
264
242
235
218
240
247
278
215
227
240
240
233
259
210
242
238
216
239
225
228
216
246
245
254
241
235
230
259
249
228
214
245
216
239
204
233
230
232
227
229
241
203
199
226
212
238
211
198
213
219
256
188
214
180
212
208
211
205
217
189
215
207
190
195
191
194
189
220
184
156
193
207
198
223
206
202
199
189
197
215
202
182
196
173
200
187
186
206
182
195
192
168
170
189
182
207
194
161
166
171
216
211
215
202
199
205
197
178
205
207
195
200
186
217
211
216
179
211
202
224
207
206
206
213
230
208
204
237
205
185
219
209
228
236
241
214
215
216
223
214
231
209
261
239
242
246
237
241
238
247
226
250
264
267
250
238
259
254
254
259
279
259
285
263
233
262
263
272
265
264
299
249
248
267
260
249
259
253
263
247
249
255
252
260
260
249
264
251
262
212
247
264
260
229
267
240
252
250
249
258
244
258
212
232
223
234
240
246
252
250
261
245
215
243
215
245
238
240
229
217
234
228
243
224
228
230
225
215
246
239
262
240
241
267
249
257
235
223
217
266
239
245
250
213
231
258
248
237
251
232
246
243
237
258
243
261
266
241
246
236
242
261
236
259
252
251
267
256
228
234
275
258
243
244
267
249
241
213
271
259
261
257
279
272
229
224
248
253
238
269
268
256
240
294
266
271
289
267
256
244
264
263
276
279
281
290
267
278
288
235
275
265
250
264
286
294
286
281
275
269
258
266
252
281
271
298
276
289
263
292
257
255
253
290
249
286
280
279
272
247
279
262
272
280
292
284
266
309
247
277
265
306
285
277
261
282
272
291
281
297
308
306
295
288
261
288
284
287
302
271
297
281
296
299
288
285
307
283
279
288
314
310
267
301
283
290
317
286
288
305
312
315
287
312
304
281
269
284
314
272
272
297
267
310
252
282
270
275
281
255
245
292
288
271
279
268
269
265
232
263
273
270
277
250
279
268
275
256
259
249
238
270
246
251
268
287
267
283
235
291
229
276
252
278
251
251
260
221
244
252
269
241
246
283
253
249
243
252
269
255
242
254
250
227
273
231
239
236
255
253
238
229
245
240
245
275
230
276
274
229
241
281
237
258
238
242
234
248
253
254
259
267
253
246
232
256
272
244
252
254
256
250
273
269
237
229
260
248
259
235
281
272
245
249
254
264
297
275
244
268
255
270
253
254
285
267
254
255
250
267
261
255
261
233
267
238
243
240
231
235
234
224
252
248
258
266
228
255
277
232
247
275
233
287
250
241
236
235
234
230
244
250
253
230
264
241
265
243
267
245
239
219
257
245
258
247
233
253
213
253
232
256
237
238
227
238
210
253
219
254
267
246
233
260
244
247
219
258
248
259
258
262
244
245
270
269
236
230
260
243
279
260
261
271
265
257
294
279
254
271
266
271
275
242
267
244
273
277
272
272
241
256
252
261
252
299
274
240
279
272
258
262
274
293
291
304
318
289
281
279
269
273
286
280
285
281
298
287
325
289
306
316
300
317
303
314
307
321
324
318
328
327
295
332
324
325
332
373
334
330
349
325
363
363
340
395
393
354
347
387
372
390
391
402
406
402
387
388
439
412
434
415
457
425
445
449
504
450
496
526
503
528
517
559
594
581
587
627
666
674
664
716
692
751
724
776
763
807
829
903
914
947
986
990
1021
1011
1027
1113
1132
1107
1215
1186
1239
1257
1279
1267
1292
1309
1320
1331
1441
1414
1394
1412
1448
1496
1489
1408
1462
1492
1496
1459
1429
1442
1400
1437
1397
1299
1315
1344
1369
1289
1252
1214
1206
1207
1220
1134
1159
1051
1026
1086
957
936
951
929
854
852
761
745
748
783
666
703
662
624
633
575
575
594
559
501
502
495
479
477
445
454
442
407
428
412
397
393
348
351
370
341
352
331
306
328
312
304
344
348
308
300
308
281
264
311
260
273
304
259
244
252
270
257
261
235
235
248
249
234
243
207
216
230
226
221
229
198
229
227
225
239
262
244
269
232
228
286
300
294
308
294
326
354
341
326
331
391
408
392
412
430
442
443
460
474
439
492
479
493
458
452
465
494
433
455
470
404
392
397
370
342
336
316
333
269
262
256
234
216
193
207
206
180
167
178
153
162
153
167
153
142
172
181
147
150
160
150
157
161
161
158
158
133
186
167
179
159
178
168
140
169
173
170
175
172
181
193
164
184
192
190
172
207
190
211
202
205
197
220
205
222
210
210
244
207
245
218
229
248
243
231
241
270
269
253
264
265
235
270
233
271
236
235
251
241
286
237
230
251
219
279
238
269
228
222
254
246
228
246
217
216
244
219
233
251
217
203
202
186
177
177
191
204
201
181
184
168
161
181
164
165
155
163
161
178
150
139
147
127
120
125
127
122
118
142
121
111
104
114
125
123
107
99
120
105
95
83
107
80
91
86
89
89
96
95
87
67
66
75
85
87
85
82
73
69
82
79
77
72
75
75
78
72
79
75
75
63
54
66
51
84
70
65
62
68
55
70
62
57
63
67
61
69
66
65
56
58
45
68
69
70
62
71
56
55
51
46
42
58
57
55
54
59
66
62
48
62
50
59
49
51
67
45
63
58
38
50
57
74
65
70
63
66
53
58
69
74
85
82
83
79
77
74
76
66
74
79
77
69
69
75
63
65
61
60
56
51
53
57
41
50
51
66
50
41
42
50
42
52
45
53
52
36
43
41
45
37
54
44
28
35
44
46
45
41
40
46
43
31
34
44
46
42
41
43
30
34
40
48
41
44
35
30
42
31
33
35
38
38
34
23
44
43
32
26
27
33
34
35
46
37
35
30
29
30
28
40
32
37
26
33
34
29
32
32
41
53
42
29
27
25
31
34
42
34
30
28
28
31
34
32
23
34
40
27
25
32
42
27
31
31
24
32
28
27
32
27
29
25
43
23
22
21
21
31
34
36
28
35
24
31
28
29
22
30
17
24
30
31
22
24
30
34
29
41
24
30
23
29
34
25
27
25
32
34
19
30
28
29
27
25
29
32
36
25
28
36
26
26
38
28
27
32
21
31
27
23
30
26
19
36
25
25
26
28
20
23
16
29
18
27
21
28
21
24
32
25
26
19
29
22
20
23
20
19
26
19
20
28
25
24
27
26
21
26
22
31
30
21
18
25
25
25
17
25
24
20
20
20
22
17
23
30
24
26
21
22
16
18
26
26
25
24
24
16
10
17
18
20
20
22
18
14
20
21
19
20
23
19
18
16
20
20
22
16
22
22
21
19
19
19
21
18
18
23
27
23
20
16
21
19
21
29
10
25
19
17
22
16
21
27
22
13
23
16
23
15
17
11
21
22
18
17
17
16
19
21
17
16
17
21
13
11
22
20
17
13
22
21
17
13
14
16
15
15
22
22
13
13
21
16
17
19
15
28
10
13
12
15
11
17
17
9
12
18
15
12
16
23
16
18
10
21
11
22
15
18
12
21
20
18
18
14
13
21
15
19
9
15
22
14
19
18
15
16
21
17
7
13
20
17
14
14
17
19
18
13
14
16
15
12
15
12
12
10
22
16
13
11
15
11
9
22
13
22
17
13
9
8
14
13
8
17
9
21
6
13
8
14
18
12
10
9
13
19
5
22
15
21
14
14
18
3
15
9
9
8
13
13
20
20
10
8
12
17
14
11
9
15
11
14
13
9
13
11
19
13
18
12
15
18
11
12
16
13
6
13
10
11
12
8
8
13
11
16
5
7
6
16
17
8
11
12
9
10
9
9
9
17
10
11
10
10
8
22
17
10
7
14
11
11
10
4
7
12
11
4
14
8
11
3
10
12
5
12
11
6
10
10
8
12
8
11
10
12
10
10
3
13
12
5
8
8
14
10
7
15
9
7
4
6
9
13
13
11
8
13
14
10
7
7
5
11
7
7
9
11
6
10
7
14
13
5
6
11
6
8
11
4
11
5
7
4
13
7
10
3
8
11
9
11
10
8
8
9
13
4
8
9
11
9
14
10
8
13
11
4
11
9
10
8
17
7
9
5
13
11
6
7
6
7
10
12
3
9
7
12
8
9
8
8
5
10
6
7
11
7
3
11
7
3
4
5
6
5
5
5
9
6
4
7
5
6
11
14
7
1
7
8
7
5
4
11
9
6
7
4
8
6
8
9
5
4
16
9
8
6
9
10
2
6
4
7
6
5
3
9
3
9
5
6
7
2
4
5
7
7
4
3
6
9
8
5
6
6
4
5
3
6
5
4
2
7
5
4
3
7
4
6
4
3
6
10
5
3
3
7
4
6
2
5
10
6
9
3
10
7
5
7
7
2
7
7
4
5
8
3
3
7
8
8
5
4
2
2
0
4
4
1
3
7
3
4
6
4
1
3
3
5
8
2
3
6
9
2
4
10
4
1
0
5
7
1
4
5
6
4
3
5
7
2
2
3
4
1
5
8
2
4
4
9
5
8
3
10
4
8
4
2
6
4
6
1
3
3
4
1
6
2
3
3
5
5
8
5
4
3
2
8
2
4
6
1
5
5
3
0
2
0
6
3
3
1
5
3
2
1
4
4
2
6
4
0
6
9
7
2
2
3
4
7
6
7
2
0
2
3
4
3
3
2
7
2
5
2
4
2
2
3
2
3
1
3
3
5
4
1
2
3
3
4
3
2
4
3
1
6
3
8
6
3
3
5
5
5
1
2
6
5
1
4
3
3
1
3
4
0
5
2
3
1
2
1
2
2
1
4
2
3
3
6
5
3
4
2
1
3
1
2
4
5
0
2
1
1
1
2
3
3
3
3
2
2
3
4
3
2
2
2
1
1
2
3
0
0
2
0
4
4
2
8
5
2
1
3
1
0
3
4
1
3
1
3
4
2
1
4
1
4
2
2
1
2
2
2
0
1
3
0
3
3
5
1
2
1
3
1
0
0
1
2
1
1
2
4
2
4
2
1
3
1
3
1
1
4
3
2
3
1
2
2
1
2
3
3
4
1
1
0
6
1
3
3
2
2
1
0
4
5
3
1
2
0
0
1
0
0
1
0
2
1
0
2
2
2
1
4
1
3
4
1
0
0
2
2
1
0
2
4
2
2
2
0
1
2
2
0
0
2
1
3
2
0
3
5
4
4
4
5
1
0
1
0
1
4
2
0
1
3
2
0
2
1
0
1
3
2
2
0
2
0
2
4
3
0
1
2
1
0
1
0
0
1
1
4
0
2
4
1
3
0
1
1
0
3
1
2
1
2
2
4
0
2
1
0
2
3
2
3
1
0
0
2
2
4
1
0
2
1
2
3
1
1
0
4
2
0
1
1
0
0
0
0
0
0
3
1
0
2
0
0
3
1
1
0
1
0
1
0
0
0
1
3
1
2
0
1
0
2
1
0
1
1
0
0
1
3
2
2
2
1
1
0
2
1
0
2
1
0
1
0
2
1
1
4
0
0
0
1
2
1
3
2
2
3
2
1
3
1
0
1
0
0
0
1
2
2
1
1
2
0
0
0
1
0
1
0
2
2
1
2
0
0
1
2
0
0
1
1
0
1
1
1
1
0
1
1
3
1
0
2
0
0
1
1
1
0
0
0
0
1
1
3
1
0
0
3
0
0
3
1
0
0
1
0
0
1
0
2
2
0
0
0
2
1
3
2
1
0
0
0
0
0
1
1
0
1
2
1
5
0
3
0
1
0
0
1
0
0
0
0
1
0
0
2
1
2
0
0
1
1
0
0
1
1
2
0
0
0
0
1
1
1
0
0
1
0
0
0
1
0
0
0
0
1
1
1
0
1
1
1
1
0
1
0
0
0
0
0
0
0
0
0
1
0
0
0
1
1
0
1
1
0
1
0
0
2
1
0
1
0
2
1
1
0
0
0
0
1
1
0
0
1
0
1
2
0
0
0
0
0
1
0
0
1
0
0
1
1
1
1
0
0
0
0
0
0
0
0
0
1
1
0
0
0
1
0
1
1
0
0
0
1
1
1
1
1
0
1
1
0
0
0
1
1
0
0
0
0
0
0
0
0
0
0
0
1
1
1
0
0
0
0
1
0
2
3
1
0
1
0
1
0
0
0
0
0
0
1
0
0
1
0
2
0
0
0
0
0
0
0
0
0
0
1
0
0
4
0
0
0
0
0
0
1
1
0
1
0
0
0
0
0
0
0
0
0
0
0
0
0
0
0
0
0
0
1
0
0
0
0
2
0
2
0
0
0
0
0
0
1
0
0
0
0
0
1
0
0
0
0
0
0
1
0
0
0
0
0
0
0
0
0
0
0
1
0
0
1
0
1
0
0
0
0
0
0
0
0
0
0
0
0
0
2
0
0
0
0
0
0
0
1
0
0
0
0
0
0
0
0
0
1
0
2
1
0
0
0
1
0
1
0
0
0
1
1
0
0
0
0
0
1
1
0
1
0
0
1
0
0
0
0
0
1
0
0
0
0
0
0
0
0
0
0
0
1
0
0
0
0
0
0
0
1
0
0
0
0
0
0
0
0
0
0
0
0
0
0
0
0
2
0
0
0
0
0
0
0
0
0
0
0
0
0
0
0
0
0
0
0
