0
0
0
0
0
0
0
0
0
0
0
0
0
0
0
0
0
0
0
0
0
0
0
0
0
0
0
0
0
0
0
0
0
0
0
0
0
0
0
0
0
0
0
0
0
0
0
0
0
0
0
0
0
0
0
0
0
0
0
0
0
0
0
0
0
0
0
0
1
0
0
2
5
1
4
5
4
5
3
2
7
7
7
42
115
332
978
2218
5007
9727
17234
27857
41110
54154
66538
72690
72997
66357
54664
41349
28045
17381
9834
5105
2320
1027
380
132
44
20
3
7
0
3
2
1
2
3
1
0
2
1
0
0
2
0
1
0
1
0
0
8
81
64
72
79
61
62
52
64
63
53
61
66
71
46
58
50
65
43
57
44
56
46
41
37
49
42
52
43
33
46
49
51
52
44
45
32
45
57
49
47
42
40
43
48
33
41
47
54
37
44
38
42
38
51
49
55
59
51
49
50
61
70
66
61
81
76
88
139
163
250
279
332
378
461
493
514
503
458
398
313
273
257
177
153
132
90
80
60
67
53
50
39
45
38
38
39
42
30
43
46
50
32
54
35
48
45
40
44
55
50
49
60
48
53
49
57
75
72
82
71
79
76
93
83
106
197
270
529
835
1322
2059
3183
4438
6085
7721
9735
11125
12261
12599
12549
11795
10271
8873
7183
5584
4251
2894
2153
1528
1135
835
675
487
415
421
415
519
780
1054
1416
1821
2316
2860
3518
3775
3998
3983
3773
3444
2965
2470
1944
1438
1159
830
671
496
402
304
304
282
238
190
146
112
86
72
49
34
36
23
20
15
10
14
15
12
13
14
7
10
11
8
7
14
11
12
4
15
2
11
7
13
11
5
10
11
10
6
8
9
12
17
15
16
16
15
15
11
23
24
26
27
35
35
33
25
36
19
20
24
27
19
21
26
20
21
18
31
26
32
25
19
24
18
24
17
21
16
22
19
21
21
18
20
11
15
14
9
13
9
5
6
8
5
3
9
8
6
10
8
6
10
11
12
7
10
10
7
10
6
5
7
7
13
10
5
2
9
11
13
11
14
8
13
5
6
6
13
8
12
10
10
7
9
4
6
5
8
10
5
5
8
9
10
12
7
3
13
10
12
14
17
15
21
4
16
13
14
11
16
14
16
8
9
4
8
9
8
6
4
8
10
6
3
5
8
4
11
7
7
8
7
8
8
3
9
5
12
8
15
4
13
12
10
11
4
9
4
4
14
5
3
7
7
5
7
11
10
6
7
7
12
15
11
4
7
9
11
6
8
13
4
6
5
6
5
8
9
12
6
10
10
6
7
5
4
12
9
5
9
8
6
5
8
11
8
9
6
10
6
5
8
3
9
10
11
8
15
7
11
9
8
7
8
8
8
8
12
6
9
4
7
10
10
10
12
7
12
6
7
7
10
5
13
13
8
9
11
13
9
11
11
10
15
10
6
6
8
12
9
12
11
8
11
8
5
16
11
10
6
8
11
13
6
14
9
15
14
11
15
12
9
13
9
11
12
11
13
13
15
13
13
15
13
20
22
14
24
30
19
21
18
23
28
25
34
35
24
32
26
31
24
32
26
30
37
30
35
34
25
28
19
36
46
28
26
32
27
23
38
31
36
14
38
32
12
21
27
23
20
26
19
19
17
18
19
23
20
20
24
19
21
22
9
16
19
17
17
20
20
25
15
22
21
30
19
26
17
22
22
21
30
27
18
24
22
18
22
30
21
25
34
26
31
36
24
21
28
27
30
28
25
34
24
32
31
33
31
27
26
26
27
26
32
29
24
27
26
24
32
31
30
36
40
35
29
35
28
42
38
29
51
40
38
34
48
37
33
52
50
46
42
35
43
41
51
39
32
41
47
58
44
42
52
50
45
36
53
44
53
50
50
61
54
58
64
56
66
49
43
74
67
59
57
71
55
64
66
68
66
71
75
70
84
61
72
72
78
77
96
96
74
99
91
90
90
93
104
116
112
125
115
124
100
110
99
108
99
98
106
96
94
86
99
76
83
83
79
74
92
100
81
90
68
74
75
96
73
61
61
66
83
65
60
63
81
64
78
75
81
70
83
84
74
70
63
89
96
66
69
89
69
84
91
69
67
66
65
80
75
85
84
64
68
74
77
66
73
70
70
85
63
67
79
67
72
71
89
75
71
83
77
84
58
71
78
72
84
89
66
76
74
76
78
88
77
80
79
70
84
62
74
73
76
79
71
73
79
77
82
84
71
72
83
86
88
92
96
85
71
74
99
92
78
85
86
97
91
86
74
84
77
88
92
84
103
85
103
106
115
116
97
89
105
95
90
99
101
128
115
135
130
152
165
213
237
300
354
483
609
787
1014
1321
1612
2121
2626
3266
3877
4642
5499
6243
6978
7740
8439
9200
9753
9837
10276
10077
9820
9431
8700
8114
7299
6493
5711
5023
4100
3498
2781
2289
1835
1411
1121
788
667
482
408
286
235
193
174
170
144
138
122
134
107
107
116
123
113
129
92
93
109
97
102
102
107
111
102
129
119
108
107
102
132
109
110
106
113
130
106
122
113
125
123
122
109
115
114
128
127
125
118
132
121
133
105
133
123
135
132
125
154
140
153
166
209
215
222
253
269
316
408
417
512
564
687
686
871
946
1075
1113
1215
1304
1346
1404
1433
1411
1346
1305
1242
1170
1120
967
908
800
759
628
540
412
385
314
328
281
245
244
186
164
167
164
158
143
140
134
147
154
140
153
150
166
138
140
178
153
127
146
170
150
132
149
170
155
151
140
175
181
155
158
180
164
188
170
163
178
199
185
182
188
184
191
199
201
190
199
181
211
240
211
207
202
229
216
222
222
228
200
233
213
210
216
244
252
213
223
213
211
239
230
235
241
230
259
255
232
287
253
272
285
284
271
252
282
258
237
255
248
250
273
256
266
229
253
268
250
237
281
234
240
263
242
218
249
242
271
236
230
261
241
232
242
225
252
205
213
220
227
217
242
265
238
216
220
228
206
200
211
208
215
206
234
212
255
226
214
159
194
211
218
221
195
203
197
209
179
192
178
175
194
188
198
187
165
187
223
190
198
197
183
213
197
215
180
198
195
178
193
200
194
191
217
195
209
175
197
189
195
206
199
176
211
159
178
182
210
203
193
182
209
182
181
198
218
212
205
237
210
198
209
208
207
194
216
214
188
187
208
203
223
213
203
174
218
182
209
203
199
209
226
239
217
209
194
231
189
197
242
209
190
195
187
223
204
187
224
214
214
229
223
219
242
220
211
213
193
211
198
211
208
189
214
216
226
237
243
235
227
224
237
215
216
231
217
233
217
233
224
211
223
232
213
205
205
224
239
237
217
243
254
234
256
248
234
230
220
235
259
238
206
231
239
247
244
253
247
211
220
238
236
234
230
229
248
257
261
231
257
277
223
269
268
270
231
232
276
230
234
254
237
266
248
248
239
222
253
251
241
252
241
259
233
242
251
243
275
253
235
247
284
240
249
249
266
270
285
251
271
251
259
247
257
257
258
253
289
261
252
249
266
278
274
274
292
279
281
290
261
280
272
279
282
281
270
297
288
279
290
292
264
305
282
299
305
289
289
320
315
294
290
279
264
287
274
305
331
308
310
298
311
271
307
292
293
298
331
317
287
285
308
332
314
282
302
299
328
292
316
312
296
278
295
349
303
309
307
318
341
377
321
315
291
340
313
326
323
311
339
324
327
339
282
339
303
339
325
327
319
329
313
324
334
305
323
308
310
298
329
312
309
320
302
332
299
311
311
309
334
319
324
329
289
302
315
304
317
309
337
312
299
270
331
321
292
295
271
308
299
288
293
272
288
300
322
281
284
289
275
270
248
284
273
271
269
297
270
248
259
278
269
260
266
275
282
250
271
262
260
276
258
259
287
267
261
289
262
252
255
293
330
249
256
271
262
270
249
241
263
242
259
275
287
257
269
260
239
277
262
267
296
275
247
283
249
255
267
251
261
277
238
265
245
260
273
268
276
292
254
261
265
284
260
279
253
269
261
266
257
264
302
257
290
254
271
291
236
262
290
263
260
258
271
270
270
254
272
266
266
272
239
248
275
255
259
252
250
236
255
229
273
288
275
270
262
258
259
246
288
283
255
259
265
276
255
282
264
262
250
254
254
242
269
271
254
259
269
266
251
266
291
275
263
278
280
278
276
262
254
259
260
256
265
273
277
266
253
236
240
260
260
269
281
262
276
270
252
250
254
260
272
298
281
254
268
263
223
266
288
267
277
277
264
276
294
255
259
274
284
252
255
280
289
255
274
256
269
251
242
266
285
286
287
246
258
282
302
287
304
261
300
262
277
276
316
296
272
290
281
290
288
293
296
291
316
305
292
288
301
288
293
303
302
304
299
283
322
283
341
324
289
316
302
338
328
333
317
353
329
332
311
320
352
364
357
317
340
362
355
364
357
349
357
377
370
350
368
377
394
390
404
345
399
414
406
402
384
400
445
384
427
445
435
423
428
433
489
468
501
503
484
507
555
542
570
499
531
589
586
654
647
628
644
642
673
701
766
820
819
784
812
887
872
873
918
923
962
1018
1004
1055
1044
1061
1141
1255
1226
1237
1317
1319
1373
1335
1396
1372
1357
1492
1449
1498
1452
1598
1532
1516
1576
1536
1542
1566
1552
1568
1500
1487
1466
1485
1469
1437
1486
1438
1427
1389
1407
1318
1329
1356
1260
1236
1211
1196
1125
1090
1085
1044
1020
984
1010
925
896
858
823
807
769
758
689
701
706
601
607
595
604
565
571
589
537
458
463
494
451
457
424
417
413
435
378
398
393
374
361
372
370
354
323
335
304
310
314
317
294
319
277
284
305
328
260
290
301
269
304
249
281
256
260
255
274
233
248
249
254
267
265
228
213
252
222
256
226
243
217
241
244
234
261
253
249
276
296
325
305
336
351
318
336
374
364
397
422
417
420
440
408
431
449
482
472
450
461
448
415
472
439
491
422
432
389
393
357
361
330
347
323
301
265
267
265
246
247
224
200
195
186
186
167
177
162
188
163
156
144
166
160
143
178
141
162
186
132
159
166
181
172
160
176
164
160
160
183
175
187
184
174
166
192
199
202
175
186
215
184
221
184
205
203
201
236
221
200
251
248
241
212
263
232
231
260
280
253
279
256
244
235
260
242
288
293
287
288
264
272
251
248
279
249
293
241
255
249
273
289
269
265
231
270
244
246
205
254
255
249
241
207
219
225
218
234
239
191
216
195
225
171
184
165
178
173
189
195
194
175
158
164
145
174
158
153
148
158
142
120
129
144
116
147
145
138
124
124
100
116
108
107
102
122
107
90
92
115
99
113
71
102
91
95
110
98
87
89
87
75
71
66
102
84
88
97
86
77
88
82
68
78
83
75
69
64
81
66
66
59
62
77
75
74
75
78
75
63
67
56
53
77
63
53
65
58
80
69
64
57
50
62
64
55
65
52
57
79
48
49
60
63
59
57
69
64
67
65
54
57
56
75
53
76
81
67
70
71
60
65
75
83
56
84
76
78
89
61
73
82
75
83
84
76
81
78
86
71
74
60
55
72
60
59
67
57
75
66
58
53
47
56
45
50
33
57
52
43
52
39
43
44
34
43
53
38
45
41
47
40
41
54
43
55
45
37
40
39
46
37
46
37
36
40
42
45
42
43
37
43
39
27
41
45
43
31
32
41
39
41
36
35
36
31
36
38
41
33
31
34
36
31
36
44
36
36
41
40
30
39
34
33
27
29
22
40
34
29
30
43
34
41
42
35
35
31
24
45
26
26
36
29
32
43
40
30
35
38
26
29
44
33
38
32
20
25
27
39
26
29
30
34
35
28
38
28
21
37
27
34
36
28
33
27
25
35
24
40
31
38
30
38
26
32
27
31
27
29
25
35
20
32
26
24
27
29
28
32
24
26
22
24
24
33
28
29
35
30
31
21
29
18
23
27
26
30
35
27
25
34
24
33
22
32
28
23
32
26
38
21
23
24
29
23
17
27
27
35
27
24
28
31
22
21
23
32
22
31
21
23
31
25
20
27
30
18
25
29
21
27
27
20
26
20
15
23
23
21
19
32
35
18
30
21
25
31
18
24
23
19
19
26
19
23
21
18
21
31
23
21
23
24
26
19
27
34
22
25
26
19
22
16
18
24
25
25
17
20
16
15
18
22
23
26
21
22
11
14
22
23
22
21
10
18
30
15
20
23
24
15
14
21
21
18
21
12
22
24
15
15
15
13
19
18
13
22
13
10
24
12
25
17
26
17
23
11
23
15
20
20
17
17
16
16
14
17
19
23
18
22
22
19
8
18
18
14
16
19
20
15
17
12
12
15
12
12
12
18
14
18
17
18
15
20
18
13
20
9
9
16
14
15
12
16
11
18
19
11
14
21
6
9
19
13
14
8
12
10
12
8
17
17
10
8
17
6
16
14
12
17
17
8
16
15
13
19
17
18
22
10
9
13
8
11
10
11
15
15
13
17
8
14
12
19
15
8
17
7
9
17
16
10
11
13
10
15
20
23
11
13
14
14
10
10
17
17
13
9
8
24
16
11
5
15
12
15
12
16
6
15
11
9
22
11
18
12
11
16
14
13
14
10
7
10
15
16
15
18
11
15
10
7
14
15
7
11
9
10
8
15
7
16
14
12
12
17
9
11
10
5
7
12
14
14
9
11
15
8
18
8
14
11
7
10
14
16
13
9
9
17
16
11
13
9
10
16
7
9
14
9
7
9
18
10
10
16
7
8
8
13
11
10
9
10
3
14
6
3
14
11
8
10
13
7
6
12
9
15
9
9
9
18
5
9
8
7
1
14
8
8
6
6
7
6
5
9
14
11
7
4
9
10
8
12
8
12
7
7
7
8
6
11
7
10
10
9
4
11
8
10
12
11
10
13
8
8
8
7
5
10
12
9
15
8
10
9
9
3
6
6
4
7
9
9
4
6
11
8
12
10
6
8
8
6
3
7
5
2
8
7
9
6
6
14
5
9
5
6
8
10
8
5
4
5
7
8
7
10
6
8
10
6
10
6
7
7
5
9
5
2
3
6
0
8
3
6
7
7
3
3
5
4
3
2
4
7
4
4
7
4
4
4
3
6
11
7
5
9
5
5
4
4
6
7
9
7
1
4
6
8
5
10
8
4
5
6
6
5
7
6
6
2
10
2
6
7
6
5
8
7
3
4
4
6
7
3
4
8
6
8
7
7
3
10
8
5
3
8
3
5
8
5
3
4
7
5
10
4
7
7
5
3
8
5
4
5
5
3
6
5
4
6
4
7
3
3
6
10
4
6
7
6
2
1
3
2
8
3
6
2
8
7
8
5
7
4
5
5
6
5
3
3
7
7
4
2
5
5
4
8
7
5
2
4
6
10
7
3
2
6
1
3
4
1
2
5
5
2
3
4
1
2
5
2
4
2
1
2
4
2
2
2
6
1
6
2
3
3
5
6
2
4
6
3
5
5
3
4
8
6
3
4
5
3
3
1
2
1
3
6
5
3
2
4
4
6
2
4
1
2
4
4
2
2
2
0
6
2
2
0
3
3
4
3
6
1
2
3
8
1
1
4
2
2
3
4
4
2
6
3
4
3
4
3
3
4
4
2
3
5
2
3
8
2
1
3
2
5
2
3
3
4
3
0
0
3
1
3
0
1
0
7
4
1
1
5
2
0
2
7
6
3
2
0
2
1
3
3
0
4
6
4
2
5
4
4
3
3
7
5
1
4
3
2
2
3
0
1
2
3
3
4
2
5
4
1
2
4
1
1
4
0
4
7
1
3
3
5
1
1
1
3
1
2
6
5
1
1
5
0
3
2
3
1
0
3
0
1
2
1
2
2
2
3
5
2
4
1
4
3
2
1
3
3
3
3
1
4
0
1
2
3
1
0
1
1
2
1
4
4
3
3
1
0
1
4
1
1
4
2
2
2
2
2
1
1
2
2
1
2
1
2
3
0
3
2
0
2
2
2
4
1
2
2
2
3
3
1
0
2
4
1
0
0
3
1
1
3
2
2
0
1
4
1
1
1
1
1
0
2
3
3
4
2
0
1
4
0
0
1
1
4
3
2
3
2
2
2
2
1
1
1
2
1
3
2
1
0
1
4
1
2
1
1
1
0
1
0
2
0
1
0
2
2
0
2
2
1
2
4
0
0
1
1
1
0
1
0
1
1
1
1
0
2
0
1
2
0
0
2
0
1
1
0
2
3
3
1
3
1
1
2
0
0
2
1
0
0
2
1
1
0
2
1
0
2
1
1
2
1
4
3
1
2
1
1
2
1
2
0
0
4
0
1
0
2
0
0
1
1
2
0
2
2
0
2
1
2
2
2
1
0
1
1
1
1
1
1
3
1
1
0
0
0
1
1
0
1
3
0
0
0
2
3
0
1
0
2
0
0
4
1
1
0
1
2
3
1
0
1
0
0
0
1
1
1
0
3
0
0
2
3
1
0
2
0
1
0
0
2
0
0
2
0
1
0
1
3
0
0
0
1
0
0
0
3
3
0
0
0
1
1
3
2
0
2
2
0
1
1
0
0
2
0
0
2
1
2
1
0
0
0
1
0
0
1
1
0
0
0
1
1
0
1
0
0
1
0
2
0
0
1
0
1
0
0
1
1
0
1
0
2
0
0
2
1
1
0
1
0
0
0
1
1
1
0
2
2
1
0
2
2
0
0
0
0
2
0
1
2
0
0
0
2
1
1
0
1
2
2
0
1
0
0
0
0
0
1
0
0
1
0
1
0
2
1
0
2
1
0
1
0
0
0
0
1
0
0
0
1
0
0
0
0
0
2
1
1
0
0
0
0
0
1
0
0
0
1
0
0
0
1
0
0
2
3
0
2
0
1
0
1
1
0
0
1
0
0
0
0
2
0
0
1
0
0
1
0
1
1
0
1
0
0
1
1
0
2
0
1
1
1
2
2
2
0
0
1
1
1
1
0
0
0
0
0
0
2
0
0
0
0
1
0
1
0
0
0
1
1
0
0
1
1
0
1
0
1
0
0
0
0
2
1
0
0
0
0
0
0
0
0
1
0
1
0
1
0
0
0
0
0
2
0
2
0
1
0
2
0
0
0
0
1
1
0
1
1
0
0
1
0
0
0
0
0
1
0
1
0
1
0
0
0
0
0
0
0
0
0
0
0
0
1
0
0
4
1
0
1
0
0
1
0
0
0
0
0
0
0
0
0
0
1
1
2
0
0
1
1
1
0
1
0
0
0
0
0
0
0
1
0
0
1
1
0
1
0
1
0
0
0
0
0
1
2
0
1
1
0
0
0
0
0
0
0
2
0
0
0
0
0
0
0
0
0
0
1
1
1
0
0
0
0
0
0
0
0
0
0
1
0
0
1
0
0
1
0
0
0
0
0
0
0
1
1
1
0
0
0
0
0
1
1
0
0
1
0
1
0
0
0
0
1
0
0
0
0
0
0
