0
0
0
0
0
0
0
0
0
0
0
0
0
0
0
0
0
0
0
0
0
0
0
0
0
0
0
0
0
0
0
0
0
0
0
0
0
0
0
0
0
0
0
0
0
0
0
0
0
0
0
0
0
0
0
0
0
0
0
0
0
0
0
0
0
0
0
0
0
1
2
1
3
1
4
2
4
3
5
2
5
5
13
30
135
342
904
2232
4893
9584
17215
28006
40910
53848
66532
73298
73109
66746
54640
40979
28002
17413
9809
5027
2373
967
369
142
40
20
4
9
0
0
3
3
2
0
1
3
0
3
1
0
0
0
0
0
0
0
0
9
77
53
74
51
56
62
58
66
66
58
44
49
58
52
54
56
67
45
37
58
51
58
53
50
59
52
42
37
40
53
52
47
47
48
46
42
54
51
41
47
41
49
49
47
45
54
43
43
47
58
54
41
43
40
44
50
44
45
44
64
74
58
59
54
68
89
112
139
154
232
278
338
396
456
559
530
534
452
455
381
312
233
167
152
133
79
83
88
51
58
41
37
48
48
47
50
43
39
37
33
46
37
37
45
48
46
43
42
46
50
49
39
74
52
64
58
59
65
77
78
79
91
90
110
130
193
267
463
830
1280
2078
3100
4477
6117
7727
9690
11098
12454
12908
12671
11712
10320
8742
7072
5380
4160
3019
2162
1494
1074
821
647
512
424
409
451
571
730
1049
1405
1889
2389
2979
3339
3719
4041
3950
3917
3498
2992
2448
2022
1434
1150
847
632
491
432
324
318
270
212
185
147
119
92
62
45
41
27
24
22
16
8
7
16
12
8
9
8
15
11
10
7
14
15
15
13
8
15
9
10
11
11
9
10
10
9
10
12
11
7
13
9
11
11
19
20
17
27
24
32
38
27
22
19
35
17
14
20
18
20
31
18
23
24
20
22
20
23
23
25
30
26
22
21
22
14
25
24
19
24
19
18
25
10
14
8
11
9
10
8
9
9
7
11
8
6
6
7
9
5
11
10
7
3
4
1
5
5
9
5
8
10
7
3
8
11
6
8
5
1
8
9
9
3
4
15
8
11
6
10
12
13
13
15
9
4
8
11
9
8
2
9
13
8
9
11
15
13
9
13
15
13
15
16
11
17
7
17
13
7
8
10
11
13
11
6
13
2
7
9
7
8
6
13
15
6
2
11
3
8
9
15
14
12
5
11
11
10
9
9
5
9
8
6
10
5
8
8
7
8
6
9
7
12
9
6
5
10
8
6
8
12
10
5
11
9
12
5
7
7
14
3
8
7
9
12
7
13
2
8
6
8
8
6
3
10
7
8
6
6
8
10
1
9
4
14
6
4
5
10
8
9
11
12
7
12
10
6
6
8
5
8
10
9
7
5
5
6
10
9
7
13
9
10
8
10
9
6
7
8
10
10
18
10
13
5
14
9
11
6
14
11
12
12
7
15
8
15
12
9
9
14
6
15
10
11
6
14
18
11
10
14
15
8
7
10
8
9
8
11
14
10
12
18
13
12
12
11
12
21
13
13
14
23
9
19
30
28
21
20
35
23
27
24
22
26
40
28
24
30
37
34
30
29
29
28
16
34
31
29
46
21
24
23
28
40
34
26
20
21
27
19
25
22
34
26
23
21
21
15
14
19
17
15
24
23
23
20
25
20
23
16
25
15
12
30
21
18
23
22
21
21
24
19
23
18
15
26
19
27
30
28
16
19
14
13
28
32
29
23
24
30
28
22
29
18
27
32
27
31
32
31
30
31
35
31
30
35
38
24
43
26
27
18
35
29
45
26
35
42
29
23
36
40
39
30
32
35
38
37
39
29
33
31
43
42
40
42
47
38
38
46
35
32
49
47
44
43
36
50
44
51
45
46
41
48
47
57
49
58
51
47
64
64
53
55
66
68
64
60
62
54
68
63
62
76
79
58
62
60
74
59
52
82
74
89
79
65
93
92
94
87
78
98
108
95
100
114
128
118
124
126
99
127
104
97
101
95
92
96
74
105
65
92
73
74
76
82
76
80
74
65
80
68
73
94
75
84
70
76
55
84
63
76
65
85
76
89
72
71
78
78
82
62
66
68
84
101
74
87
67
74
83
76
72
67
76
67
72
83
75
68
70
81
82
73
64
74
68
70
96
64
75
93
75
73
79
86
75
70
65
83
85
73
72
75
85
79
81
72
77
71
71
83
91
68
95
60
80
76
79
58
53
77
91
77
81
111
89
86
86
90
103
94
98
74
93
74
91
89
87
94
84
88
84
88
72
74
79
82
96
87
93
91
96
78
99
99
94
110
112
113
99
119
98
116
108
108
123
139
158
157
190
196
235
345
368
467
611
778
981
1281
1688
2158
2687
3261
3844
4583
5389
6209
7090
7934
8687
9204
9813
10024
10139
10179
9812
9452
8877
8339
7582
6664
5813
5044
4147
3471
2853
2263
1763
1337
1083
828
631
474
377
302
194
192
175
150
138
106
142
130
108
137
101
101
91
119
94
103
113
121
94
110
106
101
94
108
112
107
111
110
121
116
125
107
106
115
109
120
119
122
84
97
118
113
108
117
125
137
122
116
141
135
140
128
115
128
153
158
137
162
169
154
189
213
211
260
291
311
409
438
502
573
675
725
871
925
1056
1139
1219
1256
1347
1395
1402
1459
1397
1335
1281
1234
1148
1004
852
726
761
623
534
483
407
323
305
261
238
203
189
175
157
159
152
141
157
159
114
151
152
167
166
128
149
160
145
152
149
133
148
150
162
141
162
163
166
186
171
162
161
163
160
183
166
211
181
195
206
206
197
170
174
187
176
176
186
200
195
183
212
195
208
202
213
194
245
237
208
197
232
238
253
221
192
225
216
236
232
224
243
215
251
210
246
249
270
243
248
243
221
233
284
257
234
276
245
249
276
262
274
243
256
226
257
245
269
253
273
232
244
237
229
253
226
213
253
225
239
230
224
226
246
225
215
236
246
226
226
229
259
233
219
232
217
217
193
212
219
212
214
204
210
190
198
211
214
202
245
192
214
215
194
186
186
191
204
197
218
189
212
177
201
199
195
192
192
208
210
170
181
206
196
202
173
175
211
187
179
195
175
189
202
200
185
185
163
202
186
170
169
195
235
217
167
209
215
193
196
181
184
201
200
191
206
183
206
187
189
197
216
198
207
176
181
179
199
212
183
200
207
203
180
194
200
228
231
219
194
206
198
203
213
206
213
219
195
214
229
226
210
220
231
218
179
220
199
191
218
159
222
197
222
189
219
194
226
209
221
222
242
202
216
229
196
221
237
210
223
211
229
228
234
222
226
208
220
217
253
203
225
213
236
232
216
233
250
205
246
236
242
215
213
220
208
227
230
236
254
239
216
240
242
222
235
258
256
234
234
249
233
249
226
206
239
257
217
244
253
233
248
229
252
261
215
245
241
235
244
255
256
255
260
232
252
241
240
250
248
264
253
267
258
275
255
272
254
239
230
290
261
264
258
263
235
235
274
248
207
231
225
270
293
264
249
273
233
253
267
254
280
263
249
263
276
259
250
264
260
278
262
291
323
278
316
261
257
244
267
298
251
252
255
262
300
295
297
281
292
254
287
281
287
297
285
297
309
281
293
283
288
312
276
318
320
307
282
332
317
325
287
318
309
317
291
331
321
327
324
306
278
295
338
296
286
313
332
308
305
304
299
309
285
305
313
339
319
332
291
282
352
313
321
289
280
290
298
280
313
317
312
308
328
347
313
324
342
289
281
315
310
316
281
300
296
309
289
322
341
333
268
272
292
266
290
299
295
282
296
261
281
273
306
294
299
284
235
246
284
305
310
286
289
251
275
287
253
286
254
278
280
281
275
284
287
287
252
280
278
266
276
319
256
277
291
271
289
249
283
296
264
270
252
274
311
242
275
273
255
266
265
270
254
271
247
264
290
263
242
249
240
269
257
290
275
258
253
257
257
243
256
273
277
261
239
261
257
273
265
258
264
284
248
257
292
234
253
259
262
276
280
283
253
265
267
265
252
269
275
256
266
270
253
280
272
263
243
242
247
264
275
260
277
280
229
274
286
243
251
247
254
256
263
281
236
252
291
256
257
263
249
243
262
264
262
280
261
243
256
263
272
258
249
246
270
230
261
282
297
262
262
244
264
243
265
249
243
239
242
235
260
276
274
239
269
264
285
245
267
261
248
251
228
233
262
255
273
265
251
271
254
233
285
272
269
293
260
269
257
249
251
223
236
249
263
304
289
283
264
247
239
240
286
251
255
271
262
260
270
288
255
272
296
262
263
267
282
239
297
258
265
296
256
259
265
259
266
282
251
262
283
280
286
299
272
305
314
282
302
266
280
284
278
291
281
306
295
308
327
293
283
275
264
295
314
305
306
291
284
302
290
325
296
364
327
322
321
296
301
338
306
336
338
351
341
316
358
337
340
351
347
321
340
339
368
347
324
380
393
403
401
373
385
407
363
414
371
390
429
399
452
412
441
435
428
465
482
463
468
487
501
495
507
492
508
568
525
564
606
595
633
625
628
675
674
691
708
723
758
770
768
751
835
841
937
953
969
924
997
1033
1042
1111
1114
1133
1138
1213
1300
1237
1260
1253
1409
1360
1288
1412
1458
1476
1518
1482
1480
1537
1529
1572
1541
1583
1481
1612
1448
1455
1459
1504
1496
1452
1420
1445
1410
1424
1397
1389
1356
1313
1226
1236
1268
1122
1191
1087
1066
998
1026
973
943
979
900
914
829
808
763
790
732
696
687
644
666
614
582
583
589
568
543
523
517
468
462
449
509
421
400
410
414
422
364
358
381
381
361
365
341
352
320
317
323
318
328
316
300
316
273
303
264
272
302
270
275
238
277
244
262
269
241
257
264
232
228
221
209
250
212
252
249
235
228
239
234
230
258
222
249
263
271
293
272
281
287
320
315
318
387
356
350
370
391
374
394
426
433
472
405
402
453
486
450
444
453
426
476
430
436
423
407
375
404
367
353
330
336
323
285
285
227
240
237
249
216
200
179
179
189
178
159
169
172
138
159
175
131
147
162
138
172
164
155
153
163
177
181
177
157
171
157
179
168
161
182
160
182
180
189
187
164
183
209
180
198
188
205
224
214
203
213
210
237
212
240
200
232
211
245
225
243
217
215
228
257
248
259
269
246
255
243
268
250
303
261
269
289
283
261
243
279
259
266
288
290
274
239
295
262
252
231
222
254
238
258
222
224
233
209
221
206
214
229
199
214
192
218
206
186
219
158
178
185
183
170
161
171
156
151
171
119
144
162
149
147
147
132
120
143
128
135
122
131
123
128
118
107
134
133
108
118
95
115
90
74
95
116
97
104
85
79
97
97
81
83
83
78
93
79
103
79
79
67
95
82
73
81
73
66
73
61
75
77
60
62
77
63
68
60
65
63
80
69
71
58
67
70
72
77
69
52
73
59
61
50
60
65
61
69
67
66
60
67
70
55
55
46
41
60
46
62
46
54
47
48
50
62
56
59
55
72
57
73
62
76
53
64
81
63
92
65
86
75
68
103
84
74
80
81
80
68
67
80
85
76
63
73
69
67
54
66
44
57
41
43
48
63
42
61
41
37
42
49
43
43
42
40
43
47
37
49
45
60
36
56
47
46
34
51
32
48
43
50
51
50
41
43
38
56
37
46
48
38
44
40
45
41
45
38
43
41
34
40
45
33
40
40
26
43
34
44
36
33
25
33
34
41
39
44
42
44
37
36
37
29
30
26
37
29
39
33
44
38
39
35
30
25
26
33
42
30
36
47
29
39
35
33
37
32
38
23
33
36
24
34
30
27
36
22
25
26
23
24
30
29
39
32
34
30
26
28
27
28
37
37
32
33
41
21
20
32
28
25
39
18
25
34
28
31
27
24
23
32
29
35
30
28
35
29
28
26
24
19
25
23
23
28
31
28
35
29
37
25
23
25
30
19
28
21
26
27
34
27
29
16
26
27
29
26
32
30
29
32
24
24
23
21
24
21
19
21
28
20
29
19
23
28
17
26
25
18
22
18
29
27
21
17
36
17
24
26
25
22
27
16
23
29
20
28
16
30
29
22
20
30
34
22
26
18
26
23
17
21
17
23
15
27
21
20
28
26
20
19
17
15
23
17
22
13
22
21
17
23
19
20
17
16
24
17
22
25
20
22
19
20
26
19
16
17
12
13
20
14
21
25
19
20
24
20
17
15
15
18
24
19
27
16
23
16
27
19
23
18
29
16
19
18
18
18
21
19
17
15
9
21
25
20
17
21
17
24
21
16
12
13
12
24
10
18
19
11
22
15
25
20
13
16
27
16
14
14
20
14
10
18
13
20
22
15
16
18
17
16
11
21
18
14
22
17
18
15
20
23
14
13
16
17
13
8
23
10
15
17
15
20
20
15
12
19
11
14
14
14
11
15
11
17
12
17
11
14
11
12
14
13
7
15
23
10
18
18
16
15
10
13
14
15
17
17
25
9
11
16
12
12
13
16
17
13
20
14
15
13
14
13
12
11
15
11
11
15
10
15
14
10
14
15
17
11
17
12
13
14
15
9
14
13
14
20
13
9
14
12
7
14
12
17
16
10
11
11
18
8
14
12
17
14
10
10
16
10
11
11
15
7
8
11
9
13
18
14
14
12
9
22
13
7
13
13
14
3
9
9
7
17
12
18
10
15
10
10
6
8
9
3
7
6
3
8
12
11
15
8
9
16
10
20
9
11
11
8
13
11
18
8
12
9
10
7
8
10
11
7
10
11
9
9
10
9
10
7
11
9
13
11
15
10
10
11
3
9
10
8
7
11
12
11
6
12
9
9
8
14
7
14
8
8
12
8
13
5
8
10
9
14
10
7
9
8
13
4
9
7
4
6
12
6
11
9
9
8
13
8
10
1
13
8
5
11
7
12
7
12
12
7
15
8
7
14
9
13
12
7
3
6
5
11
7
13
3
7
9
10
4
9
8
8
10
11
9
10
9
6
7
10
6
4
4
8
11
4
10
7
8
11
10
13
12
6
6
5
7
7
7
8
4
10
11
7
4
11
6
9
3
5
3
5
6
6
5
8
7
8
4
5
3
9
9
8
4
9
4
4
2
6
7
8
3
7
4
1
5
3
4
8
6
6
6
11
6
7
10
7
8
5
8
6
5
6
5
1
7
4
6
6
5
5
6
6
8
3
8
7
6
7
7
3
4
5
8
3
4
3
5
3
6
3
5
8
7
6
7
4
7
6
2
9
8
5
7
5
5
6
5
8
1
5
4
6
6
6
6
10
5
7
6
6
6
7
2
6
4
3
2
4
4
5
5
6
6
2
4
2
3
3
10
4
3
3
8
4
6
5
3
7
5
6
4
6
9
9
4
5
6
7
4
9
3
4
2
4
5
11
4
4
5
3
2
5
6
4
4
2
6
5
5
4
4
5
6
2
5
2
11
4
5
5
0
3
4
0
6
5
6
2
4
5
2
5
3
7
6
3
5
7
0
3
0
2
3
3
2
3
4
4
6
3
4
4
5
4
4
5
5
7
4
2
5
3
3
3
2
3
8
1
2
6
2
3
7
2
0
7
1
6
2
1
2
3
2
3
3
1
6
1
1
3
6
5
1
2
2
3
3
6
1
3
5
3
3
3
3
6
4
7
6
1
3
3
3
0
3
2
2
5
3
4
0
6
2
4
4
1
4
5
2
2
2
1
1
2
4
4
4
1
3
4
1
2
5
1
1
2
5
3
0
7
3
4
2
2
0
3
3
1
2
0
1
1
3
3
2
0
6
3
1
2
5
4
3
1
2
3
3
3
0
1
4
3
2
1
4
3
1
0
3
3
4
1
3
1
2
1
1
3
3
2
0
1
2
3
3
2
5
2
5
2
4
5
3
2
0
2
2
5
3
5
2
5
1
0
2
2
1
3
2
1
2
3
0
1
1
0
2
1
2
3
0
0
0
4
1
2
3
5
1
1
3
3
2
1
5
2
0
2
1
3
1
3
2
3
1
3
1
0
5
0
2
2
3
3
3
2
1
2
3
1
2
1
1
3
0
4
0
2
1
0
2
1
0
3
2
0
1
1
2
0
1
0
1
0
3
2
3
2
2
4
1
2
2
8
0
1
4
1
1
2
2
1
0
1
2
0
1
1
0
2
3
1
1
2
2
2
2
0
0
2
1
2
0
2
1
0
2
1
2
1
2
0
2
3
1
0
3
1
1
2
1
3
3
0
1
3
2
2
1
1
0
3
2
0
3
1
1
0
1
2
2
1
1
2
1
0
3
1
0
1
0
2
1
1
2
1
0
0
1
1
1
2
1
1
0
0
1
1
2
1
1
2
3
2
1
2
1
0
1
0
0
0
0
0
0
0
1
0
0
1
0
1
2
0
2
3
0
2
1
2
2
0
1
1
0
1
1
0
0
0
0
0
1
1
0
0
0
1
0
0
0
0
0
0
0
1
4
0
0
2
2
1
1
0
1
3
0
1
0
1
1
2
0
0
0
0
0
0
0
0
1
0
1
2
0
2
2
2
0
3
0
2
0
0
0
3
0
1
3
0
0
0
0
1
1
0
1
2
0
2
2
0
3
0
2
2
0
1
0
2
0
0
0
2
0
0
1
1
0
1
1
1
1
2
1
0
1
1
0
1
0
0
0
0
0
0
2
0
0
1
1
0
0
0
0
1
1
2
1
1
1
1
0
2
2
3
1
1
2
2
0
0
1
2
2
0
1
1
1
0
0
0
1
1
0
0
0
1
1
1
1
0
0
1
0
1
0
1
1
1
0
0
2
1
3
1
2
1
1
3
0
2
0
2
0
1
3
1
1
1
0
1
1
0
2
1
0
1
1
0
1
1
1
0
0
2
0
0
1
0
0
0
2
3
1
2
1
0
2
0
1
1
1
1
0
0
0
0
0
0
1
1
1
1
0
1
1
0
2
0
1
0
2
0
1
0
2
0
0
1
2
0
1
1
1
0
0
2
0
0
0
0
0
0
2
1
1
1
1
0
0
0
1
0
1
0
0
0
1
1
1
1
0
0
0
1
0
1
0
2
1
1
1
0
0
0
1
1
0
1
0
2
1
1
0
0
0
0
1
0
0
0
0
0
0
1
2
1
1
0
0
0
0
0
1
0
0
0
0
0
0
1
0
0
0
0
0
1
2
1
1
1
0
0
0
0
0
1
1
0
0
0
0
0
0
1
0
1
0
0
1
0
0
0
1
0
0
0
0
0
1
0
0
0
0
0
0
0
1
0
0
1
1
1
0
0
1
0
0
0
0
0
0
1
1
0
1
0
0
0
0
1
0
0
0
0
0
0
0
0
0
0
0
0
0
1
1
0
0
0
1
0
0
0
0
0
0
1
1
1
0
0
0
0
0
1
0
1
1
1
1
0
0
1
0
0
0
0
0
0
0
0
0
0
0
0
0
0
0
1
0
0
0
0
0
0
0
0
0
