0
0
0
0
0
0
0
0
0
0
0
0
0
0
0
0
0
0
0
0
0
0
0
0
0
0
0
0
0
0
0
0
0
0
0
0
0
0
0
0
0
0
0
0
0
0
0
0
0
0
0
0
0
0
0
0
0
0
0
0
0
0
0
0
0
0
0
0
1
2
0
0
2
1
3
7
5
4
1
2
5
4
10
47
126
368
918
2229
4847
9580
16986
27837
40887
54442
66065
73040
73053
66325
54805
41291
28511
17448
9826
4922
2386
1014
371
156
40
22
4
4
4
7
0
0
2
1
4
5
1
0
0
0
1
0
0
0
0
0
1
12
61
57
72
70
57
58
59
60
59
49
51
65
48
74
60
55
47
45
46
32
37
38
39
49
46
47
44
42
60
39
55
53
47
50
24
37
44
40
57
36
44
49
42
35
37
49
43
49
40
48
39
46
33
55
38
51
37
48
57
44
71
66
74
56
79
83
109
129
178
206
275
349
401
432
494
486
487
467
425
390
291
237
174
148
99
104
69
77
51
43
38
45
46
39
33
37
45
45
33
39
43
40
46
41
42
52
42
46
44
46
36
41
51
36
50
71
52
71
69
84
67
56
73
105
114
144
312
478
801
1308
2057
3085
4412
6082
7821
9508
11075
12246
12709
12666
11630
10335
8759
7109
5481
4083
2907
2155
1579
1115
848
604
490
446
426
440
510
765
971
1433
1893
2374
2840
3284
3794
3864
3928
3681
3450
2894
2439
2014
1521
1114
830
593
521
337
316
304
261
251
194
155
109
94
65
50
41
28
15
15
9
12
11
12
10
15
14
12
11
10
3
7
7
7
10
15
10
6
14
16
7
11
15
8
13
7
7
8
12
10
15
14
15
11
14
19
21
14
23
25
33
27
29
30
27
29
28
24
23
20
16
28
22
19
22
19
17
25
19
22
15
24
16
20
20
23
22
27
22
19
20
14
14
16
7
15
11
7
12
13
13
8
7
14
10
11
5
4
6
7
10
14
9
6
6
6
8
6
6
11
6
3
3
5
9
5
6
6
5
11
8
10
7
18
9
9
12
11
17
6
17
11
12
9
9
5
13
9
9
10
6
4
7
7
10
9
10
11
8
13
13
15
15
15
15
12
9
9
8
12
5
9
8
6
7
9
13
8
6
8
9
5
11
4
6
4
13
10
11
4
7
8
17
13
5
10
8
4
7
8
7
5
6
7
13
6
12
7
11
4
7
7
5
2
8
8
7
6
8
6
7
2
7
6
5
7
9
10
5
11
10
2
13
6
7
10
5
6
5
6
7
8
6
9
9
5
5
3
8
12
6
6
7
9
2
13
6
7
7
8
7
9
9
6
10
8
9
8
9
9
6
9
10
8
6
5
9
10
4
15
8
3
5
8
11
9
9
6
10
10
10
4
6
6
7
15
7
13
10
8
6
10
6
8
6
10
12
7
11
7
16
12
12
9
17
10
8
11
10
9
11
9
11
14
14
11
12
12
13
12
11
11
9
11
14
5
21
11
7
7
15
15
16
15
20
18
25
32
27
17
24
26
18
17
35
35
29
40
25
31
26
26
38
22
36
28
24
34
31
28
34
31
26
21
36
28
30
30
29
42
26
24
29
25
22
18
33
18
16
25
20
24
17
19
23
17
17
23
22
15
11
18
14
25
20
12
17
29
21
28
20
19
18
25
21
21
16
24
18
26
22
20
15
27
25
30
22
28
19
32
26
34
18
23
24
25
17
23
25
22
31
29
24
29
29
24
31
28
27
20
26
27
24
42
31
38
33
29
37
29
33
33
31
37
36
27
31
22
32
34
34
26
40
48
31
35
45
29
45
49
40
44
39
58
38
37
43
45
47
43
49
37
51
56
51
60
60
60
51
48
51
67
59
51
49
56
56
60
43
65
54
58
75
64
64
61
62
59
61
73
74
73
84
65
70
79
78
70
83
98
73
81
78
103
103
111
105
115
104
110
132
115
93
109
76
108
86
94
114
99
85
73
75
99
87
97
72
84
80
76
72
85
75
64
84
67
89
98
58
80
72
86
81
59
72
66
79
70
60
61
78
92
74
64
95
77
92
80
83
85
65
73
87
75
74
48
87
83
82
75
82
73
74
71
75
65
81
72
76
78
76
71
91
76
50
82
74
87
89
83
90
73
63
74
66
70
63
73
66
86
72
89
67
75
75
71
91
91
71
79
75
87
67
86
80
81
80
81
86
63
78
95
97
95
70
90
87
62
92
89
103
85
80
95
79
96
85
90
86
84
88
84
87
84
91
97
103
96
111
88
108
97
104
102
101
112
103
115
123
113
146
151
187
181
241
295
376
448
543
818
1003
1337
1711
2053
2592
3234
4078
4561
5314
6187
6964
7711
8365
9106
9530
9906
9921
9897
9638
9336
8600
8118
7426
6436
5744
4904
4156
3403
2769
2241
1817
1350
1081
779
556
490
387
277
185
187
168
141
133
133
136
114
91
105
133
98
110
136
105
125
124
124
110
127
116
109
112
96
95
107
95
124
139
126
120
104
111
118
105
136
103
124
114
127
119
113
119
113
118
121
124
136
127
119
118
117
111
136
144
159
148
161
177
163
189
200
216
240
274
331
367
428
530
581
666
736
900
975
1038
1200
1192
1286
1321
1332
1394
1388
1403
1323
1301
1179
1075
1013
934
804
715
634
541
451
416
352
288
256
200
205
178
184
177
183
154
153
162
154
148
154
134
156
149
138
138
167
143
150
150
167
148
152
186
162
160
173
144
176
162
162
167
146
178
167
189
173
183
170
172
170
190
185
175
184
193
189
206
187
214
181
216
198
209
211
231
232
192
219
220
204
201
227
243
213
241
221
225
230
241
230
247
219
230
221
243
265
272
257
251
269
230
242
279
257
237
241
265
256
269
268
269
264
263
244
246
272
232
257
230
260
233
250
240
244
248
249
276
239
232
225
226
213
224
221
234
193
219
219
205
198
221
208
233
213
204
204
235
202
225
240
214
182
212
208
214
207
192
194
203
189
185
211
199
190
186
183
206
184
167
193
178
186
185
191
202
181
173
163
186
175
191
177
186
197
179
157
196
177
195
178
173
165
183
199
186
191
185
189
166
206
188
172
160
219
183
169
184
179
170
185
159
199
188
194
188
199
183
187
179
186
171
176
191
194
214
189
187
183
206
204
209
180
190
179
210
191
203
212
197
200
191
210
215
194
208
199
232
195
173
216
196
182
189
212
185
183
195
220
230
192
201
216
208
215
217
208
221
178
211
221
220
197
199
192
198
220
207
224
186
216
188
231
229
221
219
219
192
209
210
194
226
211
240
218
204
213
224
244
221
210
223
181
223
209
218
218
197
233
216
224
213
239
220
239
233
230
218
239
222
239
222
260
240
232
215
225
220
202
242
252
214
266
219
216
233
221
208
203
246
260
222
212
231
248
229
246
231
240
230
246
247
247
243
247
257
240
248
246
226
233
231
233
263
264
241
255
241
238
222
253
272
205
240
231
263
225
247
230
244
229
245
253
236
262
260
264
262
274
251
288
234
231
242
275
264
266
303
249
230
233
273
270
285
273
279
254
282
298
258
264
268
303
259
269
263
230
270
295
259
281
278
296
295
282
294
291
298
266
300
251
289
279
300
286
286
274
298
299
294
287
283
307
284
320
272
286
303
287
298
335
293
294
288
335
309
302
329
307
290
310
283
280
292
269
298
258
317
281
315
306
316
289
322
343
299
291
303
280
271
292
272
256
295
302
300
293
295
282
258
282
258
256
279
309
304
315
269
288
259
274
271
251
283
279
252
268
263
271
260
257
247
288
242
283
246
284
273
261
253
244
246
244
246
251
268
245
264
239
229
241
271
257
261
302
301
256
228
236
272
247
238
253
252
243
230
243
262
245
240
252
249
280
238
232
242
251
276
265
236
242
286
255
255
268
232
217
245
241
264
257
240
247
237
235
240
270
245
231
254
215
238
241
237
253
255
236
242
230
227
243
255
230
270
253
237
264
248
245
245
267
208
263
260
239
265
252
256
249
220
245
258
267
231
262
240
237
241
251
233
231
215
224
265
262
247
236
254
242
260
241
247
238
224
262
231
248
215
226
224
259
243
242
264
269
242
246
252
228
260
246
238
239
225
242
262
246
247
219
204
239
210
219
251
236
238
230
250
247
255
256
241
249
282
243
248
258
228
244
213
237
245
252
212
253
271
241
253
257
249
247
239
248
242
251
248
272
242
239
245
275
234
249
251
269
260
233
250
234
257
232
251
245
239
245
275
248
260
243
255
251
261
238
262
259
237
273
241
245
294
263
272
276
276
273
266
249
246
247
232
271
246
290
267
272
247
264
250
292
308
284
261
276
271
282
271
307
267
324
301
324
294
296
316
303
306
299
280
323
283
306
331
332
321
321
307
358
323
330
330
320
364
345
346
329
357
362
338
389
340
361
321
340
379
334
356
384
378
370
407
370
384
432
426
428
415
433
444
421
431
430
463
479
478
495
498
485
549
515
523
539
548
544
570
599
660
683
630
699
670
730
782
738
850
835
796
857
905
946
952
995
954
1008
1052
1080
1062
1178
1169
1186
1225
1238
1228
1329
1370
1303
1349
1354
1340
1407
1331
1487
1424
1383
1428
1438
1390
1396
1429
1413
1421
1460
1379
1368
1374
1443
1305
1355
1361
1289
1263
1246
1180
1146
1167
1164
1076
1092
1027
1049
968
958
869
948
869
794
819
773
781
713
697
680
657
635
602
570
536
557
499
513
504
547
503
445
445
438
457
452
408
396
413
353
401
380
343
365
335
301
349
304
356
328
293
312
292
292
271
277
285
272
272
292
265
266
270
247
258
222
230
247
255
230
237
215
237
226
213
213
203
218
225
220
249
227
225
217
224
214
244
228
269
258
263
264
292
275
314
299
332
367
355
349
383
347
399
389
410
392
435
388
425
458
480
416
463
371
430
450
433
413
425
390
347
368
337
327
289
286
271
260
236
248
229
180
211
192
184
183
162
173
175
144
145
160
146
154
137
159
156
132
155
145
146
169
166
169
153
152
157
138
173
183
134
175
161
151
187
158
168
182
171
176
178
182
200
186
176
202
192
196
194
208
219
206
207
233
232
218
237
228
224
236
227
237
221
236
241
259
244
263
291
250
241
243
256
248
248
273
259
260
243
243
252
252
254
236
228
258
260
211
220
229
220
232
211
232
235
257
214
250
246
217
191
208
209
189
191
174
177
179
165
177
140
143
156
140
150
140
140
167
123
167
146
135
123
131
138
132
145
131
128
105
124
116
117
121
107
112
104
110
105
94
124
102
95
98
80
99
83
92
88
88
93
90
96
76
82
74
91
89
69
69
74
67
79
66
73
62
69
82
86
81
65
75
67
69
68
62
63
65
71
70
70
70
67
68
77
68
59
63
53
75
44
50
58
57
61
66
66
46
60
71
51
53
57
51
59
52
67
63
56
52
59
47
48
59
50
54
64
83
55
57
59
63
64
51
68
52
69
73
61
57
70
91
81
70
83
80
92
71
83
73
70
67
71
59
58
70
75
57
60
62
50
44
53
47
52
48
40
41
44
42
43
41
42
35
43
45
42
51
33
41
42
34
41
43
39
39
34
50
44
51
46
39
38
52
47
52
52
32
36
43
34
49
34
40
35
39
44
36
31
37
44
42
39
33
34
36
36
30
36
35
37
38
32
37
28
35
26
35
38
42
40
36
30
35
31
39
26
34
26
26
32
24
45
35
28
37
29
16
28
26
21
33
22
30
27
24
30
34
26
39
37
33
41
42
38
42
37
19
27
27
29
24
36
22
35
34
29
32
29
36
34
23
29
29
29
24
32
34
28
32
24
21
36
21
30
29
31
34
27
23
30
21
27
21
24
30
22
27
31
24
30
28
32
19
22
30
24
20
27
27
23
28
24
28
30
25
24
25
21
27
29
20
29
29
21
31
32
24
24
29
22
21
25
21
22
16
14
29
22
32
26
19
19
25
20
22
33
32
22
18
31
22
33
22
25
13
21
17
23
22
18
25
26
18
30
16
18
31
33
15
29
19
22
20
20
24
25
21
25
23
23
13
18
22
22
24
29
22
22
17
24
20
28
25
19
30
21
22
15
16
21
13
27
19
16
29
18
21
23
17
18
17
30
26
21
14
10
26
18
17
24
14
11
27
21
28
15
12
25
8
17
13
15
15
20
25
18
26
15
15
14
26
19
18
20
18
20
22
29
13
18
20
17
15
13
15
19
19
22
12
12
16
39
15
13
16
15
17
27
16
17
12
15
17
13
19
15
10
19
23
23
7
18
15
13
17
11
14
15
25
18
14
11
15
17
10
19
15
16
20
23
20
14
16
19
14
20
14
9
11
21
20
9
10
18
18
14
17
16
17
12
16
11
10
16
14
17
17
19
26
13
17
16
13
17
13
17
16
14
6
13
19
16
12
18
16
19
12
7
17
12
14
15
22
15
17
16
12
12
13
13
10
10
16
13
17
11
11
20
13
17
15
14
11
14
8
12
12
15
12
11
11
17
9
15
13
10
5
16
14
11
9
8
14
8
16
18
12
14
13
9
11
12
7
13
15
9
15
7
13
12
16
15
5
15
12
15
10
10
5
15
8
12
9
12
10
12
8
14
8
9
15
17
9
9
11
9
10
7
12
9
9
9
16
16
9
12
10
10
10
5
13
14
6
15
10
9
13
6
10
8
12
7
10
11
13
14
9
10
11
16
11
7
9
13
16
14
7
10
8
7
16
11
9
11
4
9
12
12
14
10
5
13
11
6
12
12
9
9
15
5
6
9
9
5
11
13
5
8
8
8
6
9
11
4
8
9
13
6
7
7
11
1
7
11
8
9
9
5
4
3
5
4
10
8
5
10
8
9
9
5
9
6
3
11
6
10
9
5
6
7
8
8
6
5
7
5
5
4
7
8
8
8
8
4
11
6
7
11
7
7
11
7
6
10
7
7
11
7
6
0
7
6
8
3
9
5
0
7
10
7
8
7
5
6
8
7
6
5
7
7
5
6
5
7
3
4
6
8
3
9
6
11
7
7
8
11
7
6
7
13
8
7
5
1
4
3
5
5
6
4
3
6
9
10
8
6
7
8
5
6
3
4
2
7
7
5
5
9
11
4
5
1
6
5
9
4
4
2
8
3
4
5
4
6
6
8
5
7
4
2
3
6
7
5
5
7
7
3
5
3
4
5
3
5
7
4
2
5
7
5
3
4
2
7
4
1
3
6
8
4
3
4
7
6
5
7
6
2
6
8
2
2
2
8
2
5
3
9
9
3
1
2
6
1
4
5
5
5
2
5
3
8
7
1
2
3
4
2
2
4
5
6
5
4
1
2
2
5
4
3
4
4
4
3
9
5
1
2
10
2
7
6
3
3
3
3
6
3
7
6
5
4
5
6
4
3
3
6
5
5
3
1
7
4
4
5
4
2
1
7
2
1
5
5
2
3
2
3
5
1
0
4
5
6
2
5
4
4
5
9
2
5
3
4
6
2
3
2
2
2
5
7
5
3
2
2
4
1
4
2
1
1
4
4
4
7
2
5
2
4
2
3
3
1
1
3
9
3
3
2
1
3
1
4
5
2
6
4
1
5
2
2
0
4
2
3
2
4
2
1
3
3
1
1
2
4
1
2
1
1
4
3
8
3
2
2
2
1
4
2
4
3
1
2
4
4
1
3
3
4
1
0
2
5
1
0
4
2
2
2
0
3
3
2
3
3
3
1
2
6
0
2
1
1
4
2
3
3
3
2
0
2
2
2
2
4
2
1
6
4
3
3
3
1
5
3
1
2
0
1
3
2
0
0
2
3
5
4
3
0
3
0
3
0
2
2
4
2
3
1
2
2
3
1
1
5
2
1
3
3
4
3
0
0
1
0
1
3
2
2
4
2
0
2
3
3
2
1
0
1
3
0
0
0
4
3
5
1
2
1
1
1
3
0
2
1
4
2
2
3
2
1
2
3
2
3
0
2
1
1
3
1
0
1
0
2
0
0
4
4
1
2
1
0
0
5
1
3
0
1
4
1
3
4
1
1
2
3
0
3
1
1
0
2
0
1
0
0
2
0
1
0
1
0
1
2
3
1
1
0
1
3
0
1
1
1
1
0
1
1
2
0
2
3
0
2
0
1
0
1
3
1
2
0
2
0
0
1
1
1
4
2
1
1
3
0
0
1
2
0
2
0
1
0
0
2
3
0
2
1
1
1
0
2
4
0
1
1
1
1
3
2
3
1
0
3
0
2
2
2
1
0
1
3
1
0
3
0
1
0
0
1
2
1
2
0
0
2
0
2
1
1
0
2
1
0
1
0
2
2
1
0
1
1
0
0
0
1
1
1
0
2
1
1
0
1
1
1
0
2
1
1
3
0
4
1
0
0
1
0
0
1
0
0
0
1
0
1
0
0
0
1
1
0
0
1
0
1
0
1
1
1
1
1
0
1
0
2
1
0
0
2
0
0
0
1
1
0
1
2
0
0
4
5
1
2
0
0
1
1
0
1
1
0
0
0
0
0
0
2
0
0
1
0
0
0
2
2
2
0
1
1
2
0
0
2
1
0
2
1
0
0
2
1
0
0
0
0
1
1
1
0
0
2
1
0
0
1
0
0
2
0
1
0
1
1
0
0
0
0
0
1
0
1
0
0
1
0
0
0
0
0
0
0
2
2
2
0
2
0
0
1
0
1
0
1
0
1
0
0
0
1
0
0
2
0
0
0
1
0
0
0
0
0
0
0
1
0
0
1
1
0
1
2
0
0
1
0
0
1
0
1
0
0
1
0
1
0
1
0
3
0
0
0
0
1
1
1
0
0
0
1
0
1
1
0
1
0
1
1
0
1
0
1
1
0
0
1
1
1
3
1
0
0
1
2
0
1
1
1
0
2
2
0
0
1
0
0
0
3
0
2
1
0
1
0
0
0
1
1
0
0
2
0
1
1
2
2
1
0
1
1
2
0
1
0
1
0
0
1
1
0
1
0
1
0
0
1
0
1
0
0
1
0
2
0
0
1
0
0
0
0
2
0
0
0
0
0
0
0
0
1
0
1
0
0
0
1
1
0
1
0
0
1
1
1
0
0
1
1
1
1
0
0
1
0
0
0
1
0
0
0
1
0
1
0
0
0
1
0
0
0
0
0
1
0
0
0
0
0
0
0
0
2
1
2
1
0
1
0
1
0
0
1
0
0
1
0
0
0
0
0
0
0
1
1
0
0
0
2
0
0
1
1
0
0
0
0
0
0
1
1
1
0
0
0
0
0
0
1
1
0
0
1
0
0
0
0
0
0
0
0
0
0
0
0
0
0
0
0
1
1
0
0
0
0
1
1
0
0
0
0
0
0
0
1
1
0
1
2
1
0
1
0
0
2
1
1
0
0
0
0
0
0
0
1
0
0
0
1
0
1
0
