0
0
0
0
0
0
0
0
0
0
0
0
0
0
0
0
0
0
0
0
0
0
0
0
0
0
0
0
0
0
0
0
0
0
0
0
0
0
0
0
0
0
0
0
0
0
0
0
0
0
0
0
0
0
0
0
0
0
0
0
0
0
0
0
0
1
0
0
1
0
1
1
2
0
3
3
7
1
3
5
12
3
9
48
129
365
912
2273
4930
9598
17283
27862
40746
54030
66541
73039
72302
66719
54815
41574
27927
17418
10112
5055
2360
1007
401
136
49
12
7
2
3
3
1
1
1
1
1
1
0
1
0
2
0
0
0
0
0
0
0
12
75
59
54
64
64
75
72
63
63
51
50
52
53
54
61
65
49
36
48
41
43
50
60
58
49
37
47
41
40
37
36
48
49
36
36
48
30
40
47
45
39
46
41
45
40
45
36
23
52
37
40
37
31
42
46
51
44
47
69
54
67
66
60
63
72
79
100
132
160
211
281
323
412
483
505
506
475
461
429
348
257
248
174
151
130
109
65
59
56
57
49
43
43
47
43
43
32
26
38
42
41
40
43
38
49
34
59
45
45
48
52
49
53
57
68
66
70
76
59
72
61
85
94
105
125
180
275
506
815
1323
2039
3054
4484
6233
8001
9460
11226
12371
12899
12830
11781
10342
8915
7117
5414
4050
2928
2148
1452
1120
796
610
526
473
403
457
552
726
982
1391
1837
2229
2892
3360
3734
3924
4058
3858
3513
3102
2497
2091
1496
1141
814
631
497
432
340
285
263
217
192
160
119
90
80
60
27
21
32
13
13
13
10
15
9
15
10
12
12
8
11
10
10
11
12
9
14
14
11
10
11
11
14
15
17
12
10
14
17
9
10
16
11
16
15
17
10
22
21
24
34
24
37
38
27
24
36
26
27
17
17
20
13
27
25
30
22
22
27
31
21
35
22
18
19
17
14
26
15
21
17
22
24
22
8
23
16
10
12
7
12
7
10
5
7
7
8
12
7
6
7
7
11
5
6
8
3
10
7
6
10
8
3
10
12
10
7
7
5
8
9
7
10
7
6
11
7
8
14
10
9
8
12
15
7
9
8
8
7
5
7
11
15
7
11
12
9
20
14
11
17
17
11
20
13
22
11
6
12
11
8
7
5
8
9
4
10
7
5
6
11
4
9
6
7
8
5
14
8
7
10
11
9
8
6
11
3
17
6
6
10
10
7
8
4
5
9
8
4
7
4
6
7
9
6
8
8
6
8
8
5
2
7
6
8
7
5
9
10
7
3
5
11
12
3
5
5
6
9
6
7
11
9
3
5
7
2
5
10
4
5
9
7
9
4
8
7
9
9
13
4
6
11
4
7
5
2
12
9
9
8
4
6
10
11
10
6
6
16
8
6
5
9
9
3
11
7
12
11
10
13
4
11
8
9
8
14
6
15
10
15
17
9
8
9
14
11
8
13
10
11
8
6
12
13
10
6
7
8
9
5
13
10
5
13
7
7
8
8
8
10
11
5
11
18
14
16
16
17
26
27
11
19
20
25
17
24
20
18
26
19
21
21
30
28
26
33
28
32
31
36
42
38
29
22
31
28
35
25
32
22
30
25
23
26
25
42
32
30
24
26
33
25
22
24
21
14
27
16
22
26
22
19
20
17
14
26
22
13
20
22
22
19
20
18
27
16
15
26
20
32
32
22
24
23
28
19
20
24
18
20
19
27
18
22
18
22
26
27
15
22
26
26
23
26
21
23
27
34
27
31
25
31
32
22
21
37
22
34
40
31
37
24
35
40
25
33
40
40
35
37
31
33
40
34
32
25
31
37
36
45
33
38
38
31
51
40
53
31
44
34
48
43
37
54
44
43
49
41
40
51
44
54
39
44
56
52
49
57
51
44
52
52
63
60
62
61
56
59
42
64
55
68
67
56
65
61
70
73
65
69
58
64
72
85
63
64
82
97
86
95
97
103
92
102
96
111
96
110
105
112
121
130
106
120
107
93
107
91
95
108
84
94
81
88
83
83
94
94
66
83
78
81
70
87
68
75
75
85
74
77
78
87
80
92
73
80
87
76
68
81
74
85
68
81
63
67
100
77
68
64
83
78
58
83
80
80
82
80
77
74
84
90
67
83
78
65
75
71
68
76
70
76
76
84
72
65
70
70
72
83
82
74
77
66
71
81
65
73
80
73
78
82
84
87
72
88
73
80
82
89
65
84
71
64
68
78
87
86
76
83
73
73
94
96
84
77
84
99
106
80
95
83
76
82
72
68
94
109
92
88
93
94
102
93
104
78
105
101
108
99
101
110
116
103
123
91
112
136
140
154
145
155
213
219
310
357
457
627
754
974
1304
1739
2033
2620
3353
3902
4534
5393
6287
6978
8003
8684
9205
9750
10085
10222
9877
9963
9498
8898
8357
7385
6602
5931
4963
4217
3570
2769
2260
1835
1370
1089
821
638
454
385
275
241
190
190
151
135
132
119
110
109
132
105
110
104
127
106
119
103
114
108
100
119
122
108
102
93
109
119
98
107
102
104
108
125
122
106
112
110
122
117
130
129
135
130
127
157
124
118
116
122
133
141
135
142
134
133
137
137
164
171
177
168
182
205
257
299
332
363
421
514
596
649
812
871
985
1087
1101
1217
1353
1426
1415
1488
1445
1429
1337
1315
1162
1122
1004
922
786
704
644
512
451
401
341
283
236
222
207
198
179
206
153
169
145
167
175
137
130
145
142
147
148
172
167
177
147
155
140
157
156
161
155
165
161
160
165
170
192
174
166
166
157
191
199
164
157
189
199
203
211
190
214
201
183
182
211
214
209
205
207
202
200
218
196
201
213
189
201
225
193
226
213
202
219
232
213
215
214
254
247
199
240
248
232
263
251
255
236
266
260
269
255
239
278
247
240
241
243
264
292
233
260
260
234
238
288
240
248
239
251
267
221
229
261
252
225
245
249
245
236
241
235
229
216
214
214
215
220
221
241
220
232
246
215
187
211
198
180
235
206
234
215
190
204
199
170
198
206
203
210
196
187
179
203
219
174
189
224
194
209
204
155
196
184
186
214
173
180
202
191
203
180
161
186
195
184
173
190
175
174
188
180
190
206
215
190
170
200
183
182
194
194
199
163
214
199
225
189
190
189
195
181
191
196
198
179
199
180
218
210
214
213
197
212
204
199
190
193
210
216
211
163
180
207
177
200
198
219
211
189
198
216
220
232
198
226
189
192
198
213
203
207
198
212
200
212
189
211
219
219
191
221
219
204
225
206
174
198
223
206
205
219
211
220
202
212
216
222
197
231
201
221
232
222
233
203
219
213
229
235
205
199
208
238
191
225
230
222
225
234
212
193
216
203
216
238
233
205
226
224
251
237
199
227
224
199
234
214
206
241
243
209
219
222
251
218
242
240
238
249
230
211
227
210
227
223
246
221
236
244
256
229
236
226
241
223
230
274
232
222
236
251
224
235
255
207
251
258
218
243
229
270
229
252
267
230
241
235
230
228
267
246
236
244
242
259
245
261
246
265
265
258
241
270
285
237
254
265
262
249
245
239
266
242
279
266
287
275
278
263
261
255
249
286
278
264
288
252
306
272
290
273
265
257
287
272
269
275
279
295
279
299
258
268
239
292
300
286
288
256
323
294
301
322
283
295
303
290
302
321
288
293
300
307
293
298
310
321
281
315
309
288
312
319
289
296
307
299
297
293
268
293
281
285
364
283
287
301
275
257
296
302
298
280
311
283
299
326
318
313
290
294
289
289
263
259
331
252
282
284
293
275
275
291
281
269
291
286
316
301
293
278
298
267
267
281
279
245
297
255
281
289
269
248
291
260
246
282
263
269
268
266
270
241
255
265
278
267
246
266
261
247
248
269
276
279
258
253
247
268
256
276
250
238
265
265
258
243
258
275
253
252
262
249
254
239
259
242
302
255
221
257
239
242
264
256
220
262
249
239
226
243
277
252
259
239
283
264
253
268
249
257
244
237
234
262
215
254
211
230
250
247
246
255
261
250
218
262
235
264
265
233
257
238
244
262
244
231
278
251
285
244
282
254
237
244
233
250
278
272
227
260
275
242
239
232
257
250
233
228
266
251
241
245
250
235
243
226
231
262
213
256
267
249
245
256
279
259
239
235
238
260
251
230
259
276
249
243
247
230
246
225
244
238
230
255
246
231
237
246
268
255
223
285
262
285
256
261
238
236
263
248
240
256
253
270
236
258
263
249
250
240
237
244
233
225
246
247
238
273
250
255
271
273
242
254
232
260
279
272
237
247
249
246
251
267
221
235
240
268
251
257
239
245
262
281
247
283
239
240
254
254
277
240
265
290
264
278
284
259
276
280
258
288
295
267
291
290
256
285
305
299
279
305
285
291
242
276
281
305
287
312
304
273
308
312
289
274
336
336
311
318
324
320
288
342
301
337
342
382
381
342
363
363
332
355
375
337
388
327
389
376
370
378
346
345
388
410
392
387
414
410
416
423
430
408
441
455
450
505
468
502
501
503
556
500
499
583
573
564
610
561
627
685
688
710
694
724
759
700
838
750
836
925
895
982
997
962
1030
1037
1095
1068
1088
1123
1147
1135
1246
1214
1293
1347
1323
1294
1347
1358
1348
1304
1413
1439
1455
1453
1415
1457
1527
1379
1433
1384
1473
1480
1483
1372
1398
1349
1312
1322
1313
1355
1272
1284
1230
1207
1218
1179
1118
1121
1068
993
962
1015
917
907
887
826
850
827
794
750
715
709
672
615
597
625
624
539
534
523
519
528
501
462
495
447
438
428
441
404
405
375
379
367
383
366
351
354
312
307
337
317
336
291
282
291
274
287
297
303
270
266
267
235
264
266
228
266
236
213
242
220
219
251
221
232
226
219
195
230
240
227
218
217
241
222
237
237
256
237
275
234
265
304
272
305
322
302
309
340
338
357
378
361
423
401
432
390
466
429
402
451
405
438
426
462
412
419
421
411
393
369
418
341
321
292
299
273
285
263
237
242
232
223
215
180
208
223
166
175
165
144
148
159
127
145
147
154
176
125
151
143
157
175
152
153
164
150
138
159
161
182
138
176
169
146
174
184
183
188
160
186
188
178
249
180
181
205
185
176
203
230
211
195
219
227
223
218
189
224
215
250
235
225
228
230
255
231
254
233
253
241
265
241
239
256
263
265
245
270
246
236
223
268
271
244
255
244
249
235
238
241
236
232
245
217
229
227
203
227
206
208
214
209
192
187
188
192
180
204
175
156
159
165
174
152
150
151
134
155
145
170
135
135
142
134
120
126
142
118
109
118
119
141
97
102
123
106
96
99
93
82
99
109
107
79
96
83
85
87
90
87
88
83
97
78
89
91
93
70
77
95
91
67
82
73
69
83
65
74
64
75
74
82
66
62
78
58
72
72
53
73
79
67
71
75
90
58
69
66
76
71
50
72
64
55
67
64
51
49
59
43
53
74
54
46
55
44
56
39
67
73
48
62
49
55
56
60
54
58
66
69
63
74
65
71
73
72
52
71
73
69
69
76
79
76
85
71
89
65
74
79
75
68
70
71
68
59
67
59
68
50
49
48
62
46
42
45
44
62
42
37
41
47
46
45
42
39
41
43
45
43
36
41
46
41
54
41
36
46
37
59
35
48
35
49
42
43
43
37
34
33
48
49
36
44
45
42
42
32
41
35
36
39
33
34
33
43
30
45
37
32
35
29
28
43
24
36
27
24
30
42
30
31
28
34
31
33
36
36
30
37
32
30
29
31
38
29
36
30
31
22
30
31
29
36
34
37
27
36
22
32
26
33
32
22
35
39
40
39
28
36
34
36
39
31
33
29
34
34
29
39
41
41
29
29
27
28
35
29
31
26
31
26
30
32
36
24
28
31
29
17
36
37
30
28
22
19
31
34
29
21
31
22
18
28
27
31
30
26
35
36
18
23
24
31
29
25
34
23
20
21
21
26
25
18
24
29
34
29
25
32
26
24
24
26
25
32
20
31
24
19
22
30
26
29
23
21
24
23
20
25
22
24
25
20
25
25
22
32
17
27
23
16
25
17
20
26
27
28
38
27
13
23
23
21
22
22
30
23
25
20
26
24
21
10
15
26
21
16
24
21
19
24
27
23
16
29
22
15
23
13
30
21
23
20
19
22
18
18
22
18
20
19
24
18
17
16
19
19
22
19
21
23
18
15
26
14
18
23
22
15
13
18
22
28
16
24
11
19
20
19
12
15
15
22
21
15
27
20
18
13
23
20
25
18
15
21
18
18
16
12
14
14
20
14
16
18
14
15
21
21
19
19
15
19
22
22
11
9
16
21
20
16
21
10
10
20
11
18
20
9
12
11
22
16
14
18
20
8
17
12
21
20
16
29
13
19
15
14
19
12
21
14
15
23
23
16
19
16
19
10
13
20
20
21
15
14
11
13
16
10
22
21
10
13
16
12
18
17
9
20
20
13
21
16
20
20
11
30
18
14
14
17
9
7
18
8
15
13
16
9
12
14
16
10
8
17
9
13
10
10
18
15
13
15
12
19
11
17
7
11
13
15
9
13
15
18
19
14
17
17
15
6
5
6
8
16
10
15
12
13
6
13
12
15
12
6
8
14
12
9
7
10
11
7
14
9
9
14
9
11
13
9
14
14
12
9
11
11
12
10
14
15
10
14
12
6
9
10
7
10
9
8
19
4
11
13
8
9
10
9
1
15
14
8
5
10
7
7
18
15
9
10
19
9
11
12
12
11
9
11
10
10
10
11
15
10
11
9
15
17
9
10
9
10
8
14
10
12
7
11
14
9
10
11
14
11
8
12
10
9
8
7
13
10
11
10
10
8
8
6
11
8
17
8
18
13
1
13
8
8
5
12
6
7
5
8
4
14
9
5
8
9
7
7
12
9
6
5
9
12
5
7
9
9
7
10
9
10
8
6
5
7
7
5
2
4
6
10
12
6
9
11
6
8
10
5
3
7
13
5
6
8
7
9
8
10
10
9
3
3
7
14
11
6
7
8
12
11
6
7
7
6
9
8
4
2
4
6
4
11
7
7
12
5
6
8
12
8
11
6
7
5
8
8
3
4
5
5
4
6
7
4
6
10
7
8
10
3
5
10
5
2
6
9
8
6
4
5
7
7
1
4
5
4
4
4
7
7
5
9
2
6
9
1
6
5
4
11
3
7
5
4
4
1
6
7
8
7
6
2
7
2
10
4
4
10
10
5
3
5
6
4
8
4
6
3
4
5
6
2
3
5
2
6
5
3
6
2
5
3
6
5
8
5
1
6
10
6
0
7
3
4
7
3
0
7
2
7
1
7
8
2
5
7
3
5
3
6
2
4
2
10
2
4
2
5
6
2
5
5
3
1
4
7
5
4
7
2
1
4
4
2
3
5
1
5
4
6
4
4
2
4
2
6
5
6
3
4
6
5
7
5
4
4
3
2
4
7
3
4
1
5
3
5
2
1
5
5
1
2
2
3
3
3
1
5
5
4
3
5
4
9
6
2
4
2
0
5
4
3
3
3
6
5
1
2
3
5
7
2
4
3
1
3
3
4
1
1
5
4
4
1
1
3
4
4
2
3
6
5
5
5
5
0
3
3
3
2
1
4
6
2
3
4
0
3
6
4
5
0
1
5
4
4
1
1
3
1
3
5
3
3
1
3
3
1
2
5
4
3
4
0
4
2
4
3
4
8
1
4
3
2
2
3
1
1
4
2
2
1
3
9
3
3
2
1
4
4
4
2
2
1
2
4
1
2
1
1
2
1
4
5
3
2
6
3
1
0
3
3
1
4
3
3
4
3
3
0
0
0
1
0
1
1
3
2
1
1
0
1
2
1
3
4
4
2
1
0
0
2
3
3
5
1
0
3
3
0
4
1
0
0
3
1
1
1
1
4
3
5
3
0
1
2
4
2
0
2
3
4
4
0
0
2
1
1
1
2
3
0
1
2
3
3
2
0
2
2
1
3
1
2
1
2
1
0
2
4
0
1
0
2
0
1
1
2
0
1
1
1
1
0
2
4
0
2
0
2
2
1
1
0
1
1
1
3
2
3
0
2
2
3
3
1
1
3
1
1
2
0
1
1
1
0
1
1
1
0
0
1
2
0
1
2
0
1
1
2
1
0
1
1
2
3
1
3
1
2
0
1
0
2
1
1
1
1
0
4
3
3
0
1
1
0
1
1
1
1
1
4
1
0
1
1
0
0
1
5
0
2
2
4
0
0
0
0
0
1
0
1
1
1
6
1
1
1
2
2
2
1
2
2
2
2
5
0
1
0
0
1
1
0
1
1
4
3
1
2
4
1
1
0
1
3
0
1
1
0
0
1
1
0
1
2
1
3
1
1
2
1
0
2
3
0
0
0
2
2
4
3
0
0
0
0
0
3
3
1
1
0
2
1
1
0
1
1
1
2
0
1
1
0
1
0
0
0
0
0
2
0
2
1
1
0
1
0
0
2
0
0
1
3
1
2
0
1
1
1
1
3
0
1
2
1
1
0
1
0
2
1
1
1
1
0
1
1
1
0
0
1
1
1
0
0
0
0
0
1
0
1
1
2
2
1
0
3
0
1
0
1
0
1
0
1
2
0
1
1
0
1
0
1
0
1
0
1
1
0
1
0
1
0
0
2
0
0
1
0
1
1
0
0
1
0
0
1
1
2
0
1
0
1
1
1
0
0
1
0
2
0
1
0
0
1
0
1
0
1
0
1
0
1
1
0
0
1
0
2
0
0
1
1
1
1
0
1
4
2
1
0
2
1
0
0
0
1
0
0
0
1
1
1
2
2
0
0
2
0
1
0
2
1
0
0
1
0
0
0
1
0
1
1
0
0
0
0
0
0
0
1
1
0
1
0
1
0
1
0
0
0
0
0
1
2
1
1
2
0
2
1
1
0
1
0
1
0
2
1
0
0
0
0
0
0
1
1
0
0
1
1
0
1
0
0
0
0
0
0
0
0
1
1
0
2
2
0
1
0
1
0
1
0
2
0
1
0
2
0
0
0
1
0
2
1
0
0
0
0
1
0
0
0
0
3
0
0
0
0
0
0
0
1
1
0
1
1
1
0
0
0
1
0
0
0
2
0
0
0
1
0
0
1
1
0
1
1
0
1
2
0
0
1
0
0
0
0
0
0
0
0
0
0
0
0
0
0
0
0
0
1
0
0
0
1
0
0
0
0
0
0
1
0
0
0
1
1
0
1
0
0
1
0
0
0
1
0
1
0
0
0
0
0
0
1
0
0
0
0
1
0
0
0
0
0
1
0
0
1
1
1
1
0
0
0
0
0
0
1
0
0
1
0
0
0
0
0
0
0
0
0
0
1
0
0
0
0
0
0
0
0
0
0
0
0
0
0
0
1
0
0
1
0
0
0
0
1
0
0
1
0
0
0
0
0
0
0
0
0
0
0
1
0
1
0
0
0
0
0
0
0
0
1
0
0
